143.0,144.0,173.0,175.0,210.0,226.0,226.0,263.0,296.0,371.0,373.0,394.0,404.0,423.0,423.0,433.0,461.0,506.0,561.0,570.0,574.0,574.0,600.0,615.0,691.0,722.0,770.0,795.0,801.0,821.0,824.0,919.0,993.0,
34.0,35.0,36.0,44.0,81.0,84.0,94.0,120.0,156.0,178.0,180.0,198.0,217.0,242.0,246.0,284.0,317.0,321.0,349.0,450.0,497.0,526.0,568.0,573.0,685.0,734.0,736.0,798.0,816.0,826.0,834.0,865.0,870.0,903.0,929.0,969.0,993.0,
7.0,10.0,17.0,53.0,74.0,104.0,142.0,166.0,180.0,190.0,233.0,248.0,264.0,270.0,354.0,374.0,470.0,492.0,540.0,578.0,597.0,627.0,710.0,743.0,749.0,755.0,758.0,783.0,870.0,890.0,918.0,934.0,935.0,
50.0,58.0,103.0,111.0,141.0,158.0,197.0,210.0,255.0,272.0,273.0,276.0,286.0,312.0,418.0,446.0,467.0,468.0,477.0,490.0,526.0,533.0,565.0,572.0,664.0,666.0,667.0,776.0,811.0,831.0,842.0,865.0,883.0,901.0,949.0,
33.0,53.0,66.0,66.0,97.0,118.0,122.0,190.0,190.0,217.0,260.0,270.0,277.0,316.0,349.0,378.0,514.0,546.0,559.0,576.0,591.0,605.0,693.0,706.0,717.0,740.0,759.0,762.0,797.0,801.0,840.0,843.0,875.0,880.0,900.0,950.0,980.0,988.0,996.0,
54.0,95.0,112.0,112.0,132.0,153.0,166.0,201.0,254.0,312.0,327.0,381.0,392.0,393.0,475.0,540.0,541.0,577.0,610.0,626.0,634.0,645.0,665.0,702.0,708.0,714.0,718.0,723.0,725.0,761.0,774.0,783.0,826.0,829.0,834.0,844.0,861.0,894.0,939.0,973.0,
22.0,27.0,62.0,74.0,100.0,118.0,143.0,218.0,240.0,277.0,315.0,340.0,361.0,443.0,490.0,491.0,498.0,599.0,604.0,638.0,651.0,662.0,677.0,736.0,737.0,767.0,794.0,828.0,863.0,876.0,920.0,925.0,966.0,985.0,997.0,
22.0,32.0,33.0,86.0,90.0,222.0,253.0,291.0,347.0,358.0,403.0,418.0,429.0,476.0,493.0,523.0,532.0,559.0,577.0,586.0,603.0,611.0,644.0,663.0,688.0,692.0,745.0,794.0,822.0,872.0,877.0,917.0,948.0,961.0,968.0,972.0,
3.0,29.0,32.0,36.0,42.0,62.0,95.0,149.0,159.0,246.0,291.0,295.0,297.0,351.0,381.0,410.0,432.0,437.0,437.0,472.0,491.0,520.0,532.0,587.0,595.0,606.0,649.0,656.0,746.0,766.0,768.0,854.0,882.0,916.0,
5.0,12.0,43.0,99.0,119.0,126.0,140.0,187.0,204.0,295.0,316.0,320.0,328.0,349.0,372.0,384.0,390.0,470.0,500.0,550.0,571.0,609.0,618.0,641.0,658.0,688.0,690.0,709.0,756.0,777.0,781.0,824.0,843.0,857.0,879.0,912.0,915.0,937.0,
175.0,199.0,225.0,249.0,255.0,276.0,303.0,347.0,356.0,374.0,431.0,449.0,506.0,557.0,576.0,651.0,683.0,688.0,695.0,735.0,832.0,865.0,885.0,914.0,939.0,1000.0,
6.0,16.0,18.0,39.0,45.0,110.0,144.0,268.0,315.0,343.0,346.0,378.0,402.0,464.0,491.0,511.0,562.0,575.0,586.0,619.0,631.0,711.0,716.0,728.0,743.0,819.0,865.0,905.0,911.0,958.0,970.0,980.0,987.0,992.0,
14.0,27.0,32.0,66.0,79.0,106.0,138.0,212.0,352.0,403.0,494.0,546.0,616.0,681.0,724.0,770.0,812.0,812.0,831.0,844.0,850.0,867.0,872.0,899.0,922.0,925.0,972.0,995.0,
25.0,26.0,66.0,123.0,134.0,149.0,172.0,180.0,224.0,247.0,270.0,275.0,310.0,343.0,346.0,400.0,402.0,440.0,465.0,494.0,513.0,518.0,569.0,630.0,634.0,649.0,672.0,677.0,689.0,690.0,696.0,699.0,710.0,734.0,804.0,805.0,830.0,860.0,862.0,867.0,896.0,929.0,970.0,
27.0,65.0,97.0,124.0,128.0,160.0,171.0,195.0,197.0,225.0,234.0,239.0,239.0,278.0,314.0,328.0,381.0,419.0,469.0,525.0,534.0,582.0,631.0,694.0,695.0,811.0,812.0,833.0,865.0,900.0,
45.0,48.0,52.0,71.0,108.0,110.0,112.0,156.0,162.0,251.0,278.0,288.0,289.0,293.0,300.0,313.0,326.0,331.0,368.0,434.0,472.0,483.0,505.0,510.0,530.0,576.0,588.0,609.0,622.0,693.0,733.0,750.0,826.0,894.0,910.0,948.0,
51.0,72.0,76.0,119.0,133.0,141.0,148.0,190.0,198.0,212.0,277.0,315.0,326.0,352.0,398.0,400.0,406.0,445.0,485.0,492.0,533.0,558.0,560.0,611.0,664.0,679.0,702.0,757.0,757.0,757.0,791.0,871.0,872.0,878.0,
7.0,57.0,57.0,66.0,133.0,140.0,206.0,221.0,263.0,312.0,334.0,347.0,353.0,358.0,393.0,436.0,449.0,467.0,497.0,561.0,588.0,648.0,648.0,649.0,649.0,649.0,702.0,757.0,763.0,764.0,787.0,799.0,805.0,831.0,831.0,836.0,890.0,897.0,915.0,917.0,941.0,970.0,981.0,1000.0,
23.0,75.0,79.0,90.0,169.0,174.0,196.0,224.0,230.0,253.0,268.0,349.0,375.0,389.0,392.0,414.0,438.0,441.0,446.0,472.0,506.0,528.0,538.0,599.0,615.0,649.0,670.0,696.0,704.0,715.0,729.0,763.0,772.0,853.0,868.0,937.0,991.0,
7.0,19.0,20.0,36.0,56.0,63.0,172.0,228.0,259.0,262.0,290.0,292.0,301.0,326.0,419.0,421.0,475.0,495.0,513.0,524.0,556.0,583.0,589.0,698.0,700.0,776.0,793.0,797.0,862.0,892.0,897.0,927.0,938.0,964.0,972.0,991.0,
9.0,53.0,121.0,151.0,158.0,179.0,237.0,270.0,285.0,294.0,378.0,432.0,437.0,459.0,489.0,542.0,578.0,627.0,680.0,693.0,715.0,770.0,772.0,780.0,841.0,921.0,957.0,974.0,997.0,
32.0,76.0,109.0,232.0,232.0,238.0,256.0,267.0,286.0,291.0,298.0,304.0,315.0,355.0,355.0,379.0,391.0,401.0,495.0,519.0,525.0,570.0,572.0,621.0,624.0,670.0,689.0,693.0,697.0,722.0,758.0,799.0,822.0,841.0,851.0,877.0,879.0,905.0,934.0,936.0,937.0,986.0,989.0,
20.0,20.0,79.0,126.0,126.0,127.0,127.0,222.0,226.0,264.0,276.0,331.0,337.0,355.0,369.0,394.0,414.0,415.0,468.0,469.0,480.0,557.0,574.0,592.0,617.0,629.0,633.0,651.0,654.0,682.0,856.0,898.0,906.0,930.0,993.0,
6.0,26.0,77.0,104.0,110.0,176.0,221.0,231.0,245.0,271.0,306.0,338.0,403.0,409.0,538.0,584.0,640.0,649.0,652.0,675.0,677.0,678.0,685.0,834.0,910.0,916.0,970.0,981.0,
11.0,53.0,60.0,71.0,91.0,149.0,150.0,170.0,174.0,185.0,229.0,232.0,246.0,259.0,281.0,285.0,350.0,403.0,545.0,782.0,875.0,931.0,933.0,962.0,994.0,
9.0,35.0,44.0,54.0,80.0,81.0,158.0,169.0,271.0,300.0,334.0,365.0,377.0,466.0,471.0,473.0,523.0,528.0,576.0,577.0,671.0,688.0,727.0,759.0,761.0,799.0,820.0,830.0,898.0,925.0,940.0,996.0,
31.0,55.0,68.0,105.0,109.0,116.0,139.0,155.0,161.0,183.0,304.0,311.0,357.0,431.0,452.0,503.0,506.0,532.0,537.0,663.0,684.0,685.0,730.0,758.0,761.0,773.0,866.0,887.0,919.0,976.0,1000.0,
5.0,6.0,40.0,48.0,130.0,190.0,223.0,270.0,275.0,280.0,282.0,284.0,301.0,309.0,337.0,386.0,386.0,398.0,437.0,461.0,480.0,516.0,600.0,648.0,665.0,690.0,703.0,784.0,886.0,998.0,
5.0,44.0,77.0,111.0,112.0,136.0,152.0,165.0,220.0,226.0,315.0,320.0,368.0,372.0,404.0,422.0,439.0,450.0,475.0,520.0,545.0,587.0,610.0,643.0,645.0,657.0,683.0,786.0,825.0,839.0,874.0,933.0,953.0,
12.0,30.0,38.0,56.0,84.0,103.0,161.0,167.0,171.0,293.0,383.0,398.0,411.0,427.0,441.0,463.0,526.0,551.0,560.0,598.0,676.0,679.0,679.0,716.0,841.0,847.0,850.0,856.0,884.0,888.0,940.0,945.0,953.0,
12.0,29.0,46.0,51.0,90.0,96.0,114.0,164.0,171.0,176.0,200.0,213.0,254.0,265.0,317.0,318.0,354.0,374.0,375.0,436.0,452.0,456.0,459.0,462.0,477.0,499.0,524.0,564.0,586.0,591.0,620.0,628.0,636.0,666.0,743.0,768.0,796.0,801.0,818.0,856.0,890.0,996.0,
75.0,95.0,144.0,163.0,183.0,255.0,315.0,325.0,407.0,584.0,595.0,654.0,655.0,668.0,701.0,729.0,729.0,738.0,759.0,765.0,783.0,820.0,853.0,885.0,916.0,987.0,990.0,
28.0,53.0,79.0,99.0,122.0,156.0,174.0,178.0,201.0,214.0,241.0,246.0,306.0,354.0,380.0,393.0,425.0,445.0,446.0,497.0,580.0,669.0,689.0,708.0,723.0,736.0,828.0,834.0,852.0,864.0,915.0,916.0,917.0,960.0,961.0,962.0,968.0,975.0,999.0,
15.0,26.0,72.0,82.0,115.0,129.0,138.0,176.0,235.0,242.0,252.0,337.0,348.0,359.0,423.0,461.0,484.0,540.0,545.0,545.0,564.0,567.0,585.0,593.0,692.0,808.0,818.0,844.0,844.0,871.0,959.0,
38.0,75.0,94.0,127.0,141.0,209.0,215.0,249.0,267.0,296.0,309.0,388.0,394.0,433.0,449.0,478.0,492.0,520.0,521.0,543.0,548.0,553.0,554.0,561.0,564.0,573.0,607.0,608.0,619.0,621.0,647.0,665.0,670.0,680.0,722.0,723.0,727.0,773.0,795.0,859.0,917.0,944.0,971.0,1000.0,1000.0,
10.0,72.0,112.0,118.0,119.0,179.0,209.0,241.0,246.0,324.0,337.0,338.0,350.0,398.0,399.0,413.0,419.0,452.0,465.0,483.0,524.0,536.0,539.0,539.0,541.0,542.0,543.0,543.0,547.0,555.0,561.0,564.0,568.0,587.0,608.0,613.0,635.0,642.0,655.0,685.0,694.0,696.0,706.0,707.0,708.0,719.0,749.0,773.0,792.0,796.0,826.0,831.0,883.0,884.0,891.0,922.0,944.0,945.0,952.0,976.0,995.0,1000.0,
42.0,55.0,69.0,140.0,175.0,177.0,222.0,243.0,245.0,302.0,316.0,345.0,399.0,413.0,430.0,468.0,509.0,510.0,519.0,525.0,534.0,537.0,544.0,552.0,563.0,565.0,572.0,575.0,585.0,589.0,591.0,635.0,638.0,658.0,672.0,684.0,687.0,720.0,721.0,758.0,758.0,762.0,765.0,776.0,788.0,812.0,818.0,822.0,858.0,881.0,882.0,905.0,909.0,909.0,909.0,911.0,917.0,920.0,921.0,963.0,981.0,983.0,
35.0,56.0,71.0,119.0,184.0,187.0,223.0,261.0,267.0,291.0,293.0,385.0,393.0,406.0,456.0,458.0,469.0,480.0,515.0,516.0,548.0,586.0,648.0,704.0,713.0,725.0,866.0,963.0,976.0,988.0,999.0,
49.0,72.0,184.0,206.0,218.0,285.0,286.0,293.0,303.0,311.0,364.0,396.0,402.0,419.0,423.0,485.0,504.0,533.0,542.0,552.0,585.0,631.0,660.0,676.0,723.0,737.0,760.0,819.0,831.0,864.0,912.0,922.0,
90.0,99.0,110.0,116.0,138.0,182.0,184.0,185.0,195.0,308.0,310.0,363.0,391.0,392.0,448.0,456.0,464.0,498.0,505.0,573.0,595.0,665.0,716.0,717.0,750.0,811.0,853.0,858.0,907.0,934.0,940.0,990.0,
18.0,74.0,74.0,89.0,106.0,108.0,126.0,133.0,140.0,191.0,205.0,228.0,255.0,311.0,361.0,397.0,410.0,446.0,484.0,565.0,592.0,622.0,655.0,685.0,742.0,810.0,821.0,834.0,862.0,926.0,996.0,
17.0,67.0,69.0,147.0,149.0,196.0,199.0,274.0,307.0,319.0,394.0,415.0,423.0,429.0,446.0,458.0,488.0,498.0,501.0,565.0,628.0,640.0,659.0,670.0,670.0,671.0,678.0,844.0,846.0,852.0,860.0,878.0,942.0,950.0,957.0,996.0,
78.0,101.0,148.0,159.0,200.0,228.0,259.0,281.0,287.0,310.0,312.0,312.0,314.0,321.0,326.0,348.0,359.0,414.0,426.0,436.0,464.0,478.0,482.0,487.0,535.0,604.0,691.0,709.0,709.0,750.0,755.0,755.0,778.0,782.0,802.0,809.0,817.0,844.0,858.0,904.0,925.0,982.0,987.0,
58.0,66.0,85.0,95.0,115.0,128.0,170.0,208.0,233.0,302.0,304.0,326.0,365.0,371.0,405.0,415.0,419.0,441.0,447.0,486.0,531.0,537.0,539.0,545.0,570.0,577.0,578.0,581.0,593.0,610.0,616.0,617.0,622.0,625.0,656.0,669.0,676.0,677.0,687.0,690.0,706.0,706.0,711.0,720.0,729.0,759.0,803.0,808.0,890.0,891.0,900.0,938.0,949.0,979.0,988.0,993.0,
9.0,18.0,29.0,32.0,32.0,93.0,100.0,131.0,134.0,182.0,204.0,216.0,330.0,439.0,441.0,442.0,481.0,515.0,517.0,517.0,523.0,534.0,543.0,544.0,544.0,544.0,564.0,568.0,571.0,574.0,582.0,604.0,624.0,624.0,627.0,647.0,693.0,698.0,704.0,712.0,713.0,721.0,722.0,736.0,754.0,760.0,777.0,787.0,815.0,834.0,839.0,850.0,850.0,925.0,927.0,949.0,969.0,973.0,975.0,980.0,997.0,
66.0,68.0,93.0,110.0,147.0,150.0,163.0,164.0,169.0,186.0,190.0,196.0,207.0,209.0,301.0,320.0,358.0,401.0,427.0,444.0,464.0,471.0,473.0,482.0,517.0,519.0,521.0,524.0,525.0,528.0,530.0,531.0,533.0,535.0,537.0,539.0,541.0,546.0,551.0,558.0,562.0,567.0,586.0,592.0,602.0,611.0,626.0,634.0,635.0,659.0,662.0,671.0,673.0,691.0,709.0,724.0,732.0,737.0,748.0,750.0,767.0,807.0,831.0,835.0,913.0,917.0,948.0,950.0,976.0,992.0,
8.0,22.0,81.0,137.0,141.0,192.0,202.0,216.0,239.0,246.0,250.0,278.0,279.0,327.0,333.0,342.0,352.0,356.0,430.0,454.0,498.0,501.0,514.0,526.0,528.0,529.0,529.0,543.0,544.0,547.0,551.0,557.0,559.0,560.0,566.0,575.0,582.0,583.0,584.0,600.0,606.0,617.0,619.0,621.0,622.0,622.0,646.0,649.0,663.0,668.0,691.0,697.0,713.0,725.0,730.0,733.0,735.0,750.0,762.0,785.0,788.0,791.0,842.0,858.0,868.0,869.0,879.0,898.0,945.0,964.0,
6.0,6.0,7.0,26.0,101.0,120.0,141.0,141.0,179.0,188.0,214.0,227.0,234.0,239.0,269.0,303.0,307.0,327.0,360.0,363.0,374.0,389.0,397.0,412.0,442.0,451.0,462.0,490.0,527.0,548.0,552.0,559.0,591.0,605.0,605.0,627.0,632.0,645.0,654.0,657.0,702.0,727.0,739.0,752.0,784.0,797.0,800.0,806.0,824.0,838.0,846.0,895.0,919.0,933.0,939.0,945.0,947.0,949.0,949.0,961.0,
2.0,9.0,24.0,55.0,115.0,117.0,160.0,174.0,204.0,212.0,287.0,332.0,408.0,415.0,430.0,434.0,459.0,466.0,468.0,496.0,534.0,538.0,554.0,644.0,668.0,676.0,697.0,744.0,755.0,780.0,892.0,979.0,983.0,
29.0,80.0,82.0,93.0,122.0,148.0,178.0,182.0,193.0,217.0,220.0,233.0,246.0,256.0,316.0,324.0,346.0,404.0,435.0,439.0,452.0,471.0,543.0,550.0,550.0,590.0,624.0,631.0,634.0,645.0,730.0,741.0,803.0,853.0,861.0,902.0,917.0,922.0,929.0,942.0,
57.0,59.0,75.0,89.0,121.0,126.0,141.0,257.0,261.0,316.0,325.0,372.0,391.0,515.0,579.0,585.0,608.0,613.0,631.0,645.0,694.0,748.0,810.0,830.0,894.0,898.0,903.0,904.0,954.0,974.0,
35.0,95.0,96.0,107.0,150.0,178.0,221.0,221.0,271.0,274.0,321.0,342.0,382.0,416.0,424.0,435.0,452.0,493.0,519.0,523.0,531.0,560.0,597.0,610.0,612.0,620.0,620.0,664.0,666.0,695.0,737.0,790.0,803.0,839.0,898.0,909.0,921.0,940.0,944.0,950.0,961.0,987.0,
9.0,12.0,35.0,60.0,194.0,202.0,332.0,401.0,409.0,429.0,452.0,493.0,509.0,523.0,675.0,734.0,762.0,816.0,836.0,889.0,929.0,974.0,
11.0,75.0,93.0,165.0,175.0,175.0,191.0,192.0,279.0,324.0,334.0,343.0,344.0,351.0,360.0,408.0,424.0,433.0,447.0,526.0,535.0,535.0,536.0,557.0,558.0,561.0,565.0,573.0,573.0,574.0,594.0,597.0,601.0,607.0,615.0,647.0,650.0,651.0,661.0,668.0,687.0,691.0,709.0,710.0,713.0,727.0,732.0,762.0,767.0,770.0,771.0,794.0,816.0,820.0,859.0,859.0,861.0,886.0,907.0,913.0,916.0,968.0,994.0,995.0,
11.0,23.0,48.0,90.0,187.0,202.0,207.0,255.0,259.0,263.0,270.0,274.0,284.0,290.0,297.0,304.0,331.0,393.0,399.0,430.0,452.0,474.0,493.0,523.0,529.0,530.0,532.0,534.0,544.0,550.0,562.0,563.0,565.0,569.0,575.0,598.0,611.0,613.0,623.0,623.0,627.0,627.0,630.0,632.0,659.0,661.0,677.0,698.0,699.0,703.0,704.0,716.0,738.0,746.0,758.0,760.0,765.0,774.0,783.0,784.0,802.0,815.0,820.0,823.0,830.0,839.0,866.0,878.0,889.0,889.0,895.0,916.0,924.0,932.0,950.0,962.0,965.0,994.0,
6.0,18.0,85.0,131.0,151.0,151.0,193.0,208.0,220.0,235.0,235.0,245.0,271.0,312.0,320.0,342.0,354.0,454.0,458.0,485.0,500.0,518.0,527.0,535.0,536.0,537.0,541.0,544.0,546.0,553.0,553.0,560.0,561.0,568.0,573.0,576.0,577.0,582.0,584.0,601.0,623.0,630.0,630.0,631.0,648.0,651.0,699.0,731.0,737.0,738.0,760.0,767.0,768.0,778.0,786.0,788.0,804.0,811.0,835.0,849.0,856.0,875.0,878.0,927.0,953.0,975.0,
2.0,20.0,21.0,58.0,90.0,106.0,115.0,128.0,231.0,243.0,252.0,293.0,337.0,349.0,358.0,359.0,447.0,447.0,453.0,485.0,497.0,525.0,530.0,553.0,554.0,555.0,557.0,558.0,564.0,571.0,589.0,623.0,623.0,630.0,650.0,656.0,657.0,663.0,685.0,686.0,714.0,727.0,736.0,748.0,759.0,799.0,825.0,826.0,832.0,848.0,861.0,864.0,891.0,891.0,894.0,908.0,912.0,913.0,935.0,940.0,940.0,954.0,
11.0,12.0,36.0,41.0,47.0,83.0,100.0,108.0,109.0,134.0,140.0,203.0,217.0,240.0,246.0,247.0,263.0,265.0,272.0,283.0,289.0,291.0,311.0,332.0,358.0,435.0,445.0,470.0,475.0,493.0,497.0,502.0,520.0,528.0,531.0,532.0,542.0,542.0,555.0,556.0,562.0,565.0,574.0,576.0,584.0,589.0,603.0,613.0,636.0,640.0,643.0,647.0,671.0,685.0,690.0,694.0,696.0,741.0,761.0,774.0,777.0,781.0,783.0,819.0,837.0,843.0,885.0,887.0,917.0,927.0,928.0,943.0,959.0,980.0,980.0,
3.0,65.0,67.0,179.0,201.0,221.0,322.0,344.0,349.0,355.0,370.0,379.0,405.0,406.0,475.0,495.0,519.0,540.0,541.0,622.0,654.0,693.0,697.0,710.0,746.0,770.0,826.0,853.0,883.0,915.0,916.0,
5.0,34.0,149.0,171.0,192.0,241.0,275.0,293.0,340.0,359.0,371.0,381.0,416.0,455.0,519.0,531.0,543.0,570.0,586.0,593.0,623.0,666.0,672.0,809.0,920.0,
12.0,15.0,24.0,61.0,73.0,87.0,140.0,152.0,160.0,165.0,180.0,204.0,238.0,360.0,427.0,436.0,492.0,504.0,505.0,506.0,526.0,532.0,556.0,558.0,571.0,635.0,819.0,832.0,956.0,956.0,973.0,986.0,989.0,
20.0,70.0,111.0,112.0,117.0,142.0,148.0,195.0,197.0,200.0,202.0,225.0,297.0,298.0,332.0,374.0,386.0,391.0,402.0,417.0,453.0,470.0,512.0,516.0,589.0,598.0,684.0,706.0,722.0,825.0,849.0,942.0,944.0,994.0,
8.0,11.0,22.0,26.0,35.0,129.0,157.0,167.0,210.0,229.0,324.0,361.0,365.0,372.0,395.0,403.0,465.0,531.0,540.0,554.0,565.0,622.0,676.0,743.0,798.0,867.0,891.0,918.0,
9.0,47.0,69.0,88.0,94.0,104.0,125.0,126.0,146.0,193.0,273.0,320.0,382.0,414.0,443.0,467.0,467.0,469.0,501.0,502.0,516.0,522.0,542.0,544.0,546.0,554.0,559.0,568.0,574.0,582.0,584.0,589.0,617.0,620.0,645.0,649.0,652.0,658.0,665.0,680.0,681.0,686.0,706.0,708.0,711.0,723.0,738.0,744.0,745.0,760.0,767.0,771.0,853.0,863.0,938.0,971.0,976.0,985.0,998.0,
11.0,11.0,32.0,115.0,153.0,155.0,201.0,201.0,202.0,220.0,260.0,261.0,291.0,337.0,363.0,370.0,377.0,388.0,406.0,415.0,416.0,448.0,489.0,498.0,526.0,528.0,535.0,537.0,550.0,553.0,553.0,555.0,569.0,570.0,570.0,581.0,587.0,594.0,597.0,601.0,615.0,625.0,630.0,635.0,654.0,655.0,659.0,697.0,716.0,717.0,737.0,764.0,791.0,793.0,822.0,839.0,853.0,865.0,872.0,881.0,883.0,883.0,892.0,927.0,929.0,929.0,945.0,951.0,956.0,993.0,1000.0,
5.0,18.0,76.0,78.0,116.0,118.0,159.0,192.0,198.0,222.0,226.0,241.0,250.0,283.0,292.0,326.0,342.0,397.0,408.0,430.0,449.0,521.0,529.0,534.0,538.0,540.0,541.0,542.0,545.0,547.0,568.0,571.0,584.0,589.0,591.0,607.0,618.0,626.0,630.0,640.0,656.0,676.0,679.0,681.0,684.0,697.0,703.0,708.0,718.0,729.0,731.0,757.0,766.0,804.0,808.0,811.0,824.0,843.0,849.0,856.0,857.0,868.0,869.0,869.0,871.0,929.0,934.0,944.0,961.0,974.0,983.0,994.0,
2.0,7.0,51.0,130.0,134.0,187.0,267.0,315.0,330.0,430.0,437.0,457.0,491.0,503.0,514.0,542.0,552.0,553.0,557.0,559.0,566.0,567.0,569.0,573.0,576.0,577.0,594.0,601.0,605.0,610.0,616.0,618.0,619.0,644.0,652.0,654.0,673.0,679.0,686.0,701.0,731.0,739.0,751.0,770.0,788.0,794.0,803.0,816.0,839.0,849.0,854.0,882.0,902.0,907.0,916.0,918.0,949.0,951.0,966.0,
17.0,18.0,18.0,46.0,60.0,168.0,178.0,214.0,252.0,314.0,317.0,356.0,358.0,374.0,380.0,393.0,407.0,432.0,443.0,445.0,469.0,512.0,519.0,529.0,530.0,539.0,542.0,549.0,552.0,554.0,555.0,564.0,586.0,598.0,603.0,622.0,622.0,639.0,656.0,671.0,695.0,720.0,720.0,735.0,768.0,793.0,819.0,822.0,823.0,862.0,867.0,878.0,884.0,899.0,924.0,
4.0,14.0,29.0,75.0,102.0,108.0,121.0,153.0,173.0,175.0,230.0,308.0,314.0,329.0,355.0,390.0,426.0,511.0,560.0,594.0,719.0,745.0,758.0,821.0,840.0,843.0,870.0,962.0,
20.0,35.0,64.0,89.0,120.0,138.0,146.0,206.0,213.0,242.0,246.0,260.0,264.0,274.0,316.0,369.0,418.0,487.0,505.0,534.0,578.0,589.0,606.0,613.0,621.0,624.0,632.0,652.0,688.0,694.0,713.0,770.0,771.0,840.0,852.0,897.0,973.0,
14.0,52.0,104.0,141.0,158.0,245.0,256.0,284.0,332.0,363.0,398.0,431.0,469.0,523.0,539.0,542.0,610.0,649.0,656.0,712.0,728.0,748.0,749.0,808.0,830.0,843.0,849.0,884.0,898.0,
64.0,79.0,90.0,168.0,206.0,238.0,268.0,285.0,297.0,299.0,318.0,330.0,334.0,337.0,345.0,350.0,359.0,363.0,388.0,394.0,423.0,505.0,551.0,556.0,705.0,774.0,782.0,860.0,872.0,893.0,938.0,940.0,949.0,974.0,978.0,
44.0,63.0,82.0,82.0,86.0,132.0,182.0,185.0,192.0,255.0,266.0,280.0,305.0,355.0,387.0,393.0,395.0,463.0,467.0,511.0,538.0,542.0,621.0,642.0,651.0,719.0,781.0,796.0,918.0,943.0,955.0,975.0,
24.0,48.0,58.0,71.0,72.0,73.0,104.0,187.0,220.0,227.0,270.0,318.0,333.0,345.0,348.0,387.0,405.0,425.0,438.0,471.0,475.0,493.0,505.0,515.0,531.0,532.0,546.0,564.0,567.0,571.0,622.0,631.0,648.0,665.0,679.0,682.0,706.0,709.0,721.0,723.0,803.0,862.0,878.0,919.0,926.0,937.0,
41.0,66.0,69.0,132.0,135.0,156.0,213.0,220.0,240.0,263.0,266.0,301.0,311.0,349.0,352.0,392.0,434.0,475.0,480.0,487.0,487.0,526.0,527.0,530.0,533.0,556.0,556.0,566.0,573.0,577.0,587.0,587.0,594.0,595.0,610.0,612.0,618.0,620.0,621.0,621.0,630.0,643.0,643.0,653.0,677.0,681.0,709.0,733.0,740.0,745.0,749.0,764.0,771.0,807.0,823.0,841.0,844.0,874.0,884.0,926.0,958.0,
24.0,81.0,113.0,165.0,186.0,188.0,210.0,259.0,268.0,308.0,327.0,339.0,378.0,438.0,444.0,462.0,469.0,489.0,537.0,542.0,543.0,570.0,578.0,589.0,589.0,596.0,602.0,614.0,615.0,615.0,631.0,639.0,643.0,652.0,678.0,684.0,691.0,694.0,704.0,719.0,725.0,727.0,747.0,774.0,790.0,796.0,798.0,805.0,807.0,808.0,812.0,827.0,874.0,875.0,892.0,894.0,897.0,909.0,921.0,930.0,962.0,974.0,979.0,986.0,988.0,996.0,
32.0,38.0,89.0,91.0,100.0,114.0,156.0,164.0,167.0,188.0,215.0,227.0,233.0,235.0,244.0,246.0,317.0,338.0,358.0,488.0,489.0,531.0,536.0,548.0,555.0,557.0,564.0,569.0,583.0,589.0,589.0,596.0,602.0,611.0,657.0,686.0,700.0,705.0,710.0,714.0,761.0,773.0,780.0,783.0,801.0,821.0,865.0,868.0,873.0,927.0,928.0,967.0,980.0,990.0,992.0,996.0,
24.0,61.0,117.0,139.0,142.0,144.0,190.0,230.0,251.0,257.0,265.0,292.0,306.0,318.0,326.0,374.0,376.0,378.0,378.0,445.0,447.0,482.0,487.0,490.0,496.0,505.0,520.0,527.0,535.0,547.0,547.0,549.0,559.0,560.0,562.0,573.0,583.0,597.0,604.0,623.0,625.0,634.0,666.0,701.0,747.0,764.0,781.0,863.0,952.0,984.0,
17.0,28.0,29.0,35.0,57.0,130.0,140.0,146.0,219.0,233.0,257.0,259.0,278.0,357.0,401.0,443.0,460.0,521.0,553.0,656.0,740.0,740.0,780.0,874.0,888.0,890.0,910.0,
35.0,90.0,99.0,107.0,110.0,165.0,171.0,181.0,187.0,196.0,262.0,339.0,393.0,408.0,459.0,468.0,513.0,543.0,545.0,562.0,599.0,612.0,631.0,685.0,690.0,727.0,728.0,751.0,756.0,762.0,767.0,785.0,841.0,867.0,909.0,924.0,994.0,
41.0,95.0,101.0,111.0,123.0,127.0,189.0,211.0,213.0,253.0,256.0,280.0,285.0,343.0,345.0,383.0,401.0,410.0,421.0,444.0,474.0,524.0,530.0,540.0,541.0,570.0,597.0,608.0,640.0,657.0,690.0,692.0,698.0,706.0,763.0,766.0,780.0,792.0,808.0,813.0,821.0,912.0,998.0,
66.0,112.0,119.0,120.0,136.0,154.0,159.0,214.0,247.0,266.0,291.0,296.0,317.0,327.0,335.0,400.0,413.0,470.0,489.0,503.0,519.0,570.0,593.0,604.0,611.0,621.0,626.0,660.0,711.0,712.0,739.0,831.0,833.0,847.0,854.0,901.0,909.0,933.0,942.0,954.0,966.0,981.0,
7.0,60.0,70.0,126.0,170.0,221.0,267.0,364.0,388.0,404.0,405.0,437.0,456.0,469.0,552.0,566.0,607.0,645.0,720.0,721.0,749.0,776.0,780.0,796.0,804.0,823.0,824.0,826.0,929.0,963.0,975.0,
13.0,27.0,52.0,94.0,99.0,130.0,164.0,191.0,193.0,203.0,240.0,259.0,292.0,298.0,328.0,337.0,381.0,401.0,460.0,470.0,482.0,492.0,507.0,549.0,553.0,571.0,610.0,669.0,710.0,905.0,943.0,
24.0,83.0,88.0,91.0,136.0,150.0,156.0,177.0,195.0,195.0,208.0,253.0,288.0,303.0,320.0,348.0,469.0,471.0,504.0,513.0,526.0,641.0,673.0,715.0,744.0,779.0,822.0,839.0,867.0,910.0,920.0,958.0,985.0,991.0,996.0,
7.0,86.0,111.0,116.0,124.0,176.0,181.0,182.0,186.0,221.0,285.0,300.0,307.0,462.0,465.0,495.0,503.0,518.0,529.0,541.0,572.0,633.0,640.0,670.0,673.0,732.0,771.0,880.0,887.0,
14.0,15.0,33.0,42.0,53.0,85.0,115.0,119.0,141.0,155.0,170.0,228.0,267.0,267.0,281.0,282.0,309.0,432.0,439.0,496.0,499.0,538.0,547.0,556.0,570.0,649.0,687.0,716.0,827.0,882.0,923.0,973.0,978.0,988.0,
23.0,24.0,89.0,112.0,128.0,137.0,184.0,189.0,200.0,206.0,209.0,243.0,243.0,249.0,273.0,276.0,394.0,398.0,411.0,431.0,435.0,549.0,584.0,622.0,632.0,665.0,674.0,683.0,747.0,748.0,762.0,819.0,831.0,867.0,891.0,921.0,931.0,
24.0,24.0,57.0,66.0,73.0,128.0,130.0,166.0,184.0,215.0,224.0,245.0,305.0,315.0,317.0,332.0,339.0,343.0,350.0,359.0,360.0,376.0,381.0,409.0,414.0,426.0,462.0,487.0,555.0,595.0,616.0,651.0,671.0,676.0,764.0,784.0,794.0,801.0,811.0,836.0,854.0,897.0,925.0,944.0,948.0,976.0,
82.0,119.0,217.0,224.0,239.0,308.0,315.0,321.0,338.0,338.0,395.0,405.0,474.0,492.0,499.0,523.0,537.0,566.0,568.0,579.0,582.0,597.0,603.0,633.0,648.0,673.0,707.0,739.0,779.0,816.0,817.0,824.0,827.0,833.0,839.0,840.0,847.0,855.0,914.0,978.0,979.0,
64.0,67.0,118.0,120.0,152.0,219.0,234.0,325.0,379.0,399.0,402.0,416.0,426.0,449.0,474.0,550.0,561.0,567.0,585.0,608.0,612.0,640.0,649.0,671.0,701.0,730.0,768.0,798.0,810.0,813.0,832.0,853.0,931.0,931.0,941.0,954.0,985.0,
14.0,58.0,81.0,107.0,142.0,163.0,169.0,261.0,283.0,295.0,301.0,328.0,350.0,365.0,390.0,413.0,457.0,459.0,483.0,507.0,509.0,520.0,570.0,584.0,656.0,705.0,781.0,790.0,818.0,819.0,867.0,957.0,
58.0,60.0,128.0,146.0,148.0,149.0,183.0,206.0,236.0,248.0,279.0,308.0,333.0,338.0,339.0,392.0,424.0,485.0,502.0,530.0,541.0,542.0,547.0,548.0,556.0,572.0,613.0,618.0,625.0,678.0,683.0,698.0,725.0,727.0,790.0,828.0,907.0,912.0,
7.0,72.0,91.0,101.0,110.0,166.0,181.0,288.0,340.0,347.0,374.0,374.0,531.0,576.0,595.0,602.0,652.0,672.0,677.0,809.0,835.0,862.0,863.0,901.0,957.0,966.0,986.0,
7.0,36.0,95.0,168.0,169.0,174.0,222.0,280.0,302.0,323.0,327.0,342.0,353.0,366.0,408.0,452.0,540.0,562.0,623.0,649.0,734.0,761.0,779.0,809.0,814.0,819.0,820.0,856.0,984.0,997.0,
59.0,93.0,97.0,104.0,110.0,114.0,125.0,182.0,193.0,199.0,199.0,254.0,259.0,286.0,339.0,450.0,463.0,512.0,550.0,570.0,615.0,632.0,648.0,693.0,698.0,717.0,758.0,780.0,793.0,804.0,805.0,869.0,913.0,955.0,958.0,999.0,
3.0,82.0,89.0,115.0,124.0,126.0,138.0,143.0,205.0,220.0,233.0,312.0,375.0,478.0,511.0,529.0,551.0,589.0,661.0,678.0,721.0,756.0,762.0,783.0,887.0,987.0,994.0,
10.0,12.0,19.0,33.0,55.0,112.0,121.0,210.0,222.0,238.0,256.0,277.0,442.0,481.0,497.0,511.0,517.0,530.0,546.0,554.0,560.0,591.0,592.0,612.0,657.0,666.0,690.0,707.0,748.0,749.0,807.0,821.0,884.0,921.0,927.0,962.0,980.0,986.0,
69.0,128.0,226.0,229.0,317.0,335.0,405.0,435.0,453.0,508.0,513.0,557.0,559.0,626.0,633.0,687.0,690.0,780.0,785.0,786.0,797.0,804.0,807.0,819.0,840.0,854.0,854.0,879.0,885.0,887.0,892.0,902.0,918.0,957.0,
33.0,64.0,73.0,78.0,87.0,90.0,162.0,186.0,210.0,223.0,262.0,277.0,280.0,331.0,452.0,453.0,485.0,504.0,551.0,580.0,619.0,667.0,697.0,711.0,720.0,737.0,752.0,787.0,906.0,926.0,934.0,937.0,959.0,992.0,995.0,
