17.0,18.0,22.0,116.0,178.0,187.0,209.0,236.0,245.0,281.0,314.0,319.0,401.0,419.0,429.0,467.0,489.0,525.0,550.0,586.0,626.0,680.0,783.0,794.0,799.0,865.0,886.0,967.0,
90.0,94.0,101.0,176.0,249.0,260.0,262.0,271.0,279.0,291.0,420.0,449.0,496.0,502.0,522.0,533.0,539.0,546.0,558.0,580.0,654.0,689.0,709.0,738.0,767.0,768.0,789.0,789.0,802.0,817.0,823.0,833.0,842.0,849.0,861.0,872.0,891.0,912.0,952.0,954.0,996.0,
11.0,62.0,64.0,159.0,160.0,196.0,211.0,216.0,217.0,221.0,254.0,333.0,356.0,371.0,374.0,380.0,386.0,408.0,451.0,476.0,485.0,508.0,519.0,524.0,653.0,663.0,671.0,672.0,688.0,704.0,716.0,733.0,737.0,737.0,739.0,759.0,761.0,818.0,819.0,826.0,828.0,859.0,862.0,876.0,932.0,942.0,947.0,968.0,968.0,971.0,984.0,984.0,
10.0,10.0,26.0,56.0,62.0,160.0,165.0,194.0,211.0,257.0,272.0,276.0,332.0,355.0,357.0,401.0,421.0,433.0,453.0,469.0,508.0,524.0,551.0,555.0,576.0,614.0,674.0,677.0,757.0,807.0,839.0,919.0,
39.0,53.0,60.0,61.0,66.0,85.0,91.0,121.0,138.0,144.0,153.0,213.0,252.0,254.0,262.0,275.0,331.0,334.0,334.0,341.0,354.0,374.0,381.0,422.0,434.0,477.0,487.0,502.0,524.0,554.0,589.0,595.0,629.0,697.0,729.0,735.0,799.0,829.0,835.0,891.0,897.0,902.0,937.0,
11.0,43.0,102.0,126.0,127.0,140.0,189.0,196.0,221.0,299.0,314.0,319.0,324.0,333.0,344.0,446.0,457.0,462.0,492.0,500.0,557.0,577.0,603.0,632.0,675.0,691.0,714.0,719.0,756.0,772.0,814.0,830.0,850.0,877.0,892.0,899.0,927.0,932.0,957.0,
54.0,106.0,133.0,155.0,184.0,199.0,223.0,264.0,295.0,331.0,401.0,428.0,446.0,478.0,499.0,511.0,559.0,612.0,650.0,651.0,671.0,712.0,765.0,766.0,769.0,784.0,881.0,899.0,926.0,974.0,
13.0,18.0,41.0,64.0,66.0,90.0,144.0,146.0,176.0,176.0,185.0,206.0,221.0,242.0,249.0,292.0,304.0,319.0,361.0,382.0,408.0,433.0,482.0,501.0,528.0,557.0,671.0,683.0,696.0,703.0,722.0,733.0,788.0,788.0,820.0,860.0,867.0,881.0,902.0,907.0,
72.0,104.0,117.0,183.0,186.0,189.0,194.0,265.0,278.0,299.0,340.0,344.0,385.0,400.0,409.0,475.0,523.0,534.0,558.0,592.0,647.0,679.0,679.0,695.0,699.0,708.0,781.0,865.0,914.0,972.0,981.0,981.0,998.0,
12.0,20.0,25.0,136.0,138.0,142.0,154.0,169.0,201.0,206.0,241.0,251.0,315.0,374.0,407.0,412.0,422.0,455.0,482.0,498.0,540.0,586.0,587.0,593.0,611.0,632.0,637.0,780.0,799.0,837.0,856.0,868.0,875.0,939.0,948.0,
14.0,60.0,87.0,91.0,94.0,163.0,173.0,179.0,245.0,311.0,402.0,407.0,408.0,445.0,467.0,485.0,489.0,535.0,543.0,578.0,644.0,667.0,680.0,682.0,694.0,707.0,755.0,760.0,832.0,913.0,946.0,997.0,
15.0,47.0,56.0,61.0,82.0,133.0,168.0,185.0,211.0,218.0,219.0,254.0,290.0,291.0,323.0,381.0,399.0,406.0,462.0,472.0,483.0,527.0,529.0,536.0,563.0,566.0,607.0,636.0,658.0,677.0,744.0,746.0,754.0,761.0,761.0,803.0,805.0,829.0,921.0,956.0,966.0,994.0,
27.0,83.0,124.0,131.0,252.0,317.0,331.0,362.0,374.0,410.0,465.0,475.0,478.0,488.0,515.0,539.0,650.0,665.0,673.0,678.0,684.0,690.0,719.0,735.0,766.0,834.0,945.0,975.0,
5.0,8.0,27.0,29.0,59.0,105.0,133.0,139.0,163.0,251.0,261.0,265.0,289.0,306.0,342.0,344.0,347.0,435.0,490.0,525.0,536.0,547.0,547.0,559.0,564.0,580.0,599.0,639.0,647.0,691.0,727.0,737.0,766.0,839.0,866.0,897.0,900.0,943.0,960.0,960.0,997.0,
10.0,42.0,45.0,45.0,61.0,118.0,126.0,152.0,188.0,194.0,196.0,272.0,282.0,377.0,419.0,428.0,495.0,495.0,520.0,528.0,532.0,550.0,553.0,585.0,596.0,685.0,703.0,848.0,890.0,916.0,989.0,995.0,
62.0,70.0,80.0,106.0,129.0,179.0,257.0,265.0,276.0,284.0,330.0,344.0,386.0,519.0,538.0,541.0,545.0,582.0,582.0,597.0,599.0,629.0,638.0,650.0,668.0,694.0,703.0,739.0,746.0,780.0,800.0,835.0,836.0,851.0,890.0,895.0,901.0,914.0,953.0,978.0,981.0,
30.0,50.0,126.0,136.0,144.0,147.0,178.0,179.0,211.0,217.0,231.0,236.0,256.0,257.0,272.0,326.0,337.0,481.0,513.0,518.0,567.0,570.0,574.0,580.0,582.0,583.0,587.0,618.0,638.0,711.0,718.0,731.0,772.0,793.0,824.0,930.0,991.0,
6.0,76.0,92.0,135.0,148.0,217.0,232.0,238.0,248.0,270.0,270.0,293.0,357.0,368.0,387.0,423.0,507.0,534.0,560.0,570.0,627.0,691.0,727.0,734.0,776.0,793.0,805.0,839.0,947.0,987.0,
32.0,50.0,53.0,131.0,160.0,168.0,174.0,184.0,208.0,215.0,219.0,249.0,275.0,353.0,355.0,377.0,398.0,428.0,494.0,526.0,556.0,582.0,600.0,611.0,643.0,643.0,652.0,666.0,668.0,688.0,719.0,739.0,748.0,762.0,793.0,810.0,839.0,876.0,881.0,890.0,981.0,993.0,
8.0,17.0,18.0,70.0,77.0,80.0,109.0,152.0,180.0,234.0,259.0,270.0,275.0,326.0,364.0,400.0,421.0,429.0,433.0,447.0,471.0,509.0,522.0,542.0,559.0,569.0,583.0,668.0,675.0,690.0,691.0,728.0,735.0,738.0,743.0,822.0,939.0,945.0,948.0,968.0,
63.0,65.0,92.0,96.0,127.0,149.0,154.0,179.0,204.0,221.0,226.0,267.0,299.0,315.0,316.0,322.0,361.0,364.0,425.0,429.0,449.0,466.0,474.0,495.0,555.0,569.0,571.0,600.0,613.0,618.0,627.0,637.0,650.0,656.0,709.0,722.0,757.0,771.0,792.0,805.0,830.0,849.0,954.0,
51.0,75.0,98.0,130.0,146.0,159.0,249.0,263.0,292.0,306.0,344.0,366.0,370.0,378.0,386.0,393.0,454.0,460.0,501.0,517.0,522.0,525.0,534.0,561.0,600.0,604.0,663.0,685.0,690.0,692.0,700.0,707.0,872.0,891.0,899.0,942.0,950.0,972.0,981.0,
50.0,70.0,72.0,84.0,116.0,180.0,207.0,229.0,243.0,358.0,358.0,410.0,569.0,596.0,678.0,767.0,771.0,775.0,870.0,888.0,893.0,900.0,937.0,991.0,
118.0,147.0,213.0,217.0,230.0,273.0,332.0,362.0,395.0,401.0,424.0,442.0,548.0,549.0,610.0,698.0,744.0,744.0,754.0,757.0,768.0,807.0,910.0,917.0,990.0,996.0,
64.0,143.0,145.0,154.0,205.0,212.0,231.0,233.0,277.0,289.0,304.0,470.0,501.0,516.0,544.0,551.0,563.0,581.0,637.0,876.0,882.0,898.0,917.0,994.0,997.0,
32.0,37.0,69.0,71.0,101.0,135.0,141.0,143.0,160.0,208.0,232.0,265.0,349.0,373.0,408.0,432.0,492.0,522.0,531.0,533.0,542.0,543.0,568.0,586.0,602.0,720.0,756.0,870.0,910.0,
23.0,36.0,42.0,52.0,82.0,106.0,122.0,123.0,184.0,188.0,195.0,228.0,253.0,264.0,370.0,410.0,426.0,497.0,518.0,539.0,550.0,551.0,577.0,599.0,606.0,608.0,639.0,655.0,678.0,703.0,778.0,779.0,804.0,879.0,904.0,925.0,977.0,984.0,
8.0,11.0,64.0,67.0,88.0,178.0,232.0,264.0,350.0,373.0,376.0,376.0,389.0,395.0,443.0,485.0,565.0,616.0,670.0,685.0,700.0,836.0,852.0,893.0,909.0,931.0,942.0,947.0,953.0,965.0,975.0,979.0,987.0,
13.0,43.0,69.0,169.0,207.0,209.0,235.0,317.0,323.0,362.0,384.0,406.0,422.0,452.0,457.0,498.0,501.0,559.0,601.0,673.0,697.0,718.0,748.0,755.0,790.0,798.0,807.0,842.0,865.0,884.0,943.0,944.0,976.0,994.0,
38.0,77.0,137.0,142.0,160.0,195.0,214.0,234.0,260.0,283.0,397.0,404.0,449.0,469.0,499.0,509.0,514.0,520.0,540.0,544.0,551.0,564.0,586.0,599.0,605.0,633.0,666.0,715.0,740.0,763.0,767.0,802.0,823.0,823.0,826.0,832.0,841.0,842.0,868.0,895.0,911.0,937.0,
8.0,28.0,52.0,151.0,165.0,170.0,261.0,358.0,363.0,396.0,405.0,415.0,436.0,500.0,509.0,561.0,561.0,571.0,606.0,645.0,687.0,761.0,764.0,765.0,793.0,796.0,806.0,849.0,932.0,935.0,965.0,
12.0,42.0,60.0,64.0,153.0,157.0,167.0,169.0,176.0,205.0,230.0,240.0,265.0,300.0,322.0,347.0,355.0,368.0,405.0,453.0,465.0,467.0,515.0,515.0,516.0,549.0,569.0,581.0,586.0,687.0,705.0,733.0,782.0,799.0,893.0,900.0,949.0,955.0,983.0,1000.0,
15.0,17.0,93.0,96.0,97.0,162.0,315.0,331.0,337.0,351.0,395.0,395.0,423.0,438.0,463.0,519.0,522.0,577.0,691.0,695.0,757.0,874.0,887.0,977.0,
21.0,69.0,95.0,98.0,147.0,178.0,182.0,205.0,210.0,240.0,255.0,262.0,302.0,312.0,326.0,345.0,487.0,536.0,536.0,555.0,557.0,557.0,584.0,586.0,679.0,703.0,740.0,742.0,788.0,888.0,953.0,983.0,
18.0,26.0,44.0,46.0,94.0,135.0,169.0,171.0,176.0,219.0,227.0,243.0,251.0,253.0,288.0,409.0,411.0,439.0,445.0,459.0,469.0,509.0,514.0,522.0,527.0,538.0,548.0,553.0,556.0,567.0,590.0,593.0,597.0,604.0,607.0,617.0,626.0,637.0,649.0,654.0,655.0,655.0,660.0,677.0,681.0,681.0,704.0,731.0,745.0,775.0,786.0,799.0,800.0,822.0,823.0,833.0,942.0,950.0,955.0,
25.0,53.0,159.0,160.0,215.0,226.0,303.0,307.0,342.0,407.0,407.0,430.0,437.0,442.0,481.0,514.0,521.0,523.0,540.0,542.0,543.0,547.0,548.0,551.0,552.0,558.0,560.0,564.0,566.0,597.0,605.0,605.0,609.0,610.0,612.0,618.0,629.0,634.0,649.0,656.0,687.0,703.0,718.0,745.0,761.0,761.0,765.0,779.0,785.0,793.0,796.0,799.0,821.0,825.0,832.0,840.0,856.0,880.0,883.0,933.0,936.0,937.0,957.0,958.0,977.0,985.0,
15.0,32.0,52.0,108.0,134.0,138.0,179.0,200.0,225.0,237.0,290.0,345.0,377.0,455.0,470.0,518.0,520.0,547.0,554.0,554.0,559.0,559.0,590.0,614.0,615.0,627.0,628.0,640.0,660.0,667.0,686.0,686.0,722.0,727.0,736.0,740.0,796.0,810.0,819.0,821.0,829.0,830.0,846.0,875.0,921.0,941.0,942.0,954.0,961.0,974.0,979.0,979.0,996.0,
4.0,4.0,27.0,48.0,52.0,163.0,167.0,191.0,191.0,219.0,221.0,287.0,333.0,344.0,410.0,431.0,449.0,486.0,531.0,546.0,611.0,638.0,664.0,737.0,827.0,898.0,919.0,925.0,987.0,
25.0,36.0,63.0,80.0,114.0,144.0,158.0,169.0,173.0,175.0,181.0,228.0,276.0,281.0,300.0,394.0,407.0,431.0,497.0,499.0,503.0,532.0,537.0,548.0,583.0,615.0,640.0,677.0,721.0,792.0,823.0,828.0,894.0,901.0,
42.0,47.0,127.0,150.0,159.0,172.0,217.0,260.0,272.0,406.0,421.0,426.0,432.0,441.0,472.0,483.0,491.0,496.0,497.0,510.0,573.0,582.0,584.0,592.0,604.0,606.0,681.0,699.0,715.0,740.0,799.0,857.0,915.0,944.0,973.0,
4.0,16.0,52.0,71.0,73.0,89.0,100.0,107.0,124.0,136.0,171.0,173.0,253.0,275.0,295.0,304.0,317.0,318.0,339.0,355.0,356.0,392.0,397.0,402.0,459.0,474.0,481.0,500.0,505.0,546.0,559.0,603.0,649.0,668.0,696.0,711.0,732.0,742.0,766.0,877.0,970.0,971.0,
25.0,35.0,35.0,66.0,71.0,94.0,108.0,113.0,151.0,264.0,275.0,326.0,332.0,358.0,378.0,457.0,459.0,464.0,552.0,571.0,625.0,643.0,662.0,713.0,722.0,747.0,754.0,772.0,779.0,857.0,876.0,945.0,985.0,997.0,
5.0,15.0,41.0,73.0,82.0,88.0,104.0,173.0,189.0,274.0,296.0,320.0,357.0,357.0,370.0,405.0,463.0,471.0,480.0,527.0,528.0,529.0,532.0,547.0,558.0,576.0,602.0,650.0,663.0,683.0,732.0,753.0,836.0,839.0,866.0,884.0,937.0,962.0,967.0,
55.0,64.0,75.0,81.0,155.0,234.0,259.0,288.0,292.0,526.0,531.0,533.0,533.0,535.0,537.0,546.0,554.0,576.0,597.0,599.0,602.0,604.0,607.0,618.0,622.0,661.0,664.0,689.0,690.0,691.0,725.0,788.0,792.0,792.0,811.0,811.0,839.0,870.0,880.0,890.0,952.0,957.0,978.0,995.0,
3.0,8.0,42.0,64.0,65.0,82.0,97.0,116.0,138.0,145.0,153.0,224.0,242.0,340.0,356.0,382.0,384.0,435.0,459.0,516.0,518.0,526.0,538.0,541.0,543.0,562.0,570.0,578.0,578.0,579.0,585.0,586.0,588.0,592.0,602.0,607.0,610.0,617.0,620.0,622.0,625.0,636.0,643.0,672.0,672.0,681.0,693.0,696.0,696.0,707.0,721.0,729.0,733.0,746.0,760.0,760.0,800.0,807.0,817.0,820.0,831.0,849.0,857.0,858.0,863.0,871.0,888.0,904.0,905.0,913.0,918.0,929.0,931.0,947.0,973.0,974.0,
3.0,75.0,75.0,92.0,138.0,143.0,189.0,198.0,199.0,202.0,216.0,228.0,256.0,325.0,330.0,355.0,430.0,474.0,497.0,520.0,521.0,521.0,526.0,528.0,538.0,542.0,549.0,557.0,558.0,566.0,568.0,570.0,573.0,578.0,586.0,587.0,602.0,602.0,626.0,626.0,632.0,652.0,668.0,709.0,712.0,731.0,750.0,758.0,768.0,778.0,786.0,811.0,816.0,818.0,818.0,830.0,859.0,862.0,891.0,894.0,907.0,914.0,954.0,969.0,986.0,
2.0,31.0,47.0,82.0,85.0,90.0,105.0,154.0,224.0,247.0,307.0,307.0,313.0,330.0,334.0,345.0,446.0,462.0,512.0,517.0,519.0,520.0,526.0,533.0,534.0,539.0,542.0,545.0,545.0,550.0,554.0,555.0,562.0,569.0,583.0,587.0,588.0,593.0,597.0,600.0,604.0,620.0,627.0,628.0,631.0,639.0,657.0,673.0,674.0,674.0,683.0,686.0,702.0,739.0,760.0,764.0,806.0,847.0,859.0,872.0,873.0,881.0,889.0,908.0,910.0,927.0,930.0,931.0,934.0,971.0,975.0,
22.0,31.0,38.0,89.0,107.0,123.0,130.0,164.0,169.0,192.0,205.0,221.0,265.0,335.0,372.0,419.0,424.0,427.0,437.0,439.0,446.0,456.0,459.0,507.0,517.0,521.0,524.0,537.0,541.0,569.0,573.0,579.0,585.0,588.0,623.0,652.0,652.0,668.0,676.0,680.0,727.0,728.0,756.0,775.0,779.0,784.0,809.0,835.0,845.0,875.0,877.0,889.0,893.0,896.0,919.0,920.0,943.0,953.0,959.0,973.0,979.0,
30.0,40.0,119.0,127.0,147.0,157.0,174.0,208.0,334.0,351.0,360.0,364.0,375.0,402.0,432.0,434.0,455.0,502.0,518.0,525.0,538.0,539.0,579.0,598.0,643.0,655.0,772.0,811.0,846.0,847.0,921.0,924.0,954.0,
20.0,53.0,71.0,72.0,103.0,239.0,246.0,251.0,266.0,269.0,281.0,331.0,342.0,352.0,472.0,512.0,524.0,550.0,605.0,625.0,644.0,649.0,658.0,696.0,750.0,757.0,760.0,767.0,868.0,909.0,920.0,980.0,995.0,
32.0,45.0,87.0,118.0,138.0,189.0,238.0,239.0,267.0,298.0,308.0,363.0,402.0,548.0,601.0,611.0,663.0,668.0,689.0,709.0,720.0,730.0,741.0,748.0,773.0,830.0,867.0,877.0,878.0,950.0,965.0,980.0,983.0,
3.0,27.0,95.0,129.0,136.0,157.0,305.0,350.0,441.0,442.0,481.0,482.0,548.0,556.0,564.0,614.0,659.0,717.0,718.0,724.0,725.0,742.0,775.0,815.0,848.0,895.0,944.0,990.0,
4.0,12.0,44.0,77.0,79.0,143.0,151.0,163.0,228.0,237.0,274.0,286.0,290.0,336.0,344.0,347.0,357.0,361.0,363.0,387.0,389.0,397.0,398.0,405.0,479.0,497.0,510.0,521.0,550.0,560.0,577.0,595.0,675.0,689.0,744.0,766.0,792.0,809.0,855.0,976.0,978.0,
5.0,10.0,32.0,81.0,90.0,273.0,276.0,286.0,362.0,400.0,418.0,424.0,440.0,447.0,454.0,475.0,514.0,518.0,538.0,539.0,544.0,546.0,548.0,548.0,556.0,563.0,576.0,577.0,586.0,596.0,601.0,609.0,609.0,619.0,644.0,690.0,696.0,699.0,702.0,705.0,708.0,717.0,718.0,720.0,732.0,793.0,805.0,806.0,820.0,829.0,841.0,879.0,884.0,904.0,929.0,944.0,947.0,991.0,1000.0,
21.0,23.0,45.0,48.0,59.0,63.0,69.0,99.0,139.0,144.0,182.0,207.0,254.0,258.0,367.0,426.0,465.0,508.0,526.0,530.0,531.0,532.0,532.0,533.0,533.0,537.0,538.0,540.0,543.0,547.0,549.0,555.0,560.0,560.0,575.0,579.0,581.0,594.0,596.0,597.0,608.0,628.0,645.0,646.0,647.0,669.0,670.0,688.0,700.0,717.0,739.0,741.0,763.0,772.0,774.0,783.0,804.0,831.0,831.0,863.0,881.0,892.0,909.0,936.0,937.0,969.0,974.0,
126.0,143.0,153.0,177.0,213.0,215.0,228.0,266.0,266.0,268.0,283.0,315.0,350.0,396.0,396.0,436.0,451.0,475.0,534.0,535.0,538.0,543.0,564.0,565.0,568.0,578.0,580.0,583.0,591.0,592.0,595.0,598.0,608.0,611.0,628.0,698.0,709.0,710.0,728.0,746.0,762.0,777.0,804.0,818.0,818.0,865.0,877.0,892.0,901.0,909.0,912.0,921.0,936.0,971.0,972.0,988.0,996.0,
5.0,34.0,70.0,153.0,184.0,189.0,224.0,253.0,275.0,304.0,305.0,398.0,398.0,425.0,511.0,513.0,520.0,521.0,526.0,530.0,532.0,536.0,539.0,540.0,542.0,559.0,571.0,573.0,595.0,596.0,648.0,683.0,696.0,696.0,702.0,704.0,705.0,746.0,747.0,752.0,755.0,777.0,782.0,797.0,803.0,808.0,821.0,835.0,837.0,840.0,851.0,864.0,874.0,881.0,892.0,896.0,905.0,915.0,955.0,965.0,976.0,985.0,989.0,
75.0,80.0,90.0,108.0,143.0,178.0,187.0,214.0,254.0,258.0,285.0,325.0,362.0,370.0,400.0,410.0,416.0,442.0,500.0,504.0,514.0,517.0,518.0,522.0,524.0,539.0,544.0,550.0,563.0,572.0,577.0,588.0,604.0,613.0,638.0,641.0,669.0,690.0,696.0,707.0,707.0,732.0,745.0,751.0,808.0,814.0,822.0,827.0,844.0,855.0,857.0,860.0,876.0,900.0,913.0,951.0,959.0,
13.0,39.0,78.0,81.0,106.0,138.0,160.0,163.0,165.0,174.0,188.0,212.0,250.0,341.0,346.0,370.0,374.0,379.0,392.0,402.0,440.0,461.0,474.0,497.0,500.0,559.0,589.0,592.0,597.0,601.0,610.0,639.0,729.0,879.0,900.0,900.0,955.0,977.0,990.0,996.0,
98.0,100.0,113.0,116.0,147.0,188.0,203.0,207.0,207.0,223.0,248.0,249.0,338.0,367.0,400.0,422.0,428.0,458.0,494.0,505.0,506.0,528.0,537.0,543.0,596.0,607.0,633.0,742.0,750.0,755.0,797.0,840.0,
7.0,10.0,65.0,76.0,83.0,157.0,159.0,192.0,240.0,251.0,322.0,359.0,373.0,389.0,420.0,458.0,472.0,475.0,507.0,552.0,558.0,565.0,572.0,590.0,650.0,725.0,741.0,826.0,843.0,849.0,850.0,855.0,863.0,890.0,895.0,927.0,951.0,973.0,
60.0,108.0,220.0,222.0,236.0,260.0,266.0,305.0,327.0,344.0,360.0,362.0,369.0,393.0,423.0,461.0,519.0,552.0,630.0,719.0,728.0,761.0,785.0,824.0,844.0,851.0,896.0,899.0,922.0,937.0,960.0,987.0,
2.0,20.0,77.0,90.0,122.0,135.0,163.0,163.0,189.0,197.0,319.0,336.0,339.0,375.0,396.0,430.0,432.0,461.0,491.0,503.0,652.0,654.0,676.0,728.0,767.0,777.0,779.0,870.0,877.0,905.0,946.0,949.0,956.0,972.0,979.0,
13.0,37.0,49.0,50.0,58.0,64.0,77.0,89.0,96.0,102.0,170.0,187.0,211.0,223.0,236.0,247.0,258.0,333.0,347.0,355.0,390.0,429.0,430.0,496.0,518.0,519.0,527.0,537.0,537.0,548.0,553.0,554.0,554.0,555.0,557.0,564.0,567.0,567.0,571.0,574.0,597.0,605.0,609.0,635.0,657.0,660.0,664.0,674.0,681.0,704.0,711.0,741.0,756.0,764.0,769.0,793.0,813.0,831.0,835.0,864.0,892.0,894.0,895.0,909.0,914.0,923.0,939.0,958.0,972.0,982.0,
60.0,69.0,188.0,208.0,214.0,222.0,363.0,383.0,420.0,455.0,519.0,522.0,528.0,530.0,541.0,544.0,551.0,560.0,569.0,571.0,571.0,579.0,580.0,582.0,587.0,588.0,614.0,619.0,629.0,661.0,667.0,682.0,689.0,711.0,722.0,731.0,732.0,770.0,772.0,781.0,799.0,822.0,837.0,853.0,882.0,907.0,920.0,923.0,935.0,971.0,
11.0,20.0,23.0,32.0,101.0,102.0,112.0,125.0,137.0,140.0,164.0,177.0,181.0,207.0,241.0,251.0,269.0,288.0,343.0,343.0,392.0,426.0,450.0,464.0,508.0,515.0,524.0,525.0,533.0,538.0,538.0,545.0,561.0,568.0,568.0,572.0,588.0,589.0,596.0,596.0,613.0,619.0,621.0,641.0,653.0,663.0,672.0,689.0,694.0,703.0,717.0,720.0,727.0,746.0,751.0,759.0,760.0,761.0,774.0,786.0,797.0,808.0,811.0,813.0,830.0,835.0,877.0,877.0,933.0,941.0,977.0,
47.0,64.0,65.0,117.0,124.0,139.0,147.0,150.0,167.0,179.0,261.0,280.0,321.0,353.0,360.0,391.0,393.0,405.0,433.0,451.0,463.0,464.0,470.0,481.0,484.0,491.0,526.0,533.0,535.0,536.0,536.0,551.0,555.0,555.0,557.0,560.0,566.0,577.0,584.0,592.0,593.0,605.0,606.0,606.0,607.0,613.0,614.0,625.0,629.0,634.0,635.0,639.0,644.0,645.0,660.0,684.0,689.0,691.0,700.0,710.0,725.0,792.0,812.0,829.0,832.0,835.0,840.0,849.0,852.0,855.0,861.0,879.0,881.0,882.0,888.0,911.0,922.0,924.0,937.0,938.0,961.0,991.0,994.0,
11.0,87.0,101.0,155.0,162.0,180.0,205.0,272.0,285.0,288.0,313.0,313.0,332.0,340.0,344.0,408.0,412.0,424.0,431.0,434.0,488.0,491.0,524.0,536.0,538.0,542.0,545.0,548.0,560.0,561.0,566.0,572.0,573.0,577.0,582.0,583.0,591.0,596.0,601.0,610.0,613.0,627.0,652.0,659.0,663.0,665.0,684.0,692.0,709.0,749.0,777.0,792.0,794.0,834.0,859.0,862.0,863.0,865.0,877.0,877.0,878.0,897.0,971.0,978.0,990.0,
48.0,79.0,87.0,162.0,195.0,203.0,220.0,249.0,272.0,277.0,299.0,334.0,334.0,365.0,389.0,396.0,422.0,423.0,446.0,460.0,466.0,468.0,505.0,507.0,517.0,574.0,597.0,686.0,697.0,712.0,736.0,764.0,773.0,780.0,797.0,803.0,825.0,876.0,918.0,946.0,
5.0,61.0,70.0,184.0,210.0,222.0,228.0,235.0,241.0,277.0,283.0,284.0,286.0,312.0,317.0,358.0,370.0,502.0,507.0,509.0,520.0,575.0,583.0,650.0,761.0,773.0,788.0,857.0,932.0,999.0,
44.0,98.0,152.0,171.0,197.0,205.0,254.0,265.0,276.0,284.0,294.0,308.0,321.0,332.0,336.0,376.0,451.0,467.0,497.0,617.0,618.0,621.0,624.0,733.0,804.0,828.0,836.0,881.0,893.0,932.0,939.0,968.0,970.0,976.0,981.0,
31.0,47.0,63.0,127.0,145.0,160.0,169.0,175.0,180.0,294.0,306.0,326.0,483.0,495.0,501.0,504.0,518.0,527.0,575.0,585.0,649.0,663.0,666.0,717.0,759.0,824.0,865.0,867.0,878.0,893.0,938.0,945.0,957.0,
5.0,14.0,92.0,101.0,217.0,228.0,236.0,286.0,288.0,324.0,329.0,340.0,343.0,359.0,395.0,415.0,418.0,463.0,488.0,579.0,583.0,611.0,625.0,635.0,705.0,735.0,749.0,819.0,878.0,988.0,
4.0,5.0,8.0,41.0,61.0,74.0,127.0,137.0,207.0,235.0,318.0,359.0,381.0,389.0,417.0,423.0,451.0,470.0,493.0,502.0,513.0,578.0,632.0,664.0,705.0,707.0,733.0,752.0,761.0,783.0,784.0,804.0,805.0,861.0,862.0,899.0,932.0,942.0,944.0,
3.0,60.0,64.0,70.0,98.0,156.0,196.0,251.0,278.0,281.0,311.0,316.0,327.0,330.0,358.0,388.0,400.0,423.0,435.0,485.0,508.0,512.0,518.0,529.0,533.0,539.0,543.0,568.0,579.0,581.0,582.0,589.0,596.0,659.0,665.0,703.0,717.0,725.0,764.0,798.0,847.0,862.0,864.0,888.0,894.0,912.0,914.0,918.0,924.0,940.0,942.0,986.0,
14.0,18.0,29.0,48.0,62.0,100.0,103.0,111.0,112.0,139.0,147.0,190.0,192.0,206.0,232.0,263.0,301.0,317.0,318.0,349.0,355.0,371.0,451.0,459.0,466.0,503.0,516.0,520.0,522.0,527.0,529.0,530.0,537.0,556.0,562.0,574.0,575.0,587.0,597.0,602.0,604.0,605.0,607.0,608.0,629.0,637.0,651.0,665.0,677.0,677.0,685.0,707.0,711.0,720.0,722.0,767.0,781.0,785.0,793.0,795.0,796.0,817.0,824.0,827.0,828.0,832.0,850.0,854.0,856.0,860.0,869.0,876.0,894.0,894.0,901.0,902.0,909.0,978.0,997.0,
28.0,90.0,95.0,119.0,126.0,160.0,164.0,193.0,205.0,215.0,237.0,247.0,281.0,294.0,295.0,312.0,363.0,372.0,445.0,466.0,524.0,531.0,532.0,541.0,543.0,560.0,562.0,564.0,575.0,577.0,585.0,587.0,589.0,611.0,612.0,627.0,631.0,634.0,638.0,641.0,642.0,646.0,655.0,663.0,670.0,683.0,683.0,700.0,716.0,733.0,738.0,757.0,767.0,788.0,827.0,831.0,843.0,857.0,858.0,860.0,889.0,901.0,903.0,922.0,954.0,969.0,975.0,981.0,
62.0,81.0,102.0,120.0,125.0,170.0,180.0,205.0,294.0,334.0,341.0,364.0,368.0,376.0,425.0,443.0,489.0,497.0,511.0,513.0,552.0,610.0,612.0,626.0,647.0,716.0,792.0,799.0,799.0,885.0,888.0,893.0,904.0,908.0,953.0,
16.0,37.0,41.0,60.0,70.0,92.0,128.0,129.0,149.0,181.0,252.0,278.0,286.0,301.0,320.0,321.0,358.0,471.0,479.0,491.0,496.0,542.0,547.0,578.0,600.0,603.0,613.0,617.0,655.0,657.0,708.0,741.0,798.0,803.0,811.0,814.0,835.0,940.0,963.0,
4.0,26.0,190.0,196.0,198.0,226.0,256.0,257.0,266.0,326.0,331.0,396.0,424.0,445.0,455.0,559.0,569.0,657.0,670.0,722.0,889.0,914.0,931.0,978.0,990.0,
14.0,43.0,55.0,83.0,97.0,98.0,143.0,151.0,185.0,241.0,269.0,280.0,331.0,353.0,372.0,372.0,442.0,449.0,478.0,484.0,510.0,531.0,532.0,533.0,537.0,583.0,593.0,620.0,685.0,710.0,746.0,748.0,769.0,780.0,821.0,837.0,841.0,843.0,849.0,856.0,880.0,882.0,890.0,890.0,894.0,928.0,966.0,968.0,973.0,
28.0,33.0,91.0,173.0,293.0,337.0,378.0,412.0,561.0,567.0,574.0,592.0,620.0,647.0,653.0,677.0,694.0,715.0,716.0,775.0,776.0,834.0,847.0,867.0,888.0,901.0,941.0,991.0,999.0,
18.0,58.0,69.0,99.0,111.0,143.0,192.0,212.0,234.0,242.0,243.0,243.0,265.0,270.0,284.0,295.0,297.0,345.0,352.0,416.0,511.0,529.0,536.0,551.0,585.0,590.0,599.0,613.0,614.0,617.0,621.0,628.0,650.0,694.0,741.0,809.0,864.0,882.0,903.0,952.0,970.0,
8.0,8.0,32.0,77.0,99.0,133.0,149.0,167.0,273.0,290.0,352.0,394.0,408.0,498.0,574.0,585.0,656.0,672.0,694.0,710.0,741.0,749.0,790.0,855.0,908.0,972.0,
7.0,26.0,44.0,77.0,121.0,126.0,144.0,156.0,172.0,178.0,204.0,217.0,241.0,258.0,279.0,315.0,384.0,426.0,462.0,465.0,524.0,537.0,550.0,590.0,767.0,787.0,799.0,825.0,830.0,859.0,861.0,
54.0,65.0,68.0,93.0,107.0,159.0,188.0,276.0,300.0,326.0,357.0,396.0,405.0,469.0,495.0,508.0,508.0,525.0,548.0,554.0,588.0,646.0,697.0,704.0,706.0,740.0,771.0,772.0,861.0,910.0,953.0,
115.0,124.0,142.0,156.0,156.0,176.0,197.0,236.0,240.0,280.0,409.0,419.0,419.0,429.0,454.0,461.0,521.0,572.0,583.0,649.0,679.0,795.0,854.0,990.0,
6.0,51.0,60.0,120.0,151.0,215.0,237.0,295.0,303.0,343.0,350.0,372.0,395.0,424.0,428.0,474.0,553.0,590.0,638.0,757.0,859.0,935.0,948.0,981.0,
14.0,24.0,31.0,41.0,99.0,167.0,195.0,202.0,207.0,219.0,279.0,299.0,306.0,346.0,353.0,357.0,394.0,448.0,455.0,461.0,499.0,601.0,608.0,617.0,626.0,655.0,661.0,705.0,721.0,812.0,897.0,966.0,981.0,
6.0,39.0,45.0,45.0,68.0,78.0,98.0,124.0,138.0,149.0,210.0,216.0,265.0,269.0,337.0,357.0,422.0,427.0,429.0,458.0,471.0,481.0,497.0,539.0,550.0,598.0,604.0,614.0,651.0,654.0,671.0,688.0,695.0,709.0,711.0,711.0,728.0,754.0,779.0,784.0,828.0,840.0,855.0,884.0,896.0,947.0,
16.0,42.0,78.0,105.0,114.0,128.0,133.0,137.0,140.0,165.0,203.0,249.0,273.0,291.0,312.0,370.0,425.0,429.0,481.0,510.0,617.0,619.0,624.0,633.0,634.0,669.0,677.0,681.0,695.0,700.0,750.0,762.0,793.0,821.0,833.0,845.0,852.0,896.0,916.0,929.0,941.0,967.0,
70.0,97.0,248.0,264.0,297.0,306.0,334.0,349.0,357.0,362.0,418.0,468.0,480.0,490.0,559.0,560.0,609.0,615.0,636.0,700.0,704.0,704.0,734.0,785.0,848.0,898.0,918.0,945.0,971.0,997.0,
62.0,89.0,109.0,204.0,208.0,219.0,220.0,271.0,302.0,311.0,327.0,336.0,350.0,358.0,364.0,421.0,422.0,456.0,482.0,519.0,519.0,531.0,588.0,588.0,589.0,591.0,602.0,636.0,636.0,640.0,642.0,662.0,693.0,729.0,750.0,771.0,773.0,780.0,819.0,830.0,838.0,866.0,872.0,922.0,942.0,962.0,
81.0,109.0,109.0,152.0,158.0,165.0,177.0,240.0,292.0,317.0,348.0,387.0,444.0,495.0,513.0,545.0,606.0,639.0,642.0,649.0,666.0,718.0,730.0,791.0,793.0,807.0,808.0,814.0,825.0,826.0,915.0,989.0,
20.0,107.0,176.0,204.0,279.0,333.0,353.0,391.0,393.0,431.0,449.0,497.0,500.0,508.0,528.0,665.0,671.0,681.0,704.0,726.0,727.0,738.0,749.0,766.0,775.0,779.0,829.0,844.0,844.0,860.0,875.0,893.0,929.0,977.0,992.0,
96.0,111.0,121.0,150.0,169.0,172.0,185.0,198.0,209.0,241.0,252.0,287.0,303.0,313.0,371.0,375.0,376.0,413.0,465.0,470.0,513.0,562.0,580.0,595.0,603.0,612.0,619.0,624.0,713.0,729.0,737.0,752.0,768.0,805.0,852.0,860.0,887.0,897.0,911.0,914.0,922.0,949.0,972.0,998.0,
41.0,112.0,116.0,169.0,201.0,218.0,257.0,371.0,388.0,395.0,449.0,488.0,489.0,532.0,584.0,591.0,601.0,617.0,656.0,711.0,722.0,739.0,795.0,930.0,976.0,983.0,984.0,
4.0,60.0,74.0,78.0,107.0,162.0,191.0,270.0,301.0,320.0,322.0,379.0,392.0,396.0,469.0,514.0,562.0,566.0,572.0,597.0,600.0,606.0,638.0,642.0,676.0,722.0,727.0,728.0,751.0,768.0,783.0,793.0,815.0,838.0,842.0,936.0,953.0,975.0,992.0,
28.0,41.0,110.0,196.0,201.0,217.0,218.0,252.0,343.0,389.0,391.0,400.0,410.0,421.0,429.0,530.0,537.0,561.0,567.0,573.0,584.0,634.0,649.0,722.0,783.0,892.0,921.0,933.0,939.0,943.0,959.0,968.0,990.0,
85.0,91.0,109.0,133.0,136.0,140.0,175.0,176.0,178.0,228.0,259.0,301.0,361.0,368.0,370.0,473.0,483.0,520.0,521.0,521.0,552.0,596.0,649.0,684.0,695.0,710.0,756.0,771.0,782.0,799.0,801.0,957.0,
