36.0,55.0,74.0,80.0,85.0,124.0,131.0,135.0,308.0,356.0,378.0,389.0,436.0,451.0,469.0,504.0,564.0,599.0,643.0,675.0,684.0,686.0,707.0,729.0,740.0,760.0,792.0,880.0,904.0,956.0,958.0,962.0,978.0,
2.0,6.0,48.0,62.0,81.0,114.0,188.0,238.0,258.0,287.0,291.0,320.0,321.0,363.0,367.0,387.0,401.0,402.0,403.0,409.0,482.0,627.0,634.0,650.0,703.0,717.0,731.0,741.0,782.0,919.0,945.0,
46.0,68.0,74.0,92.0,93.0,97.0,155.0,196.0,205.0,220.0,222.0,291.0,329.0,357.0,360.0,361.0,367.0,431.0,498.0,519.0,522.0,541.0,573.0,584.0,655.0,688.0,690.0,716.0,719.0,723.0,725.0,735.0,773.0,806.0,913.0,918.0,926.0,942.0,949.0,
19.0,37.0,58.0,74.0,112.0,113.0,157.0,172.0,184.0,212.0,215.0,230.0,235.0,318.0,322.0,333.0,341.0,415.0,422.0,438.0,469.0,541.0,556.0,605.0,614.0,637.0,674.0,684.0,700.0,707.0,736.0,784.0,785.0,809.0,894.0,899.0,914.0,971.0,
11.0,28.0,59.0,137.0,138.0,138.0,194.0,198.0,261.0,299.0,309.0,314.0,328.0,367.0,390.0,425.0,466.0,468.0,469.0,533.0,544.0,627.0,633.0,667.0,688.0,715.0,788.0,827.0,846.0,846.0,870.0,957.0,969.0,989.0,
15.0,36.0,50.0,81.0,123.0,143.0,148.0,149.0,177.0,186.0,205.0,214.0,226.0,228.0,253.0,262.0,340.0,360.0,410.0,417.0,425.0,470.0,501.0,556.0,580.0,606.0,607.0,630.0,645.0,693.0,711.0,711.0,732.0,784.0,797.0,820.0,832.0,860.0,870.0,945.0,947.0,950.0,966.0,
12.0,75.0,139.0,170.0,185.0,203.0,243.0,254.0,278.0,294.0,305.0,312.0,341.0,347.0,355.0,578.0,579.0,591.0,681.0,768.0,792.0,836.0,838.0,867.0,886.0,902.0,908.0,953.0,
8.0,9.0,17.0,18.0,33.0,57.0,65.0,82.0,94.0,109.0,122.0,128.0,141.0,142.0,157.0,280.0,302.0,337.0,383.0,399.0,484.0,494.0,618.0,631.0,635.0,642.0,672.0,674.0,705.0,779.0,806.0,883.0,884.0,897.0,922.0,922.0,936.0,941.0,
7.0,46.0,55.0,90.0,108.0,138.0,154.0,157.0,158.0,170.0,204.0,299.0,315.0,341.0,351.0,357.0,412.0,446.0,454.0,534.0,542.0,545.0,568.0,596.0,662.0,667.0,804.0,840.0,905.0,906.0,943.0,973.0,996.0,
17.0,89.0,99.0,103.0,133.0,140.0,169.0,286.0,355.0,382.0,426.0,432.0,474.0,481.0,492.0,504.0,556.0,565.0,570.0,571.0,595.0,598.0,611.0,612.0,630.0,674.0,682.0,713.0,714.0,724.0,743.0,765.0,776.0,797.0,826.0,836.0,850.0,868.0,949.0,989.0,
12.0,78.0,81.0,95.0,113.0,134.0,135.0,191.0,192.0,273.0,276.0,304.0,305.0,334.0,339.0,355.0,368.0,381.0,405.0,461.0,492.0,493.0,544.0,546.0,581.0,646.0,654.0,656.0,674.0,679.0,712.0,740.0,757.0,828.0,846.0,854.0,863.0,863.0,898.0,913.0,956.0,
70.0,72.0,101.0,128.0,130.0,144.0,158.0,178.0,188.0,194.0,207.0,232.0,248.0,253.0,275.0,374.0,377.0,389.0,398.0,417.0,422.0,459.0,483.0,484.0,512.0,581.0,633.0,635.0,646.0,653.0,704.0,711.0,752.0,792.0,858.0,860.0,865.0,890.0,917.0,991.0,
9.0,192.0,232.0,238.0,252.0,269.0,281.0,288.0,336.0,445.0,460.0,467.0,542.0,573.0,581.0,626.0,636.0,647.0,648.0,755.0,761.0,892.0,907.0,908.0,925.0,936.0,997.0,
47.0,50.0,67.0,93.0,94.0,100.0,124.0,167.0,171.0,176.0,191.0,254.0,308.0,318.0,338.0,399.0,405.0,453.0,539.0,581.0,593.0,638.0,649.0,663.0,665.0,671.0,767.0,791.0,877.0,920.0,933.0,983.0,986.0,992.0,
24.0,28.0,61.0,86.0,114.0,119.0,156.0,178.0,179.0,180.0,189.0,195.0,199.0,205.0,239.0,270.0,307.0,320.0,358.0,372.0,390.0,411.0,420.0,431.0,437.0,499.0,526.0,532.0,579.0,607.0,629.0,781.0,795.0,806.0,855.0,859.0,901.0,909.0,914.0,948.0,991.0,
7.0,81.0,122.0,172.0,205.0,207.0,240.0,294.0,297.0,302.0,311.0,320.0,389.0,429.0,440.0,463.0,495.0,527.0,701.0,713.0,731.0,749.0,762.0,763.0,765.0,815.0,847.0,872.0,886.0,983.0,998.0,
3.0,18.0,22.0,36.0,89.0,96.0,131.0,138.0,140.0,179.0,182.0,217.0,242.0,262.0,264.0,307.0,324.0,328.0,384.0,430.0,453.0,483.0,509.0,552.0,589.0,590.0,597.0,720.0,730.0,783.0,788.0,792.0,823.0,855.0,856.0,916.0,971.0,982.0,
40.0,52.0,64.0,79.0,104.0,105.0,141.0,178.0,188.0,229.0,253.0,302.0,338.0,370.0,374.0,384.0,416.0,427.0,467.0,499.0,507.0,542.0,599.0,658.0,669.0,682.0,685.0,747.0,772.0,780.0,820.0,833.0,845.0,883.0,906.0,968.0,
25.0,88.0,161.0,176.0,185.0,225.0,259.0,278.0,282.0,329.0,352.0,462.0,494.0,501.0,518.0,532.0,560.0,570.0,611.0,616.0,672.0,692.0,705.0,723.0,738.0,742.0,765.0,823.0,997.0,
11.0,46.0,80.0,109.0,117.0,119.0,149.0,211.0,258.0,313.0,337.0,365.0,373.0,377.0,423.0,434.0,446.0,466.0,500.0,501.0,594.0,640.0,662.0,673.0,685.0,691.0,702.0,705.0,716.0,726.0,744.0,760.0,791.0,818.0,826.0,853.0,876.0,897.0,904.0,904.0,914.0,927.0,948.0,965.0,
9.0,18.0,38.0,58.0,99.0,103.0,117.0,133.0,253.0,370.0,380.0,381.0,382.0,391.0,399.0,494.0,504.0,638.0,664.0,706.0,770.0,774.0,774.0,851.0,855.0,860.0,886.0,932.0,943.0,944.0,976.0,989.0,999.0,
31.0,32.0,57.0,68.0,91.0,122.0,148.0,161.0,224.0,226.0,256.0,261.0,282.0,319.0,335.0,377.0,424.0,520.0,570.0,608.0,622.0,637.0,713.0,755.0,782.0,787.0,794.0,795.0,806.0,854.0,898.0,904.0,913.0,927.0,965.0,989.0,994.0,1000.0,
2.0,5.0,43.0,75.0,84.0,84.0,117.0,125.0,150.0,199.0,202.0,225.0,268.0,275.0,302.0,339.0,351.0,380.0,415.0,447.0,476.0,502.0,518.0,522.0,559.0,637.0,649.0,687.0,704.0,725.0,751.0,791.0,855.0,857.0,916.0,931.0,933.0,971.0,972.0,
21.0,82.0,90.0,140.0,177.0,207.0,208.0,278.0,383.0,431.0,444.0,453.0,489.0,528.0,548.0,575.0,578.0,607.0,630.0,641.0,842.0,853.0,945.0,
42.0,65.0,128.0,128.0,133.0,207.0,246.0,303.0,364.0,370.0,422.0,430.0,445.0,453.0,457.0,473.0,475.0,512.0,512.0,558.0,561.0,582.0,673.0,771.0,787.0,821.0,830.0,874.0,891.0,917.0,
3.0,28.0,39.0,55.0,64.0,97.0,119.0,130.0,138.0,151.0,154.0,213.0,231.0,249.0,339.0,340.0,343.0,366.0,369.0,369.0,404.0,448.0,454.0,466.0,499.0,499.0,512.0,519.0,520.0,526.0,548.0,561.0,593.0,595.0,599.0,601.0,660.0,708.0,768.0,771.0,773.0,802.0,820.0,828.0,853.0,975.0,986.0,
2.0,20.0,41.0,54.0,87.0,89.0,164.0,224.0,335.0,370.0,380.0,395.0,400.0,412.0,422.0,435.0,453.0,472.0,502.0,510.0,521.0,543.0,561.0,565.0,578.0,579.0,651.0,708.0,771.0,806.0,810.0,813.0,852.0,917.0,944.0,953.0,960.0,985.0,
3.0,31.0,104.0,149.0,193.0,228.0,295.0,300.0,314.0,322.0,323.0,326.0,344.0,357.0,446.0,450.0,457.0,465.0,501.0,507.0,516.0,554.0,561.0,562.0,604.0,625.0,695.0,734.0,805.0,813.0,840.0,865.0,892.0,905.0,912.0,942.0,
25.0,26.0,32.0,81.0,105.0,164.0,178.0,202.0,215.0,253.0,353.0,364.0,412.0,414.0,414.0,422.0,432.0,434.0,475.0,478.0,512.0,607.0,667.0,692.0,700.0,749.0,760.0,785.0,812.0,886.0,912.0,952.0,953.0,984.0,
91.0,95.0,97.0,109.0,146.0,146.0,155.0,234.0,293.0,304.0,310.0,381.0,415.0,461.0,541.0,543.0,553.0,583.0,668.0,705.0,709.0,717.0,748.0,758.0,778.0,783.0,910.0,954.0,987.0,
8.0,13.0,32.0,51.0,65.0,70.0,89.0,117.0,160.0,161.0,162.0,181.0,198.0,206.0,229.0,238.0,261.0,282.0,283.0,295.0,308.0,319.0,338.0,352.0,362.0,402.0,435.0,474.0,474.0,489.0,519.0,550.0,555.0,582.0,606.0,643.0,664.0,673.0,681.0,695.0,719.0,772.0,782.0,817.0,881.0,901.0,980.0,
17.0,38.0,67.0,83.0,90.0,211.0,242.0,247.0,259.0,284.0,339.0,356.0,379.0,389.0,391.0,394.0,456.0,463.0,517.0,539.0,548.0,637.0,708.0,712.0,825.0,843.0,848.0,851.0,853.0,871.0,901.0,913.0,966.0,985.0,988.0,991.0,
57.0,92.0,103.0,106.0,109.0,125.0,155.0,163.0,176.0,195.0,249.0,263.0,280.0,338.0,376.0,380.0,406.0,449.0,454.0,504.0,513.0,540.0,545.0,704.0,723.0,736.0,813.0,840.0,883.0,889.0,944.0,950.0,956.0,961.0,978.0,991.0,
60.0,81.0,119.0,127.0,142.0,162.0,173.0,175.0,225.0,242.0,388.0,396.0,428.0,463.0,490.0,573.0,573.0,581.0,603.0,609.0,646.0,660.0,689.0,709.0,732.0,763.0,793.0,813.0,824.0,
13.0,21.0,122.0,140.0,173.0,178.0,262.0,285.0,342.0,350.0,359.0,360.0,526.0,530.0,533.0,534.0,534.0,539.0,543.0,545.0,549.0,555.0,569.0,570.0,574.0,597.0,599.0,606.0,615.0,619.0,624.0,635.0,638.0,672.0,678.0,682.0,686.0,698.0,711.0,742.0,760.0,769.0,786.0,788.0,793.0,886.0,922.0,923.0,943.0,948.0,956.0,976.0,989.0,
59.0,67.0,119.0,171.0,213.0,228.0,231.0,232.0,232.0,273.0,328.0,362.0,392.0,515.0,518.0,520.0,521.0,527.0,527.0,534.0,539.0,548.0,572.0,574.0,577.0,587.0,601.0,605.0,610.0,611.0,643.0,649.0,650.0,668.0,678.0,685.0,706.0,757.0,762.0,765.0,776.0,788.0,797.0,797.0,803.0,808.0,852.0,852.0,881.0,894.0,899.0,916.0,930.0,961.0,965.0,982.0,991.0,
64.0,111.0,130.0,143.0,186.0,195.0,225.0,258.0,280.0,288.0,291.0,310.0,312.0,402.0,412.0,439.0,462.0,489.0,494.0,518.0,518.0,542.0,545.0,552.0,553.0,553.0,554.0,562.0,563.0,570.0,572.0,608.0,637.0,641.0,642.0,646.0,647.0,650.0,658.0,663.0,706.0,710.0,710.0,736.0,774.0,825.0,861.0,863.0,927.0,961.0,972.0,987.0,990.0,
33.0,88.0,91.0,116.0,137.0,170.0,217.0,222.0,244.0,254.0,261.0,268.0,335.0,352.0,475.0,526.0,542.0,551.0,559.0,567.0,574.0,606.0,702.0,778.0,796.0,820.0,825.0,825.0,856.0,889.0,894.0,895.0,926.0,946.0,972.0,979.0,980.0,
6.0,15.0,27.0,31.0,42.0,95.0,102.0,144.0,145.0,154.0,161.0,181.0,196.0,232.0,237.0,267.0,271.0,280.0,285.0,329.0,351.0,362.0,403.0,425.0,445.0,455.0,506.0,523.0,535.0,597.0,688.0,759.0,761.0,783.0,803.0,834.0,870.0,873.0,921.0,945.0,984.0,987.0,
10.0,13.0,22.0,45.0,47.0,63.0,70.0,75.0,85.0,129.0,130.0,132.0,153.0,198.0,234.0,239.0,262.0,304.0,306.0,307.0,323.0,330.0,337.0,358.0,362.0,399.0,540.0,547.0,570.0,624.0,630.0,694.0,695.0,710.0,745.0,793.0,897.0,942.0,974.0,975.0,
35.0,46.0,113.0,204.0,212.0,290.0,463.0,516.0,536.0,554.0,555.0,576.0,578.0,593.0,618.0,619.0,639.0,688.0,721.0,744.0,755.0,769.0,771.0,854.0,857.0,870.0,912.0,968.0,
7.0,7.0,32.0,40.0,83.0,141.0,147.0,155.0,175.0,184.0,195.0,199.0,207.0,240.0,255.0,384.0,384.0,387.0,436.0,466.0,489.0,548.0,565.0,566.0,589.0,600.0,607.0,635.0,715.0,719.0,731.0,786.0,833.0,911.0,922.0,964.0,968.0,
3.0,29.0,104.0,148.0,182.0,213.0,234.0,272.0,275.0,335.0,353.0,384.0,392.0,411.0,413.0,434.0,490.0,505.0,522.0,530.0,560.0,561.0,623.0,630.0,636.0,648.0,707.0,724.0,737.0,772.0,801.0,835.0,854.0,878.0,924.0,966.0,
5.0,10.0,16.0,26.0,52.0,68.0,80.0,126.0,151.0,160.0,180.0,194.0,246.0,304.0,313.0,339.0,472.0,534.0,538.0,540.0,545.0,545.0,546.0,556.0,564.0,573.0,577.0,578.0,580.0,580.0,588.0,593.0,595.0,604.0,629.0,632.0,635.0,639.0,646.0,649.0,649.0,671.0,677.0,679.0,684.0,689.0,691.0,697.0,712.0,716.0,730.0,753.0,764.0,784.0,785.0,791.0,810.0,838.0,858.0,888.0,896.0,931.0,943.0,958.0,
90.0,159.0,163.0,171.0,185.0,209.0,297.0,302.0,392.0,404.0,439.0,453.0,462.0,496.0,499.0,527.0,531.0,544.0,546.0,554.0,560.0,561.0,565.0,567.0,571.0,575.0,575.0,578.0,590.0,593.0,599.0,601.0,628.0,632.0,654.0,657.0,658.0,662.0,672.0,676.0,692.0,692.0,718.0,722.0,728.0,744.0,750.0,752.0,754.0,755.0,769.0,806.0,820.0,826.0,829.0,834.0,839.0,844.0,846.0,848.0,876.0,881.0,891.0,920.0,926.0,930.0,948.0,980.0,986.0,
16.0,17.0,23.0,25.0,35.0,44.0,59.0,114.0,135.0,206.0,279.0,343.0,359.0,386.0,427.0,433.0,451.0,485.0,489.0,497.0,504.0,521.0,521.0,530.0,533.0,540.0,544.0,548.0,559.0,563.0,563.0,566.0,568.0,569.0,576.0,579.0,579.0,588.0,588.0,592.0,595.0,598.0,606.0,612.0,619.0,619.0,626.0,628.0,642.0,658.0,661.0,689.0,698.0,713.0,752.0,754.0,792.0,798.0,810.0,818.0,833.0,849.0,913.0,935.0,936.0,951.0,955.0,978.0,993.0,997.0,1000.0,
91.0,100.0,124.0,148.0,185.0,207.0,212.0,358.0,389.0,447.0,478.0,486.0,505.0,507.0,513.0,517.0,523.0,531.0,547.0,554.0,562.0,563.0,577.0,599.0,641.0,641.0,648.0,669.0,671.0,703.0,704.0,704.0,708.0,713.0,739.0,742.0,744.0,789.0,794.0,796.0,807.0,831.0,837.0,872.0,872.0,883.0,886.0,886.0,888.0,889.0,890.0,899.0,909.0,933.0,934.0,937.0,945.0,952.0,953.0,956.0,960.0,971.0,
21.0,44.0,57.0,104.0,151.0,199.0,209.0,216.0,224.0,297.0,345.0,368.0,379.0,392.0,412.0,440.0,442.0,454.0,460.0,524.0,531.0,545.0,551.0,578.0,578.0,585.0,598.0,607.0,610.0,626.0,636.0,641.0,652.0,661.0,665.0,683.0,684.0,712.0,716.0,721.0,730.0,734.0,735.0,747.0,751.0,801.0,803.0,811.0,821.0,839.0,863.0,865.0,868.0,880.0,890.0,896.0,944.0,959.0,
120.0,160.0,203.0,206.0,229.0,232.0,280.0,309.0,317.0,333.0,344.0,350.0,376.0,387.0,419.0,421.0,425.0,467.0,495.0,610.0,629.0,712.0,777.0,785.0,804.0,826.0,904.0,920.0,927.0,985.0,987.0,1000.0,
7.0,17.0,35.0,45.0,55.0,58.0,66.0,105.0,112.0,139.0,153.0,163.0,164.0,176.0,185.0,187.0,198.0,290.0,316.0,343.0,365.0,426.0,441.0,528.0,583.0,594.0,607.0,655.0,656.0,681.0,713.0,747.0,756.0,779.0,798.0,837.0,869.0,872.0,893.0,921.0,962.0,972.0,977.0,
62.0,75.0,78.0,129.0,150.0,210.0,220.0,251.0,282.0,311.0,363.0,378.0,382.0,400.0,432.0,433.0,442.0,451.0,492.0,517.0,594.0,631.0,658.0,663.0,670.0,704.0,714.0,722.0,758.0,801.0,802.0,880.0,881.0,898.0,930.0,954.0,985.0,
45.0,54.0,58.0,62.0,87.0,95.0,102.0,117.0,118.0,126.0,181.0,187.0,299.0,464.0,466.0,520.0,559.0,613.0,713.0,739.0,785.0,790.0,826.0,861.0,893.0,927.0,927.0,933.0,937.0,955.0,
107.0,127.0,158.0,166.0,175.0,277.0,278.0,302.0,383.0,428.0,461.0,469.0,471.0,478.0,488.0,520.0,555.0,590.0,612.0,637.0,678.0,690.0,693.0,742.0,757.0,765.0,779.0,838.0,847.0,882.0,899.0,951.0,994.0,
54.0,60.0,69.0,169.0,175.0,218.0,262.0,299.0,325.0,385.0,399.0,433.0,463.0,466.0,496.0,502.0,515.0,524.0,530.0,534.0,536.0,539.0,546.0,547.0,549.0,553.0,553.0,559.0,565.0,573.0,577.0,586.0,597.0,598.0,599.0,600.0,612.0,618.0,618.0,631.0,637.0,652.0,656.0,657.0,662.0,666.0,675.0,679.0,686.0,695.0,695.0,701.0,717.0,719.0,783.0,802.0,804.0,827.0,836.0,852.0,879.0,898.0,902.0,906.0,927.0,942.0,948.0,952.0,979.0,
20.0,36.0,80.0,90.0,94.0,112.0,127.0,140.0,146.0,232.0,288.0,297.0,351.0,489.0,533.0,535.0,536.0,546.0,546.0,551.0,552.0,553.0,556.0,567.0,567.0,569.0,582.0,584.0,589.0,591.0,608.0,613.0,614.0,622.0,631.0,635.0,649.0,657.0,687.0,709.0,726.0,733.0,734.0,738.0,740.0,750.0,751.0,792.0,801.0,873.0,874.0,899.0,899.0,924.0,935.0,958.0,990.0,992.0,
87.0,102.0,120.0,171.0,196.0,198.0,214.0,227.0,231.0,246.0,269.0,294.0,315.0,353.0,363.0,375.0,379.0,387.0,403.0,455.0,465.0,473.0,485.0,504.0,505.0,523.0,523.0,525.0,532.0,535.0,539.0,540.0,541.0,547.0,555.0,557.0,557.0,559.0,560.0,568.0,580.0,584.0,606.0,615.0,620.0,623.0,623.0,624.0,637.0,639.0,641.0,649.0,653.0,657.0,668.0,697.0,698.0,714.0,730.0,757.0,777.0,781.0,826.0,831.0,860.0,881.0,884.0,889.0,894.0,899.0,916.0,928.0,931.0,948.0,975.0,
10.0,109.0,112.0,113.0,182.0,197.0,197.0,217.0,283.0,291.0,338.0,361.0,362.0,393.0,397.0,410.0,429.0,453.0,517.0,518.0,522.0,529.0,530.0,540.0,551.0,557.0,562.0,564.0,565.0,567.0,592.0,611.0,613.0,644.0,655.0,656.0,668.0,681.0,686.0,703.0,719.0,726.0,726.0,737.0,741.0,800.0,818.0,819.0,820.0,838.0,863.0,875.0,889.0,892.0,961.0,
32.0,67.0,98.0,137.0,169.0,180.0,204.0,205.0,312.0,343.0,353.0,377.0,382.0,427.0,473.0,478.0,480.0,513.0,514.0,524.0,529.0,533.0,536.0,537.0,537.0,546.0,565.0,567.0,569.0,575.0,579.0,579.0,581.0,583.0,590.0,600.0,610.0,617.0,624.0,631.0,634.0,635.0,645.0,654.0,658.0,667.0,672.0,677.0,688.0,694.0,726.0,727.0,728.0,732.0,741.0,742.0,774.0,778.0,791.0,799.0,849.0,863.0,887.0,888.0,968.0,972.0,1000.0,
18.0,41.0,83.0,89.0,99.0,142.0,181.0,192.0,228.0,249.0,250.0,265.0,277.0,303.0,308.0,314.0,416.0,426.0,470.0,495.0,497.0,506.0,506.0,514.0,521.0,540.0,551.0,555.0,560.0,618.0,623.0,635.0,657.0,694.0,733.0,734.0,828.0,867.0,945.0,
19.0,79.0,98.0,99.0,139.0,143.0,153.0,183.0,210.0,212.0,275.0,314.0,358.0,417.0,459.0,483.0,494.0,518.0,518.0,532.0,635.0,670.0,676.0,685.0,700.0,710.0,736.0,765.0,800.0,829.0,832.0,848.0,865.0,876.0,901.0,955.0,967.0,967.0,
6.0,18.0,44.0,57.0,94.0,101.0,115.0,123.0,130.0,144.0,172.0,183.0,201.0,272.0,282.0,293.0,313.0,336.0,374.0,392.0,431.0,442.0,503.0,525.0,543.0,626.0,629.0,643.0,690.0,701.0,712.0,713.0,773.0,778.0,798.0,863.0,893.0,923.0,926.0,
10.0,64.0,87.0,126.0,131.0,131.0,149.0,151.0,159.0,207.0,242.0,260.0,291.0,343.0,361.0,376.0,377.0,412.0,462.0,493.0,526.0,528.0,543.0,558.0,620.0,627.0,647.0,647.0,712.0,753.0,756.0,766.0,788.0,830.0,872.0,876.0,881.0,945.0,947.0,982.0,
77.0,99.0,111.0,118.0,144.0,202.0,227.0,277.0,295.0,306.0,309.0,368.0,389.0,415.0,434.0,458.0,471.0,486.0,509.0,550.0,583.0,591.0,655.0,661.0,668.0,713.0,718.0,724.0,787.0,903.0,937.0,
22.0,41.0,89.0,120.0,189.0,208.0,224.0,243.0,286.0,286.0,297.0,306.0,328.0,354.0,378.0,423.0,466.0,504.0,517.0,519.0,522.0,532.0,532.0,546.0,546.0,557.0,558.0,559.0,570.0,573.0,576.0,579.0,585.0,596.0,600.0,637.0,657.0,676.0,688.0,702.0,702.0,704.0,708.0,709.0,749.0,771.0,774.0,774.0,775.0,779.0,780.0,820.0,826.0,831.0,832.0,834.0,853.0,870.0,877.0,878.0,882.0,891.0,918.0,926.0,998.0,
24.0,82.0,102.0,137.0,142.0,145.0,189.0,222.0,242.0,264.0,279.0,317.0,370.0,392.0,413.0,420.0,455.0,456.0,477.0,506.0,529.0,535.0,541.0,551.0,553.0,555.0,555.0,557.0,559.0,564.0,569.0,572.0,582.0,587.0,594.0,596.0,629.0,640.0,649.0,652.0,678.0,681.0,687.0,700.0,707.0,742.0,781.0,793.0,805.0,820.0,840.0,868.0,871.0,892.0,901.0,913.0,921.0,925.0,960.0,995.0,
7.0,20.0,80.0,99.0,152.0,172.0,181.0,203.0,216.0,226.0,227.0,292.0,307.0,312.0,336.0,353.0,359.0,366.0,382.0,396.0,413.0,466.0,513.0,521.0,522.0,525.0,526.0,535.0,536.0,537.0,546.0,546.0,549.0,558.0,559.0,560.0,562.0,566.0,568.0,570.0,586.0,588.0,588.0,590.0,601.0,605.0,616.0,623.0,655.0,671.0,674.0,685.0,692.0,693.0,696.0,705.0,719.0,744.0,757.0,757.0,773.0,773.0,778.0,780.0,781.0,785.0,787.0,797.0,810.0,810.0,811.0,817.0,836.0,853.0,860.0,861.0,863.0,872.0,884.0,904.0,907.0,910.0,922.0,941.0,953.0,965.0,972.0,972.0,987.0,996.0,
51.0,82.0,95.0,96.0,135.0,198.0,206.0,224.0,237.0,276.0,292.0,337.0,363.0,380.0,382.0,469.0,475.0,482.0,483.0,511.0,532.0,535.0,535.0,538.0,554.0,557.0,560.0,561.0,569.0,586.0,592.0,593.0,595.0,595.0,597.0,598.0,599.0,603.0,608.0,612.0,616.0,618.0,634.0,639.0,646.0,655.0,659.0,667.0,701.0,705.0,728.0,728.0,730.0,735.0,741.0,767.0,773.0,780.0,792.0,808.0,826.0,829.0,830.0,852.0,858.0,870.0,870.0,872.0,882.0,884.0,887.0,915.0,941.0,942.0,943.0,953.0,957.0,970.0,977.0,987.0,988.0,992.0,
11.0,67.0,142.0,161.0,166.0,171.0,179.0,199.0,220.0,277.0,285.0,293.0,336.0,356.0,360.0,390.0,427.0,521.0,526.0,534.0,535.0,541.0,546.0,556.0,559.0,562.0,566.0,568.0,577.0,592.0,592.0,594.0,597.0,601.0,612.0,615.0,618.0,659.0,691.0,696.0,704.0,723.0,730.0,734.0,742.0,747.0,755.0,762.0,762.0,774.0,778.0,782.0,819.0,833.0,835.0,858.0,867.0,892.0,899.0,900.0,912.0,914.0,920.0,923.0,925.0,927.0,952.0,955.0,972.0,981.0,989.0,991.0,994.0,996.0,
43.0,101.0,120.0,121.0,135.0,151.0,155.0,156.0,162.0,170.0,174.0,201.0,248.0,303.0,317.0,336.0,342.0,404.0,425.0,439.0,439.0,446.0,457.0,467.0,469.0,484.0,497.0,520.0,533.0,539.0,542.0,587.0,648.0,684.0,780.0,875.0,941.0,967.0,
6.0,42.0,52.0,89.0,113.0,127.0,137.0,254.0,255.0,266.0,350.0,366.0,389.0,406.0,455.0,495.0,507.0,526.0,527.0,539.0,640.0,675.0,687.0,709.0,721.0,730.0,735.0,759.0,776.0,817.0,822.0,878.0,931.0,937.0,986.0,
27.0,87.0,302.0,327.0,331.0,351.0,355.0,356.0,374.0,432.0,517.0,545.0,562.0,569.0,585.0,606.0,613.0,644.0,680.0,699.0,751.0,763.0,779.0,795.0,835.0,860.0,881.0,895.0,911.0,921.0,945.0,
3.0,26.0,39.0,100.0,111.0,134.0,137.0,173.0,185.0,208.0,208.0,226.0,234.0,262.0,265.0,272.0,288.0,302.0,309.0,346.0,348.0,413.0,425.0,445.0,469.0,475.0,487.0,519.0,542.0,594.0,621.0,630.0,632.0,661.0,691.0,694.0,728.0,801.0,843.0,862.0,914.0,928.0,930.0,932.0,938.0,
65.0,108.0,115.0,170.0,183.0,209.0,209.0,268.0,306.0,320.0,324.0,411.0,499.0,565.0,610.0,689.0,692.0,781.0,871.0,887.0,942.0,951.0,993.0,
16.0,17.0,20.0,58.0,84.0,86.0,133.0,148.0,171.0,180.0,227.0,317.0,376.0,392.0,433.0,476.0,480.0,502.0,515.0,549.0,554.0,592.0,612.0,644.0,653.0,703.0,740.0,746.0,750.0,751.0,776.0,776.0,816.0,842.0,885.0,888.0,896.0,926.0,944.0,956.0,963.0,974.0,
88.0,129.0,150.0,154.0,187.0,193.0,197.0,203.0,243.0,264.0,275.0,281.0,309.0,331.0,407.0,429.0,434.0,441.0,450.0,457.0,475.0,514.0,526.0,531.0,539.0,547.0,549.0,557.0,571.0,594.0,603.0,603.0,609.0,622.0,626.0,636.0,636.0,643.0,643.0,644.0,647.0,669.0,698.0,719.0,721.0,728.0,734.0,738.0,745.0,748.0,758.0,790.0,795.0,817.0,862.0,883.0,891.0,892.0,905.0,917.0,919.0,925.0,942.0,949.0,986.0,
2.0,15.0,93.0,113.0,145.0,200.0,225.0,269.0,282.0,312.0,318.0,473.0,497.0,513.0,518.0,519.0,533.0,533.0,533.0,539.0,542.0,545.0,545.0,549.0,560.0,560.0,586.0,596.0,601.0,609.0,613.0,622.0,622.0,641.0,648.0,664.0,666.0,668.0,671.0,673.0,681.0,713.0,729.0,741.0,741.0,758.0,772.0,830.0,863.0,904.0,919.0,949.0,959.0,961.0,967.0,976.0,
3.0,10.0,36.0,89.0,95.0,125.0,268.0,282.0,312.0,397.0,400.0,427.0,476.0,506.0,521.0,556.0,563.0,571.0,576.0,580.0,592.0,600.0,654.0,657.0,662.0,671.0,744.0,755.0,808.0,886.0,894.0,910.0,912.0,937.0,951.0,972.0,
34.0,35.0,54.0,112.0,141.0,186.0,187.0,187.0,224.0,252.0,254.0,264.0,275.0,333.0,343.0,370.0,398.0,401.0,422.0,430.0,498.0,533.0,537.0,540.0,550.0,567.0,610.0,614.0,630.0,650.0,650.0,650.0,737.0,743.0,744.0,748.0,760.0,772.0,785.0,808.0,868.0,883.0,919.0,925.0,928.0,931.0,932.0,997.0,
22.0,42.0,65.0,106.0,137.0,149.0,156.0,157.0,162.0,318.0,403.0,415.0,442.0,458.0,462.0,513.0,517.0,567.0,570.0,579.0,598.0,639.0,640.0,669.0,765.0,776.0,805.0,821.0,846.0,934.0,965.0,975.0,1000.0,
11.0,45.0,95.0,117.0,167.0,189.0,205.0,206.0,234.0,240.0,243.0,281.0,320.0,322.0,346.0,384.0,402.0,404.0,539.0,606.0,619.0,620.0,625.0,674.0,718.0,933.0,970.0,994.0,
11.0,32.0,53.0,63.0,77.0,98.0,178.0,212.0,218.0,269.0,272.0,367.0,397.0,424.0,468.0,520.0,522.0,531.0,536.0,548.0,563.0,567.0,592.0,615.0,629.0,674.0,722.0,731.0,787.0,815.0,820.0,821.0,834.0,897.0,921.0,923.0,972.0,
45.0,47.0,50.0,103.0,175.0,218.0,320.0,370.0,381.0,384.0,412.0,438.0,500.0,561.0,564.0,572.0,580.0,590.0,604.0,619.0,621.0,627.0,644.0,656.0,719.0,724.0,740.0,769.0,828.0,838.0,841.0,846.0,868.0,884.0,920.0,934.0,947.0,956.0,958.0,971.0,974.0,984.0,985.0,991.0,
12.0,20.0,59.0,87.0,99.0,114.0,119.0,132.0,132.0,174.0,181.0,232.0,267.0,287.0,335.0,342.0,380.0,391.0,438.0,482.0,484.0,487.0,494.0,528.0,530.0,546.0,563.0,565.0,681.0,711.0,716.0,780.0,801.0,822.0,896.0,915.0,978.0,981.0,
15.0,71.0,73.0,236.0,272.0,331.0,401.0,412.0,462.0,535.0,542.0,571.0,573.0,598.0,607.0,684.0,699.0,707.0,711.0,754.0,800.0,835.0,839.0,994.0,
66.0,97.0,110.0,139.0,162.0,173.0,191.0,242.0,277.0,290.0,340.0,425.0,427.0,440.0,481.0,489.0,539.0,557.0,592.0,653.0,667.0,693.0,786.0,863.0,866.0,913.0,922.0,
23.0,32.0,57.0,101.0,167.0,207.0,285.0,302.0,309.0,325.0,344.0,361.0,447.0,461.0,462.0,482.0,516.0,521.0,539.0,555.0,556.0,563.0,599.0,606.0,621.0,637.0,663.0,724.0,894.0,924.0,974.0,983.0,
58.0,60.0,98.0,126.0,153.0,242.0,246.0,256.0,290.0,310.0,430.0,434.0,507.0,530.0,565.0,703.0,772.0,778.0,861.0,864.0,895.0,
104.0,108.0,149.0,161.0,195.0,215.0,265.0,339.0,363.0,382.0,384.0,415.0,426.0,436.0,469.0,538.0,564.0,573.0,616.0,625.0,631.0,647.0,655.0,668.0,670.0,687.0,703.0,734.0,809.0,810.0,832.0,917.0,921.0,942.0,
2.0,13.0,45.0,51.0,89.0,123.0,136.0,165.0,189.0,207.0,269.0,282.0,302.0,310.0,311.0,328.0,330.0,368.0,372.0,400.0,403.0,410.0,417.0,420.0,422.0,516.0,516.0,522.0,526.0,540.0,585.0,715.0,788.0,798.0,799.0,916.0,934.0,956.0,1000.0,
20.0,31.0,45.0,91.0,143.0,177.0,275.0,315.0,348.0,381.0,385.0,393.0,459.0,466.0,469.0,521.0,534.0,556.0,566.0,624.0,630.0,650.0,688.0,713.0,715.0,717.0,729.0,780.0,826.0,834.0,945.0,952.0,976.0,978.0,
11.0,53.0,101.0,114.0,122.0,142.0,146.0,192.0,198.0,232.0,235.0,235.0,248.0,289.0,319.0,356.0,372.0,374.0,376.0,425.0,440.0,469.0,473.0,502.0,532.0,548.0,585.0,595.0,601.0,606.0,612.0,614.0,636.0,642.0,668.0,729.0,743.0,746.0,764.0,787.0,854.0,881.0,890.0,907.0,939.0,957.0,969.0,987.0,
5.0,21.0,37.0,98.0,136.0,178.0,190.0,212.0,221.0,234.0,282.0,314.0,315.0,348.0,374.0,401.0,421.0,434.0,447.0,462.0,463.0,467.0,475.0,510.0,522.0,552.0,561.0,573.0,603.0,649.0,651.0,805.0,815.0,841.0,847.0,896.0,
2.0,6.0,29.0,58.0,82.0,157.0,214.0,281.0,289.0,297.0,299.0,304.0,353.0,370.0,379.0,465.0,476.0,568.0,571.0,604.0,633.0,646.0,742.0,780.0,784.0,798.0,820.0,918.0,932.0,932.0,942.0,976.0,
8.0,10.0,17.0,47.0,67.0,111.0,114.0,149.0,150.0,156.0,184.0,311.0,379.0,379.0,468.0,474.0,600.0,695.0,701.0,726.0,753.0,769.0,773.0,810.0,844.0,880.0,901.0,959.0,967.0,989.0,
7.0,44.0,50.0,107.0,116.0,183.0,194.0,269.0,306.0,335.0,349.0,353.0,371.0,372.0,408.0,425.0,428.0,448.0,450.0,481.0,489.0,492.0,497.0,553.0,588.0,670.0,739.0,778.0,800.0,808.0,828.0,875.0,898.0,908.0,940.0,946.0,
52.0,56.0,56.0,109.0,180.0,233.0,245.0,245.0,298.0,305.0,325.0,328.0,457.0,495.0,509.0,529.0,579.0,624.0,666.0,684.0,752.0,791.0,795.0,805.0,810.0,817.0,827.0,846.0,881.0,914.0,946.0,952.0,1000.0,
21.0,40.0,59.0,102.0,103.0,144.0,153.0,158.0,166.0,192.0,199.0,253.0,265.0,280.0,296.0,325.0,386.0,412.0,413.0,423.0,440.0,445.0,472.0,500.0,510.0,571.0,585.0,597.0,629.0,657.0,675.0,789.0,806.0,807.0,808.0,826.0,835.0,835.0,845.0,854.0,948.0,948.0,984.0,986.0,990.0,998.0,
2.0,44.0,57.0,59.0,149.0,206.0,221.0,242.0,264.0,264.0,302.0,349.0,360.0,362.0,377.0,397.0,401.0,412.0,448.0,495.0,528.0,551.0,581.0,620.0,649.0,649.0,702.0,733.0,740.0,830.0,831.0,838.0,921.0,969.0,999.0,999.0,
5.0,27.0,44.0,58.0,62.0,119.0,145.0,170.0,269.0,286.0,295.0,385.0,420.0,423.0,425.0,478.0,530.0,530.0,550.0,559.0,561.0,601.0,627.0,668.0,682.0,735.0,764.0,790.0,857.0,907.0,940.0,946.0,955.0,957.0,969.0,980.0,
24.0,24.0,124.0,145.0,146.0,158.0,174.0,175.0,195.0,254.0,301.0,314.0,323.0,372.0,420.0,461.0,474.0,486.0,548.0,551.0,556.0,574.0,706.0,730.0,756.0,899.0,901.0,901.0,935.0,937.0,950.0,963.0,989.0,994.0,996.0,1000.0,
