12.0,51.0,56.0,60.0,89.0,154.0,185.0,211.0,238.0,241.0,268.0,269.0,290.0,419.0,478.0,525.0,579.0,588.0,615.0,626.0,639.0,679.0,728.0,735.0,742.0,756.0,784.0,789.0,842.0,900.0,923.0,929.0,940.0,940.0,964.0,
7.0,18.0,68.0,70.0,230.0,259.0,316.0,318.0,319.0,333.0,354.0,356.0,415.0,495.0,502.0,510.0,512.0,524.0,556.0,557.0,584.0,593.0,673.0,675.0,684.0,723.0,747.0,770.0,819.0,846.0,922.0,928.0,932.0,
154.0,285.0,315.0,324.0,332.0,360.0,447.0,464.0,484.0,510.0,530.0,546.0,582.0,620.0,625.0,673.0,681.0,687.0,697.0,699.0,730.0,736.0,747.0,763.0,826.0,827.0,833.0,838.0,845.0,865.0,875.0,938.0,
42.0,52.0,86.0,154.0,172.0,175.0,193.0,263.0,292.0,319.0,343.0,351.0,356.0,371.0,384.0,392.0,400.0,411.0,414.0,415.0,449.0,471.0,510.0,513.0,524.0,555.0,607.0,612.0,643.0,655.0,666.0,683.0,729.0,734.0,761.0,762.0,767.0,769.0,772.0,800.0,835.0,836.0,838.0,841.0,865.0,867.0,893.0,902.0,911.0,924.0,935.0,937.0,972.0,973.0,993.0,
3.0,40.0,77.0,85.0,142.0,202.0,240.0,249.0,250.0,269.0,298.0,306.0,343.0,409.0,425.0,435.0,444.0,447.0,573.0,654.0,674.0,717.0,719.0,758.0,793.0,868.0,870.0,883.0,907.0,932.0,948.0,958.0,972.0,973.0,975.0,995.0,
31.0,46.0,82.0,89.0,135.0,145.0,170.0,184.0,211.0,279.0,321.0,342.0,449.0,453.0,453.0,484.0,488.0,668.0,692.0,706.0,737.0,827.0,855.0,894.0,894.0,979.0,
10.0,41.0,42.0,44.0,89.0,99.0,101.0,150.0,150.0,247.0,293.0,309.0,402.0,487.0,621.0,637.0,653.0,658.0,666.0,701.0,719.0,730.0,776.0,896.0,937.0,960.0,995.0,
5.0,13.0,13.0,28.0,42.0,106.0,109.0,136.0,177.0,193.0,229.0,249.0,251.0,279.0,346.0,366.0,402.0,403.0,406.0,438.0,447.0,510.0,542.0,580.0,587.0,603.0,616.0,709.0,743.0,777.0,784.0,789.0,790.0,834.0,846.0,861.0,866.0,883.0,953.0,987.0,989.0,
16.0,25.0,27.0,59.0,60.0,82.0,98.0,122.0,136.0,155.0,183.0,207.0,219.0,244.0,247.0,300.0,358.0,362.0,383.0,465.0,519.0,554.0,567.0,589.0,621.0,644.0,653.0,654.0,675.0,730.0,769.0,772.0,821.0,837.0,862.0,892.0,928.0,950.0,952.0,979.0,
5.0,18.0,37.0,81.0,104.0,128.0,174.0,174.0,194.0,259.0,302.0,307.0,323.0,376.0,388.0,419.0,469.0,500.0,601.0,662.0,680.0,711.0,774.0,777.0,785.0,820.0,827.0,883.0,890.0,900.0,901.0,946.0,965.0,969.0,997.0,
6.0,18.0,58.0,98.0,159.0,207.0,218.0,255.0,267.0,292.0,299.0,319.0,334.0,366.0,427.0,493.0,522.0,569.0,599.0,615.0,676.0,686.0,723.0,750.0,756.0,819.0,843.0,854.0,878.0,895.0,914.0,918.0,961.0,
15.0,80.0,108.0,130.0,140.0,197.0,198.0,211.0,223.0,229.0,242.0,264.0,327.0,327.0,348.0,353.0,379.0,390.0,434.0,471.0,493.0,519.0,551.0,558.0,603.0,637.0,656.0,663.0,672.0,681.0,694.0,718.0,719.0,720.0,731.0,741.0,793.0,800.0,804.0,817.0,843.0,848.0,857.0,882.0,918.0,981.0,997.0,
31.0,58.0,71.0,85.0,142.0,147.0,150.0,164.0,167.0,172.0,183.0,185.0,205.0,239.0,333.0,362.0,362.0,368.0,368.0,375.0,437.0,657.0,669.0,696.0,701.0,702.0,759.0,781.0,878.0,924.0,942.0,983.0,
35.0,53.0,59.0,73.0,130.0,139.0,147.0,203.0,224.0,271.0,281.0,295.0,348.0,361.0,364.0,366.0,366.0,376.0,394.0,445.0,471.0,495.0,501.0,
7.0,9.0,62.0,65.0,68.0,81.0,82.0,104.0,114.0,131.0,132.0,189.0,194.0,239.0,259.0,297.0,323.0,328.0,356.0,427.0,427.0,446.0,
21.0,39.0,109.0,129.0,145.0,162.0,229.0,229.0,256.0,305.0,330.0,340.0,381.0,394.0,407.0,449.0,456.0,462.0,
22.0,22.0,91.0,105.0,154.0,164.0,177.0,211.0,259.0,261.0,283.0,285.0,330.0,346.0,354.0,377.0,404.0,470.0,500.0,
17.0,48.0,96.0,127.0,131.0,193.0,201.0,209.0,223.0,226.0,277.0,291.0,327.0,367.0,389.0,444.0,450.0,458.0,482.0,
33.0,78.0,100.0,101.0,143.0,191.0,214.0,249.0,257.0,264.0,291.0,368.0,382.0,393.0,402.0,424.0,427.0,466.0,486.0,499.0,619.0,657.0,722.0,746.0,775.0,858.0,864.0,889.0,922.0,953.0,962.0,976.0,979.0,
2.0,3.0,9.0,15.0,29.0,68.0,74.0,83.0,125.0,214.0,216.0,282.0,309.0,318.0,335.0,362.0,402.0,421.0,486.0,490.0,497.0,515.0,547.0,568.0,603.0,613.0,623.0,639.0,661.0,675.0,701.0,732.0,754.0,791.0,801.0,803.0,824.0,840.0,900.0,912.0,913.0,931.0,944.0,
55.0,70.0,73.0,103.0,112.0,121.0,160.0,218.0,276.0,281.0,331.0,397.0,413.0,471.0,472.0,477.0,488.0,538.0,543.0,556.0,600.0,625.0,648.0,648.0,650.0,652.0,668.0,670.0,689.0,727.0,754.0,764.0,767.0,770.0,778.0,805.0,813.0,854.0,885.0,893.0,915.0,929.0,930.0,956.0,967.0,
17.0,24.0,77.0,78.0,101.0,101.0,149.0,159.0,202.0,245.0,259.0,262.0,302.0,313.0,349.0,358.0,383.0,475.0,486.0,604.0,661.0,690.0,703.0,709.0,711.0,728.0,762.0,793.0,805.0,823.0,886.0,895.0,967.0,979.0,994.0,
4.0,7.0,76.0,80.0,81.0,97.0,98.0,100.0,153.0,220.0,221.0,246.0,246.0,259.0,262.0,303.0,306.0,313.0,324.0,332.0,337.0,444.0,445.0,487.0,506.0,
62.0,91.0,103.0,139.0,176.0,219.0,277.0,327.0,381.0,411.0,422.0,436.0,438.0,507.0,794.0,815.0,
8.0,15.0,115.0,195.0,209.0,234.0,258.0,282.0,304.0,317.0,357.0,385.0,386.0,417.0,430.0,823.0,825.0,828.0,875.0,926.0,952.0,
17.0,22.0,83.0,110.0,132.0,230.0,265.0,273.0,348.0,426.0,438.0,455.0,485.0,507.0,723.0,738.0,747.0,779.0,783.0,967.0,977.0,
15.0,24.0,24.0,38.0,56.0,78.0,91.0,102.0,194.0,297.0,317.0,368.0,382.0,388.0,391.0,399.0,431.0,443.0,454.0,479.0,491.0,
29.0,81.0,89.0,110.0,116.0,129.0,132.0,161.0,176.0,178.0,244.0,249.0,257.0,326.0,329.0,403.0,470.0,474.0,475.0,
8.0,112.0,177.0,178.0,205.0,212.0,232.0,287.0,314.0,339.0,341.0,371.0,399.0,404.0,404.0,412.0,451.0,464.0,504.0,
59.0,110.0,130.0,159.0,168.0,177.0,233.0,240.0,257.0,269.0,299.0,324.0,343.0,361.0,380.0,435.0,437.0,441.0,488.0,653.0,674.0,697.0,718.0,748.0,769.0,785.0,824.0,826.0,827.0,834.0,856.0,870.0,917.0,925.0,926.0,938.0,948.0,954.0,
18.0,32.0,87.0,93.0,115.0,153.0,187.0,195.0,230.0,230.0,243.0,245.0,246.0,266.0,301.0,325.0,331.0,342.0,412.0,415.0,420.0,425.0,427.0,454.0,458.0,499.0,539.0,571.0,624.0,670.0,675.0,687.0,704.0,787.0,792.0,802.0,834.0,838.0,851.0,854.0,894.0,896.0,906.0,918.0,940.0,955.0,
39.0,184.0,191.0,227.0,265.0,291.0,312.0,388.0,403.0,416.0,859.0,982.0,
8.0,8.0,35.0,41.0,43.0,48.0,104.0,118.0,119.0,129.0,178.0,204.0,207.0,267.0,270.0,280.0,281.0,300.0,304.0,370.0,379.0,383.0,427.0,447.0,490.0,499.0,947.0,967.0,
19.0,27.0,97.0,105.0,119.0,149.0,167.0,210.0,273.0,298.0,345.0,355.0,364.0,368.0,373.0,381.0,423.0,437.0,447.0,447.0,477.0,771.0,870.0,932.0,
10.0,12.0,20.0,71.0,76.0,83.0,168.0,193.0,223.0,230.0,237.0,259.0,264.0,301.0,320.0,345.0,360.0,371.0,389.0,399.0,410.0,417.0,432.0,433.0,484.0,
45.0,93.0,113.0,148.0,200.0,224.0,286.0,297.0,336.0,442.0,454.0,465.0,478.0,498.0,504.0,506.0,723.0,734.0,869.0,955.0,
3.0,16.0,29.0,60.0,73.0,96.0,140.0,154.0,204.0,220.0,231.0,264.0,274.0,326.0,333.0,397.0,414.0,442.0,471.0,780.0,800.0,916.0,955.0,
15.0,79.0,111.0,122.0,126.0,138.0,167.0,169.0,193.0,213.0,228.0,251.0,261.0,337.0,375.0,388.0,396.0,470.0,476.0,489.0,490.0,500.0,508.0,964.0,
57.0,58.0,74.0,140.0,183.0,248.0,278.0,309.0,360.0,384.0,440.0,449.0,474.0,498.0,502.0,507.0,
161.0,188.0,209.0,232.0,268.0,304.0,479.0,486.0,
9.0,12.0,70.0,114.0,133.0,229.0,297.0,310.0,336.0,359.0,368.0,382.0,384.0,385.0,389.0,398.0,426.0,453.0,454.0,474.0,492.0,583.0,604.0,605.0,613.0,613.0,668.0,694.0,761.0,818.0,838.0,842.0,845.0,853.0,857.0,866.0,886.0,897.0,915.0,929.0,936.0,943.0,999.0,999.0,
8.0,13.0,40.0,113.0,178.0,186.0,204.0,234.0,234.0,241.0,261.0,262.0,301.0,302.0,307.0,308.0,322.0,337.0,337.0,344.0,350.0,386.0,386.0,417.0,426.0,448.0,471.0,475.0,476.0,505.0,
29.0,39.0,53.0,79.0,103.0,108.0,229.0,282.0,339.0,342.0,357.0,882.0,912.0,914.0,977.0,
15.0,38.0,41.0,91.0,145.0,156.0,217.0,247.0,263.0,274.0,279.0,310.0,336.0,342.0,359.0,377.0,491.0,919.0,970.0,
8.0,37.0,41.0,62.0,70.0,70.0,99.0,113.0,144.0,154.0,165.0,187.0,190.0,202.0,223.0,264.0,318.0,349.0,379.0,438.0,454.0,500.0,804.0,810.0,900.0,941.0,978.0,999.0,
31.0,32.0,37.0,41.0,44.0,56.0,56.0,104.0,128.0,142.0,150.0,218.0,239.0,256.0,265.0,284.0,293.0,300.0,342.0,348.0,352.0,359.0,364.0,379.0,388.0,395.0,403.0,450.0,488.0,868.0,946.0,967.0,974.0,
11.0,29.0,36.0,62.0,66.0,96.0,110.0,143.0,152.0,177.0,228.0,231.0,235.0,252.0,255.0,390.0,395.0,404.0,458.0,465.0,469.0,730.0,740.0,763.0,770.0,864.0,902.0,952.0,955.0,984.0,995.0,
20.0,30.0,81.0,112.0,112.0,116.0,120.0,131.0,134.0,135.0,155.0,159.0,181.0,189.0,204.0,232.0,235.0,237.0,252.0,255.0,297.0,320.0,323.0,339.0,363.0,386.0,426.0,455.0,459.0,486.0,506.0,767.0,792.0,900.0,908.0,910.0,943.0,956.0,978.0,
5.0,22.0,25.0,61.0,70.0,121.0,136.0,270.0,276.0,295.0,295.0,310.0,376.0,408.0,444.0,482.0,509.0,790.0,842.0,949.0,972.0,
8.0,85.0,144.0,169.0,201.0,210.0,268.0,275.0,300.0,318.0,320.0,359.0,367.0,402.0,488.0,501.0,504.0,
23.0,70.0,85.0,153.0,166.0,225.0,267.0,277.0,284.0,286.0,292.0,319.0,349.0,358.0,359.0,426.0,427.0,431.0,484.0,503.0,611.0,651.0,668.0,712.0,735.0,763.0,807.0,813.0,818.0,825.0,825.0,867.0,905.0,931.0,942.0,966.0,974.0,980.0,984.0,
16.0,18.0,33.0,46.0,54.0,66.0,107.0,117.0,136.0,136.0,144.0,148.0,156.0,169.0,174.0,204.0,221.0,222.0,248.0,301.0,302.0,362.0,368.0,419.0,431.0,468.0,495.0,
11.0,55.0,106.0,109.0,150.0,181.0,188.0,203.0,242.0,275.0,300.0,320.0,352.0,353.0,357.0,462.0,474.0,870.0,977.0,
24.0,38.0,99.0,133.0,144.0,157.0,231.0,233.0,291.0,340.0,362.0,363.0,386.0,388.0,391.0,425.0,467.0,499.0,918.0,
19.0,20.0,25.0,44.0,44.0,63.0,67.0,72.0,83.0,133.0,160.0,199.0,209.0,221.0,234.0,253.0,262.0,368.0,392.0,436.0,466.0,470.0,487.0,500.0,500.0,508.0,815.0,822.0,951.0,
131.0,159.0,192.0,202.0,292.0,294.0,361.0,390.0,406.0,418.0,796.0,873.0,902.0,910.0,
13.0,26.0,49.0,56.0,99.0,139.0,216.0,246.0,258.0,277.0,300.0,312.0,322.0,349.0,384.0,437.0,439.0,451.0,482.0,866.0,868.0,966.0,
3.0,20.0,22.0,30.0,100.0,142.0,143.0,176.0,283.0,283.0,317.0,381.0,391.0,409.0,422.0,468.0,875.0,924.0,993.0,
33.0,63.0,99.0,102.0,116.0,127.0,138.0,171.0,175.0,210.0,215.0,259.0,276.0,286.0,309.0,336.0,353.0,420.0,434.0,437.0,455.0,462.0,481.0,924.0,1000.0,
74.0,86.0,95.0,114.0,117.0,207.0,255.0,270.0,273.0,276.0,280.0,324.0,337.0,341.0,369.0,378.0,396.0,420.0,448.0,451.0,480.0,492.0,
46.0,52.0,66.0,97.0,129.0,134.0,138.0,145.0,154.0,175.0,182.0,189.0,206.0,273.0,275.0,278.0,291.0,334.0,348.0,351.0,366.0,375.0,375.0,389.0,432.0,451.0,477.0,479.0,487.0,574.0,595.0,609.0,621.0,703.0,714.0,743.0,762.0,776.0,792.0,796.0,818.0,859.0,881.0,902.0,958.0,962.0,995.0,
17.0,74.0,93.0,114.0,114.0,141.0,150.0,169.0,190.0,210.0,259.0,293.0,371.0,419.0,425.0,474.0,487.0,497.0,
9.0,15.0,69.0,74.0,102.0,114.0,115.0,159.0,174.0,183.0,215.0,224.0,255.0,268.0,291.0,299.0,346.0,372.0,380.0,395.0,467.0,486.0,816.0,832.0,853.0,
7.0,55.0,65.0,112.0,146.0,161.0,170.0,196.0,200.0,241.0,242.0,250.0,283.0,307.0,312.0,320.0,335.0,351.0,370.0,408.0,408.0,471.0,750.0,754.0,824.0,894.0,
8.0,13.0,57.0,74.0,77.0,86.0,96.0,179.0,192.0,194.0,213.0,218.0,239.0,254.0,309.0,329.0,336.0,413.0,455.0,493.0,783.0,785.0,868.0,
17.0,24.0,28.0,29.0,58.0,91.0,95.0,108.0,111.0,145.0,243.0,293.0,373.0,384.0,387.0,412.0,438.0,460.0,464.0,467.0,491.0,503.0,764.0,780.0,796.0,899.0,926.0,997.0,
56.0,77.0,84.0,88.0,104.0,110.0,123.0,138.0,165.0,228.0,231.0,251.0,291.0,318.0,322.0,435.0,440.0,446.0,486.0,797.0,895.0,908.0,
13.0,33.0,38.0,51.0,149.0,155.0,210.0,213.0,270.0,356.0,389.0,392.0,396.0,432.0,849.0,899.0,953.0,
9.0,38.0,72.0,84.0,132.0,164.0,177.0,214.0,245.0,282.0,284.0,321.0,371.0,418.0,444.0,460.0,465.0,880.0,887.0,897.0,931.0,941.0,
38.0,73.0,160.0,171.0,173.0,196.0,200.0,258.0,270.0,280.0,283.0,292.0,294.0,300.0,328.0,328.0,341.0,349.0,369.0,420.0,444.0,467.0,487.0,500.0,
2.0,3.0,13.0,32.0,76.0,151.0,167.0,228.0,288.0,326.0,335.0,431.0,484.0,490.0,494.0,520.0,605.0,620.0,637.0,647.0,652.0,662.0,678.0,708.0,759.0,763.0,765.0,766.0,768.0,770.0,793.0,814.0,823.0,827.0,849.0,859.0,886.0,919.0,920.0,924.0,955.0,969.0,992.0,998.0,
4.0,54.0,56.0,100.0,162.0,167.0,206.0,256.0,268.0,300.0,331.0,335.0,336.0,347.0,420.0,432.0,443.0,445.0,489.0,492.0,510.0,
33.0,50.0,82.0,95.0,107.0,125.0,134.0,144.0,169.0,197.0,205.0,271.0,272.0,314.0,389.0,416.0,419.0,440.0,460.0,964.0,
68.0,77.0,117.0,166.0,168.0,182.0,272.0,299.0,321.0,359.0,362.0,417.0,432.0,441.0,446.0,447.0,456.0,468.0,497.0,508.0,945.0,
50.0,123.0,173.0,188.0,264.0,279.0,289.0,321.0,371.0,397.0,433.0,442.0,476.0,486.0,496.0,880.0,989.0,
52.0,113.0,124.0,196.0,241.0,260.0,285.0,295.0,355.0,368.0,374.0,376.0,435.0,444.0,459.0,488.0,497.0,504.0,828.0,832.0,849.0,
16.0,25.0,75.0,84.0,116.0,150.0,177.0,183.0,189.0,202.0,203.0,233.0,259.0,275.0,283.0,302.0,318.0,331.0,357.0,371.0,395.0,433.0,447.0,466.0,475.0,481.0,886.0,
68.0,68.0,74.0,87.0,91.0,98.0,166.0,196.0,205.0,262.0,264.0,269.0,352.0,354.0,390.0,400.0,715.0,847.0,904.0,974.0,
19.0,76.0,77.0,152.0,177.0,203.0,306.0,318.0,340.0,365.0,414.0,432.0,434.0,884.0,957.0,
18.0,39.0,42.0,113.0,116.0,136.0,154.0,191.0,203.0,207.0,231.0,231.0,235.0,240.0,244.0,260.0,366.0,369.0,385.0,406.0,421.0,451.0,468.0,482.0,932.0,
7.0,98.0,103.0,212.0,212.0,215.0,279.0,383.0,431.0,440.0,454.0,460.0,469.0,471.0,487.0,515.0,555.0,582.0,594.0,595.0,633.0,637.0,700.0,700.0,736.0,761.0,762.0,777.0,821.0,831.0,840.0,841.0,864.0,872.0,874.0,884.0,887.0,937.0,950.0,984.0,984.0,
38.0,53.0,68.0,82.0,109.0,112.0,123.0,125.0,153.0,250.0,252.0,266.0,271.0,331.0,334.0,348.0,367.0,400.0,687.0,690.0,713.0,725.0,751.0,815.0,821.0,861.0,924.0,938.0,970.0,979.0,987.0,
20.0,34.0,63.0,149.0,151.0,211.0,227.0,254.0,302.0,314.0,318.0,351.0,370.0,378.0,379.0,382.0,498.0,
14.0,41.0,96.0,100.0,119.0,131.0,160.0,172.0,205.0,222.0,334.0,351.0,371.0,390.0,409.0,438.0,458.0,
54.0,75.0,99.0,116.0,142.0,150.0,153.0,154.0,177.0,211.0,216.0,221.0,366.0,371.0,450.0,739.0,
61.0,82.0,181.0,183.0,236.0,252.0,266.0,278.0,323.0,329.0,334.0,354.0,450.0,772.0,849.0,
19.0,29.0,90.0,113.0,139.0,146.0,153.0,221.0,271.0,323.0,389.0,390.0,395.0,480.0,485.0,
29.0,58.0,94.0,107.0,233.0,248.0,277.0,334.0,346.0,350.0,397.0,411.0,440.0,455.0,508.0,
61.0,96.0,143.0,219.0,235.0,246.0,288.0,501.0,
19.0,47.0,48.0,55.0,68.0,79.0,89.0,119.0,148.0,149.0,163.0,214.0,260.0,331.0,344.0,404.0,418.0,427.0,469.0,490.0,510.0,635.0,642.0,667.0,723.0,734.0,773.0,774.0,814.0,822.0,823.0,832.0,872.0,911.0,986.0,
39.0,82.0,102.0,146.0,150.0,157.0,188.0,206.0,232.0,249.0,273.0,293.0,327.0,376.0,393.0,399.0,422.0,500.0,577.0,608.0,633.0,645.0,654.0,657.0,667.0,669.0,723.0,743.0,768.0,813.0,827.0,837.0,839.0,908.0,910.0,944.0,957.0,987.0,987.0,
60.0,62.0,96.0,176.0,201.0,266.0,280.0,290.0,319.0,339.0,362.0,362.0,381.0,438.0,497.0,500.0,517.0,534.0,551.0,585.0,613.0,617.0,638.0,668.0,714.0,740.0,806.0,857.0,859.0,861.0,897.0,944.0,949.0,950.0,981.0,997.0,
3.0,38.0,67.0,100.0,123.0,134.0,147.0,166.0,175.0,203.0,212.0,213.0,217.0,246.0,332.0,420.0,440.0,442.0,455.0,477.0,478.0,478.0,661.0,693.0,699.0,715.0,733.0,794.0,845.0,859.0,860.0,888.0,900.0,912.0,989.0,
31.0,51.0,61.0,65.0,80.0,115.0,172.0,174.0,216.0,220.0,282.0,309.0,421.0,439.0,484.0,497.0,919.0,
22.0,68.0,90.0,120.0,139.0,159.0,194.0,243.0,313.0,314.0,327.0,378.0,433.0,440.0,480.0,489.0,494.0,
9.0,37.0,38.0,40.0,43.0,98.0,136.0,142.0,160.0,188.0,204.0,214.0,270.0,302.0,317.0,321.0,399.0,420.0,478.0,494.0,506.0,
7.0,12.0,49.0,67.0,71.0,104.0,107.0,146.0,265.0,275.0,333.0,362.0,368.0,426.0,475.0,495.0,
16.0,37.0,95.0,121.0,141.0,156.0,159.0,169.0,177.0,190.0,211.0,223.0,255.0,300.0,322.0,330.0,334.0,359.0,385.0,399.0,448.0,
4.0,88.0,103.0,130.0,138.0,170.0,185.0,202.0,246.0,253.0,286.0,298.0,309.0,388.0,428.0,436.0,499.0,620.0,663.0,686.0,697.0,718.0,794.0,882.0,891.0,909.0,928.0,930.0,960.0,962.0,990.0,994.0,
23.0,24.0,117.0,143.0,163.0,202.0,220.0,236.0,312.0,342.0,386.0,404.0,441.0,456.0,485.0,498.0,556.0,574.0,583.0,591.0,592.0,637.0,677.0,703.0,714.0,721.0,730.0,733.0,748.0,779.0,783.0,798.0,830.0,848.0,850.0,851.0,862.0,881.0,891.0,903.0,910.0,924.0,
