36.0,56.0,141.0,219.0,254.0,257.0,268.0,379.0,390.0,427.0,489.0,525.0,582.0,587.0,642.0,670.0,696.0,754.0,757.0,787.0,790.0,804.0,805.0,845.0,869.0,874.0,879.0,881.0,933.0,941.0,945.0,971.0,980.0,
45.0,66.0,92.0,94.0,94.0,95.0,136.0,139.0,163.0,191.0,202.0,214.0,242.0,263.0,270.0,308.0,379.0,386.0,411.0,417.0,591.0,604.0,632.0,653.0,693.0,703.0,705.0,735.0,737.0,752.0,772.0,786.0,790.0,829.0,842.0,962.0,975.0,999.0,
29.0,117.0,155.0,160.0,182.0,207.0,215.0,220.0,261.0,281.0,313.0,332.0,350.0,366.0,410.0,431.0,445.0,466.0,480.0,489.0,553.0,619.0,634.0,639.0,645.0,650.0,677.0,681.0,691.0,752.0,760.0,837.0,842.0,873.0,901.0,914.0,
17.0,28.0,44.0,54.0,60.0,63.0,109.0,121.0,196.0,231.0,244.0,249.0,331.0,333.0,348.0,373.0,375.0,388.0,419.0,442.0,461.0,472.0,497.0,499.0,535.0,650.0,655.0,664.0,679.0,680.0,695.0,718.0,733.0,761.0,812.0,818.0,822.0,824.0,835.0,842.0,867.0,868.0,896.0,906.0,907.0,913.0,919.0,921.0,930.0,965.0,
14.0,23.0,95.0,157.0,179.0,213.0,215.0,235.0,235.0,255.0,258.0,277.0,299.0,324.0,343.0,378.0,469.0,473.0,487.0,488.0,492.0,565.0,614.0,615.0,618.0,630.0,644.0,650.0,675.0,691.0,713.0,716.0,720.0,724.0,728.0,740.0,742.0,749.0,758.0,770.0,787.0,807.0,863.0,980.0,
51.0,54.0,81.0,141.0,205.0,226.0,253.0,315.0,332.0,343.0,380.0,383.0,383.0,396.0,403.0,419.0,436.0,458.0,462.0,695.0,741.0,756.0,785.0,791.0,811.0,833.0,834.0,854.0,857.0,890.0,920.0,940.0,941.0,955.0,957.0,967.0,978.0,989.0,994.0,
63.0,155.0,194.0,235.0,241.0,256.0,266.0,291.0,316.0,353.0,394.0,444.0,483.0,649.0,649.0,656.0,700.0,711.0,714.0,718.0,726.0,749.0,793.0,817.0,819.0,840.0,849.0,863.0,871.0,908.0,921.0,924.0,936.0,952.0,
22.0,99.0,137.0,158.0,164.0,172.0,188.0,191.0,201.0,277.0,290.0,299.0,326.0,390.0,440.0,441.0,453.0,459.0,467.0,468.0,585.0,611.0,619.0,634.0,682.0,725.0,771.0,794.0,811.0,812.0,833.0,843.0,859.0,876.0,924.0,930.0,936.0,947.0,973.0,
5.0,15.0,37.0,39.0,51.0,77.0,84.0,99.0,105.0,115.0,177.0,178.0,218.0,275.0,329.0,343.0,364.0,433.0,485.0,507.0,516.0,538.0,574.0,590.0,624.0,667.0,720.0,734.0,740.0,763.0,767.0,791.0,813.0,814.0,819.0,825.0,826.0,849.0,850.0,879.0,919.0,961.0,973.0,981.0,1000.0,
10.0,35.0,40.0,92.0,345.0,383.0,395.0,426.0,439.0,440.0,456.0,531.0,546.0,564.0,573.0,580.0,596.0,602.0,661.0,720.0,721.0,790.0,847.0,890.0,906.0,939.0,978.0,
27.0,63.0,84.0,85.0,146.0,159.0,161.0,164.0,164.0,171.0,182.0,184.0,208.0,246.0,281.0,363.0,369.0,378.0,403.0,418.0,465.0,514.0,522.0,547.0,590.0,616.0,654.0,705.0,725.0,756.0,814.0,850.0,893.0,903.0,911.0,924.0,925.0,939.0,943.0,
10.0,50.0,129.0,207.0,211.0,253.0,279.0,346.0,374.0,440.0,460.0,468.0,472.0,485.0,494.0,502.0,503.0,550.0,571.0,584.0,619.0,620.0,623.0,627.0,645.0,669.0,676.0,686.0,708.0,716.0,740.0,766.0,799.0,826.0,891.0,899.0,942.0,957.0,965.0,976.0,990.0,1000.0,
2.0,24.0,30.0,36.0,66.0,70.0,73.0,107.0,142.0,145.0,161.0,167.0,210.0,219.0,224.0,254.0,265.0,270.0,286.0,323.0,332.0,370.0,381.0,386.0,430.0,454.0,505.0,672.0,717.0,734.0,755.0,758.0,773.0,804.0,806.0,819.0,828.0,835.0,850.0,946.0,962.0,
23.0,36.0,66.0,67.0,191.0,196.0,215.0,234.0,236.0,265.0,318.0,326.0,349.0,360.0,372.0,389.0,428.0,432.0,461.0,478.0,860.0,
41.0,52.0,53.0,112.0,157.0,191.0,208.0,275.0,278.0,278.0,331.0,332.0,347.0,361.0,366.0,
3.0,34.0,60.0,100.0,138.0,180.0,223.0,248.0,257.0,277.0,290.0,319.0,344.0,405.0,463.0,
7.0,43.0,60.0,88.0,116.0,173.0,216.0,260.0,325.0,329.0,404.0,410.0,420.0,
41.0,51.0,63.0,68.0,104.0,124.0,161.0,231.0,249.0,319.0,323.0,347.0,352.0,369.0,405.0,410.0,421.0,434.0,464.0,477.0,485.0,504.0,505.0,
17.0,18.0,46.0,55.0,67.0,88.0,114.0,117.0,123.0,180.0,181.0,196.0,214.0,268.0,280.0,283.0,294.0,309.0,313.0,318.0,359.0,459.0,474.0,509.0,681.0,722.0,737.0,764.0,767.0,819.0,838.0,848.0,848.0,876.0,904.0,907.0,951.0,957.0,973.0,977.0,
48.0,53.0,61.0,66.0,109.0,150.0,165.0,194.0,195.0,254.0,314.0,401.0,439.0,480.0,483.0,502.0,563.0,571.0,583.0,583.0,589.0,606.0,623.0,648.0,657.0,678.0,706.0,719.0,773.0,809.0,850.0,870.0,873.0,892.0,902.0,914.0,915.0,926.0,929.0,979.0,994.0,
20.0,38.0,56.0,65.0,92.0,131.0,190.0,220.0,223.0,233.0,266.0,421.0,442.0,455.0,481.0,584.0,619.0,675.0,748.0,783.0,796.0,799.0,823.0,825.0,841.0,849.0,870.0,880.0,891.0,893.0,899.0,
91.0,126.0,171.0,173.0,173.0,206.0,283.0,374.0,406.0,475.0,481.0,483.0,491.0,492.0,642.0,658.0,672.0,749.0,752.0,753.0,775.0,783.0,804.0,826.0,827.0,875.0,980.0,
15.0,56.0,73.0,97.0,99.0,164.0,185.0,189.0,220.0,268.0,273.0,278.0,290.0,295.0,326.0,327.0,401.0,433.0,437.0,444.0,458.0,463.0,490.0,
17.0,57.0,65.0,69.0,110.0,126.0,162.0,187.0,205.0,253.0,263.0,318.0,363.0,396.0,416.0,925.0,992.0,
63.0,113.0,165.0,195.0,198.0,214.0,224.0,228.0,239.0,299.0,308.0,342.0,355.0,390.0,399.0,408.0,410.0,504.0,848.0,854.0,905.0,930.0,
4.0,6.0,11.0,115.0,123.0,129.0,204.0,318.0,404.0,423.0,452.0,453.0,499.0,500.0,505.0,756.0,781.0,940.0,
2.0,10.0,29.0,34.0,43.0,60.0,102.0,137.0,184.0,192.0,199.0,227.0,233.0,247.0,248.0,274.0,280.0,286.0,315.0,336.0,364.0,383.0,406.0,424.0,425.0,428.0,467.0,921.0,984.0,
59.0,66.0,107.0,109.0,111.0,119.0,229.0,235.0,251.0,269.0,275.0,342.0,356.0,372.0,388.0,393.0,440.0,465.0,482.0,499.0,
8.0,27.0,39.0,46.0,66.0,163.0,193.0,205.0,210.0,217.0,223.0,242.0,316.0,374.0,395.0,433.0,460.0,494.0,499.0,
13.0,44.0,52.0,90.0,116.0,130.0,173.0,333.0,350.0,351.0,382.0,394.0,414.0,476.0,493.0,504.0,617.0,676.0,736.0,739.0,747.0,784.0,809.0,817.0,870.0,883.0,891.0,895.0,897.0,899.0,901.0,957.0,968.0,
9.0,78.0,117.0,134.0,178.0,260.0,298.0,307.0,308.0,312.0,353.0,378.0,406.0,457.0,463.0,469.0,476.0,496.0,506.0,511.0,522.0,562.0,565.0,603.0,604.0,615.0,625.0,649.0,657.0,663.0,674.0,679.0,682.0,696.0,698.0,718.0,721.0,776.0,783.0,788.0,809.0,820.0,831.0,844.0,850.0,851.0,873.0,874.0,885.0,896.0,918.0,928.0,
70.0,74.0,84.0,109.0,175.0,194.0,219.0,310.0,339.0,367.0,377.0,402.0,414.0,471.0,797.0,925.0,
109.0,143.0,167.0,178.0,203.0,214.0,224.0,266.0,283.0,293.0,389.0,448.0,478.0,854.0,
20.0,62.0,112.0,146.0,163.0,195.0,213.0,236.0,249.0,298.0,332.0,380.0,446.0,449.0,467.0,493.0,496.0,505.0,780.0,796.0,796.0,798.0,815.0,893.0,922.0,
8.0,34.0,43.0,103.0,202.0,235.0,258.0,343.0,344.0,345.0,356.0,362.0,370.0,392.0,393.0,411.0,414.0,419.0,457.0,470.0,492.0,874.0,886.0,
31.0,59.0,101.0,111.0,125.0,180.0,204.0,210.0,225.0,331.0,346.0,397.0,400.0,409.0,437.0,490.0,501.0,504.0,742.0,983.0,992.0,
9.0,16.0,21.0,48.0,54.0,57.0,70.0,84.0,150.0,181.0,232.0,315.0,318.0,337.0,343.0,393.0,403.0,420.0,423.0,443.0,474.0,836.0,850.0,959.0,
7.0,14.0,52.0,71.0,114.0,120.0,127.0,130.0,145.0,178.0,199.0,229.0,257.0,321.0,379.0,382.0,445.0,817.0,844.0,
5.0,23.0,45.0,79.0,79.0,207.0,292.0,298.0,302.0,365.0,381.0,422.0,423.0,453.0,478.0,489.0,821.0,893.0,
19.0,25.0,38.0,53.0,83.0,93.0,105.0,117.0,130.0,154.0,157.0,157.0,192.0,213.0,258.0,295.0,305.0,346.0,457.0,460.0,491.0,498.0,508.0,
6.0,10.0,38.0,39.0,67.0,94.0,115.0,154.0,156.0,187.0,194.0,198.0,204.0,243.0,250.0,250.0,257.0,296.0,298.0,339.0,372.0,393.0,398.0,404.0,408.0,423.0,446.0,479.0,484.0,606.0,651.0,686.0,702.0,732.0,775.0,830.0,837.0,838.0,888.0,986.0,996.0,
3.0,24.0,75.0,144.0,146.0,221.0,247.0,251.0,262.0,269.0,290.0,301.0,354.0,357.0,436.0,
8.0,24.0,29.0,32.0,43.0,60.0,70.0,110.0,145.0,148.0,171.0,187.0,190.0,243.0,321.0,333.0,342.0,358.0,361.0,410.0,460.0,465.0,498.0,883.0,889.0,
21.0,36.0,42.0,83.0,85.0,86.0,105.0,203.0,218.0,228.0,233.0,300.0,325.0,327.0,337.0,385.0,452.0,476.0,502.0,768.0,853.0,920.0,960.0,
21.0,22.0,68.0,103.0,174.0,182.0,204.0,264.0,334.0,357.0,362.0,401.0,421.0,445.0,471.0,481.0,493.0,502.0,836.0,916.0,
8.0,22.0,24.0,62.0,71.0,81.0,91.0,93.0,115.0,168.0,174.0,197.0,217.0,263.0,323.0,338.0,382.0,439.0,760.0,785.0,861.0,881.0,936.0,
37.0,59.0,92.0,128.0,153.0,154.0,198.0,254.0,297.0,303.0,322.0,333.0,352.0,355.0,391.0,399.0,779.0,869.0,
2.0,5.0,8.0,13.0,127.0,143.0,144.0,176.0,196.0,199.0,216.0,228.0,263.0,365.0,392.0,400.0,410.0,420.0,433.0,463.0,491.0,491.0,787.0,843.0,885.0,945.0,949.0,962.0,969.0,999.0,
10.0,14.0,25.0,26.0,42.0,50.0,63.0,127.0,129.0,134.0,206.0,243.0,247.0,255.0,288.0,360.0,365.0,367.0,412.0,423.0,423.0,437.0,441.0,481.0,892.0,
28.0,84.0,123.0,138.0,209.0,213.0,240.0,255.0,304.0,437.0,
25.0,30.0,80.0,113.0,138.0,138.0,154.0,161.0,198.0,204.0,217.0,251.0,252.0,253.0,259.0,331.0,332.0,351.0,351.0,364.0,368.0,384.0,457.0,585.0,661.0,681.0,761.0,801.0,815.0,837.0,855.0,856.0,865.0,924.0,958.0,978.0,990.0,994.0,1000.0,
32.0,38.0,80.0,103.0,111.0,121.0,160.0,178.0,185.0,209.0,246.0,319.0,322.0,326.0,330.0,374.0,379.0,405.0,407.0,421.0,444.0,498.0,
6.0,11.0,29.0,61.0,62.0,94.0,95.0,186.0,216.0,280.0,415.0,438.0,442.0,470.0,815.0,
20.0,40.0,45.0,59.0,70.0,70.0,93.0,130.0,140.0,148.0,154.0,168.0,169.0,306.0,361.0,384.0,410.0,440.0,456.0,710.0,
52.0,92.0,97.0,101.0,109.0,141.0,174.0,208.0,217.0,227.0,236.0,282.0,289.0,305.0,321.0,351.0,364.0,421.0,448.0,464.0,479.0,495.0,768.0,827.0,829.0,920.0,991.0,
28.0,53.0,69.0,118.0,180.0,185.0,190.0,225.0,227.0,269.0,289.0,290.0,297.0,297.0,323.0,325.0,359.0,383.0,415.0,430.0,464.0,470.0,485.0,485.0,494.0,496.0,795.0,1000.0,
28.0,38.0,65.0,160.0,160.0,166.0,186.0,282.0,309.0,311.0,317.0,320.0,346.0,454.0,487.0,941.0,956.0,
9.0,19.0,34.0,53.0,59.0,65.0,100.0,107.0,173.0,179.0,268.0,279.0,285.0,294.0,316.0,317.0,320.0,357.0,385.0,397.0,411.0,413.0,438.0,444.0,494.0,498.0,795.0,799.0,804.0,884.0,905.0,950.0,
26.0,27.0,72.0,135.0,149.0,153.0,159.0,164.0,171.0,225.0,232.0,264.0,341.0,354.0,445.0,482.0,507.0,892.0,
11.0,31.0,101.0,133.0,135.0,188.0,194.0,236.0,237.0,253.0,264.0,268.0,330.0,397.0,398.0,439.0,446.0,461.0,479.0,
18.0,49.0,121.0,126.0,127.0,135.0,206.0,258.0,311.0,348.0,365.0,365.0,389.0,421.0,472.0,649.0,715.0,720.0,731.0,803.0,841.0,856.0,879.0,887.0,899.0,906.0,909.0,910.0,932.0,967.0,989.0,
7.0,68.0,90.0,97.0,110.0,145.0,158.0,201.0,235.0,379.0,
19.0,111.0,185.0,195.0,262.0,272.0,274.0,283.0,318.0,361.0,474.0,498.0,969.0,986.0,
6.0,54.0,56.0,70.0,102.0,149.0,167.0,169.0,206.0,209.0,271.0,344.0,351.0,425.0,456.0,491.0,493.0,725.0,839.0,925.0,941.0,
8.0,50.0,56.0,103.0,142.0,159.0,220.0,220.0,239.0,264.0,284.0,312.0,326.0,344.0,458.0,496.0,496.0,884.0,
13.0,52.0,68.0,85.0,106.0,131.0,135.0,136.0,193.0,227.0,255.0,258.0,326.0,382.0,436.0,463.0,471.0,476.0,758.0,931.0,942.0,947.0,
45.0,62.0,73.0,95.0,132.0,136.0,154.0,165.0,191.0,197.0,206.0,213.0,224.0,227.0,239.0,239.0,239.0,265.0,303.0,307.0,404.0,405.0,426.0,443.0,462.0,732.0,769.0,805.0,899.0,947.0,977.0,
82.0,116.0,204.0,214.0,231.0,251.0,281.0,285.0,292.0,306.0,339.0,353.0,408.0,430.0,440.0,739.0,781.0,782.0,794.0,878.0,936.0,938.0,
6.0,31.0,44.0,50.0,73.0,108.0,124.0,152.0,156.0,188.0,246.0,248.0,423.0,461.0,487.0,819.0,847.0,966.0,
14.0,24.0,40.0,45.0,137.0,159.0,197.0,218.0,240.0,245.0,254.0,272.0,350.0,355.0,398.0,419.0,459.0,465.0,
9.0,19.0,55.0,79.0,87.0,101.0,123.0,141.0,152.0,162.0,221.0,274.0,277.0,281.0,305.0,325.0,338.0,339.0,348.0,348.0,377.0,388.0,480.0,584.0,613.0,642.0,707.0,748.0,753.0,780.0,822.0,830.0,861.0,868.0,969.0,
78.0,87.0,94.0,101.0,110.0,118.0,159.0,169.0,175.0,227.0,290.0,315.0,338.0,357.0,384.0,400.0,411.0,457.0,963.0,
32.0,60.0,61.0,68.0,199.0,227.0,256.0,268.0,281.0,296.0,299.0,378.0,402.0,506.0,
12.0,85.0,90.0,100.0,107.0,171.0,189.0,250.0,266.0,408.0,431.0,441.0,459.0,468.0,486.0,499.0,809.0,836.0,837.0,887.0,
37.0,38.0,68.0,73.0,112.0,130.0,134.0,135.0,150.0,160.0,183.0,253.0,287.0,320.0,388.0,390.0,410.0,414.0,429.0,461.0,492.0,507.0,990.0,
50.0,71.0,87.0,99.0,113.0,117.0,124.0,131.0,163.0,178.0,199.0,206.0,225.0,235.0,235.0,279.0,331.0,339.0,346.0,380.0,500.0,505.0,802.0,823.0,878.0,889.0,
27.0,66.0,150.0,171.0,247.0,266.0,267.0,351.0,356.0,381.0,405.0,420.0,449.0,460.0,483.0,493.0,910.0,924.0,954.0,965.0,984.0,
76.0,84.0,92.0,95.0,107.0,127.0,157.0,224.0,233.0,234.0,241.0,261.0,303.0,316.0,338.0,357.0,402.0,407.0,497.0,861.0,908.0,964.0,
52.0,136.0,153.0,173.0,208.0,287.0,295.0,300.0,365.0,378.0,440.0,443.0,467.0,
10.0,39.0,45.0,93.0,99.0,221.0,241.0,257.0,270.0,275.0,282.0,289.0,295.0,316.0,319.0,351.0,427.0,436.0,461.0,492.0,495.0,497.0,
43.0,82.0,117.0,123.0,174.0,186.0,193.0,212.0,232.0,278.0,296.0,338.0,338.0,378.0,396.0,406.0,419.0,462.0,512.0,513.0,542.0,558.0,573.0,614.0,644.0,656.0,663.0,677.0,680.0,697.0,741.0,756.0,780.0,784.0,807.0,810.0,816.0,873.0,877.0,880.0,898.0,899.0,908.0,928.0,
19.0,21.0,75.0,77.0,96.0,98.0,191.0,208.0,289.0,301.0,367.0,379.0,387.0,443.0,637.0,678.0,696.0,782.0,795.0,806.0,811.0,894.0,910.0,924.0,959.0,959.0,959.0,966.0,
21.0,27.0,91.0,194.0,237.0,260.0,289.0,304.0,499.0,
49.0,76.0,90.0,112.0,127.0,148.0,178.0,188.0,198.0,208.0,213.0,216.0,329.0,344.0,349.0,392.0,421.0,426.0,472.0,487.0,502.0,
35.0,69.0,109.0,119.0,172.0,180.0,244.0,255.0,275.0,290.0,315.0,337.0,352.0,359.0,375.0,379.0,414.0,424.0,445.0,496.0,843.0,
16.0,58.0,90.0,99.0,140.0,144.0,166.0,192.0,204.0,308.0,344.0,363.0,401.0,495.0,764.0,805.0,886.0,967.0,
23.0,48.0,55.0,55.0,57.0,67.0,106.0,110.0,118.0,146.0,176.0,224.0,229.0,287.0,290.0,301.0,306.0,405.0,410.0,446.0,455.0,465.0,482.0,839.0,971.0,
27.0,27.0,61.0,64.0,71.0,88.0,104.0,197.0,205.0,234.0,257.0,258.0,322.0,341.0,343.0,356.0,426.0,469.0,476.0,489.0,506.0,912.0,
26.0,33.0,76.0,86.0,124.0,132.0,172.0,193.0,222.0,223.0,236.0,258.0,274.0,322.0,346.0,355.0,380.0,392.0,398.0,409.0,433.0,433.0,471.0,494.0,
5.0,84.0,120.0,127.0,223.0,260.0,274.0,291.0,320.0,367.0,390.0,417.0,422.0,599.0,619.0,625.0,673.0,674.0,716.0,746.0,749.0,800.0,802.0,814.0,836.0,841.0,875.0,881.0,904.0,909.0,943.0,962.0,969.0,984.0,
12.0,55.0,69.0,111.0,162.0,183.0,237.0,244.0,249.0,295.0,305.0,410.0,427.0,429.0,525.0,572.0,629.0,641.0,651.0,723.0,749.0,770.0,781.0,819.0,907.0,915.0,916.0,924.0,958.0,
32.0,41.0,49.0,77.0,135.0,151.0,227.0,233.0,249.0,258.0,274.0,283.0,381.0,413.0,414.0,420.0,472.0,518.0,524.0,546.0,553.0,588.0,589.0,593.0,611.0,616.0,677.0,684.0,723.0,727.0,742.0,748.0,762.0,768.0,772.0,797.0,806.0,888.0,894.0,906.0,958.0,978.0,978.0,991.0,
22.0,29.0,38.0,81.0,127.0,130.0,144.0,169.0,194.0,197.0,221.0,261.0,314.0,358.0,368.0,428.0,497.0,498.0,602.0,652.0,655.0,687.0,716.0,733.0,741.0,789.0,789.0,836.0,910.0,922.0,948.0,
13.0,16.0,21.0,85.0,170.0,173.0,174.0,185.0,235.0,256.0,258.0,288.0,306.0,324.0,385.0,397.0,397.0,433.0,462.0,493.0,840.0,
6.0,75.0,105.0,118.0,181.0,184.0,269.0,274.0,280.0,340.0,404.0,407.0,418.0,450.0,456.0,462.0,481.0,499.0,
140.0,142.0,198.0,207.0,257.0,315.0,342.0,369.0,382.0,383.0,411.0,425.0,430.0,459.0,
12.0,45.0,49.0,56.0,71.0,73.0,80.0,125.0,184.0,194.0,202.0,211.0,215.0,298.0,351.0,357.0,364.0,434.0,473.0,
3.0,29.0,35.0,44.0,46.0,62.0,182.0,202.0,250.0,253.0,258.0,266.0,271.0,311.0,319.0,344.0,368.0,382.0,382.0,386.0,464.0,467.0,506.0,
32.0,37.0,49.0,184.0,244.0,269.0,278.0,295.0,324.0,444.0,496.0,600.0,651.0,672.0,674.0,711.0,759.0,791.0,823.0,887.0,907.0,919.0,933.0,956.0,
7.0,29.0,35.0,44.0,55.0,74.0,110.0,125.0,248.0,255.0,275.0,347.0,411.0,422.0,423.0,442.0,445.0,506.0,524.0,525.0,544.0,549.0,561.0,591.0,626.0,730.0,756.0,800.0,809.0,811.0,817.0,826.0,829.0,876.0,880.0,909.0,943.0,956.0,
