18.0,21.0,28.0,30.0,53.0,66.0,96.0,111.0,141.0,166.0,167.0,182.0,242.0,247.0,326.0,341.0,367.0,451.0,464.0,470.0,478.0,509.0,589.0,601.0,605.0,611.0,650.0,746.0,764.0,838.0,843.0,862.0,876.0,904.0,907.0,931.0,953.0,
3.0,19.0,24.0,31.0,57.0,230.0,237.0,296.0,348.0,351.0,354.0,369.0,386.0,392.0,398.0,420.0,440.0,454.0,490.0,498.0,504.0,561.0,567.0,570.0,589.0,595.0,632.0,664.0,693.0,762.0,802.0,856.0,870.0,884.0,896.0,942.0,952.0,992.0,
41.0,52.0,54.0,79.0,87.0,107.0,123.0,144.0,276.0,285.0,368.0,418.0,446.0,453.0,479.0,550.0,573.0,575.0,582.0,595.0,621.0,644.0,676.0,691.0,703.0,709.0,713.0,718.0,745.0,844.0,847.0,873.0,905.0,929.0,936.0,955.0,959.0,
25.0,118.0,148.0,193.0,236.0,263.0,267.0,281.0,305.0,332.0,347.0,368.0,369.0,378.0,451.0,457.0,528.0,539.0,549.0,581.0,589.0,590.0,592.0,605.0,611.0,620.0,627.0,682.0,694.0,705.0,712.0,714.0,758.0,784.0,867.0,885.0,893.0,896.0,898.0,915.0,920.0,993.0,
21.0,59.0,78.0,84.0,98.0,111.0,113.0,116.0,162.0,209.0,213.0,227.0,249.0,256.0,264.0,343.0,373.0,389.0,399.0,406.0,406.0,448.0,463.0,476.0,478.0,517.0,521.0,522.0,556.0,567.0,571.0,610.0,633.0,641.0,692.0,703.0,719.0,734.0,760.0,780.0,802.0,817.0,821.0,833.0,868.0,906.0,910.0,930.0,940.0,946.0,
28.0,44.0,51.0,56.0,82.0,84.0,102.0,110.0,129.0,149.0,164.0,222.0,226.0,227.0,233.0,241.0,319.0,319.0,323.0,356.0,368.0,393.0,417.0,514.0,557.0,641.0,653.0,670.0,682.0,716.0,796.0,832.0,834.0,863.0,894.0,901.0,905.0,912.0,915.0,925.0,968.0,
82.0,82.0,93.0,97.0,111.0,153.0,188.0,191.0,216.0,254.0,274.0,309.0,336.0,347.0,381.0,403.0,414.0,451.0,480.0,509.0,556.0,625.0,634.0,639.0,680.0,694.0,706.0,744.0,771.0,918.0,922.0,932.0,938.0,952.0,964.0,986.0,
71.0,87.0,119.0,150.0,176.0,185.0,241.0,244.0,251.0,271.0,293.0,299.0,411.0,467.0,475.0,508.0,548.0,553.0,581.0,628.0,636.0,669.0,681.0,683.0,738.0,792.0,798.0,801.0,804.0,816.0,825.0,849.0,876.0,967.0,
32.0,33.0,35.0,37.0,68.0,127.0,162.0,165.0,195.0,254.0,267.0,283.0,292.0,301.0,308.0,328.0,396.0,400.0,429.0,434.0,530.0,579.0,585.0,607.0,622.0,763.0,771.0,781.0,809.0,843.0,847.0,909.0,929.0,933.0,965.0,
31.0,36.0,55.0,152.0,156.0,199.0,218.0,233.0,235.0,236.0,238.0,239.0,260.0,277.0,290.0,299.0,340.0,375.0,439.0,461.0,488.0,512.0,547.0,569.0,581.0,587.0,611.0,650.0,655.0,657.0,658.0,698.0,710.0,712.0,744.0,775.0,781.0,803.0,820.0,822.0,841.0,869.0,891.0,904.0,934.0,943.0,945.0,955.0,997.0,
20.0,31.0,45.0,71.0,118.0,191.0,203.0,206.0,227.0,228.0,244.0,261.0,334.0,359.0,387.0,460.0,467.0,539.0,562.0,632.0,671.0,700.0,739.0,744.0,819.0,897.0,950.0,951.0,957.0,957.0,959.0,994.0,995.0,
20.0,55.0,59.0,94.0,131.0,138.0,206.0,209.0,215.0,295.0,309.0,316.0,318.0,372.0,396.0,406.0,407.0,427.0,451.0,457.0,460.0,461.0,503.0,579.0,587.0,616.0,630.0,684.0,700.0,713.0,735.0,791.0,829.0,829.0,874.0,879.0,884.0,908.0,918.0,985.0,995.0,
8.0,45.0,107.0,148.0,154.0,169.0,179.0,187.0,244.0,247.0,271.0,282.0,288.0,319.0,344.0,349.0,362.0,408.0,437.0,455.0,484.0,500.0,519.0,589.0,614.0,615.0,640.0,682.0,757.0,766.0,767.0,834.0,862.0,876.0,885.0,936.0,990.0,
4.0,31.0,51.0,68.0,100.0,158.0,167.0,190.0,210.0,285.0,307.0,340.0,348.0,434.0,456.0,487.0,544.0,545.0,559.0,638.0,677.0,716.0,731.0,738.0,742.0,749.0,773.0,812.0,816.0,837.0,915.0,962.0,983.0,
5.0,10.0,60.0,102.0,111.0,121.0,220.0,239.0,300.0,367.0,398.0,400.0,473.0,483.0,486.0,566.0,579.0,609.0,646.0,670.0,718.0,725.0,729.0,765.0,775.0,854.0,857.0,862.0,895.0,918.0,946.0,948.0,951.0,953.0,993.0,
14.0,54.0,87.0,98.0,139.0,147.0,249.0,266.0,288.0,295.0,299.0,307.0,328.0,373.0,400.0,413.0,437.0,438.0,470.0,539.0,543.0,559.0,617.0,637.0,637.0,640.0,664.0,669.0,692.0,697.0,772.0,803.0,819.0,858.0,896.0,913.0,933.0,980.0,
25.0,149.0,210.0,224.0,262.0,273.0,323.0,354.0,381.0,391.0,447.0,458.0,473.0,487.0,499.0,578.0,582.0,616.0,667.0,711.0,755.0,786.0,825.0,841.0,854.0,861.0,898.0,917.0,919.0,932.0,937.0,939.0,960.0,992.0,993.0,995.0,
59.0,66.0,79.0,124.0,128.0,154.0,170.0,173.0,184.0,218.0,243.0,272.0,305.0,307.0,400.0,406.0,414.0,416.0,433.0,440.0,451.0,467.0,480.0,517.0,521.0,529.0,536.0,563.0,566.0,587.0,653.0,657.0,664.0,682.0,682.0,713.0,731.0,749.0,751.0,766.0,810.0,824.0,866.0,903.0,935.0,954.0,983.0,998.0,
31.0,55.0,91.0,100.0,101.0,133.0,147.0,183.0,186.0,190.0,224.0,228.0,243.0,279.0,280.0,286.0,311.0,334.0,382.0,405.0,427.0,435.0,476.0,497.0,506.0,512.0,573.0,629.0,667.0,668.0,704.0,712.0,714.0,719.0,723.0,776.0,780.0,792.0,849.0,857.0,871.0,894.0,941.0,952.0,968.0,
6.0,20.0,40.0,40.0,57.0,66.0,90.0,124.0,178.0,184.0,290.0,298.0,333.0,362.0,416.0,489.0,575.0,649.0,659.0,661.0,707.0,707.0,710.0,715.0,716.0,739.0,759.0,773.0,780.0,780.0,784.0,787.0,847.0,853.0,867.0,956.0,
26.0,41.0,53.0,99.0,105.0,114.0,123.0,126.0,128.0,147.0,176.0,207.0,212.0,274.0,288.0,290.0,296.0,318.0,340.0,429.0,490.0,534.0,547.0,719.0,757.0,768.0,790.0,873.0,931.0,959.0,979.0,991.0,
69.0,122.0,148.0,175.0,186.0,210.0,211.0,214.0,237.0,332.0,341.0,354.0,402.0,427.0,457.0,497.0,519.0,536.0,589.0,643.0,646.0,758.0,897.0,901.0,920.0,965.0,982.0,
4.0,7.0,22.0,25.0,41.0,45.0,59.0,116.0,160.0,169.0,225.0,231.0,246.0,264.0,351.0,358.0,368.0,409.0,427.0,464.0,467.0,514.0,516.0,536.0,545.0,555.0,561.0,579.0,598.0,608.0,631.0,683.0,699.0,711.0,720.0,748.0,753.0,764.0,782.0,789.0,833.0,884.0,949.0,954.0,958.0,983.0,995.0,
6.0,60.0,67.0,84.0,106.0,111.0,126.0,172.0,177.0,269.0,270.0,304.0,332.0,334.0,363.0,382.0,386.0,393.0,395.0,400.0,438.0,482.0,500.0,538.0,547.0,549.0,620.0,648.0,672.0,745.0,746.0,746.0,760.0,767.0,785.0,789.0,820.0,867.0,881.0,
79.0,95.0,140.0,151.0,152.0,163.0,188.0,188.0,228.0,238.0,286.0,317.0,338.0,383.0,383.0,422.0,431.0,445.0,547.0,551.0,561.0,566.0,568.0,571.0,603.0,610.0,616.0,649.0,659.0,707.0,717.0,726.0,797.0,798.0,831.0,843.0,844.0,855.0,880.0,887.0,
25.0,36.0,42.0,61.0,95.0,133.0,175.0,291.0,328.0,332.0,365.0,423.0,449.0,456.0,463.0,524.0,545.0,564.0,598.0,600.0,660.0,690.0,697.0,704.0,704.0,715.0,719.0,786.0,805.0,812.0,863.0,867.0,869.0,881.0,882.0,902.0,918.0,920.0,932.0,938.0,985.0,985.0,996.0,999.0,
16.0,23.0,36.0,50.0,86.0,92.0,100.0,106.0,119.0,138.0,182.0,218.0,228.0,234.0,259.0,288.0,290.0,357.0,362.0,410.0,420.0,431.0,440.0,479.0,523.0,528.0,558.0,622.0,772.0,776.0,792.0,796.0,826.0,873.0,878.0,889.0,959.0,
94.0,108.0,140.0,156.0,206.0,206.0,238.0,286.0,316.0,370.0,414.0,479.0,489.0,514.0,525.0,551.0,568.0,573.0,576.0,694.0,742.0,884.0,889.0,890.0,890.0,914.0,944.0,949.0,
60.0,69.0,82.0,96.0,101.0,102.0,150.0,184.0,196.0,215.0,231.0,241.0,302.0,308.0,310.0,384.0,384.0,390.0,490.0,559.0,570.0,584.0,586.0,610.0,624.0,659.0,706.0,714.0,720.0,722.0,783.0,808.0,815.0,818.0,845.0,907.0,914.0,984.0,989.0,
4.0,7.0,122.0,141.0,154.0,209.0,220.0,229.0,333.0,529.0,569.0,641.0,691.0,755.0,777.0,791.0,821.0,830.0,870.0,878.0,878.0,880.0,913.0,922.0,934.0,966.0,975.0,
15.0,26.0,64.0,77.0,144.0,211.0,213.0,220.0,257.0,262.0,296.0,312.0,335.0,354.0,370.0,379.0,398.0,404.0,408.0,422.0,435.0,440.0,569.0,570.0,632.0,639.0,665.0,679.0,686.0,703.0,752.0,757.0,768.0,783.0,789.0,790.0,855.0,881.0,884.0,929.0,945.0,1000.0,
4.0,4.0,9.0,60.0,65.0,109.0,117.0,119.0,122.0,136.0,150.0,178.0,182.0,200.0,202.0,220.0,236.0,265.0,331.0,360.0,373.0,384.0,436.0,437.0,452.0,467.0,492.0,523.0,542.0,547.0,556.0,640.0,653.0,694.0,711.0,742.0,786.0,789.0,802.0,834.0,847.0,889.0,935.0,971.0,983.0,
42.0,43.0,99.0,119.0,178.0,199.0,233.0,235.0,245.0,288.0,386.0,407.0,431.0,442.0,465.0,499.0,592.0,682.0,687.0,717.0,750.0,774.0,808.0,820.0,820.0,893.0,941.0,946.0,961.0,990.0,
9.0,18.0,47.0,94.0,97.0,107.0,164.0,171.0,172.0,210.0,236.0,243.0,243.0,262.0,308.0,324.0,417.0,419.0,439.0,451.0,463.0,557.0,573.0,606.0,640.0,652.0,668.0,669.0,697.0,704.0,746.0,749.0,794.0,800.0,807.0,848.0,869.0,874.0,886.0,915.0,934.0,944.0,965.0,993.0,
17.0,130.0,166.0,166.0,205.0,223.0,225.0,228.0,231.0,240.0,278.0,288.0,301.0,308.0,374.0,380.0,384.0,413.0,425.0,433.0,506.0,515.0,520.0,582.0,603.0,610.0,617.0,625.0,630.0,645.0,670.0,680.0,691.0,693.0,707.0,778.0,804.0,834.0,899.0,902.0,903.0,945.0,958.0,986.0,
112.0,124.0,133.0,143.0,165.0,219.0,220.0,221.0,284.0,301.0,305.0,329.0,360.0,361.0,372.0,379.0,381.0,402.0,406.0,407.0,439.0,526.0,541.0,543.0,554.0,566.0,587.0,595.0,645.0,844.0,854.0,879.0,918.0,936.0,963.0,
13.0,41.0,56.0,120.0,190.0,207.0,219.0,223.0,275.0,308.0,328.0,331.0,383.0,401.0,414.0,416.0,427.0,528.0,545.0,545.0,597.0,606.0,649.0,651.0,673.0,678.0,709.0,737.0,742.0,746.0,779.0,813.0,814.0,854.0,927.0,937.0,
20.0,50.0,93.0,133.0,146.0,177.0,185.0,189.0,196.0,272.0,358.0,450.0,462.0,479.0,527.0,542.0,570.0,634.0,693.0,730.0,801.0,869.0,883.0,922.0,938.0,939.0,965.0,
2.0,25.0,29.0,40.0,43.0,54.0,88.0,105.0,128.0,183.0,208.0,222.0,261.0,304.0,313.0,353.0,382.0,386.0,406.0,482.0,499.0,504.0,507.0,585.0,683.0,685.0,704.0,708.0,728.0,747.0,762.0,775.0,880.0,885.0,894.0,895.0,906.0,934.0,991.0,
17.0,34.0,61.0,106.0,113.0,133.0,271.0,277.0,279.0,298.0,367.0,369.0,398.0,418.0,426.0,475.0,578.0,612.0,710.0,717.0,733.0,761.0,773.0,804.0,828.0,863.0,868.0,921.0,967.0,
55.0,119.0,168.0,233.0,274.0,304.0,335.0,372.0,373.0,381.0,454.0,480.0,502.0,506.0,589.0,607.0,685.0,699.0,703.0,740.0,750.0,795.0,824.0,857.0,860.0,894.0,993.0,
60.0,77.0,110.0,118.0,126.0,128.0,131.0,171.0,225.0,290.0,317.0,370.0,384.0,406.0,455.0,466.0,543.0,591.0,620.0,708.0,728.0,775.0,796.0,821.0,844.0,867.0,881.0,932.0,964.0,969.0,999.0,
6.0,7.0,18.0,35.0,40.0,118.0,128.0,135.0,141.0,163.0,207.0,230.0,255.0,259.0,263.0,274.0,304.0,313.0,323.0,379.0,380.0,427.0,444.0,454.0,464.0,496.0,555.0,603.0,605.0,610.0,660.0,696.0,700.0,709.0,733.0,762.0,772.0,781.0,801.0,822.0,835.0,845.0,852.0,892.0,920.0,975.0,
21.0,36.0,80.0,96.0,109.0,135.0,142.0,195.0,224.0,233.0,240.0,293.0,310.0,369.0,380.0,401.0,449.0,450.0,451.0,463.0,477.0,495.0,512.0,530.0,537.0,555.0,591.0,603.0,628.0,639.0,656.0,665.0,699.0,723.0,725.0,744.0,774.0,790.0,839.0,866.0,885.0,891.0,
4.0,66.0,67.0,76.0,97.0,120.0,139.0,153.0,154.0,160.0,166.0,193.0,213.0,231.0,249.0,260.0,271.0,294.0,308.0,370.0,377.0,378.0,410.0,434.0,443.0,446.0,521.0,575.0,608.0,643.0,732.0,742.0,759.0,823.0,844.0,865.0,912.0,936.0,964.0,972.0,
37.0,55.0,61.0,93.0,150.0,163.0,203.0,215.0,229.0,237.0,270.0,272.0,325.0,327.0,337.0,362.0,371.0,408.0,456.0,530.0,564.0,578.0,600.0,689.0,693.0,703.0,716.0,729.0,732.0,736.0,808.0,819.0,824.0,825.0,842.0,997.0,
56.0,112.0,122.0,124.0,143.0,147.0,154.0,194.0,212.0,219.0,226.0,235.0,359.0,382.0,389.0,393.0,400.0,408.0,419.0,447.0,475.0,522.0,539.0,582.0,597.0,604.0,615.0,649.0,672.0,731.0,753.0,814.0,908.0,937.0,971.0,979.0,
34.0,89.0,97.0,101.0,121.0,122.0,157.0,217.0,253.0,319.0,356.0,410.0,423.0,450.0,455.0,481.0,546.0,581.0,652.0,657.0,663.0,680.0,694.0,789.0,794.0,803.0,813.0,820.0,881.0,919.0,946.0,961.0,975.0,
14.0,30.0,35.0,65.0,85.0,89.0,111.0,209.0,245.0,249.0,262.0,306.0,416.0,433.0,478.0,504.0,506.0,508.0,540.0,611.0,620.0,624.0,625.0,634.0,650.0,665.0,675.0,694.0,760.0,793.0,796.0,822.0,870.0,882.0,911.0,930.0,972.0,982.0,
9.0,12.0,64.0,68.0,74.0,144.0,144.0,184.0,219.0,259.0,293.0,304.0,327.0,350.0,497.0,521.0,521.0,555.0,559.0,591.0,598.0,631.0,664.0,778.0,797.0,824.0,915.0,933.0,933.0,967.0,
64.0,66.0,82.0,99.0,130.0,173.0,197.0,279.0,301.0,332.0,335.0,347.0,352.0,388.0,393.0,410.0,417.0,435.0,458.0,470.0,475.0,535.0,573.0,578.0,624.0,641.0,688.0,704.0,728.0,734.0,787.0,886.0,904.0,907.0,924.0,945.0,965.0,
24.0,49.0,51.0,84.0,102.0,117.0,146.0,149.0,195.0,207.0,291.0,319.0,339.0,346.0,349.0,361.0,389.0,432.0,455.0,481.0,540.0,591.0,638.0,684.0,743.0,757.0,768.0,797.0,807.0,853.0,875.0,886.0,931.0,989.0,
47.0,67.0,90.0,108.0,155.0,165.0,181.0,218.0,244.0,277.0,300.0,319.0,372.0,375.0,429.0,436.0,453.0,486.0,500.0,520.0,540.0,593.0,630.0,667.0,706.0,719.0,781.0,807.0,821.0,945.0,952.0,
6.0,19.0,35.0,73.0,103.0,115.0,149.0,203.0,269.0,273.0,292.0,297.0,307.0,323.0,326.0,360.0,377.0,403.0,444.0,459.0,465.0,476.0,513.0,590.0,643.0,658.0,670.0,683.0,702.0,764.0,769.0,789.0,845.0,912.0,924.0,948.0,953.0,967.0,993.0,998.0,
75.0,80.0,105.0,126.0,130.0,136.0,138.0,152.0,186.0,196.0,205.0,236.0,239.0,254.0,281.0,332.0,421.0,429.0,435.0,465.0,548.0,563.0,586.0,617.0,627.0,633.0,640.0,681.0,699.0,718.0,730.0,734.0,777.0,779.0,785.0,812.0,832.0,834.0,847.0,852.0,878.0,918.0,935.0,956.0,989.0,995.0,996.0,998.0,
155.0,171.0,310.0,318.0,358.0,373.0,388.0,413.0,423.0,428.0,435.0,450.0,492.0,507.0,572.0,593.0,616.0,633.0,692.0,714.0,730.0,757.0,757.0,801.0,832.0,864.0,865.0,875.0,882.0,892.0,939.0,943.0,944.0,950.0,
13.0,16.0,19.0,60.0,89.0,120.0,166.0,186.0,213.0,302.0,308.0,344.0,369.0,375.0,389.0,434.0,458.0,545.0,577.0,584.0,619.0,621.0,622.0,683.0,751.0,801.0,823.0,825.0,903.0,965.0,985.0,
11.0,22.0,39.0,57.0,94.0,119.0,132.0,140.0,150.0,151.0,152.0,152.0,187.0,192.0,215.0,234.0,248.0,296.0,306.0,370.0,401.0,404.0,451.0,507.0,550.0,566.0,575.0,578.0,578.0,583.0,623.0,627.0,653.0,667.0,727.0,733.0,739.0,740.0,754.0,761.0,762.0,777.0,796.0,847.0,853.0,864.0,896.0,933.0,940.0,943.0,950.0,973.0,985.0,
3.0,10.0,18.0,24.0,32.0,61.0,81.0,100.0,134.0,154.0,165.0,189.0,191.0,227.0,248.0,286.0,347.0,356.0,373.0,392.0,461.0,483.0,523.0,550.0,557.0,559.0,625.0,626.0,630.0,705.0,745.0,796.0,818.0,865.0,884.0,957.0,
63.0,127.0,133.0,137.0,147.0,201.0,202.0,256.0,289.0,315.0,336.0,347.0,370.0,386.0,474.0,475.0,500.0,502.0,513.0,532.0,546.0,593.0,593.0,604.0,637.0,672.0,694.0,747.0,820.0,837.0,853.0,868.0,884.0,884.0,895.0,896.0,911.0,926.0,947.0,957.0,958.0,965.0,966.0,976.0,980.0,
7.0,13.0,46.0,55.0,97.0,103.0,141.0,231.0,261.0,297.0,300.0,314.0,338.0,382.0,431.0,437.0,450.0,475.0,477.0,490.0,541.0,542.0,577.0,593.0,649.0,668.0,707.0,715.0,719.0,744.0,748.0,749.0,793.0,797.0,950.0,952.0,975.0,996.0,1000.0,
69.0,142.0,153.0,169.0,184.0,219.0,245.0,271.0,280.0,307.0,323.0,336.0,343.0,398.0,431.0,462.0,503.0,521.0,533.0,537.0,538.0,564.0,588.0,590.0,592.0,635.0,651.0,690.0,733.0,807.0,832.0,848.0,931.0,956.0,964.0,975.0,980.0,981.0,985.0,989.0,997.0,
6.0,19.0,215.0,223.0,225.0,333.0,337.0,360.0,373.0,384.0,387.0,394.0,401.0,410.0,434.0,456.0,486.0,528.0,607.0,645.0,655.0,699.0,708.0,719.0,731.0,754.0,773.0,781.0,794.0,821.0,825.0,829.0,830.0,860.0,866.0,878.0,894.0,907.0,927.0,934.0,
32.0,105.0,151.0,151.0,178.0,195.0,196.0,237.0,268.0,288.0,354.0,407.0,446.0,482.0,505.0,506.0,510.0,538.0,556.0,573.0,587.0,615.0,622.0,634.0,636.0,643.0,686.0,706.0,709.0,739.0,745.0,775.0,782.0,810.0,815.0,836.0,838.0,842.0,850.0,859.0,865.0,867.0,884.0,886.0,887.0,903.0,949.0,984.0,
22.0,24.0,174.0,200.0,214.0,243.0,257.0,269.0,335.0,397.0,404.0,411.0,420.0,450.0,467.0,494.0,501.0,505.0,510.0,573.0,579.0,602.0,615.0,628.0,646.0,676.0,777.0,859.0,865.0,875.0,880.0,941.0,
21.0,47.0,55.0,99.0,103.0,107.0,115.0,135.0,151.0,157.0,185.0,187.0,203.0,234.0,258.0,336.0,337.0,361.0,381.0,388.0,393.0,400.0,441.0,512.0,526.0,527.0,556.0,579.0,618.0,644.0,686.0,692.0,709.0,720.0,725.0,752.0,780.0,784.0,866.0,
5.0,47.0,73.0,114.0,171.0,182.0,202.0,210.0,403.0,419.0,422.0,425.0,490.0,494.0,523.0,546.0,586.0,624.0,632.0,653.0,690.0,743.0,748.0,778.0,785.0,795.0,826.0,855.0,858.0,985.0,
56.0,96.0,138.0,155.0,227.0,243.0,262.0,267.0,295.0,315.0,323.0,341.0,348.0,352.0,369.0,385.0,398.0,399.0,400.0,422.0,443.0,452.0,473.0,531.0,538.0,542.0,563.0,572.0,587.0,608.0,638.0,653.0,664.0,687.0,700.0,766.0,778.0,791.0,803.0,817.0,843.0,871.0,875.0,909.0,915.0,922.0,929.0,962.0,963.0,
18.0,33.0,44.0,68.0,68.0,201.0,205.0,310.0,320.0,351.0,351.0,357.0,370.0,478.0,492.0,511.0,535.0,553.0,567.0,616.0,619.0,657.0,675.0,705.0,729.0,743.0,766.0,855.0,881.0,976.0,982.0,997.0,
13.0,99.0,143.0,179.0,265.0,363.0,401.0,418.0,436.0,468.0,480.0,580.0,608.0,636.0,650.0,681.0,689.0,765.0,796.0,800.0,808.0,831.0,836.0,952.0,963.0,975.0,997.0,
26.0,34.0,77.0,94.0,123.0,124.0,158.0,167.0,196.0,268.0,281.0,304.0,324.0,479.0,488.0,537.0,543.0,596.0,607.0,669.0,803.0,820.0,894.0,
16.0,33.0,87.0,107.0,109.0,126.0,157.0,229.0,231.0,266.0,294.0,300.0,309.0,336.0,353.0,360.0,362.0,370.0,425.0,432.0,471.0,498.0,500.0,504.0,515.0,526.0,526.0,530.0,550.0,580.0,600.0,605.0,607.0,625.0,648.0,698.0,752.0,782.0,790.0,791.0,809.0,835.0,861.0,873.0,884.0,909.0,
18.0,19.0,39.0,71.0,108.0,116.0,140.0,143.0,146.0,169.0,171.0,259.0,293.0,331.0,337.0,347.0,354.0,358.0,360.0,365.0,380.0,401.0,410.0,434.0,469.0,562.0,585.0,604.0,641.0,729.0,779.0,826.0,853.0,869.0,877.0,898.0,957.0,974.0,
48.0,85.0,102.0,118.0,120.0,120.0,207.0,208.0,227.0,242.0,251.0,269.0,286.0,339.0,404.0,446.0,455.0,460.0,466.0,494.0,516.0,550.0,564.0,579.0,603.0,643.0,657.0,696.0,702.0,780.0,796.0,819.0,827.0,921.0,924.0,948.0,967.0,984.0,994.0,999.0,
71.0,95.0,113.0,128.0,178.0,179.0,231.0,256.0,265.0,280.0,302.0,322.0,345.0,350.0,382.0,407.0,429.0,462.0,514.0,520.0,524.0,548.0,548.0,569.0,573.0,588.0,642.0,648.0,649.0,678.0,682.0,700.0,711.0,840.0,885.0,912.0,922.0,929.0,963.0,999.0,
61.0,199.0,237.0,241.0,246.0,255.0,269.0,281.0,294.0,364.0,397.0,408.0,503.0,526.0,568.0,568.0,569.0,575.0,622.0,646.0,657.0,684.0,702.0,703.0,712.0,769.0,831.0,838.0,928.0,957.0,
51.0,52.0,83.0,99.0,110.0,116.0,157.0,184.0,189.0,201.0,206.0,232.0,250.0,258.0,261.0,314.0,394.0,413.0,415.0,426.0,437.0,437.0,545.0,623.0,629.0,674.0,716.0,733.0,742.0,755.0,767.0,774.0,955.0,984.0,997.0,998.0,
18.0,51.0,91.0,131.0,174.0,326.0,414.0,431.0,498.0,507.0,563.0,625.0,638.0,668.0,670.0,671.0,745.0,764.0,787.0,859.0,859.0,859.0,883.0,893.0,913.0,928.0,936.0,998.0,
41.0,42.0,51.0,97.0,111.0,127.0,184.0,243.0,248.0,272.0,352.0,377.0,387.0,451.0,471.0,472.0,517.0,530.0,623.0,712.0,756.0,780.0,807.0,830.0,833.0,847.0,858.0,866.0,884.0,984.0,994.0,
10.0,16.0,64.0,84.0,88.0,89.0,113.0,184.0,197.0,241.0,248.0,292.0,313.0,334.0,443.0,469.0,534.0,572.0,572.0,590.0,598.0,601.0,623.0,655.0,666.0,671.0,695.0,723.0,794.0,806.0,832.0,884.0,888.0,966.0,985.0,989.0,
3.0,6.0,15.0,50.0,100.0,115.0,172.0,194.0,197.0,215.0,269.0,274.0,304.0,331.0,351.0,351.0,364.0,381.0,438.0,445.0,449.0,461.0,553.0,611.0,632.0,676.0,679.0,731.0,828.0,897.0,969.0,973.0,978.0,
7.0,55.0,59.0,74.0,112.0,120.0,158.0,174.0,186.0,198.0,222.0,229.0,287.0,291.0,311.0,320.0,320.0,331.0,338.0,342.0,379.0,421.0,425.0,447.0,458.0,458.0,471.0,475.0,518.0,544.0,613.0,652.0,659.0,660.0,675.0,686.0,703.0,707.0,749.0,771.0,836.0,899.0,926.0,973.0,
10.0,38.0,57.0,174.0,185.0,273.0,300.0,344.0,349.0,389.0,401.0,409.0,460.0,469.0,476.0,544.0,638.0,654.0,656.0,666.0,670.0,682.0,714.0,799.0,805.0,822.0,844.0,848.0,892.0,899.0,918.0,924.0,937.0,947.0,
11.0,90.0,106.0,106.0,114.0,256.0,262.0,370.0,395.0,444.0,478.0,498.0,506.0,508.0,521.0,541.0,541.0,589.0,644.0,685.0,746.0,791.0,815.0,836.0,838.0,868.0,888.0,943.0,944.0,969.0,
14.0,22.0,53.0,57.0,75.0,138.0,139.0,158.0,172.0,176.0,218.0,222.0,230.0,305.0,312.0,321.0,321.0,440.0,473.0,534.0,540.0,563.0,564.0,577.0,614.0,636.0,657.0,677.0,695.0,732.0,757.0,781.0,789.0,874.0,908.0,941.0,976.0,
38.0,66.0,129.0,153.0,170.0,196.0,224.0,228.0,311.0,368.0,369.0,388.0,398.0,399.0,412.0,422.0,450.0,524.0,533.0,561.0,578.0,608.0,640.0,664.0,730.0,756.0,853.0,863.0,874.0,881.0,888.0,897.0,905.0,931.0,964.0,
7.0,101.0,148.0,157.0,204.0,210.0,262.0,273.0,281.0,287.0,309.0,354.0,425.0,429.0,467.0,468.0,470.0,535.0,572.0,598.0,613.0,734.0,776.0,802.0,843.0,859.0,863.0,873.0,927.0,960.0,983.0,988.0,995.0,
32.0,41.0,41.0,49.0,92.0,139.0,151.0,172.0,226.0,237.0,369.0,386.0,409.0,411.0,431.0,499.0,528.0,554.0,593.0,609.0,632.0,660.0,731.0,746.0,753.0,772.0,787.0,841.0,893.0,894.0,913.0,919.0,924.0,989.0,997.0,
5.0,73.0,201.0,290.0,321.0,328.0,342.0,346.0,349.0,368.0,402.0,423.0,456.0,493.0,562.0,582.0,582.0,617.0,623.0,633.0,661.0,758.0,774.0,776.0,777.0,800.0,806.0,807.0,832.0,870.0,883.0,886.0,938.0,
109.0,114.0,131.0,175.0,336.0,351.0,367.0,383.0,417.0,423.0,439.0,489.0,498.0,507.0,521.0,556.0,570.0,570.0,581.0,593.0,604.0,616.0,622.0,639.0,643.0,652.0,670.0,709.0,717.0,750.0,783.0,803.0,815.0,845.0,873.0,950.0,951.0,971.0,980.0,998.0,
5.0,30.0,55.0,104.0,117.0,121.0,126.0,134.0,199.0,203.0,208.0,214.0,274.0,317.0,335.0,372.0,376.0,419.0,430.0,431.0,456.0,475.0,492.0,510.0,515.0,517.0,534.0,553.0,557.0,602.0,646.0,660.0,700.0,700.0,703.0,731.0,736.0,746.0,780.0,789.0,815.0,852.0,853.0,864.0,898.0,905.0,914.0,917.0,936.0,937.0,958.0,975.0,
22.0,90.0,121.0,161.0,206.0,218.0,256.0,263.0,276.0,294.0,308.0,352.0,421.0,459.0,472.0,477.0,482.0,527.0,552.0,567.0,654.0,705.0,797.0,803.0,807.0,834.0,886.0,978.0,
35.0,45.0,93.0,121.0,223.0,228.0,241.0,251.0,260.0,268.0,276.0,290.0,356.0,380.0,414.0,422.0,439.0,463.0,479.0,482.0,495.0,519.0,535.0,546.0,581.0,660.0,665.0,676.0,678.0,682.0,690.0,708.0,712.0,720.0,732.0,752.0,809.0,819.0,842.0,867.0,872.0,943.0,944.0,949.0,972.0,979.0,983.0,
83.0,96.0,105.0,111.0,124.0,131.0,166.0,178.0,197.0,201.0,210.0,235.0,244.0,251.0,253.0,269.0,295.0,334.0,335.0,351.0,361.0,361.0,362.0,393.0,396.0,416.0,463.0,498.0,498.0,551.0,572.0,589.0,634.0,662.0,708.0,716.0,721.0,731.0,744.0,782.0,833.0,843.0,933.0,946.0,982.0,
37.0,58.0,92.0,103.0,133.0,133.0,141.0,155.0,208.0,292.0,310.0,325.0,358.0,403.0,429.0,429.0,497.0,568.0,581.0,619.0,623.0,650.0,653.0,681.0,715.0,716.0,743.0,749.0,754.0,761.0,770.0,804.0,815.0,822.0,836.0,850.0,869.0,923.0,935.0,983.0,991.0,
15.0,64.0,111.0,132.0,140.0,157.0,167.0,179.0,186.0,303.0,337.0,382.0,385.0,389.0,458.0,476.0,481.0,505.0,578.0,607.0,626.0,698.0,732.0,752.0,765.0,767.0,800.0,846.0,908.0,913.0,943.0,
89.0,105.0,111.0,129.0,169.0,205.0,245.0,302.0,339.0,346.0,391.0,473.0,488.0,567.0,583.0,627.0,629.0,669.0,691.0,698.0,711.0,719.0,778.0,799.0,812.0,815.0,838.0,840.0,843.0,889.0,919.0,930.0,945.0,972.0,
9.0,11.0,52.0,71.0,100.0,149.0,219.0,219.0,257.0,261.0,266.0,298.0,311.0,360.0,386.0,419.0,457.0,485.0,506.0,529.0,535.0,623.0,647.0,653.0,685.0,731.0,732.0,749.0,782.0,811.0,847.0,882.0,885.0,905.0,906.0,921.0,954.0,984.0,998.0,
9.0,12.0,62.0,72.0,87.0,212.0,224.0,231.0,234.0,302.0,333.0,358.0,367.0,412.0,463.0,475.0,475.0,479.0,506.0,524.0,615.0,833.0,888.0,891.0,896.0,937.0,974.0,
14.0,79.0,92.0,92.0,149.0,221.0,264.0,265.0,268.0,348.0,387.0,387.0,406.0,435.0,439.0,511.0,518.0,528.0,530.0,555.0,557.0,577.0,601.0,602.0,606.0,620.0,621.0,621.0,665.0,670.0,682.0,770.0,784.0,800.0,835.0,837.0,955.0,992.0,995.0,
