2.0,12.0,89.0,98.0,115.0,121.0,139.0,197.0,208.0,235.0,270.0,276.0,292.0,317.0,322.0,340.0,418.0,430.0,473.0,515.0,558.0,587.0,612.0,623.0,721.0,728.0,728.0,740.0,763.0,776.0,798.0,833.0,842.0,861.0,874.0,905.0,946.0,959.0,980.0,994.0,
13.0,18.0,31.0,36.0,82.0,166.0,178.0,195.0,242.0,244.0,277.0,336.0,377.0,388.0,406.0,477.0,481.0,489.0,494.0,501.0,503.0,545.0,556.0,617.0,660.0,675.0,680.0,716.0,726.0,736.0,750.0,755.0,774.0,818.0,819.0,827.0,881.0,943.0,944.0,968.0,976.0,994.0,
9.0,10.0,14.0,15.0,72.0,73.0,81.0,83.0,86.0,145.0,246.0,255.0,294.0,335.0,412.0,414.0,446.0,460.0,468.0,500.0,515.0,528.0,533.0,539.0,633.0,643.0,645.0,745.0,753.0,784.0,799.0,807.0,823.0,901.0,912.0,939.0,
5.0,32.0,106.0,122.0,175.0,177.0,209.0,218.0,264.0,279.0,291.0,342.0,418.0,445.0,463.0,545.0,558.0,591.0,627.0,668.0,758.0,765.0,790.0,795.0,813.0,813.0,814.0,826.0,845.0,853.0,885.0,924.0,930.0,933.0,956.0,
12.0,88.0,136.0,146.0,148.0,187.0,202.0,341.0,376.0,383.0,404.0,506.0,529.0,539.0,540.0,541.0,563.0,595.0,599.0,604.0,627.0,642.0,662.0,669.0,706.0,746.0,774.0,789.0,792.0,812.0,907.0,931.0,
26.0,69.0,127.0,158.0,160.0,168.0,182.0,188.0,192.0,274.0,337.0,357.0,361.0,405.0,414.0,419.0,432.0,435.0,502.0,517.0,539.0,579.0,585.0,589.0,699.0,721.0,725.0,736.0,821.0,831.0,849.0,889.0,902.0,905.0,932.0,949.0,956.0,973.0,989.0,
88.0,119.0,134.0,143.0,157.0,161.0,166.0,176.0,198.0,225.0,282.0,283.0,299.0,301.0,310.0,311.0,329.0,330.0,340.0,353.0,362.0,387.0,402.0,433.0,439.0,449.0,471.0,482.0,521.0,529.0,539.0,562.0,562.0,579.0,587.0,655.0,659.0,711.0,721.0,730.0,749.0,754.0,837.0,841.0,855.0,858.0,893.0,925.0,933.0,989.0,995.0,
10.0,33.0,35.0,48.0,86.0,103.0,106.0,113.0,125.0,155.0,169.0,170.0,224.0,264.0,271.0,285.0,303.0,313.0,468.0,506.0,541.0,568.0,626.0,639.0,669.0,669.0,749.0,769.0,770.0,777.0,851.0,890.0,901.0,910.0,944.0,949.0,959.0,970.0,974.0,992.0,
17.0,32.0,39.0,59.0,83.0,121.0,126.0,165.0,167.0,171.0,190.0,388.0,395.0,401.0,409.0,428.0,471.0,515.0,597.0,603.0,629.0,646.0,765.0,794.0,807.0,830.0,854.0,903.0,929.0,973.0,979.0,998.0,
7.0,29.0,44.0,95.0,144.0,204.0,213.0,237.0,244.0,244.0,276.0,279.0,406.0,423.0,442.0,499.0,516.0,540.0,614.0,636.0,657.0,664.0,668.0,678.0,694.0,755.0,774.0,796.0,799.0,898.0,900.0,912.0,915.0,919.0,919.0,938.0,983.0,
20.0,94.0,96.0,105.0,106.0,113.0,156.0,174.0,295.0,305.0,306.0,306.0,348.0,354.0,376.0,415.0,494.0,497.0,519.0,520.0,543.0,553.0,563.0,566.0,593.0,599.0,609.0,625.0,685.0,727.0,810.0,818.0,862.0,867.0,889.0,902.0,912.0,953.0,999.0,
74.0,101.0,143.0,153.0,164.0,173.0,191.0,211.0,239.0,247.0,294.0,315.0,337.0,338.0,398.0,401.0,452.0,467.0,531.0,540.0,553.0,621.0,627.0,632.0,646.0,655.0,691.0,699.0,745.0,770.0,855.0,856.0,872.0,922.0,953.0,957.0,985.0,
5.0,12.0,25.0,52.0,77.0,114.0,148.0,162.0,200.0,212.0,272.0,334.0,359.0,377.0,388.0,415.0,422.0,464.0,466.0,483.0,508.0,536.0,544.0,556.0,565.0,587.0,767.0,835.0,865.0,893.0,908.0,909.0,933.0,937.0,954.0,983.0,987.0,
3.0,97.0,114.0,139.0,159.0,175.0,201.0,219.0,229.0,233.0,329.0,338.0,358.0,377.0,388.0,400.0,424.0,427.0,435.0,439.0,445.0,465.0,479.0,523.0,550.0,578.0,612.0,637.0,669.0,733.0,745.0,777.0,781.0,790.0,812.0,843.0,854.0,906.0,922.0,927.0,945.0,984.0,
19.0,56.0,73.0,95.0,95.0,141.0,159.0,180.0,203.0,208.0,218.0,245.0,246.0,263.0,341.0,348.0,353.0,367.0,375.0,408.0,422.0,424.0,444.0,451.0,519.0,523.0,530.0,588.0,608.0,609.0,648.0,649.0,660.0,757.0,778.0,789.0,807.0,822.0,854.0,855.0,865.0,877.0,931.0,943.0,
51.0,51.0,71.0,76.0,133.0,136.0,178.0,188.0,223.0,227.0,300.0,323.0,363.0,389.0,396.0,442.0,443.0,450.0,463.0,527.0,548.0,549.0,565.0,675.0,697.0,701.0,712.0,750.0,778.0,787.0,826.0,866.0,867.0,894.0,906.0,952.0,969.0,982.0,992.0,992.0,
26.0,77.0,109.0,134.0,145.0,187.0,212.0,221.0,224.0,244.0,246.0,331.0,337.0,341.0,347.0,387.0,424.0,427.0,435.0,503.0,520.0,568.0,576.0,590.0,590.0,631.0,649.0,665.0,717.0,801.0,803.0,824.0,832.0,836.0,848.0,892.0,927.0,941.0,963.0,
32.0,85.0,104.0,118.0,123.0,208.0,223.0,227.0,274.0,283.0,297.0,337.0,379.0,386.0,431.0,461.0,470.0,478.0,481.0,517.0,583.0,596.0,621.0,664.0,694.0,703.0,753.0,760.0,786.0,804.0,806.0,838.0,851.0,858.0,858.0,889.0,947.0,953.0,998.0,
15.0,45.0,146.0,157.0,218.0,258.0,379.0,413.0,433.0,514.0,538.0,573.0,600.0,663.0,681.0,731.0,858.0,879.0,956.0,993.0,
24.0,30.0,90.0,98.0,187.0,217.0,241.0,275.0,322.0,334.0,355.0,379.0,393.0,410.0,433.0,438.0,470.0,492.0,514.0,520.0,533.0,565.0,601.0,651.0,662.0,679.0,684.0,698.0,709.0,761.0,818.0,842.0,859.0,865.0,876.0,885.0,964.0,966.0,989.0,
32.0,70.0,110.0,200.0,277.0,350.0,359.0,411.0,450.0,493.0,501.0,519.0,562.0,562.0,573.0,575.0,582.0,585.0,589.0,598.0,602.0,665.0,700.0,773.0,860.0,889.0,890.0,951.0,954.0,980.0,994.0,
4.0,57.0,90.0,176.0,186.0,206.0,259.0,263.0,275.0,334.0,359.0,373.0,376.0,377.0,389.0,428.0,447.0,465.0,469.0,508.0,524.0,538.0,566.0,724.0,740.0,756.0,761.0,773.0,809.0,816.0,817.0,872.0,878.0,892.0,894.0,916.0,917.0,974.0,
5.0,19.0,46.0,81.0,99.0,108.0,178.0,267.0,279.0,296.0,372.0,400.0,455.0,481.0,502.0,506.0,556.0,561.0,577.0,637.0,638.0,674.0,694.0,697.0,701.0,703.0,724.0,791.0,800.0,888.0,911.0,924.0,925.0,940.0,972.0,975.0,996.0,
5.0,64.0,76.0,98.0,104.0,110.0,117.0,128.0,142.0,151.0,160.0,161.0,180.0,200.0,202.0,285.0,289.0,319.0,335.0,357.0,414.0,415.0,428.0,439.0,460.0,489.0,493.0,514.0,534.0,619.0,646.0,656.0,668.0,700.0,711.0,720.0,745.0,786.0,787.0,864.0,886.0,899.0,910.0,945.0,978.0,982.0,984.0,
20.0,52.0,125.0,143.0,162.0,171.0,196.0,205.0,232.0,237.0,269.0,271.0,356.0,357.0,363.0,467.0,489.0,528.0,569.0,576.0,686.0,688.0,762.0,790.0,807.0,810.0,841.0,852.0,873.0,899.0,948.0,995.0,
45.0,114.0,157.0,192.0,218.0,230.0,268.0,280.0,283.0,306.0,347.0,353.0,361.0,394.0,404.0,415.0,525.0,526.0,541.0,568.0,593.0,596.0,623.0,653.0,666.0,666.0,683.0,712.0,718.0,754.0,757.0,775.0,806.0,833.0,843.0,845.0,849.0,864.0,896.0,953.0,965.0,989.0,
55.0,63.0,88.0,159.0,205.0,295.0,319.0,332.0,358.0,438.0,452.0,462.0,462.0,469.0,509.0,513.0,551.0,553.0,572.0,589.0,663.0,674.0,676.0,678.0,689.0,692.0,708.0,716.0,747.0,750.0,777.0,813.0,815.0,861.0,878.0,895.0,989.0,
42.0,45.0,64.0,77.0,82.0,125.0,143.0,235.0,269.0,272.0,275.0,283.0,311.0,322.0,351.0,351.0,374.0,397.0,401.0,452.0,452.0,511.0,539.0,574.0,604.0,606.0,617.0,633.0,694.0,699.0,709.0,715.0,764.0,773.0,826.0,827.0,875.0,900.0,902.0,903.0,931.0,961.0,981.0,990.0,991.0,
47.0,74.0,98.0,100.0,102.0,107.0,157.0,200.0,211.0,245.0,318.0,334.0,334.0,339.0,340.0,382.0,408.0,413.0,441.0,452.0,477.0,481.0,498.0,504.0,524.0,563.0,565.0,570.0,577.0,615.0,654.0,658.0,662.0,668.0,675.0,711.0,763.0,884.0,887.0,944.0,947.0,965.0,971.0,
8.0,37.0,91.0,98.0,195.0,207.0,248.0,249.0,315.0,330.0,381.0,390.0,403.0,440.0,442.0,478.0,492.0,494.0,543.0,592.0,628.0,652.0,664.0,679.0,705.0,833.0,838.0,852.0,870.0,913.0,943.0,964.0,985.0,1000.0,
16.0,47.0,83.0,85.0,98.0,115.0,143.0,149.0,169.0,204.0,221.0,306.0,307.0,323.0,323.0,380.0,395.0,408.0,439.0,464.0,466.0,511.0,537.0,537.0,662.0,666.0,694.0,702.0,712.0,738.0,810.0,823.0,829.0,884.0,894.0,920.0,929.0,932.0,940.0,982.0,
19.0,23.0,40.0,115.0,123.0,191.0,197.0,233.0,242.0,253.0,277.0,331.0,353.0,399.0,405.0,424.0,451.0,453.0,457.0,462.0,466.0,472.0,475.0,476.0,485.0,521.0,533.0,596.0,612.0,627.0,651.0,654.0,694.0,755.0,767.0,780.0,849.0,850.0,856.0,915.0,922.0,967.0,
20.0,73.0,126.0,219.0,236.0,240.0,312.0,338.0,380.0,413.0,512.0,525.0,567.0,576.0,605.0,676.0,714.0,738.0,739.0,740.0,754.0,760.0,771.0,782.0,800.0,801.0,812.0,814.0,833.0,860.0,874.0,889.0,897.0,906.0,968.0,974.0,993.0,
25.0,29.0,89.0,95.0,113.0,139.0,147.0,158.0,168.0,189.0,192.0,195.0,202.0,249.0,357.0,400.0,463.0,473.0,575.0,600.0,602.0,623.0,636.0,708.0,778.0,817.0,842.0,861.0,864.0,905.0,912.0,919.0,936.0,960.0,977.0,
48.0,52.0,112.0,126.0,151.0,172.0,176.0,177.0,192.0,197.0,207.0,229.0,285.0,289.0,304.0,336.0,373.0,387.0,392.0,405.0,443.0,514.0,518.0,539.0,561.0,580.0,634.0,685.0,757.0,765.0,813.0,834.0,838.0,854.0,889.0,917.0,969.0,976.0,983.0,993.0,
3.0,14.0,33.0,35.0,36.0,45.0,87.0,132.0,159.0,185.0,215.0,222.0,242.0,244.0,248.0,269.0,334.0,377.0,395.0,432.0,443.0,461.0,465.0,472.0,480.0,498.0,520.0,530.0,537.0,618.0,619.0,661.0,688.0,692.0,790.0,799.0,814.0,839.0,862.0,906.0,960.0,983.0,984.0,986.0,
15.0,32.0,71.0,87.0,132.0,146.0,176.0,215.0,259.0,278.0,348.0,378.0,386.0,391.0,438.0,454.0,470.0,479.0,502.0,508.0,521.0,704.0,733.0,754.0,789.0,807.0,809.0,857.0,869.0,904.0,913.0,
33.0,48.0,69.0,88.0,128.0,138.0,149.0,156.0,172.0,202.0,218.0,220.0,230.0,257.0,287.0,416.0,468.0,506.0,598.0,602.0,610.0,658.0,664.0,702.0,715.0,776.0,786.0,806.0,832.0,849.0,910.0,932.0,964.0,971.0,972.0,972.0,
4.0,8.0,40.0,192.0,202.0,228.0,282.0,302.0,318.0,353.0,369.0,402.0,425.0,450.0,465.0,494.0,522.0,523.0,560.0,579.0,612.0,614.0,666.0,677.0,729.0,736.0,755.0,934.0,937.0,979.0,985.0,
31.0,41.0,76.0,79.0,108.0,109.0,177.0,192.0,215.0,293.0,294.0,300.0,419.0,441.0,451.0,471.0,489.0,511.0,596.0,711.0,743.0,767.0,778.0,779.0,787.0,898.0,923.0,933.0,934.0,935.0,963.0,
25.0,32.0,39.0,45.0,55.0,148.0,162.0,175.0,185.0,190.0,215.0,224.0,237.0,238.0,285.0,308.0,308.0,384.0,430.0,456.0,488.0,493.0,553.0,575.0,591.0,597.0,601.0,612.0,636.0,636.0,656.0,672.0,686.0,696.0,715.0,741.0,764.0,775.0,831.0,851.0,872.0,895.0,935.0,941.0,948.0,
17.0,42.0,82.0,89.0,90.0,237.0,245.0,260.0,343.0,360.0,360.0,387.0,441.0,455.0,479.0,510.0,525.0,526.0,553.0,601.0,609.0,621.0,623.0,669.0,677.0,679.0,679.0,700.0,771.0,809.0,816.0,852.0,870.0,874.0,896.0,966.0,970.0,975.0,995.0,
41.0,41.0,109.0,192.0,194.0,230.0,232.0,259.0,266.0,304.0,305.0,310.0,332.0,344.0,383.0,391.0,412.0,461.0,464.0,469.0,476.0,491.0,556.0,603.0,638.0,655.0,674.0,685.0,700.0,726.0,742.0,767.0,850.0,852.0,869.0,880.0,884.0,885.0,893.0,992.0,
40.0,53.0,74.0,82.0,109.0,115.0,198.0,206.0,208.0,276.0,318.0,337.0,393.0,402.0,544.0,555.0,564.0,607.0,634.0,648.0,654.0,761.0,777.0,779.0,780.0,787.0,878.0,898.0,923.0,961.0,998.0,
5.0,20.0,34.0,75.0,215.0,237.0,240.0,241.0,295.0,332.0,344.0,361.0,392.0,398.0,409.0,449.0,475.0,537.0,545.0,551.0,568.0,602.0,618.0,627.0,648.0,662.0,711.0,747.0,784.0,786.0,830.0,875.0,878.0,881.0,892.0,895.0,954.0,965.0,973.0,
11.0,17.0,22.0,35.0,58.0,71.0,102.0,136.0,143.0,149.0,169.0,183.0,192.0,203.0,216.0,244.0,321.0,396.0,434.0,442.0,460.0,475.0,482.0,515.0,580.0,584.0,608.0,619.0,646.0,667.0,699.0,753.0,756.0,767.0,793.0,913.0,938.0,939.0,942.0,974.0,975.0,978.0,
65.0,68.0,128.0,165.0,180.0,231.0,232.0,233.0,238.0,252.0,260.0,264.0,299.0,315.0,337.0,342.0,361.0,391.0,445.0,448.0,450.0,517.0,548.0,635.0,749.0,773.0,777.0,800.0,812.0,861.0,893.0,939.0,957.0,972.0,989.0,
82.0,89.0,109.0,119.0,123.0,124.0,303.0,304.0,314.0,324.0,380.0,415.0,440.0,441.0,445.0,471.0,483.0,494.0,545.0,556.0,564.0,622.0,628.0,644.0,704.0,775.0,776.0,798.0,808.0,825.0,898.0,907.0,925.0,931.0,932.0,956.0,963.0,967.0,972.0,
45.0,58.0,74.0,116.0,124.0,127.0,131.0,177.0,226.0,233.0,247.0,259.0,276.0,318.0,360.0,392.0,424.0,451.0,462.0,464.0,494.0,501.0,504.0,532.0,534.0,539.0,583.0,613.0,618.0,626.0,629.0,652.0,673.0,735.0,738.0,830.0,848.0,886.0,890.0,950.0,959.0,994.0,
29.0,30.0,41.0,44.0,51.0,64.0,74.0,317.0,356.0,392.0,395.0,397.0,402.0,416.0,421.0,434.0,439.0,442.0,504.0,547.0,633.0,655.0,732.0,750.0,756.0,776.0,792.0,825.0,845.0,873.0,909.0,918.0,962.0,993.0,
17.0,23.0,27.0,36.0,67.0,69.0,92.0,172.0,179.0,187.0,196.0,206.0,206.0,210.0,242.0,365.0,473.0,511.0,545.0,550.0,609.0,623.0,624.0,629.0,647.0,701.0,711.0,771.0,774.0,778.0,824.0,865.0,896.0,902.0,905.0,926.0,981.0,989.0,
6.0,46.0,161.0,164.0,175.0,176.0,179.0,204.0,224.0,232.0,254.0,265.0,270.0,272.0,353.0,365.0,378.0,388.0,541.0,542.0,546.0,591.0,603.0,642.0,660.0,714.0,755.0,791.0,798.0,800.0,805.0,842.0,870.0,871.0,956.0,
15.0,31.0,65.0,97.0,104.0,112.0,173.0,238.0,274.0,280.0,306.0,333.0,357.0,381.0,383.0,423.0,442.0,466.0,475.0,495.0,498.0,594.0,620.0,695.0,723.0,751.0,778.0,778.0,785.0,798.0,800.0,862.0,862.0,865.0,906.0,933.0,945.0,970.0,991.0,1000.0,
25.0,32.0,67.0,126.0,144.0,203.0,283.0,343.0,383.0,391.0,417.0,427.0,434.0,443.0,445.0,457.0,458.0,469.0,538.0,570.0,578.0,605.0,607.0,761.0,769.0,818.0,829.0,836.0,849.0,861.0,890.0,928.0,948.0,974.0,995.0,
21.0,31.0,58.0,61.0,85.0,180.0,224.0,338.0,355.0,397.0,403.0,447.0,450.0,535.0,541.0,599.0,710.0,711.0,728.0,728.0,792.0,809.0,851.0,901.0,921.0,937.0,
5.0,38.0,41.0,164.0,183.0,209.0,211.0,267.0,314.0,328.0,335.0,338.0,382.0,390.0,438.0,481.0,556.0,568.0,570.0,602.0,640.0,650.0,685.0,697.0,725.0,727.0,810.0,816.0,848.0,867.0,884.0,888.0,917.0,969.0,989.0,
7.0,97.0,121.0,172.0,184.0,206.0,269.0,314.0,366.0,385.0,419.0,424.0,453.0,492.0,518.0,521.0,558.0,575.0,639.0,713.0,725.0,738.0,739.0,748.0,784.0,828.0,837.0,858.0,915.0,981.0,
5.0,45.0,91.0,152.0,156.0,167.0,227.0,263.0,268.0,321.0,377.0,399.0,401.0,418.0,428.0,462.0,467.0,482.0,521.0,561.0,566.0,571.0,616.0,650.0,671.0,739.0,740.0,742.0,784.0,802.0,817.0,835.0,852.0,857.0,929.0,961.0,966.0,967.0,
28.0,46.0,102.0,158.0,165.0,175.0,336.0,352.0,422.0,466.0,525.0,530.0,544.0,588.0,608.0,622.0,623.0,687.0,692.0,701.0,705.0,745.0,767.0,771.0,772.0,799.0,827.0,937.0,955.0,989.0,
32.0,60.0,93.0,117.0,131.0,134.0,140.0,159.0,162.0,174.0,251.0,291.0,304.0,322.0,350.0,356.0,361.0,366.0,409.0,410.0,418.0,427.0,457.0,481.0,579.0,588.0,646.0,655.0,715.0,737.0,746.0,763.0,804.0,807.0,811.0,842.0,880.0,943.0,981.0,982.0,
16.0,27.0,103.0,144.0,193.0,237.0,264.0,347.0,360.0,379.0,410.0,415.0,464.0,492.0,493.0,521.0,531.0,584.0,588.0,590.0,642.0,652.0,681.0,728.0,768.0,770.0,789.0,811.0,833.0,850.0,876.0,892.0,943.0,948.0,986.0,
4.0,10.0,42.0,86.0,88.0,94.0,99.0,112.0,127.0,149.0,183.0,235.0,345.0,451.0,524.0,551.0,623.0,698.0,721.0,747.0,799.0,828.0,850.0,865.0,903.0,925.0,963.0,
39.0,177.0,202.0,274.0,281.0,320.0,337.0,412.0,474.0,480.0,487.0,542.0,643.0,728.0,744.0,773.0,790.0,804.0,870.0,870.0,876.0,878.0,881.0,883.0,901.0,918.0,929.0,968.0,983.0,
53.0,60.0,90.0,103.0,164.0,172.0,197.0,333.0,343.0,343.0,369.0,388.0,432.0,434.0,457.0,476.0,478.0,517.0,576.0,673.0,693.0,737.0,754.0,763.0,804.0,848.0,865.0,911.0,942.0,996.0,999.0,
18.0,150.0,236.0,261.0,267.0,282.0,304.0,315.0,332.0,338.0,352.0,515.0,520.0,531.0,536.0,599.0,608.0,647.0,742.0,761.0,786.0,818.0,824.0,892.0,940.0,955.0,
36.0,58.0,93.0,141.0,147.0,175.0,203.0,258.0,305.0,310.0,337.0,339.0,344.0,347.0,376.0,420.0,453.0,500.0,513.0,566.0,576.0,593.0,596.0,645.0,691.0,746.0,798.0,800.0,859.0,869.0,923.0,934.0,
11.0,14.0,52.0,56.0,92.0,117.0,117.0,146.0,148.0,154.0,207.0,225.0,233.0,260.0,262.0,274.0,279.0,328.0,344.0,360.0,415.0,436.0,468.0,486.0,519.0,523.0,579.0,598.0,609.0,659.0,713.0,726.0,767.0,781.0,783.0,810.0,911.0,920.0,946.0,982.0,988.0,998.0,
16.0,29.0,104.0,121.0,134.0,169.0,197.0,280.0,332.0,346.0,350.0,404.0,411.0,435.0,469.0,543.0,562.0,582.0,638.0,701.0,718.0,732.0,760.0,771.0,773.0,777.0,787.0,794.0,838.0,922.0,923.0,932.0,
78.0,85.0,99.0,222.0,244.0,338.0,340.0,346.0,405.0,458.0,462.0,543.0,574.0,597.0,619.0,637.0,641.0,716.0,730.0,741.0,806.0,833.0,838.0,946.0,982.0,988.0,
7.0,9.0,19.0,45.0,94.0,113.0,174.0,180.0,217.0,241.0,245.0,246.0,250.0,262.0,270.0,327.0,356.0,398.0,421.0,428.0,449.0,487.0,512.0,547.0,556.0,569.0,593.0,608.0,620.0,635.0,647.0,706.0,836.0,856.0,874.0,950.0,
15.0,53.0,53.0,92.0,149.0,174.0,192.0,219.0,325.0,397.0,400.0,405.0,429.0,439.0,460.0,484.0,494.0,517.0,527.0,545.0,574.0,578.0,589.0,618.0,641.0,698.0,706.0,749.0,821.0,825.0,854.0,870.0,887.0,948.0,983.0,
6.0,7.0,15.0,20.0,26.0,41.0,71.0,97.0,98.0,102.0,107.0,118.0,170.0,181.0,204.0,204.0,211.0,226.0,230.0,269.0,321.0,360.0,365.0,370.0,416.0,426.0,457.0,484.0,493.0,513.0,662.0,758.0,767.0,801.0,806.0,826.0,864.0,867.0,894.0,897.0,915.0,929.0,944.0,995.0,
10.0,43.0,43.0,74.0,77.0,84.0,102.0,123.0,141.0,159.0,179.0,278.0,287.0,309.0,319.0,394.0,432.0,440.0,444.0,447.0,458.0,465.0,475.0,491.0,495.0,510.0,530.0,545.0,559.0,563.0,581.0,586.0,623.0,639.0,655.0,751.0,790.0,792.0,871.0,919.0,929.0,936.0,978.0,982.0,
47.0,93.0,105.0,125.0,126.0,155.0,171.0,177.0,187.0,321.0,394.0,410.0,483.0,501.0,521.0,568.0,571.0,772.0,791.0,838.0,844.0,862.0,889.0,906.0,918.0,930.0,945.0,
56.0,57.0,59.0,62.0,78.0,161.0,173.0,220.0,229.0,257.0,271.0,312.0,327.0,353.0,357.0,359.0,371.0,490.0,507.0,568.0,580.0,606.0,616.0,628.0,702.0,769.0,775.0,834.0,853.0,855.0,876.0,878.0,888.0,932.0,
23.0,46.0,63.0,71.0,86.0,95.0,104.0,161.0,209.0,227.0,252.0,279.0,296.0,342.0,344.0,358.0,368.0,385.0,436.0,464.0,477.0,516.0,525.0,635.0,672.0,731.0,760.0,772.0,834.0,860.0,869.0,894.0,909.0,939.0,944.0,954.0,975.0,
15.0,68.0,71.0,75.0,129.0,203.0,271.0,293.0,351.0,356.0,390.0,487.0,530.0,534.0,569.0,582.0,623.0,635.0,638.0,812.0,812.0,814.0,852.0,874.0,913.0,920.0,946.0,
14.0,34.0,63.0,78.0,132.0,254.0,306.0,399.0,474.0,490.0,496.0,532.0,557.0,569.0,585.0,605.0,624.0,635.0,663.0,701.0,707.0,715.0,740.0,764.0,802.0,820.0,835.0,847.0,856.0,867.0,997.0,
29.0,83.0,132.0,146.0,153.0,164.0,176.0,178.0,183.0,193.0,256.0,262.0,265.0,285.0,310.0,312.0,314.0,332.0,348.0,354.0,414.0,470.0,472.0,483.0,483.0,498.0,508.0,540.0,549.0,573.0,594.0,595.0,622.0,641.0,689.0,694.0,705.0,718.0,718.0,768.0,791.0,823.0,833.0,859.0,869.0,965.0,
2.0,9.0,32.0,67.0,71.0,92.0,157.0,185.0,221.0,223.0,224.0,229.0,248.0,256.0,270.0,332.0,349.0,397.0,436.0,436.0,500.0,509.0,519.0,529.0,540.0,566.0,574.0,613.0,618.0,624.0,637.0,661.0,682.0,684.0,684.0,696.0,708.0,720.0,734.0,741.0,751.0,760.0,765.0,766.0,814.0,888.0,902.0,918.0,931.0,943.0,953.0,989.0,
32.0,65.0,136.0,203.0,234.0,237.0,237.0,260.0,268.0,299.0,304.0,308.0,311.0,326.0,335.0,450.0,464.0,486.0,509.0,520.0,521.0,531.0,537.0,551.0,589.0,596.0,663.0,746.0,804.0,823.0,855.0,875.0,877.0,924.0,936.0,938.0,970.0,981.0,996.0,
10.0,63.0,67.0,79.0,160.0,168.0,209.0,282.0,371.0,391.0,434.0,463.0,490.0,498.0,504.0,590.0,594.0,616.0,635.0,669.0,691.0,706.0,741.0,771.0,861.0,887.0,934.0,950.0,976.0,
33.0,39.0,41.0,74.0,85.0,128.0,137.0,138.0,170.0,171.0,175.0,211.0,237.0,243.0,245.0,275.0,292.0,297.0,301.0,329.0,335.0,359.0,362.0,373.0,387.0,404.0,418.0,483.0,488.0,489.0,496.0,535.0,579.0,579.0,642.0,735.0,759.0,791.0,806.0,835.0,880.0,890.0,957.0,958.0,991.0,
21.0,41.0,84.0,95.0,115.0,210.0,288.0,290.0,316.0,332.0,352.0,357.0,359.0,453.0,454.0,475.0,486.0,487.0,528.0,550.0,618.0,623.0,653.0,677.0,680.0,702.0,722.0,740.0,786.0,831.0,859.0,898.0,931.0,977.0,999.0,
4.0,42.0,49.0,70.0,167.0,183.0,228.0,287.0,311.0,369.0,378.0,391.0,393.0,475.0,517.0,572.0,576.0,579.0,588.0,589.0,592.0,607.0,647.0,671.0,706.0,741.0,748.0,812.0,816.0,820.0,832.0,844.0,852.0,858.0,881.0,884.0,910.0,918.0,952.0,965.0,1000.0,
8.0,11.0,31.0,172.0,176.0,178.0,224.0,315.0,327.0,340.0,364.0,364.0,392.0,400.0,413.0,446.0,451.0,476.0,503.0,522.0,553.0,586.0,703.0,712.0,764.0,771.0,810.0,826.0,829.0,861.0,891.0,923.0,958.0,958.0,964.0,
22.0,63.0,73.0,99.0,116.0,122.0,144.0,153.0,215.0,257.0,277.0,286.0,297.0,329.0,335.0,370.0,371.0,417.0,511.0,524.0,568.0,574.0,584.0,598.0,642.0,677.0,716.0,720.0,764.0,798.0,820.0,836.0,853.0,887.0,915.0,
149.0,173.0,259.0,287.0,356.0,360.0,371.0,401.0,407.0,527.0,535.0,555.0,570.0,590.0,609.0,638.0,737.0,827.0,854.0,855.0,859.0,895.0,908.0,911.0,971.0,975.0,976.0,
4.0,48.0,55.0,107.0,127.0,130.0,134.0,199.0,209.0,237.0,254.0,270.0,289.0,294.0,339.0,395.0,402.0,447.0,483.0,555.0,578.0,618.0,686.0,728.0,749.0,783.0,784.0,887.0,888.0,905.0,918.0,922.0,931.0,949.0,968.0,998.0,
26.0,41.0,82.0,136.0,176.0,216.0,219.0,220.0,222.0,228.0,263.0,277.0,311.0,372.0,386.0,402.0,415.0,497.0,505.0,515.0,517.0,529.0,552.0,555.0,558.0,621.0,661.0,702.0,719.0,772.0,843.0,878.0,898.0,916.0,922.0,936.0,938.0,962.0,987.0,1000.0,
39.0,39.0,45.0,55.0,61.0,89.0,115.0,116.0,252.0,262.0,266.0,270.0,293.0,323.0,324.0,357.0,378.0,391.0,394.0,474.0,500.0,529.0,532.0,563.0,565.0,605.0,608.0,632.0,652.0,668.0,719.0,721.0,750.0,760.0,761.0,787.0,804.0,869.0,929.0,974.0,987.0,994.0,
4.0,37.0,66.0,67.0,93.0,110.0,149.0,150.0,217.0,238.0,267.0,303.0,342.0,349.0,357.0,359.0,376.0,402.0,495.0,509.0,517.0,558.0,593.0,632.0,658.0,683.0,696.0,698.0,734.0,806.0,813.0,837.0,849.0,861.0,939.0,950.0,969.0,992.0,995.0,
10.0,24.0,40.0,76.0,101.0,177.0,178.0,180.0,189.0,197.0,199.0,298.0,300.0,314.0,317.0,355.0,403.0,409.0,451.0,465.0,467.0,489.0,502.0,516.0,520.0,525.0,530.0,561.0,573.0,605.0,662.0,663.0,665.0,685.0,707.0,719.0,761.0,769.0,769.0,778.0,840.0,849.0,913.0,931.0,
19.0,68.0,70.0,83.0,99.0,117.0,120.0,121.0,148.0,236.0,253.0,257.0,299.0,317.0,342.0,389.0,426.0,435.0,440.0,474.0,479.0,513.0,533.0,542.0,568.0,597.0,632.0,634.0,647.0,697.0,708.0,710.0,721.0,731.0,733.0,799.0,852.0,869.0,874.0,887.0,940.0,
5.0,18.0,31.0,40.0,57.0,82.0,125.0,142.0,146.0,147.0,159.0,208.0,222.0,248.0,270.0,279.0,336.0,420.0,425.0,436.0,476.0,485.0,520.0,523.0,553.0,554.0,576.0,631.0,684.0,742.0,745.0,762.0,791.0,831.0,842.0,846.0,873.0,878.0,911.0,933.0,956.0,962.0,995.0,998.0,1000.0,
2.0,5.0,18.0,23.0,40.0,62.0,104.0,148.0,162.0,168.0,191.0,194.0,211.0,244.0,395.0,397.0,426.0,427.0,435.0,504.0,504.0,535.0,567.0,573.0,613.0,671.0,697.0,740.0,742.0,748.0,761.0,782.0,801.0,808.0,834.0,850.0,866.0,886.0,895.0,964.0,979.0,990.0,
29.0,31.0,40.0,63.0,89.0,103.0,133.0,142.0,159.0,172.0,231.0,264.0,333.0,346.0,379.0,381.0,455.0,469.0,519.0,551.0,557.0,570.0,576.0,598.0,606.0,626.0,680.0,697.0,714.0,811.0,858.0,900.0,919.0,922.0,968.0,998.0,
18.0,200.0,236.0,249.0,295.0,334.0,390.0,393.0,410.0,446.0,460.0,517.0,545.0,560.0,566.0,574.0,604.0,615.0,681.0,697.0,711.0,732.0,768.0,837.0,936.0,941.0,951.0,
37.0,124.0,181.0,184.0,186.0,198.0,214.0,232.0,252.0,267.0,271.0,281.0,295.0,310.0,327.0,342.0,364.0,365.0,423.0,430.0,430.0,431.0,437.0,453.0,499.0,547.0,562.0,603.0,615.0,623.0,667.0,680.0,683.0,703.0,753.0,790.0,839.0,846.0,847.0,885.0,891.0,954.0,965.0,974.0,987.0,
15.0,81.0,105.0,110.0,169.0,186.0,192.0,194.0,210.0,262.0,282.0,282.0,325.0,414.0,469.0,481.0,505.0,508.0,537.0,655.0,666.0,695.0,715.0,734.0,754.0,763.0,784.0,798.0,814.0,909.0,914.0,
