19.0,24.0,32.0,56.0,72.0,114.0,118.0,138.0,195.0,214.0,237.0,258.0,277.0,315.0,331.0,341.0,359.0,379.0,412.0,417.0,432.0,433.0,437.0,479.0,500.0,523.0,535.0,553.0,585.0,590.0,608.0,642.0,646.0,683.0,731.0,804.0,824.0,856.0,864.0,877.0,878.0,892.0,940.0,943.0,
12.0,52.0,64.0,67.0,73.0,82.0,93.0,167.0,187.0,221.0,274.0,294.0,349.0,356.0,461.0,490.0,500.0,552.0,574.0,639.0,650.0,710.0,755.0,768.0,795.0,895.0,909.0,926.0,927.0,952.0,964.0,975.0,
2.0,34.0,50.0,56.0,81.0,123.0,219.0,252.0,260.0,319.0,364.0,382.0,391.0,423.0,500.0,668.0,670.0,685.0,692.0,725.0,755.0,756.0,765.0,793.0,796.0,805.0,905.0,907.0,932.0,
47.0,65.0,188.0,218.0,254.0,268.0,280.0,335.0,347.0,357.0,396.0,417.0,425.0,467.0,561.0,626.0,691.0,769.0,837.0,918.0,927.0,941.0,955.0,989.0,
46.0,73.0,76.0,132.0,142.0,179.0,198.0,226.0,236.0,240.0,357.0,434.0,496.0,595.0,600.0,621.0,706.0,800.0,834.0,848.0,865.0,911.0,913.0,917.0,954.0,994.0,
2.0,8.0,11.0,61.0,131.0,147.0,166.0,175.0,180.0,219.0,261.0,281.0,318.0,333.0,361.0,429.0,502.0,550.0,569.0,586.0,676.0,695.0,727.0,793.0,814.0,817.0,864.0,917.0,927.0,942.0,997.0,
6.0,28.0,59.0,104.0,124.0,185.0,284.0,291.0,323.0,378.0,387.0,392.0,393.0,426.0,450.0,485.0,530.0,534.0,618.0,632.0,663.0,684.0,728.0,729.0,732.0,777.0,780.0,800.0,853.0,856.0,882.0,885.0,899.0,907.0,918.0,
5.0,87.0,100.0,120.0,130.0,136.0,206.0,230.0,243.0,252.0,276.0,292.0,305.0,323.0,387.0,389.0,402.0,417.0,432.0,461.0,467.0,522.0,574.0,580.0,689.0,734.0,797.0,815.0,860.0,872.0,902.0,933.0,
10.0,23.0,69.0,94.0,138.0,158.0,165.0,180.0,180.0,183.0,197.0,233.0,236.0,255.0,274.0,302.0,307.0,324.0,336.0,397.0,434.0,438.0,449.0,455.0,538.0,601.0,669.0,711.0,717.0,742.0,743.0,745.0,757.0,769.0,771.0,780.0,791.0,798.0,803.0,831.0,877.0,888.0,
22.0,29.0,49.0,54.0,88.0,101.0,135.0,135.0,152.0,159.0,198.0,221.0,263.0,278.0,281.0,284.0,295.0,303.0,348.0,351.0,359.0,397.0,466.0,506.0,531.0,549.0,615.0,624.0,661.0,726.0,736.0,745.0,760.0,778.0,780.0,786.0,792.0,804.0,811.0,840.0,853.0,899.0,899.0,971.0,
38.0,84.0,96.0,133.0,163.0,202.0,207.0,230.0,251.0,254.0,267.0,337.0,340.0,375.0,430.0,455.0,482.0,493.0,602.0,633.0,655.0,658.0,702.0,755.0,775.0,780.0,785.0,807.0,817.0,872.0,890.0,890.0,896.0,938.0,966.0,
105.0,126.0,197.0,212.0,228.0,253.0,258.0,263.0,313.0,339.0,348.0,352.0,361.0,379.0,418.0,471.0,484.0,485.0,517.0,533.0,620.0,642.0,676.0,699.0,716.0,781.0,827.0,842.0,844.0,934.0,948.0,964.0,
64.0,64.0,105.0,113.0,119.0,137.0,168.0,170.0,359.0,364.0,375.0,448.0,522.0,547.0,577.0,603.0,640.0,651.0,708.0,729.0,733.0,790.0,821.0,864.0,948.0,
80.0,143.0,176.0,178.0,179.0,202.0,241.0,270.0,350.0,361.0,375.0,399.0,418.0,443.0,483.0,509.0,515.0,545.0,546.0,566.0,575.0,575.0,576.0,595.0,599.0,606.0,616.0,674.0,725.0,727.0,739.0,762.0,775.0,844.0,880.0,943.0,951.0,974.0,994.0,
26.0,29.0,66.0,80.0,126.0,151.0,178.0,179.0,179.0,180.0,211.0,224.0,262.0,367.0,367.0,400.0,452.0,492.0,528.0,532.0,535.0,547.0,570.0,579.0,582.0,586.0,600.0,600.0,602.0,614.0,635.0,653.0,653.0,698.0,705.0,731.0,734.0,760.0,826.0,830.0,844.0,867.0,874.0,918.0,932.0,947.0,972.0,999.0,
8.0,20.0,24.0,40.0,51.0,93.0,113.0,134.0,136.0,157.0,212.0,256.0,349.0,364.0,395.0,428.0,438.0,537.0,541.0,545.0,548.0,550.0,559.0,563.0,584.0,587.0,589.0,589.0,597.0,600.0,620.0,621.0,639.0,643.0,677.0,678.0,683.0,686.0,691.0,701.0,702.0,724.0,724.0,742.0,747.0,768.0,775.0,792.0,803.0,820.0,822.0,826.0,854.0,856.0,859.0,860.0,868.0,900.0,902.0,937.0,947.0,960.0,973.0,990.0,
136.0,144.0,153.0,184.0,196.0,273.0,336.0,391.0,421.0,423.0,522.0,526.0,539.0,544.0,562.0,574.0,581.0,587.0,592.0,598.0,610.0,637.0,643.0,661.0,677.0,682.0,685.0,702.0,709.0,736.0,765.0,767.0,805.0,815.0,863.0,872.0,889.0,906.0,944.0,969.0,985.0,997.0,
58.0,67.0,103.0,106.0,132.0,135.0,139.0,179.0,187.0,193.0,211.0,213.0,221.0,267.0,277.0,286.0,303.0,329.0,364.0,377.0,404.0,409.0,445.0,474.0,526.0,532.0,556.0,575.0,588.0,602.0,624.0,877.0,923.0,945.0,954.0,978.0,979.0,
22.0,59.0,97.0,167.0,190.0,216.0,232.0,235.0,351.0,376.0,392.0,404.0,455.0,517.0,520.0,528.0,658.0,728.0,745.0,873.0,913.0,968.0,
35.0,44.0,112.0,115.0,151.0,158.0,205.0,220.0,220.0,318.0,328.0,342.0,418.0,481.0,486.0,504.0,579.0,612.0,649.0,663.0,664.0,672.0,692.0,764.0,944.0,952.0,964.0,967.0,989.0,
31.0,65.0,83.0,110.0,120.0,121.0,142.0,153.0,180.0,219.0,234.0,329.0,338.0,354.0,364.0,378.0,395.0,425.0,426.0,435.0,446.0,462.0,495.0,582.0,670.0,687.0,692.0,775.0,799.0,890.0,912.0,925.0,927.0,955.0,978.0,
41.0,61.0,108.0,138.0,200.0,203.0,214.0,239.0,246.0,276.0,296.0,357.0,367.0,394.0,395.0,411.0,471.0,472.0,481.0,500.0,514.0,519.0,541.0,563.0,587.0,614.0,636.0,666.0,714.0,817.0,823.0,880.0,981.0,
5.0,71.0,105.0,158.0,182.0,189.0,192.0,193.0,238.0,279.0,332.0,335.0,349.0,358.0,364.0,396.0,446.0,520.0,531.0,536.0,542.0,544.0,545.0,546.0,562.0,564.0,568.0,591.0,626.0,632.0,636.0,639.0,652.0,661.0,663.0,710.0,716.0,759.0,781.0,814.0,852.0,941.0,953.0,
13.0,21.0,29.0,29.0,43.0,56.0,101.0,133.0,195.0,221.0,289.0,294.0,302.0,315.0,319.0,335.0,376.0,377.0,384.0,401.0,480.0,484.0,485.0,491.0,507.0,523.0,530.0,531.0,551.0,551.0,552.0,569.0,570.0,582.0,588.0,589.0,593.0,594.0,603.0,603.0,604.0,610.0,611.0,614.0,633.0,634.0,637.0,641.0,645.0,653.0,666.0,704.0,724.0,726.0,737.0,740.0,741.0,742.0,752.0,756.0,758.0,784.0,808.0,812.0,816.0,822.0,826.0,840.0,856.0,867.0,874.0,877.0,884.0,892.0,906.0,920.0,921.0,933.0,937.0,945.0,949.0,949.0,954.0,961.0,970.0,974.0,
4.0,23.0,32.0,80.0,113.0,131.0,164.0,181.0,186.0,200.0,200.0,261.0,302.0,330.0,384.0,441.0,451.0,463.0,473.0,492.0,494.0,507.0,527.0,532.0,536.0,537.0,543.0,546.0,560.0,569.0,574.0,579.0,581.0,594.0,608.0,612.0,614.0,627.0,628.0,643.0,647.0,649.0,669.0,672.0,679.0,708.0,718.0,726.0,734.0,734.0,753.0,766.0,793.0,795.0,816.0,849.0,852.0,873.0,877.0,913.0,921.0,932.0,939.0,942.0,953.0,974.0,975.0,983.0,
32.0,41.0,52.0,99.0,152.0,153.0,194.0,210.0,214.0,240.0,254.0,290.0,343.0,363.0,476.0,479.0,497.0,507.0,527.0,530.0,533.0,536.0,541.0,548.0,560.0,563.0,566.0,569.0,570.0,574.0,577.0,587.0,594.0,599.0,602.0,608.0,615.0,622.0,638.0,641.0,653.0,657.0,658.0,660.0,673.0,691.0,717.0,737.0,743.0,761.0,763.0,774.0,778.0,781.0,783.0,789.0,793.0,795.0,804.0,808.0,827.0,836.0,837.0,859.0,883.0,894.0,937.0,940.0,948.0,965.0,971.0,971.0,988.0,994.0,997.0,
2.0,73.0,78.0,96.0,161.0,166.0,179.0,187.0,251.0,314.0,360.0,365.0,390.0,415.0,417.0,451.0,474.0,511.0,513.0,537.0,547.0,547.0,548.0,551.0,552.0,554.0,554.0,566.0,568.0,578.0,616.0,616.0,618.0,622.0,626.0,633.0,646.0,667.0,670.0,685.0,686.0,689.0,706.0,773.0,776.0,785.0,789.0,803.0,810.0,824.0,824.0,870.0,887.0,895.0,910.0,915.0,930.0,932.0,952.0,963.0,966.0,
44.0,142.0,176.0,249.0,276.0,317.0,320.0,355.0,368.0,375.0,381.0,441.0,442.0,481.0,481.0,494.0,517.0,525.0,529.0,536.0,550.0,550.0,550.0,555.0,565.0,579.0,580.0,582.0,582.0,586.0,587.0,588.0,589.0,590.0,590.0,597.0,600.0,605.0,642.0,659.0,667.0,670.0,672.0,677.0,678.0,687.0,694.0,703.0,705.0,708.0,708.0,709.0,717.0,717.0,733.0,738.0,765.0,766.0,777.0,784.0,824.0,826.0,848.0,854.0,877.0,892.0,898.0,934.0,938.0,947.0,951.0,977.0,999.0,
11.0,23.0,23.0,32.0,48.0,73.0,102.0,164.0,227.0,236.0,260.0,270.0,320.0,326.0,394.0,424.0,430.0,452.0,456.0,459.0,468.0,515.0,528.0,528.0,534.0,565.0,571.0,574.0,591.0,609.0,617.0,637.0,664.0,690.0,704.0,724.0,734.0,736.0,764.0,844.0,860.0,887.0,887.0,902.0,919.0,949.0,
16.0,56.0,109.0,153.0,178.0,186.0,252.0,263.0,271.0,317.0,329.0,358.0,371.0,380.0,438.0,465.0,484.0,487.0,535.0,700.0,710.0,895.0,916.0,931.0,942.0,963.0,
12.0,90.0,111.0,148.0,235.0,241.0,258.0,288.0,288.0,309.0,329.0,403.0,405.0,433.0,436.0,441.0,474.0,485.0,488.0,504.0,553.0,582.0,588.0,628.0,646.0,689.0,706.0,706.0,726.0,761.0,775.0,808.0,857.0,945.0,951.0,998.0,
39.0,115.0,116.0,122.0,194.0,197.0,204.0,242.0,247.0,253.0,259.0,269.0,283.0,284.0,322.0,350.0,397.0,442.0,463.0,478.0,478.0,481.0,486.0,559.0,561.0,581.0,645.0,645.0,654.0,658.0,685.0,691.0,697.0,701.0,712.0,720.0,720.0,744.0,866.0,879.0,956.0,988.0,
8.0,82.0,87.0,101.0,121.0,139.0,166.0,167.0,179.0,207.0,222.0,237.0,246.0,258.0,262.0,296.0,373.0,399.0,411.0,416.0,434.0,472.0,499.0,505.0,524.0,524.0,534.0,536.0,543.0,544.0,544.0,562.0,568.0,570.0,574.0,578.0,579.0,579.0,598.0,613.0,618.0,625.0,635.0,635.0,639.0,656.0,657.0,660.0,660.0,674.0,690.0,697.0,701.0,709.0,717.0,729.0,732.0,741.0,757.0,769.0,777.0,785.0,792.0,793.0,801.0,809.0,819.0,856.0,868.0,915.0,917.0,949.0,980.0,984.0,992.0,
17.0,55.0,81.0,104.0,105.0,111.0,123.0,144.0,164.0,216.0,228.0,239.0,248.0,270.0,303.0,327.0,372.0,420.0,450.0,508.0,510.0,515.0,516.0,528.0,539.0,539.0,546.0,551.0,553.0,558.0,558.0,558.0,559.0,561.0,563.0,565.0,566.0,572.0,573.0,585.0,589.0,596.0,601.0,608.0,609.0,615.0,615.0,618.0,625.0,638.0,646.0,651.0,653.0,655.0,666.0,692.0,708.0,709.0,710.0,710.0,714.0,744.0,749.0,752.0,752.0,762.0,777.0,796.0,798.0,799.0,801.0,815.0,847.0,917.0,965.0,980.0,982.0,989.0,998.0,
33.0,132.0,177.0,192.0,242.0,256.0,265.0,287.0,341.0,436.0,454.0,523.0,526.0,529.0,539.0,550.0,562.0,564.0,567.0,581.0,594.0,629.0,638.0,674.0,678.0,678.0,693.0,700.0,701.0,704.0,711.0,714.0,747.0,750.0,766.0,768.0,777.0,782.0,788.0,803.0,806.0,813.0,814.0,815.0,829.0,833.0,844.0,851.0,885.0,887.0,900.0,916.0,940.0,977.0,
45.0,90.0,99.0,112.0,125.0,148.0,163.0,192.0,211.0,232.0,273.0,283.0,293.0,300.0,326.0,332.0,364.0,401.0,420.0,427.0,432.0,457.0,464.0,465.0,480.0,493.0,508.0,527.0,534.0,535.0,539.0,544.0,546.0,548.0,563.0,570.0,571.0,582.0,583.0,592.0,604.0,604.0,606.0,611.0,617.0,618.0,621.0,650.0,674.0,687.0,693.0,707.0,757.0,775.0,811.0,854.0,875.0,879.0,891.0,942.0,958.0,961.0,983.0,
2.0,24.0,48.0,76.0,79.0,166.0,196.0,198.0,252.0,275.0,325.0,341.0,348.0,374.0,456.0,476.0,483.0,517.0,518.0,528.0,530.0,536.0,538.0,540.0,542.0,543.0,545.0,557.0,561.0,562.0,563.0,574.0,578.0,581.0,584.0,587.0,588.0,598.0,600.0,608.0,617.0,621.0,623.0,626.0,633.0,645.0,646.0,660.0,676.0,684.0,690.0,696.0,705.0,712.0,733.0,744.0,747.0,775.0,775.0,794.0,804.0,821.0,824.0,848.0,852.0,874.0,905.0,965.0,986.0,989.0,990.0,
4.0,64.0,84.0,100.0,220.0,231.0,286.0,299.0,318.0,330.0,347.0,351.0,357.0,402.0,428.0,451.0,460.0,508.0,514.0,516.0,530.0,532.0,535.0,535.0,539.0,550.0,556.0,563.0,564.0,572.0,572.0,576.0,590.0,592.0,600.0,614.0,617.0,653.0,654.0,654.0,659.0,668.0,677.0,694.0,698.0,711.0,741.0,748.0,774.0,777.0,779.0,800.0,814.0,816.0,822.0,833.0,870.0,879.0,890.0,906.0,915.0,920.0,947.0,958.0,985.0,
13.0,36.0,52.0,86.0,86.0,132.0,140.0,141.0,174.0,178.0,181.0,185.0,216.0,232.0,259.0,262.0,280.0,287.0,308.0,337.0,364.0,390.0,405.0,463.0,516.0,528.0,530.0,539.0,545.0,563.0,565.0,567.0,580.0,583.0,593.0,594.0,598.0,604.0,621.0,627.0,639.0,643.0,646.0,666.0,670.0,670.0,672.0,688.0,693.0,711.0,764.0,790.0,800.0,803.0,807.0,810.0,817.0,822.0,842.0,849.0,868.0,884.0,885.0,888.0,910.0,928.0,947.0,953.0,977.0,982.0,983.0,988.0,995.0,1000.0,
14.0,87.0,191.0,193.0,383.0,396.0,412.0,478.0,490.0,508.0,522.0,528.0,536.0,538.0,542.0,546.0,547.0,550.0,555.0,561.0,562.0,568.0,599.0,646.0,653.0,654.0,659.0,660.0,686.0,747.0,752.0,758.0,807.0,845.0,849.0,898.0,912.0,937.0,964.0,988.0,
36.0,69.0,93.0,103.0,134.0,161.0,196.0,232.0,256.0,284.0,293.0,301.0,323.0,324.0,338.0,385.0,409.0,441.0,501.0,529.0,550.0,648.0,648.0,668.0,675.0,712.0,735.0,749.0,753.0,803.0,
14.0,32.0,71.0,73.0,75.0,96.0,97.0,148.0,174.0,193.0,197.0,241.0,258.0,263.0,267.0,272.0,297.0,311.0,335.0,350.0,389.0,406.0,439.0,475.0,498.0,521.0,522.0,529.0,536.0,538.0,594.0,598.0,606.0,616.0,634.0,637.0,666.0,668.0,685.0,700.0,725.0,818.0,846.0,885.0,894.0,905.0,
45.0,52.0,63.0,153.0,208.0,220.0,226.0,233.0,328.0,341.0,367.0,395.0,431.0,441.0,468.0,511.0,514.0,528.0,529.0,530.0,534.0,535.0,540.0,546.0,549.0,554.0,563.0,565.0,566.0,569.0,581.0,588.0,605.0,611.0,618.0,619.0,636.0,662.0,663.0,667.0,677.0,677.0,678.0,682.0,686.0,698.0,703.0,718.0,730.0,737.0,746.0,747.0,754.0,771.0,771.0,781.0,814.0,837.0,883.0,915.0,926.0,934.0,951.0,956.0,969.0,974.0,975.0,990.0,994.0,
27.0,41.0,44.0,60.0,91.0,100.0,120.0,131.0,131.0,149.0,179.0,188.0,192.0,195.0,232.0,233.0,235.0,255.0,275.0,304.0,309.0,325.0,330.0,390.0,408.0,416.0,430.0,469.0,470.0,496.0,500.0,514.0,520.0,520.0,530.0,531.0,538.0,540.0,541.0,547.0,550.0,550.0,553.0,553.0,560.0,561.0,578.0,581.0,596.0,599.0,613.0,619.0,628.0,634.0,635.0,657.0,661.0,670.0,686.0,689.0,689.0,708.0,726.0,743.0,761.0,800.0,824.0,850.0,878.0,882.0,888.0,929.0,930.0,936.0,960.0,971.0,976.0,994.0,
2.0,6.0,19.0,20.0,50.0,71.0,91.0,115.0,155.0,217.0,223.0,256.0,260.0,310.0,352.0,373.0,374.0,378.0,391.0,398.0,416.0,447.0,499.0,507.0,510.0,524.0,525.0,529.0,531.0,547.0,550.0,557.0,559.0,562.0,563.0,564.0,579.0,587.0,589.0,591.0,621.0,630.0,651.0,655.0,657.0,664.0,681.0,685.0,709.0,714.0,717.0,725.0,761.0,786.0,843.0,850.0,908.0,935.0,937.0,947.0,
11.0,57.0,95.0,102.0,108.0,115.0,127.0,133.0,140.0,152.0,157.0,158.0,169.0,193.0,214.0,217.0,220.0,229.0,257.0,265.0,277.0,279.0,283.0,325.0,341.0,379.0,418.0,425.0,439.0,439.0,449.0,455.0,510.0,524.0,528.0,550.0,553.0,554.0,555.0,555.0,557.0,557.0,560.0,565.0,572.0,582.0,583.0,585.0,603.0,614.0,623.0,625.0,627.0,638.0,661.0,665.0,679.0,697.0,701.0,710.0,718.0,738.0,746.0,763.0,765.0,786.0,792.0,809.0,821.0,822.0,837.0,846.0,930.0,956.0,969.0,978.0,995.0,
3.0,108.0,125.0,147.0,152.0,174.0,258.0,263.0,271.0,273.0,273.0,335.0,339.0,348.0,377.0,421.0,422.0,441.0,495.0,514.0,523.0,525.0,526.0,529.0,532.0,535.0,549.0,556.0,561.0,573.0,573.0,584.0,589.0,591.0,596.0,628.0,632.0,635.0,636.0,669.0,671.0,671.0,693.0,705.0,824.0,831.0,839.0,851.0,852.0,860.0,870.0,884.0,887.0,897.0,922.0,926.0,944.0,950.0,
2.0,5.0,51.0,93.0,105.0,178.0,191.0,220.0,327.0,354.0,450.0,462.0,472.0,525.0,528.0,534.0,534.0,543.0,549.0,555.0,560.0,568.0,576.0,578.0,588.0,592.0,596.0,603.0,613.0,623.0,628.0,633.0,654.0,657.0,677.0,686.0,691.0,692.0,697.0,720.0,727.0,737.0,741.0,808.0,850.0,916.0,928.0,940.0,962.0,972.0,986.0,997.0,
15.0,20.0,21.0,39.0,104.0,107.0,110.0,148.0,197.0,232.0,235.0,261.0,286.0,380.0,445.0,455.0,461.0,525.0,530.0,531.0,532.0,535.0,535.0,538.0,540.0,541.0,542.0,544.0,556.0,557.0,561.0,564.0,565.0,574.0,576.0,582.0,587.0,590.0,591.0,593.0,597.0,602.0,603.0,604.0,606.0,618.0,637.0,670.0,675.0,686.0,712.0,715.0,718.0,719.0,753.0,781.0,813.0,829.0,845.0,856.0,886.0,901.0,921.0,937.0,958.0,963.0,969.0,977.0,982.0,986.0,988.0,
4.0,29.0,37.0,55.0,76.0,141.0,169.0,176.0,198.0,279.0,303.0,331.0,359.0,388.0,425.0,444.0,504.0,510.0,524.0,526.0,527.0,529.0,531.0,534.0,534.0,539.0,544.0,553.0,553.0,554.0,569.0,574.0,589.0,597.0,618.0,623.0,626.0,639.0,666.0,712.0,724.0,729.0,736.0,756.0,766.0,800.0,855.0,882.0,940.0,943.0,975.0,977.0,989.0,994.0,1000.0,
9.0,41.0,55.0,93.0,163.0,228.0,297.0,304.0,309.0,356.0,359.0,397.0,433.0,433.0,512.0,574.0,590.0,661.0,817.0,878.0,930.0,937.0,938.0,942.0,
84.0,103.0,108.0,157.0,209.0,224.0,227.0,265.0,268.0,278.0,286.0,286.0,318.0,367.0,389.0,428.0,452.0,497.0,512.0,518.0,528.0,534.0,544.0,545.0,553.0,555.0,560.0,564.0,572.0,575.0,577.0,585.0,588.0,590.0,594.0,599.0,602.0,641.0,665.0,671.0,679.0,690.0,699.0,706.0,710.0,818.0,855.0,858.0,898.0,910.0,935.0,947.0,949.0,965.0,974.0,978.0,983.0,
4.0,10.0,28.0,33.0,40.0,61.0,91.0,93.0,136.0,142.0,149.0,150.0,218.0,219.0,239.0,359.0,375.0,516.0,521.0,522.0,523.0,526.0,530.0,534.0,539.0,544.0,551.0,554.0,555.0,557.0,569.0,572.0,574.0,588.0,592.0,599.0,603.0,617.0,619.0,621.0,625.0,653.0,659.0,664.0,672.0,674.0,678.0,680.0,683.0,695.0,701.0,708.0,712.0,716.0,718.0,727.0,728.0,760.0,781.0,791.0,811.0,812.0,836.0,857.0,886.0,902.0,944.0,966.0,974.0,993.0,
59.0,61.0,94.0,115.0,204.0,204.0,223.0,223.0,266.0,288.0,357.0,406.0,432.0,450.0,483.0,531.0,534.0,535.0,538.0,538.0,538.0,540.0,546.0,546.0,546.0,556.0,558.0,560.0,565.0,568.0,570.0,573.0,575.0,583.0,584.0,589.0,590.0,615.0,633.0,642.0,642.0,643.0,646.0,647.0,660.0,670.0,680.0,714.0,757.0,786.0,790.0,801.0,803.0,808.0,829.0,845.0,871.0,935.0,963.0,
46.0,55.0,160.0,161.0,177.0,179.0,228.0,254.0,255.0,265.0,266.0,294.0,294.0,296.0,316.0,348.0,387.0,408.0,427.0,444.0,471.0,486.0,522.0,525.0,529.0,534.0,537.0,537.0,547.0,559.0,563.0,570.0,573.0,574.0,575.0,575.0,575.0,575.0,577.0,581.0,584.0,589.0,591.0,593.0,602.0,646.0,652.0,661.0,668.0,675.0,702.0,716.0,718.0,724.0,725.0,799.0,800.0,814.0,824.0,828.0,853.0,862.0,871.0,899.0,911.0,916.0,934.0,939.0,941.0,951.0,951.0,952.0,953.0,978.0,979.0,
11.0,19.0,50.0,64.0,79.0,97.0,224.0,241.0,283.0,358.0,419.0,444.0,476.0,495.0,501.0,517.0,525.0,526.0,526.0,530.0,532.0,543.0,548.0,564.0,578.0,587.0,588.0,592.0,595.0,606.0,607.0,621.0,625.0,633.0,679.0,712.0,734.0,760.0,785.0,786.0,819.0,827.0,846.0,865.0,879.0,883.0,938.0,947.0,997.0,997.0,
4.0,23.0,91.0,94.0,96.0,158.0,169.0,182.0,187.0,208.0,236.0,268.0,298.0,300.0,311.0,312.0,326.0,344.0,363.0,372.0,380.0,406.0,420.0,428.0,435.0,445.0,456.0,521.0,524.0,525.0,528.0,530.0,532.0,535.0,539.0,541.0,544.0,554.0,555.0,556.0,561.0,566.0,572.0,573.0,575.0,577.0,582.0,601.0,607.0,612.0,637.0,640.0,641.0,646.0,659.0,662.0,674.0,680.0,695.0,695.0,725.0,728.0,732.0,736.0,745.0,746.0,748.0,815.0,848.0,858.0,872.0,885.0,898.0,925.0,936.0,973.0,979.0,992.0,
48.0,73.0,98.0,99.0,219.0,238.0,336.0,342.0,408.0,412.0,506.0,516.0,523.0,525.0,529.0,533.0,535.0,538.0,542.0,545.0,556.0,556.0,563.0,564.0,566.0,575.0,578.0,598.0,605.0,608.0,612.0,621.0,635.0,645.0,658.0,662.0,681.0,727.0,736.0,750.0,752.0,769.0,786.0,843.0,844.0,844.0,848.0,872.0,876.0,895.0,999.0,
16.0,36.0,52.0,120.0,123.0,167.0,174.0,176.0,197.0,273.0,301.0,356.0,378.0,424.0,429.0,438.0,447.0,481.0,485.0,485.0,508.0,515.0,520.0,521.0,538.0,541.0,544.0,545.0,546.0,551.0,554.0,565.0,570.0,579.0,584.0,588.0,588.0,604.0,605.0,610.0,619.0,628.0,633.0,634.0,637.0,637.0,639.0,639.0,641.0,643.0,669.0,701.0,710.0,724.0,727.0,727.0,733.0,746.0,750.0,755.0,762.0,766.0,779.0,785.0,786.0,796.0,808.0,834.0,856.0,861.0,894.0,925.0,929.0,944.0,981.0,993.0,997.0,997.0,
3.0,13.0,51.0,103.0,114.0,117.0,158.0,172.0,251.0,263.0,264.0,283.0,295.0,307.0,312.0,347.0,433.0,523.0,524.0,535.0,536.0,538.0,544.0,558.0,560.0,564.0,574.0,588.0,593.0,599.0,605.0,620.0,624.0,661.0,669.0,714.0,718.0,771.0,794.0,795.0,825.0,834.0,859.0,869.0,887.0,890.0,897.0,897.0,903.0,908.0,912.0,958.0,960.0,992.0,
27.0,55.0,68.0,94.0,123.0,166.0,229.0,237.0,258.0,286.0,309.0,317.0,326.0,343.0,382.0,405.0,495.0,545.0,579.0,594.0,600.0,605.0,621.0,640.0,725.0,799.0,814.0,916.0,
7.0,32.0,123.0,129.0,174.0,194.0,226.0,245.0,305.0,320.0,390.0,408.0,414.0,454.0,490.0,527.0,528.0,528.0,538.0,546.0,546.0,556.0,561.0,582.0,583.0,591.0,633.0,641.0,646.0,648.0,655.0,673.0,677.0,712.0,717.0,718.0,726.0,761.0,766.0,778.0,781.0,785.0,794.0,800.0,821.0,876.0,902.0,946.0,968.0,985.0,
7.0,37.0,235.0,301.0,378.0,417.0,441.0,442.0,511.0,514.0,514.0,523.0,524.0,533.0,534.0,539.0,556.0,557.0,558.0,558.0,560.0,563.0,564.0,569.0,573.0,575.0,577.0,579.0,581.0,593.0,594.0,599.0,616.0,635.0,636.0,642.0,643.0,660.0,670.0,686.0,690.0,692.0,707.0,708.0,710.0,735.0,799.0,810.0,819.0,820.0,822.0,833.0,842.0,846.0,847.0,857.0,862.0,867.0,870.0,884.0,898.0,907.0,908.0,909.0,950.0,967.0,970.0,979.0,982.0,986.0,
6.0,28.0,65.0,125.0,194.0,195.0,243.0,251.0,284.0,304.0,327.0,418.0,435.0,470.0,486.0,518.0,524.0,526.0,529.0,542.0,550.0,555.0,555.0,556.0,567.0,584.0,584.0,588.0,595.0,604.0,612.0,616.0,630.0,664.0,676.0,690.0,694.0,699.0,712.0,717.0,738.0,738.0,753.0,755.0,756.0,759.0,772.0,790.0,795.0,804.0,811.0,829.0,837.0,843.0,852.0,891.0,914.0,926.0,961.0,976.0,
11.0,43.0,106.0,125.0,180.0,185.0,221.0,231.0,245.0,255.0,276.0,286.0,330.0,339.0,394.0,406.0,440.0,441.0,517.0,525.0,526.0,530.0,535.0,541.0,541.0,557.0,560.0,566.0,570.0,575.0,580.0,588.0,594.0,594.0,597.0,602.0,605.0,620.0,658.0,674.0,683.0,702.0,710.0,734.0,740.0,748.0,762.0,779.0,791.0,824.0,846.0,854.0,871.0,879.0,891.0,900.0,922.0,952.0,981.0,984.0,
14.0,37.0,73.0,106.0,161.0,214.0,232.0,281.0,293.0,318.0,353.0,368.0,393.0,399.0,405.0,431.0,446.0,464.0,466.0,512.0,512.0,519.0,521.0,522.0,527.0,528.0,531.0,537.0,537.0,540.0,553.0,553.0,560.0,565.0,568.0,571.0,582.0,582.0,582.0,587.0,589.0,590.0,593.0,602.0,610.0,613.0,614.0,619.0,630.0,638.0,673.0,685.0,705.0,714.0,722.0,734.0,735.0,741.0,742.0,746.0,752.0,773.0,788.0,796.0,804.0,822.0,833.0,899.0,920.0,933.0,950.0,961.0,997.0,999.0,
34.0,62.0,82.0,129.0,213.0,228.0,242.0,249.0,264.0,270.0,295.0,303.0,326.0,364.0,386.0,453.0,469.0,501.0,510.0,515.0,521.0,529.0,530.0,532.0,535.0,535.0,539.0,540.0,543.0,545.0,545.0,547.0,550.0,554.0,562.0,569.0,570.0,580.0,584.0,587.0,591.0,594.0,601.0,602.0,615.0,616.0,674.0,728.0,768.0,774.0,780.0,796.0,797.0,849.0,850.0,884.0,917.0,919.0,957.0,
8.0,62.0,158.0,200.0,205.0,211.0,217.0,222.0,222.0,279.0,296.0,314.0,339.0,399.0,401.0,419.0,431.0,432.0,516.0,517.0,519.0,531.0,534.0,536.0,536.0,537.0,539.0,541.0,544.0,546.0,552.0,556.0,562.0,566.0,574.0,582.0,594.0,596.0,604.0,611.0,619.0,620.0,625.0,633.0,653.0,663.0,683.0,684.0,684.0,684.0,691.0,695.0,701.0,717.0,722.0,739.0,742.0,769.0,774.0,780.0,781.0,804.0,833.0,838.0,857.0,870.0,923.0,939.0,961.0,968.0,969.0,998.0,
2.0,14.0,15.0,61.0,137.0,167.0,221.0,328.0,341.0,353.0,379.0,403.0,409.0,435.0,440.0,456.0,523.0,526.0,528.0,533.0,540.0,540.0,543.0,546.0,553.0,555.0,556.0,577.0,578.0,578.0,588.0,598.0,600.0,622.0,628.0,637.0,639.0,640.0,644.0,650.0,657.0,659.0,672.0,689.0,693.0,697.0,767.0,790.0,797.0,802.0,839.0,842.0,850.0,878.0,878.0,882.0,899.0,905.0,973.0,974.0,988.0,995.0,
147.0,163.0,169.0,172.0,212.0,214.0,263.0,301.0,303.0,353.0,375.0,386.0,431.0,541.0,552.0,558.0,566.0,568.0,568.0,585.0,645.0,649.0,658.0,671.0,678.0,686.0,687.0,696.0,698.0,702.0,711.0,734.0,742.0,755.0,762.0,776.0,778.0,783.0,828.0,838.0,878.0,880.0,907.0,924.0,948.0,963.0,999.0,
13.0,25.0,39.0,99.0,102.0,200.0,211.0,277.0,296.0,306.0,394.0,417.0,465.0,475.0,508.0,522.0,525.0,553.0,636.0,732.0,736.0,739.0,802.0,851.0,857.0,863.0,881.0,898.0,925.0,936.0,941.0,944.0,945.0,960.0,
8.0,62.0,64.0,89.0,89.0,144.0,160.0,172.0,240.0,241.0,246.0,276.0,290.0,290.0,292.0,293.0,304.0,326.0,357.0,369.0,393.0,394.0,395.0,468.0,474.0,475.0,493.0,512.0,538.0,539.0,543.0,560.0,589.0,614.0,628.0,644.0,650.0,666.0,699.0,745.0,754.0,789.0,801.0,838.0,841.0,857.0,867.0,886.0,912.0,916.0,957.0,968.0,999.0,
35.0,81.0,136.0,159.0,194.0,198.0,200.0,241.0,247.0,277.0,304.0,317.0,321.0,353.0,358.0,411.0,421.0,424.0,436.0,476.0,508.0,510.0,513.0,515.0,516.0,522.0,523.0,529.0,535.0,536.0,538.0,539.0,540.0,542.0,543.0,544.0,548.0,548.0,548.0,557.0,559.0,560.0,560.0,561.0,563.0,576.0,580.0,583.0,593.0,595.0,603.0,614.0,626.0,649.0,658.0,686.0,704.0,716.0,730.0,736.0,738.0,740.0,742.0,752.0,758.0,762.0,774.0,802.0,807.0,864.0,873.0,879.0,885.0,890.0,897.0,900.0,916.0,936.0,938.0,957.0,965.0,969.0,976.0,981.0,986.0,
19.0,20.0,28.0,61.0,109.0,128.0,136.0,179.0,192.0,197.0,199.0,223.0,263.0,334.0,336.0,341.0,384.0,388.0,490.0,491.0,515.0,530.0,539.0,540.0,549.0,554.0,555.0,562.0,568.0,579.0,580.0,586.0,588.0,608.0,613.0,637.0,650.0,660.0,669.0,680.0,685.0,703.0,704.0,705.0,729.0,737.0,745.0,794.0,801.0,833.0,868.0,896.0,936.0,940.0,946.0,966.0,976.0,986.0,993.0,998.0,999.0,
41.0,45.0,88.0,105.0,122.0,146.0,176.0,196.0,266.0,291.0,300.0,315.0,330.0,357.0,358.0,378.0,384.0,394.0,404.0,405.0,417.0,476.0,486.0,510.0,523.0,538.0,539.0,542.0,547.0,549.0,549.0,562.0,573.0,577.0,589.0,593.0,607.0,607.0,623.0,627.0,644.0,653.0,698.0,707.0,743.0,744.0,766.0,798.0,886.0,906.0,913.0,949.0,951.0,952.0,957.0,977.0,979.0,998.0,
40.0,64.0,65.0,127.0,146.0,157.0,208.0,233.0,240.0,269.0,294.0,415.0,440.0,479.0,531.0,532.0,533.0,534.0,537.0,538.0,541.0,547.0,549.0,550.0,558.0,563.0,584.0,588.0,591.0,591.0,598.0,599.0,605.0,610.0,627.0,651.0,654.0,666.0,667.0,668.0,681.0,701.0,728.0,731.0,776.0,782.0,812.0,831.0,852.0,874.0,881.0,885.0,901.0,906.0,926.0,926.0,933.0,939.0,961.0,985.0,999.0,
6.0,41.0,48.0,195.0,197.0,204.0,207.0,231.0,312.0,451.0,461.0,495.0,497.0,509.0,527.0,537.0,544.0,557.0,561.0,562.0,562.0,563.0,572.0,575.0,579.0,594.0,597.0,602.0,604.0,605.0,606.0,609.0,626.0,654.0,656.0,681.0,692.0,726.0,737.0,746.0,776.0,786.0,797.0,798.0,799.0,810.0,812.0,812.0,813.0,816.0,827.0,836.0,844.0,855.0,877.0,935.0,943.0,948.0,949.0,971.0,978.0,979.0,994.0,1000.0,
22.0,31.0,73.0,88.0,138.0,152.0,161.0,211.0,241.0,245.0,271.0,285.0,297.0,349.0,354.0,386.0,441.0,451.0,464.0,517.0,521.0,530.0,534.0,534.0,537.0,540.0,547.0,549.0,554.0,558.0,559.0,561.0,561.0,562.0,565.0,571.0,583.0,583.0,588.0,611.0,627.0,657.0,658.0,671.0,674.0,681.0,690.0,707.0,718.0,729.0,734.0,736.0,753.0,754.0,763.0,768.0,776.0,784.0,796.0,797.0,803.0,810.0,818.0,836.0,851.0,863.0,866.0,911.0,917.0,925.0,934.0,935.0,954.0,972.0,979.0,998.0,
32.0,44.0,55.0,80.0,115.0,138.0,184.0,184.0,223.0,253.0,269.0,324.0,338.0,352.0,408.0,408.0,445.0,459.0,511.0,528.0,534.0,535.0,537.0,546.0,553.0,570.0,571.0,584.0,589.0,601.0,610.0,619.0,624.0,630.0,631.0,639.0,641.0,647.0,650.0,650.0,655.0,666.0,680.0,684.0,692.0,712.0,730.0,747.0,748.0,765.0,769.0,773.0,801.0,823.0,830.0,848.0,849.0,850.0,873.0,916.0,919.0,938.0,949.0,959.0,977.0,
7.0,10.0,115.0,155.0,238.0,244.0,250.0,272.0,281.0,315.0,334.0,357.0,369.0,379.0,383.0,390.0,423.0,427.0,468.0,498.0,535.0,544.0,544.0,548.0,558.0,576.0,635.0,640.0,671.0,680.0,758.0,771.0,823.0,854.0,859.0,869.0,873.0,900.0,933.0,938.0,
45.0,175.0,182.0,306.0,335.0,351.0,372.0,397.0,409.0,419.0,428.0,432.0,473.0,520.0,562.0,567.0,574.0,681.0,718.0,723.0,742.0,766.0,781.0,786.0,845.0,857.0,888.0,904.0,953.0,954.0,986.0,
23.0,36.0,130.0,157.0,173.0,204.0,266.0,335.0,336.0,345.0,426.0,441.0,441.0,481.0,499.0,621.0,743.0,766.0,851.0,880.0,954.0,998.0,1000.0,
39.0,67.0,86.0,101.0,102.0,175.0,188.0,202.0,204.0,247.0,263.0,263.0,321.0,330.0,387.0,389.0,395.0,401.0,443.0,466.0,525.0,534.0,540.0,545.0,562.0,580.0,581.0,600.0,604.0,644.0,648.0,655.0,659.0,680.0,727.0,764.0,798.0,824.0,841.0,906.0,914.0,934.0,949.0,951.0,953.0,984.0,994.0,
18.0,27.0,34.0,36.0,51.0,86.0,97.0,172.0,234.0,239.0,255.0,258.0,315.0,322.0,333.0,334.0,392.0,434.0,484.0,489.0,517.0,525.0,526.0,548.0,550.0,562.0,580.0,594.0,603.0,614.0,616.0,636.0,650.0,655.0,678.0,681.0,682.0,687.0,687.0,691.0,695.0,707.0,737.0,772.0,779.0,781.0,791.0,795.0,800.0,800.0,811.0,813.0,814.0,843.0,846.0,871.0,882.0,942.0,942.0,965.0,977.0,987.0,
51.0,56.0,103.0,132.0,205.0,236.0,253.0,253.0,276.0,298.0,371.0,447.0,479.0,487.0,517.0,518.0,525.0,528.0,537.0,537.0,538.0,540.0,548.0,558.0,560.0,580.0,589.0,589.0,590.0,599.0,600.0,608.0,614.0,618.0,625.0,628.0,640.0,644.0,649.0,651.0,657.0,662.0,664.0,665.0,667.0,679.0,705.0,715.0,718.0,726.0,729.0,746.0,747.0,764.0,784.0,788.0,818.0,822.0,847.0,854.0,861.0,886.0,903.0,910.0,916.0,924.0,942.0,948.0,953.0,970.0,976.0,987.0,988.0,
12.0,45.0,66.0,66.0,85.0,95.0,142.0,254.0,255.0,266.0,281.0,305.0,311.0,326.0,332.0,336.0,408.0,520.0,525.0,535.0,540.0,540.0,541.0,543.0,548.0,549.0,550.0,550.0,552.0,554.0,564.0,570.0,578.0,581.0,594.0,595.0,596.0,598.0,599.0,606.0,609.0,610.0,619.0,627.0,632.0,642.0,672.0,682.0,687.0,705.0,706.0,729.0,753.0,756.0,762.0,772.0,787.0,791.0,805.0,822.0,833.0,934.0,994.0,995.0,
25.0,54.0,73.0,85.0,102.0,116.0,161.0,201.0,219.0,223.0,248.0,249.0,258.0,309.0,313.0,326.0,346.0,380.0,398.0,422.0,457.0,497.0,518.0,523.0,530.0,533.0,534.0,535.0,541.0,549.0,555.0,559.0,559.0,564.0,567.0,584.0,592.0,596.0,599.0,620.0,622.0,639.0,658.0,667.0,671.0,679.0,691.0,692.0,724.0,743.0,757.0,777.0,780.0,785.0,787.0,791.0,797.0,798.0,858.0,877.0,896.0,898.0,900.0,903.0,911.0,911.0,911.0,925.0,937.0,941.0,969.0,978.0,980.0,
23.0,55.0,140.0,198.0,204.0,242.0,271.0,289.0,301.0,313.0,328.0,332.0,353.0,369.0,405.0,444.0,512.0,517.0,539.0,549.0,566.0,571.0,581.0,592.0,598.0,600.0,616.0,630.0,633.0,633.0,637.0,638.0,642.0,644.0,651.0,661.0,677.0,683.0,693.0,699.0,704.0,705.0,713.0,715.0,735.0,742.0,742.0,745.0,777.0,793.0,793.0,795.0,807.0,808.0,810.0,829.0,830.0,839.0,879.0,889.0,892.0,893.0,910.0,918.0,920.0,947.0,952.0,953.0,963.0,964.0,974.0,989.0,999.0,1000.0,
23.0,65.0,65.0,119.0,122.0,196.0,213.0,262.0,289.0,330.0,346.0,407.0,461.0,466.0,467.0,475.0,520.0,537.0,546.0,564.0,589.0,602.0,603.0,609.0,641.0,705.0,706.0,722.0,728.0,734.0,747.0,765.0,770.0,787.0,806.0,811.0,822.0,836.0,
3.0,42.0,93.0,132.0,135.0,141.0,211.0,227.0,297.0,311.0,337.0,347.0,351.0,373.0,389.0,406.0,415.0,464.0,476.0,488.0,509.0,561.0,601.0,628.0,658.0,680.0,685.0,708.0,713.0,805.0,858.0,887.0,905.0,929.0,
31.0,35.0,42.0,43.0,61.0,82.0,96.0,97.0,102.0,177.0,199.0,254.0,370.0,403.0,413.0,443.0,606.0,613.0,647.0,691.0,692.0,693.0,727.0,796.0,807.0,812.0,849.0,877.0,889.0,899.0,940.0,
2.0,94.0,163.0,175.0,270.0,277.0,288.0,319.0,357.0,369.0,376.0,419.0,444.0,470.0,484.0,484.0,501.0,515.0,525.0,546.0,547.0,574.0,597.0,603.0,621.0,626.0,633.0,683.0,691.0,727.0,728.0,741.0,747.0,823.0,950.0,979.0,
63.0,85.0,115.0,126.0,145.0,199.0,223.0,234.0,236.0,252.0,278.0,286.0,304.0,305.0,369.0,432.0,458.0,459.0,465.0,586.0,588.0,643.0,660.0,668.0,733.0,738.0,770.0,780.0,826.0,922.0,926.0,935.0,940.0,957.0,
30.0,69.0,83.0,199.0,208.0,241.0,297.0,303.0,304.0,337.0,398.0,405.0,443.0,489.0,496.0,511.0,572.0,617.0,622.0,770.0,820.0,824.0,863.0,871.0,903.0,916.0,942.0,950.0,958.0,
26.0,96.0,122.0,126.0,128.0,175.0,176.0,207.0,236.0,239.0,256.0,276.0,290.0,336.0,343.0,392.0,405.0,422.0,428.0,478.0,494.0,513.0,520.0,535.0,539.0,554.0,554.0,567.0,607.0,616.0,624.0,635.0,693.0,698.0,718.0,719.0,728.0,730.0,772.0,773.0,782.0,787.0,788.0,798.0,864.0,881.0,896.0,906.0,912.0,915.0,938.0,942.0,964.0,
39.0,54.0,85.0,89.0,116.0,140.0,158.0,165.0,198.0,209.0,241.0,244.0,264.0,311.0,340.0,384.0,404.0,417.0,438.0,468.0,475.0,483.0,535.0,539.0,553.0,560.0,563.0,571.0,577.0,580.0,580.0,625.0,643.0,664.0,664.0,669.0,686.0,722.0,746.0,786.0,810.0,818.0,826.0,852.0,860.0,890.0,896.0,904.0,919.0,951.0,995.0,
15.0,17.0,30.0,45.0,49.0,107.0,157.0,167.0,170.0,188.0,207.0,255.0,287.0,314.0,317.0,342.0,371.0,378.0,399.0,415.0,440.0,533.0,533.0,544.0,556.0,579.0,628.0,630.0,630.0,634.0,650.0,667.0,673.0,674.0,678.0,695.0,716.0,730.0,731.0,733.0,734.0,739.0,759.0,775.0,779.0,781.0,782.0,794.0,815.0,825.0,827.0,848.0,856.0,865.0,865.0,894.0,902.0,905.0,925.0,945.0,948.0,966.0,989.0,995.0,
8.0,86.0,96.0,220.0,257.0,309.0,342.0,372.0,382.0,391.0,403.0,434.0,438.0,438.0,442.0,455.0,455.0,456.0,500.0,526.0,529.0,531.0,541.0,561.0,565.0,607.0,610.0,629.0,650.0,658.0,816.0,841.0,870.0,876.0,881.0,884.0,887.0,922.0,982.0,
3.0,18.0,26.0,83.0,139.0,168.0,284.0,308.0,365.0,464.0,517.0,546.0,629.0,680.0,718.0,782.0,789.0,812.0,822.0,870.0,930.0,
40.0,61.0,80.0,91.0,111.0,127.0,142.0,174.0,202.0,218.0,220.0,263.0,285.0,292.0,299.0,305.0,326.0,363.0,371.0,380.0,408.0,408.0,415.0,437.0,446.0,465.0,474.0,519.0,534.0,536.0,616.0,630.0,680.0,764.0,838.0,880.0,979.0,
