5.0,173.0,202.0,225.0,230.0,252.0,292.0,307.0,394.0,418.0,440.0,453.0,489.0,494.0,510.0,524.0,549.0,553.0,556.0,558.0,614.0,626.0,657.0,692.0,692.0,717.0,718.0,747.0,776.0,777.0,789.0,813.0,873.0,1000.0,
3.0,20.0,50.0,51.0,71.0,143.0,148.0,150.0,170.0,171.0,174.0,178.0,203.0,233.0,262.0,262.0,279.0,284.0,285.0,303.0,307.0,317.0,326.0,337.0,376.0,379.0,395.0,413.0,448.0,450.0,469.0,506.0,542.0,559.0,580.0,620.0,652.0,660.0,661.0,668.0,714.0,725.0,771.0,774.0,839.0,842.0,866.0,938.0,980.0,
58.0,66.0,69.0,72.0,73.0,95.0,97.0,101.0,151.0,233.0,236.0,358.0,381.0,391.0,396.0,398.0,450.0,459.0,616.0,691.0,695.0,703.0,813.0,833.0,861.0,883.0,990.0,998.0,
3.0,94.0,126.0,179.0,183.0,190.0,193.0,194.0,210.0,245.0,259.0,301.0,306.0,320.0,323.0,345.0,357.0,374.0,381.0,409.0,417.0,467.0,468.0,470.0,480.0,529.0,529.0,548.0,573.0,590.0,604.0,618.0,657.0,676.0,680.0,776.0,780.0,817.0,882.0,895.0,907.0,961.0,
2.0,25.0,85.0,98.0,121.0,127.0,136.0,143.0,202.0,231.0,264.0,288.0,294.0,306.0,355.0,359.0,379.0,391.0,464.0,484.0,521.0,532.0,561.0,569.0,575.0,579.0,602.0,607.0,615.0,668.0,680.0,723.0,753.0,755.0,782.0,798.0,832.0,842.0,844.0,848.0,853.0,858.0,963.0,
22.0,25.0,47.0,59.0,120.0,134.0,170.0,219.0,239.0,288.0,369.0,378.0,510.0,560.0,619.0,625.0,674.0,680.0,707.0,755.0,870.0,914.0,948.0,
13.0,33.0,66.0,115.0,140.0,153.0,164.0,181.0,228.0,234.0,251.0,253.0,287.0,304.0,308.0,374.0,384.0,487.0,504.0,517.0,531.0,630.0,648.0,740.0,797.0,879.0,914.0,949.0,
86.0,99.0,160.0,191.0,206.0,245.0,255.0,269.0,371.0,372.0,374.0,381.0,389.0,390.0,430.0,451.0,475.0,498.0,533.0,577.0,658.0,709.0,791.0,794.0,803.0,829.0,864.0,883.0,884.0,915.0,917.0,951.0,954.0,971.0,
2.0,5.0,109.0,118.0,160.0,180.0,199.0,246.0,254.0,272.0,279.0,290.0,362.0,367.0,379.0,380.0,385.0,412.0,426.0,438.0,480.0,492.0,507.0,525.0,526.0,641.0,645.0,729.0,746.0,750.0,869.0,877.0,942.0,
67.0,88.0,118.0,121.0,125.0,158.0,159.0,195.0,225.0,248.0,264.0,273.0,336.0,345.0,356.0,367.0,369.0,385.0,394.0,512.0,523.0,550.0,596.0,599.0,621.0,622.0,717.0,727.0,783.0,797.0,801.0,980.0,991.0,
16.0,27.0,112.0,123.0,131.0,141.0,185.0,202.0,206.0,265.0,276.0,278.0,288.0,339.0,351.0,368.0,425.0,466.0,489.0,601.0,629.0,658.0,689.0,691.0,704.0,800.0,814.0,876.0,879.0,898.0,906.0,911.0,
6.0,124.0,186.0,229.0,275.0,289.0,329.0,337.0,351.0,362.0,379.0,417.0,450.0,472.0,499.0,516.0,516.0,529.0,581.0,593.0,630.0,670.0,694.0,808.0,938.0,940.0,947.0,
56.0,91.0,95.0,99.0,291.0,350.0,350.0,410.0,482.0,482.0,514.0,579.0,594.0,825.0,837.0,870.0,880.0,943.0,949.0,956.0,961.0,
12.0,24.0,29.0,41.0,61.0,101.0,179.0,197.0,209.0,219.0,244.0,254.0,285.0,297.0,303.0,315.0,324.0,343.0,359.0,409.0,451.0,500.0,518.0,542.0,551.0,568.0,579.0,598.0,739.0,756.0,791.0,791.0,809.0,817.0,844.0,896.0,922.0,985.0,
46.0,83.0,111.0,172.0,212.0,227.0,258.0,260.0,295.0,317.0,332.0,344.0,358.0,368.0,400.0,422.0,473.0,494.0,506.0,507.0,508.0,527.0,543.0,546.0,552.0,556.0,559.0,563.0,564.0,567.0,576.0,583.0,607.0,617.0,618.0,641.0,648.0,651.0,652.0,654.0,659.0,683.0,699.0,803.0,832.0,857.0,874.0,897.0,906.0,912.0,932.0,940.0,965.0,983.0,983.0,993.0,997.0,
84.0,102.0,104.0,139.0,146.0,199.0,210.0,229.0,270.0,285.0,310.0,371.0,474.0,534.0,541.0,557.0,561.0,567.0,574.0,574.0,582.0,593.0,594.0,599.0,610.0,675.0,686.0,702.0,723.0,725.0,733.0,745.0,747.0,768.0,795.0,795.0,798.0,827.0,832.0,852.0,874.0,898.0,903.0,905.0,959.0,988.0,997.0,
10.0,17.0,39.0,134.0,139.0,156.0,166.0,214.0,306.0,346.0,350.0,409.0,471.0,479.0,500.0,512.0,518.0,538.0,546.0,546.0,557.0,568.0,575.0,575.0,580.0,606.0,608.0,613.0,613.0,617.0,634.0,673.0,674.0,676.0,681.0,692.0,730.0,734.0,765.0,779.0,780.0,797.0,809.0,818.0,826.0,835.0,841.0,845.0,856.0,862.0,862.0,879.0,893.0,911.0,918.0,920.0,924.0,935.0,939.0,942.0,966.0,970.0,973.0,
10.0,17.0,18.0,57.0,64.0,67.0,70.0,119.0,152.0,155.0,163.0,170.0,171.0,192.0,193.0,207.0,219.0,268.0,288.0,315.0,322.0,328.0,343.0,355.0,386.0,405.0,419.0,475.0,490.0,546.0,547.0,560.0,582.0,584.0,589.0,614.0,649.0,661.0,674.0,773.0,832.0,927.0,934.0,975.0,
3.0,11.0,37.0,39.0,42.0,42.0,54.0,115.0,183.0,240.0,259.0,325.0,327.0,353.0,360.0,369.0,411.0,443.0,477.0,489.0,507.0,566.0,642.0,649.0,763.0,813.0,889.0,969.0,994.0,
64.0,84.0,112.0,119.0,189.0,238.0,326.0,343.0,371.0,456.0,462.0,472.0,492.0,528.0,601.0,651.0,775.0,805.0,815.0,815.0,846.0,896.0,926.0,948.0,963.0,
42.0,95.0,97.0,101.0,105.0,108.0,234.0,249.0,255.0,258.0,274.0,323.0,324.0,335.0,375.0,386.0,391.0,509.0,540.0,549.0,564.0,571.0,616.0,618.0,655.0,679.0,692.0,696.0,730.0,761.0,767.0,799.0,802.0,822.0,887.0,888.0,894.0,914.0,930.0,931.0,
42.0,76.0,89.0,98.0,134.0,149.0,155.0,170.0,189.0,213.0,218.0,255.0,268.0,324.0,347.0,404.0,425.0,452.0,501.0,525.0,604.0,608.0,619.0,645.0,645.0,670.0,678.0,711.0,742.0,788.0,871.0,884.0,913.0,954.0,
16.0,63.0,70.0,122.0,135.0,147.0,149.0,188.0,194.0,200.0,224.0,230.0,285.0,287.0,326.0,338.0,407.0,416.0,500.0,521.0,529.0,536.0,557.0,559.0,560.0,560.0,560.0,561.0,572.0,577.0,579.0,584.0,584.0,584.0,591.0,599.0,603.0,620.0,658.0,663.0,687.0,697.0,712.0,722.0,731.0,732.0,734.0,735.0,754.0,768.0,842.0,849.0,855.0,868.0,870.0,877.0,890.0,923.0,950.0,953.0,973.0,
18.0,40.0,46.0,56.0,57.0,100.0,105.0,137.0,211.0,232.0,268.0,279.0,294.0,383.0,399.0,402.0,407.0,421.0,444.0,522.0,524.0,552.0,552.0,561.0,566.0,567.0,572.0,573.0,578.0,586.0,586.0,597.0,605.0,609.0,631.0,632.0,639.0,658.0,688.0,703.0,707.0,731.0,735.0,740.0,752.0,759.0,761.0,769.0,816.0,829.0,842.0,845.0,855.0,874.0,899.0,923.0,944.0,952.0,
67.0,88.0,138.0,150.0,176.0,181.0,220.0,235.0,241.0,256.0,337.0,366.0,406.0,408.0,477.0,478.0,487.0,521.0,523.0,540.0,542.0,545.0,552.0,560.0,562.0,562.0,567.0,569.0,571.0,573.0,573.0,574.0,579.0,582.0,586.0,592.0,596.0,597.0,599.0,600.0,614.0,624.0,631.0,632.0,634.0,641.0,653.0,674.0,691.0,692.0,717.0,724.0,739.0,751.0,759.0,768.0,855.0,857.0,867.0,882.0,892.0,899.0,904.0,905.0,940.0,954.0,956.0,970.0,982.0,996.0,996.0,1000.0,
19.0,23.0,32.0,54.0,62.0,101.0,116.0,123.0,124.0,125.0,133.0,134.0,194.0,206.0,207.0,220.0,253.0,261.0,267.0,267.0,297.0,305.0,310.0,311.0,327.0,366.0,428.0,451.0,468.0,479.0,513.0,517.0,524.0,531.0,537.0,538.0,540.0,548.0,553.0,554.0,557.0,557.0,558.0,561.0,564.0,564.0,570.0,582.0,583.0,583.0,587.0,591.0,607.0,639.0,641.0,653.0,661.0,662.0,673.0,691.0,694.0,695.0,700.0,703.0,704.0,712.0,727.0,757.0,774.0,803.0,809.0,824.0,843.0,861.0,880.0,881.0,883.0,887.0,920.0,927.0,930.0,960.0,960.0,966.0,974.0,982.0,
24.0,30.0,39.0,40.0,48.0,50.0,87.0,114.0,153.0,170.0,173.0,188.0,198.0,227.0,232.0,263.0,288.0,288.0,340.0,374.0,393.0,414.0,419.0,426.0,431.0,454.0,486.0,493.0,520.0,531.0,535.0,538.0,539.0,539.0,540.0,542.0,546.0,547.0,566.0,567.0,568.0,572.0,584.0,593.0,594.0,595.0,599.0,605.0,608.0,610.0,616.0,627.0,633.0,633.0,665.0,665.0,677.0,683.0,703.0,719.0,738.0,755.0,777.0,779.0,806.0,818.0,821.0,842.0,842.0,848.0,850.0,897.0,924.0,926.0,927.0,936.0,953.0,996.0,
42.0,65.0,92.0,103.0,161.0,180.0,182.0,202.0,203.0,229.0,248.0,280.0,313.0,325.0,337.0,374.0,383.0,442.0,480.0,488.0,526.0,538.0,540.0,540.0,546.0,549.0,554.0,555.0,559.0,561.0,563.0,563.0,571.0,595.0,597.0,612.0,622.0,632.0,639.0,640.0,658.0,662.0,667.0,683.0,684.0,690.0,699.0,706.0,709.0,717.0,758.0,767.0,768.0,769.0,791.0,793.0,832.0,865.0,865.0,873.0,878.0,906.0,930.0,935.0,942.0,961.0,971.0,987.0,987.0,992.0,
6.0,22.0,27.0,89.0,91.0,119.0,121.0,274.0,293.0,315.0,316.0,337.0,391.0,442.0,445.0,472.0,537.0,542.0,548.0,548.0,552.0,562.0,563.0,563.0,592.0,600.0,691.0,764.0,779.0,781.0,801.0,818.0,823.0,835.0,844.0,845.0,877.0,882.0,892.0,897.0,918.0,953.0,970.0,986.0,
9.0,57.0,77.0,90.0,107.0,112.0,130.0,152.0,167.0,177.0,207.0,212.0,258.0,264.0,270.0,273.0,318.0,347.0,365.0,381.0,434.0,486.0,507.0,536.0,560.0,572.0,573.0,573.0,593.0,634.0,869.0,919.0,955.0,984.0,
8.0,42.0,65.0,89.0,116.0,136.0,149.0,151.0,174.0,189.0,251.0,304.0,327.0,427.0,460.0,482.0,593.0,607.0,607.0,651.0,756.0,772.0,777.0,912.0,998.0,
62.0,93.0,98.0,158.0,211.0,250.0,263.0,271.0,272.0,295.0,416.0,444.0,447.0,459.0,460.0,462.0,471.0,484.0,512.0,514.0,524.0,525.0,537.0,540.0,550.0,570.0,577.0,701.0,702.0,734.0,765.0,824.0,833.0,891.0,905.0,948.0,957.0,960.0,980.0,983.0,
4.0,18.0,35.0,58.0,61.0,83.0,109.0,169.0,288.0,293.0,293.0,317.0,377.0,395.0,400.0,404.0,407.0,409.0,413.0,444.0,446.0,455.0,467.0,487.0,507.0,511.0,522.0,525.0,529.0,537.0,539.0,560.0,560.0,561.0,565.0,567.0,570.0,570.0,583.0,590.0,594.0,596.0,609.0,615.0,638.0,670.0,672.0,675.0,680.0,680.0,720.0,732.0,732.0,764.0,765.0,776.0,789.0,802.0,831.0,842.0,857.0,861.0,861.0,871.0,879.0,882.0,886.0,889.0,896.0,912.0,921.0,947.0,959.0,963.0,966.0,
12.0,21.0,31.0,87.0,130.0,134.0,144.0,154.0,265.0,280.0,332.0,335.0,434.0,470.0,486.0,487.0,489.0,519.0,525.0,534.0,536.0,538.0,540.0,545.0,550.0,565.0,566.0,566.0,567.0,572.0,581.0,584.0,585.0,596.0,597.0,606.0,616.0,629.0,642.0,658.0,659.0,663.0,663.0,672.0,679.0,698.0,708.0,732.0,753.0,770.0,783.0,815.0,832.0,876.0,877.0,878.0,880.0,916.0,925.0,930.0,975.0,975.0,988.0,998.0,998.0,
4.0,38.0,55.0,144.0,184.0,190.0,196.0,205.0,215.0,251.0,290.0,308.0,326.0,350.0,398.0,415.0,443.0,456.0,464.0,469.0,471.0,495.0,518.0,524.0,526.0,528.0,531.0,532.0,539.0,549.0,554.0,554.0,554.0,557.0,558.0,572.0,573.0,575.0,580.0,581.0,605.0,609.0,615.0,616.0,620.0,623.0,623.0,625.0,628.0,631.0,633.0,658.0,682.0,687.0,688.0,707.0,722.0,753.0,766.0,783.0,796.0,814.0,838.0,839.0,910.0,929.0,936.0,992.0,1000.0,
23.0,35.0,76.0,82.0,122.0,154.0,157.0,168.0,203.0,222.0,267.0,363.0,414.0,427.0,438.0,450.0,460.0,532.0,534.0,535.0,550.0,556.0,557.0,558.0,574.0,576.0,577.0,577.0,584.0,595.0,602.0,602.0,615.0,623.0,628.0,628.0,632.0,633.0,635.0,638.0,680.0,689.0,693.0,693.0,698.0,701.0,722.0,723.0,733.0,738.0,758.0,760.0,765.0,770.0,775.0,784.0,784.0,806.0,820.0,826.0,853.0,858.0,890.0,891.0,895.0,904.0,929.0,961.0,
55.0,73.0,93.0,103.0,114.0,117.0,211.0,248.0,277.0,282.0,294.0,297.0,354.0,355.0,355.0,361.0,389.0,405.0,467.0,518.0,529.0,529.0,534.0,536.0,536.0,553.0,555.0,558.0,563.0,566.0,586.0,595.0,597.0,600.0,605.0,613.0,616.0,621.0,625.0,626.0,717.0,739.0,739.0,739.0,764.0,772.0,775.0,799.0,809.0,818.0,820.0,862.0,867.0,874.0,891.0,917.0,972.0,994.0,
53.0,90.0,126.0,152.0,163.0,181.0,183.0,194.0,222.0,240.0,265.0,325.0,378.0,417.0,456.0,462.0,471.0,480.0,495.0,522.0,525.0,526.0,530.0,534.0,535.0,540.0,541.0,542.0,551.0,555.0,564.0,566.0,567.0,573.0,581.0,591.0,603.0,603.0,609.0,615.0,626.0,629.0,686.0,712.0,719.0,737.0,755.0,769.0,783.0,814.0,854.0,905.0,926.0,963.0,965.0,1000.0,
101.0,151.0,157.0,161.0,270.0,299.0,336.0,337.0,414.0,455.0,481.0,484.0,508.0,520.0,530.0,537.0,537.0,540.0,542.0,543.0,553.0,555.0,556.0,569.0,581.0,586.0,590.0,591.0,597.0,609.0,609.0,613.0,616.0,641.0,647.0,648.0,650.0,652.0,664.0,669.0,673.0,677.0,684.0,699.0,707.0,713.0,720.0,732.0,733.0,735.0,737.0,737.0,738.0,762.0,770.0,770.0,774.0,782.0,783.0,788.0,788.0,794.0,816.0,823.0,841.0,842.0,880.0,881.0,907.0,910.0,917.0,918.0,924.0,931.0,932.0,936.0,941.0,957.0,964.0,969.0,970.0,977.0,1000.0,
26.0,31.0,131.0,165.0,183.0,219.0,222.0,223.0,251.0,325.0,345.0,364.0,374.0,380.0,519.0,536.0,566.0,579.0,598.0,620.0,652.0,657.0,671.0,679.0,792.0,879.0,919.0,929.0,942.0,955.0,986.0,
11.0,12.0,45.0,77.0,78.0,122.0,168.0,199.0,209.0,222.0,256.0,266.0,331.0,340.0,391.0,394.0,399.0,411.0,421.0,451.0,451.0,458.0,461.0,462.0,476.0,500.0,506.0,517.0,543.0,587.0,625.0,694.0,698.0,703.0,728.0,789.0,792.0,822.0,837.0,845.0,908.0,936.0,946.0,957.0,
14.0,15.0,63.0,83.0,192.0,205.0,265.0,324.0,457.0,468.0,470.0,509.0,520.0,528.0,534.0,541.0,546.0,546.0,547.0,549.0,555.0,571.0,575.0,589.0,591.0,601.0,630.0,638.0,640.0,655.0,667.0,668.0,695.0,700.0,741.0,819.0,821.0,829.0,864.0,919.0,936.0,944.0,949.0,967.0,972.0,989.0,1000.0,
22.0,41.0,104.0,108.0,120.0,166.0,166.0,194.0,213.0,224.0,234.0,242.0,244.0,348.0,377.0,451.0,454.0,477.0,495.0,518.0,520.0,521.0,522.0,523.0,524.0,529.0,530.0,535.0,535.0,538.0,555.0,566.0,566.0,571.0,572.0,573.0,588.0,589.0,625.0,635.0,652.0,666.0,666.0,670.0,676.0,683.0,691.0,699.0,701.0,704.0,705.0,706.0,733.0,745.0,755.0,768.0,775.0,782.0,786.0,801.0,810.0,815.0,840.0,870.0,893.0,894.0,897.0,914.0,925.0,941.0,957.0,958.0,
48.0,64.0,79.0,112.0,137.0,141.0,153.0,209.0,242.0,296.0,328.0,337.0,443.0,486.0,507.0,526.0,531.0,534.0,536.0,538.0,544.0,547.0,549.0,554.0,555.0,565.0,565.0,571.0,578.0,589.0,600.0,602.0,605.0,614.0,623.0,642.0,642.0,644.0,647.0,656.0,662.0,664.0,700.0,700.0,701.0,704.0,704.0,723.0,747.0,763.0,772.0,779.0,798.0,815.0,841.0,845.0,847.0,859.0,867.0,879.0,922.0,959.0,968.0,985.0,993.0,
18.0,84.0,111.0,149.0,171.0,198.0,198.0,262.0,282.0,285.0,360.0,393.0,416.0,425.0,462.0,466.0,501.0,508.0,509.0,526.0,526.0,527.0,540.0,547.0,550.0,550.0,552.0,557.0,557.0,559.0,562.0,565.0,566.0,570.0,580.0,600.0,608.0,614.0,621.0,631.0,634.0,645.0,665.0,671.0,728.0,750.0,771.0,780.0,829.0,842.0,876.0,878.0,883.0,904.0,907.0,934.0,957.0,981.0,988.0,
27.0,53.0,70.0,183.0,184.0,206.0,213.0,229.0,279.0,348.0,376.0,488.0,537.0,537.0,543.0,556.0,560.0,562.0,569.0,586.0,592.0,596.0,602.0,604.0,619.0,622.0,623.0,625.0,645.0,650.0,655.0,657.0,658.0,664.0,668.0,678.0,696.0,718.0,731.0,774.0,775.0,810.0,936.0,952.0,963.0,987.0,998.0,
44.0,85.0,147.0,177.0,203.0,207.0,227.0,257.0,291.0,297.0,361.0,375.0,401.0,438.0,509.0,517.0,521.0,524.0,526.0,539.0,539.0,543.0,543.0,547.0,552.0,552.0,559.0,569.0,574.0,575.0,593.0,594.0,600.0,603.0,611.0,623.0,632.0,649.0,651.0,651.0,661.0,669.0,671.0,673.0,698.0,711.0,718.0,721.0,723.0,763.0,768.0,785.0,798.0,821.0,825.0,849.0,863.0,888.0,891.0,912.0,987.0,990.0,997.0,998.0,
43.0,66.0,81.0,88.0,99.0,111.0,160.0,170.0,185.0,190.0,221.0,377.0,403.0,414.0,424.0,443.0,456.0,521.0,524.0,530.0,547.0,549.0,554.0,555.0,557.0,559.0,560.0,576.0,585.0,585.0,586.0,595.0,606.0,612.0,612.0,622.0,633.0,648.0,660.0,661.0,667.0,690.0,696.0,745.0,772.0,811.0,814.0,825.0,852.0,890.0,897.0,905.0,913.0,916.0,919.0,925.0,934.0,937.0,974.0,983.0,985.0,994.0,
20.0,29.0,62.0,94.0,116.0,123.0,132.0,158.0,191.0,200.0,219.0,255.0,263.0,283.0,349.0,350.0,351.0,373.0,418.0,450.0,494.0,510.0,513.0,521.0,526.0,528.0,530.0,530.0,535.0,552.0,553.0,562.0,572.0,574.0,575.0,594.0,595.0,598.0,607.0,616.0,621.0,631.0,631.0,638.0,646.0,651.0,658.0,708.0,710.0,757.0,758.0,800.0,810.0,843.0,849.0,856.0,897.0,910.0,917.0,943.0,948.0,964.0,980.0,986.0,991.0,998.0,
24.0,55.0,106.0,110.0,127.0,135.0,143.0,151.0,172.0,272.0,294.0,353.0,373.0,388.0,450.0,468.0,499.0,504.0,525.0,542.0,545.0,545.0,550.0,555.0,559.0,582.0,584.0,593.0,601.0,602.0,606.0,619.0,633.0,639.0,682.0,733.0,735.0,760.0,799.0,816.0,822.0,846.0,870.0,873.0,889.0,930.0,933.0,935.0,944.0,944.0,948.0,986.0,987.0,987.0,989.0,999.0,1000.0,
46.0,93.0,191.0,195.0,202.0,217.0,218.0,226.0,272.0,278.0,293.0,319.0,339.0,350.0,355.0,376.0,428.0,434.0,470.0,488.0,506.0,531.0,561.0,608.0,611.0,615.0,623.0,644.0,658.0,684.0,694.0,697.0,718.0,777.0,919.0,947.0,954.0,984.0,
17.0,48.0,65.0,79.0,107.0,145.0,162.0,193.0,210.0,265.0,341.0,363.0,379.0,405.0,417.0,421.0,436.0,440.0,516.0,518.0,523.0,525.0,526.0,527.0,531.0,533.0,538.0,539.0,543.0,546.0,547.0,558.0,561.0,567.0,570.0,572.0,583.0,591.0,591.0,593.0,608.0,659.0,659.0,660.0,676.0,677.0,679.0,680.0,693.0,697.0,769.0,773.0,774.0,776.0,788.0,855.0,879.0,884.0,915.0,925.0,931.0,948.0,956.0,988.0,
16.0,31.0,46.0,77.0,115.0,117.0,166.0,247.0,254.0,259.0,261.0,278.0,336.0,345.0,355.0,364.0,368.0,389.0,474.0,517.0,518.0,519.0,527.0,528.0,532.0,534.0,534.0,539.0,540.0,542.0,542.0,545.0,556.0,573.0,598.0,608.0,608.0,613.0,620.0,629.0,638.0,642.0,646.0,649.0,658.0,677.0,679.0,691.0,695.0,698.0,710.0,718.0,719.0,720.0,728.0,733.0,738.0,747.0,749.0,750.0,752.0,760.0,761.0,786.0,799.0,817.0,821.0,826.0,854.0,884.0,899.0,928.0,935.0,949.0,975.0,
67.0,93.0,96.0,152.0,192.0,200.0,244.0,290.0,337.0,383.0,440.0,450.0,476.0,479.0,494.0,528.0,529.0,532.0,545.0,549.0,552.0,567.0,572.0,585.0,595.0,602.0,602.0,614.0,623.0,626.0,630.0,637.0,649.0,650.0,659.0,704.0,705.0,727.0,727.0,730.0,755.0,755.0,787.0,800.0,810.0,811.0,818.0,825.0,840.0,858.0,870.0,871.0,897.0,928.0,938.0,
7.0,46.0,98.0,180.0,197.0,204.0,210.0,233.0,234.0,273.0,284.0,371.0,398.0,416.0,439.0,457.0,458.0,469.0,487.0,513.0,526.0,535.0,536.0,544.0,545.0,557.0,557.0,558.0,560.0,565.0,566.0,569.0,570.0,584.0,589.0,601.0,604.0,631.0,653.0,664.0,671.0,677.0,694.0,720.0,725.0,727.0,771.0,780.0,781.0,792.0,804.0,811.0,813.0,818.0,828.0,859.0,877.0,892.0,901.0,908.0,917.0,976.0,
4.0,23.0,24.0,39.0,45.0,64.0,101.0,196.0,204.0,223.0,235.0,253.0,297.0,327.0,327.0,352.0,365.0,389.0,401.0,403.0,475.0,476.0,510.0,526.0,528.0,528.0,529.0,530.0,531.0,531.0,533.0,538.0,543.0,543.0,547.0,551.0,554.0,557.0,577.0,583.0,586.0,592.0,597.0,602.0,605.0,624.0,628.0,673.0,675.0,681.0,699.0,701.0,727.0,728.0,732.0,738.0,753.0,765.0,788.0,796.0,802.0,809.0,846.0,852.0,898.0,905.0,917.0,936.0,948.0,968.0,999.0,
35.0,37.0,60.0,85.0,132.0,144.0,177.0,233.0,260.0,307.0,334.0,385.0,401.0,404.0,423.0,429.0,432.0,449.0,468.0,470.0,494.0,502.0,521.0,526.0,534.0,538.0,542.0,555.0,556.0,556.0,560.0,575.0,580.0,581.0,581.0,586.0,631.0,646.0,655.0,658.0,658.0,667.0,668.0,718.0,726.0,738.0,759.0,802.0,811.0,841.0,842.0,853.0,890.0,893.0,900.0,922.0,926.0,930.0,957.0,960.0,966.0,970.0,
3.0,29.0,31.0,55.0,65.0,87.0,90.0,124.0,135.0,164.0,169.0,213.0,235.0,244.0,285.0,287.0,391.0,462.0,485.0,494.0,510.0,522.0,526.0,529.0,532.0,534.0,536.0,537.0,537.0,538.0,539.0,548.0,551.0,553.0,561.0,565.0,574.0,587.0,595.0,600.0,611.0,613.0,624.0,629.0,630.0,648.0,652.0,676.0,677.0,686.0,691.0,695.0,704.0,717.0,724.0,736.0,740.0,742.0,782.0,796.0,814.0,822.0,838.0,847.0,850.0,854.0,876.0,877.0,890.0,895.0,901.0,915.0,927.0,935.0,941.0,957.0,966.0,979.0,983.0,
16.0,30.0,91.0,105.0,135.0,188.0,191.0,253.0,262.0,272.0,280.0,297.0,334.0,351.0,351.0,358.0,400.0,406.0,434.0,450.0,515.0,520.0,521.0,523.0,529.0,536.0,537.0,539.0,543.0,574.0,579.0,597.0,635.0,636.0,675.0,692.0,711.0,719.0,733.0,733.0,805.0,814.0,821.0,873.0,908.0,910.0,915.0,926.0,927.0,957.0,970.0,978.0,992.0,
15.0,82.0,92.0,137.0,171.0,180.0,209.0,228.0,262.0,273.0,277.0,353.0,371.0,386.0,423.0,431.0,470.0,473.0,519.0,531.0,550.0,551.0,585.0,590.0,595.0,599.0,605.0,610.0,662.0,693.0,697.0,712.0,717.0,741.0,790.0,812.0,842.0,842.0,854.0,863.0,890.0,918.0,919.0,927.0,954.0,963.0,984.0,986.0,
23.0,37.0,76.0,80.0,104.0,155.0,182.0,196.0,204.0,211.0,221.0,226.0,245.0,275.0,300.0,301.0,320.0,341.0,342.0,398.0,450.0,452.0,539.0,587.0,613.0,681.0,852.0,862.0,862.0,866.0,888.0,907.0,954.0,990.0,
6.0,12.0,73.0,80.0,83.0,85.0,107.0,153.0,160.0,202.0,229.0,247.0,305.0,322.0,338.0,416.0,441.0,479.0,511.0,528.0,544.0,546.0,546.0,551.0,556.0,579.0,614.0,615.0,639.0,662.0,672.0,688.0,692.0,697.0,717.0,720.0,749.0,754.0,795.0,800.0,813.0,824.0,832.0,845.0,845.0,849.0,878.0,893.0,900.0,912.0,942.0,989.0,
35.0,65.0,65.0,104.0,153.0,174.0,198.0,216.0,244.0,275.0,325.0,387.0,425.0,426.0,446.0,453.0,456.0,476.0,487.0,530.0,536.0,538.0,548.0,556.0,566.0,585.0,588.0,596.0,602.0,604.0,606.0,606.0,607.0,644.0,658.0,661.0,687.0,688.0,692.0,702.0,709.0,718.0,733.0,746.0,783.0,791.0,794.0,822.0,826.0,839.0,918.0,921.0,926.0,941.0,956.0,959.0,971.0,976.0,985.0,1000.0,
8.0,44.0,78.0,101.0,116.0,213.0,241.0,244.0,277.0,331.0,344.0,373.0,436.0,443.0,453.0,494.0,517.0,518.0,526.0,531.0,532.0,535.0,544.0,551.0,555.0,555.0,557.0,559.0,563.0,565.0,573.0,577.0,590.0,596.0,598.0,611.0,616.0,632.0,638.0,641.0,642.0,670.0,683.0,687.0,688.0,702.0,733.0,747.0,759.0,788.0,844.0,847.0,870.0,877.0,880.0,882.0,893.0,935.0,947.0,960.0,975.0,977.0,
16.0,23.0,30.0,33.0,69.0,114.0,157.0,232.0,247.0,252.0,282.0,332.0,398.0,458.0,463.0,513.0,524.0,532.0,533.0,541.0,559.0,562.0,566.0,575.0,577.0,582.0,583.0,587.0,590.0,591.0,592.0,594.0,601.0,614.0,629.0,629.0,634.0,648.0,678.0,681.0,705.0,712.0,722.0,746.0,768.0,800.0,838.0,855.0,856.0,857.0,859.0,865.0,865.0,869.0,876.0,880.0,880.0,880.0,882.0,908.0,933.0,945.0,946.0,946.0,992.0,993.0,997.0,
6.0,10.0,33.0,63.0,89.0,185.0,196.0,199.0,276.0,281.0,304.0,367.0,379.0,391.0,399.0,403.0,473.0,499.0,501.0,502.0,526.0,527.0,533.0,537.0,538.0,540.0,542.0,552.0,556.0,564.0,569.0,570.0,574.0,583.0,584.0,591.0,593.0,597.0,603.0,604.0,611.0,616.0,618.0,619.0,622.0,628.0,632.0,656.0,670.0,682.0,699.0,709.0,725.0,730.0,761.0,767.0,821.0,827.0,834.0,844.0,875.0,915.0,919.0,926.0,937.0,942.0,954.0,999.0,
56.0,63.0,100.0,106.0,136.0,143.0,203.0,259.0,304.0,326.0,352.0,364.0,377.0,421.0,430.0,431.0,499.0,499.0,512.0,513.0,523.0,524.0,525.0,525.0,527.0,529.0,529.0,533.0,539.0,541.0,544.0,547.0,548.0,551.0,552.0,552.0,554.0,557.0,576.0,578.0,588.0,588.0,594.0,594.0,632.0,660.0,666.0,676.0,716.0,722.0,775.0,802.0,828.0,840.0,848.0,869.0,891.0,945.0,956.0,976.0,980.0,985.0,994.0,1000.0,
26.0,53.0,69.0,93.0,100.0,102.0,113.0,188.0,196.0,200.0,247.0,312.0,338.0,355.0,365.0,382.0,391.0,412.0,457.0,458.0,512.0,522.0,529.0,530.0,536.0,538.0,547.0,549.0,549.0,550.0,550.0,554.0,567.0,567.0,569.0,570.0,576.0,584.0,585.0,598.0,598.0,633.0,635.0,635.0,636.0,642.0,642.0,647.0,652.0,671.0,709.0,729.0,757.0,796.0,812.0,816.0,827.0,845.0,855.0,862.0,870.0,900.0,913.0,941.0,973.0,985.0,985.0,
44.0,115.0,209.0,254.0,365.0,387.0,427.0,431.0,455.0,487.0,496.0,499.0,505.0,529.0,537.0,539.0,544.0,545.0,547.0,550.0,557.0,566.0,570.0,600.0,604.0,616.0,618.0,635.0,649.0,651.0,657.0,695.0,732.0,768.0,777.0,791.0,800.0,810.0,820.0,826.0,855.0,875.0,881.0,910.0,910.0,917.0,926.0,946.0,955.0,958.0,967.0,968.0,972.0,993.0,997.0,
57.0,62.0,91.0,116.0,157.0,164.0,169.0,196.0,197.0,206.0,253.0,258.0,305.0,313.0,379.0,389.0,438.0,481.0,521.0,525.0,530.0,530.0,539.0,552.0,557.0,573.0,575.0,580.0,581.0,582.0,582.0,582.0,583.0,600.0,616.0,638.0,658.0,677.0,691.0,704.0,724.0,752.0,772.0,822.0,891.0,895.0,916.0,929.0,972.0,1000.0,
3.0,45.0,82.0,91.0,98.0,160.0,161.0,177.0,262.0,273.0,294.0,338.0,340.0,352.0,362.0,390.0,426.0,456.0,479.0,501.0,507.0,515.0,519.0,519.0,524.0,525.0,546.0,649.0,705.0,708.0,718.0,745.0,785.0,817.0,822.0,831.0,866.0,872.0,878.0,894.0,919.0,970.0,973.0,
2.0,20.0,46.0,121.0,162.0,193.0,207.0,232.0,323.0,335.0,379.0,386.0,464.0,470.0,498.0,526.0,529.0,533.0,546.0,556.0,566.0,576.0,579.0,614.0,632.0,661.0,674.0,678.0,689.0,692.0,761.0,813.0,815.0,853.0,876.0,903.0,995.0,999.0,
4.0,21.0,52.0,158.0,190.0,212.0,246.0,255.0,311.0,443.0,469.0,494.0,497.0,508.0,509.0,520.0,543.0,545.0,552.0,556.0,557.0,559.0,561.0,567.0,568.0,570.0,571.0,576.0,589.0,593.0,597.0,600.0,603.0,610.0,613.0,613.0,615.0,625.0,626.0,660.0,662.0,677.0,698.0,703.0,708.0,741.0,764.0,780.0,797.0,807.0,819.0,831.0,843.0,852.0,878.0,953.0,958.0,979.0,996.0,
12.0,20.0,30.0,34.0,37.0,56.0,78.0,93.0,102.0,116.0,179.0,272.0,331.0,332.0,342.0,373.0,439.0,503.0,532.0,535.0,536.0,542.0,546.0,549.0,555.0,564.0,566.0,580.0,581.0,615.0,615.0,627.0,641.0,663.0,676.0,690.0,694.0,707.0,709.0,751.0,757.0,771.0,778.0,781.0,801.0,803.0,810.0,812.0,815.0,853.0,905.0,911.0,916.0,921.0,922.0,923.0,931.0,934.0,939.0,955.0,961.0,975.0,976.0,983.0,991.0,
25.0,33.0,140.0,154.0,186.0,288.0,298.0,307.0,336.0,343.0,387.0,403.0,421.0,424.0,426.0,474.0,487.0,494.0,521.0,526.0,533.0,538.0,538.0,540.0,542.0,543.0,548.0,561.0,570.0,572.0,586.0,596.0,598.0,603.0,604.0,604.0,606.0,611.0,619.0,620.0,622.0,636.0,641.0,647.0,681.0,696.0,725.0,743.0,752.0,804.0,812.0,815.0,821.0,858.0,863.0,867.0,878.0,882.0,885.0,941.0,965.0,
23.0,101.0,109.0,113.0,130.0,140.0,144.0,150.0,155.0,201.0,229.0,230.0,241.0,243.0,266.0,410.0,516.0,521.0,527.0,529.0,533.0,534.0,538.0,538.0,539.0,540.0,542.0,542.0,544.0,544.0,555.0,560.0,563.0,565.0,566.0,570.0,574.0,586.0,590.0,591.0,622.0,691.0,700.0,727.0,728.0,743.0,756.0,766.0,773.0,830.0,834.0,844.0,891.0,895.0,900.0,947.0,950.0,958.0,959.0,994.0,994.0,
10.0,65.0,71.0,90.0,117.0,124.0,175.0,195.0,199.0,247.0,276.0,295.0,310.0,352.0,353.0,371.0,396.0,404.0,434.0,459.0,494.0,521.0,521.0,524.0,527.0,532.0,534.0,538.0,564.0,565.0,567.0,569.0,569.0,570.0,575.0,582.0,611.0,621.0,668.0,679.0,698.0,702.0,730.0,748.0,757.0,767.0,767.0,767.0,791.0,799.0,801.0,813.0,823.0,826.0,848.0,851.0,854.0,855.0,855.0,856.0,863.0,926.0,933.0,990.0,
10.0,38.0,60.0,65.0,78.0,104.0,126.0,131.0,186.0,189.0,205.0,237.0,278.0,293.0,315.0,371.0,501.0,502.0,518.0,519.0,519.0,522.0,524.0,524.0,525.0,525.0,533.0,534.0,534.0,537.0,551.0,557.0,560.0,562.0,567.0,572.0,575.0,576.0,576.0,579.0,583.0,587.0,590.0,595.0,595.0,598.0,602.0,603.0,608.0,613.0,626.0,633.0,645.0,652.0,662.0,667.0,668.0,681.0,683.0,696.0,717.0,717.0,723.0,735.0,744.0,767.0,770.0,795.0,800.0,801.0,810.0,825.0,826.0,834.0,862.0,864.0,876.0,882.0,883.0,892.0,905.0,937.0,942.0,969.0,978.0,
105.0,160.0,162.0,182.0,185.0,217.0,238.0,238.0,257.0,270.0,329.0,342.0,349.0,378.0,407.0,427.0,454.0,467.0,493.0,511.0,529.0,530.0,531.0,544.0,549.0,549.0,552.0,556.0,556.0,560.0,564.0,576.0,578.0,579.0,579.0,581.0,589.0,595.0,600.0,605.0,605.0,607.0,614.0,618.0,625.0,626.0,634.0,636.0,638.0,647.0,652.0,654.0,666.0,668.0,672.0,695.0,707.0,733.0,738.0,748.0,770.0,779.0,789.0,798.0,807.0,811.0,824.0,827.0,833.0,839.0,922.0,944.0,978.0,992.0,
22.0,52.0,127.0,132.0,164.0,199.0,264.0,316.0,362.0,362.0,412.0,450.0,470.0,487.0,494.0,509.0,528.0,535.0,541.0,554.0,561.0,589.0,628.0,631.0,648.0,683.0,685.0,692.0,693.0,722.0,748.0,752.0,763.0,764.0,789.0,801.0,881.0,883.0,905.0,906.0,914.0,
12.0,27.0,65.0,125.0,129.0,234.0,301.0,395.0,415.0,416.0,482.0,563.0,570.0,591.0,625.0,747.0,775.0,782.0,794.0,803.0,829.0,850.0,854.0,865.0,884.0,936.0,944.0,976.0,
12.0,18.0,62.0,71.0,83.0,91.0,171.0,181.0,218.0,226.0,263.0,269.0,275.0,294.0,304.0,312.0,334.0,340.0,398.0,419.0,425.0,492.0,602.0,694.0,723.0,758.0,764.0,780.0,811.0,844.0,910.0,910.0,
8.0,152.0,157.0,311.0,318.0,318.0,393.0,395.0,406.0,464.0,475.0,497.0,533.0,535.0,567.0,578.0,593.0,600.0,615.0,618.0,625.0,628.0,629.0,635.0,641.0,668.0,714.0,715.0,739.0,826.0,864.0,865.0,891.0,899.0,935.0,966.0,
26.0,37.0,43.0,163.0,287.0,298.0,326.0,331.0,343.0,372.0,372.0,425.0,432.0,450.0,498.0,518.0,525.0,526.0,526.0,537.0,545.0,545.0,549.0,558.0,558.0,558.0,564.0,570.0,605.0,641.0,652.0,665.0,668.0,676.0,677.0,679.0,683.0,690.0,694.0,704.0,721.0,735.0,738.0,742.0,774.0,778.0,802.0,810.0,815.0,825.0,827.0,830.0,833.0,837.0,842.0,912.0,930.0,937.0,947.0,947.0,963.0,969.0,976.0,981.0,986.0,988.0,
54.0,57.0,63.0,143.0,200.0,249.0,281.0,292.0,342.0,363.0,388.0,407.0,461.0,517.0,528.0,536.0,536.0,538.0,540.0,543.0,543.0,561.0,563.0,567.0,568.0,579.0,580.0,584.0,593.0,609.0,611.0,611.0,616.0,618.0,619.0,623.0,624.0,626.0,627.0,669.0,703.0,713.0,740.0,747.0,758.0,761.0,796.0,806.0,816.0,844.0,853.0,855.0,856.0,861.0,862.0,885.0,887.0,896.0,900.0,935.0,939.0,941.0,958.0,960.0,966.0,
12.0,20.0,38.0,44.0,47.0,50.0,67.0,119.0,145.0,159.0,188.0,197.0,211.0,215.0,283.0,360.0,380.0,385.0,385.0,425.0,425.0,461.0,505.0,527.0,531.0,536.0,543.0,543.0,556.0,558.0,566.0,568.0,572.0,576.0,583.0,585.0,586.0,596.0,599.0,611.0,614.0,656.0,659.0,659.0,677.0,717.0,790.0,863.0,893.0,903.0,916.0,947.0,951.0,962.0,973.0,975.0,987.0,995.0,995.0,
33.0,45.0,69.0,95.0,100.0,186.0,193.0,212.0,215.0,216.0,222.0,235.0,239.0,270.0,335.0,346.0,349.0,379.0,425.0,443.0,444.0,445.0,488.0,508.0,531.0,533.0,533.0,534.0,536.0,539.0,543.0,556.0,564.0,565.0,576.0,584.0,586.0,588.0,591.0,596.0,609.0,619.0,626.0,638.0,639.0,653.0,695.0,713.0,715.0,726.0,747.0,754.0,817.0,846.0,846.0,852.0,861.0,912.0,920.0,935.0,950.0,
11.0,76.0,114.0,146.0,169.0,170.0,187.0,197.0,204.0,226.0,244.0,272.0,352.0,411.0,455.0,494.0,522.0,528.0,530.0,532.0,536.0,544.0,549.0,551.0,556.0,560.0,560.0,579.0,580.0,586.0,589.0,591.0,617.0,617.0,620.0,625.0,646.0,649.0,651.0,652.0,659.0,666.0,666.0,706.0,710.0,724.0,737.0,744.0,746.0,747.0,755.0,767.0,769.0,769.0,780.0,784.0,803.0,831.0,849.0,849.0,854.0,875.0,879.0,887.0,890.0,916.0,916.0,917.0,965.0,967.0,978.0,984.0,
12.0,15.0,29.0,30.0,48.0,73.0,84.0,101.0,172.0,183.0,195.0,205.0,217.0,286.0,290.0,293.0,301.0,315.0,387.0,389.0,401.0,465.0,516.0,522.0,549.0,555.0,567.0,574.0,593.0,636.0,652.0,730.0,799.0,807.0,808.0,843.0,858.0,903.0,904.0,907.0,908.0,930.0,937.0,943.0,954.0,958.0,
11.0,33.0,39.0,84.0,120.0,219.0,226.0,253.0,311.0,332.0,334.0,430.0,454.0,477.0,478.0,527.0,551.0,577.0,628.0,629.0,659.0,683.0,772.0,839.0,889.0,978.0,
6.0,59.0,81.0,142.0,145.0,168.0,256.0,274.0,278.0,285.0,322.0,409.0,427.0,472.0,542.0,550.0,554.0,556.0,573.0,625.0,634.0,675.0,765.0,767.0,771.0,776.0,801.0,842.0,908.0,948.0,950.0,953.0,957.0,983.0,
39.0,63.0,74.0,75.0,91.0,123.0,154.0,160.0,170.0,180.0,227.0,300.0,317.0,410.0,418.0,419.0,491.0,513.0,524.0,541.0,556.0,573.0,593.0,652.0,692.0,692.0,716.0,758.0,767.0,834.0,888.0,969.0,976.0,
22.0,100.0,102.0,111.0,153.0,167.0,207.0,255.0,256.0,326.0,373.0,379.0,387.0,425.0,447.0,452.0,483.0,494.0,517.0,523.0,550.0,578.0,585.0,593.0,657.0,658.0,726.0,750.0,768.0,792.0,
14.0,36.0,45.0,52.0,52.0,62.0,95.0,120.0,145.0,230.0,247.0,272.0,317.0,366.0,385.0,425.0,428.0,445.0,465.0,498.0,502.0,527.0,529.0,540.0,554.0,584.0,660.0,688.0,724.0,769.0,786.0,792.0,809.0,812.0,830.0,841.0,896.0,908.0,924.0,925.0,934.0,
17.0,34.0,103.0,168.0,169.0,170.0,291.0,376.0,392.0,420.0,452.0,478.0,505.0,506.0,514.0,533.0,542.0,558.0,569.0,571.0,573.0,582.0,591.0,593.0,596.0,608.0,612.0,614.0,628.0,645.0,664.0,673.0,676.0,679.0,686.0,692.0,720.0,743.0,745.0,764.0,768.0,789.0,794.0,798.0,854.0,903.0,962.0,980.0,981.0,
78.0,121.0,182.0,232.0,254.0,256.0,269.0,324.0,335.0,352.0,410.0,425.0,427.0,495.0,517.0,533.0,540.0,541.0,542.0,547.0,549.0,554.0,565.0,566.0,568.0,576.0,587.0,589.0,594.0,601.0,602.0,609.0,641.0,650.0,652.0,661.0,675.0,677.0,686.0,688.0,740.0,750.0,769.0,773.0,776.0,786.0,796.0,811.0,814.0,816.0,818.0,818.0,824.0,839.0,859.0,869.0,881.0,891.0,905.0,908.0,970.0,975.0,982.0,
22.0,26.0,113.0,207.0,224.0,238.0,302.0,329.0,344.0,345.0,391.0,398.0,418.0,430.0,460.0,461.0,483.0,506.0,526.0,528.0,532.0,536.0,540.0,563.0,564.0,566.0,594.0,606.0,641.0,679.0,689.0,690.0,774.0,775.0,775.0,791.0,796.0,797.0,811.0,852.0,872.0,944.0,948.0,951.0,973.0,973.0,985.0,987.0,990.0,
2.0,18.0,112.0,125.0,130.0,132.0,165.0,196.0,200.0,218.0,218.0,237.0,283.0,286.0,352.0,357.0,378.0,440.0,442.0,453.0,480.0,488.0,498.0,547.0,549.0,551.0,553.0,560.0,569.0,579.0,582.0,633.0,670.0,699.0,729.0,805.0,836.0,859.0,867.0,921.0,934.0,946.0,957.0,
17.0,21.0,53.0,110.0,110.0,152.0,182.0,207.0,233.0,246.0,339.0,359.0,412.0,422.0,426.0,434.0,459.0,481.0,486.0,527.0,574.0,579.0,602.0,603.0,616.0,710.0,732.0,802.0,841.0,863.0,878.0,988.0,
67.0,96.0,104.0,155.0,172.0,198.0,205.0,223.0,225.0,230.0,293.0,316.0,349.0,369.0,372.0,373.0,390.0,401.0,462.0,471.0,517.0,521.0,529.0,547.0,556.0,581.0,586.0,619.0,651.0,669.0,734.0,798.0,852.0,856.0,885.0,896.0,917.0,996.0,996.0,
