19.0,44.0,65.0,96.0,126.0,144.0,214.0,281.0,284.0,287.0,303.0,304.0,308.0,316.0,364.0,429.0,438.0,446.0,498.0,536.0,557.0,625.0,682.0,719.0,734.0,742.0,747.0,772.0,778.0,779.0,782.0,796.0,850.0,853.0,871.0,885.0,950.0,971.0,984.0,992.0,
30.0,40.0,54.0,65.0,91.0,115.0,133.0,137.0,155.0,155.0,163.0,211.0,275.0,358.0,369.0,374.0,375.0,380.0,406.0,422.0,434.0,527.0,551.0,612.0,615.0,620.0,633.0,641.0,643.0,648.0,681.0,699.0,726.0,736.0,736.0,755.0,788.0,812.0,980.0,985.0,
45.0,111.0,138.0,146.0,158.0,184.0,221.0,235.0,268.0,303.0,377.0,380.0,409.0,414.0,482.0,508.0,559.0,580.0,632.0,682.0,715.0,724.0,753.0,781.0,784.0,787.0,821.0,831.0,869.0,873.0,890.0,909.0,948.0,970.0,
2.0,20.0,58.0,84.0,101.0,129.0,182.0,195.0,206.0,238.0,245.0,268.0,269.0,316.0,327.0,331.0,343.0,388.0,427.0,431.0,508.0,511.0,524.0,547.0,586.0,599.0,653.0,670.0,678.0,687.0,718.0,732.0,752.0,770.0,770.0,777.0,783.0,838.0,869.0,951.0,973.0,
62.0,72.0,88.0,128.0,153.0,166.0,172.0,190.0,216.0,218.0,281.0,318.0,355.0,364.0,369.0,437.0,441.0,448.0,532.0,566.0,598.0,620.0,651.0,658.0,671.0,712.0,720.0,744.0,773.0,798.0,812.0,905.0,934.0,951.0,
12.0,41.0,55.0,109.0,131.0,159.0,161.0,178.0,182.0,199.0,208.0,221.0,227.0,245.0,265.0,265.0,272.0,452.0,480.0,483.0,506.0,507.0,582.0,605.0,640.0,647.0,652.0,664.0,695.0,735.0,774.0,825.0,832.0,832.0,849.0,892.0,919.0,
43.0,152.0,167.0,180.0,205.0,210.0,244.0,246.0,271.0,273.0,332.0,390.0,406.0,430.0,431.0,443.0,477.0,483.0,532.0,647.0,696.0,740.0,744.0,750.0,777.0,802.0,807.0,843.0,892.0,919.0,921.0,954.0,970.0,
4.0,46.0,54.0,77.0,101.0,164.0,172.0,187.0,215.0,240.0,247.0,280.0,293.0,299.0,314.0,324.0,342.0,364.0,413.0,487.0,493.0,496.0,540.0,557.0,663.0,668.0,756.0,759.0,899.0,899.0,927.0,930.0,
26.0,40.0,47.0,87.0,98.0,131.0,161.0,216.0,217.0,234.0,244.0,251.0,261.0,343.0,354.0,357.0,375.0,425.0,446.0,448.0,454.0,454.0,475.0,497.0,547.0,551.0,592.0,629.0,643.0,725.0,735.0,781.0,812.0,851.0,894.0,983.0,
87.0,89.0,91.0,103.0,107.0,131.0,166.0,185.0,220.0,227.0,227.0,237.0,274.0,333.0,335.0,381.0,396.0,403.0,474.0,484.0,489.0,494.0,516.0,534.0,560.0,588.0,611.0,643.0,644.0,687.0,716.0,742.0,756.0,767.0,851.0,879.0,928.0,967.0,
54.0,59.0,64.0,114.0,172.0,234.0,241.0,251.0,293.0,317.0,473.0,476.0,488.0,521.0,576.0,656.0,660.0,703.0,754.0,770.0,790.0,815.0,818.0,829.0,837.0,853.0,869.0,872.0,875.0,
49.0,76.0,79.0,210.0,256.0,329.0,360.0,389.0,428.0,462.0,532.0,547.0,588.0,733.0,771.0,795.0,828.0,841.0,887.0,890.0,919.0,
14.0,20.0,42.0,56.0,68.0,81.0,90.0,129.0,212.0,223.0,243.0,258.0,268.0,278.0,313.0,334.0,341.0,344.0,359.0,411.0,432.0,433.0,466.0,484.0,501.0,512.0,528.0,547.0,620.0,626.0,694.0,736.0,751.0,756.0,856.0,870.0,922.0,985.0,
227.0,315.0,327.0,329.0,332.0,335.0,362.0,478.0,480.0,513.0,529.0,537.0,537.0,550.0,570.0,572.0,598.0,601.0,631.0,642.0,721.0,742.0,754.0,756.0,762.0,831.0,894.0,906.0,911.0,911.0,926.0,958.0,
7.0,105.0,125.0,173.0,178.0,180.0,209.0,276.0,291.0,357.0,372.0,392.0,402.0,406.0,412.0,501.0,519.0,521.0,529.0,545.0,552.0,555.0,564.0,579.0,593.0,642.0,698.0,728.0,736.0,746.0,757.0,773.0,793.0,809.0,814.0,823.0,865.0,868.0,945.0,953.0,993.0,999.0,
100.0,195.0,295.0,306.0,316.0,353.0,357.0,379.0,442.0,461.0,490.0,512.0,527.0,528.0,541.0,545.0,545.0,546.0,547.0,550.0,572.0,575.0,587.0,610.0,611.0,620.0,631.0,639.0,665.0,673.0,686.0,692.0,728.0,729.0,732.0,759.0,761.0,818.0,823.0,863.0,868.0,874.0,887.0,905.0,908.0,956.0,
37.0,69.0,80.0,153.0,190.0,234.0,283.0,305.0,309.0,315.0,345.0,389.0,403.0,416.0,462.0,475.0,485.0,508.0,535.0,535.0,540.0,605.0,645.0,669.0,728.0,746.0,750.0,750.0,779.0,793.0,821.0,831.0,836.0,867.0,949.0,952.0,953.0,963.0,972.0,986.0,
30.0,46.0,68.0,85.0,88.0,119.0,130.0,140.0,143.0,182.0,183.0,209.0,240.0,245.0,310.0,332.0,432.0,458.0,490.0,506.0,531.0,602.0,672.0,672.0,676.0,691.0,784.0,796.0,868.0,954.0,993.0,
34.0,40.0,81.0,159.0,199.0,209.0,211.0,302.0,366.0,402.0,405.0,428.0,493.0,494.0,511.0,516.0,534.0,553.0,598.0,600.0,602.0,621.0,644.0,766.0,865.0,969.0,986.0,993.0,
5.0,16.0,24.0,29.0,128.0,140.0,181.0,204.0,237.0,243.0,294.0,337.0,359.0,367.0,404.0,415.0,456.0,499.0,501.0,522.0,524.0,569.0,576.0,579.0,637.0,654.0,672.0,700.0,702.0,703.0,712.0,754.0,799.0,819.0,824.0,832.0,841.0,845.0,878.0,885.0,895.0,896.0,904.0,
71.0,74.0,75.0,109.0,114.0,185.0,225.0,226.0,324.0,344.0,345.0,359.0,436.0,441.0,456.0,506.0,507.0,510.0,528.0,554.0,589.0,664.0,712.0,714.0,722.0,744.0,750.0,794.0,838.0,876.0,928.0,937.0,949.0,980.0,
2.0,4.0,25.0,38.0,65.0,75.0,101.0,113.0,134.0,149.0,173.0,191.0,230.0,241.0,271.0,286.0,318.0,333.0,337.0,361.0,374.0,376.0,387.0,415.0,425.0,433.0,434.0,439.0,449.0,484.0,491.0,500.0,526.0,527.0,582.0,644.0,651.0,703.0,722.0,731.0,746.0,771.0,877.0,904.0,908.0,998.0,
46.0,47.0,83.0,140.0,150.0,167.0,179.0,186.0,205.0,260.0,390.0,430.0,432.0,435.0,442.0,456.0,485.0,518.0,560.0,592.0,602.0,605.0,608.0,637.0,666.0,672.0,676.0,698.0,711.0,753.0,817.0,835.0,846.0,850.0,887.0,896.0,940.0,
4.0,36.0,48.0,95.0,100.0,102.0,103.0,160.0,173.0,173.0,180.0,409.0,411.0,441.0,488.0,496.0,517.0,519.0,527.0,530.0,530.0,533.0,535.0,541.0,544.0,550.0,550.0,553.0,554.0,554.0,555.0,555.0,558.0,561.0,564.0,566.0,569.0,573.0,596.0,603.0,604.0,616.0,625.0,627.0,632.0,635.0,636.0,652.0,653.0,663.0,670.0,674.0,681.0,689.0,690.0,694.0,712.0,713.0,715.0,722.0,753.0,761.0,808.0,815.0,858.0,858.0,873.0,875.0,890.0,893.0,899.0,945.0,963.0,993.0,996.0,
12.0,14.0,51.0,142.0,164.0,169.0,186.0,187.0,222.0,271.0,297.0,301.0,308.0,371.0,376.0,392.0,406.0,508.0,520.0,522.0,533.0,533.0,544.0,547.0,547.0,549.0,554.0,561.0,565.0,565.0,565.0,565.0,567.0,573.0,580.0,582.0,604.0,608.0,615.0,631.0,632.0,656.0,684.0,715.0,735.0,762.0,810.0,811.0,819.0,844.0,854.0,867.0,953.0,972.0,974.0,987.0,987.0,990.0,995.0,
98.0,113.0,141.0,157.0,167.0,168.0,217.0,230.0,331.0,384.0,394.0,415.0,515.0,517.0,518.0,523.0,523.0,524.0,526.0,529.0,534.0,539.0,545.0,546.0,546.0,555.0,559.0,559.0,560.0,561.0,567.0,584.0,588.0,592.0,598.0,608.0,610.0,625.0,627.0,641.0,658.0,688.0,693.0,722.0,749.0,751.0,758.0,761.0,766.0,766.0,774.0,778.0,796.0,798.0,837.0,877.0,890.0,931.0,946.0,981.0,989.0,
63.0,109.0,191.0,261.0,272.0,273.0,280.0,299.0,307.0,333.0,363.0,368.0,378.0,433.0,441.0,444.0,451.0,468.0,521.0,534.0,535.0,538.0,549.0,553.0,554.0,557.0,559.0,562.0,565.0,569.0,571.0,572.0,594.0,599.0,602.0,608.0,609.0,612.0,614.0,623.0,655.0,673.0,674.0,677.0,701.0,712.0,728.0,729.0,731.0,732.0,733.0,754.0,809.0,821.0,826.0,832.0,839.0,863.0,870.0,871.0,894.0,903.0,905.0,915.0,942.0,943.0,967.0,983.0,988.0,997.0,
94.0,111.0,121.0,160.0,177.0,250.0,254.0,287.0,319.0,324.0,372.0,406.0,451.0,461.0,474.0,512.0,518.0,519.0,532.0,534.0,548.0,549.0,550.0,556.0,567.0,572.0,580.0,581.0,593.0,595.0,597.0,598.0,613.0,616.0,619.0,623.0,640.0,645.0,663.0,688.0,695.0,698.0,700.0,728.0,744.0,753.0,759.0,766.0,769.0,780.0,781.0,788.0,803.0,806.0,813.0,842.0,848.0,850.0,855.0,898.0,958.0,961.0,983.0,
36.0,77.0,93.0,115.0,140.0,175.0,177.0,187.0,213.0,249.0,250.0,280.0,298.0,313.0,343.0,385.0,390.0,392.0,463.0,528.0,530.0,565.0,589.0,592.0,605.0,611.0,617.0,660.0,679.0,699.0,715.0,738.0,758.0,797.0,850.0,886.0,912.0,958.0,965.0,990.0,1000.0,
29.0,35.0,75.0,134.0,162.0,177.0,180.0,225.0,246.0,251.0,259.0,261.0,299.0,344.0,375.0,419.0,424.0,537.0,558.0,583.0,733.0,870.0,892.0,911.0,972.0,
10.0,44.0,106.0,145.0,174.0,183.0,256.0,264.0,287.0,337.0,362.0,377.0,398.0,411.0,440.0,451.0,473.0,614.0,635.0,639.0,723.0,733.0,787.0,790.0,838.0,868.0,885.0,973.0,976.0,977.0,987.0,
79.0,105.0,113.0,233.0,442.0,477.0,483.0,495.0,574.0,630.0,630.0,712.0,811.0,834.0,839.0,878.0,883.0,938.0,998.0,
184.0,192.0,224.0,246.0,247.0,298.0,317.0,338.0,363.0,366.0,409.0,409.0,421.0,422.0,494.0,527.0,531.0,532.0,540.0,548.0,548.0,549.0,554.0,558.0,572.0,577.0,577.0,582.0,592.0,594.0,596.0,596.0,599.0,599.0,611.0,614.0,625.0,631.0,637.0,644.0,648.0,659.0,686.0,722.0,724.0,734.0,739.0,743.0,743.0,750.0,794.0,819.0,869.0,881.0,894.0,911.0,931.0,942.0,963.0,988.0,995.0,
13.0,32.0,39.0,73.0,123.0,141.0,238.0,242.0,249.0,269.0,297.0,389.0,400.0,411.0,423.0,479.0,485.0,502.0,528.0,531.0,541.0,541.0,548.0,557.0,559.0,559.0,559.0,564.0,566.0,571.0,574.0,574.0,576.0,585.0,586.0,588.0,590.0,600.0,601.0,603.0,606.0,613.0,617.0,631.0,634.0,638.0,641.0,645.0,655.0,666.0,679.0,694.0,705.0,706.0,709.0,732.0,742.0,748.0,755.0,765.0,772.0,781.0,796.0,837.0,863.0,880.0,890.0,893.0,899.0,904.0,924.0,927.0,934.0,940.0,944.0,956.0,979.0,981.0,
16.0,26.0,131.0,158.0,165.0,180.0,204.0,204.0,234.0,267.0,288.0,363.0,383.0,390.0,435.0,493.0,523.0,536.0,538.0,539.0,543.0,544.0,547.0,550.0,552.0,558.0,560.0,575.0,583.0,587.0,590.0,597.0,601.0,605.0,620.0,686.0,713.0,713.0,716.0,727.0,737.0,761.0,778.0,797.0,825.0,862.0,865.0,882.0,918.0,923.0,929.0,941.0,970.0,985.0,
18.0,24.0,36.0,170.0,179.0,187.0,203.0,211.0,254.0,294.0,316.0,327.0,337.0,348.0,356.0,360.0,403.0,428.0,436.0,456.0,459.0,481.0,523.0,531.0,533.0,539.0,542.0,547.0,548.0,559.0,567.0,571.0,574.0,574.0,581.0,584.0,603.0,606.0,610.0,625.0,627.0,659.0,683.0,695.0,695.0,702.0,719.0,732.0,761.0,787.0,799.0,822.0,837.0,852.0,876.0,886.0,909.0,920.0,956.0,961.0,981.0,984.0,985.0,986.0,
106.0,108.0,137.0,173.0,247.0,281.0,283.0,285.0,288.0,324.0,325.0,335.0,345.0,385.0,396.0,427.0,455.0,473.0,476.0,485.0,518.0,522.0,524.0,532.0,534.0,538.0,542.0,550.0,556.0,565.0,565.0,573.0,577.0,579.0,587.0,603.0,604.0,623.0,641.0,641.0,654.0,670.0,674.0,685.0,695.0,705.0,709.0,711.0,758.0,760.0,764.0,788.0,817.0,831.0,854.0,856.0,857.0,871.0,871.0,878.0,880.0,880.0,886.0,
104.0,122.0,191.0,207.0,210.0,210.0,236.0,241.0,258.0,271.0,286.0,290.0,299.0,369.0,412.0,444.0,450.0,512.0,515.0,523.0,527.0,532.0,552.0,554.0,556.0,565.0,566.0,576.0,577.0,585.0,591.0,594.0,598.0,611.0,619.0,620.0,627.0,627.0,630.0,633.0,646.0,656.0,664.0,670.0,671.0,676.0,679.0,690.0,694.0,709.0,713.0,714.0,715.0,729.0,760.0,769.0,785.0,799.0,803.0,807.0,809.0,814.0,814.0,852.0,861.0,867.0,885.0,917.0,925.0,933.0,938.0,963.0,965.0,
17.0,22.0,50.0,54.0,86.0,107.0,137.0,172.0,179.0,186.0,252.0,318.0,334.0,341.0,350.0,350.0,413.0,422.0,430.0,436.0,452.0,479.0,500.0,509.0,515.0,518.0,527.0,532.0,537.0,541.0,543.0,548.0,563.0,563.0,566.0,568.0,576.0,592.0,597.0,599.0,600.0,601.0,606.0,613.0,622.0,624.0,629.0,639.0,644.0,651.0,689.0,713.0,740.0,744.0,750.0,761.0,768.0,769.0,775.0,787.0,792.0,800.0,813.0,840.0,859.0,895.0,910.0,922.0,932.0,935.0,957.0,961.0,969.0,
12.0,20.0,20.0,23.0,86.0,91.0,95.0,163.0,193.0,209.0,221.0,261.0,263.0,269.0,403.0,407.0,420.0,460.0,491.0,491.0,512.0,519.0,525.0,527.0,534.0,553.0,579.0,629.0,630.0,700.0,701.0,722.0,768.0,804.0,956.0,987.0,
8.0,60.0,62.0,86.0,90.0,96.0,104.0,110.0,136.0,137.0,153.0,172.0,215.0,216.0,258.0,262.0,311.0,323.0,334.0,346.0,388.0,397.0,398.0,473.0,483.0,497.0,575.0,593.0,623.0,678.0,696.0,786.0,801.0,814.0,829.0,836.0,839.0,865.0,886.0,895.0,922.0,934.0,949.0,961.0,
47.0,50.0,122.0,144.0,173.0,315.0,330.0,353.0,376.0,402.0,419.0,460.0,484.0,506.0,526.0,529.0,567.0,573.0,583.0,586.0,668.0,719.0,735.0,760.0,811.0,838.0,867.0,892.0,897.0,899.0,920.0,976.0,
13.0,75.0,86.0,101.0,102.0,132.0,134.0,147.0,150.0,189.0,248.0,256.0,312.0,331.0,351.0,395.0,435.0,452.0,476.0,526.0,532.0,536.0,543.0,546.0,549.0,550.0,557.0,557.0,559.0,574.0,575.0,586.0,586.0,598.0,599.0,629.0,655.0,658.0,662.0,679.0,681.0,686.0,700.0,703.0,717.0,730.0,745.0,766.0,769.0,785.0,834.0,840.0,848.0,849.0,862.0,885.0,894.0,928.0,930.0,939.0,958.0,962.0,973.0,976.0,991.0,991.0,
79.0,112.0,115.0,116.0,139.0,194.0,196.0,208.0,262.0,313.0,334.0,366.0,408.0,435.0,475.0,508.0,511.0,512.0,527.0,538.0,543.0,545.0,545.0,547.0,551.0,554.0,556.0,557.0,558.0,558.0,562.0,567.0,568.0,569.0,586.0,586.0,590.0,593.0,596.0,596.0,597.0,604.0,609.0,614.0,623.0,625.0,642.0,676.0,683.0,694.0,695.0,696.0,727.0,747.0,783.0,799.0,813.0,816.0,819.0,823.0,858.0,865.0,894.0,907.0,914.0,916.0,917.0,934.0,947.0,951.0,978.0,983.0,987.0,999.0,
3.0,156.0,179.0,195.0,203.0,255.0,327.0,376.0,388.0,411.0,429.0,459.0,496.0,521.0,526.0,528.0,536.0,540.0,541.0,550.0,551.0,552.0,554.0,557.0,564.0,565.0,566.0,568.0,573.0,575.0,580.0,580.0,585.0,586.0,596.0,597.0,598.0,606.0,619.0,627.0,644.0,663.0,666.0,672.0,676.0,704.0,713.0,733.0,749.0,811.0,848.0,854.0,858.0,900.0,904.0,906.0,910.0,974.0,978.0,
25.0,27.0,101.0,101.0,108.0,117.0,122.0,149.0,185.0,194.0,214.0,218.0,237.0,243.0,243.0,300.0,398.0,401.0,431.0,443.0,459.0,498.0,514.0,517.0,526.0,527.0,531.0,535.0,539.0,548.0,550.0,554.0,558.0,563.0,565.0,569.0,571.0,572.0,580.0,595.0,596.0,605.0,605.0,608.0,617.0,660.0,678.0,680.0,681.0,686.0,747.0,750.0,762.0,838.0,863.0,868.0,878.0,913.0,916.0,916.0,917.0,925.0,934.0,938.0,942.0,966.0,970.0,976.0,977.0,982.0,993.0,999.0,
15.0,20.0,26.0,40.0,98.0,106.0,130.0,133.0,140.0,143.0,150.0,154.0,169.0,198.0,209.0,218.0,284.0,297.0,300.0,302.0,305.0,309.0,338.0,348.0,385.0,387.0,419.0,486.0,489.0,494.0,523.0,528.0,530.0,539.0,542.0,546.0,546.0,549.0,555.0,557.0,559.0,565.0,566.0,575.0,583.0,589.0,602.0,606.0,612.0,616.0,627.0,649.0,718.0,723.0,724.0,734.0,735.0,738.0,750.0,787.0,804.0,805.0,839.0,861.0,863.0,888.0,935.0,948.0,
18.0,48.0,52.0,59.0,82.0,85.0,92.0,101.0,120.0,197.0,211.0,228.0,246.0,254.0,300.0,378.0,446.0,490.0,521.0,526.0,529.0,534.0,538.0,538.0,540.0,544.0,547.0,548.0,551.0,554.0,557.0,558.0,558.0,561.0,564.0,567.0,571.0,573.0,583.0,602.0,610.0,623.0,628.0,637.0,641.0,647.0,662.0,676.0,681.0,691.0,693.0,704.0,776.0,786.0,809.0,812.0,839.0,845.0,847.0,886.0,904.0,935.0,973.0,986.0,990.0,
37.0,91.0,107.0,153.0,153.0,160.0,173.0,193.0,202.0,217.0,282.0,306.0,318.0,323.0,323.0,347.0,392.0,408.0,430.0,495.0,497.0,526.0,526.0,528.0,540.0,543.0,544.0,547.0,551.0,551.0,557.0,565.0,566.0,569.0,574.0,578.0,602.0,619.0,634.0,634.0,638.0,639.0,651.0,686.0,698.0,701.0,718.0,725.0,734.0,738.0,739.0,743.0,747.0,751.0,785.0,798.0,810.0,814.0,815.0,815.0,818.0,825.0,897.0,910.0,928.0,930.0,942.0,953.0,967.0,982.0,
9.0,25.0,113.0,120.0,142.0,185.0,260.0,288.0,352.0,386.0,402.0,439.0,440.0,449.0,483.0,487.0,527.0,539.0,542.0,545.0,561.0,569.0,576.0,580.0,585.0,585.0,602.0,667.0,686.0,697.0,743.0,744.0,744.0,760.0,773.0,781.0,781.0,782.0,796.0,874.0,900.0,917.0,932.0,
12.0,28.0,29.0,79.0,94.0,136.0,151.0,159.0,167.0,196.0,198.0,199.0,205.0,206.0,228.0,257.0,281.0,302.0,323.0,351.0,373.0,386.0,400.0,485.0,522.0,528.0,540.0,560.0,583.0,602.0,607.0,662.0,738.0,752.0,781.0,805.0,821.0,834.0,838.0,854.0,860.0,992.0,
5.0,6.0,81.0,190.0,195.0,218.0,314.0,347.0,353.0,353.0,362.0,373.0,378.0,386.0,404.0,407.0,438.0,480.0,518.0,534.0,534.0,546.0,580.0,592.0,610.0,621.0,631.0,651.0,655.0,684.0,709.0,732.0,758.0,764.0,774.0,826.0,845.0,848.0,848.0,870.0,876.0,898.0,903.0,924.0,936.0,940.0,957.0,985.0,
15.0,26.0,36.0,217.0,217.0,248.0,319.0,341.0,369.0,475.0,511.0,517.0,525.0,531.0,534.0,536.0,542.0,548.0,555.0,559.0,568.0,600.0,612.0,628.0,643.0,660.0,661.0,674.0,687.0,716.0,723.0,736.0,737.0,744.0,752.0,753.0,756.0,764.0,778.0,788.0,813.0,820.0,829.0,864.0,899.0,901.0,929.0,930.0,932.0,936.0,958.0,971.0,980.0,989.0,
10.0,22.0,26.0,59.0,74.0,101.0,121.0,130.0,139.0,139.0,147.0,149.0,150.0,199.0,213.0,229.0,274.0,282.0,336.0,356.0,364.0,395.0,426.0,480.0,483.0,487.0,507.0,519.0,522.0,525.0,531.0,542.0,544.0,547.0,559.0,563.0,583.0,588.0,591.0,593.0,604.0,612.0,621.0,628.0,630.0,656.0,656.0,666.0,668.0,690.0,694.0,700.0,701.0,705.0,707.0,721.0,745.0,762.0,770.0,777.0,778.0,780.0,791.0,800.0,811.0,844.0,849.0,869.0,896.0,896.0,900.0,926.0,944.0,
4.0,12.0,28.0,74.0,87.0,144.0,267.0,323.0,345.0,378.0,380.0,414.0,426.0,451.0,478.0,488.0,525.0,527.0,529.0,534.0,540.0,542.0,543.0,570.0,572.0,588.0,607.0,627.0,628.0,639.0,641.0,641.0,645.0,672.0,677.0,680.0,691.0,708.0,717.0,718.0,742.0,753.0,767.0,768.0,777.0,785.0,785.0,794.0,807.0,808.0,816.0,817.0,817.0,821.0,891.0,910.0,912.0,937.0,943.0,992.0,
15.0,32.0,83.0,87.0,98.0,121.0,121.0,137.0,223.0,238.0,243.0,330.0,341.0,355.0,368.0,375.0,380.0,389.0,438.0,495.0,515.0,519.0,519.0,519.0,520.0,521.0,524.0,533.0,548.0,553.0,560.0,565.0,572.0,579.0,579.0,586.0,586.0,599.0,600.0,601.0,601.0,601.0,604.0,607.0,610.0,612.0,625.0,629.0,640.0,652.0,671.0,698.0,721.0,730.0,751.0,752.0,762.0,766.0,779.0,788.0,827.0,829.0,839.0,843.0,846.0,858.0,870.0,871.0,875.0,893.0,898.0,910.0,953.0,
18.0,52.0,166.0,176.0,182.0,184.0,189.0,200.0,239.0,256.0,295.0,317.0,350.0,353.0,374.0,401.0,421.0,522.0,543.0,549.0,549.0,555.0,557.0,560.0,560.0,560.0,573.0,575.0,579.0,595.0,597.0,601.0,601.0,604.0,612.0,624.0,626.0,629.0,657.0,662.0,690.0,700.0,701.0,729.0,735.0,748.0,755.0,810.0,861.0,893.0,982.0,
18.0,86.0,120.0,124.0,146.0,165.0,186.0,244.0,259.0,343.0,361.0,366.0,367.0,376.0,383.0,419.0,432.0,520.0,522.0,525.0,534.0,535.0,537.0,538.0,543.0,546.0,557.0,558.0,568.0,570.0,571.0,573.0,584.0,588.0,589.0,591.0,597.0,608.0,612.0,614.0,614.0,615.0,634.0,636.0,638.0,639.0,642.0,649.0,651.0,661.0,663.0,666.0,666.0,690.0,697.0,714.0,716.0,722.0,769.0,770.0,786.0,793.0,821.0,833.0,844.0,875.0,883.0,893.0,899.0,905.0,941.0,945.0,969.0,972.0,991.0,
4.0,21.0,97.0,100.0,112.0,114.0,133.0,153.0,164.0,188.0,199.0,205.0,224.0,258.0,279.0,417.0,417.0,420.0,433.0,467.0,469.0,524.0,532.0,533.0,534.0,536.0,537.0,537.0,541.0,542.0,555.0,558.0,562.0,565.0,575.0,578.0,588.0,597.0,598.0,621.0,634.0,637.0,641.0,646.0,650.0,663.0,665.0,685.0,699.0,706.0,711.0,728.0,729.0,744.0,747.0,749.0,775.0,785.0,788.0,807.0,811.0,816.0,821.0,830.0,839.0,861.0,876.0,878.0,883.0,884.0,908.0,909.0,937.0,962.0,980.0,988.0,988.0,
4.0,18.0,25.0,111.0,174.0,190.0,206.0,210.0,253.0,280.0,306.0,328.0,389.0,399.0,429.0,490.0,529.0,534.0,535.0,549.0,559.0,563.0,579.0,603.0,611.0,622.0,628.0,651.0,653.0,658.0,660.0,661.0,674.0,700.0,706.0,741.0,747.0,759.0,803.0,819.0,850.0,874.0,878.0,885.0,899.0,921.0,941.0,991.0,
25.0,27.0,57.0,63.0,97.0,120.0,190.0,191.0,247.0,248.0,269.0,279.0,336.0,362.0,381.0,402.0,409.0,496.0,526.0,612.0,651.0,661.0,675.0,686.0,709.0,723.0,769.0,861.0,908.0,925.0,
31.0,48.0,76.0,85.0,205.0,211.0,229.0,233.0,323.0,333.0,341.0,416.0,423.0,444.0,466.0,505.0,526.0,553.0,554.0,556.0,588.0,591.0,591.0,599.0,612.0,620.0,645.0,661.0,668.0,683.0,689.0,689.0,760.0,825.0,834.0,842.0,938.0,938.0,959.0,975.0,993.0,
4.0,38.0,76.0,80.0,236.0,257.0,292.0,294.0,368.0,380.0,382.0,434.0,450.0,465.0,516.0,516.0,524.0,526.0,535.0,535.0,539.0,548.0,552.0,556.0,560.0,564.0,564.0,577.0,580.0,583.0,595.0,598.0,613.0,619.0,624.0,631.0,631.0,638.0,639.0,642.0,656.0,660.0,664.0,669.0,691.0,692.0,710.0,711.0,713.0,730.0,737.0,746.0,749.0,751.0,761.0,769.0,774.0,795.0,799.0,821.0,831.0,836.0,840.0,867.0,870.0,888.0,911.0,923.0,930.0,953.0,953.0,963.0,998.0,999.0,
27.0,41.0,56.0,65.0,87.0,127.0,132.0,175.0,200.0,236.0,289.0,301.0,302.0,338.0,343.0,404.0,512.0,514.0,519.0,526.0,532.0,538.0,542.0,542.0,555.0,559.0,560.0,565.0,566.0,572.0,583.0,594.0,596.0,596.0,599.0,608.0,615.0,634.0,635.0,636.0,639.0,641.0,650.0,651.0,667.0,678.0,714.0,731.0,749.0,756.0,759.0,762.0,774.0,778.0,826.0,852.0,865.0,865.0,894.0,894.0,910.0,922.0,945.0,
29.0,43.0,105.0,110.0,110.0,154.0,259.0,265.0,312.0,318.0,354.0,386.0,414.0,429.0,445.0,470.0,499.0,504.0,511.0,520.0,536.0,538.0,539.0,547.0,550.0,551.0,552.0,554.0,557.0,559.0,563.0,578.0,596.0,603.0,606.0,631.0,632.0,636.0,641.0,644.0,648.0,666.0,690.0,704.0,705.0,708.0,719.0,731.0,764.0,766.0,777.0,785.0,815.0,825.0,830.0,845.0,852.0,853.0,910.0,941.0,956.0,960.0,980.0,
20.0,31.0,101.0,191.0,221.0,274.0,295.0,295.0,315.0,364.0,379.0,415.0,448.0,457.0,507.0,522.0,525.0,527.0,542.0,547.0,548.0,550.0,550.0,552.0,558.0,558.0,559.0,575.0,576.0,596.0,600.0,604.0,606.0,611.0,618.0,618.0,629.0,629.0,663.0,665.0,683.0,700.0,720.0,725.0,744.0,744.0,751.0,892.0,896.0,912.0,916.0,
22.0,112.0,127.0,139.0,140.0,145.0,154.0,170.0,187.0,239.0,241.0,265.0,286.0,340.0,353.0,371.0,425.0,447.0,447.0,477.0,540.0,542.0,543.0,544.0,544.0,549.0,550.0,557.0,559.0,563.0,564.0,571.0,571.0,582.0,583.0,588.0,607.0,611.0,616.0,616.0,629.0,629.0,632.0,634.0,648.0,667.0,678.0,689.0,697.0,697.0,725.0,739.0,752.0,761.0,784.0,800.0,803.0,819.0,863.0,868.0,876.0,897.0,907.0,908.0,929.0,944.0,957.0,967.0,968.0,970.0,986.0,996.0,997.0,999.0,
32.0,40.0,46.0,62.0,72.0,98.0,105.0,115.0,157.0,169.0,232.0,296.0,339.0,354.0,469.0,483.0,495.0,510.0,523.0,523.0,528.0,530.0,531.0,533.0,537.0,546.0,549.0,554.0,555.0,556.0,556.0,563.0,564.0,608.0,620.0,632.0,653.0,654.0,662.0,692.0,708.0,729.0,731.0,753.0,778.0,799.0,851.0,877.0,880.0,891.0,908.0,928.0,933.0,941.0,955.0,978.0,987.0,989.0,996.0,
12.0,54.0,60.0,66.0,75.0,85.0,107.0,119.0,214.0,219.0,226.0,254.0,261.0,281.0,291.0,330.0,354.0,368.0,370.0,393.0,429.0,429.0,438.0,462.0,478.0,527.0,531.0,536.0,538.0,541.0,542.0,547.0,550.0,560.0,566.0,570.0,592.0,594.0,594.0,595.0,595.0,604.0,605.0,614.0,644.0,659.0,664.0,666.0,666.0,673.0,688.0,689.0,706.0,706.0,724.0,734.0,748.0,773.0,814.0,814.0,820.0,828.0,828.0,860.0,865.0,870.0,874.0,890.0,896.0,899.0,933.0,947.0,954.0,962.0,973.0,987.0,989.0,
6.0,50.0,79.0,84.0,93.0,144.0,179.0,197.0,224.0,240.0,293.0,296.0,300.0,306.0,348.0,351.0,412.0,413.0,416.0,435.0,450.0,455.0,461.0,501.0,513.0,522.0,534.0,547.0,550.0,560.0,562.0,565.0,566.0,570.0,572.0,584.0,637.0,638.0,651.0,653.0,716.0,737.0,738.0,738.0,756.0,783.0,804.0,826.0,829.0,880.0,881.0,884.0,894.0,939.0,942.0,976.0,977.0,
56.0,89.0,149.0,192.0,217.0,232.0,233.0,261.0,331.0,341.0,346.0,353.0,363.0,377.0,377.0,421.0,428.0,432.0,468.0,531.0,545.0,633.0,643.0,648.0,650.0,669.0,697.0,707.0,717.0,771.0,782.0,791.0,803.0,814.0,819.0,947.0,949.0,963.0,
4.0,67.0,68.0,115.0,132.0,134.0,143.0,181.0,184.0,205.0,235.0,242.0,249.0,279.0,286.0,339.0,350.0,361.0,362.0,453.0,456.0,471.0,496.0,545.0,547.0,595.0,677.0,715.0,725.0,749.0,760.0,800.0,822.0,896.0,953.0,980.0,990.0,
9.0,60.0,90.0,139.0,157.0,260.0,273.0,293.0,312.0,313.0,333.0,342.0,342.0,371.0,392.0,410.0,419.0,429.0,457.0,513.0,524.0,525.0,528.0,531.0,549.0,562.0,567.0,567.0,568.0,570.0,572.0,584.0,589.0,595.0,601.0,601.0,611.0,617.0,627.0,631.0,640.0,646.0,649.0,652.0,664.0,686.0,697.0,707.0,713.0,715.0,721.0,727.0,769.0,772.0,776.0,801.0,806.0,808.0,812.0,817.0,818.0,822.0,826.0,827.0,833.0,843.0,844.0,857.0,872.0,891.0,894.0,922.0,925.0,935.0,937.0,947.0,950.0,969.0,974.0,976.0,996.0,
22.0,22.0,64.0,111.0,121.0,174.0,180.0,212.0,213.0,217.0,251.0,258.0,289.0,290.0,302.0,351.0,381.0,481.0,483.0,519.0,523.0,527.0,528.0,528.0,529.0,529.0,532.0,532.0,535.0,539.0,544.0,544.0,548.0,563.0,564.0,567.0,570.0,593.0,593.0,596.0,608.0,623.0,626.0,628.0,656.0,661.0,666.0,707.0,717.0,724.0,728.0,738.0,738.0,766.0,769.0,783.0,794.0,815.0,824.0,827.0,845.0,845.0,895.0,914.0,921.0,925.0,929.0,942.0,962.0,965.0,969.0,977.0,981.0,983.0,
10.0,48.0,113.0,203.0,205.0,222.0,257.0,282.0,292.0,307.0,311.0,329.0,345.0,380.0,430.0,454.0,474.0,488.0,491.0,500.0,507.0,508.0,529.0,529.0,533.0,535.0,537.0,538.0,540.0,550.0,551.0,554.0,559.0,559.0,560.0,567.0,569.0,571.0,578.0,579.0,596.0,599.0,616.0,617.0,622.0,633.0,643.0,656.0,684.0,684.0,700.0,715.0,716.0,740.0,741.0,741.0,744.0,760.0,764.0,795.0,796.0,802.0,804.0,819.0,828.0,843.0,864.0,890.0,919.0,928.0,938.0,941.0,984.0,984.0,985.0,989.0,997.0,1000.0,
4.0,16.0,43.0,44.0,47.0,57.0,61.0,63.0,64.0,83.0,85.0,116.0,119.0,133.0,180.0,188.0,195.0,195.0,217.0,226.0,317.0,327.0,394.0,397.0,398.0,431.0,504.0,505.0,517.0,521.0,525.0,529.0,535.0,538.0,544.0,549.0,551.0,554.0,576.0,586.0,595.0,600.0,600.0,611.0,615.0,618.0,619.0,627.0,633.0,652.0,686.0,707.0,814.0,827.0,867.0,874.0,910.0,912.0,915.0,937.0,970.0,997.0,
28.0,59.0,115.0,141.0,258.0,297.0,300.0,323.0,471.0,486.0,529.0,530.0,532.0,536.0,542.0,546.0,552.0,568.0,590.0,598.0,617.0,627.0,631.0,682.0,709.0,732.0,735.0,745.0,759.0,760.0,774.0,775.0,782.0,827.0,837.0,865.0,881.0,885.0,893.0,953.0,957.0,995.0,
39.0,40.0,41.0,52.0,62.0,67.0,85.0,105.0,161.0,191.0,211.0,236.0,332.0,349.0,376.0,424.0,473.0,497.0,497.0,498.0,513.0,517.0,523.0,532.0,537.0,537.0,545.0,551.0,555.0,582.0,593.0,619.0,619.0,624.0,636.0,637.0,638.0,639.0,644.0,649.0,675.0,677.0,681.0,691.0,708.0,733.0,745.0,752.0,756.0,768.0,793.0,812.0,831.0,855.0,856.0,857.0,866.0,871.0,876.0,929.0,937.0,947.0,953.0,962.0,974.0,977.0,982.0,987.0,990.0,997.0,
26.0,28.0,63.0,74.0,90.0,113.0,177.0,178.0,255.0,270.0,334.0,347.0,378.0,386.0,389.0,406.0,451.0,473.0,510.0,516.0,527.0,534.0,536.0,544.0,549.0,551.0,552.0,570.0,571.0,579.0,584.0,585.0,592.0,597.0,601.0,601.0,618.0,621.0,624.0,641.0,648.0,652.0,655.0,662.0,666.0,704.0,711.0,720.0,722.0,739.0,773.0,782.0,812.0,830.0,837.0,840.0,853.0,870.0,898.0,900.0,926.0,946.0,962.0,965.0,977.0,983.0,1000.0,
45.0,83.0,86.0,123.0,124.0,175.0,212.0,237.0,262.0,268.0,279.0,295.0,404.0,406.0,470.0,481.0,494.0,529.0,529.0,563.0,650.0,689.0,699.0,718.0,792.0,813.0,824.0,836.0,899.0,928.0,961.0,993.0,996.0,
45.0,140.0,169.0,171.0,228.0,230.0,303.0,310.0,365.0,468.0,570.0,578.0,632.0,642.0,657.0,669.0,687.0,696.0,707.0,714.0,764.0,767.0,842.0,850.0,878.0,882.0,900.0,908.0,936.0,973.0,
157.0,205.0,232.0,261.0,311.0,325.0,337.0,354.0,358.0,381.0,382.0,388.0,397.0,458.0,465.0,477.0,507.0,543.0,550.0,550.0,593.0,594.0,616.0,645.0,649.0,655.0,709.0,839.0,871.0,918.0,924.0,987.0,997.0,
35.0,173.0,194.0,222.0,234.0,298.0,377.0,382.0,411.0,412.0,450.0,485.0,512.0,522.0,525.0,527.0,529.0,545.0,552.0,562.0,566.0,586.0,597.0,639.0,648.0,656.0,702.0,853.0,861.0,886.0,893.0,899.0,899.0,942.0,
6.0,10.0,19.0,52.0,65.0,82.0,94.0,136.0,138.0,171.0,242.0,248.0,264.0,270.0,316.0,355.0,358.0,372.0,392.0,456.0,485.0,485.0,495.0,513.0,515.0,520.0,532.0,535.0,543.0,544.0,544.0,544.0,545.0,553.0,554.0,559.0,566.0,576.0,578.0,582.0,583.0,598.0,615.0,620.0,628.0,646.0,653.0,654.0,654.0,670.0,670.0,670.0,676.0,680.0,689.0,690.0,696.0,698.0,699.0,701.0,721.0,741.0,751.0,755.0,770.0,793.0,797.0,799.0,813.0,816.0,819.0,836.0,844.0,858.0,878.0,901.0,931.0,939.0,957.0,960.0,970.0,986.0,988.0,
4.0,41.0,63.0,85.0,88.0,105.0,107.0,156.0,183.0,212.0,236.0,238.0,238.0,240.0,250.0,255.0,286.0,376.0,435.0,450.0,479.0,485.0,520.0,534.0,538.0,539.0,544.0,550.0,553.0,554.0,555.0,570.0,574.0,580.0,590.0,604.0,605.0,610.0,619.0,628.0,665.0,672.0,681.0,692.0,714.0,716.0,733.0,749.0,752.0,755.0,803.0,818.0,854.0,900.0,905.0,924.0,944.0,963.0,965.0,980.0,
10.0,64.0,88.0,137.0,150.0,182.0,200.0,231.0,249.0,288.0,295.0,343.0,348.0,410.0,486.0,488.0,512.0,519.0,524.0,529.0,532.0,538.0,539.0,540.0,555.0,573.0,576.0,578.0,592.0,594.0,595.0,605.0,616.0,632.0,642.0,644.0,649.0,660.0,705.0,707.0,708.0,709.0,720.0,724.0,757.0,793.0,794.0,797.0,811.0,838.0,844.0,851.0,865.0,870.0,876.0,885.0,895.0,899.0,927.0,937.0,944.0,963.0,973.0,975.0,981.0,985.0,1000.0,
16.0,25.0,35.0,63.0,73.0,129.0,148.0,157.0,170.0,207.0,234.0,338.0,369.0,370.0,375.0,409.0,430.0,463.0,515.0,516.0,522.0,544.0,549.0,553.0,555.0,558.0,561.0,566.0,569.0,571.0,573.0,576.0,587.0,589.0,623.0,629.0,646.0,656.0,658.0,661.0,709.0,722.0,779.0,794.0,796.0,847.0,850.0,871.0,871.0,895.0,898.0,901.0,923.0,930.0,943.0,943.0,946.0,955.0,956.0,962.0,974.0,978.0,
53.0,101.0,124.0,129.0,148.0,165.0,266.0,306.0,323.0,334.0,379.0,421.0,445.0,445.0,450.0,474.0,494.0,510.0,511.0,526.0,528.0,534.0,537.0,538.0,542.0,551.0,553.0,564.0,565.0,569.0,573.0,580.0,580.0,585.0,608.0,620.0,623.0,627.0,636.0,637.0,639.0,646.0,653.0,674.0,683.0,683.0,688.0,711.0,728.0,745.0,749.0,757.0,770.0,795.0,823.0,825.0,838.0,839.0,846.0,850.0,860.0,860.0,901.0,933.0,953.0,966.0,974.0,987.0,996.0,997.0,
20.0,32.0,123.0,151.0,157.0,209.0,218.0,225.0,280.0,308.0,349.0,356.0,388.0,404.0,409.0,480.0,495.0,526.0,556.0,559.0,561.0,588.0,595.0,596.0,639.0,644.0,654.0,654.0,661.0,661.0,705.0,727.0,750.0,813.0,894.0,897.0,966.0,978.0,986.0,
23.0,50.0,54.0,73.0,105.0,126.0,211.0,250.0,254.0,264.0,267.0,280.0,284.0,341.0,367.0,412.0,464.0,538.0,546.0,564.0,596.0,649.0,652.0,686.0,739.0,757.0,787.0,799.0,846.0,859.0,896.0,981.0,
15.0,59.0,78.0,172.0,199.0,214.0,219.0,244.0,248.0,480.0,487.0,488.0,510.0,518.0,532.0,570.0,623.0,624.0,634.0,660.0,677.0,686.0,711.0,733.0,746.0,761.0,822.0,892.0,925.0,935.0,941.0,984.0,
112.0,118.0,226.0,246.0,250.0,253.0,282.0,293.0,302.0,307.0,341.0,377.0,383.0,416.0,433.0,455.0,462.0,481.0,503.0,545.0,575.0,586.0,615.0,621.0,625.0,648.0,658.0,663.0,694.0,714.0,729.0,738.0,761.0,791.0,800.0,841.0,866.0,888.0,897.0,902.0,908.0,
125.0,136.0,150.0,212.0,246.0,251.0,256.0,281.0,308.0,362.0,366.0,367.0,411.0,413.0,415.0,423.0,431.0,461.0,511.0,543.0,553.0,581.0,589.0,606.0,629.0,660.0,768.0,816.0,832.0,833.0,842.0,844.0,873.0,990.0,991.0,
36.0,68.0,69.0,89.0,103.0,238.0,261.0,297.0,331.0,342.0,375.0,400.0,422.0,426.0,427.0,480.0,529.0,532.0,539.0,557.0,662.0,727.0,756.0,818.0,901.0,955.0,996.0,
42.0,58.0,62.0,129.0,133.0,140.0,182.0,198.0,202.0,233.0,283.0,313.0,316.0,320.0,321.0,335.0,354.0,363.0,367.0,388.0,417.0,418.0,435.0,450.0,529.0,541.0,553.0,558.0,563.0,569.0,582.0,594.0,615.0,640.0,652.0,680.0,705.0,717.0,726.0,785.0,790.0,807.0,858.0,945.0,946.0,947.0,979.0,
3.0,7.0,10.0,12.0,73.0,116.0,133.0,163.0,163.0,168.0,200.0,202.0,279.0,340.0,376.0,392.0,394.0,434.0,479.0,485.0,520.0,522.0,535.0,541.0,549.0,549.0,566.0,572.0,573.0,582.0,585.0,601.0,604.0,611.0,612.0,625.0,634.0,634.0,654.0,674.0,681.0,702.0,702.0,708.0,730.0,730.0,735.0,751.0,775.0,798.0,807.0,830.0,832.0,847.0,868.0,927.0,941.0,943.0,945.0,950.0,969.0,
44.0,65.0,99.0,145.0,152.0,157.0,164.0,183.0,207.0,243.0,245.0,287.0,298.0,306.0,349.0,351.0,362.0,380.0,382.0,398.0,416.0,448.0,460.0,478.0,502.0,517.0,537.0,538.0,540.0,561.0,600.0,600.0,609.0,610.0,615.0,622.0,630.0,642.0,719.0,729.0,734.0,773.0,830.0,853.0,881.0,900.0,954.0,961.0,977.0,
11.0,102.0,107.0,141.0,163.0,190.0,230.0,239.0,349.0,362.0,364.0,393.0,406.0,438.0,515.0,528.0,545.0,618.0,678.0,685.0,717.0,732.0,813.0,948.0,952.0,967.0,
11.0,70.0,76.0,96.0,157.0,210.0,232.0,255.0,284.0,320.0,370.0,387.0,392.0,422.0,522.0,531.0,537.0,547.0,587.0,589.0,607.0,679.0,707.0,710.0,727.0,743.0,798.0,818.0,818.0,828.0,848.0,908.0,912.0,950.0,
4.0,12.0,27.0,125.0,153.0,196.0,248.0,260.0,268.0,269.0,269.0,340.0,360.0,361.0,398.0,441.0,457.0,498.0,594.0,662.0,714.0,715.0,717.0,735.0,752.0,757.0,778.0,795.0,800.0,812.0,858.0,877.0,898.0,941.0,950.0,954.0,
