10.0,12.0,23.0,31.0,112.0,171.0,200.0,212.0,222.0,224.0,248.0,306.0,352.0,360.0,395.0,418.0,452.0,467.0,574.0,576.0,586.0,607.0,671.0,702.0,723.0,723.0,742.0,747.0,756.0,766.0,804.0,807.0,837.0,890.0,925.0,946.0,989.0,
79.0,86.0,129.0,132.0,162.0,180.0,190.0,191.0,299.0,308.0,334.0,339.0,354.0,376.0,394.0,396.0,410.0,479.0,504.0,542.0,595.0,603.0,697.0,708.0,782.0,813.0,825.0,832.0,860.0,860.0,884.0,913.0,989.0,
8.0,8.0,16.0,94.0,176.0,208.0,221.0,230.0,254.0,278.0,280.0,283.0,295.0,299.0,300.0,338.0,353.0,399.0,441.0,447.0,462.0,491.0,527.0,531.0,554.0,587.0,625.0,634.0,635.0,662.0,780.0,791.0,861.0,892.0,914.0,940.0,959.0,
121.0,189.0,236.0,254.0,288.0,446.0,478.0,490.0,491.0,503.0,515.0,522.0,551.0,578.0,638.0,643.0,703.0,716.0,724.0,738.0,766.0,824.0,874.0,883.0,891.0,910.0,938.0,973.0,978.0,
15.0,29.0,66.0,135.0,140.0,169.0,189.0,207.0,211.0,213.0,268.0,301.0,302.0,346.0,368.0,392.0,425.0,446.0,513.0,540.0,598.0,606.0,609.0,664.0,712.0,721.0,761.0,853.0,865.0,880.0,890.0,937.0,948.0,997.0,
25.0,44.0,54.0,78.0,79.0,98.0,136.0,177.0,203.0,208.0,225.0,230.0,309.0,362.0,422.0,462.0,462.0,465.0,479.0,484.0,496.0,497.0,497.0,503.0,524.0,606.0,623.0,640.0,671.0,676.0,687.0,691.0,697.0,728.0,761.0,763.0,775.0,805.0,929.0,945.0,964.0,972.0,997.0,
38.0,133.0,144.0,149.0,151.0,170.0,212.0,246.0,249.0,307.0,386.0,415.0,427.0,479.0,495.0,543.0,556.0,571.0,631.0,664.0,664.0,683.0,712.0,763.0,769.0,774.0,778.0,832.0,833.0,866.0,868.0,888.0,890.0,940.0,991.0,
37.0,60.0,102.0,134.0,174.0,196.0,221.0,241.0,250.0,269.0,294.0,302.0,321.0,334.0,347.0,349.0,359.0,381.0,396.0,447.0,453.0,474.0,484.0,485.0,495.0,505.0,559.0,571.0,612.0,668.0,674.0,684.0,690.0,732.0,740.0,746.0,747.0,755.0,764.0,796.0,799.0,813.0,835.0,841.0,863.0,962.0,975.0,
25.0,45.0,50.0,55.0,107.0,139.0,142.0,176.0,177.0,221.0,266.0,304.0,343.0,347.0,349.0,349.0,358.0,433.0,434.0,445.0,449.0,457.0,486.0,494.0,510.0,531.0,567.0,602.0,617.0,621.0,647.0,661.0,662.0,727.0,747.0,750.0,809.0,849.0,855.0,893.0,930.0,934.0,978.0,
13.0,18.0,29.0,78.0,89.0,90.0,118.0,125.0,154.0,185.0,186.0,195.0,203.0,204.0,213.0,221.0,247.0,277.0,281.0,335.0,340.0,376.0,397.0,400.0,401.0,428.0,443.0,444.0,496.0,563.0,589.0,614.0,629.0,629.0,677.0,690.0,737.0,765.0,812.0,856.0,882.0,927.0,929.0,929.0,949.0,999.0,
15.0,22.0,33.0,89.0,96.0,104.0,113.0,116.0,126.0,127.0,135.0,137.0,224.0,229.0,238.0,304.0,344.0,397.0,404.0,409.0,412.0,418.0,422.0,447.0,514.0,539.0,558.0,562.0,569.0,600.0,623.0,628.0,653.0,668.0,684.0,692.0,742.0,773.0,852.0,855.0,892.0,948.0,978.0,984.0,
15.0,56.0,69.0,80.0,139.0,143.0,151.0,155.0,169.0,188.0,244.0,245.0,275.0,403.0,403.0,420.0,476.0,500.0,509.0,510.0,526.0,581.0,611.0,623.0,628.0,669.0,673.0,714.0,718.0,720.0,734.0,742.0,743.0,828.0,875.0,879.0,893.0,898.0,948.0,
22.0,36.0,43.0,109.0,117.0,145.0,378.0,430.0,481.0,493.0,558.0,652.0,693.0,704.0,739.0,782.0,788.0,804.0,806.0,809.0,852.0,890.0,942.0,949.0,961.0,968.0,969.0,
12.0,15.0,26.0,33.0,53.0,110.0,121.0,156.0,172.0,187.0,203.0,256.0,257.0,308.0,361.0,361.0,393.0,406.0,437.0,438.0,483.0,573.0,579.0,583.0,606.0,648.0,652.0,692.0,714.0,765.0,771.0,794.0,901.0,916.0,964.0,979.0,985.0,
6.0,24.0,29.0,30.0,38.0,61.0,82.0,91.0,123.0,128.0,153.0,182.0,208.0,218.0,262.0,278.0,331.0,349.0,375.0,417.0,456.0,457.0,469.0,504.0,512.0,610.0,627.0,646.0,660.0,666.0,690.0,715.0,726.0,777.0,829.0,924.0,
3.0,162.0,176.0,194.0,217.0,248.0,258.0,262.0,271.0,272.0,315.0,353.0,394.0,401.0,409.0,425.0,454.0,475.0,524.0,557.0,591.0,621.0,650.0,655.0,762.0,804.0,818.0,819.0,863.0,981.0,
2.0,6.0,29.0,30.0,139.0,165.0,195.0,211.0,254.0,256.0,266.0,278.0,312.0,340.0,365.0,385.0,388.0,411.0,495.0,529.0,529.0,542.0,558.0,582.0,600.0,622.0,646.0,698.0,714.0,799.0,811.0,814.0,818.0,833.0,840.0,845.0,849.0,900.0,916.0,932.0,958.0,969.0,969.0,981.0,995.0,
26.0,34.0,71.0,154.0,163.0,174.0,187.0,189.0,194.0,195.0,222.0,273.0,288.0,316.0,322.0,361.0,379.0,398.0,440.0,456.0,466.0,476.0,508.0,536.0,648.0,687.0,717.0,737.0,776.0,784.0,808.0,816.0,856.0,909.0,949.0,952.0,955.0,961.0,968.0,
111.0,134.0,143.0,151.0,167.0,186.0,191.0,211.0,246.0,294.0,340.0,352.0,366.0,370.0,379.0,402.0,403.0,419.0,438.0,442.0,447.0,477.0,532.0,553.0,555.0,639.0,659.0,674.0,726.0,748.0,757.0,775.0,789.0,800.0,863.0,866.0,948.0,996.0,
40.0,44.0,64.0,93.0,95.0,144.0,202.0,203.0,213.0,286.0,297.0,304.0,317.0,347.0,350.0,376.0,384.0,389.0,390.0,407.0,435.0,466.0,480.0,482.0,491.0,560.0,562.0,587.0,597.0,599.0,608.0,628.0,736.0,738.0,888.0,922.0,925.0,944.0,951.0,
7.0,19.0,19.0,32.0,44.0,96.0,133.0,158.0,178.0,223.0,225.0,282.0,297.0,303.0,378.0,380.0,388.0,444.0,462.0,470.0,477.0,495.0,504.0,514.0,551.0,606.0,609.0,617.0,623.0,694.0,717.0,790.0,804.0,804.0,857.0,877.0,889.0,922.0,
19.0,52.0,57.0,76.0,78.0,136.0,154.0,160.0,161.0,169.0,182.0,232.0,280.0,302.0,314.0,322.0,336.0,356.0,364.0,391.0,471.0,504.0,510.0,558.0,565.0,585.0,589.0,607.0,641.0,667.0,707.0,729.0,750.0,768.0,798.0,811.0,838.0,860.0,930.0,937.0,978.0,989.0,
24.0,58.0,68.0,82.0,113.0,143.0,149.0,171.0,204.0,295.0,324.0,333.0,339.0,352.0,354.0,363.0,396.0,405.0,470.0,527.0,549.0,555.0,584.0,611.0,626.0,634.0,639.0,649.0,658.0,661.0,688.0,713.0,717.0,799.0,845.0,863.0,912.0,955.0,978.0,989.0,
11.0,44.0,54.0,61.0,91.0,111.0,124.0,129.0,179.0,193.0,218.0,246.0,269.0,270.0,281.0,308.0,311.0,323.0,372.0,373.0,418.0,430.0,470.0,487.0,491.0,499.0,505.0,510.0,510.0,576.0,596.0,617.0,637.0,646.0,665.0,726.0,820.0,828.0,861.0,889.0,911.0,944.0,973.0,1000.0,
35.0,72.0,89.0,111.0,175.0,178.0,209.0,218.0,221.0,281.0,332.0,372.0,374.0,378.0,388.0,399.0,407.0,420.0,430.0,462.0,476.0,496.0,514.0,516.0,528.0,536.0,545.0,567.0,611.0,628.0,707.0,715.0,797.0,829.0,1000.0,
42.0,59.0,163.0,173.0,177.0,191.0,194.0,232.0,251.0,266.0,300.0,302.0,393.0,433.0,436.0,477.0,519.0,540.0,547.0,550.0,569.0,613.0,629.0,630.0,630.0,723.0,772.0,791.0,811.0,838.0,845.0,848.0,909.0,916.0,940.0,957.0,997.0,
14.0,44.0,50.0,94.0,112.0,143.0,149.0,150.0,176.0,179.0,216.0,234.0,241.0,257.0,293.0,314.0,314.0,325.0,330.0,341.0,395.0,395.0,417.0,436.0,460.0,510.0,549.0,560.0,642.0,684.0,773.0,794.0,834.0,868.0,868.0,901.0,936.0,
41.0,42.0,48.0,79.0,98.0,130.0,168.0,178.0,184.0,186.0,187.0,302.0,333.0,358.0,389.0,402.0,411.0,422.0,437.0,464.0,469.0,478.0,482.0,498.0,509.0,526.0,632.0,695.0,718.0,737.0,762.0,799.0,808.0,823.0,825.0,827.0,850.0,875.0,880.0,926.0,938.0,998.0,
17.0,38.0,106.0,123.0,162.0,167.0,202.0,230.0,242.0,261.0,270.0,278.0,280.0,299.0,320.0,331.0,346.0,353.0,377.0,383.0,558.0,584.0,602.0,618.0,695.0,707.0,708.0,746.0,885.0,899.0,925.0,958.0,982.0,986.0,
9.0,55.0,147.0,210.0,289.0,320.0,361.0,365.0,367.0,370.0,391.0,394.0,404.0,462.0,530.0,532.0,571.0,636.0,687.0,691.0,698.0,713.0,760.0,793.0,846.0,849.0,873.0,973.0,986.0,
16.0,90.0,102.0,148.0,165.0,195.0,230.0,252.0,283.0,341.0,341.0,367.0,398.0,424.0,446.0,466.0,468.0,509.0,521.0,530.0,561.0,599.0,619.0,676.0,677.0,683.0,694.0,724.0,731.0,733.0,754.0,764.0,781.0,807.0,862.0,866.0,882.0,883.0,886.0,926.0,929.0,939.0,958.0,960.0,970.0,
32.0,67.0,73.0,109.0,139.0,189.0,232.0,260.0,270.0,288.0,427.0,476.0,511.0,541.0,561.0,591.0,601.0,615.0,625.0,628.0,655.0,678.0,748.0,779.0,792.0,839.0,845.0,867.0,877.0,877.0,903.0,919.0,929.0,948.0,972.0,986.0,
39.0,71.0,115.0,131.0,175.0,207.0,229.0,244.0,339.0,368.0,368.0,466.0,471.0,503.0,529.0,574.0,577.0,618.0,618.0,697.0,707.0,726.0,726.0,740.0,758.0,762.0,769.0,789.0,789.0,813.0,870.0,874.0,900.0,920.0,929.0,965.0,
9.0,108.0,121.0,171.0,212.0,239.0,285.0,298.0,354.0,380.0,394.0,412.0,428.0,439.0,443.0,471.0,499.0,588.0,598.0,608.0,652.0,677.0,688.0,720.0,723.0,789.0,790.0,794.0,829.0,905.0,918.0,923.0,
47.0,49.0,57.0,62.0,125.0,147.0,200.0,222.0,237.0,244.0,270.0,274.0,332.0,348.0,359.0,375.0,416.0,417.0,418.0,441.0,454.0,471.0,507.0,551.0,574.0,594.0,645.0,655.0,675.0,687.0,690.0,769.0,877.0,882.0,886.0,920.0,935.0,946.0,961.0,989.0,
7.0,44.0,46.0,53.0,68.0,123.0,130.0,135.0,137.0,151.0,161.0,257.0,257.0,261.0,298.0,339.0,348.0,374.0,382.0,395.0,443.0,445.0,573.0,673.0,683.0,700.0,702.0,710.0,714.0,731.0,746.0,753.0,828.0,867.0,868.0,958.0,962.0,964.0,
7.0,12.0,28.0,29.0,39.0,64.0,93.0,108.0,110.0,110.0,135.0,211.0,242.0,291.0,294.0,295.0,300.0,302.0,321.0,371.0,405.0,408.0,412.0,417.0,445.0,459.0,466.0,471.0,489.0,503.0,504.0,516.0,529.0,584.0,598.0,599.0,633.0,674.0,783.0,792.0,797.0,827.0,864.0,870.0,905.0,908.0,919.0,968.0,977.0,
7.0,29.0,38.0,52.0,54.0,161.0,218.0,241.0,258.0,293.0,440.0,457.0,484.0,489.0,536.0,555.0,597.0,616.0,647.0,654.0,655.0,666.0,682.0,708.0,720.0,722.0,725.0,740.0,745.0,770.0,793.0,795.0,809.0,823.0,853.0,879.0,913.0,925.0,929.0,954.0,964.0,997.0,
35.0,104.0,132.0,182.0,196.0,233.0,251.0,290.0,303.0,323.0,335.0,337.0,346.0,421.0,479.0,489.0,495.0,525.0,588.0,628.0,707.0,715.0,720.0,730.0,775.0,786.0,819.0,829.0,861.0,895.0,912.0,977.0,
26.0,61.0,73.0,137.0,197.0,288.0,318.0,319.0,341.0,361.0,382.0,411.0,422.0,443.0,547.0,557.0,574.0,631.0,638.0,651.0,658.0,683.0,700.0,704.0,719.0,791.0,850.0,906.0,933.0,983.0,
17.0,35.0,52.0,122.0,140.0,151.0,178.0,181.0,188.0,338.0,338.0,379.0,413.0,427.0,448.0,463.0,480.0,576.0,612.0,619.0,673.0,730.0,760.0,776.0,792.0,824.0,833.0,945.0,960.0,
19.0,31.0,82.0,82.0,109.0,109.0,135.0,152.0,204.0,250.0,256.0,271.0,352.0,354.0,416.0,430.0,440.0,444.0,445.0,445.0,480.0,480.0,516.0,526.0,573.0,582.0,584.0,627.0,627.0,644.0,645.0,673.0,786.0,793.0,798.0,840.0,855.0,911.0,960.0,987.0,994.0,
26.0,27.0,31.0,31.0,126.0,138.0,144.0,226.0,253.0,271.0,274.0,305.0,365.0,409.0,434.0,472.0,503.0,517.0,528.0,528.0,552.0,556.0,573.0,578.0,635.0,635.0,637.0,739.0,747.0,753.0,755.0,819.0,833.0,854.0,877.0,915.0,924.0,996.0,
2.0,2.0,7.0,13.0,33.0,41.0,75.0,84.0,103.0,113.0,221.0,253.0,324.0,332.0,343.0,376.0,403.0,428.0,470.0,479.0,494.0,512.0,549.0,582.0,646.0,674.0,674.0,683.0,755.0,853.0,864.0,867.0,928.0,963.0,976.0,
20.0,26.0,63.0,68.0,91.0,220.0,223.0,245.0,281.0,371.0,373.0,444.0,467.0,512.0,694.0,763.0,779.0,799.0,838.0,910.0,922.0,932.0,936.0,952.0,977.0,998.0,
21.0,31.0,60.0,66.0,71.0,81.0,171.0,219.0,236.0,266.0,277.0,280.0,307.0,324.0,339.0,348.0,377.0,413.0,493.0,495.0,502.0,
10.0,20.0,38.0,66.0,69.0,96.0,106.0,111.0,191.0,195.0,220.0,247.0,279.0,288.0,336.0,395.0,396.0,402.0,413.0,464.0,475.0,483.0,490.0,645.0,650.0,670.0,702.0,713.0,775.0,835.0,847.0,939.0,991.0,
20.0,38.0,42.0,48.0,73.0,139.0,146.0,211.0,223.0,224.0,236.0,252.0,261.0,278.0,282.0,302.0,332.0,340.0,351.0,370.0,437.0,462.0,486.0,488.0,503.0,534.0,548.0,585.0,592.0,611.0,625.0,641.0,662.0,687.0,724.0,732.0,802.0,812.0,846.0,847.0,906.0,917.0,960.0,
8.0,60.0,79.0,104.0,128.0,129.0,166.0,167.0,202.0,259.0,261.0,265.0,286.0,289.0,298.0,340.0,353.0,372.0,392.0,427.0,441.0,471.0,546.0,577.0,587.0,594.0,617.0,715.0,719.0,770.0,806.0,842.0,843.0,903.0,948.0,986.0,998.0,
33.0,41.0,50.0,59.0,91.0,103.0,187.0,209.0,242.0,263.0,279.0,281.0,303.0,374.0,424.0,427.0,452.0,511.0,516.0,555.0,557.0,582.0,609.0,614.0,656.0,667.0,677.0,691.0,713.0,727.0,756.0,777.0,805.0,835.0,877.0,878.0,893.0,910.0,967.0,968.0,
35.0,36.0,46.0,98.0,134.0,141.0,151.0,156.0,195.0,204.0,309.0,333.0,416.0,420.0,448.0,518.0,561.0,639.0,647.0,701.0,731.0,760.0,828.0,831.0,860.0,950.0,
21.0,63.0,76.0,109.0,112.0,120.0,121.0,171.0,186.0,219.0,226.0,290.0,320.0,366.0,461.0,523.0,530.0,556.0,605.0,626.0,636.0,638.0,669.0,677.0,679.0,729.0,752.0,785.0,785.0,835.0,839.0,891.0,965.0,
9.0,38.0,85.0,125.0,158.0,166.0,229.0,230.0,240.0,269.0,286.0,362.0,387.0,408.0,412.0,429.0,462.0,486.0,496.0,529.0,595.0,597.0,684.0,709.0,740.0,801.0,828.0,843.0,874.0,889.0,901.0,907.0,979.0,995.0,
15.0,93.0,152.0,166.0,255.0,282.0,312.0,316.0,330.0,377.0,379.0,392.0,414.0,417.0,434.0,445.0,494.0,496.0,525.0,544.0,570.0,583.0,605.0,619.0,620.0,631.0,658.0,706.0,733.0,782.0,836.0,873.0,890.0,895.0,920.0,933.0,971.0,
32.0,36.0,108.0,134.0,196.0,198.0,259.0,283.0,334.0,337.0,346.0,348.0,353.0,385.0,408.0,
2.0,91.0,167.0,169.0,199.0,282.0,446.0,471.0,485.0,504.0,509.0,
24.0,38.0,63.0,142.0,194.0,242.0,290.0,330.0,346.0,362.0,404.0,412.0,426.0,484.0,
24.0,62.0,141.0,165.0,172.0,191.0,199.0,218.0,230.0,244.0,310.0,351.0,494.0,522.0,574.0,599.0,606.0,635.0,637.0,680.0,688.0,718.0,744.0,763.0,822.0,825.0,830.0,832.0,841.0,847.0,869.0,917.0,932.0,939.0,941.0,956.0,987.0,
22.0,27.0,59.0,63.0,75.0,102.0,151.0,157.0,162.0,186.0,190.0,199.0,248.0,271.0,289.0,301.0,307.0,319.0,335.0,405.0,460.0,486.0,489.0,495.0,547.0,566.0,593.0,614.0,763.0,779.0,795.0,795.0,816.0,988.0,
2.0,29.0,130.0,131.0,146.0,183.0,258.0,293.0,390.0,414.0,436.0,453.0,466.0,473.0,525.0,542.0,571.0,605.0,611.0,625.0,673.0,677.0,707.0,724.0,830.0,833.0,854.0,866.0,892.0,902.0,965.0,991.0,
47.0,68.0,78.0,106.0,147.0,204.0,268.0,291.0,293.0,299.0,331.0,389.0,469.0,494.0,528.0,559.0,572.0,573.0,597.0,662.0,669.0,709.0,721.0,722.0,751.0,760.0,799.0,806.0,900.0,915.0,927.0,945.0,953.0,954.0,968.0,981.0,
17.0,81.0,129.0,158.0,182.0,195.0,214.0,263.0,268.0,273.0,293.0,296.0,323.0,334.0,376.0,491.0,495.0,501.0,511.0,524.0,544.0,553.0,562.0,592.0,592.0,611.0,644.0,677.0,681.0,729.0,750.0,776.0,789.0,832.0,865.0,888.0,898.0,927.0,947.0,950.0,965.0,989.0,
65.0,68.0,138.0,141.0,237.0,269.0,290.0,311.0,341.0,401.0,401.0,459.0,489.0,569.0,607.0,613.0,653.0,740.0,759.0,818.0,826.0,853.0,864.0,924.0,924.0,934.0,964.0,974.0,978.0,979.0,985.0,994.0,
8.0,90.0,139.0,146.0,149.0,161.0,224.0,232.0,241.0,327.0,337.0,359.0,362.0,404.0,440.0,486.0,532.0,552.0,601.0,613.0,650.0,703.0,709.0,767.0,816.0,833.0,834.0,840.0,841.0,842.0,850.0,870.0,875.0,985.0,988.0,996.0,1000.0,
31.0,35.0,43.0,46.0,134.0,163.0,226.0,268.0,307.0,317.0,343.0,387.0,400.0,417.0,422.0,461.0,469.0,477.0,492.0,505.0,506.0,652.0,749.0,863.0,870.0,
18.0,27.0,52.0,91.0,228.0,247.0,296.0,303.0,425.0,457.0,468.0,499.0,507.0,
33.0,107.0,122.0,138.0,162.0,165.0,228.0,232.0,232.0,235.0,258.0,285.0,291.0,307.0,341.0,380.0,382.0,403.0,408.0,431.0,457.0,651.0,746.0,751.0,780.0,814.0,864.0,868.0,886.0,892.0,922.0,957.0,960.0,976.0,999.0,
26.0,37.0,113.0,113.0,126.0,172.0,185.0,230.0,234.0,264.0,320.0,323.0,332.0,373.0,380.0,477.0,512.0,652.0,664.0,682.0,715.0,738.0,750.0,759.0,793.0,797.0,822.0,831.0,867.0,873.0,879.0,880.0,912.0,920.0,921.0,955.0,956.0,985.0,
34.0,35.0,38.0,68.0,87.0,89.0,97.0,101.0,110.0,116.0,130.0,165.0,178.0,212.0,218.0,259.0,271.0,299.0,361.0,379.0,395.0,416.0,442.0,478.0,493.0,575.0,588.0,613.0,637.0,637.0,648.0,674.0,679.0,684.0,711.0,732.0,744.0,764.0,779.0,805.0,828.0,858.0,863.0,901.0,921.0,
11.0,35.0,49.0,64.0,92.0,101.0,142.0,153.0,167.0,211.0,244.0,307.0,343.0,346.0,349.0,388.0,466.0,472.0,489.0,498.0,516.0,521.0,534.0,534.0,543.0,545.0,582.0,613.0,699.0,710.0,735.0,828.0,907.0,939.0,940.0,952.0,993.0,
18.0,73.0,73.0,97.0,138.0,185.0,209.0,215.0,286.0,367.0,427.0,460.0,494.0,496.0,512.0,522.0,535.0,540.0,584.0,617.0,678.0,703.0,703.0,716.0,727.0,745.0,761.0,787.0,799.0,890.0,902.0,902.0,929.0,975.0,
4.0,100.0,126.0,156.0,185.0,189.0,192.0,269.0,273.0,297.0,310.0,317.0,448.0,464.0,525.0,543.0,556.0,644.0,650.0,654.0,664.0,735.0,772.0,786.0,812.0,814.0,907.0,940.0,952.0,984.0,
33.0,36.0,60.0,61.0,100.0,105.0,135.0,139.0,150.0,168.0,175.0,187.0,194.0,195.0,219.0,243.0,267.0,280.0,300.0,325.0,360.0,393.0,405.0,414.0,436.0,453.0,494.0,526.0,558.0,566.0,571.0,591.0,597.0,609.0,616.0,630.0,652.0,653.0,658.0,687.0,713.0,719.0,748.0,786.0,796.0,802.0,802.0,804.0,848.0,908.0,942.0,963.0,
10.0,18.0,86.0,147.0,155.0,189.0,243.0,266.0,271.0,351.0,355.0,378.0,395.0,409.0,410.0,484.0,516.0,563.0,633.0,672.0,699.0,704.0,755.0,756.0,761.0,771.0,772.0,780.0,819.0,842.0,846.0,911.0,
21.0,29.0,61.0,65.0,92.0,96.0,98.0,99.0,132.0,145.0,150.0,154.0,189.0,190.0,223.0,257.0,278.0,291.0,303.0,342.0,379.0,381.0,415.0,423.0,439.0,487.0,507.0,532.0,573.0,578.0,643.0,668.0,673.0,687.0,691.0,792.0,797.0,810.0,815.0,819.0,842.0,855.0,856.0,870.0,894.0,920.0,939.0,947.0,964.0,965.0,993.0,
24.0,40.0,86.0,167.0,187.0,215.0,226.0,255.0,310.0,312.0,325.0,483.0,483.0,491.0,495.0,510.0,523.0,527.0,536.0,584.0,616.0,636.0,637.0,652.0,719.0,786.0,839.0,873.0,890.0,905.0,926.0,933.0,963.0,971.0,977.0,
7.0,18.0,158.0,175.0,192.0,193.0,250.0,260.0,285.0,314.0,317.0,318.0,351.0,366.0,408.0,419.0,434.0,468.0,531.0,572.0,580.0,656.0,665.0,667.0,686.0,693.0,705.0,716.0,734.0,738.0,740.0,894.0,901.0,914.0,930.0,940.0,945.0,955.0,971.0,981.0,
82.0,90.0,113.0,115.0,160.0,180.0,191.0,223.0,312.0,361.0,394.0,419.0,420.0,522.0,551.0,564.0,573.0,594.0,631.0,638.0,643.0,653.0,679.0,685.0,708.0,761.0,793.0,887.0,934.0,936.0,977.0,987.0,
47.0,99.0,101.0,122.0,146.0,243.0,245.0,257.0,276.0,287.0,391.0,401.0,460.0,494.0,504.0,516.0,536.0,537.0,547.0,589.0,593.0,607.0,619.0,638.0,646.0,762.0,771.0,812.0,816.0,860.0,922.0,933.0,935.0,974.0,
16.0,30.0,58.0,61.0,99.0,106.0,115.0,176.0,191.0,236.0,256.0,279.0,295.0,312.0,314.0,332.0,340.0,357.0,412.0,431.0,489.0,542.0,542.0,562.0,568.0,585.0,590.0,602.0,650.0,662.0,680.0,687.0,712.0,757.0,757.0,766.0,769.0,786.0,822.0,873.0,876.0,930.0,932.0,1000.0,
3.0,12.0,27.0,29.0,49.0,62.0,64.0,95.0,118.0,179.0,181.0,226.0,297.0,354.0,390.0,438.0,486.0,582.0,618.0,634.0,675.0,687.0,693.0,708.0,719.0,749.0,762.0,767.0,768.0,768.0,778.0,795.0,816.0,827.0,904.0,906.0,942.0,958.0,968.0,
9.0,56.0,59.0,78.0,79.0,157.0,182.0,254.0,258.0,272.0,284.0,291.0,306.0,333.0,354.0,431.0,442.0,480.0,485.0,491.0,513.0,563.0,574.0,584.0,630.0,651.0,734.0,790.0,793.0,807.0,833.0,845.0,856.0,923.0,954.0,
40.0,90.0,101.0,139.0,170.0,196.0,200.0,217.0,248.0,254.0,312.0,319.0,340.0,341.0,431.0,504.0,516.0,529.0,542.0,559.0,581.0,594.0,641.0,678.0,684.0,717.0,726.0,784.0,812.0,814.0,865.0,935.0,936.0,
9.0,20.0,26.0,40.0,87.0,91.0,141.0,146.0,180.0,180.0,186.0,189.0,240.0,288.0,351.0,392.0,397.0,408.0,464.0,479.0,485.0,498.0,516.0,543.0,568.0,573.0,609.0,626.0,649.0,664.0,672.0,684.0,710.0,764.0,777.0,839.0,848.0,872.0,903.0,917.0,963.0,967.0,985.0,
37.0,60.0,101.0,102.0,109.0,128.0,147.0,175.0,275.0,304.0,390.0,396.0,400.0,409.0,486.0,486.0,486.0,546.0,548.0,555.0,564.0,566.0,578.0,589.0,614.0,648.0,656.0,657.0,676.0,686.0,694.0,700.0,708.0,710.0,765.0,769.0,792.0,832.0,836.0,839.0,867.0,932.0,948.0,966.0,978.0,
9.0,34.0,55.0,56.0,173.0,175.0,190.0,208.0,238.0,240.0,275.0,297.0,309.0,341.0,387.0,434.0,437.0,452.0,464.0,469.0,472.0,473.0,496.0,500.0,519.0,560.0,568.0,570.0,585.0,602.0,617.0,638.0,654.0,674.0,749.0,760.0,761.0,775.0,792.0,793.0,799.0,822.0,853.0,935.0,946.0,972.0,997.0,
114.0,119.0,138.0,143.0,165.0,174.0,181.0,216.0,257.0,270.0,276.0,280.0,307.0,326.0,404.0,416.0,417.0,439.0,463.0,479.0,518.0,533.0,552.0,586.0,593.0,626.0,669.0,694.0,736.0,748.0,791.0,844.0,865.0,874.0,951.0,957.0,963.0,991.0,996.0,
45.0,67.0,81.0,107.0,222.0,227.0,249.0,259.0,263.0,282.0,287.0,327.0,337.0,393.0,417.0,434.0,451.0,478.0,490.0,496.0,522.0,531.0,593.0,596.0,648.0,661.0,684.0,726.0,738.0,841.0,861.0,871.0,887.0,902.0,906.0,925.0,944.0,971.0,971.0,
8.0,67.0,72.0,118.0,161.0,184.0,190.0,209.0,211.0,292.0,326.0,354.0,361.0,362.0,377.0,404.0,420.0,430.0,480.0,486.0,492.0,503.0,511.0,538.0,542.0,552.0,556.0,627.0,646.0,666.0,686.0,691.0,697.0,745.0,767.0,770.0,776.0,786.0,847.0,850.0,900.0,959.0,
15.0,25.0,45.0,60.0,62.0,106.0,129.0,136.0,143.0,168.0,170.0,318.0,324.0,332.0,353.0,373.0,387.0,393.0,427.0,436.0,438.0,439.0,479.0,492.0,493.0,521.0,531.0,559.0,575.0,576.0,631.0,642.0,759.0,774.0,778.0,882.0,929.0,935.0,956.0,975.0,
25.0,59.0,107.0,121.0,125.0,138.0,142.0,155.0,177.0,178.0,204.0,207.0,215.0,218.0,239.0,262.0,290.0,348.0,352.0,383.0,400.0,419.0,423.0,498.0,523.0,555.0,573.0,609.0,641.0,673.0,695.0,760.0,901.0,953.0,955.0,
26.0,29.0,50.0,89.0,103.0,155.0,159.0,169.0,184.0,214.0,271.0,331.0,354.0,394.0,404.0,449.0,468.0,499.0,520.0,573.0,580.0,599.0,665.0,727.0,776.0,799.0,808.0,812.0,814.0,832.0,857.0,864.0,910.0,922.0,926.0,982.0,
23.0,45.0,122.0,124.0,188.0,221.0,258.0,270.0,298.0,316.0,339.0,340.0,362.0,384.0,449.0,455.0,517.0,573.0,612.0,656.0,782.0,905.0,920.0,960.0,968.0,980.0,
13.0,30.0,33.0,78.0,84.0,106.0,120.0,142.0,184.0,241.0,263.0,313.0,331.0,367.0,408.0,452.0,461.0,463.0,492.0,511.0,517.0,531.0,580.0,596.0,622.0,631.0,642.0,654.0,708.0,764.0,846.0,878.0,899.0,907.0,909.0,917.0,926.0,966.0,
4.0,57.0,113.0,114.0,158.0,184.0,235.0,243.0,256.0,331.0,344.0,363.0,410.0,422.0,443.0,481.0,513.0,515.0,524.0,558.0,573.0,590.0,619.0,625.0,665.0,671.0,707.0,757.0,788.0,814.0,822.0,842.0,872.0,904.0,912.0,914.0,914.0,914.0,930.0,957.0,967.0,982.0,996.0,
5.0,53.0,70.0,83.0,133.0,148.0,207.0,223.0,260.0,281.0,306.0,334.0,358.0,421.0,499.0,502.0,531.0,540.0,542.0,543.0,546.0,596.0,639.0,661.0,699.0,708.0,859.0,896.0,928.0,949.0,
9.0,21.0,45.0,49.0,57.0,59.0,95.0,133.0,187.0,314.0,334.0,392.0,433.0,470.0,471.0,477.0,484.0,485.0,504.0,539.0,542.0,574.0,614.0,656.0,696.0,704.0,738.0,811.0,811.0,832.0,833.0,877.0,909.0,981.0,985.0,
51.0,83.0,94.0,113.0,134.0,136.0,159.0,162.0,171.0,223.0,232.0,315.0,357.0,386.0,390.0,395.0,396.0,415.0,434.0,472.0,520.0,523.0,564.0,564.0,606.0,638.0,666.0,675.0,770.0,875.0,907.0,916.0,918.0,923.0,928.0,940.0,973.0,
33.0,34.0,52.0,73.0,111.0,153.0,177.0,184.0,207.0,234.0,304.0,318.0,323.0,331.0,384.0,413.0,439.0,446.0,457.0,503.0,507.0,536.0,566.0,579.0,609.0,684.0,778.0,786.0,840.0,864.0,937.0,944.0,950.0,956.0,971.0,
69.0,78.0,79.0,105.0,128.0,201.0,203.0,254.0,260.0,282.0,287.0,307.0,309.0,380.0,419.0,428.0,500.0,579.0,588.0,594.0,681.0,689.0,704.0,759.0,783.0,808.0,832.0,930.0,931.0,954.0,975.0,991.0,
