11.0,22.0,59.0,72.0,77.0,97.0,136.0,161.0,243.0,247.0,279.0,293.0,310.0,321.0,323.0,392.0,442.0,469.0,491.0,498.0,519.0,539.0,546.0,548.0,590.0,600.0,614.0,661.0,662.0,723.0,733.0,803.0,868.0,887.0,947.0,974.0,987.0,
8.0,37.0,66.0,126.0,158.0,163.0,187.0,228.0,232.0,338.0,369.0,387.0,418.0,434.0,440.0,486.0,491.0,508.0,522.0,585.0,655.0,677.0,684.0,699.0,712.0,713.0,722.0,725.0,732.0,733.0,759.0,836.0,840.0,857.0,885.0,945.0,964.0,978.0,
35.0,93.0,106.0,176.0,176.0,181.0,262.0,286.0,387.0,399.0,483.0,542.0,580.0,628.0,685.0,696.0,705.0,732.0,736.0,748.0,796.0,800.0,808.0,810.0,815.0,819.0,844.0,863.0,864.0,932.0,962.0,966.0,997.0,
29.0,39.0,109.0,131.0,152.0,237.0,303.0,311.0,322.0,361.0,373.0,377.0,400.0,418.0,454.0,458.0,471.0,475.0,477.0,519.0,606.0,687.0,721.0,790.0,799.0,854.0,863.0,868.0,894.0,927.0,951.0,953.0,992.0,
57.0,58.0,59.0,96.0,100.0,126.0,128.0,130.0,146.0,179.0,224.0,273.0,299.0,340.0,361.0,363.0,423.0,468.0,483.0,533.0,620.0,636.0,697.0,699.0,707.0,750.0,757.0,850.0,864.0,868.0,891.0,898.0,950.0,998.0,
45.0,181.0,204.0,237.0,289.0,290.0,412.0,437.0,456.0,488.0,494.0,502.0,524.0,524.0,585.0,603.0,625.0,634.0,669.0,688.0,688.0,773.0,879.0,939.0,941.0,955.0,974.0,984.0,987.0,
7.0,115.0,123.0,145.0,181.0,207.0,226.0,232.0,245.0,341.0,429.0,445.0,497.0,499.0,509.0,518.0,558.0,607.0,618.0,629.0,697.0,733.0,768.0,769.0,799.0,827.0,872.0,880.0,894.0,894.0,923.0,928.0,944.0,959.0,994.0,
6.0,9.0,14.0,41.0,97.0,100.0,119.0,125.0,134.0,153.0,271.0,301.0,325.0,328.0,338.0,352.0,402.0,406.0,424.0,452.0,555.0,583.0,584.0,592.0,605.0,609.0,614.0,685.0,793.0,805.0,861.0,867.0,906.0,954.0,956.0,973.0,
67.0,105.0,115.0,128.0,187.0,197.0,295.0,305.0,396.0,471.0,489.0,489.0,511.0,522.0,582.0,612.0,623.0,665.0,681.0,720.0,754.0,769.0,799.0,805.0,817.0,859.0,902.0,937.0,955.0,
32.0,65.0,77.0,80.0,141.0,172.0,217.0,240.0,255.0,272.0,289.0,292.0,293.0,328.0,368.0,400.0,433.0,482.0,485.0,511.0,516.0,520.0,531.0,547.0,549.0,639.0,666.0,677.0,681.0,726.0,745.0,762.0,798.0,805.0,805.0,809.0,831.0,851.0,853.0,875.0,898.0,907.0,919.0,936.0,958.0,960.0,962.0,969.0,986.0,
11.0,13.0,97.0,104.0,121.0,193.0,239.0,244.0,277.0,300.0,306.0,306.0,313.0,324.0,338.0,344.0,371.0,421.0,469.0,524.0,577.0,600.0,618.0,628.0,629.0,651.0,698.0,799.0,833.0,866.0,874.0,946.0,951.0,952.0,991.0,
11.0,13.0,52.0,67.0,137.0,176.0,194.0,205.0,219.0,271.0,351.0,366.0,518.0,537.0,570.0,622.0,631.0,637.0,649.0,654.0,661.0,719.0,748.0,748.0,776.0,801.0,810.0,882.0,895.0,945.0,950.0,951.0,
26.0,38.0,61.0,63.0,124.0,135.0,192.0,197.0,318.0,320.0,321.0,354.0,366.0,373.0,399.0,410.0,492.0,495.0,502.0,531.0,547.0,552.0,561.0,588.0,596.0,601.0,604.0,620.0,626.0,632.0,633.0,677.0,702.0,715.0,718.0,745.0,761.0,848.0,852.0,904.0,943.0,977.0,
5.0,31.0,47.0,108.0,128.0,140.0,155.0,174.0,198.0,230.0,242.0,266.0,269.0,279.0,282.0,291.0,297.0,343.0,414.0,422.0,503.0,645.0,686.0,710.0,736.0,741.0,774.0,774.0,781.0,819.0,822.0,866.0,942.0,970.0,971.0,
42.0,60.0,74.0,75.0,100.0,190.0,194.0,207.0,212.0,227.0,300.0,319.0,331.0,346.0,361.0,367.0,438.0,449.0,450.0,584.0,618.0,658.0,664.0,680.0,686.0,718.0,735.0,764.0,843.0,909.0,973.0,
43.0,101.0,108.0,151.0,168.0,189.0,190.0,191.0,195.0,212.0,228.0,233.0,256.0,272.0,306.0,324.0,369.0,397.0,406.0,442.0,459.0,461.0,463.0,477.0,573.0,573.0,602.0,612.0,674.0,694.0,703.0,838.0,872.0,920.0,987.0,994.0,
10.0,18.0,34.0,43.0,59.0,65.0,97.0,144.0,167.0,213.0,305.0,320.0,448.0,506.0,513.0,532.0,540.0,607.0,656.0,677.0,700.0,710.0,720.0,746.0,813.0,814.0,833.0,853.0,873.0,876.0,877.0,878.0,896.0,902.0,943.0,944.0,980.0,
53.0,64.0,93.0,122.0,137.0,153.0,154.0,222.0,241.0,267.0,270.0,283.0,292.0,305.0,356.0,382.0,383.0,411.0,435.0,443.0,457.0,504.0,507.0,579.0,586.0,615.0,643.0,679.0,728.0,757.0,772.0,773.0,797.0,844.0,859.0,884.0,906.0,925.0,978.0,
50.0,62.0,74.0,104.0,130.0,141.0,148.0,151.0,155.0,200.0,208.0,236.0,243.0,277.0,303.0,312.0,332.0,351.0,386.0,400.0,410.0,435.0,490.0,509.0,512.0,543.0,549.0,550.0,592.0,605.0,612.0,651.0,701.0,704.0,707.0,711.0,719.0,816.0,840.0,844.0,869.0,901.0,911.0,968.0,988.0,
21.0,32.0,43.0,71.0,116.0,136.0,166.0,190.0,212.0,213.0,267.0,268.0,286.0,291.0,339.0,383.0,398.0,427.0,430.0,442.0,460.0,509.0,562.0,564.0,570.0,582.0,620.0,640.0,653.0,657.0,779.0,863.0,901.0,953.0,984.0,995.0,
12.0,52.0,66.0,72.0,86.0,136.0,149.0,153.0,157.0,213.0,222.0,229.0,252.0,289.0,300.0,326.0,333.0,386.0,408.0,427.0,442.0,475.0,532.0,536.0,538.0,556.0,603.0,654.0,680.0,691.0,722.0,731.0,732.0,741.0,870.0,924.0,953.0,954.0,
19.0,67.0,74.0,109.0,121.0,172.0,180.0,225.0,236.0,291.0,350.0,387.0,406.0,407.0,428.0,435.0,466.0,472.0,483.0,503.0,508.0,521.0,564.0,646.0,655.0,658.0,673.0,694.0,715.0,742.0,744.0,748.0,824.0,895.0,946.0,951.0,976.0,
6.0,32.0,36.0,44.0,105.0,120.0,177.0,217.0,267.0,322.0,340.0,354.0,363.0,392.0,593.0,597.0,600.0,607.0,611.0,634.0,646.0,688.0,692.0,761.0,779.0,813.0,831.0,837.0,841.0,873.0,906.0,937.0,950.0,985.0,
23.0,32.0,34.0,82.0,97.0,102.0,107.0,208.0,219.0,233.0,247.0,268.0,283.0,306.0,334.0,342.0,395.0,398.0,407.0,407.0,427.0,429.0,431.0,451.0,456.0,470.0,497.0,508.0,508.0,530.0,564.0,577.0,752.0,767.0,807.0,817.0,833.0,864.0,900.0,908.0,909.0,913.0,922.0,935.0,957.0,
5.0,22.0,30.0,76.0,95.0,159.0,162.0,179.0,307.0,324.0,336.0,363.0,369.0,379.0,382.0,400.0,411.0,497.0,601.0,656.0,664.0,676.0,699.0,788.0,824.0,877.0,909.0,910.0,933.0,937.0,942.0,977.0,981.0,
18.0,53.0,57.0,95.0,158.0,159.0,250.0,398.0,505.0,525.0,526.0,540.0,624.0,681.0,683.0,706.0,728.0,736.0,746.0,765.0,787.0,796.0,834.0,880.0,936.0,972.0,998.0,
12.0,19.0,52.0,86.0,104.0,212.0,237.0,305.0,321.0,352.0,359.0,371.0,388.0,403.0,409.0,455.0,460.0,514.0,526.0,548.0,548.0,554.0,601.0,608.0,614.0,627.0,637.0,656.0,696.0,719.0,784.0,795.0,798.0,840.0,855.0,
37.0,52.0,63.0,102.0,201.0,224.0,270.0,343.0,431.0,462.0,467.0,468.0,478.0,554.0,559.0,561.0,571.0,589.0,668.0,712.0,806.0,830.0,857.0,885.0,888.0,911.0,928.0,947.0,956.0,977.0,
76.0,88.0,106.0,139.0,200.0,229.0,240.0,262.0,309.0,373.0,411.0,416.0,432.0,586.0,602.0,608.0,622.0,673.0,683.0,686.0,708.0,785.0,850.0,877.0,877.0,886.0,956.0,1000.0,
6.0,39.0,40.0,64.0,124.0,130.0,130.0,137.0,174.0,179.0,206.0,254.0,270.0,338.0,338.0,360.0,373.0,380.0,394.0,395.0,405.0,441.0,442.0,456.0,513.0,542.0,594.0,602.0,663.0,675.0,701.0,704.0,753.0,760.0,787.0,787.0,806.0,812.0,828.0,829.0,851.0,880.0,899.0,953.0,993.0,
24.0,31.0,34.0,72.0,81.0,89.0,94.0,95.0,127.0,175.0,187.0,202.0,212.0,228.0,229.0,271.0,276.0,339.0,358.0,385.0,396.0,398.0,414.0,500.0,503.0,520.0,573.0,605.0,618.0,622.0,651.0,661.0,704.0,706.0,716.0,717.0,734.0,762.0,768.0,821.0,862.0,863.0,892.0,924.0,998.0,
6.0,36.0,46.0,51.0,62.0,78.0,103.0,125.0,244.0,276.0,276.0,277.0,282.0,284.0,289.0,290.0,299.0,310.0,397.0,462.0,508.0,517.0,536.0,551.0,562.0,616.0,626.0,653.0,673.0,680.0,690.0,699.0,725.0,737.0,744.0,745.0,749.0,815.0,859.0,868.0,898.0,900.0,910.0,912.0,914.0,957.0,979.0,981.0,988.0,998.0,
43.0,71.0,125.0,133.0,144.0,184.0,201.0,209.0,224.0,235.0,238.0,260.0,322.0,346.0,385.0,429.0,438.0,452.0,455.0,479.0,494.0,511.0,592.0,596.0,599.0,617.0,700.0,767.0,783.0,796.0,809.0,828.0,858.0,861.0,915.0,942.0,965.0,981.0,
34.0,77.0,104.0,125.0,163.0,163.0,219.0,240.0,259.0,400.0,416.0,469.0,475.0,493.0,497.0,507.0,530.0,541.0,542.0,566.0,580.0,642.0,668.0,694.0,704.0,710.0,733.0,744.0,769.0,795.0,822.0,842.0,851.0,908.0,927.0,984.0,
17.0,77.0,88.0,89.0,107.0,215.0,216.0,237.0,246.0,281.0,294.0,295.0,296.0,304.0,324.0,346.0,379.0,443.0,460.0,477.0,535.0,554.0,582.0,584.0,633.0,639.0,685.0,686.0,692.0,693.0,726.0,737.0,741.0,754.0,756.0,793.0,837.0,860.0,868.0,881.0,886.0,902.0,911.0,951.0,952.0,954.0,958.0,967.0,993.0,
11.0,15.0,15.0,49.0,70.0,89.0,105.0,112.0,124.0,163.0,172.0,208.0,210.0,213.0,247.0,280.0,286.0,307.0,336.0,358.0,363.0,385.0,415.0,438.0,485.0,497.0,507.0,554.0,566.0,583.0,595.0,637.0,643.0,665.0,676.0,700.0,708.0,726.0,738.0,746.0,804.0,818.0,829.0,848.0,850.0,878.0,933.0,977.0,978.0,992.0,
33.0,41.0,42.0,44.0,69.0,150.0,173.0,220.0,240.0,252.0,307.0,308.0,337.0,344.0,369.0,373.0,385.0,387.0,406.0,407.0,417.0,423.0,500.0,500.0,508.0,516.0,570.0,581.0,610.0,627.0,643.0,650.0,659.0,700.0,702.0,703.0,713.0,723.0,733.0,735.0,744.0,762.0,801.0,871.0,874.0,888.0,890.0,890.0,897.0,902.0,904.0,941.0,957.0,967.0,967.0,
14.0,21.0,26.0,38.0,47.0,69.0,128.0,147.0,231.0,243.0,243.0,293.0,348.0,353.0,358.0,375.0,375.0,433.0,445.0,452.0,465.0,495.0,578.0,632.0,633.0,656.0,672.0,693.0,736.0,745.0,774.0,775.0,792.0,826.0,912.0,976.0,983.0,
28.0,52.0,112.0,131.0,181.0,238.0,282.0,305.0,313.0,407.0,426.0,460.0,461.0,499.0,554.0,583.0,589.0,640.0,641.0,647.0,669.0,722.0,746.0,793.0,835.0,859.0,875.0,879.0,887.0,889.0,900.0,914.0,921.0,
6.0,14.0,16.0,30.0,46.0,62.0,107.0,145.0,172.0,173.0,194.0,219.0,237.0,258.0,262.0,284.0,286.0,366.0,492.0,502.0,515.0,528.0,530.0,538.0,570.0,573.0,590.0,599.0,605.0,616.0,651.0,698.0,701.0,717.0,719.0,730.0,795.0,850.0,853.0,890.0,907.0,999.0,1000.0,
154.0,164.0,181.0,210.0,246.0,280.0,300.0,330.0,334.0,339.0,380.0,389.0,437.0,459.0,503.0,505.0,663.0,707.0,750.0,757.0,769.0,814.0,844.0,855.0,896.0,925.0,931.0,938.0,955.0,965.0,966.0,973.0,985.0,987.0,
32.0,51.0,88.0,90.0,152.0,234.0,261.0,319.0,322.0,324.0,361.0,386.0,398.0,438.0,446.0,459.0,469.0,494.0,513.0,517.0,521.0,529.0,652.0,680.0,691.0,697.0,765.0,784.0,799.0,831.0,851.0,898.0,
58.0,86.0,179.0,183.0,185.0,249.0,258.0,299.0,383.0,385.0,386.0,533.0,563.0,577.0,590.0,599.0,702.0,723.0,732.0,758.0,778.0,821.0,825.0,864.0,877.0,894.0,904.0,976.0,
39.0,46.0,60.0,111.0,150.0,153.0,163.0,176.0,194.0,245.0,268.0,347.0,380.0,400.0,414.0,510.0,530.0,532.0,537.0,558.0,560.0,563.0,600.0,610.0,666.0,668.0,706.0,706.0,741.0,745.0,764.0,793.0,840.0,843.0,843.0,858.0,876.0,890.0,924.0,927.0,936.0,943.0,954.0,986.0,
27.0,68.0,86.0,147.0,151.0,182.0,199.0,205.0,215.0,297.0,310.0,317.0,368.0,404.0,424.0,463.0,465.0,479.0,729.0,748.0,845.0,875.0,887.0,925.0,982.0,999.0,
11.0,14.0,65.0,94.0,122.0,141.0,165.0,199.0,210.0,210.0,212.0,213.0,257.0,314.0,382.0,395.0,410.0,417.0,
60.0,71.0,89.0,90.0,114.0,154.0,164.0,192.0,200.0,222.0,277.0,305.0,328.0,335.0,347.0,382.0,401.0,444.0,452.0,466.0,486.0,500.0,703.0,723.0,726.0,726.0,839.0,873.0,893.0,912.0,917.0,
45.0,68.0,72.0,89.0,91.0,112.0,126.0,127.0,157.0,162.0,172.0,179.0,191.0,193.0,220.0,227.0,277.0,278.0,341.0,350.0,374.0,383.0,431.0,445.0,455.0,510.0,540.0,549.0,641.0,660.0,709.0,712.0,725.0,735.0,780.0,814.0,821.0,851.0,855.0,856.0,868.0,892.0,959.0,
9.0,99.0,113.0,149.0,161.0,161.0,220.0,221.0,280.0,287.0,304.0,332.0,340.0,341.0,344.0,423.0,451.0,453.0,459.0,468.0,473.0,491.0,526.0,535.0,545.0,549.0,554.0,567.0,598.0,622.0,668.0,722.0,724.0,763.0,797.0,803.0,808.0,819.0,827.0,853.0,857.0,883.0,911.0,984.0,998.0,
71.0,98.0,100.0,135.0,244.0,304.0,316.0,351.0,364.0,370.0,380.0,429.0,472.0,485.0,519.0,531.0,548.0,557.0,573.0,593.0,594.0,596.0,625.0,635.0,640.0,701.0,704.0,715.0,729.0,859.0,861.0,893.0,905.0,941.0,959.0,986.0,990.0,
67.0,72.0,81.0,111.0,114.0,148.0,171.0,198.0,296.0,342.0,361.0,392.0,442.0,455.0,470.0,501.0,528.0,538.0,581.0,587.0,619.0,636.0,672.0,712.0,717.0,746.0,747.0,747.0,800.0,813.0,840.0,852.0,901.0,957.0,959.0,970.0,
64.0,104.0,145.0,156.0,156.0,163.0,213.0,227.0,231.0,232.0,245.0,247.0,264.0,312.0,363.0,380.0,406.0,418.0,425.0,447.0,501.0,506.0,539.0,627.0,705.0,711.0,836.0,836.0,860.0,864.0,893.0,908.0,945.0,946.0,
2.0,16.0,38.0,72.0,152.0,203.0,262.0,318.0,323.0,352.0,361.0,443.0,444.0,475.0,476.0,482.0,505.0,555.0,558.0,559.0,568.0,585.0,589.0,662.0,835.0,841.0,946.0,950.0,978.0,
2.0,36.0,95.0,98.0,107.0,117.0,149.0,212.0,213.0,251.0,257.0,267.0,272.0,277.0,287.0,349.0,369.0,372.0,378.0,436.0,475.0,500.0,527.0,551.0,558.0,568.0,570.0,581.0,628.0,655.0,721.0,736.0,738.0,743.0,763.0,765.0,795.0,808.0,884.0,890.0,916.0,918.0,920.0,978.0,
17.0,46.0,140.0,161.0,178.0,203.0,209.0,209.0,213.0,255.0,287.0,296.0,302.0,316.0,319.0,363.0,401.0,426.0,450.0,
5.0,30.0,90.0,131.0,143.0,167.0,218.0,224.0,269.0,274.0,406.0,417.0,457.0,505.0,
26.0,27.0,58.0,78.0,101.0,114.0,131.0,135.0,146.0,246.0,265.0,270.0,318.0,352.0,382.0,399.0,420.0,429.0,429.0,468.0,
51.0,56.0,64.0,70.0,73.0,82.0,97.0,127.0,169.0,181.0,262.0,281.0,338.0,362.0,473.0,491.0,499.0,573.0,620.0,655.0,657.0,667.0,668.0,689.0,706.0,708.0,754.0,806.0,812.0,812.0,861.0,871.0,885.0,902.0,918.0,929.0,944.0,953.0,974.0,977.0,986.0,
111.0,124.0,156.0,173.0,195.0,199.0,199.0,232.0,289.0,346.0,349.0,356.0,370.0,392.0,422.0,462.0,512.0,530.0,544.0,584.0,605.0,636.0,638.0,652.0,661.0,713.0,734.0,776.0,778.0,785.0,801.0,803.0,832.0,835.0,867.0,886.0,911.0,
23.0,31.0,56.0,63.0,102.0,104.0,146.0,147.0,174.0,176.0,208.0,214.0,220.0,299.0,310.0,396.0,401.0,412.0,432.0,437.0,467.0,468.0,500.0,517.0,526.0,545.0,664.0,674.0,692.0,721.0,766.0,985.0,987.0,
8.0,13.0,66.0,69.0,99.0,117.0,123.0,142.0,150.0,165.0,173.0,178.0,201.0,212.0,279.0,300.0,320.0,328.0,349.0,360.0,401.0,409.0,439.0,451.0,460.0,473.0,495.0,582.0,600.0,664.0,790.0,803.0,872.0,874.0,882.0,947.0,
26.0,104.0,109.0,161.0,226.0,226.0,302.0,310.0,352.0,400.0,405.0,427.0,441.0,500.0,548.0,575.0,580.0,587.0,620.0,626.0,655.0,680.0,704.0,717.0,734.0,814.0,901.0,904.0,922.0,925.0,942.0,943.0,943.0,975.0,977.0,984.0,
23.0,25.0,83.0,95.0,102.0,128.0,146.0,195.0,247.0,249.0,265.0,315.0,326.0,376.0,384.0,413.0,441.0,459.0,484.0,500.0,508.0,516.0,525.0,527.0,598.0,646.0,647.0,700.0,721.0,743.0,766.0,836.0,990.0,
35.0,40.0,48.0,57.0,64.0,70.0,104.0,111.0,182.0,196.0,213.0,215.0,252.0,257.0,264.0,271.0,322.0,358.0,376.0,405.0,469.0,470.0,498.0,518.0,529.0,532.0,551.0,582.0,606.0,753.0,754.0,756.0,769.0,775.0,819.0,831.0,917.0,986.0,
19.0,23.0,56.0,62.0,125.0,132.0,177.0,178.0,204.0,273.0,283.0,359.0,385.0,387.0,408.0,420.0,425.0,431.0,445.0,464.0,482.0,510.0,670.0,696.0,743.0,744.0,855.0,913.0,935.0,935.0,
35.0,53.0,58.0,63.0,68.0,82.0,125.0,157.0,177.0,193.0,292.0,367.0,411.0,471.0,498.0,
7.0,85.0,86.0,134.0,152.0,159.0,196.0,212.0,215.0,250.0,315.0,319.0,347.0,396.0,411.0,457.0,487.0,642.0,664.0,747.0,791.0,850.0,977.0,
60.0,85.0,111.0,111.0,152.0,161.0,181.0,190.0,198.0,229.0,254.0,273.0,295.0,321.0,321.0,379.0,414.0,419.0,420.0,455.0,470.0,558.0,571.0,597.0,610.0,632.0,633.0,645.0,678.0,722.0,744.0,777.0,844.0,845.0,848.0,850.0,868.0,903.0,914.0,931.0,964.0,990.0,999.0,
19.0,45.0,76.0,100.0,180.0,202.0,235.0,273.0,276.0,288.0,318.0,411.0,412.0,441.0,461.0,463.0,463.0,490.0,522.0,529.0,530.0,617.0,701.0,725.0,728.0,742.0,748.0,754.0,762.0,804.0,859.0,880.0,909.0,912.0,932.0,973.0,982.0,
53.0,54.0,140.0,144.0,146.0,168.0,179.0,211.0,256.0,286.0,288.0,373.0,416.0,427.0,438.0,485.0,492.0,497.0,519.0,539.0,565.0,615.0,625.0,646.0,657.0,663.0,675.0,678.0,762.0,769.0,782.0,787.0,797.0,855.0,871.0,908.0,909.0,915.0,925.0,933.0,
15.0,43.0,50.0,67.0,85.0,109.0,180.0,190.0,218.0,247.0,247.0,274.0,348.0,348.0,365.0,385.0,472.0,483.0,524.0,555.0,642.0,717.0,728.0,749.0,751.0,761.0,771.0,788.0,811.0,813.0,841.0,851.0,938.0,960.0,
34.0,73.0,98.0,100.0,110.0,117.0,136.0,227.0,302.0,306.0,381.0,383.0,452.0,462.0,477.0,495.0,538.0,555.0,608.0,637.0,686.0,708.0,733.0,748.0,756.0,758.0,775.0,826.0,829.0,854.0,863.0,889.0,901.0,906.0,914.0,937.0,953.0,957.0,974.0,990.0,990.0,
19.0,86.0,90.0,150.0,157.0,164.0,183.0,204.0,231.0,234.0,235.0,272.0,349.0,369.0,374.0,380.0,385.0,387.0,407.0,477.0,540.0,598.0,604.0,611.0,631.0,652.0,687.0,692.0,783.0,798.0,804.0,853.0,906.0,907.0,914.0,938.0,986.0,992.0,
46.0,55.0,81.0,84.0,102.0,120.0,212.0,260.0,266.0,310.0,353.0,374.0,374.0,409.0,415.0,431.0,449.0,500.0,527.0,556.0,568.0,608.0,650.0,696.0,706.0,707.0,709.0,712.0,723.0,733.0,746.0,758.0,761.0,765.0,766.0,798.0,801.0,812.0,827.0,856.0,908.0,910.0,995.0,
23.0,25.0,61.0,140.0,155.0,268.0,331.0,361.0,365.0,384.0,424.0,438.0,441.0,449.0,481.0,482.0,532.0,552.0,560.0,592.0,623.0,628.0,685.0,736.0,767.0,818.0,857.0,859.0,865.0,891.0,905.0,921.0,945.0,970.0,1000.0,
27.0,43.0,49.0,54.0,58.0,118.0,131.0,134.0,215.0,242.0,244.0,246.0,268.0,285.0,304.0,337.0,383.0,438.0,441.0,449.0,467.0,497.0,516.0,526.0,527.0,555.0,584.0,600.0,634.0,635.0,640.0,669.0,671.0,677.0,686.0,747.0,752.0,757.0,770.0,771.0,780.0,796.0,810.0,814.0,817.0,836.0,859.0,861.0,861.0,878.0,891.0,897.0,905.0,934.0,985.0,999.0,
19.0,70.0,99.0,111.0,114.0,122.0,174.0,203.0,216.0,258.0,324.0,337.0,355.0,366.0,380.0,441.0,456.0,475.0,479.0,505.0,526.0,566.0,570.0,585.0,593.0,612.0,626.0,657.0,688.0,691.0,715.0,725.0,728.0,742.0,745.0,752.0,767.0,847.0,862.0,873.0,898.0,911.0,940.0,
22.0,58.0,110.0,135.0,142.0,148.0,157.0,192.0,198.0,241.0,298.0,322.0,356.0,361.0,429.0,481.0,494.0,503.0,510.0,537.0,537.0,550.0,552.0,559.0,563.0,564.0,572.0,585.0,711.0,721.0,764.0,787.0,816.0,834.0,866.0,866.0,870.0,925.0,938.0,942.0,962.0,987.0,1000.0,
30.0,51.0,65.0,96.0,126.0,131.0,182.0,261.0,290.0,296.0,301.0,307.0,311.0,332.0,345.0,366.0,390.0,405.0,412.0,414.0,420.0,432.0,444.0,485.0,499.0,503.0,513.0,529.0,557.0,573.0,594.0,612.0,615.0,686.0,760.0,770.0,791.0,794.0,808.0,845.0,867.0,956.0,976.0,986.0,
44.0,75.0,93.0,111.0,203.0,210.0,242.0,267.0,297.0,320.0,336.0,349.0,350.0,378.0,404.0,442.0,460.0,513.0,539.0,548.0,552.0,571.0,615.0,624.0,629.0,658.0,658.0,668.0,689.0,728.0,738.0,738.0,787.0,850.0,867.0,869.0,885.0,953.0,959.0,971.0,980.0,981.0,
29.0,49.0,50.0,77.0,89.0,112.0,240.0,286.0,320.0,356.0,366.0,366.0,370.0,475.0,480.0,521.0,545.0,615.0,638.0,720.0,774.0,784.0,791.0,799.0,887.0,930.0,944.0,957.0,968.0,977.0,977.0,997.0,
43.0,47.0,73.0,89.0,96.0,163.0,207.0,259.0,294.0,402.0,403.0,416.0,464.0,482.0,508.0,519.0,522.0,531.0,533.0,603.0,613.0,670.0,682.0,699.0,710.0,728.0,815.0,848.0,858.0,897.0,899.0,902.0,949.0,999.0,1000.0,
28.0,30.0,59.0,69.0,78.0,80.0,124.0,216.0,293.0,295.0,321.0,377.0,393.0,456.0,500.0,500.0,502.0,505.0,512.0,520.0,556.0,561.0,573.0,619.0,689.0,779.0,801.0,808.0,808.0,821.0,824.0,827.0,838.0,862.0,870.0,871.0,872.0,885.0,921.0,929.0,941.0,941.0,981.0,
12.0,26.0,84.0,143.0,231.0,252.0,357.0,368.0,380.0,408.0,420.0,452.0,456.0,504.0,632.0,683.0,724.0,734.0,754.0,769.0,782.0,785.0,801.0,826.0,829.0,829.0,847.0,881.0,883.0,886.0,912.0,940.0,947.0,
9.0,21.0,93.0,99.0,129.0,152.0,181.0,197.0,235.0,311.0,322.0,341.0,347.0,353.0,366.0,401.0,427.0,456.0,465.0,485.0,511.0,563.0,613.0,633.0,651.0,679.0,744.0,751.0,774.0,778.0,800.0,847.0,884.0,917.0,928.0,973.0,
15.0,21.0,28.0,43.0,134.0,215.0,252.0,266.0,269.0,402.0,407.0,408.0,417.0,431.0,434.0,445.0,508.0,550.0,572.0,574.0,663.0,675.0,676.0,689.0,695.0,703.0,716.0,743.0,758.0,785.0,802.0,818.0,850.0,895.0,902.0,927.0,965.0,
6.0,23.0,157.0,168.0,178.0,186.0,222.0,245.0,256.0,313.0,329.0,337.0,396.0,442.0,444.0,469.0,479.0,516.0,569.0,686.0,697.0,737.0,815.0,859.0,882.0,889.0,932.0,947.0,
30.0,30.0,52.0,80.0,82.0,97.0,98.0,107.0,137.0,140.0,152.0,173.0,206.0,224.0,299.0,325.0,354.0,387.0,401.0,435.0,501.0,545.0,567.0,577.0,662.0,679.0,689.0,700.0,726.0,816.0,816.0,845.0,897.0,936.0,962.0,993.0,
3.0,25.0,74.0,75.0,76.0,97.0,128.0,166.0,197.0,198.0,219.0,257.0,257.0,290.0,300.0,320.0,324.0,326.0,372.0,388.0,466.0,513.0,522.0,537.0,539.0,571.0,571.0,583.0,649.0,680.0,682.0,691.0,701.0,730.0,733.0,869.0,883.0,909.0,918.0,928.0,957.0,985.0,991.0,
23.0,32.0,36.0,46.0,67.0,84.0,87.0,132.0,239.0,323.0,328.0,332.0,337.0,356.0,381.0,396.0,419.0,453.0,475.0,507.0,519.0,520.0,525.0,561.0,564.0,600.0,613.0,620.0,640.0,642.0,658.0,677.0,678.0,687.0,689.0,708.0,735.0,740.0,779.0,780.0,867.0,886.0,924.0,980.0,988.0,996.0,
9.0,14.0,21.0,67.0,102.0,131.0,142.0,148.0,151.0,157.0,183.0,190.0,193.0,250.0,286.0,339.0,358.0,370.0,381.0,391.0,444.0,451.0,465.0,469.0,486.0,503.0,517.0,520.0,648.0,661.0,726.0,861.0,863.0,867.0,883.0,908.0,939.0,943.0,960.0,990.0,
96.0,115.0,136.0,192.0,199.0,215.0,246.0,264.0,277.0,342.0,384.0,421.0,443.0,466.0,472.0,511.0,514.0,536.0,546.0,551.0,555.0,557.0,575.0,581.0,588.0,594.0,616.0,628.0,671.0,688.0,705.0,779.0,780.0,814.0,824.0,847.0,854.0,862.0,894.0,933.0,950.0,980.0,1000.0,
70.0,71.0,80.0,196.0,201.0,238.0,287.0,290.0,336.0,376.0,407.0,555.0,609.0,669.0,778.0,789.0,841.0,880.0,882.0,887.0,915.0,
14.0,132.0,139.0,141.0,155.0,174.0,178.0,191.0,194.0,211.0,250.0,254.0,261.0,287.0,350.0,371.0,460.0,480.0,496.0,513.0,525.0,533.0,544.0,545.0,571.0,581.0,650.0,708.0,712.0,750.0,834.0,857.0,871.0,902.0,905.0,938.0,973.0,983.0,994.0,996.0,
35.0,91.0,94.0,108.0,205.0,254.0,261.0,289.0,295.0,333.0,347.0,348.0,366.0,386.0,388.0,418.0,455.0,545.0,565.0,601.0,623.0,638.0,649.0,667.0,667.0,712.0,818.0,853.0,861.0,866.0,891.0,904.0,918.0,919.0,958.0,969.0,982.0,
19.0,47.0,78.0,92.0,172.0,184.0,186.0,251.0,253.0,262.0,266.0,286.0,304.0,305.0,311.0,391.0,398.0,459.0,463.0,500.0,520.0,536.0,554.0,631.0,658.0,664.0,720.0,730.0,761.0,794.0,862.0,946.0,960.0,964.0,978.0,
46.0,102.0,133.0,136.0,172.0,191.0,209.0,222.0,296.0,312.0,368.0,410.0,477.0,485.0,522.0,524.0,606.0,618.0,662.0,672.0,782.0,789.0,844.0,862.0,906.0,932.0,933.0,996.0,999.0,
38.0,100.0,107.0,120.0,130.0,218.0,228.0,376.0,408.0,478.0,483.0,504.0,505.0,506.0,513.0,583.0,608.0,631.0,655.0,658.0,679.0,683.0,721.0,798.0,820.0,826.0,829.0,865.0,891.0,
74.0,80.0,85.0,87.0,158.0,210.0,236.0,237.0,252.0,264.0,287.0,305.0,332.0,333.0,336.0,354.0,394.0,397.0,470.0,477.0,497.0,543.0,559.0,634.0,677.0,693.0,727.0,733.0,741.0,759.0,768.0,805.0,815.0,818.0,929.0,968.0,974.0,
5.0,32.0,78.0,83.0,107.0,160.0,193.0,204.0,220.0,230.0,274.0,331.0,333.0,360.0,405.0,422.0,489.0,554.0,591.0,597.0,603.0,675.0,676.0,688.0,710.0,714.0,725.0,741.0,767.0,777.0,838.0,877.0,880.0,882.0,918.0,995.0,
