8.0,132.0,153.0,161.0,195.0,231.0,241.0,339.0,399.0,421.0,431.0,449.0,461.0,479.0,551.0,624.0,653.0,709.0,742.0,747.0,756.0,763.0,839.0,857.0,879.0,885.0,930.0,945.0,949.0,952.0,993.0,
53.0,112.0,117.0,143.0,162.0,224.0,306.0,317.0,325.0,340.0,342.0,353.0,366.0,380.0,456.0,477.0,545.0,635.0,660.0,685.0,695.0,700.0,755.0,777.0,784.0,826.0,840.0,842.0,847.0,850.0,876.0,921.0,921.0,939.0,960.0,
4.0,30.0,47.0,59.0,75.0,94.0,172.0,172.0,198.0,202.0,211.0,213.0,224.0,255.0,263.0,314.0,318.0,373.0,376.0,432.0,482.0,492.0,513.0,522.0,623.0,641.0,664.0,688.0,689.0,733.0,744.0,753.0,775.0,797.0,799.0,825.0,833.0,896.0,898.0,926.0,948.0,950.0,952.0,
135.0,211.0,253.0,290.0,314.0,321.0,397.0,410.0,443.0,512.0,525.0,558.0,659.0,692.0,695.0,703.0,707.0,750.0,753.0,778.0,789.0,849.0,851.0,
28.0,32.0,39.0,112.0,131.0,148.0,181.0,222.0,292.0,318.0,321.0,324.0,342.0,360.0,468.0,487.0,507.0,532.0,540.0,542.0,551.0,582.0,585.0,587.0,613.0,644.0,652.0,707.0,714.0,761.0,761.0,765.0,782.0,855.0,878.0,894.0,940.0,958.0,988.0,
19.0,29.0,37.0,38.0,46.0,49.0,82.0,88.0,92.0,94.0,176.0,255.0,259.0,293.0,307.0,369.0,523.0,645.0,660.0,661.0,681.0,696.0,737.0,754.0,785.0,823.0,828.0,837.0,856.0,886.0,888.0,894.0,929.0,932.0,962.0,964.0,965.0,988.0,998.0,
6.0,11.0,28.0,44.0,68.0,70.0,92.0,101.0,110.0,204.0,235.0,253.0,267.0,277.0,282.0,318.0,336.0,360.0,398.0,420.0,433.0,454.0,454.0,463.0,496.0,499.0,501.0,525.0,531.0,579.0,595.0,609.0,640.0,644.0,646.0,648.0,681.0,816.0,861.0,881.0,898.0,931.0,931.0,
13.0,42.0,139.0,159.0,245.0,262.0,305.0,327.0,328.0,331.0,338.0,371.0,420.0,422.0,422.0,488.0,496.0,513.0,555.0,592.0,613.0,624.0,640.0,662.0,673.0,728.0,735.0,752.0,783.0,806.0,847.0,894.0,917.0,917.0,920.0,1000.0,
33.0,34.0,52.0,53.0,58.0,78.0,146.0,171.0,182.0,186.0,233.0,273.0,293.0,315.0,350.0,360.0,396.0,447.0,462.0,522.0,553.0,575.0,575.0,600.0,613.0,655.0,674.0,703.0,707.0,710.0,730.0,737.0,791.0,811.0,829.0,842.0,856.0,859.0,892.0,
13.0,32.0,80.0,91.0,131.0,135.0,196.0,272.0,289.0,315.0,338.0,380.0,402.0,439.0,464.0,474.0,499.0,521.0,569.0,594.0,678.0,688.0,744.0,793.0,794.0,812.0,826.0,890.0,901.0,960.0,988.0,
74.0,83.0,101.0,180.0,182.0,184.0,204.0,204.0,212.0,229.0,232.0,239.0,307.0,308.0,323.0,401.0,406.0,417.0,454.0,513.0,530.0,544.0,556.0,557.0,591.0,595.0,597.0,601.0,660.0,667.0,688.0,782.0,796.0,822.0,836.0,848.0,906.0,948.0,951.0,
5.0,29.0,35.0,116.0,159.0,189.0,267.0,301.0,317.0,348.0,363.0,387.0,392.0,412.0,416.0,424.0,450.0,455.0,477.0,519.0,519.0,526.0,543.0,550.0,555.0,605.0,609.0,878.0,878.0,884.0,901.0,916.0,917.0,932.0,968.0,971.0,
11.0,103.0,112.0,117.0,134.0,137.0,155.0,171.0,219.0,223.0,276.0,277.0,315.0,351.0,378.0,383.0,406.0,421.0,453.0,548.0,581.0,642.0,664.0,705.0,708.0,823.0,846.0,922.0,929.0,939.0,960.0,
79.0,97.0,120.0,145.0,146.0,159.0,186.0,192.0,209.0,254.0,261.0,265.0,305.0,306.0,307.0,397.0,416.0,417.0,474.0,479.0,486.0,520.0,566.0,580.0,586.0,646.0,727.0,740.0,773.0,780.0,806.0,820.0,900.0,903.0,964.0,
26.0,63.0,86.0,125.0,136.0,193.0,194.0,205.0,224.0,234.0,238.0,245.0,298.0,315.0,420.0,444.0,465.0,471.0,480.0,540.0,576.0,579.0,587.0,591.0,591.0,655.0,689.0,695.0,702.0,792.0,800.0,888.0,902.0,903.0,965.0,972.0,987.0,990.0,997.0,
5.0,6.0,26.0,40.0,50.0,82.0,86.0,112.0,139.0,164.0,183.0,221.0,264.0,270.0,300.0,302.0,307.0,409.0,470.0,544.0,649.0,751.0,762.0,772.0,819.0,835.0,876.0,937.0,961.0,
11.0,68.0,71.0,79.0,87.0,120.0,141.0,149.0,167.0,186.0,195.0,203.0,207.0,242.0,281.0,315.0,329.0,382.0,390.0,428.0,516.0,554.0,620.0,640.0,721.0,722.0,736.0,772.0,774.0,812.0,824.0,832.0,837.0,968.0,986.0,
31.0,44.0,61.0,89.0,115.0,150.0,169.0,307.0,315.0,324.0,345.0,351.0,391.0,408.0,421.0,426.0,435.0,504.0,604.0,702.0,715.0,735.0,747.0,750.0,762.0,780.0,812.0,873.0,894.0,897.0,958.0,963.0,
13.0,130.0,193.0,215.0,215.0,350.0,363.0,365.0,366.0,379.0,406.0,417.0,438.0,442.0,450.0,478.0,480.0,582.0,610.0,619.0,634.0,661.0,675.0,873.0,882.0,890.0,924.0,947.0,968.0,996.0,
14.0,18.0,18.0,45.0,46.0,54.0,131.0,144.0,151.0,162.0,165.0,165.0,167.0,187.0,195.0,212.0,231.0,271.0,294.0,305.0,330.0,362.0,365.0,375.0,383.0,433.0,438.0,457.0,491.0,492.0,514.0,514.0,556.0,557.0,642.0,650.0,707.0,723.0,734.0,734.0,782.0,816.0,821.0,831.0,841.0,898.0,898.0,909.0,916.0,923.0,
46.0,135.0,137.0,171.0,173.0,210.0,213.0,240.0,298.0,335.0,388.0,393.0,405.0,420.0,431.0,468.0,476.0,530.0,537.0,537.0,544.0,544.0,545.0,568.0,577.0,650.0,663.0,727.0,742.0,788.0,800.0,806.0,811.0,812.0,893.0,900.0,922.0,
24.0,35.0,50.0,89.0,132.0,170.0,189.0,231.0,295.0,311.0,352.0,376.0,397.0,418.0,457.0,493.0,538.0,544.0,550.0,561.0,579.0,580.0,591.0,629.0,655.0,655.0,661.0,675.0,727.0,734.0,758.0,776.0,800.0,828.0,845.0,881.0,915.0,944.0,963.0,975.0,
20.0,45.0,64.0,75.0,92.0,103.0,141.0,181.0,196.0,199.0,253.0,320.0,331.0,355.0,373.0,379.0,413.0,453.0,525.0,533.0,582.0,583.0,592.0,620.0,639.0,680.0,706.0,730.0,734.0,773.0,838.0,852.0,855.0,862.0,873.0,943.0,972.0,
26.0,123.0,206.0,213.0,220.0,364.0,412.0,412.0,460.0,464.0,474.0,492.0,552.0,617.0,636.0,638.0,664.0,672.0,680.0,720.0,735.0,774.0,801.0,866.0,871.0,876.0,879.0,905.0,906.0,913.0,956.0,
25.0,49.0,50.0,92.0,130.0,135.0,148.0,251.0,263.0,276.0,312.0,402.0,425.0,439.0,443.0,473.0,474.0,482.0,503.0,533.0,599.0,624.0,638.0,653.0,667.0,696.0,713.0,727.0,735.0,745.0,829.0,840.0,843.0,845.0,848.0,851.0,867.0,874.0,882.0,887.0,901.0,928.0,943.0,960.0,
21.0,64.0,113.0,124.0,136.0,175.0,203.0,209.0,252.0,402.0,417.0,492.0,517.0,541.0,655.0,657.0,673.0,718.0,724.0,740.0,801.0,821.0,843.0,850.0,879.0,927.0,949.0,980.0,
25.0,73.0,77.0,89.0,103.0,108.0,110.0,145.0,201.0,253.0,258.0,285.0,326.0,368.0,388.0,403.0,403.0,410.0,473.0,473.0,476.0,503.0,513.0,573.0,584.0,584.0,606.0,617.0,624.0,641.0,644.0,678.0,683.0,691.0,708.0,720.0,724.0,749.0,758.0,768.0,833.0,846.0,851.0,888.0,891.0,903.0,920.0,942.0,946.0,947.0,
119.0,188.0,189.0,223.0,261.0,270.0,288.0,328.0,401.0,431.0,437.0,474.0,503.0,511.0,602.0,604.0,607.0,615.0,620.0,640.0,655.0,678.0,687.0,725.0,810.0,844.0,872.0,877.0,889.0,890.0,921.0,930.0,962.0,979.0,
27.0,76.0,106.0,125.0,155.0,194.0,212.0,254.0,256.0,274.0,281.0,309.0,316.0,324.0,350.0,386.0,500.0,510.0,582.0,586.0,604.0,622.0,655.0,694.0,711.0,722.0,743.0,749.0,766.0,769.0,913.0,957.0,
46.0,92.0,108.0,135.0,136.0,140.0,156.0,170.0,192.0,198.0,225.0,250.0,332.0,339.0,339.0,358.0,415.0,416.0,442.0,450.0,463.0,485.0,487.0,554.0,638.0,649.0,683.0,693.0,710.0,730.0,784.0,816.0,856.0,868.0,876.0,898.0,915.0,918.0,
17.0,23.0,55.0,64.0,83.0,85.0,106.0,118.0,179.0,200.0,219.0,248.0,262.0,274.0,283.0,318.0,355.0,367.0,436.0,479.0,489.0,522.0,527.0,547.0,555.0,556.0,595.0,615.0,622.0,625.0,639.0,644.0,679.0,680.0,716.0,763.0,797.0,799.0,801.0,829.0,831.0,837.0,844.0,854.0,862.0,930.0,
13.0,48.0,73.0,98.0,111.0,142.0,228.0,305.0,330.0,343.0,362.0,362.0,419.0,423.0,435.0,474.0,489.0,534.0,601.0,615.0,616.0,618.0,644.0,671.0,673.0,686.0,800.0,821.0,838.0,844.0,869.0,901.0,937.0,953.0,996.0,
53.0,82.0,176.0,185.0,206.0,208.0,209.0,237.0,253.0,254.0,264.0,277.0,357.0,396.0,399.0,420.0,507.0,580.0,619.0,624.0,642.0,694.0,707.0,710.0,753.0,759.0,783.0,784.0,794.0,824.0,829.0,868.0,873.0,874.0,899.0,935.0,946.0,947.0,969.0,997.0,999.0,
44.0,72.0,93.0,105.0,122.0,131.0,143.0,154.0,236.0,241.0,252.0,256.0,266.0,268.0,308.0,309.0,322.0,383.0,419.0,429.0,441.0,508.0,526.0,599.0,649.0,650.0,710.0,725.0,807.0,887.0,935.0,951.0,975.0,999.0,
9.0,15.0,25.0,47.0,49.0,61.0,61.0,68.0,86.0,118.0,123.0,202.0,204.0,221.0,223.0,242.0,290.0,329.0,361.0,407.0,408.0,427.0,485.0,486.0,498.0,503.0,984.0,
18.0,32.0,47.0,73.0,106.0,122.0,130.0,149.0,149.0,266.0,294.0,297.0,297.0,355.0,395.0,397.0,417.0,457.0,485.0,
92.0,97.0,112.0,117.0,144.0,158.0,172.0,222.0,224.0,276.0,300.0,302.0,312.0,324.0,361.0,399.0,407.0,418.0,419.0,435.0,442.0,448.0,474.0,989.0,
20.0,46.0,67.0,77.0,89.0,95.0,112.0,120.0,122.0,157.0,175.0,199.0,229.0,245.0,264.0,348.0,396.0,427.0,445.0,459.0,491.0,652.0,686.0,693.0,698.0,701.0,727.0,730.0,863.0,897.0,942.0,946.0,955.0,955.0,
26.0,30.0,45.0,58.0,62.0,65.0,98.0,108.0,213.0,213.0,230.0,267.0,381.0,394.0,395.0,414.0,444.0,464.0,499.0,501.0,503.0,509.0,524.0,526.0,557.0,570.0,588.0,593.0,621.0,623.0,651.0,686.0,695.0,714.0,732.0,768.0,787.0,801.0,822.0,835.0,842.0,858.0,870.0,888.0,893.0,923.0,960.0,962.0,968.0,970.0,972.0,1000.0,
28.0,47.0,64.0,110.0,127.0,248.0,261.0,262.0,295.0,312.0,315.0,406.0,406.0,454.0,466.0,487.0,515.0,555.0,578.0,595.0,612.0,618.0,635.0,653.0,666.0,685.0,698.0,727.0,733.0,769.0,779.0,827.0,838.0,847.0,878.0,889.0,899.0,937.0,
13.0,44.0,47.0,55.0,125.0,141.0,160.0,189.0,298.0,437.0,443.0,482.0,506.0,507.0,530.0,541.0,596.0,611.0,637.0,654.0,701.0,705.0,709.0,808.0,815.0,834.0,837.0,878.0,913.0,926.0,
2.0,20.0,31.0,37.0,81.0,82.0,101.0,114.0,129.0,131.0,183.0,189.0,206.0,233.0,271.0,280.0,322.0,325.0,351.0,379.0,399.0,410.0,435.0,520.0,550.0,586.0,593.0,600.0,602.0,603.0,622.0,636.0,645.0,646.0,659.0,727.0,782.0,794.0,842.0,877.0,936.0,991.0,
3.0,33.0,53.0,85.0,128.0,168.0,168.0,188.0,212.0,309.0,357.0,381.0,425.0,444.0,466.0,481.0,503.0,608.0,611.0,626.0,640.0,661.0,684.0,701.0,738.0,738.0,756.0,770.0,788.0,792.0,801.0,821.0,829.0,844.0,853.0,872.0,911.0,917.0,
12.0,91.0,177.0,214.0,279.0,288.0,312.0,313.0,318.0,333.0,336.0,352.0,378.0,382.0,394.0,415.0,490.0,
12.0,66.0,90.0,110.0,126.0,155.0,202.0,202.0,229.0,275.0,321.0,353.0,353.0,418.0,423.0,430.0,442.0,456.0,469.0,485.0,
33.0,35.0,44.0,89.0,90.0,117.0,156.0,159.0,187.0,199.0,204.0,204.0,214.0,215.0,224.0,230.0,247.0,249.0,280.0,323.0,330.0,350.0,376.0,376.0,416.0,429.0,441.0,464.0,504.0,812.0,852.0,897.0,
64.0,64.0,142.0,166.0,201.0,221.0,252.0,331.0,333.0,343.0,354.0,356.0,362.0,369.0,385.0,446.0,468.0,495.0,
3.0,12.0,32.0,73.0,79.0,82.0,103.0,116.0,121.0,206.0,236.0,240.0,258.0,260.0,403.0,416.0,420.0,429.0,442.0,479.0,925.0,
44.0,136.0,139.0,160.0,169.0,174.0,176.0,179.0,187.0,206.0,211.0,231.0,235.0,270.0,311.0,312.0,343.0,346.0,442.0,460.0,491.0,493.0,494.0,507.0,552.0,569.0,574.0,585.0,615.0,628.0,635.0,648.0,651.0,661.0,700.0,725.0,733.0,753.0,808.0,839.0,842.0,849.0,853.0,854.0,865.0,898.0,904.0,922.0,926.0,928.0,935.0,944.0,1000.0,
26.0,33.0,42.0,51.0,61.0,81.0,86.0,101.0,102.0,115.0,140.0,160.0,183.0,191.0,236.0,238.0,263.0,290.0,323.0,331.0,455.0,500.0,505.0,557.0,569.0,636.0,644.0,668.0,680.0,704.0,827.0,886.0,915.0,935.0,978.0,
2.0,5.0,7.0,14.0,31.0,93.0,131.0,136.0,148.0,153.0,160.0,172.0,184.0,214.0,239.0,248.0,291.0,295.0,304.0,328.0,407.0,470.0,491.0,500.0,553.0,561.0,583.0,613.0,636.0,699.0,701.0,733.0,750.0,751.0,786.0,787.0,831.0,847.0,851.0,854.0,901.0,909.0,956.0,967.0,
10.0,76.0,93.0,129.0,209.0,232.0,251.0,273.0,296.0,309.0,361.0,374.0,438.0,464.0,494.0,509.0,512.0,514.0,518.0,524.0,584.0,599.0,615.0,633.0,637.0,664.0,672.0,676.0,708.0,757.0,798.0,819.0,872.0,982.0,984.0,986.0,
44.0,62.0,71.0,84.0,99.0,142.0,160.0,181.0,308.0,336.0,337.0,344.0,352.0,378.0,396.0,562.0,693.0,705.0,732.0,737.0,737.0,739.0,763.0,784.0,789.0,811.0,842.0,868.0,874.0,891.0,902.0,906.0,974.0,990.0,
22.0,89.0,106.0,135.0,218.0,308.0,359.0,395.0,423.0,435.0,440.0,442.0,444.0,465.0,475.0,490.0,497.0,
19.0,32.0,34.0,160.0,179.0,219.0,247.0,258.0,263.0,275.0,372.0,380.0,437.0,490.0,507.0,934.0,993.0,
24.0,87.0,117.0,183.0,204.0,229.0,304.0,381.0,382.0,416.0,457.0,467.0,495.0,507.0,933.0,938.0,956.0,
54.0,80.0,90.0,102.0,109.0,110.0,114.0,141.0,150.0,152.0,168.0,181.0,183.0,187.0,189.0,203.0,211.0,281.0,303.0,316.0,348.0,361.0,374.0,393.0,395.0,495.0,497.0,
32.0,40.0,57.0,75.0,105.0,131.0,236.0,247.0,302.0,339.0,349.0,358.0,400.0,428.0,434.0,437.0,437.0,462.0,489.0,
4.0,6.0,8.0,87.0,114.0,138.0,148.0,161.0,165.0,182.0,218.0,226.0,246.0,280.0,316.0,376.0,377.0,382.0,412.0,423.0,427.0,467.0,507.0,569.0,595.0,610.0,613.0,618.0,648.0,653.0,669.0,689.0,714.0,721.0,722.0,737.0,738.0,741.0,754.0,781.0,801.0,825.0,849.0,857.0,871.0,876.0,893.0,899.0,905.0,914.0,917.0,921.0,940.0,953.0,970.0,978.0,981.0,
9.0,80.0,95.0,97.0,117.0,180.0,211.0,233.0,272.0,341.0,343.0,362.0,383.0,407.0,426.0,448.0,541.0,545.0,592.0,609.0,616.0,637.0,686.0,699.0,700.0,734.0,744.0,781.0,796.0,801.0,804.0,804.0,812.0,834.0,860.0,870.0,909.0,944.0,
31.0,59.0,68.0,86.0,94.0,113.0,120.0,121.0,141.0,152.0,160.0,211.0,225.0,235.0,286.0,363.0,368.0,399.0,431.0,541.0,625.0,644.0,684.0,715.0,753.0,822.0,843.0,845.0,884.0,948.0,969.0,975.0,985.0,
51.0,80.0,117.0,118.0,126.0,154.0,200.0,213.0,289.0,373.0,378.0,391.0,415.0,439.0,447.0,455.0,465.0,492.0,501.0,513.0,578.0,631.0,653.0,664.0,677.0,683.0,723.0,749.0,761.0,762.0,799.0,806.0,832.0,850.0,870.0,871.0,886.0,934.0,937.0,
2.0,14.0,42.0,68.0,73.0,108.0,142.0,220.0,374.0,427.0,512.0,518.0,535.0,552.0,604.0,638.0,656.0,688.0,688.0,710.0,736.0,766.0,778.0,789.0,808.0,831.0,856.0,871.0,930.0,945.0,996.0,
3.0,63.0,91.0,160.0,212.0,235.0,282.0,287.0,320.0,323.0,418.0,434.0,443.0,491.0,499.0,817.0,827.0,941.0,
144.0,153.0,165.0,214.0,220.0,225.0,273.0,286.0,325.0,328.0,374.0,401.0,419.0,492.0,503.0,
108.0,134.0,158.0,199.0,202.0,243.0,283.0,285.0,297.0,406.0,420.0,476.0,477.0,485.0,
104.0,126.0,148.0,209.0,251.0,298.0,357.0,373.0,420.0,484.0,
38.0,47.0,129.0,130.0,164.0,216.0,220.0,245.0,268.0,328.0,347.0,365.0,401.0,436.0,460.0,496.0,842.0,984.0,
14.0,21.0,58.0,82.0,126.0,135.0,255.0,262.0,292.0,366.0,374.0,380.0,386.0,389.0,413.0,431.0,440.0,471.0,502.0,519.0,527.0,543.0,559.0,565.0,592.0,601.0,608.0,613.0,641.0,675.0,706.0,742.0,748.0,752.0,762.0,770.0,809.0,817.0,841.0,848.0,886.0,900.0,955.0,957.0,960.0,968.0,
32.0,41.0,157.0,157.0,161.0,202.0,224.0,255.0,261.0,305.0,305.0,307.0,327.0,382.0,469.0,489.0,493.0,498.0,500.0,516.0,548.0,598.0,635.0,665.0,670.0,679.0,692.0,705.0,708.0,803.0,839.0,850.0,870.0,925.0,974.0,975.0,1000.0,
2.0,18.0,24.0,79.0,141.0,159.0,173.0,219.0,228.0,236.0,236.0,240.0,281.0,324.0,325.0,358.0,390.0,405.0,424.0,469.0,476.0,481.0,531.0,532.0,538.0,554.0,557.0,597.0,617.0,621.0,650.0,655.0,689.0,732.0,733.0,738.0,747.0,831.0,837.0,846.0,847.0,868.0,960.0,973.0,
13.0,23.0,26.0,69.0,130.0,175.0,212.0,241.0,377.0,379.0,392.0,409.0,418.0,431.0,432.0,448.0,508.0,524.0,532.0,561.0,563.0,601.0,670.0,700.0,744.0,784.0,896.0,921.0,946.0,946.0,948.0,957.0,962.0,990.0,990.0,
29.0,154.0,162.0,197.0,200.0,285.0,340.0,353.0,365.0,380.0,388.0,400.0,417.0,427.0,438.0,467.0,471.0,473.0,532.0,575.0,584.0,590.0,600.0,612.0,623.0,744.0,748.0,769.0,778.0,836.0,873.0,882.0,923.0,969.0,
17.0,41.0,45.0,55.0,71.0,81.0,82.0,83.0,88.0,90.0,106.0,125.0,183.0,238.0,273.0,299.0,311.0,323.0,326.0,360.0,367.0,372.0,388.0,390.0,399.0,419.0,426.0,437.0,438.0,456.0,489.0,509.0,519.0,632.0,691.0,697.0,738.0,760.0,763.0,774.0,803.0,824.0,910.0,912.0,943.0,982.0,
11.0,18.0,37.0,63.0,63.0,85.0,106.0,128.0,176.0,186.0,190.0,220.0,222.0,275.0,280.0,315.0,371.0,406.0,409.0,435.0,
3.0,13.0,46.0,51.0,71.0,73.0,144.0,169.0,221.0,262.0,317.0,337.0,339.0,375.0,434.0,454.0,456.0,487.0,
3.0,6.0,38.0,56.0,67.0,70.0,140.0,156.0,197.0,207.0,234.0,244.0,320.0,366.0,377.0,400.0,401.0,402.0,434.0,467.0,474.0,504.0,508.0,911.0,
48.0,64.0,83.0,90.0,100.0,102.0,132.0,164.0,195.0,200.0,230.0,255.0,288.0,329.0,391.0,438.0,595.0,713.0,726.0,747.0,752.0,794.0,802.0,809.0,853.0,893.0,935.0,954.0,973.0,990.0,997.0,
11.0,48.0,74.0,86.0,112.0,125.0,138.0,145.0,151.0,175.0,183.0,252.0,313.0,435.0,462.0,479.0,492.0,506.0,578.0,584.0,614.0,616.0,617.0,679.0,685.0,707.0,709.0,730.0,742.0,753.0,755.0,765.0,767.0,808.0,817.0,821.0,905.0,936.0,939.0,984.0,990.0,992.0,996.0,
52.0,80.0,123.0,136.0,161.0,197.0,215.0,215.0,216.0,229.0,236.0,286.0,322.0,322.0,346.0,377.0,422.0,463.0,468.0,477.0,477.0,494.0,528.0,560.0,561.0,578.0,578.0,585.0,586.0,598.0,687.0,699.0,702.0,713.0,739.0,802.0,819.0,856.0,885.0,900.0,906.0,983.0,996.0,
5.0,22.0,24.0,27.0,31.0,45.0,73.0,76.0,90.0,144.0,144.0,199.0,225.0,274.0,293.0,310.0,314.0,334.0,340.0,380.0,394.0,429.0,430.0,457.0,463.0,465.0,485.0,535.0,538.0,623.0,634.0,648.0,691.0,740.0,784.0,806.0,842.0,866.0,896.0,917.0,919.0,986.0,
29.0,41.0,46.0,80.0,80.0,95.0,164.0,245.0,259.0,273.0,285.0,289.0,343.0,347.0,357.0,367.0,391.0,409.0,440.0,451.0,452.0,465.0,505.0,572.0,582.0,593.0,627.0,682.0,685.0,727.0,768.0,800.0,835.0,841.0,847.0,882.0,889.0,890.0,925.0,933.0,934.0,937.0,941.0,991.0,
18.0,103.0,132.0,153.0,219.0,309.0,338.0,349.0,390.0,392.0,432.0,445.0,459.0,480.0,487.0,506.0,506.0,535.0,604.0,683.0,703.0,706.0,712.0,713.0,724.0,750.0,763.0,846.0,876.0,889.0,923.0,936.0,937.0,941.0,960.0,963.0,
8.0,14.0,31.0,43.0,74.0,94.0,124.0,132.0,207.0,209.0,218.0,220.0,243.0,283.0,320.0,354.0,362.0,367.0,397.0,429.0,448.0,478.0,492.0,547.0,583.0,590.0,609.0,633.0,682.0,684.0,690.0,690.0,696.0,700.0,719.0,731.0,734.0,737.0,761.0,781.0,811.0,812.0,830.0,888.0,894.0,912.0,956.0,
76.0,88.0,99.0,129.0,149.0,152.0,194.0,198.0,211.0,287.0,318.0,326.0,344.0,347.0,356.0,372.0,380.0,391.0,396.0,447.0,482.0,494.0,511.0,539.0,549.0,568.0,570.0,598.0,617.0,629.0,687.0,691.0,694.0,702.0,704.0,715.0,721.0,738.0,761.0,783.0,807.0,808.0,819.0,829.0,833.0,842.0,869.0,873.0,875.0,876.0,889.0,898.0,922.0,931.0,962.0,981.0,984.0,987.0,988.0,992.0,
17.0,72.0,89.0,104.0,177.0,182.0,183.0,225.0,271.0,274.0,308.0,404.0,418.0,424.0,447.0,455.0,475.0,499.0,511.0,562.0,580.0,649.0,655.0,680.0,703.0,787.0,855.0,858.0,872.0,892.0,912.0,913.0,919.0,971.0,
22.0,33.0,94.0,173.0,187.0,201.0,212.0,219.0,220.0,234.0,261.0,285.0,312.0,326.0,326.0,339.0,377.0,404.0,411.0,411.0,435.0,458.0,459.0,462.0,514.0,566.0,651.0,668.0,697.0,714.0,716.0,783.0,792.0,846.0,870.0,879.0,880.0,894.0,903.0,903.0,945.0,986.0,990.0,
47.0,55.0,66.0,125.0,130.0,139.0,157.0,161.0,166.0,166.0,169.0,206.0,246.0,260.0,271.0,280.0,291.0,307.0,310.0,318.0,328.0,422.0,423.0,434.0,454.0,481.0,496.0,526.0,536.0,563.0,572.0,612.0,650.0,652.0,703.0,754.0,757.0,757.0,766.0,779.0,806.0,811.0,824.0,828.0,830.0,852.0,889.0,914.0,958.0,
33.0,48.0,64.0,87.0,164.0,166.0,166.0,190.0,208.0,224.0,231.0,332.0,397.0,454.0,501.0,505.0,524.0,543.0,553.0,651.0,661.0,683.0,691.0,708.0,711.0,712.0,731.0,760.0,804.0,813.0,870.0,877.0,882.0,886.0,887.0,903.0,909.0,930.0,961.0,
17.0,38.0,40.0,43.0,108.0,155.0,226.0,229.0,233.0,250.0,333.0,340.0,342.0,408.0,412.0,425.0,432.0,476.0,518.0,590.0,607.0,619.0,661.0,663.0,671.0,679.0,686.0,805.0,857.0,938.0,
27.0,46.0,80.0,111.0,119.0,119.0,120.0,132.0,139.0,177.0,224.0,226.0,241.0,340.0,369.0,370.0,372.0,473.0,475.0,528.0,529.0,562.0,605.0,619.0,641.0,682.0,705.0,727.0,760.0,780.0,791.0,889.0,919.0,935.0,975.0,
18.0,30.0,81.0,112.0,133.0,166.0,176.0,177.0,207.0,242.0,369.0,369.0,410.0,417.0,426.0,430.0,503.0,532.0,540.0,586.0,672.0,695.0,695.0,705.0,739.0,745.0,754.0,773.0,791.0,920.0,939.0,971.0,
33.0,83.0,118.0,175.0,177.0,182.0,208.0,209.0,210.0,292.0,296.0,379.0,487.0,579.0,582.0,584.0,602.0,634.0,655.0,720.0,775.0,795.0,831.0,871.0,888.0,931.0,947.0,967.0,970.0,
24.0,112.0,113.0,139.0,140.0,154.0,195.0,250.0,286.0,305.0,310.0,330.0,344.0,370.0,389.0,397.0,412.0,447.0,449.0,453.0,456.0,478.0,506.0,520.0,525.0,611.0,674.0,714.0,768.0,792.0,796.0,817.0,868.0,876.0,912.0,928.0,938.0,973.0,998.0,
16.0,22.0,46.0,75.0,75.0,146.0,150.0,164.0,175.0,234.0,241.0,285.0,295.0,369.0,390.0,408.0,423.0,442.0,532.0,555.0,594.0,639.0,653.0,680.0,680.0,680.0,702.0,709.0,778.0,887.0,896.0,908.0,935.0,947.0,947.0,977.0,981.0,
4.0,71.0,78.0,85.0,86.0,119.0,129.0,139.0,194.0,207.0,258.0,260.0,269.0,302.0,327.0,336.0,336.0,347.0,350.0,362.0,405.0,428.0,501.0,506.0,512.0,513.0,570.0,570.0,585.0,600.0,619.0,624.0,637.0,682.0,683.0,707.0,719.0,723.0,764.0,770.0,777.0,789.0,799.0,909.0,917.0,928.0,930.0,941.0,
38.0,58.0,77.0,87.0,121.0,164.0,173.0,233.0,273.0,274.0,351.0,417.0,419.0,422.0,478.0,533.0,555.0,558.0,567.0,646.0,658.0,672.0,673.0,676.0,681.0,690.0,691.0,744.0,829.0,843.0,876.0,876.0,878.0,881.0,890.0,897.0,911.0,919.0,920.0,939.0,942.0,948.0,983.0,995.0,
26.0,79.0,93.0,104.0,120.0,133.0,190.0,241.0,256.0,297.0,337.0,349.0,357.0,365.0,388.0,394.0,419.0,421.0,453.0,458.0,462.0,511.0,546.0,571.0,574.0,580.0,585.0,595.0,609.0,646.0,752.0,801.0,812.0,826.0,844.0,897.0,901.0,921.0,937.0,954.0,987.0,994.0,
3.0,25.0,26.0,27.0,44.0,57.0,74.0,74.0,75.0,79.0,79.0,105.0,125.0,187.0,199.0,249.0,318.0,332.0,340.0,354.0,386.0,446.0,449.0,495.0,555.0,637.0,666.0,674.0,763.0,810.0,826.0,877.0,925.0,928.0,930.0,969.0,983.0,
28.0,59.0,77.0,92.0,125.0,165.0,165.0,202.0,238.0,264.0,298.0,298.0,299.0,319.0,325.0,396.0,417.0,456.0,566.0,647.0,736.0,744.0,756.0,826.0,827.0,853.0,879.0,890.0,899.0,929.0,947.0,972.0,986.0,
