36.0,37.0,73.0,128.0,129.0,141.0,164.0,170.0,179.0,218.0,249.0,260.0,262.0,315.0,330.0,363.0,421.0,470.0,514.0,558.0,580.0,655.0,671.0,684.0,728.0,732.0,825.0,831.0,866.0,912.0,939.0,942.0,967.0,
68.0,92.0,176.0,206.0,213.0,214.0,221.0,240.0,270.0,289.0,326.0,328.0,418.0,465.0,498.0,527.0,569.0,579.0,580.0,640.0,647.0,682.0,690.0,710.0,723.0,737.0,751.0,776.0,853.0,856.0,858.0,874.0,895.0,937.0,953.0,
20.0,60.0,68.0,79.0,96.0,131.0,138.0,181.0,197.0,201.0,202.0,208.0,211.0,241.0,245.0,249.0,254.0,273.0,323.0,324.0,429.0,430.0,441.0,451.0,451.0,476.0,574.0,588.0,615.0,675.0,703.0,724.0,778.0,827.0,840.0,871.0,892.0,909.0,919.0,936.0,963.0,984.0,
20.0,24.0,29.0,39.0,49.0,55.0,61.0,105.0,112.0,118.0,165.0,208.0,219.0,222.0,251.0,258.0,258.0,274.0,280.0,324.0,354.0,354.0,362.0,370.0,408.0,433.0,437.0,442.0,449.0,494.0,502.0,533.0,644.0,682.0,740.0,758.0,769.0,780.0,784.0,813.0,824.0,877.0,898.0,940.0,952.0,997.0,
9.0,19.0,51.0,74.0,112.0,112.0,115.0,157.0,185.0,275.0,322.0,356.0,406.0,407.0,421.0,434.0,454.0,481.0,518.0,532.0,552.0,567.0,615.0,617.0,626.0,640.0,640.0,643.0,644.0,653.0,685.0,714.0,729.0,755.0,798.0,809.0,871.0,882.0,885.0,919.0,945.0,974.0,999.0,
10.0,25.0,70.0,139.0,215.0,266.0,281.0,288.0,340.0,356.0,373.0,393.0,421.0,423.0,459.0,507.0,536.0,566.0,569.0,616.0,719.0,728.0,742.0,746.0,772.0,821.0,844.0,849.0,852.0,861.0,917.0,
16.0,50.0,67.0,83.0,146.0,184.0,216.0,238.0,318.0,320.0,332.0,334.0,367.0,570.0,606.0,618.0,674.0,695.0,724.0,761.0,766.0,830.0,849.0,860.0,863.0,904.0,955.0,998.0,
15.0,20.0,146.0,169.0,170.0,193.0,207.0,239.0,243.0,245.0,253.0,271.0,273.0,335.0,374.0,377.0,396.0,413.0,455.0,526.0,529.0,557.0,568.0,606.0,631.0,677.0,679.0,686.0,699.0,714.0,802.0,828.0,963.0,968.0,975.0,998.0,
9.0,21.0,23.0,72.0,88.0,90.0,94.0,100.0,109.0,114.0,144.0,176.0,177.0,179.0,219.0,225.0,251.0,262.0,313.0,315.0,355.0,404.0,435.0,464.0,492.0,523.0,540.0,550.0,551.0,574.0,592.0,675.0,708.0,751.0,789.0,789.0,813.0,824.0,877.0,879.0,882.0,
4.0,27.0,54.0,66.0,80.0,92.0,120.0,225.0,233.0,233.0,235.0,313.0,319.0,360.0,360.0,361.0,406.0,415.0,461.0,489.0,491.0,526.0,533.0,535.0,601.0,614.0,644.0,645.0,700.0,746.0,771.0,793.0,815.0,867.0,894.0,898.0,913.0,953.0,970.0,975.0,
5.0,19.0,41.0,66.0,152.0,175.0,196.0,220.0,221.0,285.0,339.0,379.0,417.0,437.0,451.0,456.0,467.0,478.0,533.0,608.0,689.0,822.0,833.0,856.0,907.0,917.0,973.0,992.0,
9.0,28.0,66.0,92.0,115.0,175.0,190.0,191.0,278.0,369.0,374.0,393.0,402.0,413.0,426.0,448.0,451.0,497.0,518.0,539.0,571.0,594.0,626.0,656.0,679.0,700.0,712.0,763.0,787.0,847.0,851.0,953.0,
45.0,45.0,122.0,142.0,172.0,183.0,214.0,225.0,277.0,282.0,299.0,313.0,346.0,366.0,368.0,479.0,529.0,555.0,572.0,600.0,678.0,713.0,717.0,763.0,838.0,856.0,862.0,881.0,918.0,929.0,990.0,
4.0,14.0,21.0,25.0,32.0,58.0,118.0,154.0,174.0,230.0,236.0,242.0,294.0,298.0,389.0,410.0,445.0,454.0,457.0,497.0,506.0,518.0,601.0,602.0,611.0,636.0,655.0,663.0,683.0,696.0,705.0,746.0,812.0,816.0,831.0,842.0,857.0,859.0,861.0,880.0,925.0,947.0,970.0,971.0,984.0,995.0,
28.0,169.0,177.0,184.0,218.0,226.0,283.0,283.0,380.0,389.0,409.0,429.0,504.0,558.0,597.0,619.0,626.0,631.0,644.0,667.0,678.0,712.0,752.0,809.0,810.0,816.0,837.0,843.0,878.0,897.0,914.0,916.0,918.0,923.0,924.0,953.0,
6.0,21.0,85.0,98.0,143.0,221.0,263.0,293.0,295.0,333.0,350.0,398.0,413.0,467.0,471.0,495.0,554.0,580.0,589.0,599.0,613.0,620.0,626.0,637.0,678.0,702.0,729.0,740.0,747.0,767.0,784.0,810.0,824.0,856.0,892.0,894.0,910.0,994.0,
44.0,69.0,72.0,91.0,96.0,103.0,135.0,187.0,221.0,245.0,248.0,286.0,328.0,332.0,350.0,385.0,391.0,418.0,452.0,504.0,590.0,623.0,626.0,629.0,643.0,695.0,707.0,716.0,802.0,804.0,811.0,880.0,888.0,930.0,934.0,934.0,943.0,951.0,960.0,968.0,976.0,
8.0,13.0,37.0,75.0,84.0,118.0,160.0,164.0,205.0,263.0,275.0,287.0,317.0,331.0,355.0,373.0,399.0,414.0,436.0,440.0,558.0,562.0,563.0,571.0,573.0,608.0,667.0,697.0,742.0,761.0,795.0,798.0,817.0,821.0,909.0,921.0,925.0,935.0,949.0,952.0,965.0,981.0,984.0,998.0,
25.0,37.0,43.0,55.0,85.0,93.0,99.0,104.0,135.0,150.0,193.0,242.0,261.0,262.0,276.0,292.0,344.0,361.0,386.0,410.0,425.0,482.0,519.0,549.0,553.0,579.0,666.0,668.0,695.0,702.0,756.0,821.0,835.0,877.0,987.0,
24.0,56.0,59.0,71.0,83.0,88.0,93.0,94.0,105.0,124.0,181.0,344.0,396.0,398.0,398.0,418.0,431.0,507.0,535.0,579.0,584.0,596.0,623.0,647.0,656.0,690.0,705.0,722.0,735.0,742.0,769.0,824.0,832.0,853.0,932.0,933.0,948.0,970.0,
24.0,47.0,67.0,87.0,92.0,149.0,189.0,217.0,225.0,232.0,241.0,306.0,310.0,352.0,375.0,378.0,383.0,397.0,416.0,429.0,504.0,562.0,577.0,634.0,678.0,684.0,698.0,718.0,817.0,834.0,899.0,970.0,974.0,984.0,
35.0,45.0,63.0,96.0,140.0,152.0,214.0,226.0,231.0,248.0,252.0,266.0,304.0,314.0,323.0,339.0,385.0,403.0,413.0,418.0,516.0,576.0,591.0,603.0,729.0,733.0,743.0,784.0,846.0,880.0,880.0,895.0,907.0,932.0,945.0,974.0,991.0,
35.0,37.0,113.0,122.0,142.0,145.0,168.0,184.0,193.0,236.0,249.0,282.0,285.0,309.0,312.0,335.0,363.0,380.0,436.0,470.0,500.0,525.0,594.0,612.0,664.0,692.0,744.0,825.0,869.0,892.0,968.0,985.0,996.0,
3.0,14.0,17.0,30.0,35.0,128.0,141.0,214.0,220.0,237.0,389.0,420.0,445.0,471.0,472.0,519.0,598.0,617.0,622.0,655.0,673.0,799.0,813.0,815.0,853.0,859.0,862.0,875.0,899.0,900.0,959.0,980.0,993.0,998.0,
151.0,160.0,210.0,233.0,265.0,287.0,331.0,344.0,346.0,367.0,380.0,399.0,401.0,427.0,538.0,542.0,660.0,704.0,793.0,826.0,865.0,896.0,952.0,978.0,
54.0,76.0,120.0,143.0,221.0,329.0,360.0,394.0,399.0,410.0,571.0,626.0,631.0,647.0,648.0,680.0,681.0,829.0,844.0,877.0,886.0,892.0,906.0,962.0,
25.0,116.0,141.0,168.0,168.0,181.0,185.0,191.0,223.0,225.0,270.0,281.0,307.0,314.0,381.0,394.0,433.0,434.0,459.0,463.0,466.0,514.0,558.0,568.0,574.0,594.0,640.0,645.0,652.0,666.0,667.0,678.0,696.0,780.0,794.0,818.0,849.0,867.0,897.0,911.0,913.0,934.0,944.0,969.0,973.0,974.0,991.0,1000.0,1000.0,
42.0,85.0,95.0,117.0,127.0,140.0,150.0,164.0,255.0,275.0,281.0,305.0,347.0,367.0,374.0,412.0,442.0,447.0,485.0,563.0,565.0,610.0,618.0,633.0,640.0,685.0,711.0,712.0,753.0,788.0,799.0,802.0,815.0,819.0,826.0,877.0,887.0,908.0,910.0,927.0,984.0,985.0,
36.0,74.0,115.0,127.0,132.0,133.0,137.0,166.0,171.0,172.0,177.0,189.0,241.0,253.0,440.0,442.0,501.0,555.0,636.0,639.0,649.0,715.0,723.0,743.0,790.0,805.0,822.0,825.0,836.0,870.0,908.0,926.0,952.0,
72.0,100.0,112.0,126.0,147.0,218.0,258.0,281.0,332.0,412.0,456.0,463.0,500.0,534.0,557.0,585.0,635.0,645.0,658.0,777.0,789.0,793.0,813.0,835.0,930.0,955.0,957.0,998.0,
6.0,107.0,138.0,142.0,145.0,162.0,265.0,298.0,309.0,315.0,393.0,412.0,452.0,468.0,479.0,488.0,513.0,525.0,569.0,612.0,613.0,653.0,688.0,696.0,756.0,766.0,775.0,792.0,804.0,807.0,812.0,819.0,861.0,864.0,868.0,902.0,923.0,956.0,956.0,986.0,993.0,
28.0,62.0,86.0,94.0,172.0,191.0,208.0,224.0,262.0,305.0,334.0,338.0,342.0,357.0,366.0,388.0,441.0,443.0,518.0,535.0,540.0,540.0,562.0,648.0,658.0,668.0,683.0,683.0,756.0,756.0,766.0,770.0,811.0,811.0,900.0,918.0,928.0,934.0,937.0,939.0,959.0,980.0,997.0,999.0,
17.0,37.0,76.0,102.0,102.0,175.0,291.0,301.0,357.0,359.0,405.0,407.0,452.0,478.0,505.0,544.0,565.0,605.0,641.0,644.0,656.0,672.0,699.0,703.0,706.0,723.0,732.0,732.0,770.0,782.0,823.0,840.0,842.0,848.0,850.0,879.0,969.0,982.0,1000.0,
10.0,90.0,113.0,115.0,137.0,261.0,266.0,267.0,309.0,312.0,339.0,341.0,358.0,429.0,452.0,460.0,472.0,493.0,501.0,635.0,685.0,693.0,701.0,702.0,708.0,712.0,740.0,748.0,755.0,759.0,763.0,793.0,932.0,943.0,970.0,978.0,
20.0,20.0,43.0,103.0,111.0,137.0,158.0,213.0,240.0,250.0,334.0,381.0,453.0,474.0,481.0,488.0,891.0,947.0,995.0,
15.0,17.0,39.0,65.0,71.0,81.0,89.0,103.0,111.0,159.0,190.0,215.0,271.0,321.0,336.0,349.0,357.0,408.0,426.0,445.0,446.0,453.0,473.0,476.0,491.0,
41.0,53.0,59.0,78.0,108.0,134.0,136.0,137.0,161.0,189.0,192.0,194.0,205.0,251.0,286.0,327.0,353.0,390.0,481.0,493.0,853.0,
26.0,45.0,78.0,102.0,109.0,129.0,227.0,296.0,330.0,341.0,354.0,360.0,367.0,392.0,451.0,464.0,501.0,615.0,679.0,707.0,714.0,735.0,740.0,742.0,758.0,827.0,829.0,852.0,854.0,887.0,923.0,923.0,930.0,943.0,963.0,967.0,971.0,979.0,
16.0,29.0,115.0,149.0,168.0,225.0,245.0,267.0,269.0,296.0,321.0,341.0,408.0,429.0,446.0,451.0,465.0,504.0,541.0,545.0,553.0,553.0,558.0,589.0,608.0,611.0,632.0,670.0,708.0,759.0,778.0,785.0,788.0,871.0,880.0,888.0,894.0,896.0,905.0,915.0,929.0,999.0,
20.0,36.0,111.0,142.0,173.0,187.0,211.0,289.0,307.0,308.0,328.0,335.0,338.0,341.0,341.0,387.0,388.0,405.0,406.0,422.0,429.0,473.0,506.0,568.0,591.0,645.0,659.0,687.0,698.0,718.0,767.0,796.0,809.0,814.0,840.0,845.0,888.0,892.0,902.0,906.0,910.0,974.0,995.0,
76.0,107.0,146.0,155.0,186.0,276.0,304.0,320.0,332.0,341.0,400.0,439.0,469.0,524.0,560.0,566.0,613.0,696.0,751.0,804.0,821.0,886.0,998.0,
22.0,66.0,79.0,98.0,132.0,157.0,176.0,236.0,244.0,254.0,286.0,287.0,312.0,335.0,380.0,453.0,456.0,473.0,474.0,519.0,540.0,584.0,599.0,683.0,687.0,727.0,729.0,737.0,760.0,768.0,808.0,834.0,904.0,921.0,929.0,931.0,938.0,953.0,981.0,997.0,
8.0,19.0,47.0,103.0,126.0,148.0,171.0,173.0,187.0,193.0,245.0,271.0,290.0,367.0,427.0,432.0,471.0,480.0,481.0,503.0,507.0,547.0,608.0,638.0,641.0,667.0,683.0,693.0,737.0,738.0,812.0,830.0,932.0,933.0,950.0,979.0,982.0,983.0,
4.0,39.0,108.0,120.0,212.0,220.0,242.0,281.0,303.0,369.0,438.0,470.0,505.0,840.0,872.0,
17.0,20.0,21.0,22.0,66.0,134.0,206.0,215.0,216.0,274.0,281.0,297.0,362.0,374.0,384.0,437.0,472.0,
4.0,26.0,46.0,112.0,116.0,125.0,192.0,202.0,242.0,249.0,323.0,335.0,442.0,474.0,928.0,
11.0,27.0,37.0,62.0,85.0,138.0,153.0,155.0,178.0,265.0,359.0,373.0,422.0,450.0,491.0,495.0,
12.0,43.0,79.0,84.0,97.0,110.0,118.0,145.0,147.0,156.0,261.0,281.0,289.0,325.0,375.0,377.0,383.0,387.0,429.0,437.0,448.0,488.0,498.0,884.0,
42.0,66.0,73.0,85.0,105.0,116.0,165.0,209.0,210.0,224.0,253.0,253.0,280.0,345.0,365.0,396.0,397.0,401.0,440.0,500.0,507.0,558.0,590.0,615.0,630.0,631.0,664.0,674.0,683.0,689.0,771.0,777.0,784.0,799.0,810.0,849.0,870.0,893.0,908.0,918.0,950.0,952.0,981.0,
24.0,46.0,52.0,117.0,117.0,155.0,167.0,179.0,190.0,250.0,282.0,293.0,382.0,388.0,396.0,443.0,462.0,492.0,529.0,557.0,563.0,565.0,569.0,585.0,587.0,611.0,611.0,633.0,691.0,728.0,732.0,837.0,954.0,998.0,
28.0,61.0,78.0,95.0,102.0,111.0,119.0,158.0,200.0,217.0,234.0,239.0,295.0,312.0,332.0,414.0,451.0,494.0,506.0,509.0,520.0,523.0,524.0,537.0,557.0,571.0,594.0,627.0,635.0,641.0,668.0,685.0,713.0,719.0,768.0,824.0,864.0,880.0,912.0,950.0,966.0,975.0,
17.0,27.0,41.0,72.0,75.0,89.0,118.0,153.0,196.0,241.0,251.0,281.0,296.0,299.0,305.0,339.0,355.0,389.0,389.0,392.0,397.0,459.0,469.0,501.0,503.0,515.0,529.0,548.0,560.0,598.0,622.0,692.0,692.0,737.0,742.0,765.0,798.0,808.0,843.0,882.0,892.0,893.0,905.0,935.0,964.0,985.0,988.0,
30.0,64.0,99.0,150.0,253.0,303.0,331.0,372.0,383.0,403.0,408.0,466.0,488.0,494.0,535.0,565.0,596.0,618.0,620.0,648.0,652.0,715.0,729.0,734.0,752.0,798.0,825.0,834.0,850.0,891.0,891.0,892.0,895.0,945.0,976.0,
15.0,33.0,54.0,65.0,81.0,85.0,101.0,133.0,134.0,157.0,161.0,189.0,256.0,278.0,285.0,322.0,327.0,343.0,369.0,478.0,479.0,
7.0,48.0,71.0,112.0,144.0,144.0,144.0,187.0,220.0,224.0,229.0,265.0,274.0,283.0,302.0,312.0,380.0,388.0,463.0,484.0,491.0,856.0,992.0,
18.0,25.0,29.0,54.0,72.0,90.0,141.0,215.0,226.0,307.0,364.0,372.0,403.0,454.0,458.0,476.0,818.0,879.0,885.0,
43.0,44.0,51.0,90.0,95.0,113.0,128.0,136.0,169.0,182.0,251.0,291.0,332.0,441.0,497.0,863.0,864.0,970.0,
68.0,141.0,157.0,216.0,223.0,255.0,257.0,271.0,285.0,338.0,361.0,365.0,372.0,416.0,417.0,432.0,
8.0,22.0,36.0,44.0,73.0,92.0,114.0,117.0,124.0,127.0,133.0,206.0,223.0,271.0,298.0,358.0,431.0,435.0,451.0,463.0,488.0,490.0,595.0,619.0,626.0,640.0,678.0,731.0,744.0,754.0,795.0,796.0,796.0,820.0,825.0,838.0,842.0,903.0,905.0,905.0,905.0,907.0,912.0,914.0,922.0,934.0,939.0,983.0,
13.0,27.0,28.0,37.0,62.0,103.0,111.0,128.0,129.0,165.0,178.0,272.0,295.0,308.0,369.0,379.0,390.0,393.0,467.0,507.0,534.0,562.0,567.0,590.0,591.0,603.0,611.0,620.0,621.0,648.0,657.0,688.0,737.0,745.0,745.0,761.0,806.0,837.0,864.0,875.0,880.0,884.0,889.0,922.0,922.0,
32.0,59.0,102.0,112.0,127.0,180.0,261.0,264.0,270.0,321.0,405.0,457.0,472.0,483.0,485.0,490.0,530.0,576.0,614.0,673.0,734.0,836.0,888.0,893.0,898.0,904.0,928.0,968.0,973.0,990.0,
9.0,15.0,55.0,68.0,109.0,160.0,200.0,391.0,484.0,504.0,555.0,567.0,589.0,590.0,600.0,665.0,709.0,720.0,735.0,749.0,813.0,830.0,843.0,881.0,891.0,904.0,905.0,917.0,981.0,
32.0,39.0,84.0,92.0,114.0,193.0,211.0,238.0,248.0,262.0,268.0,316.0,328.0,347.0,380.0,408.0,472.0,478.0,548.0,557.0,597.0,609.0,814.0,829.0,834.0,834.0,859.0,888.0,905.0,920.0,923.0,978.0,997.0,
85.0,95.0,139.0,186.0,225.0,274.0,301.0,306.0,312.0,336.0,371.0,892.0,984.0,
79.0,110.0,202.0,206.0,210.0,252.0,301.0,310.0,320.0,323.0,327.0,354.0,356.0,372.0,380.0,443.0,444.0,446.0,480.0,
17.0,23.0,25.0,26.0,59.0,111.0,131.0,135.0,167.0,178.0,182.0,199.0,215.0,222.0,242.0,243.0,254.0,255.0,351.0,389.0,414.0,449.0,485.0,491.0,492.0,496.0,876.0,929.0,
94.0,95.0,103.0,140.0,148.0,223.0,239.0,263.0,285.0,360.0,390.0,419.0,433.0,
5.0,11.0,19.0,25.0,68.0,95.0,97.0,125.0,130.0,148.0,153.0,161.0,196.0,197.0,215.0,236.0,240.0,287.0,292.0,295.0,384.0,414.0,441.0,442.0,442.0,459.0,984.0,
40.0,60.0,86.0,131.0,147.0,154.0,155.0,224.0,228.0,231.0,232.0,241.0,281.0,324.0,331.0,405.0,424.0,436.0,474.0,483.0,491.0,494.0,513.0,514.0,532.0,547.0,574.0,602.0,636.0,743.0,747.0,761.0,788.0,852.0,857.0,869.0,893.0,893.0,931.0,967.0,984.0,987.0,
81.0,100.0,134.0,140.0,151.0,157.0,161.0,192.0,199.0,204.0,215.0,246.0,346.0,396.0,407.0,433.0,451.0,467.0,487.0,517.0,595.0,595.0,595.0,645.0,648.0,649.0,669.0,676.0,697.0,722.0,724.0,741.0,755.0,773.0,779.0,813.0,829.0,843.0,857.0,857.0,881.0,881.0,886.0,900.0,903.0,948.0,
49.0,130.0,151.0,165.0,170.0,173.0,173.0,175.0,183.0,249.0,371.0,385.0,392.0,430.0,448.0,452.0,454.0,482.0,482.0,489.0,520.0,560.0,585.0,606.0,672.0,692.0,725.0,751.0,767.0,848.0,854.0,862.0,873.0,879.0,894.0,896.0,924.0,925.0,940.0,944.0,
8.0,12.0,35.0,44.0,45.0,50.0,76.0,120.0,183.0,216.0,223.0,227.0,241.0,243.0,244.0,264.0,316.0,393.0,412.0,466.0,469.0,489.0,519.0,524.0,539.0,600.0,723.0,734.0,749.0,754.0,780.0,789.0,844.0,855.0,868.0,870.0,880.0,880.0,887.0,932.0,954.0,986.0,
24.0,47.0,53.0,78.0,95.0,122.0,145.0,164.0,165.0,223.0,230.0,256.0,295.0,321.0,395.0,410.0,424.0,468.0,482.0,514.0,524.0,559.0,561.0,571.0,573.0,581.0,635.0,664.0,669.0,674.0,676.0,713.0,714.0,731.0,736.0,791.0,797.0,797.0,805.0,849.0,934.0,934.0,936.0,944.0,
52.0,90.0,134.0,195.0,200.0,200.0,231.0,257.0,295.0,353.0,387.0,409.0,424.0,424.0,426.0,433.0,442.0,462.0,466.0,619.0,669.0,768.0,775.0,777.0,785.0,808.0,819.0,823.0,826.0,828.0,861.0,865.0,894.0,914.0,925.0,
50.0,98.0,135.0,217.0,249.0,256.0,301.0,359.0,383.0,392.0,406.0,449.0,478.0,491.0,496.0,
3.0,15.0,23.0,28.0,35.0,124.0,153.0,200.0,206.0,222.0,228.0,283.0,293.0,294.0,333.0,337.0,338.0,351.0,384.0,387.0,410.0,415.0,442.0,453.0,486.0,
5.0,25.0,54.0,54.0,54.0,139.0,175.0,189.0,191.0,192.0,193.0,201.0,205.0,213.0,215.0,218.0,237.0,244.0,245.0,332.0,354.0,378.0,422.0,430.0,448.0,492.0,510.0,853.0,942.0,
16.0,81.0,106.0,150.0,166.0,168.0,182.0,205.0,217.0,267.0,310.0,333.0,365.0,377.0,382.0,399.0,403.0,459.0,465.0,501.0,593.0,600.0,649.0,663.0,683.0,683.0,699.0,765.0,767.0,808.0,920.0,941.0,952.0,993.0,
85.0,136.0,138.0,178.0,184.0,185.0,221.0,234.0,261.0,277.0,370.0,371.0,390.0,397.0,436.0,444.0,448.0,505.0,537.0,573.0,619.0,703.0,774.0,828.0,864.0,880.0,886.0,886.0,920.0,922.0,922.0,928.0,953.0,957.0,986.0,997.0,999.0,
51.0,127.0,174.0,180.0,186.0,286.0,305.0,342.0,348.0,351.0,382.0,439.0,496.0,526.0,565.0,578.0,597.0,599.0,677.0,685.0,692.0,710.0,753.0,777.0,786.0,832.0,865.0,879.0,896.0,935.0,938.0,992.0,
44.0,46.0,56.0,116.0,138.0,199.0,223.0,261.0,301.0,371.0,384.0,395.0,402.0,424.0,427.0,499.0,525.0,584.0,590.0,648.0,771.0,804.0,813.0,859.0,879.0,883.0,894.0,952.0,971.0,983.0,999.0,
12.0,47.0,97.0,140.0,149.0,152.0,163.0,165.0,262.0,264.0,312.0,342.0,397.0,455.0,466.0,499.0,500.0,545.0,550.0,590.0,639.0,699.0,705.0,706.0,737.0,829.0,849.0,864.0,868.0,873.0,876.0,883.0,896.0,942.0,955.0,973.0,
14.0,14.0,16.0,35.0,49.0,51.0,67.0,72.0,84.0,100.0,138.0,139.0,143.0,162.0,166.0,195.0,195.0,196.0,250.0,254.0,268.0,370.0,436.0,500.0,504.0,515.0,532.0,536.0,542.0,558.0,569.0,582.0,638.0,639.0,655.0,663.0,682.0,706.0,733.0,737.0,739.0,751.0,766.0,791.0,808.0,836.0,838.0,888.0,889.0,899.0,916.0,919.0,927.0,953.0,999.0,
124.0,149.0,186.0,217.0,240.0,304.0,316.0,327.0,361.0,363.0,400.0,412.0,417.0,426.0,433.0,491.0,503.0,512.0,561.0,589.0,590.0,616.0,635.0,651.0,665.0,680.0,722.0,742.0,747.0,771.0,783.0,825.0,836.0,842.0,908.0,925.0,925.0,979.0,
38.0,44.0,90.0,103.0,130.0,152.0,164.0,193.0,198.0,218.0,240.0,254.0,262.0,321.0,325.0,346.0,370.0,381.0,412.0,416.0,496.0,499.0,507.0,536.0,576.0,632.0,687.0,695.0,714.0,722.0,738.0,740.0,806.0,832.0,863.0,933.0,987.0,
78.0,85.0,93.0,108.0,109.0,119.0,139.0,155.0,169.0,181.0,194.0,216.0,219.0,231.0,239.0,244.0,251.0,264.0,266.0,275.0,309.0,339.0,342.0,369.0,371.0,373.0,399.0,407.0,450.0,484.0,513.0,542.0,580.0,595.0,659.0,681.0,715.0,719.0,761.0,767.0,800.0,816.0,859.0,905.0,982.0,
9.0,10.0,77.0,83.0,115.0,163.0,172.0,225.0,244.0,256.0,261.0,268.0,273.0,277.0,282.0,287.0,311.0,374.0,381.0,394.0,395.0,422.0,582.0,584.0,609.0,612.0,628.0,646.0,654.0,663.0,673.0,705.0,716.0,736.0,764.0,792.0,801.0,903.0,932.0,
25.0,96.0,194.0,215.0,246.0,283.0,310.0,315.0,336.0,384.0,414.0,433.0,434.0,529.0,532.0,542.0,582.0,633.0,644.0,713.0,720.0,750.0,753.0,776.0,790.0,831.0,839.0,842.0,882.0,896.0,907.0,922.0,961.0,
45.0,71.0,80.0,85.0,87.0,193.0,209.0,237.0,240.0,255.0,326.0,390.0,410.0,412.0,436.0,439.0,526.0,561.0,585.0,592.0,606.0,608.0,623.0,631.0,651.0,671.0,739.0,741.0,747.0,774.0,786.0,795.0,803.0,828.0,887.0,913.0,924.0,932.0,962.0,974.0,
5.0,11.0,34.0,47.0,76.0,130.0,137.0,146.0,194.0,206.0,207.0,228.0,283.0,298.0,330.0,372.0,422.0,438.0,480.0,489.0,490.0,494.0,581.0,588.0,630.0,656.0,657.0,669.0,703.0,711.0,732.0,754.0,776.0,810.0,905.0,938.0,945.0,946.0,952.0,971.0,990.0,991.0,
13.0,35.0,37.0,39.0,40.0,80.0,86.0,115.0,129.0,144.0,189.0,267.0,293.0,294.0,379.0,406.0,410.0,426.0,469.0,516.0,526.0,612.0,621.0,628.0,647.0,653.0,676.0,717.0,732.0,735.0,776.0,781.0,823.0,840.0,858.0,859.0,871.0,923.0,930.0,950.0,997.0,997.0,
10.0,16.0,88.0,90.0,93.0,100.0,107.0,118.0,146.0,185.0,192.0,231.0,232.0,239.0,289.0,295.0,300.0,366.0,376.0,378.0,378.0,390.0,413.0,413.0,473.0,495.0,497.0,522.0,533.0,542.0,581.0,589.0,609.0,641.0,655.0,712.0,713.0,789.0,795.0,803.0,862.0,907.0,907.0,965.0,987.0,999.0,
31.0,57.0,75.0,93.0,114.0,152.0,162.0,170.0,181.0,183.0,193.0,204.0,229.0,231.0,231.0,259.0,286.0,303.0,309.0,354.0,378.0,380.0,407.0,423.0,482.0,486.0,496.0,515.0,534.0,549.0,562.0,620.0,627.0,628.0,660.0,661.0,667.0,668.0,707.0,710.0,751.0,780.0,800.0,823.0,869.0,914.0,959.0,
16.0,26.0,32.0,44.0,47.0,57.0,71.0,128.0,136.0,143.0,176.0,212.0,212.0,213.0,215.0,251.0,256.0,261.0,305.0,354.0,401.0,455.0,584.0,584.0,586.0,591.0,604.0,670.0,676.0,680.0,694.0,718.0,748.0,752.0,794.0,857.0,908.0,
29.0,38.0,42.0,111.0,124.0,134.0,138.0,263.0,304.0,325.0,338.0,360.0,361.0,413.0,454.0,459.0,478.0,493.0,521.0,543.0,562.0,619.0,619.0,621.0,645.0,681.0,701.0,732.0,750.0,798.0,857.0,884.0,929.0,983.0,986.0,986.0,
43.0,49.0,74.0,143.0,178.0,199.0,206.0,295.0,298.0,310.0,358.0,378.0,378.0,452.0,468.0,473.0,593.0,674.0,683.0,686.0,691.0,692.0,707.0,708.0,765.0,800.0,838.0,840.0,848.0,856.0,890.0,895.0,902.0,915.0,943.0,967.0,967.0,
7.0,55.0,85.0,139.0,157.0,192.0,208.0,210.0,213.0,271.0,315.0,316.0,334.0,442.0,475.0,513.0,549.0,566.0,594.0,605.0,621.0,627.0,634.0,650.0,670.0,720.0,740.0,742.0,745.0,769.0,770.0,783.0,793.0,814.0,867.0,949.0,
54.0,88.0,96.0,140.0,158.0,206.0,214.0,444.0,515.0,583.0,596.0,602.0,641.0,682.0,733.0,757.0,759.0,774.0,821.0,834.0,839.0,850.0,872.0,874.0,901.0,922.0,928.0,934.0,
7.0,52.0,81.0,114.0,151.0,192.0,230.0,269.0,320.0,380.0,389.0,396.0,437.0,461.0,475.0,615.0,627.0,627.0,627.0,668.0,680.0,773.0,855.0,872.0,942.0,984.0,993.0,
26.0,77.0,119.0,134.0,160.0,169.0,186.0,224.0,228.0,252.0,442.0,445.0,576.0,637.0,757.0,795.0,799.0,814.0,889.0,896.0,942.0,973.0,
