17.0,51.0,55.0,112.0,140.0,155.0,173.0,177.0,196.0,208.0,213.0,260.0,306.0,316.0,362.0,366.0,375.0,433.0,485.0,507.0,590.0,619.0,662.0,671.0,723.0,767.0,774.0,813.0,813.0,819.0,823.0,845.0,859.0,883.0,917.0,934.0,
21.0,36.0,63.0,109.0,149.0,183.0,184.0,240.0,251.0,286.0,303.0,339.0,373.0,376.0,403.0,419.0,434.0,456.0,503.0,607.0,610.0,620.0,660.0,698.0,700.0,725.0,740.0,814.0,897.0,932.0,998.0,
73.0,93.0,116.0,130.0,192.0,227.0,232.0,237.0,252.0,306.0,442.0,445.0,487.0,491.0,512.0,569.0,572.0,575.0,593.0,626.0,655.0,656.0,656.0,682.0,725.0,780.0,799.0,831.0,831.0,854.0,875.0,884.0,901.0,910.0,961.0,
2.0,16.0,38.0,53.0,66.0,146.0,154.0,167.0,167.0,178.0,230.0,256.0,302.0,314.0,325.0,373.0,384.0,408.0,410.0,437.0,443.0,450.0,494.0,545.0,566.0,592.0,621.0,664.0,694.0,713.0,746.0,779.0,797.0,812.0,822.0,830.0,859.0,881.0,956.0,969.0,
36.0,40.0,71.0,85.0,110.0,122.0,124.0,143.0,161.0,180.0,189.0,191.0,192.0,195.0,203.0,247.0,299.0,300.0,300.0,313.0,384.0,389.0,402.0,427.0,439.0,453.0,475.0,478.0,524.0,587.0,606.0,616.0,621.0,641.0,676.0,720.0,722.0,754.0,760.0,789.0,833.0,871.0,892.0,894.0,915.0,
32.0,33.0,42.0,81.0,99.0,108.0,108.0,130.0,138.0,182.0,184.0,195.0,218.0,223.0,230.0,231.0,271.0,290.0,328.0,383.0,394.0,414.0,415.0,517.0,532.0,535.0,542.0,548.0,573.0,603.0,628.0,664.0,747.0,775.0,797.0,835.0,840.0,846.0,863.0,881.0,914.0,929.0,944.0,947.0,967.0,969.0,
5.0,16.0,24.0,41.0,70.0,111.0,173.0,208.0,216.0,220.0,283.0,314.0,325.0,371.0,405.0,406.0,457.0,460.0,472.0,490.0,503.0,547.0,561.0,567.0,581.0,596.0,619.0,625.0,637.0,646.0,649.0,652.0,669.0,737.0,746.0,746.0,764.0,799.0,811.0,844.0,867.0,879.0,894.0,943.0,944.0,
37.0,65.0,127.0,175.0,178.0,192.0,200.0,208.0,253.0,255.0,260.0,262.0,281.0,289.0,349.0,367.0,374.0,400.0,424.0,440.0,446.0,523.0,525.0,540.0,558.0,574.0,589.0,643.0,727.0,733.0,745.0,767.0,817.0,845.0,877.0,891.0,924.0,930.0,957.0,
9.0,12.0,32.0,71.0,81.0,157.0,190.0,218.0,222.0,227.0,230.0,254.0,255.0,270.0,280.0,283.0,328.0,353.0,363.0,367.0,367.0,375.0,380.0,417.0,435.0,477.0,539.0,540.0,548.0,573.0,588.0,589.0,615.0,657.0,674.0,682.0,711.0,718.0,811.0,840.0,856.0,895.0,934.0,959.0,
24.0,63.0,78.0,110.0,114.0,125.0,166.0,189.0,190.0,213.0,223.0,265.0,337.0,339.0,361.0,389.0,408.0,525.0,554.0,615.0,636.0,682.0,690.0,693.0,707.0,710.0,746.0,820.0,899.0,908.0,986.0,995.0,996.0,
59.0,150.0,179.0,220.0,223.0,244.0,260.0,272.0,281.0,292.0,295.0,303.0,371.0,386.0,387.0,408.0,452.0,466.0,492.0,545.0,610.0,631.0,710.0,716.0,725.0,778.0,799.0,801.0,818.0,845.0,852.0,870.0,871.0,872.0,920.0,944.0,961.0,987.0,994.0,
17.0,23.0,120.0,129.0,133.0,152.0,154.0,170.0,189.0,196.0,197.0,200.0,203.0,230.0,230.0,281.0,282.0,311.0,315.0,336.0,345.0,363.0,367.0,378.0,388.0,411.0,425.0,440.0,449.0,469.0,475.0,507.0,542.0,656.0,685.0,690.0,734.0,739.0,750.0,799.0,802.0,822.0,829.0,885.0,920.0,979.0,982.0,
13.0,36.0,50.0,85.0,115.0,127.0,129.0,139.0,173.0,209.0,236.0,301.0,378.0,408.0,410.0,424.0,425.0,440.0,461.0,480.0,527.0,561.0,581.0,602.0,608.0,645.0,650.0,657.0,694.0,733.0,739.0,742.0,756.0,792.0,810.0,826.0,842.0,854.0,865.0,869.0,905.0,948.0,960.0,967.0,985.0,
26.0,136.0,138.0,144.0,189.0,213.0,213.0,259.0,307.0,322.0,344.0,347.0,408.0,411.0,460.0,475.0,510.0,517.0,519.0,524.0,533.0,543.0,597.0,624.0,627.0,651.0,662.0,703.0,716.0,818.0,855.0,879.0,956.0,
3.0,35.0,69.0,92.0,124.0,192.0,202.0,229.0,297.0,344.0,394.0,403.0,465.0,480.0,526.0,591.0,622.0,673.0,688.0,735.0,745.0,749.0,754.0,767.0,783.0,797.0,806.0,856.0,860.0,971.0,
16.0,37.0,65.0,67.0,80.0,103.0,147.0,260.0,271.0,349.0,407.0,440.0,474.0,479.0,482.0,562.0,581.0,649.0,673.0,702.0,726.0,738.0,765.0,766.0,790.0,805.0,832.0,841.0,863.0,909.0,916.0,916.0,942.0,947.0,979.0,
19.0,49.0,76.0,119.0,142.0,179.0,208.0,209.0,212.0,215.0,299.0,310.0,318.0,341.0,356.0,416.0,418.0,443.0,457.0,556.0,558.0,565.0,606.0,609.0,633.0,673.0,700.0,708.0,754.0,764.0,768.0,779.0,820.0,881.0,894.0,929.0,932.0,936.0,945.0,969.0,969.0,999.0,
14.0,62.0,79.0,119.0,121.0,180.0,194.0,212.0,260.0,309.0,433.0,435.0,532.0,610.0,615.0,621.0,633.0,674.0,697.0,748.0,762.0,762.0,780.0,801.0,873.0,881.0,888.0,907.0,923.0,931.0,949.0,
7.0,10.0,23.0,38.0,49.0,83.0,153.0,176.0,180.0,204.0,220.0,238.0,266.0,279.0,292.0,300.0,347.0,387.0,413.0,504.0,529.0,638.0,650.0,724.0,734.0,737.0,756.0,767.0,778.0,798.0,821.0,859.0,888.0,894.0,920.0,945.0,949.0,956.0,960.0,997.0,
23.0,63.0,119.0,138.0,138.0,150.0,162.0,171.0,172.0,251.0,290.0,309.0,331.0,363.0,364.0,429.0,435.0,439.0,497.0,527.0,542.0,553.0,637.0,647.0,662.0,686.0,699.0,802.0,807.0,830.0,842.0,857.0,952.0,955.0,
16.0,47.0,56.0,99.0,117.0,121.0,129.0,142.0,166.0,173.0,189.0,190.0,272.0,282.0,302.0,305.0,323.0,327.0,384.0,385.0,397.0,401.0,421.0,464.0,493.0,500.0,508.0,512.0,555.0,594.0,596.0,603.0,646.0,679.0,689.0,726.0,810.0,819.0,826.0,879.0,890.0,905.0,960.0,978.0,
43.0,73.0,74.0,140.0,177.0,195.0,198.0,227.0,233.0,240.0,246.0,281.0,292.0,296.0,446.0,451.0,494.0,533.0,616.0,645.0,698.0,731.0,744.0,763.0,785.0,799.0,873.0,889.0,926.0,930.0,946.0,993.0,995.0,
7.0,17.0,45.0,68.0,73.0,80.0,89.0,96.0,99.0,112.0,124.0,151.0,161.0,242.0,263.0,296.0,308.0,354.0,356.0,365.0,382.0,388.0,421.0,427.0,441.0,453.0,458.0,483.0,513.0,581.0,582.0,642.0,647.0,682.0,687.0,780.0,783.0,826.0,845.0,864.0,868.0,916.0,948.0,950.0,968.0,998.0,
9.0,71.0,73.0,84.0,108.0,117.0,177.0,178.0,247.0,367.0,376.0,396.0,402.0,441.0,493.0,494.0,495.0,507.0,542.0,608.0,621.0,628.0,634.0,651.0,661.0,676.0,679.0,741.0,823.0,843.0,963.0,967.0,968.0,
114.0,130.0,152.0,153.0,170.0,180.0,184.0,190.0,195.0,203.0,233.0,252.0,252.0,265.0,297.0,322.0,351.0,373.0,438.0,457.0,519.0,526.0,544.0,548.0,559.0,579.0,592.0,615.0,616.0,649.0,659.0,665.0,666.0,706.0,730.0,730.0,742.0,769.0,769.0,782.0,789.0,795.0,815.0,820.0,850.0,856.0,884.0,911.0,922.0,939.0,948.0,
50.0,77.0,78.0,115.0,172.0,172.0,202.0,294.0,297.0,318.0,361.0,362.0,368.0,373.0,387.0,411.0,423.0,477.0,478.0,479.0,499.0,554.0,566.0,568.0,569.0,595.0,597.0,611.0,622.0,662.0,679.0,692.0,736.0,753.0,768.0,800.0,818.0,828.0,862.0,872.0,917.0,921.0,941.0,960.0,978.0,
13.0,38.0,65.0,66.0,85.0,153.0,174.0,223.0,243.0,297.0,301.0,321.0,352.0,371.0,416.0,425.0,432.0,447.0,454.0,462.0,472.0,555.0,555.0,564.0,577.0,583.0,690.0,698.0,711.0,715.0,730.0,761.0,769.0,832.0,848.0,865.0,892.0,931.0,936.0,948.0,952.0,974.0,978.0,
46.0,69.0,145.0,154.0,192.0,216.0,224.0,235.0,244.0,257.0,264.0,275.0,342.0,348.0,362.0,458.0,463.0,469.0,519.0,525.0,557.0,581.0,603.0,603.0,620.0,620.0,633.0,636.0,647.0,659.0,660.0,661.0,662.0,696.0,711.0,738.0,759.0,813.0,820.0,839.0,881.0,912.0,917.0,932.0,
5.0,10.0,20.0,93.0,149.0,160.0,164.0,179.0,198.0,211.0,236.0,236.0,257.0,283.0,283.0,336.0,353.0,402.0,413.0,427.0,436.0,449.0,456.0,457.0,545.0,597.0,619.0,642.0,656.0,665.0,684.0,717.0,723.0,759.0,778.0,797.0,798.0,947.0,985.0,999.0,
29.0,106.0,114.0,161.0,226.0,231.0,252.0,323.0,365.0,400.0,425.0,502.0,545.0,589.0,613.0,637.0,651.0,653.0,694.0,731.0,823.0,826.0,841.0,844.0,858.0,858.0,928.0,928.0,932.0,981.0,
30.0,63.0,88.0,102.0,102.0,112.0,148.0,148.0,158.0,158.0,164.0,227.0,256.0,302.0,308.0,309.0,323.0,330.0,343.0,348.0,447.0,457.0,495.0,495.0,506.0,597.0,600.0,605.0,690.0,722.0,750.0,752.0,763.0,770.0,785.0,821.0,936.0,939.0,978.0,
6.0,27.0,57.0,129.0,130.0,136.0,144.0,163.0,187.0,227.0,235.0,251.0,263.0,264.0,284.0,297.0,436.0,454.0,468.0,489.0,538.0,563.0,563.0,601.0,628.0,638.0,656.0,664.0,673.0,676.0,700.0,701.0,708.0,834.0,857.0,921.0,921.0,931.0,937.0,951.0,978.0,
10.0,24.0,28.0,31.0,44.0,82.0,101.0,105.0,129.0,213.0,245.0,245.0,263.0,326.0,378.0,383.0,390.0,417.0,443.0,453.0,499.0,514.0,595.0,602.0,649.0,661.0,685.0,719.0,745.0,783.0,834.0,856.0,871.0,876.0,885.0,980.0,991.0,
29.0,36.0,66.0,72.0,95.0,96.0,116.0,134.0,141.0,156.0,164.0,181.0,183.0,257.0,261.0,295.0,321.0,339.0,354.0,367.0,374.0,444.0,460.0,486.0,563.0,622.0,710.0,795.0,840.0,855.0,921.0,922.0,954.0,977.0,981.0,987.0,
53.0,55.0,58.0,72.0,92.0,108.0,137.0,166.0,203.0,214.0,239.0,255.0,327.0,367.0,411.0,414.0,429.0,500.0,777.0,910.0,949.0,991.0,
44.0,67.0,84.0,122.0,170.0,187.0,218.0,223.0,252.0,282.0,446.0,461.0,466.0,493.0,
23.0,48.0,50.0,54.0,85.0,134.0,141.0,142.0,160.0,180.0,192.0,200.0,201.0,232.0,296.0,326.0,357.0,368.0,423.0,432.0,495.0,969.0,
36.0,59.0,70.0,80.0,173.0,181.0,201.0,220.0,222.0,250.0,361.0,439.0,451.0,453.0,489.0,504.0,515.0,604.0,640.0,678.0,685.0,709.0,710.0,727.0,752.0,786.0,796.0,940.0,950.0,958.0,975.0,979.0,982.0,995.0,
7.0,30.0,35.0,39.0,46.0,54.0,79.0,87.0,120.0,128.0,138.0,158.0,189.0,190.0,196.0,217.0,219.0,257.0,282.0,322.0,335.0,341.0,345.0,372.0,415.0,427.0,513.0,513.0,515.0,530.0,539.0,543.0,566.0,594.0,600.0,611.0,624.0,645.0,647.0,720.0,723.0,729.0,772.0,899.0,989.0,995.0,
3.0,13.0,20.0,54.0,73.0,88.0,110.0,132.0,143.0,181.0,208.0,241.0,241.0,262.0,305.0,311.0,317.0,379.0,397.0,406.0,413.0,438.0,442.0,467.0,500.0,548.0,579.0,596.0,601.0,616.0,638.0,645.0,656.0,662.0,663.0,673.0,735.0,765.0,787.0,825.0,869.0,887.0,890.0,942.0,947.0,
12.0,45.0,52.0,52.0,122.0,160.0,169.0,266.0,282.0,293.0,305.0,328.0,386.0,422.0,447.0,488.0,497.0,506.0,509.0,514.0,524.0,561.0,581.0,587.0,606.0,608.0,618.0,665.0,681.0,718.0,722.0,729.0,737.0,766.0,781.0,788.0,796.0,801.0,892.0,978.0,982.0,
31.0,34.0,43.0,54.0,54.0,63.0,113.0,125.0,148.0,176.0,196.0,197.0,213.0,228.0,235.0,237.0,247.0,247.0,278.0,292.0,405.0,415.0,462.0,489.0,512.0,527.0,536.0,547.0,615.0,661.0,679.0,688.0,690.0,741.0,747.0,826.0,829.0,830.0,832.0,906.0,906.0,907.0,910.0,919.0,930.0,936.0,944.0,953.0,976.0,
2.0,3.0,24.0,24.0,25.0,71.0,84.0,137.0,143.0,160.0,188.0,188.0,209.0,252.0,372.0,375.0,395.0,430.0,444.0,516.0,570.0,646.0,669.0,675.0,708.0,753.0,758.0,759.0,791.0,795.0,811.0,816.0,825.0,829.0,835.0,841.0,929.0,940.0,956.0,960.0,969.0,
4.0,10.0,29.0,44.0,48.0,58.0,92.0,126.0,137.0,210.0,241.0,266.0,311.0,384.0,396.0,422.0,450.0,482.0,910.0,
7.0,11.0,60.0,130.0,151.0,156.0,182.0,248.0,316.0,396.0,406.0,409.0,413.0,424.0,429.0,430.0,459.0,469.0,479.0,483.0,
3.0,46.0,59.0,61.0,67.0,74.0,84.0,309.0,313.0,382.0,388.0,425.0,883.0,925.0,988.0,
25.0,45.0,64.0,76.0,80.0,123.0,124.0,146.0,151.0,195.0,223.0,238.0,257.0,260.0,269.0,306.0,360.0,447.0,447.0,
30.0,58.0,70.0,72.0,138.0,142.0,194.0,216.0,237.0,246.0,284.0,326.0,328.0,339.0,376.0,388.0,429.0,430.0,431.0,447.0,463.0,463.0,473.0,934.0,942.0,
9.0,31.0,108.0,130.0,140.0,158.0,159.0,172.0,202.0,206.0,224.0,248.0,269.0,299.0,306.0,353.0,370.0,392.0,401.0,409.0,410.0,413.0,558.0,569.0,579.0,582.0,650.0,659.0,665.0,680.0,720.0,723.0,751.0,768.0,779.0,837.0,844.0,957.0,981.0,
16.0,23.0,140.0,140.0,152.0,212.0,213.0,352.0,366.0,494.0,553.0,592.0,602.0,630.0,634.0,712.0,737.0,739.0,749.0,759.0,759.0,763.0,767.0,768.0,791.0,801.0,805.0,910.0,925.0,926.0,957.0,965.0,984.0,
47.0,108.0,131.0,137.0,159.0,171.0,171.0,226.0,290.0,294.0,341.0,353.0,356.0,357.0,401.0,410.0,441.0,453.0,455.0,483.0,491.0,514.0,582.0,616.0,639.0,690.0,747.0,753.0,755.0,764.0,782.0,785.0,786.0,823.0,956.0,
4.0,4.0,52.0,124.0,126.0,151.0,152.0,159.0,204.0,232.0,250.0,316.0,339.0,343.0,349.0,420.0,431.0,434.0,504.0,505.0,559.0,639.0,650.0,676.0,695.0,697.0,697.0,725.0,772.0,797.0,799.0,803.0,812.0,814.0,823.0,831.0,874.0,920.0,946.0,969.0,992.0,
33.0,34.0,56.0,62.0,142.0,174.0,174.0,200.0,216.0,222.0,294.0,331.0,364.0,398.0,400.0,409.0,418.0,429.0,429.0,431.0,433.0,465.0,483.0,497.0,508.0,555.0,572.0,596.0,660.0,662.0,663.0,682.0,693.0,700.0,738.0,741.0,744.0,771.0,772.0,780.0,785.0,801.0,808.0,808.0,811.0,842.0,886.0,896.0,903.0,907.0,921.0,967.0,973.0,974.0,
9.0,30.0,72.0,157.0,160.0,178.0,185.0,209.0,244.0,264.0,319.0,475.0,489.0,499.0,
51.0,125.0,188.0,249.0,281.0,290.0,343.0,410.0,450.0,463.0,469.0,472.0,850.0,931.0,
47.0,50.0,63.0,88.0,104.0,135.0,160.0,176.0,184.0,233.0,251.0,281.0,286.0,397.0,447.0,450.0,466.0,475.0,498.0,502.0,903.0,
5.0,12.0,57.0,68.0,76.0,79.0,89.0,131.0,134.0,241.0,260.0,321.0,361.0,373.0,397.0,415.0,432.0,449.0,472.0,475.0,504.0,
29.0,40.0,100.0,130.0,145.0,146.0,184.0,322.0,333.0,350.0,362.0,445.0,446.0,453.0,460.0,470.0,
36.0,89.0,235.0,287.0,302.0,341.0,432.0,451.0,456.0,459.0,470.0,504.0,520.0,576.0,579.0,712.0,723.0,827.0,830.0,838.0,851.0,851.0,885.0,897.0,905.0,941.0,962.0,968.0,976.0,
37.0,128.0,156.0,191.0,192.0,202.0,222.0,236.0,286.0,352.0,354.0,374.0,420.0,463.0,481.0,481.0,517.0,539.0,544.0,547.0,598.0,629.0,687.0,739.0,747.0,755.0,787.0,801.0,831.0,897.0,905.0,914.0,931.0,944.0,952.0,968.0,973.0,993.0,995.0,
11.0,20.0,28.0,47.0,54.0,127.0,129.0,195.0,214.0,221.0,298.0,300.0,336.0,347.0,389.0,398.0,404.0,409.0,437.0,473.0,478.0,497.0,526.0,548.0,631.0,684.0,705.0,706.0,709.0,742.0,758.0,785.0,794.0,860.0,888.0,896.0,904.0,917.0,925.0,973.0,986.0,
29.0,38.0,61.0,87.0,97.0,101.0,102.0,106.0,166.0,183.0,217.0,233.0,249.0,274.0,286.0,311.0,326.0,355.0,370.0,451.0,503.0,534.0,551.0,584.0,618.0,651.0,653.0,662.0,669.0,711.0,745.0,771.0,825.0,852.0,854.0,889.0,905.0,910.0,947.0,982.0,
37.0,50.0,69.0,75.0,102.0,122.0,202.0,225.0,237.0,259.0,274.0,364.0,394.0,415.0,457.0,458.0,467.0,470.0,482.0,583.0,633.0,663.0,713.0,718.0,732.0,746.0,774.0,781.0,805.0,828.0,836.0,866.0,867.0,872.0,880.0,895.0,912.0,959.0,983.0,993.0,993.0,
85.0,102.0,141.0,148.0,158.0,199.0,271.0,331.0,380.0,427.0,444.0,470.0,484.0,811.0,818.0,
19.0,64.0,78.0,88.0,88.0,102.0,106.0,124.0,183.0,185.0,193.0,198.0,247.0,289.0,292.0,302.0,303.0,314.0,317.0,362.0,425.0,454.0,455.0,458.0,464.0,471.0,511.0,
9.0,13.0,79.0,79.0,140.0,199.0,220.0,224.0,227.0,234.0,237.0,260.0,279.0,280.0,315.0,393.0,397.0,409.0,493.0,819.0,
23.0,39.0,83.0,128.0,131.0,134.0,141.0,141.0,153.0,158.0,167.0,198.0,200.0,205.0,229.0,239.0,269.0,291.0,303.0,308.0,314.0,343.0,349.0,359.0,361.0,376.0,382.0,385.0,390.0,454.0,508.0,
59.0,68.0,107.0,128.0,132.0,150.0,151.0,160.0,272.0,285.0,329.0,338.0,385.0,390.0,400.0,442.0,471.0,472.0,768.0,845.0,
15.0,24.0,42.0,80.0,107.0,118.0,134.0,159.0,176.0,238.0,262.0,268.0,329.0,362.0,416.0,432.0,447.0,449.0,477.0,514.0,515.0,536.0,549.0,577.0,579.0,600.0,604.0,622.0,644.0,655.0,658.0,718.0,754.0,823.0,828.0,829.0,850.0,859.0,859.0,908.0,978.0,988.0,991.0,1000.0,
20.0,38.0,81.0,82.0,109.0,115.0,155.0,190.0,211.0,262.0,286.0,311.0,316.0,318.0,321.0,345.0,361.0,372.0,389.0,400.0,438.0,450.0,504.0,535.0,555.0,578.0,578.0,595.0,707.0,724.0,734.0,761.0,785.0,816.0,852.0,858.0,873.0,915.0,
8.0,11.0,84.0,86.0,107.0,111.0,153.0,178.0,230.0,260.0,262.0,273.0,372.0,394.0,423.0,489.0,523.0,528.0,552.0,555.0,655.0,657.0,660.0,664.0,716.0,815.0,825.0,874.0,877.0,893.0,903.0,933.0,972.0,
8.0,17.0,19.0,45.0,79.0,80.0,83.0,99.0,140.0,183.0,185.0,193.0,206.0,209.0,217.0,227.0,244.0,244.0,255.0,255.0,277.0,304.0,304.0,309.0,375.0,443.0,472.0,567.0,567.0,568.0,586.0,687.0,747.0,767.0,780.0,794.0,859.0,864.0,874.0,907.0,914.0,967.0,999.0,
24.0,48.0,104.0,118.0,151.0,157.0,182.0,203.0,214.0,279.0,372.0,450.0,475.0,491.0,519.0,521.0,525.0,527.0,560.0,570.0,585.0,587.0,588.0,626.0,666.0,668.0,669.0,678.0,681.0,682.0,695.0,726.0,754.0,762.0,774.0,783.0,789.0,790.0,805.0,815.0,840.0,866.0,870.0,877.0,878.0,900.0,921.0,927.0,928.0,958.0,
4.0,15.0,30.0,48.0,67.0,171.0,171.0,193.0,200.0,217.0,221.0,243.0,269.0,307.0,321.0,348.0,372.0,397.0,420.0,425.0,484.0,499.0,594.0,597.0,605.0,610.0,619.0,653.0,669.0,695.0,696.0,711.0,755.0,764.0,779.0,798.0,801.0,809.0,834.0,845.0,865.0,866.0,901.0,923.0,925.0,947.0,971.0,988.0,
56.0,70.0,119.0,124.0,155.0,198.0,201.0,221.0,225.0,266.0,274.0,274.0,289.0,301.0,370.0,412.0,439.0,480.0,489.0,509.0,839.0,
4.0,90.0,120.0,149.0,171.0,194.0,211.0,222.0,242.0,252.0,327.0,353.0,369.0,464.0,466.0,496.0,500.0,
48.0,86.0,89.0,104.0,163.0,192.0,208.0,248.0,271.0,341.0,343.0,362.0,394.0,400.0,408.0,448.0,480.0,798.0,863.0,
78.0,100.0,115.0,144.0,163.0,193.0,250.0,265.0,269.0,311.0,358.0,393.0,397.0,406.0,413.0,430.0,504.0,654.0,687.0,688.0,715.0,769.0,812.0,818.0,846.0,886.0,925.0,930.0,947.0,976.0,
74.0,88.0,135.0,141.0,152.0,242.0,269.0,305.0,318.0,335.0,364.0,383.0,389.0,389.0,443.0,484.0,525.0,527.0,531.0,542.0,583.0,653.0,686.0,701.0,748.0,767.0,802.0,844.0,890.0,915.0,928.0,995.0,
20.0,51.0,57.0,71.0,87.0,87.0,105.0,126.0,193.0,206.0,209.0,210.0,224.0,261.0,265.0,308.0,395.0,446.0,491.0,495.0,507.0,512.0,518.0,544.0,555.0,567.0,606.0,629.0,643.0,646.0,728.0,738.0,747.0,770.0,794.0,849.0,859.0,872.0,917.0,930.0,953.0,957.0,972.0,
26.0,71.0,74.0,81.0,100.0,122.0,177.0,203.0,226.0,240.0,252.0,351.0,365.0,423.0,427.0,491.0,596.0,635.0,645.0,674.0,681.0,710.0,717.0,731.0,809.0,869.0,873.0,886.0,904.0,918.0,958.0,961.0,
67.0,126.0,133.0,165.0,207.0,241.0,254.0,263.0,278.0,306.0,324.0,342.0,367.0,367.0,378.0,416.0,468.0,471.0,473.0,473.0,483.0,531.0,566.0,663.0,689.0,730.0,737.0,745.0,764.0,818.0,834.0,882.0,904.0,906.0,907.0,917.0,928.0,953.0,980.0,987.0,995.0,
38.0,94.0,96.0,107.0,110.0,121.0,132.0,143.0,152.0,187.0,213.0,220.0,242.0,253.0,263.0,298.0,320.0,324.0,353.0,354.0,392.0,431.0,464.0,502.0,503.0,510.0,511.0,566.0,566.0,584.0,610.0,619.0,638.0,654.0,706.0,718.0,832.0,837.0,855.0,895.0,951.0,955.0,979.0,982.0,994.0,
58.0,67.0,91.0,106.0,110.0,120.0,121.0,141.0,173.0,264.0,277.0,296.0,299.0,359.0,364.0,480.0,486.0,528.0,530.0,532.0,537.0,551.0,571.0,586.0,682.0,683.0,688.0,694.0,732.0,743.0,748.0,757.0,768.0,768.0,773.0,797.0,802.0,810.0,828.0,841.0,846.0,849.0,874.0,876.0,881.0,895.0,915.0,940.0,941.0,
16.0,27.0,71.0,90.0,103.0,139.0,141.0,148.0,148.0,182.0,198.0,203.0,208.0,274.0,325.0,335.0,336.0,364.0,402.0,426.0,432.0,447.0,490.0,496.0,504.0,552.0,613.0,614.0,637.0,653.0,667.0,698.0,720.0,741.0,749.0,764.0,770.0,772.0,803.0,881.0,889.0,892.0,895.0,898.0,910.0,942.0,957.0,964.0,993.0,
16.0,75.0,103.0,170.0,243.0,245.0,256.0,313.0,358.0,364.0,377.0,385.0,394.0,398.0,409.0,443.0,496.0,543.0,619.0,627.0,683.0,696.0,710.0,741.0,748.0,762.0,762.0,768.0,777.0,787.0,834.0,895.0,909.0,910.0,913.0,920.0,925.0,940.0,952.0,961.0,972.0,973.0,986.0,
41.0,47.0,94.0,113.0,114.0,116.0,142.0,153.0,158.0,158.0,213.0,242.0,242.0,293.0,325.0,364.0,369.0,437.0,454.0,491.0,510.0,514.0,530.0,573.0,575.0,607.0,667.0,695.0,706.0,733.0,742.0,761.0,780.0,796.0,817.0,831.0,837.0,847.0,904.0,908.0,924.0,925.0,934.0,963.0,983.0,
16.0,39.0,57.0,106.0,151.0,154.0,165.0,168.0,220.0,362.0,385.0,400.0,412.0,421.0,429.0,451.0,458.0,648.0,669.0,768.0,772.0,792.0,800.0,856.0,869.0,870.0,916.0,924.0,955.0,983.0,994.0,995.0,
5.0,32.0,54.0,58.0,123.0,137.0,144.0,168.0,209.0,261.0,293.0,309.0,320.0,340.0,348.0,360.0,384.0,412.0,414.0,417.0,430.0,441.0,448.0,498.0,500.0,537.0,570.0,607.0,612.0,622.0,660.0,667.0,671.0,695.0,739.0,751.0,758.0,785.0,790.0,897.0,923.0,962.0,
28.0,35.0,41.0,51.0,62.0,140.0,208.0,223.0,230.0,243.0,256.0,315.0,363.0,379.0,392.0,421.0,459.0,463.0,557.0,570.0,593.0,647.0,752.0,778.0,793.0,840.0,882.0,892.0,897.0,902.0,947.0,967.0,
14.0,33.0,73.0,91.0,134.0,251.0,287.0,297.0,297.0,322.0,371.0,372.0,378.0,393.0,418.0,431.0,442.0,466.0,544.0,657.0,711.0,795.0,870.0,872.0,877.0,889.0,925.0,971.0,997.0,999.0,
22.0,68.0,114.0,131.0,211.0,236.0,281.0,305.0,324.0,336.0,458.0,474.0,575.0,623.0,632.0,654.0,674.0,689.0,728.0,733.0,739.0,781.0,816.0,816.0,834.0,875.0,879.0,914.0,917.0,951.0,969.0,989.0,
7.0,24.0,53.0,62.0,181.0,183.0,230.0,244.0,279.0,283.0,289.0,304.0,409.0,428.0,481.0,521.0,587.0,617.0,619.0,627.0,633.0,672.0,683.0,706.0,748.0,783.0,803.0,815.0,832.0,872.0,879.0,944.0,944.0,955.0,973.0,
10.0,11.0,18.0,20.0,68.0,117.0,128.0,146.0,222.0,314.0,321.0,332.0,396.0,420.0,422.0,447.0,457.0,549.0,621.0,644.0,677.0,683.0,702.0,713.0,729.0,784.0,803.0,812.0,828.0,878.0,897.0,931.0,948.0,
4.0,17.0,66.0,98.0,136.0,158.0,188.0,215.0,226.0,251.0,308.0,315.0,330.0,343.0,358.0,366.0,401.0,416.0,430.0,448.0,491.0,551.0,560.0,565.0,585.0,629.0,660.0,733.0,807.0,824.0,825.0,847.0,853.0,868.0,885.0,975.0,
48.0,49.0,89.0,96.0,121.0,199.0,262.0,272.0,303.0,333.0,384.0,431.0,504.0,565.0,566.0,583.0,583.0,635.0,668.0,677.0,691.0,712.0,729.0,738.0,741.0,750.0,759.0,767.0,785.0,842.0,844.0,849.0,858.0,896.0,897.0,901.0,927.0,
41.0,43.0,109.0,183.0,193.0,204.0,258.0,269.0,324.0,328.0,364.0,364.0,375.0,377.0,394.0,456.0,502.0,517.0,546.0,601.0,604.0,605.0,625.0,688.0,740.0,744.0,751.0,779.0,788.0,799.0,805.0,808.0,856.0,941.0,958.0,
4.0,72.0,109.0,148.0,159.0,206.0,227.0,241.0,272.0,283.0,283.0,341.0,348.0,366.0,414.0,427.0,439.0,467.0,472.0,474.0,497.0,515.0,524.0,529.0,546.0,548.0,579.0,602.0,610.0,676.0,684.0,705.0,755.0,803.0,821.0,825.0,859.0,886.0,906.0,906.0,928.0,
29.0,67.0,88.0,89.0,100.0,127.0,136.0,155.0,209.0,223.0,224.0,229.0,309.0,311.0,321.0,338.0,342.0,355.0,366.0,366.0,376.0,391.0,393.0,457.0,572.0,583.0,583.0,589.0,606.0,640.0,680.0,684.0,690.0,709.0,717.0,748.0,754.0,763.0,783.0,796.0,823.0,826.0,829.0,873.0,905.0,922.0,929.0,933.0,941.0,947.0,958.0,968.0,968.0,991.0,999.0,
32.0,47.0,91.0,130.0,132.0,191.0,203.0,206.0,247.0,248.0,288.0,361.0,375.0,386.0,425.0,438.0,447.0,478.0,504.0,614.0,646.0,667.0,696.0,714.0,770.0,803.0,810.0,876.0,897.0,927.0,969.0,997.0,998.0,
