41.0,42.0,44.0,54.0,55.0,57.0,69.0,150.0,158.0,204.0,233.0,286.0,310.0,336.0,345.0,357.0,368.0,410.0,431.0,465.0,538.0,541.0,558.0,561.0,623.0,655.0,678.0,692.0,699.0,702.0,730.0,745.0,808.0,833.0,846.0,860.0,906.0,
32.0,82.0,87.0,190.0,207.0,211.0,254.0,259.0,282.0,297.0,299.0,307.0,313.0,382.0,416.0,459.0,535.0,549.0,592.0,625.0,635.0,652.0,663.0,664.0,673.0,676.0,727.0,772.0,788.0,803.0,812.0,835.0,839.0,851.0,855.0,866.0,900.0,920.0,935.0,944.0,944.0,949.0,954.0,960.0,989.0,
16.0,23.0,36.0,68.0,71.0,78.0,121.0,233.0,238.0,277.0,316.0,355.0,364.0,388.0,394.0,415.0,415.0,429.0,568.0,592.0,613.0,647.0,649.0,661.0,666.0,694.0,697.0,710.0,712.0,732.0,754.0,758.0,817.0,829.0,860.0,866.0,897.0,903.0,914.0,947.0,967.0,975.0,
120.0,120.0,131.0,167.0,168.0,191.0,209.0,221.0,251.0,283.0,505.0,507.0,511.0,512.0,537.0,538.0,540.0,559.0,610.0,621.0,631.0,631.0,650.0,673.0,692.0,724.0,737.0,754.0,766.0,806.0,811.0,856.0,862.0,970.0,
21.0,25.0,107.0,116.0,160.0,161.0,170.0,179.0,242.0,254.0,279.0,330.0,332.0,338.0,423.0,431.0,454.0,483.0,484.0,535.0,547.0,560.0,671.0,676.0,797.0,861.0,887.0,995.0,
34.0,47.0,82.0,133.0,135.0,156.0,158.0,197.0,244.0,331.0,347.0,351.0,370.0,431.0,449.0,453.0,461.0,461.0,467.0,477.0,494.0,507.0,521.0,523.0,567.0,625.0,656.0,763.0,778.0,782.0,818.0,900.0,943.0,946.0,955.0,
24.0,37.0,109.0,193.0,208.0,245.0,268.0,277.0,304.0,329.0,351.0,385.0,396.0,441.0,489.0,492.0,620.0,785.0,826.0,827.0,885.0,901.0,939.0,963.0,988.0,
114.0,135.0,166.0,176.0,193.0,202.0,256.0,315.0,318.0,321.0,390.0,400.0,402.0,407.0,448.0,452.0,463.0,525.0,533.0,576.0,621.0,632.0,661.0,664.0,701.0,729.0,813.0,859.0,862.0,865.0,874.0,878.0,892.0,927.0,
4.0,8.0,13.0,47.0,95.0,132.0,155.0,197.0,233.0,294.0,323.0,440.0,480.0,494.0,522.0,528.0,544.0,603.0,675.0,746.0,860.0,965.0,991.0,
54.0,69.0,71.0,86.0,116.0,201.0,225.0,230.0,250.0,260.0,327.0,332.0,355.0,454.0,470.0,505.0,518.0,523.0,566.0,582.0,584.0,589.0,609.0,656.0,687.0,723.0,725.0,727.0,743.0,748.0,843.0,871.0,896.0,926.0,988.0,997.0,
22.0,63.0,85.0,119.0,124.0,130.0,221.0,223.0,231.0,252.0,318.0,358.0,361.0,371.0,376.0,396.0,415.0,470.0,478.0,544.0,609.0,678.0,681.0,698.0,810.0,869.0,869.0,896.0,901.0,903.0,933.0,934.0,934.0,978.0,
24.0,93.0,115.0,136.0,169.0,236.0,247.0,265.0,277.0,289.0,292.0,326.0,350.0,373.0,382.0,389.0,427.0,473.0,488.0,505.0,536.0,552.0,564.0,567.0,591.0,645.0,659.0,665.0,709.0,750.0,793.0,836.0,860.0,894.0,985.0,996.0,
21.0,23.0,41.0,60.0,93.0,110.0,126.0,129.0,132.0,190.0,206.0,254.0,254.0,297.0,306.0,370.0,397.0,402.0,433.0,499.0,593.0,601.0,606.0,704.0,816.0,843.0,847.0,867.0,898.0,902.0,927.0,
9.0,120.0,153.0,177.0,199.0,224.0,267.0,301.0,317.0,332.0,360.0,432.0,433.0,462.0,470.0,490.0,496.0,506.0,508.0,529.0,564.0,572.0,592.0,608.0,623.0,626.0,661.0,711.0,730.0,741.0,768.0,802.0,826.0,863.0,908.0,914.0,
6.0,49.0,67.0,85.0,128.0,129.0,148.0,173.0,178.0,191.0,203.0,221.0,269.0,318.0,419.0,487.0,513.0,534.0,536.0,542.0,544.0,545.0,546.0,549.0,556.0,559.0,568.0,573.0,580.0,583.0,583.0,588.0,604.0,606.0,609.0,619.0,651.0,651.0,676.0,684.0,697.0,705.0,722.0,735.0,751.0,754.0,790.0,824.0,825.0,833.0,839.0,840.0,843.0,861.0,865.0,868.0,894.0,904.0,952.0,991.0,
47.0,56.0,61.0,98.0,98.0,104.0,106.0,149.0,198.0,226.0,263.0,289.0,381.0,399.0,410.0,412.0,431.0,457.0,469.0,485.0,514.0,515.0,519.0,528.0,531.0,531.0,546.0,550.0,556.0,563.0,564.0,569.0,572.0,574.0,601.0,604.0,627.0,642.0,654.0,656.0,668.0,677.0,683.0,684.0,688.0,693.0,694.0,697.0,704.0,721.0,756.0,761.0,768.0,772.0,773.0,778.0,784.0,801.0,801.0,815.0,824.0,840.0,846.0,870.0,877.0,880.0,891.0,900.0,928.0,934.0,960.0,967.0,979.0,
39.0,66.0,69.0,71.0,80.0,134.0,148.0,222.0,235.0,241.0,255.0,284.0,289.0,315.0,322.0,332.0,342.0,347.0,349.0,396.0,523.0,527.0,533.0,545.0,559.0,575.0,578.0,581.0,589.0,593.0,594.0,602.0,608.0,617.0,619.0,638.0,644.0,646.0,648.0,650.0,662.0,675.0,706.0,721.0,727.0,732.0,748.0,750.0,752.0,758.0,795.0,795.0,802.0,803.0,809.0,811.0,816.0,828.0,833.0,850.0,865.0,870.0,892.0,894.0,910.0,969.0,982.0,991.0,991.0,
102.0,106.0,158.0,164.0,172.0,181.0,198.0,239.0,252.0,281.0,308.0,342.0,345.0,371.0,377.0,419.0,464.0,524.0,545.0,546.0,549.0,564.0,583.0,591.0,612.0,626.0,632.0,636.0,656.0,664.0,681.0,681.0,685.0,693.0,700.0,714.0,716.0,731.0,732.0,765.0,795.0,801.0,854.0,858.0,911.0,912.0,915.0,924.0,946.0,972.0,998.0,998.0,
39.0,83.0,94.0,95.0,173.0,234.0,240.0,243.0,295.0,323.0,381.0,387.0,394.0,440.0,446.0,498.0,549.0,621.0,655.0,658.0,725.0,745.0,790.0,818.0,826.0,837.0,867.0,904.0,946.0,
8.0,16.0,39.0,41.0,45.0,50.0,54.0,63.0,81.0,89.0,122.0,135.0,160.0,191.0,203.0,207.0,208.0,225.0,226.0,251.0,320.0,325.0,331.0,339.0,365.0,373.0,481.0,506.0,558.0,561.0,607.0,634.0,649.0,695.0,798.0,965.0,984.0,991.0,993.0,
5.0,6.0,6.0,26.0,28.0,115.0,118.0,122.0,171.0,270.0,298.0,345.0,446.0,448.0,475.0,485.0,499.0,508.0,528.0,557.0,620.0,629.0,690.0,757.0,784.0,823.0,833.0,853.0,872.0,873.0,890.0,945.0,947.0,959.0,984.0,989.0,993.0,
33.0,60.0,116.0,117.0,142.0,150.0,178.0,181.0,210.0,215.0,228.0,240.0,241.0,256.0,275.0,282.0,291.0,327.0,329.0,342.0,409.0,413.0,469.0,475.0,481.0,506.0,514.0,530.0,557.0,589.0,613.0,620.0,640.0,640.0,644.0,682.0,720.0,739.0,764.0,765.0,805.0,808.0,855.0,856.0,936.0,957.0,974.0,
11.0,104.0,113.0,236.0,245.0,315.0,327.0,357.0,386.0,509.0,517.0,521.0,536.0,537.0,562.0,569.0,577.0,588.0,599.0,610.0,613.0,613.0,616.0,617.0,637.0,647.0,655.0,664.0,678.0,691.0,704.0,720.0,747.0,753.0,783.0,798.0,826.0,826.0,879.0,937.0,990.0,990.0,996.0,
34.0,48.0,105.0,118.0,166.0,198.0,239.0,268.0,296.0,309.0,342.0,405.0,492.0,511.0,524.0,539.0,546.0,553.0,570.0,575.0,575.0,576.0,577.0,586.0,588.0,591.0,602.0,606.0,618.0,620.0,624.0,630.0,630.0,638.0,649.0,662.0,668.0,668.0,680.0,683.0,689.0,696.0,710.0,717.0,735.0,735.0,743.0,747.0,749.0,764.0,768.0,772.0,795.0,809.0,819.0,824.0,826.0,834.0,835.0,835.0,836.0,841.0,856.0,867.0,874.0,878.0,880.0,885.0,895.0,921.0,925.0,929.0,930.0,941.0,991.0,
39.0,42.0,70.0,105.0,115.0,122.0,142.0,159.0,163.0,208.0,228.0,254.0,259.0,265.0,317.0,360.0,376.0,377.0,382.0,436.0,455.0,487.0,507.0,515.0,516.0,522.0,537.0,542.0,559.0,560.0,566.0,573.0,578.0,585.0,587.0,587.0,587.0,588.0,589.0,591.0,592.0,599.0,603.0,607.0,613.0,623.0,624.0,627.0,628.0,632.0,640.0,641.0,646.0,697.0,702.0,717.0,740.0,759.0,767.0,792.0,843.0,854.0,917.0,968.0,971.0,
122.0,129.0,151.0,152.0,162.0,193.0,195.0,237.0,272.0,276.0,278.0,280.0,342.0,349.0,350.0,357.0,374.0,384.0,408.0,464.0,471.0,497.0,517.0,524.0,524.0,527.0,530.0,533.0,537.0,538.0,546.0,547.0,552.0,554.0,557.0,559.0,568.0,574.0,575.0,579.0,582.0,588.0,596.0,601.0,602.0,604.0,607.0,611.0,617.0,641.0,648.0,653.0,662.0,668.0,707.0,729.0,766.0,768.0,774.0,777.0,779.0,785.0,816.0,868.0,911.0,915.0,944.0,968.0,976.0,
24.0,65.0,66.0,70.0,99.0,123.0,131.0,184.0,204.0,247.0,254.0,320.0,322.0,366.0,370.0,376.0,385.0,403.0,422.0,457.0,496.0,503.0,505.0,524.0,525.0,539.0,541.0,541.0,542.0,544.0,546.0,550.0,555.0,563.0,567.0,568.0,576.0,586.0,587.0,591.0,595.0,616.0,629.0,645.0,655.0,669.0,674.0,686.0,702.0,706.0,727.0,735.0,737.0,768.0,829.0,831.0,844.0,847.0,851.0,858.0,860.0,861.0,876.0,904.0,912.0,917.0,931.0,937.0,948.0,986.0,
25.0,56.0,88.0,94.0,94.0,161.0,166.0,214.0,214.0,228.0,239.0,250.0,252.0,303.0,312.0,337.0,388.0,478.0,481.0,491.0,526.0,527.0,541.0,542.0,548.0,549.0,550.0,555.0,555.0,556.0,559.0,560.0,566.0,574.0,575.0,588.0,598.0,599.0,609.0,609.0,623.0,642.0,643.0,646.0,646.0,658.0,672.0,678.0,680.0,685.0,691.0,692.0,692.0,709.0,714.0,742.0,785.0,851.0,859.0,874.0,920.0,927.0,930.0,938.0,952.0,954.0,
7.0,13.0,13.0,21.0,44.0,177.0,221.0,238.0,244.0,306.0,341.0,426.0,508.0,517.0,524.0,530.0,534.0,534.0,535.0,536.0,541.0,554.0,563.0,568.0,572.0,577.0,582.0,601.0,605.0,614.0,629.0,642.0,648.0,649.0,687.0,695.0,698.0,698.0,701.0,703.0,705.0,705.0,774.0,789.0,789.0,838.0,852.0,876.0,881.0,941.0,952.0,965.0,982.0,990.0,992.0,
16.0,17.0,37.0,141.0,157.0,183.0,344.0,356.0,418.0,458.0,510.0,512.0,512.0,522.0,555.0,560.0,579.0,585.0,629.0,857.0,858.0,904.0,925.0,985.0,998.0,
15.0,32.0,43.0,48.0,62.0,66.0,74.0,81.0,96.0,112.0,164.0,175.0,189.0,197.0,204.0,216.0,232.0,241.0,279.0,292.0,323.0,332.0,340.0,467.0,493.0,514.0,549.0,552.0,595.0,634.0,644.0,673.0,691.0,721.0,740.0,752.0,765.0,801.0,814.0,847.0,851.0,899.0,920.0,921.0,975.0,
23.0,124.0,146.0,194.0,224.0,229.0,343.0,395.0,427.0,436.0,458.0,476.0,492.0,526.0,532.0,549.0,552.0,557.0,574.0,574.0,609.0,611.0,611.0,623.0,626.0,637.0,707.0,714.0,716.0,721.0,751.0,852.0,858.0,872.0,950.0,991.0,
6.0,89.0,123.0,139.0,157.0,167.0,171.0,197.0,247.0,257.0,264.0,272.0,294.0,296.0,312.0,317.0,333.0,352.0,376.0,383.0,402.0,425.0,431.0,434.0,440.0,446.0,528.0,530.0,537.0,539.0,539.0,542.0,553.0,560.0,580.0,583.0,586.0,586.0,587.0,591.0,595.0,597.0,600.0,603.0,607.0,608.0,613.0,622.0,636.0,637.0,651.0,659.0,674.0,675.0,681.0,702.0,708.0,713.0,719.0,729.0,734.0,742.0,774.0,786.0,803.0,810.0,814.0,822.0,837.0,857.0,885.0,940.0,950.0,957.0,973.0,976.0,998.0,
22.0,55.0,71.0,85.0,93.0,116.0,174.0,293.0,317.0,334.0,354.0,434.0,436.0,469.0,477.0,483.0,485.0,523.0,526.0,530.0,536.0,539.0,543.0,554.0,555.0,563.0,569.0,574.0,579.0,582.0,583.0,587.0,593.0,620.0,637.0,643.0,662.0,680.0,700.0,701.0,745.0,765.0,777.0,839.0,865.0,887.0,893.0,909.0,911.0,913.0,945.0,973.0,976.0,987.0,996.0,1000.0,
91.0,124.0,168.0,216.0,229.0,246.0,256.0,256.0,300.0,328.0,404.0,417.0,476.0,527.0,541.0,543.0,546.0,548.0,557.0,564.0,564.0,566.0,570.0,571.0,572.0,578.0,580.0,593.0,594.0,599.0,605.0,613.0,638.0,647.0,648.0,667.0,670.0,704.0,708.0,709.0,715.0,725.0,804.0,826.0,835.0,843.0,850.0,883.0,887.0,890.0,897.0,903.0,919.0,935.0,961.0,982.0,983.0,
4.0,56.0,74.0,78.0,103.0,128.0,135.0,155.0,157.0,201.0,280.0,283.0,294.0,323.0,344.0,366.0,396.0,416.0,422.0,445.0,463.0,497.0,509.0,526.0,533.0,535.0,537.0,538.0,544.0,548.0,552.0,552.0,572.0,572.0,583.0,594.0,596.0,602.0,608.0,620.0,655.0,658.0,668.0,687.0,705.0,711.0,716.0,743.0,765.0,774.0,776.0,834.0,869.0,902.0,919.0,929.0,942.0,959.0,
8.0,10.0,30.0,33.0,50.0,79.0,137.0,146.0,169.0,179.0,180.0,210.0,213.0,248.0,255.0,256.0,272.0,324.0,327.0,349.0,371.0,374.0,409.0,500.0,502.0,509.0,516.0,519.0,532.0,539.0,544.0,548.0,568.0,577.0,591.0,592.0,605.0,616.0,620.0,625.0,639.0,678.0,679.0,683.0,691.0,715.0,731.0,756.0,788.0,792.0,795.0,807.0,808.0,831.0,842.0,844.0,849.0,855.0,867.0,867.0,869.0,896.0,902.0,914.0,918.0,932.0,935.0,969.0,972.0,
36.0,47.0,55.0,60.0,88.0,94.0,102.0,111.0,128.0,197.0,202.0,275.0,286.0,303.0,330.0,344.0,373.0,374.0,387.0,391.0,420.0,486.0,486.0,502.0,525.0,535.0,545.0,545.0,551.0,551.0,554.0,563.0,567.0,576.0,591.0,598.0,608.0,608.0,610.0,613.0,614.0,614.0,615.0,626.0,627.0,640.0,640.0,642.0,655.0,656.0,663.0,684.0,688.0,709.0,712.0,717.0,718.0,724.0,731.0,754.0,798.0,801.0,845.0,868.0,883.0,911.0,911.0,916.0,917.0,932.0,965.0,995.0,
32.0,36.0,69.0,83.0,164.0,167.0,198.0,202.0,219.0,302.0,311.0,323.0,336.0,341.0,346.0,369.0,375.0,378.0,416.0,422.0,451.0,522.0,529.0,535.0,542.0,543.0,545.0,548.0,549.0,556.0,558.0,559.0,561.0,564.0,585.0,595.0,601.0,607.0,610.0,615.0,628.0,636.0,636.0,644.0,644.0,654.0,658.0,660.0,682.0,683.0,698.0,709.0,714.0,720.0,747.0,769.0,772.0,773.0,776.0,781.0,791.0,803.0,818.0,819.0,824.0,840.0,849.0,858.0,862.0,870.0,885.0,909.0,910.0,914.0,925.0,927.0,934.0,942.0,944.0,952.0,958.0,959.0,960.0,965.0,975.0,988.0,989.0,994.0,
3.0,3.0,12.0,44.0,104.0,113.0,145.0,169.0,184.0,198.0,206.0,251.0,252.0,286.0,326.0,385.0,482.0,508.0,511.0,521.0,528.0,530.0,534.0,541.0,552.0,554.0,568.0,577.0,578.0,579.0,604.0,625.0,667.0,670.0,684.0,688.0,727.0,788.0,792.0,843.0,898.0,913.0,915.0,973.0,991.0,
38.0,75.0,94.0,113.0,119.0,140.0,148.0,148.0,157.0,166.0,244.0,245.0,261.0,264.0,278.0,286.0,314.0,411.0,415.0,430.0,430.0,435.0,490.0,491.0,509.0,526.0,533.0,545.0,566.0,691.0,719.0,728.0,732.0,772.0,780.0,801.0,844.0,881.0,891.0,908.0,910.0,
47.0,77.0,82.0,98.0,147.0,154.0,180.0,210.0,221.0,226.0,232.0,258.0,269.0,282.0,348.0,375.0,383.0,406.0,408.0,473.0,478.0,478.0,485.0,491.0,517.0,534.0,541.0,548.0,559.0,570.0,578.0,593.0,599.0,601.0,601.0,605.0,616.0,632.0,632.0,635.0,637.0,644.0,644.0,647.0,651.0,652.0,653.0,661.0,707.0,713.0,753.0,755.0,758.0,768.0,784.0,792.0,794.0,827.0,836.0,843.0,845.0,848.0,866.0,886.0,888.0,909.0,920.0,932.0,934.0,940.0,945.0,946.0,949.0,949.0,959.0,975.0,984.0,988.0,991.0,
71.0,79.0,102.0,113.0,164.0,181.0,218.0,221.0,223.0,253.0,320.0,374.0,390.0,414.0,434.0,437.0,514.0,515.0,517.0,518.0,532.0,534.0,537.0,540.0,547.0,551.0,558.0,569.0,580.0,591.0,598.0,599.0,605.0,607.0,616.0,617.0,624.0,624.0,634.0,643.0,673.0,674.0,694.0,695.0,696.0,706.0,713.0,741.0,754.0,759.0,775.0,789.0,790.0,804.0,810.0,853.0,862.0,864.0,881.0,887.0,898.0,902.0,926.0,930.0,949.0,951.0,959.0,962.0,979.0,1000.0,
2.0,2.0,55.0,66.0,74.0,92.0,101.0,136.0,177.0,181.0,204.0,218.0,227.0,230.0,298.0,371.0,381.0,386.0,388.0,392.0,431.0,432.0,458.0,470.0,479.0,515.0,516.0,518.0,536.0,538.0,538.0,540.0,548.0,552.0,553.0,553.0,558.0,559.0,569.0,569.0,570.0,570.0,576.0,576.0,584.0,584.0,604.0,604.0,612.0,620.0,623.0,627.0,674.0,678.0,678.0,681.0,696.0,706.0,750.0,754.0,762.0,775.0,823.0,848.0,884.0,893.0,905.0,931.0,944.0,948.0,979.0,984.0,997.0,1000.0,
57.0,66.0,96.0,97.0,133.0,142.0,175.0,199.0,233.0,253.0,315.0,321.0,326.0,327.0,357.0,359.0,362.0,437.0,438.0,458.0,484.0,501.0,510.0,513.0,521.0,521.0,533.0,536.0,540.0,543.0,543.0,544.0,546.0,551.0,556.0,565.0,569.0,585.0,594.0,601.0,639.0,652.0,652.0,660.0,662.0,674.0,686.0,686.0,692.0,695.0,711.0,750.0,775.0,785.0,800.0,801.0,810.0,833.0,848.0,866.0,873.0,882.0,918.0,950.0,951.0,957.0,964.0,985.0,
4.0,20.0,63.0,97.0,105.0,117.0,117.0,200.0,248.0,339.0,382.0,397.0,489.0,490.0,510.0,529.0,530.0,531.0,538.0,539.0,547.0,552.0,553.0,559.0,565.0,566.0,567.0,573.0,578.0,589.0,604.0,605.0,634.0,638.0,641.0,680.0,691.0,694.0,709.0,741.0,751.0,754.0,778.0,779.0,787.0,796.0,814.0,828.0,839.0,873.0,891.0,958.0,969.0,988.0,993.0,
26.0,39.0,51.0,86.0,110.0,153.0,162.0,180.0,181.0,191.0,205.0,213.0,233.0,249.0,253.0,255.0,293.0,352.0,379.0,416.0,446.0,453.0,486.0,496.0,514.0,525.0,526.0,526.0,527.0,527.0,530.0,541.0,548.0,552.0,553.0,558.0,559.0,562.0,563.0,573.0,576.0,597.0,601.0,614.0,618.0,625.0,637.0,644.0,652.0,652.0,677.0,758.0,768.0,791.0,878.0,904.0,909.0,909.0,926.0,968.0,999.0,
35.0,39.0,55.0,72.0,105.0,162.0,187.0,192.0,204.0,272.0,272.0,308.0,317.0,332.0,357.0,425.0,425.0,435.0,510.0,513.0,513.0,519.0,527.0,546.0,552.0,560.0,561.0,565.0,566.0,569.0,569.0,575.0,575.0,586.0,589.0,591.0,592.0,597.0,636.0,636.0,646.0,647.0,693.0,693.0,702.0,708.0,709.0,713.0,744.0,753.0,754.0,757.0,787.0,805.0,822.0,846.0,847.0,856.0,867.0,875.0,880.0,966.0,980.0,988.0,988.0,
25.0,64.0,79.0,118.0,184.0,198.0,238.0,268.0,301.0,307.0,309.0,325.0,390.0,403.0,405.0,409.0,431.0,446.0,448.0,453.0,472.0,515.0,536.0,537.0,539.0,544.0,546.0,547.0,553.0,555.0,557.0,564.0,565.0,567.0,569.0,571.0,574.0,584.0,595.0,608.0,618.0,621.0,622.0,629.0,659.0,671.0,672.0,686.0,695.0,702.0,722.0,762.0,770.0,795.0,805.0,813.0,839.0,840.0,877.0,885.0,903.0,932.0,950.0,958.0,983.0,1000.0,
7.0,55.0,92.0,93.0,111.0,114.0,126.0,201.0,211.0,225.0,236.0,249.0,297.0,332.0,352.0,386.0,403.0,408.0,458.0,485.0,486.0,511.0,522.0,529.0,534.0,556.0,558.0,571.0,574.0,584.0,595.0,600.0,601.0,602.0,609.0,614.0,620.0,623.0,629.0,641.0,670.0,676.0,694.0,696.0,701.0,727.0,729.0,738.0,757.0,776.0,791.0,792.0,795.0,805.0,810.0,828.0,873.0,887.0,908.0,947.0,949.0,956.0,959.0,985.0,
89.0,92.0,147.0,217.0,385.0,408.0,435.0,439.0,447.0,459.0,468.0,477.0,519.0,581.0,581.0,663.0,687.0,692.0,703.0,809.0,837.0,838.0,841.0,845.0,880.0,892.0,952.0,965.0,
2.0,46.0,63.0,107.0,168.0,205.0,291.0,317.0,319.0,321.0,325.0,326.0,361.0,374.0,393.0,394.0,399.0,445.0,460.0,504.0,504.0,528.0,529.0,533.0,534.0,538.0,539.0,543.0,555.0,559.0,567.0,570.0,575.0,576.0,583.0,585.0,586.0,591.0,593.0,595.0,599.0,607.0,615.0,633.0,638.0,654.0,654.0,657.0,666.0,668.0,675.0,722.0,730.0,753.0,783.0,827.0,835.0,843.0,860.0,890.0,909.0,915.0,921.0,943.0,972.0,978.0,
23.0,37.0,55.0,55.0,60.0,205.0,307.0,334.0,358.0,363.0,484.0,503.0,513.0,515.0,520.0,522.0,522.0,524.0,526.0,529.0,534.0,534.0,536.0,541.0,543.0,552.0,557.0,568.0,569.0,579.0,581.0,582.0,583.0,586.0,590.0,597.0,603.0,608.0,620.0,633.0,635.0,638.0,645.0,645.0,653.0,663.0,693.0,697.0,704.0,705.0,708.0,731.0,749.0,759.0,768.0,774.0,781.0,799.0,823.0,823.0,825.0,837.0,880.0,883.0,887.0,901.0,904.0,910.0,913.0,976.0,990.0,
12.0,14.0,130.0,145.0,188.0,199.0,210.0,241.0,241.0,290.0,331.0,346.0,370.0,383.0,471.0,471.0,513.0,531.0,532.0,534.0,534.0,537.0,551.0,553.0,559.0,562.0,562.0,570.0,571.0,583.0,586.0,587.0,614.0,620.0,642.0,650.0,656.0,660.0,679.0,692.0,699.0,720.0,743.0,746.0,753.0,766.0,767.0,770.0,788.0,789.0,800.0,825.0,833.0,841.0,873.0,939.0,942.0,948.0,951.0,975.0,976.0,
24.0,44.0,46.0,88.0,92.0,101.0,110.0,228.0,297.0,301.0,316.0,330.0,413.0,522.0,539.0,555.0,555.0,557.0,560.0,561.0,562.0,565.0,567.0,582.0,582.0,588.0,590.0,595.0,606.0,607.0,622.0,629.0,634.0,651.0,657.0,681.0,691.0,708.0,713.0,721.0,722.0,742.0,767.0,768.0,773.0,789.0,803.0,809.0,814.0,822.0,829.0,833.0,865.0,892.0,899.0,973.0,974.0,976.0,980.0,
8.0,26.0,58.0,75.0,77.0,88.0,92.0,150.0,151.0,183.0,196.0,221.0,255.0,350.0,360.0,362.0,397.0,420.0,446.0,488.0,519.0,525.0,528.0,531.0,536.0,543.0,547.0,550.0,557.0,558.0,565.0,587.0,597.0,604.0,610.0,628.0,655.0,668.0,670.0,693.0,709.0,756.0,816.0,851.0,857.0,884.0,888.0,896.0,921.0,942.0,947.0,962.0,966.0,983.0,
28.0,48.0,62.0,73.0,80.0,113.0,124.0,172.0,197.0,208.0,219.0,244.0,270.0,273.0,285.0,291.0,318.0,373.0,379.0,419.0,480.0,508.0,528.0,539.0,539.0,543.0,578.0,579.0,580.0,583.0,587.0,590.0,591.0,594.0,608.0,620.0,626.0,630.0,634.0,637.0,682.0,688.0,705.0,712.0,715.0,720.0,740.0,748.0,750.0,764.0,778.0,787.0,795.0,822.0,849.0,852.0,875.0,876.0,882.0,895.0,905.0,912.0,915.0,921.0,951.0,
20.0,45.0,50.0,67.0,82.0,114.0,138.0,165.0,187.0,222.0,236.0,252.0,254.0,261.0,271.0,286.0,308.0,321.0,322.0,330.0,341.0,367.0,382.0,399.0,429.0,490.0,493.0,513.0,521.0,552.0,553.0,554.0,563.0,565.0,566.0,567.0,568.0,585.0,585.0,592.0,596.0,600.0,602.0,614.0,618.0,620.0,633.0,634.0,671.0,672.0,695.0,718.0,719.0,734.0,745.0,767.0,770.0,786.0,792.0,793.0,805.0,817.0,828.0,853.0,909.0,911.0,924.0,948.0,972.0,974.0,992.0,
23.0,85.0,93.0,100.0,114.0,191.0,203.0,215.0,232.0,317.0,349.0,416.0,483.0,515.0,522.0,523.0,524.0,538.0,545.0,549.0,550.0,551.0,557.0,562.0,563.0,566.0,571.0,573.0,585.0,588.0,590.0,591.0,592.0,595.0,600.0,616.0,617.0,633.0,639.0,640.0,655.0,684.0,700.0,713.0,720.0,721.0,726.0,782.0,793.0,800.0,873.0,873.0,875.0,887.0,911.0,930.0,950.0,965.0,974.0,985.0,
11.0,25.0,32.0,48.0,50.0,67.0,81.0,97.0,149.0,196.0,239.0,250.0,253.0,336.0,406.0,417.0,424.0,493.0,505.0,508.0,517.0,537.0,537.0,538.0,545.0,547.0,550.0,556.0,561.0,565.0,571.0,572.0,579.0,594.0,608.0,615.0,619.0,656.0,670.0,677.0,706.0,707.0,711.0,715.0,716.0,717.0,722.0,722.0,725.0,756.0,758.0,758.0,759.0,768.0,780.0,787.0,794.0,845.0,849.0,849.0,858.0,872.0,874.0,879.0,896.0,897.0,901.0,915.0,939.0,947.0,969.0,972.0,980.0,981.0,
17.0,31.0,52.0,69.0,131.0,167.0,178.0,196.0,213.0,217.0,254.0,287.0,305.0,307.0,316.0,381.0,393.0,400.0,407.0,428.0,451.0,453.0,504.0,517.0,569.0,578.0,593.0,612.0,646.0,677.0,702.0,744.0,750.0,772.0,806.0,966.0,971.0,
13.0,20.0,58.0,87.0,130.0,143.0,148.0,156.0,201.0,226.0,293.0,297.0,314.0,319.0,350.0,379.0,386.0,394.0,402.0,409.0,415.0,421.0,443.0,453.0,464.0,498.0,505.0,510.0,512.0,513.0,517.0,520.0,521.0,523.0,534.0,534.0,535.0,543.0,561.0,562.0,564.0,569.0,575.0,589.0,590.0,592.0,594.0,599.0,603.0,610.0,614.0,624.0,625.0,637.0,638.0,691.0,705.0,712.0,719.0,739.0,743.0,751.0,752.0,755.0,760.0,775.0,781.0,833.0,854.0,859.0,862.0,866.0,872.0,880.0,889.0,901.0,913.0,923.0,933.0,957.0,957.0,966.0,968.0,983.0,
2.0,45.0,48.0,58.0,64.0,77.0,78.0,128.0,171.0,176.0,184.0,217.0,257.0,284.0,346.0,389.0,424.0,433.0,441.0,464.0,476.0,507.0,514.0,524.0,526.0,537.0,540.0,544.0,551.0,556.0,563.0,578.0,584.0,592.0,596.0,608.0,615.0,623.0,628.0,631.0,631.0,644.0,646.0,650.0,656.0,668.0,677.0,678.0,715.0,715.0,745.0,750.0,778.0,788.0,798.0,805.0,854.0,859.0,860.0,866.0,873.0,891.0,895.0,902.0,915.0,922.0,956.0,987.0,1000.0,
50.0,63.0,87.0,113.0,135.0,152.0,163.0,211.0,212.0,221.0,242.0,244.0,275.0,287.0,295.0,335.0,335.0,352.0,384.0,428.0,431.0,471.0,477.0,486.0,511.0,515.0,516.0,516.0,529.0,531.0,531.0,532.0,535.0,540.0,540.0,544.0,548.0,549.0,561.0,565.0,567.0,568.0,571.0,571.0,577.0,581.0,598.0,605.0,613.0,618.0,622.0,625.0,630.0,631.0,634.0,647.0,659.0,664.0,669.0,676.0,700.0,719.0,723.0,744.0,754.0,762.0,786.0,788.0,789.0,800.0,861.0,874.0,877.0,880.0,891.0,917.0,921.0,921.0,937.0,940.0,948.0,981.0,995.0,
10.0,26.0,137.0,138.0,176.0,207.0,208.0,251.0,274.0,281.0,295.0,331.0,366.0,483.0,518.0,520.0,522.0,524.0,531.0,537.0,547.0,552.0,553.0,557.0,559.0,582.0,583.0,586.0,604.0,609.0,638.0,680.0,710.0,713.0,795.0,797.0,808.0,817.0,848.0,899.0,913.0,915.0,918.0,938.0,949.0,978.0,979.0,
3.0,21.0,147.0,177.0,194.0,196.0,223.0,258.0,277.0,329.0,357.0,366.0,369.0,383.0,397.0,419.0,436.0,497.0,518.0,524.0,553.0,554.0,556.0,565.0,576.0,577.0,603.0,628.0,632.0,638.0,644.0,648.0,658.0,690.0,712.0,734.0,750.0,780.0,781.0,826.0,852.0,881.0,909.0,926.0,931.0,945.0,993.0,
46.0,70.0,126.0,189.0,270.0,272.0,308.0,362.0,377.0,387.0,431.0,433.0,447.0,471.0,493.0,514.0,520.0,522.0,522.0,523.0,526.0,527.0,528.0,531.0,532.0,536.0,536.0,543.0,553.0,557.0,561.0,562.0,564.0,564.0,570.0,574.0,585.0,606.0,606.0,613.0,617.0,635.0,642.0,643.0,648.0,651.0,666.0,677.0,687.0,694.0,736.0,737.0,737.0,757.0,851.0,874.0,901.0,909.0,938.0,964.0,
29.0,32.0,46.0,97.0,176.0,182.0,194.0,198.0,223.0,235.0,235.0,241.0,324.0,355.0,391.0,395.0,417.0,422.0,505.0,528.0,532.0,538.0,539.0,542.0,542.0,551.0,563.0,567.0,578.0,581.0,586.0,588.0,592.0,635.0,636.0,637.0,639.0,643.0,644.0,652.0,653.0,666.0,691.0,706.0,716.0,761.0,769.0,772.0,808.0,824.0,834.0,853.0,863.0,870.0,874.0,882.0,884.0,896.0,906.0,908.0,910.0,911.0,917.0,917.0,919.0,929.0,995.0,
28.0,61.0,84.0,85.0,140.0,145.0,158.0,205.0,242.0,309.0,368.0,371.0,397.0,399.0,412.0,472.0,496.0,513.0,519.0,521.0,524.0,526.0,531.0,532.0,534.0,535.0,540.0,540.0,542.0,545.0,545.0,549.0,552.0,553.0,556.0,559.0,566.0,567.0,569.0,571.0,581.0,585.0,587.0,593.0,608.0,614.0,628.0,638.0,642.0,642.0,648.0,650.0,650.0,660.0,661.0,678.0,687.0,691.0,700.0,706.0,709.0,711.0,727.0,735.0,741.0,744.0,776.0,776.0,777.0,814.0,824.0,827.0,827.0,839.0,841.0,853.0,870.0,889.0,901.0,912.0,916.0,927.0,933.0,949.0,969.0,990.0,991.0,997.0,
26.0,38.0,58.0,79.0,91.0,101.0,135.0,177.0,198.0,208.0,210.0,262.0,293.0,336.0,346.0,364.0,402.0,407.0,439.0,440.0,444.0,445.0,450.0,487.0,493.0,515.0,516.0,519.0,531.0,533.0,539.0,555.0,559.0,563.0,567.0,569.0,581.0,587.0,589.0,593.0,603.0,606.0,611.0,616.0,623.0,645.0,688.0,689.0,737.0,749.0,770.0,780.0,788.0,848.0,868.0,883.0,922.0,939.0,978.0,995.0,
7.0,21.0,57.0,80.0,105.0,149.0,163.0,214.0,253.0,280.0,293.0,336.0,361.0,377.0,408.0,440.0,486.0,509.0,520.0,556.0,563.0,566.0,580.0,637.0,740.0,770.0,853.0,854.0,864.0,933.0,980.0,981.0,
28.0,49.0,51.0,114.0,123.0,178.0,220.0,265.0,267.0,287.0,310.0,321.0,365.0,385.0,390.0,416.0,428.0,478.0,519.0,525.0,538.0,557.0,560.0,568.0,590.0,599.0,611.0,612.0,685.0,717.0,754.0,763.0,767.0,768.0,777.0,784.0,784.0,785.0,793.0,795.0,796.0,819.0,946.0,972.0,
31.0,113.0,162.0,213.0,215.0,243.0,252.0,273.0,296.0,307.0,311.0,317.0,336.0,400.0,456.0,511.0,516.0,522.0,525.0,535.0,535.0,537.0,539.0,546.0,547.0,551.0,558.0,563.0,571.0,575.0,579.0,583.0,586.0,588.0,602.0,608.0,618.0,620.0,627.0,657.0,680.0,693.0,701.0,717.0,725.0,743.0,744.0,771.0,777.0,803.0,821.0,829.0,833.0,845.0,869.0,877.0,878.0,882.0,899.0,900.0,902.0,905.0,914.0,930.0,931.0,952.0,953.0,956.0,965.0,982.0,991.0,
79.0,80.0,103.0,126.0,137.0,165.0,204.0,206.0,250.0,251.0,264.0,307.0,310.0,344.0,349.0,421.0,432.0,443.0,516.0,518.0,520.0,525.0,533.0,538.0,541.0,544.0,549.0,558.0,559.0,560.0,564.0,567.0,570.0,576.0,581.0,588.0,588.0,591.0,603.0,604.0,612.0,613.0,617.0,619.0,623.0,638.0,645.0,653.0,735.0,738.0,762.0,764.0,767.0,780.0,793.0,807.0,813.0,814.0,815.0,827.0,840.0,842.0,859.0,866.0,875.0,876.0,898.0,912.0,932.0,952.0,959.0,973.0,983.0,
15.0,16.0,41.0,58.0,67.0,73.0,84.0,115.0,128.0,141.0,174.0,191.0,199.0,224.0,282.0,299.0,320.0,374.0,464.0,515.0,518.0,533.0,535.0,543.0,556.0,563.0,563.0,566.0,566.0,568.0,574.0,583.0,585.0,593.0,597.0,600.0,603.0,604.0,637.0,639.0,643.0,648.0,654.0,678.0,690.0,703.0,703.0,713.0,718.0,724.0,730.0,739.0,744.0,748.0,788.0,803.0,812.0,817.0,827.0,860.0,861.0,922.0,925.0,952.0,987.0,999.0,
3.0,41.0,45.0,51.0,96.0,97.0,108.0,129.0,157.0,217.0,251.0,257.0,307.0,311.0,330.0,466.0,472.0,482.0,511.0,524.0,528.0,533.0,539.0,550.0,551.0,559.0,559.0,567.0,579.0,584.0,597.0,649.0,653.0,679.0,684.0,705.0,713.0,716.0,772.0,775.0,794.0,830.0,831.0,839.0,846.0,865.0,887.0,893.0,895.0,896.0,963.0,965.0,965.0,971.0,1000.0,
7.0,38.0,64.0,71.0,98.0,127.0,136.0,138.0,179.0,188.0,189.0,215.0,233.0,240.0,254.0,258.0,284.0,333.0,339.0,341.0,404.0,468.0,517.0,524.0,530.0,540.0,540.0,547.0,547.0,549.0,550.0,554.0,560.0,561.0,566.0,566.0,568.0,568.0,569.0,585.0,596.0,617.0,619.0,638.0,651.0,661.0,683.0,685.0,737.0,743.0,757.0,772.0,781.0,796.0,820.0,823.0,851.0,854.0,868.0,875.0,883.0,884.0,886.0,887.0,892.0,900.0,924.0,945.0,993.0,999.0,999.0,
85.0,129.0,129.0,148.0,177.0,211.0,246.0,263.0,285.0,288.0,300.0,309.0,332.0,378.0,386.0,390.0,416.0,419.0,522.0,522.0,525.0,528.0,538.0,539.0,546.0,550.0,561.0,564.0,566.0,570.0,574.0,574.0,576.0,580.0,580.0,585.0,586.0,594.0,595.0,596.0,599.0,602.0,604.0,621.0,623.0,624.0,637.0,644.0,663.0,677.0,678.0,681.0,690.0,691.0,698.0,698.0,750.0,769.0,790.0,794.0,801.0,810.0,817.0,827.0,851.0,863.0,869.0,875.0,898.0,898.0,899.0,903.0,913.0,928.0,930.0,941.0,956.0,997.0,
12.0,26.0,57.0,98.0,195.0,207.0,259.0,313.0,320.0,331.0,340.0,382.0,384.0,428.0,509.0,517.0,537.0,537.0,538.0,544.0,545.0,551.0,552.0,555.0,556.0,556.0,560.0,574.0,576.0,587.0,587.0,594.0,612.0,613.0,620.0,623.0,625.0,633.0,658.0,668.0,671.0,689.0,692.0,699.0,704.0,709.0,710.0,714.0,723.0,728.0,762.0,785.0,788.0,825.0,832.0,834.0,866.0,871.0,879.0,889.0,914.0,938.0,
14.0,26.0,34.0,78.0,78.0,79.0,104.0,131.0,147.0,150.0,211.0,281.0,297.0,298.0,331.0,347.0,372.0,384.0,433.0,445.0,520.0,523.0,528.0,531.0,540.0,549.0,557.0,564.0,568.0,604.0,606.0,608.0,641.0,670.0,693.0,696.0,698.0,702.0,703.0,735.0,737.0,764.0,766.0,783.0,824.0,830.0,849.0,863.0,913.0,926.0,936.0,959.0,986.0,
31.0,44.0,74.0,107.0,141.0,159.0,200.0,201.0,223.0,272.0,280.0,310.0,343.0,400.0,401.0,452.0,482.0,508.0,537.0,541.0,562.0,564.0,602.0,671.0,679.0,703.0,755.0,791.0,806.0,857.0,862.0,911.0,912.0,
7.0,10.0,58.0,109.0,157.0,159.0,160.0,188.0,188.0,205.0,207.0,207.0,231.0,242.0,263.0,289.0,292.0,294.0,317.0,319.0,340.0,367.0,383.0,401.0,427.0,490.0,541.0,579.0,587.0,608.0,649.0,689.0,694.0,760.0,846.0,987.0,
7.0,12.0,24.0,65.0,119.0,125.0,217.0,222.0,273.0,296.0,316.0,353.0,384.0,390.0,390.0,421.0,436.0,500.0,520.0,540.0,563.0,577.0,580.0,580.0,581.0,593.0,596.0,618.0,625.0,625.0,636.0,636.0,636.0,639.0,648.0,682.0,738.0,738.0,745.0,771.0,774.0,781.0,788.0,841.0,845.0,848.0,857.0,888.0,904.0,912.0,926.0,930.0,940.0,953.0,954.0,984.0,988.0,994.0,
24.0,79.0,106.0,114.0,145.0,158.0,164.0,193.0,197.0,250.0,275.0,283.0,283.0,311.0,322.0,357.0,366.0,382.0,389.0,396.0,429.0,449.0,452.0,515.0,524.0,534.0,541.0,545.0,547.0,553.0,566.0,570.0,570.0,574.0,602.0,616.0,624.0,643.0,644.0,649.0,652.0,658.0,682.0,690.0,692.0,700.0,721.0,721.0,731.0,732.0,747.0,750.0,760.0,763.0,779.0,781.0,790.0,806.0,812.0,813.0,824.0,858.0,860.0,862.0,886.0,903.0,903.0,914.0,921.0,932.0,970.0,977.0,994.0,997.0,
37.0,108.0,188.0,244.0,256.0,277.0,281.0,292.0,331.0,332.0,370.0,400.0,480.0,499.0,518.0,524.0,531.0,535.0,536.0,542.0,550.0,552.0,553.0,556.0,572.0,594.0,597.0,605.0,615.0,624.0,627.0,631.0,632.0,636.0,655.0,668.0,676.0,687.0,694.0,700.0,706.0,709.0,731.0,733.0,736.0,746.0,754.0,759.0,809.0,818.0,823.0,824.0,859.0,861.0,871.0,923.0,953.0,955.0,976.0,981.0,981.0,989.0,997.0,997.0,997.0,
11.0,63.0,102.0,105.0,116.0,131.0,185.0,247.0,269.0,286.0,289.0,336.0,346.0,359.0,361.0,433.0,435.0,454.0,488.0,490.0,517.0,526.0,526.0,529.0,536.0,548.0,549.0,551.0,551.0,556.0,562.0,581.0,585.0,588.0,596.0,597.0,603.0,609.0,613.0,616.0,643.0,644.0,646.0,653.0,657.0,657.0,658.0,667.0,667.0,678.0,688.0,732.0,746.0,788.0,806.0,817.0,855.0,862.0,911.0,911.0,927.0,938.0,939.0,940.0,943.0,964.0,969.0,973.0,985.0,
41.0,83.0,141.0,166.0,167.0,277.0,319.0,390.0,401.0,432.0,440.0,443.0,483.0,488.0,501.0,517.0,532.0,532.0,538.0,550.0,550.0,557.0,562.0,563.0,564.0,570.0,578.0,579.0,587.0,588.0,592.0,595.0,605.0,608.0,611.0,614.0,631.0,637.0,639.0,684.0,705.0,709.0,747.0,796.0,847.0,858.0,875.0,881.0,914.0,941.0,941.0,955.0,964.0,974.0,982.0,989.0,989.0,993.0,996.0,996.0,998.0,
8.0,11.0,15.0,47.0,70.0,83.0,89.0,110.0,119.0,130.0,165.0,167.0,218.0,266.0,341.0,346.0,346.0,353.0,402.0,412.0,460.0,466.0,500.0,507.0,522.0,524.0,539.0,544.0,546.0,547.0,550.0,550.0,556.0,564.0,579.0,586.0,589.0,590.0,592.0,602.0,603.0,612.0,619.0,623.0,627.0,637.0,653.0,660.0,665.0,666.0,670.0,676.0,679.0,701.0,702.0,703.0,714.0,716.0,723.0,727.0,727.0,749.0,781.0,786.0,792.0,794.0,797.0,800.0,825.0,832.0,841.0,842.0,854.0,860.0,868.0,890.0,909.0,924.0,927.0,935.0,943.0,960.0,961.0,968.0,975.0,
27.0,30.0,75.0,82.0,121.0,126.0,129.0,166.0,173.0,207.0,215.0,225.0,235.0,237.0,325.0,329.0,329.0,356.0,364.0,421.0,461.0,488.0,513.0,513.0,517.0,518.0,520.0,537.0,549.0,550.0,559.0,603.0,614.0,618.0,641.0,647.0,656.0,662.0,672.0,678.0,693.0,723.0,759.0,761.0,854.0,902.0,904.0,918.0,918.0,924.0,936.0,
14.0,32.0,42.0,53.0,56.0,65.0,79.0,81.0,135.0,179.0,197.0,224.0,232.0,239.0,240.0,249.0,278.0,280.0,281.0,301.0,314.0,361.0,417.0,483.0,491.0,506.0,540.0,554.0,569.0,571.0,591.0,594.0,602.0,603.0,783.0,825.0,829.0,866.0,875.0,889.0,951.0,971.0,
7.0,45.0,59.0,85.0,115.0,122.0,161.0,205.0,210.0,215.0,251.0,308.0,340.0,366.0,385.0,424.0,447.0,463.0,479.0,497.0,504.0,526.0,527.0,588.0,612.0,636.0,640.0,695.0,706.0,711.0,787.0,804.0,849.0,898.0,927.0,945.0,990.0,
26.0,82.0,114.0,137.0,171.0,174.0,182.0,272.0,292.0,295.0,344.0,350.0,356.0,358.0,385.0,385.0,469.0,484.0,675.0,679.0,704.0,849.0,891.0,896.0,964.0,
19.0,30.0,39.0,90.0,195.0,229.0,260.0,266.0,267.0,293.0,332.0,333.0,352.0,361.0,366.0,451.0,529.0,568.0,580.0,603.0,747.0,759.0,824.0,829.0,831.0,966.0,1000.0,
88.0,114.0,137.0,196.0,219.0,231.0,236.0,333.0,333.0,371.0,382.0,400.0,409.0,464.0,490.0,495.0,511.0,517.0,526.0,531.0,535.0,538.0,545.0,549.0,564.0,565.0,574.0,581.0,590.0,595.0,618.0,619.0,635.0,639.0,657.0,664.0,720.0,739.0,748.0,753.0,775.0,781.0,788.0,795.0,827.0,851.0,866.0,873.0,963.0,994.0,
31.0,64.0,74.0,82.0,145.0,166.0,204.0,227.0,268.0,304.0,314.0,322.0,328.0,330.0,341.0,450.0,518.0,518.0,528.0,529.0,536.0,543.0,544.0,565.0,565.0,585.0,588.0,593.0,598.0,612.0,612.0,613.0,618.0,619.0,620.0,622.0,639.0,654.0,655.0,655.0,679.0,681.0,713.0,740.0,773.0,774.0,780.0,780.0,781.0,793.0,803.0,806.0,807.0,808.0,813.0,825.0,836.0,854.0,872.0,880.0,894.0,944.0,958.0,973.0,973.0,999.0,
8.0,47.0,103.0,119.0,120.0,122.0,148.0,169.0,172.0,181.0,224.0,251.0,293.0,301.0,381.0,385.0,431.0,465.0,476.0,491.0,508.0,520.0,523.0,528.0,529.0,542.0,557.0,562.0,563.0,565.0,568.0,576.0,595.0,614.0,629.0,634.0,644.0,654.0,660.0,671.0,682.0,683.0,691.0,697.0,698.0,714.0,726.0,734.0,743.0,747.0,748.0,754.0,767.0,776.0,782.0,786.0,823.0,835.0,842.0,844.0,854.0,887.0,896.0,933.0,948.0,961.0,992.0,
16.0,50.0,75.0,110.0,139.0,204.0,211.0,211.0,260.0,274.0,295.0,324.0,349.0,369.0,438.0,456.0,457.0,460.0,514.0,516.0,531.0,531.0,531.0,542.0,555.0,556.0,558.0,562.0,564.0,565.0,569.0,570.0,572.0,591.0,597.0,597.0,602.0,606.0,626.0,630.0,631.0,632.0,639.0,642.0,655.0,659.0,666.0,670.0,671.0,687.0,692.0,701.0,707.0,713.0,716.0,757.0,771.0,772.0,778.0,782.0,791.0,799.0,806.0,820.0,830.0,879.0,899.0,936.0,948.0,978.0,993.0,999.0,
38.0,84.0,112.0,155.0,156.0,169.0,221.0,255.0,268.0,284.0,295.0,308.0,337.0,343.0,346.0,363.0,403.0,416.0,425.0,438.0,480.0,499.0,518.0,522.0,533.0,537.0,545.0,551.0,562.0,613.0,620.0,622.0,623.0,638.0,640.0,665.0,665.0,717.0,755.0,764.0,827.0,858.0,897.0,989.0,
17.0,44.0,47.0,51.0,62.0,140.0,165.0,172.0,176.0,220.0,222.0,224.0,293.0,309.0,392.0,415.0,426.0,470.0,487.0,511.0,522.0,530.0,531.0,535.0,539.0,550.0,583.0,606.0,648.0,674.0,720.0,758.0,792.0,854.0,860.0,870.0,886.0,903.0,914.0,934.0,975.0,
3.0,20.0,59.0,87.0,146.0,181.0,207.0,221.0,282.0,310.0,324.0,363.0,423.0,436.0,446.0,451.0,476.0,520.0,631.0,653.0,674.0,703.0,786.0,828.0,835.0,844.0,890.0,932.0,
