15.0,32.0,46.0,64.0,87.0,102.0,102.0,147.0,165.0,171.0,191.0,200.0,264.0,336.0,387.0,407.0,435.0,435.0,515.0,521.0,527.0,599.0,672.0,704.0,708.0,739.0,838.0,844.0,847.0,904.0,948.0,955.0,987.0,
25.0,66.0,84.0,106.0,109.0,148.0,176.0,186.0,273.0,296.0,302.0,320.0,415.0,434.0,445.0,470.0,494.0,542.0,602.0,603.0,636.0,676.0,711.0,778.0,790.0,881.0,896.0,907.0,947.0,
41.0,114.0,147.0,240.0,270.0,275.0,289.0,304.0,315.0,325.0,341.0,356.0,418.0,419.0,464.0,514.0,571.0,575.0,605.0,644.0,656.0,671.0,686.0,713.0,752.0,764.0,774.0,785.0,803.0,805.0,825.0,882.0,894.0,940.0,960.0,981.0,
23.0,26.0,60.0,103.0,132.0,136.0,142.0,157.0,195.0,237.0,250.0,272.0,286.0,322.0,328.0,328.0,336.0,340.0,340.0,355.0,371.0,373.0,380.0,385.0,418.0,467.0,530.0,583.0,591.0,675.0,734.0,759.0,790.0,814.0,849.0,862.0,894.0,902.0,942.0,953.0,975.0,1000.0,
10.0,32.0,125.0,170.0,173.0,185.0,220.0,231.0,238.0,241.0,278.0,303.0,403.0,405.0,414.0,431.0,431.0,438.0,541.0,551.0,598.0,642.0,667.0,716.0,728.0,733.0,744.0,904.0,965.0,994.0,
23.0,48.0,97.0,143.0,149.0,170.0,189.0,193.0,251.0,378.0,439.0,529.0,546.0,567.0,589.0,595.0,617.0,633.0,652.0,658.0,668.0,678.0,687.0,733.0,740.0,783.0,842.0,917.0,929.0,951.0,981.0,982.0,996.0,
9.0,18.0,22.0,53.0,69.0,81.0,88.0,94.0,131.0,142.0,150.0,179.0,181.0,183.0,229.0,273.0,310.0,327.0,332.0,342.0,354.0,403.0,438.0,517.0,548.0,560.0,581.0,670.0,684.0,710.0,720.0,727.0,739.0,764.0,776.0,789.0,807.0,829.0,888.0,890.0,901.0,961.0,989.0,
104.0,105.0,201.0,296.0,331.0,366.0,449.0,453.0,473.0,488.0,496.0,513.0,523.0,524.0,532.0,536.0,593.0,617.0,627.0,641.0,687.0,693.0,780.0,975.0,977.0,982.0,
13.0,57.0,88.0,135.0,136.0,144.0,152.0,229.0,253.0,259.0,308.0,339.0,348.0,380.0,384.0,410.0,447.0,464.0,479.0,484.0,498.0,511.0,512.0,584.0,597.0,634.0,667.0,690.0,698.0,698.0,703.0,704.0,725.0,768.0,790.0,877.0,882.0,909.0,914.0,952.0,971.0,971.0,
42.0,43.0,68.0,89.0,96.0,106.0,114.0,136.0,199.0,209.0,216.0,237.0,287.0,316.0,320.0,333.0,338.0,368.0,370.0,395.0,420.0,422.0,490.0,500.0,518.0,525.0,549.0,562.0,605.0,651.0,717.0,720.0,725.0,763.0,779.0,797.0,806.0,827.0,831.0,869.0,921.0,946.0,962.0,
73.0,89.0,95.0,158.0,197.0,258.0,263.0,311.0,345.0,383.0,386.0,432.0,516.0,578.0,598.0,626.0,680.0,723.0,746.0,771.0,794.0,834.0,873.0,877.0,921.0,968.0,
58.0,105.0,135.0,144.0,148.0,157.0,173.0,196.0,242.0,261.0,281.0,347.0,368.0,374.0,386.0,406.0,439.0,472.0,540.0,560.0,595.0,604.0,616.0,625.0,784.0,787.0,837.0,850.0,855.0,882.0,899.0,909.0,982.0,
15.0,31.0,66.0,141.0,154.0,178.0,222.0,249.0,249.0,260.0,262.0,271.0,278.0,290.0,298.0,331.0,346.0,352.0,406.0,459.0,482.0,490.0,545.0,606.0,629.0,664.0,693.0,755.0,770.0,785.0,790.0,803.0,813.0,
18.0,28.0,79.0,86.0,123.0,191.0,201.0,221.0,240.0,273.0,276.0,346.0,358.0,358.0,375.0,379.0,420.0,508.0,519.0,531.0,532.0,595.0,623.0,641.0,646.0,672.0,701.0,714.0,768.0,840.0,883.0,916.0,937.0,975.0,
79.0,118.0,145.0,160.0,194.0,252.0,291.0,304.0,314.0,318.0,329.0,329.0,354.0,370.0,377.0,377.0,390.0,403.0,450.0,450.0,519.0,538.0,549.0,558.0,567.0,569.0,618.0,648.0,705.0,711.0,730.0,732.0,742.0,751.0,779.0,799.0,844.0,847.0,869.0,899.0,914.0,944.0,979.0,
18.0,112.0,114.0,131.0,150.0,155.0,156.0,167.0,192.0,194.0,264.0,279.0,297.0,311.0,335.0,350.0,444.0,504.0,511.0,512.0,536.0,546.0,548.0,551.0,554.0,577.0,585.0,586.0,586.0,592.0,610.0,613.0,650.0,656.0,673.0,683.0,696.0,697.0,697.0,727.0,742.0,749.0,756.0,834.0,894.0,910.0,926.0,969.0,975.0,977.0,988.0,
41.0,96.0,116.0,158.0,161.0,164.0,241.0,286.0,377.0,431.0,448.0,528.0,540.0,548.0,554.0,557.0,563.0,599.0,646.0,704.0,723.0,735.0,776.0,778.0,789.0,800.0,840.0,856.0,877.0,957.0,
44.0,63.0,124.0,137.0,145.0,195.0,235.0,276.0,279.0,286.0,290.0,323.0,354.0,357.0,421.0,433.0,498.0,502.0,509.0,539.0,553.0,565.0,568.0,593.0,603.0,604.0,608.0,617.0,662.0,709.0,744.0,779.0,899.0,939.0,990.0,
7.0,12.0,24.0,39.0,44.0,86.0,94.0,127.0,160.0,281.0,296.0,363.0,409.0,435.0,443.0,486.0,508.0,518.0,525.0,559.0,639.0,642.0,662.0,691.0,711.0,733.0,745.0,822.0,838.0,875.0,896.0,897.0,902.0,914.0,
72.0,86.0,101.0,104.0,121.0,144.0,149.0,185.0,201.0,276.0,328.0,359.0,406.0,413.0,481.0,497.0,528.0,547.0,554.0,602.0,615.0,625.0,853.0,860.0,863.0,945.0,966.0,972.0,981.0,
30.0,30.0,70.0,88.0,95.0,110.0,113.0,187.0,226.0,266.0,320.0,376.0,378.0,389.0,390.0,397.0,413.0,417.0,431.0,446.0,457.0,502.0,517.0,586.0,601.0,621.0,640.0,642.0,644.0,687.0,754.0,759.0,767.0,768.0,769.0,832.0,883.0,885.0,976.0,
61.0,62.0,78.0,82.0,138.0,184.0,190.0,221.0,224.0,225.0,291.0,342.0,372.0,398.0,410.0,431.0,439.0,442.0,446.0,486.0,502.0,503.0,504.0,520.0,521.0,535.0,574.0,580.0,617.0,646.0,713.0,715.0,727.0,795.0,833.0,988.0,994.0,
12.0,17.0,109.0,111.0,155.0,173.0,238.0,247.0,298.0,310.0,319.0,335.0,340.0,352.0,354.0,452.0,464.0,470.0,482.0,565.0,569.0,572.0,626.0,719.0,742.0,748.0,753.0,932.0,933.0,937.0,953.0,964.0,
5.0,17.0,20.0,23.0,33.0,78.0,118.0,118.0,140.0,140.0,164.0,189.0,232.0,332.0,367.0,377.0,379.0,421.0,516.0,523.0,530.0,542.0,553.0,559.0,562.0,564.0,572.0,579.0,635.0,639.0,650.0,664.0,677.0,682.0,684.0,687.0,697.0,699.0,723.0,727.0,744.0,752.0,769.0,772.0,797.0,829.0,836.0,844.0,848.0,855.0,855.0,888.0,911.0,935.0,937.0,939.0,951.0,957.0,963.0,974.0,995.0,
8.0,37.0,51.0,83.0,95.0,105.0,154.0,167.0,172.0,179.0,200.0,223.0,256.0,264.0,357.0,382.0,405.0,406.0,436.0,446.0,470.0,501.0,531.0,537.0,545.0,549.0,550.0,551.0,553.0,558.0,559.0,563.0,577.0,584.0,589.0,595.0,602.0,606.0,630.0,647.0,655.0,666.0,702.0,712.0,716.0,726.0,729.0,735.0,749.0,751.0,774.0,784.0,789.0,803.0,810.0,819.0,841.0,845.0,849.0,867.0,874.0,891.0,912.0,912.0,912.0,914.0,928.0,939.0,965.0,989.0,
48.0,71.0,123.0,140.0,208.0,243.0,244.0,251.0,264.0,264.0,351.0,384.0,411.0,413.0,425.0,511.0,534.0,534.0,536.0,536.0,537.0,543.0,543.0,550.0,551.0,559.0,560.0,561.0,570.0,570.0,571.0,589.0,590.0,599.0,610.0,616.0,618.0,636.0,649.0,656.0,663.0,672.0,675.0,677.0,689.0,699.0,702.0,710.0,714.0,722.0,742.0,746.0,778.0,789.0,800.0,804.0,808.0,813.0,827.0,838.0,853.0,870.0,896.0,901.0,902.0,913.0,923.0,936.0,978.0,997.0,
4.0,69.0,84.0,102.0,147.0,175.0,188.0,202.0,237.0,260.0,267.0,274.0,302.0,340.0,343.0,385.0,406.0,435.0,441.0,460.0,496.0,498.0,500.0,510.0,534.0,535.0,538.0,542.0,545.0,546.0,547.0,562.0,563.0,563.0,580.0,580.0,582.0,582.0,584.0,589.0,597.0,601.0,604.0,608.0,608.0,613.0,621.0,631.0,642.0,651.0,651.0,666.0,699.0,700.0,716.0,717.0,731.0,734.0,757.0,766.0,785.0,811.0,816.0,817.0,842.0,848.0,861.0,874.0,882.0,917.0,931.0,932.0,954.0,963.0,
9.0,15.0,21.0,23.0,25.0,51.0,60.0,62.0,81.0,81.0,107.0,109.0,128.0,149.0,163.0,254.0,256.0,263.0,279.0,296.0,312.0,363.0,378.0,481.0,485.0,524.0,525.0,533.0,543.0,543.0,543.0,549.0,553.0,553.0,570.0,575.0,575.0,582.0,590.0,635.0,637.0,645.0,670.0,676.0,682.0,684.0,739.0,754.0,797.0,826.0,830.0,847.0,858.0,941.0,960.0,969.0,981.0,
70.0,72.0,141.0,205.0,382.0,414.0,414.0,427.0,436.0,495.0,514.0,531.0,634.0,646.0,672.0,747.0,808.0,812.0,828.0,913.0,975.0,
20.0,70.0,89.0,113.0,115.0,151.0,154.0,160.0,164.0,183.0,192.0,237.0,252.0,257.0,276.0,289.0,292.0,350.0,361.0,370.0,374.0,387.0,389.0,422.0,451.0,467.0,487.0,491.0,530.0,534.0,551.0,552.0,584.0,635.0,668.0,716.0,751.0,807.0,814.0,816.0,942.0,
2.0,25.0,39.0,115.0,135.0,142.0,234.0,310.0,316.0,327.0,344.0,345.0,360.0,385.0,427.0,433.0,438.0,449.0,459.0,472.0,475.0,484.0,507.0,544.0,556.0,701.0,716.0,726.0,786.0,831.0,832.0,865.0,868.0,
130.0,131.0,164.0,219.0,245.0,268.0,360.0,365.0,369.0,411.0,451.0,519.0,641.0,647.0,678.0,683.0,706.0,708.0,729.0,737.0,755.0,805.0,842.0,872.0,879.0,900.0,951.0,956.0,962.0,994.0,
15.0,26.0,38.0,63.0,74.0,79.0,148.0,193.0,216.0,237.0,238.0,388.0,428.0,439.0,440.0,465.0,469.0,515.0,517.0,525.0,526.0,527.0,529.0,531.0,535.0,542.0,546.0,556.0,560.0,561.0,568.0,574.0,575.0,578.0,580.0,580.0,589.0,608.0,624.0,654.0,659.0,699.0,711.0,712.0,720.0,724.0,725.0,738.0,743.0,767.0,778.0,831.0,839.0,855.0,865.0,876.0,883.0,888.0,901.0,904.0,912.0,914.0,916.0,941.0,954.0,970.0,977.0,991.0,996.0,
4.0,14.0,23.0,67.0,167.0,221.0,281.0,298.0,300.0,308.0,322.0,349.0,358.0,417.0,491.0,517.0,520.0,522.0,528.0,530.0,541.0,544.0,550.0,551.0,557.0,561.0,586.0,593.0,594.0,601.0,602.0,603.0,618.0,626.0,632.0,642.0,658.0,661.0,668.0,673.0,682.0,731.0,741.0,750.0,760.0,763.0,776.0,789.0,791.0,831.0,860.0,863.0,868.0,869.0,885.0,905.0,937.0,942.0,977.0,986.0,992.0,996.0,1000.0,
24.0,65.0,71.0,104.0,118.0,147.0,227.0,236.0,279.0,297.0,335.0,345.0,353.0,359.0,364.0,430.0,435.0,446.0,462.0,479.0,479.0,496.0,501.0,527.0,528.0,530.0,530.0,539.0,551.0,554.0,557.0,560.0,564.0,567.0,573.0,581.0,583.0,588.0,605.0,628.0,630.0,642.0,643.0,678.0,692.0,727.0,732.0,754.0,762.0,772.0,775.0,778.0,778.0,783.0,785.0,879.0,884.0,888.0,889.0,891.0,895.0,906.0,918.0,978.0,987.0,993.0,
40.0,117.0,131.0,132.0,148.0,272.0,286.0,317.0,324.0,425.0,436.0,442.0,489.0,518.0,520.0,523.0,529.0,529.0,537.0,538.0,541.0,544.0,553.0,556.0,557.0,559.0,562.0,572.0,576.0,582.0,588.0,590.0,599.0,605.0,607.0,607.0,620.0,624.0,626.0,631.0,693.0,694.0,701.0,722.0,743.0,743.0,765.0,780.0,795.0,805.0,813.0,821.0,831.0,831.0,848.0,860.0,928.0,944.0,980.0,983.0,
11.0,18.0,38.0,58.0,70.0,147.0,181.0,198.0,214.0,260.0,275.0,283.0,317.0,326.0,365.0,400.0,426.0,474.0,500.0,526.0,529.0,531.0,532.0,535.0,537.0,539.0,539.0,539.0,540.0,543.0,543.0,544.0,549.0,551.0,567.0,575.0,576.0,578.0,594.0,601.0,602.0,604.0,614.0,615.0,617.0,624.0,626.0,629.0,646.0,669.0,677.0,698.0,714.0,723.0,734.0,763.0,829.0,839.0,840.0,858.0,872.0,895.0,920.0,932.0,953.0,966.0,
64.0,80.0,102.0,107.0,125.0,144.0,195.0,198.0,211.0,247.0,279.0,296.0,312.0,390.0,401.0,411.0,412.0,438.0,458.0,523.0,531.0,532.0,533.0,543.0,545.0,547.0,561.0,567.0,574.0,581.0,586.0,592.0,599.0,601.0,609.0,622.0,622.0,641.0,645.0,648.0,677.0,689.0,696.0,706.0,707.0,712.0,712.0,714.0,715.0,722.0,724.0,728.0,736.0,749.0,761.0,761.0,770.0,771.0,794.0,801.0,808.0,809.0,824.0,836.0,856.0,873.0,925.0,926.0,965.0,968.0,983.0,
31.0,67.0,171.0,173.0,294.0,331.0,339.0,346.0,466.0,468.0,472.0,475.0,480.0,484.0,517.0,529.0,550.0,554.0,561.0,562.0,564.0,565.0,584.0,596.0,597.0,599.0,599.0,602.0,610.0,639.0,676.0,678.0,683.0,692.0,698.0,700.0,700.0,716.0,718.0,732.0,734.0,741.0,750.0,792.0,847.0,849.0,858.0,883.0,910.0,920.0,922.0,944.0,945.0,956.0,958.0,989.0,
8.0,48.0,90.0,151.0,184.0,209.0,251.0,290.0,304.0,313.0,351.0,449.0,457.0,516.0,602.0,618.0,630.0,669.0,687.0,693.0,701.0,733.0,762.0,776.0,821.0,865.0,891.0,906.0,909.0,1000.0,
30.0,79.0,233.0,241.0,278.0,283.0,296.0,313.0,368.0,432.0,481.0,491.0,493.0,526.0,546.0,624.0,633.0,648.0,648.0,664.0,666.0,680.0,707.0,720.0,729.0,805.0,869.0,932.0,939.0,987.0,
96.0,107.0,126.0,179.0,186.0,219.0,237.0,246.0,255.0,261.0,293.0,303.0,326.0,327.0,367.0,371.0,373.0,401.0,417.0,495.0,504.0,508.0,523.0,569.0,579.0,590.0,607.0,628.0,630.0,674.0,775.0,786.0,805.0,808.0,818.0,821.0,824.0,839.0,880.0,913.0,947.0,961.0,
7.0,13.0,100.0,123.0,129.0,143.0,160.0,192.0,228.0,257.0,277.0,355.0,372.0,378.0,389.0,424.0,455.0,493.0,506.0,526.0,527.0,531.0,536.0,537.0,542.0,546.0,547.0,552.0,555.0,559.0,560.0,561.0,566.0,569.0,575.0,617.0,629.0,642.0,648.0,654.0,657.0,667.0,676.0,676.0,681.0,682.0,682.0,685.0,705.0,710.0,752.0,768.0,776.0,786.0,798.0,806.0,821.0,826.0,830.0,831.0,835.0,845.0,876.0,905.0,914.0,925.0,946.0,972.0,978.0,982.0,
9.0,13.0,15.0,46.0,93.0,156.0,174.0,222.0,299.0,325.0,372.0,373.0,398.0,413.0,417.0,436.0,436.0,462.0,524.0,526.0,526.0,531.0,536.0,537.0,544.0,548.0,549.0,554.0,555.0,557.0,561.0,572.0,583.0,586.0,587.0,602.0,606.0,615.0,638.0,657.0,672.0,706.0,714.0,717.0,736.0,745.0,758.0,765.0,786.0,804.0,839.0,870.0,900.0,907.0,914.0,915.0,915.0,954.0,978.0,
24.0,96.0,130.0,213.0,272.0,292.0,293.0,296.0,342.0,388.0,421.0,445.0,446.0,447.0,449.0,451.0,456.0,496.0,515.0,519.0,536.0,538.0,539.0,554.0,561.0,569.0,580.0,582.0,589.0,599.0,604.0,606.0,610.0,618.0,629.0,631.0,641.0,647.0,662.0,708.0,709.0,709.0,730.0,760.0,776.0,792.0,803.0,834.0,866.0,887.0,915.0,916.0,918.0,927.0,935.0,947.0,958.0,988.0,999.0,
9.0,12.0,29.0,71.0,77.0,146.0,155.0,161.0,164.0,175.0,255.0,260.0,263.0,347.0,362.0,362.0,396.0,421.0,430.0,499.0,500.0,514.0,518.0,523.0,532.0,548.0,550.0,554.0,564.0,565.0,572.0,576.0,585.0,589.0,591.0,596.0,611.0,615.0,618.0,634.0,635.0,637.0,649.0,654.0,664.0,670.0,672.0,699.0,708.0,724.0,756.0,761.0,774.0,797.0,814.0,850.0,866.0,884.0,892.0,892.0,916.0,921.0,960.0,985.0,987.0,
17.0,48.0,76.0,109.0,203.0,223.0,304.0,351.0,398.0,400.0,431.0,469.0,518.0,518.0,522.0,547.0,551.0,556.0,557.0,559.0,568.0,572.0,575.0,577.0,580.0,583.0,583.0,601.0,603.0,605.0,605.0,606.0,618.0,630.0,637.0,658.0,659.0,661.0,691.0,708.0,713.0,748.0,760.0,786.0,788.0,820.0,820.0,834.0,839.0,848.0,864.0,876.0,910.0,912.0,922.0,949.0,971.0,977.0,988.0,990.0,
11.0,12.0,14.0,25.0,48.0,59.0,64.0,75.0,81.0,86.0,90.0,103.0,125.0,178.0,300.0,309.0,354.0,367.0,372.0,385.0,419.0,432.0,455.0,460.0,487.0,501.0,509.0,517.0,518.0,524.0,537.0,538.0,541.0,542.0,543.0,552.0,553.0,553.0,567.0,568.0,574.0,583.0,593.0,603.0,612.0,618.0,623.0,624.0,624.0,645.0,649.0,659.0,690.0,703.0,704.0,729.0,747.0,776.0,777.0,780.0,788.0,814.0,824.0,844.0,859.0,876.0,889.0,890.0,907.0,921.0,923.0,925.0,942.0,952.0,956.0,982.0,994.0,999.0,
2.0,14.0,25.0,36.0,56.0,69.0,86.0,128.0,133.0,176.0,197.0,203.0,224.0,226.0,243.0,245.0,258.0,268.0,316.0,337.0,359.0,415.0,416.0,424.0,450.0,461.0,478.0,489.0,499.0,509.0,521.0,525.0,526.0,532.0,547.0,556.0,557.0,563.0,568.0,569.0,571.0,573.0,574.0,580.0,582.0,596.0,610.0,636.0,640.0,656.0,689.0,698.0,701.0,701.0,707.0,710.0,719.0,795.0,800.0,818.0,819.0,827.0,837.0,850.0,855.0,870.0,875.0,881.0,897.0,904.0,955.0,961.0,964.0,982.0,996.0,
28.0,35.0,39.0,88.0,98.0,113.0,127.0,132.0,154.0,173.0,234.0,267.0,289.0,345.0,349.0,353.0,396.0,430.0,518.0,534.0,602.0,643.0,665.0,683.0,705.0,821.0,834.0,864.0,888.0,925.0,995.0,
7.0,22.0,90.0,110.0,127.0,131.0,146.0,147.0,152.0,159.0,193.0,215.0,221.0,233.0,237.0,250.0,290.0,295.0,303.0,314.0,319.0,366.0,401.0,409.0,447.0,450.0,463.0,466.0,477.0,516.0,517.0,553.0,591.0,623.0,636.0,730.0,764.0,787.0,825.0,896.0,925.0,927.0,967.0,
3.0,26.0,58.0,61.0,80.0,138.0,161.0,175.0,197.0,245.0,248.0,328.0,371.0,377.0,383.0,398.0,408.0,439.0,485.0,486.0,502.0,522.0,576.0,588.0,663.0,674.0,680.0,681.0,715.0,755.0,770.0,773.0,835.0,854.0,961.0,
4.0,97.0,120.0,140.0,152.0,162.0,164.0,170.0,212.0,215.0,279.0,287.0,299.0,307.0,319.0,360.0,390.0,434.0,436.0,441.0,458.0,471.0,511.0,516.0,527.0,527.0,530.0,531.0,538.0,541.0,551.0,561.0,563.0,563.0,564.0,566.0,574.0,584.0,586.0,591.0,594.0,602.0,603.0,605.0,610.0,617.0,621.0,641.0,641.0,650.0,654.0,662.0,670.0,677.0,683.0,713.0,729.0,744.0,758.0,761.0,764.0,765.0,788.0,816.0,819.0,822.0,842.0,847.0,848.0,869.0,887.0,907.0,917.0,922.0,951.0,956.0,959.0,966.0,968.0,972.0,996.0,
26.0,49.0,72.0,74.0,79.0,102.0,127.0,175.0,215.0,246.0,246.0,288.0,314.0,334.0,363.0,385.0,401.0,414.0,429.0,448.0,465.0,465.0,468.0,484.0,520.0,520.0,533.0,540.0,547.0,549.0,561.0,561.0,577.0,580.0,582.0,587.0,592.0,595.0,595.0,602.0,609.0,627.0,631.0,647.0,648.0,656.0,660.0,662.0,670.0,673.0,705.0,706.0,720.0,763.0,770.0,770.0,796.0,810.0,819.0,847.0,904.0,934.0,954.0,967.0,978.0,995.0,
17.0,96.0,138.0,154.0,163.0,170.0,181.0,212.0,231.0,248.0,268.0,276.0,355.0,382.0,409.0,454.0,467.0,475.0,499.0,519.0,523.0,524.0,526.0,531.0,538.0,549.0,552.0,568.0,569.0,570.0,579.0,583.0,587.0,593.0,597.0,608.0,630.0,644.0,650.0,655.0,668.0,669.0,672.0,674.0,686.0,687.0,688.0,695.0,731.0,746.0,775.0,804.0,816.0,868.0,892.0,899.0,955.0,984.0,
5.0,20.0,41.0,42.0,50.0,52.0,104.0,107.0,107.0,113.0,126.0,128.0,131.0,139.0,145.0,180.0,182.0,286.0,296.0,305.0,310.0,341.0,388.0,405.0,417.0,437.0,439.0,500.0,505.0,525.0,529.0,532.0,532.0,533.0,541.0,565.0,567.0,568.0,580.0,598.0,600.0,600.0,601.0,604.0,608.0,618.0,671.0,679.0,694.0,699.0,722.0,732.0,742.0,752.0,757.0,757.0,760.0,772.0,819.0,837.0,840.0,844.0,848.0,854.0,860.0,915.0,916.0,936.0,969.0,990.0,
24.0,38.0,58.0,108.0,169.0,267.0,273.0,306.0,332.0,347.0,374.0,394.0,409.0,458.0,468.0,534.0,538.0,543.0,544.0,546.0,547.0,552.0,559.0,567.0,577.0,579.0,587.0,593.0,598.0,598.0,605.0,620.0,635.0,639.0,649.0,650.0,656.0,666.0,672.0,678.0,696.0,700.0,703.0,725.0,728.0,759.0,816.0,819.0,834.0,844.0,864.0,883.0,885.0,903.0,936.0,959.0,976.0,990.0,
51.0,63.0,67.0,70.0,114.0,173.0,213.0,216.0,245.0,262.0,343.0,351.0,360.0,453.0,484.0,486.0,500.0,519.0,529.0,532.0,547.0,547.0,551.0,554.0,560.0,569.0,570.0,576.0,587.0,591.0,606.0,617.0,629.0,647.0,658.0,677.0,699.0,699.0,701.0,714.0,733.0,743.0,805.0,813.0,815.0,853.0,857.0,866.0,869.0,870.0,876.0,925.0,
7.0,49.0,65.0,81.0,105.0,144.0,149.0,166.0,209.0,225.0,231.0,234.0,283.0,307.0,325.0,326.0,417.0,464.0,470.0,482.0,492.0,521.0,530.0,530.0,536.0,546.0,549.0,551.0,556.0,558.0,561.0,567.0,567.0,569.0,573.0,587.0,594.0,594.0,596.0,597.0,618.0,629.0,642.0,644.0,663.0,680.0,693.0,693.0,708.0,713.0,725.0,730.0,734.0,738.0,739.0,784.0,787.0,791.0,807.0,813.0,818.0,825.0,849.0,856.0,856.0,864.0,896.0,902.0,912.0,940.0,942.0,961.0,968.0,972.0,984.0,
4.0,98.0,126.0,129.0,132.0,170.0,192.0,235.0,236.0,283.0,316.0,348.0,351.0,381.0,404.0,423.0,469.0,471.0,489.0,500.0,521.0,523.0,542.0,566.0,583.0,614.0,650.0,667.0,677.0,678.0,678.0,684.0,684.0,711.0,757.0,762.0,804.0,815.0,833.0,852.0,874.0,899.0,911.0,
22.0,35.0,54.0,69.0,79.0,108.0,146.0,147.0,157.0,227.0,236.0,238.0,249.0,257.0,262.0,310.0,318.0,330.0,393.0,412.0,441.0,454.0,510.0,537.0,573.0,591.0,607.0,607.0,623.0,669.0,728.0,736.0,765.0,801.0,802.0,809.0,927.0,942.0,
11.0,83.0,92.0,134.0,155.0,174.0,177.0,231.0,234.0,302.0,374.0,409.0,430.0,435.0,457.0,490.0,509.0,512.0,526.0,546.0,621.0,648.0,695.0,707.0,746.0,880.0,938.0,999.0,
36.0,53.0,70.0,133.0,166.0,201.0,236.0,237.0,237.0,261.0,296.0,359.0,368.0,377.0,390.0,420.0,422.0,509.0,531.0,535.0,543.0,547.0,551.0,556.0,557.0,559.0,563.0,563.0,565.0,566.0,570.0,584.0,587.0,602.0,606.0,612.0,617.0,633.0,644.0,653.0,657.0,657.0,666.0,672.0,701.0,701.0,704.0,705.0,705.0,731.0,748.0,749.0,766.0,778.0,779.0,811.0,818.0,819.0,822.0,829.0,830.0,841.0,854.0,858.0,858.0,865.0,865.0,874.0,881.0,884.0,884.0,887.0,902.0,903.0,911.0,912.0,936.0,938.0,962.0,976.0,976.0,976.0,990.0,996.0,1000.0,
33.0,58.0,59.0,60.0,129.0,169.0,205.0,240.0,249.0,250.0,251.0,257.0,296.0,341.0,368.0,397.0,506.0,518.0,523.0,525.0,537.0,538.0,544.0,548.0,552.0,556.0,556.0,560.0,568.0,576.0,577.0,581.0,586.0,591.0,593.0,595.0,595.0,598.0,605.0,618.0,629.0,644.0,647.0,655.0,673.0,676.0,685.0,688.0,700.0,702.0,714.0,722.0,779.0,779.0,800.0,801.0,802.0,816.0,816.0,831.0,841.0,860.0,867.0,870.0,880.0,943.0,946.0,964.0,970.0,984.0,998.0,
68.0,94.0,101.0,110.0,162.0,176.0,197.0,205.0,215.0,231.0,286.0,292.0,412.0,482.0,503.0,517.0,522.0,523.0,537.0,549.0,560.0,565.0,573.0,582.0,600.0,607.0,609.0,613.0,634.0,637.0,637.0,739.0,745.0,747.0,759.0,760.0,781.0,803.0,859.0,868.0,892.0,905.0,946.0,951.0,952.0,970.0,974.0,980.0,
10.0,104.0,118.0,121.0,123.0,187.0,216.0,219.0,232.0,257.0,266.0,272.0,273.0,295.0,297.0,353.0,356.0,363.0,369.0,393.0,408.0,524.0,532.0,535.0,536.0,542.0,550.0,550.0,553.0,559.0,562.0,567.0,571.0,575.0,579.0,583.0,586.0,592.0,597.0,619.0,640.0,710.0,721.0,722.0,724.0,732.0,737.0,762.0,777.0,779.0,795.0,801.0,803.0,809.0,858.0,884.0,919.0,978.0,
3.0,6.0,138.0,199.0,313.0,325.0,372.0,397.0,457.0,472.0,508.0,508.0,512.0,524.0,525.0,531.0,532.0,533.0,533.0,551.0,557.0,560.0,573.0,591.0,606.0,615.0,621.0,642.0,649.0,662.0,675.0,678.0,686.0,689.0,695.0,701.0,715.0,728.0,741.0,775.0,786.0,796.0,833.0,870.0,870.0,873.0,893.0,895.0,896.0,937.0,938.0,956.0,959.0,975.0,979.0,993.0,
2.0,38.0,102.0,102.0,110.0,126.0,142.0,195.0,214.0,222.0,243.0,262.0,273.0,298.0,336.0,358.0,390.0,440.0,451.0,477.0,496.0,511.0,521.0,531.0,538.0,561.0,562.0,564.0,565.0,573.0,588.0,601.0,626.0,633.0,640.0,644.0,648.0,650.0,651.0,656.0,664.0,666.0,678.0,686.0,743.0,749.0,779.0,826.0,828.0,851.0,852.0,855.0,860.0,860.0,894.0,907.0,912.0,917.0,918.0,934.0,949.0,963.0,972.0,977.0,982.0,985.0,997.0,1000.0,
21.0,26.0,82.0,133.0,160.0,162.0,196.0,203.0,212.0,243.0,351.0,369.0,435.0,451.0,477.0,504.0,511.0,517.0,525.0,529.0,530.0,531.0,532.0,539.0,540.0,541.0,542.0,544.0,544.0,545.0,548.0,548.0,548.0,552.0,558.0,559.0,559.0,560.0,571.0,573.0,576.0,576.0,576.0,577.0,578.0,597.0,597.0,605.0,606.0,609.0,611.0,615.0,616.0,633.0,643.0,643.0,645.0,646.0,653.0,658.0,665.0,666.0,677.0,704.0,734.0,754.0,754.0,756.0,767.0,769.0,781.0,806.0,811.0,827.0,839.0,852.0,857.0,917.0,935.0,939.0,944.0,971.0,976.0,985.0,994.0,999.0,
5.0,17.0,46.0,72.0,111.0,115.0,147.0,163.0,218.0,226.0,275.0,283.0,306.0,342.0,353.0,367.0,442.0,459.0,513.0,527.0,531.0,538.0,546.0,588.0,613.0,618.0,665.0,783.0,786.0,799.0,813.0,814.0,839.0,864.0,897.0,899.0,914.0,921.0,933.0,940.0,941.0,944.0,951.0,969.0,
10.0,15.0,99.0,131.0,168.0,175.0,228.0,259.0,270.0,275.0,283.0,286.0,297.0,372.0,376.0,378.0,400.0,445.0,458.0,478.0,518.0,524.0,527.0,541.0,588.0,592.0,601.0,625.0,649.0,773.0,798.0,822.0,828.0,899.0,905.0,945.0,949.0,
8.0,17.0,124.0,191.0,226.0,229.0,278.0,304.0,312.0,312.0,364.0,390.0,401.0,409.0,420.0,483.0,503.0,583.0,605.0,632.0,634.0,647.0,657.0,764.0,771.0,817.0,893.0,942.0,943.0,999.0,
34.0,41.0,88.0,138.0,139.0,177.0,218.0,300.0,350.0,377.0,386.0,413.0,474.0,503.0,531.0,535.0,535.0,536.0,536.0,537.0,542.0,556.0,557.0,569.0,576.0,592.0,593.0,602.0,612.0,612.0,623.0,632.0,642.0,652.0,654.0,659.0,662.0,664.0,665.0,690.0,692.0,697.0,709.0,718.0,735.0,750.0,762.0,762.0,773.0,773.0,796.0,807.0,833.0,841.0,844.0,852.0,857.0,860.0,863.0,880.0,909.0,924.0,949.0,954.0,968.0,974.0,986.0,1000.0,
10.0,30.0,35.0,50.0,69.0,84.0,86.0,131.0,167.0,182.0,213.0,233.0,270.0,284.0,324.0,333.0,349.0,356.0,357.0,372.0,374.0,403.0,404.0,412.0,418.0,437.0,454.0,495.0,514.0,519.0,519.0,521.0,522.0,539.0,540.0,550.0,551.0,551.0,559.0,559.0,560.0,565.0,572.0,576.0,587.0,587.0,603.0,606.0,614.0,621.0,625.0,687.0,695.0,713.0,719.0,730.0,743.0,744.0,763.0,769.0,811.0,820.0,838.0,849.0,860.0,863.0,887.0,896.0,941.0,952.0,955.0,967.0,
16.0,43.0,68.0,78.0,104.0,128.0,136.0,136.0,162.0,208.0,228.0,234.0,289.0,396.0,423.0,436.0,437.0,474.0,489.0,505.0,507.0,511.0,529.0,535.0,536.0,538.0,561.0,563.0,572.0,577.0,581.0,583.0,585.0,594.0,601.0,601.0,606.0,626.0,650.0,664.0,673.0,694.0,748.0,753.0,757.0,775.0,793.0,847.0,877.0,892.0,900.0,918.0,932.0,942.0,944.0,949.0,964.0,985.0,989.0,989.0,997.0,
15.0,37.0,49.0,104.0,114.0,132.0,234.0,282.0,347.0,359.0,362.0,379.0,406.0,412.0,474.0,517.0,529.0,536.0,539.0,540.0,544.0,545.0,546.0,547.0,548.0,550.0,551.0,554.0,556.0,557.0,558.0,558.0,559.0,562.0,562.0,569.0,575.0,586.0,601.0,608.0,628.0,649.0,650.0,652.0,681.0,688.0,695.0,759.0,802.0,803.0,834.0,835.0,866.0,869.0,888.0,893.0,908.0,909.0,913.0,939.0,940.0,943.0,944.0,949.0,972.0,980.0,995.0,
5.0,27.0,32.0,55.0,143.0,186.0,198.0,220.0,238.0,328.0,330.0,335.0,359.0,380.0,383.0,446.0,458.0,498.0,524.0,527.0,528.0,533.0,544.0,549.0,552.0,563.0,564.0,574.0,577.0,583.0,585.0,586.0,604.0,605.0,606.0,611.0,612.0,621.0,632.0,641.0,643.0,646.0,647.0,656.0,668.0,668.0,677.0,678.0,688.0,703.0,715.0,721.0,734.0,736.0,752.0,773.0,823.0,827.0,831.0,839.0,843.0,858.0,860.0,865.0,886.0,901.0,907.0,930.0,953.0,985.0,
6.0,79.0,85.0,87.0,141.0,145.0,154.0,191.0,232.0,288.0,319.0,342.0,378.0,391.0,393.0,432.0,521.0,532.0,537.0,543.0,543.0,558.0,562.0,577.0,580.0,585.0,586.0,591.0,595.0,597.0,599.0,600.0,607.0,608.0,609.0,610.0,611.0,631.0,655.0,663.0,669.0,682.0,743.0,758.0,779.0,790.0,811.0,824.0,835.0,837.0,842.0,845.0,851.0,919.0,927.0,941.0,941.0,967.0,977.0,978.0,1000.0,
3.0,7.0,51.0,54.0,89.0,106.0,109.0,111.0,162.0,163.0,172.0,209.0,214.0,227.0,245.0,252.0,267.0,284.0,295.0,323.0,345.0,354.0,373.0,429.0,443.0,460.0,506.0,517.0,520.0,520.0,521.0,534.0,535.0,546.0,547.0,554.0,556.0,558.0,563.0,573.0,594.0,601.0,602.0,606.0,609.0,626.0,633.0,639.0,647.0,662.0,688.0,690.0,694.0,703.0,710.0,731.0,743.0,743.0,796.0,797.0,814.0,825.0,840.0,850.0,923.0,947.0,947.0,976.0,986.0,
7.0,16.0,53.0,73.0,75.0,80.0,88.0,91.0,117.0,174.0,186.0,186.0,192.0,198.0,332.0,337.0,339.0,371.0,407.0,417.0,431.0,525.0,547.0,556.0,614.0,616.0,618.0,646.0,682.0,710.0,799.0,880.0,966.0,981.0,989.0,993.0,
25.0,97.0,119.0,145.0,147.0,153.0,244.0,265.0,347.0,355.0,376.0,410.0,410.0,454.0,461.0,494.0,502.0,549.0,554.0,599.0,678.0,684.0,700.0,714.0,729.0,766.0,770.0,776.0,800.0,844.0,860.0,873.0,877.0,906.0,936.0,947.0,969.0,980.0,
6.0,36.0,82.0,88.0,113.0,113.0,117.0,128.0,147.0,219.0,225.0,270.0,279.0,391.0,473.0,484.0,497.0,506.0,509.0,517.0,521.0,565.0,580.0,615.0,628.0,729.0,750.0,858.0,948.0,999.0,
18.0,19.0,69.0,121.0,150.0,152.0,214.0,222.0,260.0,265.0,346.0,403.0,423.0,454.0,462.0,469.0,515.0,556.0,608.0,693.0,774.0,789.0,899.0,
34.0,37.0,57.0,130.0,148.0,169.0,179.0,191.0,198.0,282.0,371.0,375.0,412.0,418.0,424.0,451.0,488.0,536.0,545.0,553.0,561.0,566.0,567.0,570.0,572.0,579.0,607.0,614.0,621.0,636.0,660.0,662.0,674.0,677.0,682.0,685.0,701.0,703.0,710.0,725.0,727.0,769.0,771.0,777.0,798.0,809.0,812.0,830.0,856.0,869.0,910.0,910.0,932.0,944.0,962.0,989.0,989.0,
6.0,99.0,177.0,251.0,261.0,308.0,318.0,338.0,393.0,411.0,419.0,470.0,491.0,505.0,508.0,531.0,535.0,539.0,540.0,542.0,547.0,552.0,580.0,580.0,582.0,584.0,587.0,593.0,595.0,604.0,616.0,626.0,635.0,643.0,648.0,649.0,654.0,679.0,683.0,720.0,775.0,779.0,802.0,806.0,828.0,837.0,838.0,839.0,859.0,895.0,897.0,933.0,952.0,957.0,989.0,998.0,
38.0,107.0,112.0,121.0,130.0,158.0,196.0,272.0,273.0,300.0,313.0,320.0,387.0,395.0,402.0,436.0,442.0,477.0,479.0,509.0,511.0,518.0,520.0,535.0,536.0,542.0,550.0,552.0,554.0,554.0,556.0,556.0,557.0,571.0,576.0,580.0,582.0,583.0,585.0,591.0,597.0,600.0,614.0,614.0,620.0,626.0,633.0,637.0,648.0,649.0,670.0,676.0,678.0,688.0,697.0,705.0,707.0,720.0,725.0,733.0,737.0,743.0,752.0,765.0,769.0,785.0,785.0,799.0,803.0,833.0,848.0,851.0,855.0,888.0,893.0,895.0,903.0,923.0,939.0,983.0,999.0,
21.0,72.0,122.0,152.0,154.0,253.0,374.0,386.0,458.0,512.0,524.0,526.0,527.0,529.0,531.0,533.0,534.0,535.0,544.0,549.0,558.0,561.0,562.0,569.0,573.0,574.0,577.0,578.0,588.0,598.0,599.0,608.0,610.0,614.0,615.0,629.0,635.0,649.0,651.0,658.0,674.0,675.0,688.0,696.0,701.0,702.0,726.0,759.0,767.0,775.0,786.0,833.0,869.0,885.0,895.0,902.0,904.0,924.0,938.0,954.0,962.0,973.0,981.0,984.0,
82.0,149.0,150.0,192.0,198.0,213.0,221.0,229.0,294.0,298.0,321.0,355.0,386.0,443.0,497.0,514.0,525.0,531.0,537.0,538.0,540.0,541.0,541.0,545.0,555.0,560.0,561.0,564.0,573.0,593.0,593.0,597.0,598.0,601.0,601.0,602.0,616.0,621.0,639.0,640.0,650.0,663.0,674.0,675.0,722.0,734.0,750.0,771.0,787.0,809.0,814.0,860.0,862.0,883.0,911.0,918.0,934.0,944.0,950.0,954.0,963.0,964.0,987.0,
8.0,130.0,145.0,213.0,225.0,232.0,246.0,248.0,263.0,272.0,277.0,330.0,388.0,411.0,450.0,462.0,481.0,502.0,513.0,551.0,553.0,564.0,603.0,618.0,622.0,636.0,707.0,711.0,915.0,948.0,965.0,
13.0,22.0,53.0,85.0,121.0,147.0,220.0,274.0,329.0,342.0,386.0,404.0,405.0,420.0,571.0,594.0,599.0,650.0,675.0,718.0,825.0,928.0,967.0,984.0,996.0,
13.0,89.0,126.0,182.0,210.0,252.0,254.0,272.0,282.0,300.0,349.0,350.0,355.0,405.0,542.0,545.0,583.0,584.0,604.0,646.0,659.0,670.0,694.0,694.0,714.0,774.0,784.0,786.0,808.0,850.0,865.0,943.0,948.0,961.0,968.0,981.0,
9.0,32.0,47.0,85.0,89.0,104.0,109.0,128.0,142.0,142.0,183.0,197.0,214.0,215.0,230.0,236.0,241.0,274.0,303.0,322.0,365.0,369.0,426.0,438.0,449.0,479.0,495.0,528.0,536.0,544.0,595.0,627.0,634.0,654.0,658.0,718.0,721.0,753.0,768.0,771.0,784.0,818.0,821.0,833.0,884.0,952.0,991.0,993.0,
37.0,66.0,105.0,133.0,178.0,189.0,218.0,341.0,354.0,411.0,465.0,515.0,521.0,537.0,595.0,607.0,647.0,729.0,730.0,734.0,764.0,811.0,893.0,961.0,964.0,990.0,1000.0,
9.0,102.0,102.0,116.0,168.0,177.0,207.0,228.0,237.0,266.0,424.0,484.0,486.0,489.0,508.0,523.0,556.0,577.0,593.0,647.0,650.0,683.0,706.0,724.0,750.0,777.0,908.0,908.0,922.0,935.0,969.0,
4.0,13.0,42.0,48.0,89.0,182.0,184.0,199.0,202.0,208.0,218.0,247.0,374.0,407.0,414.0,416.0,417.0,441.0,457.0,510.0,538.0,540.0,546.0,584.0,585.0,585.0,646.0,648.0,691.0,708.0,724.0,726.0,768.0,791.0,801.0,843.0,917.0,985.0,
22.0,31.0,32.0,42.0,69.0,69.0,79.0,86.0,89.0,155.0,156.0,198.0,241.0,242.0,311.0,316.0,320.0,339.0,346.0,380.0,382.0,421.0,424.0,455.0,534.0,540.0,544.0,547.0,559.0,580.0,582.0,586.0,600.0,629.0,664.0,668.0,672.0,688.0,713.0,717.0,741.0,791.0,818.0,821.0,853.0,877.0,890.0,939.0,954.0,977.0,
38.0,67.0,84.0,179.0,237.0,255.0,267.0,310.0,328.0,342.0,358.0,403.0,422.0,459.0,490.0,503.0,537.0,542.0,546.0,555.0,576.0,584.0,710.0,734.0,758.0,955.0,990.0,
21.0,34.0,39.0,45.0,50.0,78.0,108.0,108.0,178.0,182.0,189.0,218.0,218.0,234.0,241.0,258.0,266.0,323.0,334.0,353.0,384.0,404.0,418.0,485.0,495.0,518.0,549.0,555.0,573.0,578.0,654.0,691.0,747.0,788.0,791.0,826.0,842.0,868.0,950.0,983.0,
153.0,155.0,158.0,164.0,232.0,261.0,273.0,300.0,311.0,360.0,363.0,442.0,460.0,474.0,527.0,567.0,606.0,617.0,618.0,619.0,623.0,651.0,730.0,758.0,760.0,817.0,862.0,915.0,930.0,987.0,994.0,
67.0,91.0,98.0,185.0,187.0,212.0,215.0,261.0,273.0,325.0,334.0,355.0,367.0,407.0,420.0,452.0,478.0,519.0,543.0,557.0,613.0,646.0,655.0,663.0,702.0,710.0,714.0,732.0,759.0,841.0,871.0,882.0,884.0,887.0,889.0,925.0,947.0,948.0,983.0,
