21.0,26.0,36.0,89.0,109.0,129.0,144.0,180.0,203.0,242.0,304.0,324.0,327.0,351.0,370.0,394.0,405.0,465.0,505.0,517.0,527.0,531.0,575.0,579.0,622.0,629.0,632.0,648.0,651.0,665.0,691.0,757.0,787.0,788.0,806.0,838.0,854.0,873.0,880.0,896.0,930.0,949.0,959.0,962.0,
4.0,42.0,49.0,57.0,73.0,75.0,81.0,91.0,104.0,105.0,131.0,190.0,270.0,303.0,394.0,404.0,405.0,456.0,516.0,518.0,553.0,558.0,565.0,575.0,582.0,606.0,650.0,667.0,693.0,737.0,752.0,753.0,812.0,825.0,833.0,841.0,845.0,865.0,874.0,902.0,926.0,938.0,948.0,951.0,956.0,994.0,
31.0,37.0,63.0,103.0,154.0,155.0,164.0,165.0,212.0,242.0,284.0,293.0,305.0,431.0,434.0,490.0,535.0,607.0,615.0,640.0,659.0,665.0,668.0,671.0,745.0,799.0,831.0,882.0,889.0,923.0,972.0,988.0,
19.0,21.0,36.0,53.0,66.0,100.0,128.0,134.0,139.0,160.0,195.0,219.0,247.0,302.0,310.0,350.0,441.0,475.0,548.0,560.0,594.0,674.0,677.0,684.0,687.0,700.0,721.0,776.0,788.0,798.0,877.0,923.0,940.0,
31.0,60.0,64.0,71.0,110.0,120.0,228.0,246.0,251.0,310.0,364.0,384.0,385.0,396.0,419.0,447.0,494.0,499.0,523.0,527.0,533.0,534.0,542.0,651.0,675.0,706.0,752.0,758.0,787.0,828.0,875.0,907.0,925.0,
28.0,37.0,60.0,109.0,201.0,205.0,223.0,278.0,310.0,319.0,388.0,413.0,445.0,447.0,482.0,484.0,489.0,528.0,530.0,530.0,540.0,567.0,618.0,737.0,743.0,779.0,781.0,809.0,850.0,860.0,951.0,953.0,
26.0,33.0,64.0,65.0,67.0,84.0,124.0,134.0,242.0,248.0,278.0,281.0,283.0,298.0,307.0,365.0,389.0,411.0,419.0,421.0,429.0,488.0,502.0,523.0,637.0,650.0,658.0,660.0,682.0,712.0,715.0,792.0,868.0,884.0,896.0,905.0,992.0,
27.0,64.0,92.0,117.0,181.0,264.0,299.0,335.0,352.0,372.0,385.0,409.0,417.0,458.0,462.0,465.0,483.0,489.0,535.0,557.0,574.0,576.0,579.0,609.0,631.0,656.0,679.0,716.0,719.0,722.0,820.0,895.0,919.0,
14.0,28.0,78.0,134.0,187.0,208.0,227.0,259.0,262.0,268.0,272.0,277.0,315.0,357.0,383.0,394.0,405.0,408.0,418.0,432.0,453.0,471.0,482.0,510.0,522.0,562.0,566.0,610.0,617.0,618.0,624.0,669.0,676.0,694.0,712.0,713.0,733.0,741.0,742.0,748.0,860.0,881.0,897.0,931.0,970.0,
22.0,27.0,100.0,128.0,135.0,240.0,245.0,288.0,318.0,320.0,350.0,492.0,599.0,635.0,680.0,694.0,706.0,707.0,725.0,801.0,827.0,875.0,898.0,909.0,931.0,981.0,999.0,
32.0,62.0,82.0,184.0,207.0,211.0,214.0,221.0,245.0,273.0,316.0,322.0,330.0,451.0,489.0,498.0,518.0,518.0,571.0,581.0,604.0,624.0,650.0,661.0,706.0,723.0,773.0,783.0,827.0,861.0,878.0,915.0,945.0,990.0,
27.0,29.0,37.0,58.0,136.0,153.0,188.0,204.0,212.0,346.0,350.0,369.0,397.0,447.0,452.0,460.0,585.0,647.0,722.0,736.0,770.0,798.0,851.0,865.0,881.0,887.0,889.0,981.0,993.0,
23.0,74.0,133.0,205.0,216.0,221.0,239.0,247.0,249.0,252.0,264.0,265.0,285.0,295.0,359.0,431.0,435.0,472.0,473.0,502.0,513.0,537.0,542.0,585.0,650.0,663.0,720.0,726.0,743.0,791.0,835.0,915.0,923.0,963.0,985.0,
30.0,33.0,37.0,76.0,108.0,116.0,124.0,160.0,212.0,227.0,233.0,241.0,304.0,316.0,361.0,368.0,399.0,419.0,458.0,466.0,476.0,549.0,583.0,614.0,617.0,630.0,701.0,706.0,711.0,712.0,787.0,828.0,901.0,987.0,989.0,
10.0,33.0,63.0,83.0,132.0,157.0,165.0,167.0,242.0,275.0,289.0,297.0,303.0,318.0,360.0,364.0,376.0,434.0,437.0,449.0,497.0,525.0,543.0,559.0,574.0,577.0,583.0,584.0,630.0,645.0,657.0,681.0,685.0,698.0,755.0,763.0,795.0,825.0,874.0,
39.0,77.0,82.0,95.0,125.0,129.0,136.0,146.0,171.0,180.0,225.0,228.0,235.0,242.0,247.0,249.0,350.0,354.0,414.0,435.0,445.0,464.0,495.0,504.0,521.0,537.0,539.0,549.0,578.0,626.0,646.0,658.0,669.0,686.0,716.0,724.0,740.0,762.0,763.0,832.0,863.0,868.0,901.0,906.0,909.0,914.0,979.0,
14.0,15.0,31.0,39.0,75.0,80.0,93.0,94.0,118.0,119.0,128.0,221.0,345.0,362.0,372.0,424.0,460.0,499.0,508.0,527.0,531.0,553.0,558.0,571.0,590.0,622.0,636.0,648.0,661.0,663.0,691.0,749.0,761.0,822.0,825.0,855.0,857.0,890.0,935.0,942.0,997.0,
19.0,40.0,65.0,68.0,85.0,140.0,244.0,309.0,316.0,342.0,351.0,454.0,464.0,474.0,575.0,587.0,604.0,658.0,716.0,724.0,728.0,728.0,836.0,854.0,923.0,
133.0,139.0,143.0,172.0,180.0,186.0,205.0,206.0,208.0,221.0,245.0,252.0,265.0,275.0,287.0,290.0,344.0,403.0,414.0,417.0,463.0,485.0,499.0,517.0,529.0,578.0,613.0,618.0,690.0,771.0,826.0,951.0,954.0,965.0,973.0,997.0,
59.0,73.0,122.0,150.0,180.0,205.0,233.0,247.0,249.0,256.0,296.0,331.0,371.0,381.0,388.0,391.0,416.0,443.0,445.0,523.0,536.0,561.0,584.0,619.0,625.0,634.0,644.0,666.0,670.0,698.0,698.0,706.0,765.0,774.0,786.0,886.0,907.0,908.0,
14.0,29.0,37.0,92.0,113.0,235.0,243.0,250.0,278.0,312.0,421.0,436.0,449.0,453.0,462.0,477.0,485.0,487.0,516.0,542.0,552.0,581.0,591.0,608.0,627.0,637.0,642.0,680.0,683.0,714.0,797.0,836.0,866.0,
19.0,29.0,50.0,128.0,132.0,147.0,175.0,187.0,190.0,208.0,215.0,275.0,295.0,353.0,426.0,453.0,516.0,537.0,549.0,550.0,561.0,635.0,746.0,788.0,821.0,864.0,867.0,874.0,888.0,952.0,959.0,993.0,999.0,
35.0,47.0,99.0,110.0,123.0,126.0,185.0,256.0,274.0,275.0,276.0,282.0,301.0,319.0,322.0,325.0,336.0,339.0,345.0,371.0,379.0,396.0,403.0,419.0,438.0,439.0,465.0,476.0,506.0,527.0,528.0,538.0,556.0,589.0,604.0,606.0,638.0,640.0,652.0,737.0,786.0,803.0,806.0,821.0,865.0,972.0,986.0,1000.0,
3.0,14.0,28.0,39.0,86.0,121.0,160.0,166.0,180.0,255.0,263.0,283.0,299.0,305.0,344.0,372.0,387.0,392.0,443.0,446.0,513.0,520.0,524.0,537.0,538.0,547.0,550.0,557.0,567.0,594.0,600.0,607.0,628.0,633.0,638.0,649.0,672.0,673.0,676.0,695.0,699.0,773.0,775.0,784.0,796.0,827.0,838.0,851.0,868.0,872.0,939.0,953.0,961.0,
11.0,12.0,32.0,34.0,121.0,169.0,190.0,190.0,210.0,211.0,230.0,280.0,284.0,374.0,456.0,464.0,538.0,556.0,557.0,563.0,564.0,566.0,583.0,586.0,595.0,606.0,608.0,623.0,623.0,629.0,638.0,644.0,647.0,678.0,691.0,693.0,720.0,725.0,733.0,755.0,760.0,775.0,776.0,788.0,809.0,826.0,835.0,840.0,844.0,873.0,899.0,937.0,949.0,966.0,984.0,997.0,
3.0,115.0,179.0,202.0,266.0,283.0,286.0,288.0,352.0,371.0,473.0,508.0,522.0,527.0,534.0,535.0,536.0,537.0,544.0,545.0,546.0,549.0,560.0,563.0,564.0,565.0,572.0,575.0,582.0,583.0,593.0,594.0,597.0,604.0,617.0,620.0,623.0,632.0,636.0,639.0,645.0,648.0,656.0,660.0,665.0,672.0,677.0,679.0,689.0,691.0,703.0,708.0,710.0,713.0,740.0,741.0,749.0,750.0,752.0,754.0,774.0,781.0,786.0,802.0,833.0,834.0,865.0,873.0,875.0,881.0,890.0,897.0,903.0,945.0,948.0,952.0,991.0,
23.0,43.0,52.0,86.0,134.0,148.0,178.0,216.0,229.0,254.0,254.0,269.0,274.0,277.0,282.0,310.0,315.0,321.0,332.0,349.0,357.0,364.0,405.0,409.0,426.0,433.0,481.0,497.0,509.0,516.0,516.0,522.0,529.0,530.0,531.0,532.0,534.0,538.0,540.0,541.0,547.0,548.0,550.0,551.0,554.0,556.0,559.0,569.0,580.0,606.0,608.0,614.0,624.0,629.0,631.0,634.0,650.0,653.0,658.0,675.0,702.0,709.0,718.0,723.0,724.0,726.0,740.0,743.0,746.0,754.0,763.0,775.0,795.0,810.0,823.0,848.0,853.0,855.0,873.0,904.0,914.0,917.0,987.0,
5.0,80.0,102.0,104.0,105.0,119.0,121.0,134.0,148.0,167.0,211.0,261.0,292.0,342.0,353.0,356.0,381.0,399.0,469.0,496.0,512.0,528.0,534.0,542.0,546.0,547.0,552.0,559.0,570.0,577.0,580.0,585.0,595.0,595.0,599.0,605.0,610.0,613.0,626.0,648.0,649.0,657.0,666.0,689.0,701.0,720.0,727.0,731.0,746.0,751.0,768.0,779.0,797.0,813.0,819.0,848.0,856.0,860.0,875.0,880.0,881.0,885.0,887.0,911.0,912.0,913.0,952.0,990.0,997.0,
23.0,81.0,95.0,126.0,148.0,215.0,266.0,328.0,397.0,405.0,423.0,446.0,485.0,520.0,524.0,532.0,535.0,542.0,561.0,605.0,632.0,662.0,673.0,735.0,737.0,752.0,803.0,914.0,919.0,972.0,980.0,
7.0,70.0,136.0,144.0,169.0,213.0,240.0,254.0,282.0,322.0,328.0,333.0,355.0,355.0,390.0,424.0,427.0,438.0,499.0,503.0,510.0,516.0,599.0,651.0,680.0,708.0,732.0,772.0,772.0,808.0,833.0,853.0,889.0,934.0,968.0,
24.0,88.0,99.0,105.0,161.0,178.0,189.0,220.0,257.0,275.0,308.0,341.0,341.0,343.0,355.0,360.0,455.0,474.0,501.0,685.0,709.0,748.0,819.0,908.0,947.0,947.0,950.0,982.0,984.0,989.0,
29.0,45.0,84.0,104.0,112.0,116.0,131.0,132.0,154.0,183.0,203.0,227.0,231.0,269.0,325.0,366.0,393.0,410.0,426.0,530.0,570.0,621.0,625.0,673.0,674.0,686.0,706.0,811.0,839.0,870.0,956.0,993.0,
7.0,12.0,23.0,72.0,107.0,133.0,136.0,172.0,179.0,193.0,205.0,210.0,225.0,234.0,302.0,371.0,394.0,462.0,505.0,513.0,515.0,519.0,526.0,534.0,541.0,559.0,569.0,591.0,595.0,598.0,629.0,646.0,692.0,697.0,700.0,705.0,712.0,713.0,714.0,731.0,735.0,752.0,789.0,799.0,825.0,827.0,827.0,832.0,858.0,878.0,885.0,895.0,903.0,906.0,919.0,945.0,951.0,975.0,
33.0,46.0,81.0,134.0,151.0,188.0,196.0,204.0,232.0,264.0,353.0,355.0,363.0,364.0,405.0,412.0,461.0,474.0,475.0,498.0,508.0,521.0,528.0,531.0,533.0,534.0,537.0,540.0,542.0,544.0,545.0,546.0,547.0,552.0,556.0,558.0,559.0,559.0,560.0,573.0,573.0,578.0,580.0,583.0,583.0,587.0,616.0,627.0,638.0,652.0,675.0,675.0,682.0,702.0,714.0,734.0,753.0,770.0,777.0,785.0,798.0,837.0,865.0,868.0,905.0,908.0,918.0,933.0,933.0,946.0,960.0,
47.0,48.0,50.0,75.0,78.0,121.0,129.0,143.0,160.0,226.0,258.0,260.0,265.0,329.0,364.0,382.0,434.0,448.0,450.0,460.0,478.0,494.0,522.0,532.0,535.0,536.0,545.0,552.0,556.0,560.0,565.0,567.0,571.0,572.0,575.0,604.0,629.0,645.0,665.0,679.0,683.0,701.0,734.0,747.0,748.0,754.0,756.0,758.0,765.0,774.0,811.0,919.0,927.0,928.0,935.0,975.0,988.0,990.0,
7.0,14.0,72.0,121.0,278.0,300.0,317.0,334.0,355.0,406.0,431.0,469.0,486.0,525.0,528.0,529.0,538.0,551.0,565.0,590.0,610.0,617.0,617.0,618.0,632.0,636.0,639.0,650.0,665.0,682.0,684.0,701.0,724.0,726.0,727.0,737.0,755.0,759.0,793.0,797.0,818.0,821.0,883.0,884.0,890.0,917.0,920.0,938.0,939.0,960.0,965.0,966.0,980.0,
6.0,86.0,108.0,149.0,165.0,167.0,221.0,248.0,264.0,281.0,290.0,294.0,328.0,341.0,343.0,372.0,380.0,421.0,431.0,479.0,485.0,503.0,518.0,522.0,526.0,530.0,533.0,533.0,537.0,539.0,549.0,549.0,564.0,569.0,582.0,586.0,587.0,596.0,604.0,624.0,636.0,639.0,640.0,640.0,655.0,674.0,693.0,703.0,707.0,716.0,726.0,797.0,803.0,861.0,872.0,878.0,883.0,901.0,918.0,938.0,962.0,962.0,963.0,979.0,
23.0,57.0,85.0,103.0,108.0,120.0,124.0,129.0,186.0,207.0,277.0,280.0,288.0,307.0,312.0,381.0,386.0,398.0,417.0,483.0,491.0,491.0,497.0,519.0,519.0,521.0,537.0,541.0,546.0,549.0,562.0,563.0,564.0,575.0,581.0,583.0,584.0,592.0,597.0,606.0,610.0,621.0,629.0,630.0,645.0,665.0,697.0,706.0,708.0,709.0,718.0,722.0,728.0,737.0,740.0,763.0,794.0,873.0,886.0,889.0,893.0,909.0,916.0,975.0,978.0,985.0,985.0,995.0,
16.0,57.0,99.0,108.0,122.0,123.0,168.0,196.0,220.0,229.0,240.0,246.0,256.0,269.0,275.0,287.0,299.0,308.0,328.0,365.0,385.0,410.0,442.0,461.0,522.0,526.0,534.0,537.0,545.0,548.0,549.0,557.0,570.0,590.0,591.0,597.0,599.0,600.0,607.0,612.0,613.0,615.0,617.0,621.0,633.0,634.0,636.0,637.0,642.0,644.0,664.0,664.0,681.0,716.0,732.0,742.0,745.0,758.0,793.0,797.0,799.0,856.0,885.0,905.0,913.0,914.0,962.0,988.0,999.0,
12.0,98.0,98.0,104.0,210.0,226.0,245.0,292.0,330.0,355.0,362.0,375.0,380.0,395.0,441.0,447.0,537.0,543.0,572.0,615.0,678.0,689.0,693.0,700.0,717.0,791.0,818.0,868.0,960.0,
4.0,39.0,54.0,80.0,100.0,148.0,168.0,173.0,174.0,208.0,228.0,380.0,430.0,453.0,463.0,472.0,499.0,506.0,525.0,556.0,703.0,707.0,712.0,727.0,775.0,802.0,813.0,854.0,869.0,
3.0,34.0,66.0,79.0,83.0,236.0,301.0,328.0,368.0,417.0,471.0,476.0,482.0,502.0,579.0,581.0,602.0,625.0,628.0,648.0,651.0,675.0,712.0,738.0,762.0,774.0,781.0,923.0,953.0,993.0,1000.0,
6.0,8.0,43.0,64.0,72.0,107.0,116.0,137.0,160.0,241.0,249.0,288.0,296.0,355.0,368.0,438.0,492.0,516.0,517.0,532.0,544.0,552.0,553.0,553.0,558.0,570.0,584.0,586.0,600.0,603.0,628.0,633.0,642.0,664.0,673.0,681.0,682.0,705.0,708.0,725.0,747.0,754.0,761.0,792.0,801.0,813.0,842.0,858.0,859.0,864.0,866.0,872.0,873.0,882.0,889.0,898.0,929.0,931.0,940.0,956.0,961.0,969.0,997.0,1000.0,
91.0,114.0,116.0,163.0,230.0,235.0,264.0,354.0,413.0,415.0,474.0,477.0,496.0,519.0,525.0,530.0,531.0,535.0,536.0,537.0,540.0,554.0,558.0,558.0,576.0,584.0,588.0,600.0,613.0,615.0,630.0,631.0,636.0,647.0,653.0,685.0,700.0,715.0,725.0,737.0,738.0,790.0,817.0,835.0,844.0,853.0,872.0,881.0,890.0,902.0,902.0,936.0,954.0,954.0,965.0,975.0,980.0,987.0,989.0,
33.0,74.0,122.0,141.0,208.0,221.0,250.0,252.0,264.0,268.0,276.0,286.0,294.0,385.0,421.0,476.0,476.0,485.0,485.0,494.0,522.0,532.0,533.0,533.0,534.0,535.0,540.0,540.0,558.0,560.0,573.0,574.0,577.0,577.0,588.0,595.0,604.0,612.0,644.0,650.0,655.0,686.0,697.0,728.0,730.0,753.0,762.0,788.0,817.0,821.0,862.0,874.0,893.0,895.0,904.0,957.0,
21.0,30.0,34.0,36.0,101.0,220.0,240.0,254.0,263.0,293.0,335.0,346.0,358.0,360.0,406.0,417.0,424.0,424.0,427.0,489.0,509.0,512.0,523.0,528.0,529.0,544.0,551.0,557.0,559.0,561.0,564.0,569.0,577.0,579.0,580.0,584.0,585.0,620.0,631.0,654.0,662.0,672.0,675.0,678.0,680.0,683.0,696.0,731.0,753.0,777.0,781.0,785.0,848.0,888.0,905.0,919.0,930.0,950.0,960.0,
67.0,89.0,172.0,181.0,184.0,223.0,341.0,395.0,408.0,417.0,426.0,439.0,456.0,467.0,482.0,499.0,515.0,526.0,531.0,537.0,539.0,539.0,543.0,544.0,547.0,558.0,565.0,565.0,568.0,572.0,573.0,591.0,616.0,656.0,658.0,669.0,671.0,687.0,690.0,691.0,706.0,710.0,722.0,766.0,787.0,795.0,862.0,863.0,881.0,886.0,915.0,944.0,945.0,
4.0,39.0,78.0,88.0,94.0,105.0,169.0,169.0,193.0,195.0,198.0,212.0,217.0,217.0,221.0,221.0,300.0,304.0,311.0,337.0,343.0,350.0,354.0,356.0,357.0,398.0,405.0,431.0,447.0,501.0,507.0,513.0,535.0,536.0,548.0,556.0,556.0,561.0,564.0,585.0,599.0,601.0,604.0,617.0,627.0,634.0,643.0,646.0,647.0,650.0,673.0,674.0,686.0,688.0,691.0,694.0,712.0,722.0,757.0,766.0,790.0,798.0,810.0,818.0,890.0,921.0,924.0,940.0,951.0,966.0,968.0,974.0,977.0,990.0,
68.0,159.0,164.0,181.0,240.0,262.0,266.0,272.0,274.0,308.0,314.0,334.0,341.0,355.0,402.0,405.0,425.0,460.0,473.0,494.0,521.0,522.0,528.0,533.0,535.0,535.0,544.0,545.0,551.0,552.0,553.0,559.0,562.0,568.0,569.0,571.0,575.0,584.0,584.0,593.0,598.0,604.0,610.0,616.0,621.0,623.0,627.0,638.0,648.0,665.0,667.0,693.0,722.0,722.0,724.0,726.0,726.0,740.0,754.0,804.0,840.0,844.0,847.0,858.0,887.0,899.0,921.0,929.0,951.0,961.0,967.0,988.0,990.0,993.0,995.0,
32.0,46.0,48.0,72.0,152.0,180.0,216.0,217.0,225.0,271.0,313.0,335.0,404.0,429.0,514.0,515.0,556.0,676.0,676.0,730.0,752.0,796.0,844.0,876.0,918.0,931.0,958.0,964.0,999.0,1000.0,
5.0,42.0,54.0,65.0,72.0,77.0,92.0,159.0,187.0,212.0,213.0,235.0,275.0,290.0,315.0,323.0,372.0,373.0,379.0,380.0,380.0,382.0,442.0,475.0,482.0,510.0,564.0,588.0,630.0,647.0,650.0,671.0,678.0,737.0,744.0,844.0,863.0,890.0,924.0,964.0,
12.0,70.0,104.0,135.0,140.0,205.0,209.0,229.0,253.0,266.0,282.0,346.0,400.0,492.0,502.0,507.0,511.0,512.0,520.0,526.0,535.0,546.0,567.0,567.0,588.0,623.0,627.0,629.0,643.0,664.0,668.0,702.0,727.0,783.0,799.0,802.0,836.0,854.0,867.0,900.0,904.0,936.0,938.0,939.0,941.0,963.0,972.0,
38.0,63.0,63.0,64.0,78.0,127.0,131.0,200.0,200.0,341.0,384.0,449.0,465.0,465.0,512.0,519.0,519.0,521.0,538.0,539.0,540.0,556.0,565.0,571.0,571.0,587.0,587.0,594.0,602.0,607.0,609.0,609.0,631.0,635.0,646.0,648.0,648.0,658.0,684.0,689.0,694.0,695.0,696.0,702.0,702.0,704.0,704.0,720.0,721.0,740.0,745.0,750.0,763.0,767.0,775.0,804.0,812.0,817.0,819.0,830.0,833.0,850.0,867.0,868.0,873.0,876.0,878.0,881.0,895.0,906.0,931.0,939.0,959.0,961.0,988.0,995.0,
52.0,75.0,75.0,97.0,133.0,169.0,199.0,210.0,245.0,278.0,294.0,397.0,411.0,510.0,510.0,515.0,523.0,531.0,538.0,538.0,541.0,543.0,552.0,556.0,557.0,559.0,574.0,588.0,588.0,609.0,632.0,649.0,651.0,678.0,688.0,690.0,691.0,708.0,724.0,728.0,749.0,749.0,768.0,773.0,784.0,799.0,822.0,836.0,848.0,852.0,870.0,899.0,924.0,932.0,945.0,953.0,958.0,986.0,988.0,
39.0,78.0,134.0,198.0,231.0,234.0,241.0,254.0,402.0,476.0,488.0,511.0,516.0,530.0,531.0,533.0,533.0,536.0,537.0,544.0,547.0,551.0,553.0,557.0,564.0,570.0,571.0,580.0,587.0,587.0,599.0,608.0,613.0,627.0,635.0,640.0,646.0,650.0,657.0,667.0,668.0,674.0,692.0,697.0,720.0,724.0,730.0,743.0,754.0,776.0,808.0,823.0,828.0,833.0,842.0,851.0,857.0,888.0,899.0,902.0,904.0,910.0,915.0,944.0,955.0,
59.0,60.0,112.0,134.0,154.0,199.0,265.0,364.0,372.0,464.0,483.0,509.0,511.0,516.0,521.0,527.0,527.0,530.0,530.0,530.0,531.0,532.0,533.0,538.0,544.0,567.0,567.0,568.0,569.0,605.0,613.0,614.0,614.0,634.0,641.0,642.0,647.0,669.0,690.0,713.0,728.0,740.0,746.0,765.0,778.0,782.0,790.0,816.0,826.0,839.0,859.0,865.0,865.0,872.0,883.0,885.0,905.0,910.0,916.0,920.0,922.0,932.0,963.0,977.0,994.0,997.0,998.0,999.0,
8.0,47.0,71.0,131.0,146.0,159.0,170.0,186.0,190.0,206.0,235.0,282.0,312.0,354.0,360.0,385.0,416.0,419.0,517.0,523.0,530.0,532.0,551.0,558.0,561.0,562.0,563.0,566.0,566.0,575.0,576.0,587.0,590.0,592.0,595.0,597.0,603.0,604.0,612.0,619.0,627.0,631.0,647.0,655.0,665.0,669.0,699.0,700.0,702.0,717.0,720.0,733.0,733.0,750.0,755.0,770.0,781.0,815.0,831.0,833.0,847.0,870.0,899.0,906.0,913.0,914.0,922.0,922.0,923.0,930.0,943.0,954.0,960.0,963.0,
7.0,13.0,32.0,75.0,80.0,81.0,94.0,130.0,147.0,148.0,172.0,174.0,193.0,207.0,211.0,295.0,340.0,390.0,477.0,507.0,509.0,513.0,536.0,541.0,545.0,547.0,550.0,554.0,564.0,571.0,572.0,574.0,579.0,583.0,587.0,595.0,598.0,628.0,632.0,640.0,665.0,669.0,719.0,742.0,745.0,750.0,787.0,789.0,809.0,820.0,855.0,859.0,862.0,873.0,883.0,901.0,924.0,933.0,943.0,957.0,
22.0,41.0,60.0,66.0,74.0,79.0,91.0,97.0,119.0,137.0,180.0,292.0,325.0,366.0,367.0,371.0,385.0,398.0,407.0,430.0,435.0,444.0,456.0,463.0,519.0,547.0,556.0,556.0,561.0,564.0,567.0,568.0,571.0,574.0,577.0,587.0,588.0,588.0,589.0,607.0,611.0,612.0,613.0,620.0,620.0,623.0,635.0,638.0,650.0,653.0,661.0,679.0,690.0,691.0,699.0,699.0,707.0,715.0,738.0,747.0,781.0,782.0,848.0,867.0,875.0,875.0,882.0,885.0,900.0,900.0,907.0,910.0,931.0,954.0,960.0,973.0,1000.0,
8.0,28.0,52.0,116.0,189.0,217.0,226.0,248.0,258.0,269.0,278.0,331.0,384.0,403.0,411.0,417.0,426.0,509.0,531.0,559.0,578.0,586.0,589.0,621.0,623.0,635.0,659.0,738.0,739.0,756.0,785.0,817.0,837.0,837.0,983.0,989.0,
26.0,28.0,35.0,179.0,188.0,206.0,254.0,292.0,394.0,443.0,455.0,475.0,491.0,512.0,542.0,631.0,658.0,685.0,806.0,833.0,849.0,904.0,981.0,988.0,
23.0,53.0,60.0,74.0,87.0,94.0,99.0,104.0,115.0,164.0,203.0,211.0,213.0,267.0,290.0,348.0,419.0,436.0,441.0,449.0,495.0,499.0,506.0,518.0,582.0,640.0,660.0,673.0,683.0,696.0,763.0,770.0,774.0,811.0,862.0,915.0,915.0,920.0,927.0,962.0,
33.0,46.0,102.0,116.0,165.0,193.0,260.0,327.0,352.0,383.0,387.0,492.0,509.0,519.0,528.0,533.0,536.0,565.0,584.0,588.0,595.0,596.0,603.0,606.0,617.0,629.0,629.0,636.0,648.0,651.0,679.0,692.0,695.0,697.0,705.0,709.0,710.0,715.0,717.0,724.0,727.0,731.0,755.0,757.0,768.0,774.0,778.0,783.0,795.0,825.0,843.0,876.0,880.0,905.0,913.0,929.0,931.0,932.0,944.0,956.0,958.0,999.0,1000.0,
77.0,202.0,217.0,235.0,237.0,257.0,291.0,334.0,340.0,344.0,345.0,368.0,384.0,440.0,463.0,471.0,524.0,525.0,538.0,540.0,541.0,541.0,543.0,548.0,558.0,565.0,597.0,598.0,602.0,604.0,604.0,611.0,622.0,623.0,629.0,636.0,646.0,651.0,654.0,658.0,663.0,672.0,676.0,702.0,706.0,721.0,723.0,746.0,747.0,754.0,767.0,809.0,817.0,868.0,883.0,941.0,968.0,970.0,984.0,998.0,
21.0,24.0,46.0,76.0,96.0,114.0,114.0,191.0,207.0,283.0,297.0,343.0,349.0,411.0,435.0,436.0,447.0,452.0,462.0,525.0,531.0,540.0,543.0,545.0,555.0,556.0,567.0,570.0,577.0,588.0,593.0,596.0,599.0,604.0,607.0,609.0,614.0,619.0,624.0,625.0,635.0,641.0,643.0,649.0,661.0,672.0,679.0,699.0,710.0,710.0,751.0,755.0,800.0,833.0,852.0,871.0,880.0,915.0,981.0,984.0,992.0,
24.0,38.0,65.0,85.0,105.0,136.0,143.0,153.0,166.0,169.0,237.0,297.0,322.0,326.0,416.0,416.0,421.0,432.0,443.0,488.0,517.0,524.0,533.0,537.0,541.0,547.0,550.0,551.0,560.0,584.0,589.0,595.0,597.0,603.0,605.0,605.0,619.0,622.0,627.0,635.0,645.0,646.0,648.0,664.0,675.0,683.0,685.0,693.0,693.0,699.0,708.0,711.0,726.0,729.0,730.0,748.0,749.0,782.0,852.0,872.0,893.0,904.0,935.0,938.0,1000.0,
41.0,45.0,61.0,91.0,174.0,239.0,269.0,293.0,318.0,358.0,359.0,403.0,406.0,414.0,461.0,463.0,519.0,521.0,523.0,526.0,532.0,539.0,545.0,551.0,562.0,562.0,564.0,567.0,570.0,579.0,593.0,594.0,605.0,608.0,610.0,616.0,621.0,622.0,624.0,629.0,654.0,667.0,680.0,697.0,703.0,707.0,717.0,726.0,759.0,762.0,770.0,807.0,833.0,835.0,846.0,857.0,889.0,897.0,924.0,933.0,936.0,938.0,940.0,944.0,971.0,972.0,
10.0,13.0,26.0,37.0,49.0,83.0,181.0,211.0,217.0,219.0,227.0,288.0,302.0,317.0,339.0,379.0,386.0,400.0,440.0,455.0,496.0,496.0,499.0,518.0,520.0,522.0,542.0,543.0,545.0,547.0,547.0,550.0,550.0,556.0,557.0,562.0,563.0,570.0,592.0,601.0,602.0,605.0,607.0,608.0,614.0,626.0,636.0,643.0,645.0,697.0,700.0,702.0,721.0,722.0,723.0,740.0,742.0,743.0,748.0,756.0,785.0,818.0,820.0,827.0,831.0,886.0,928.0,928.0,943.0,944.0,976.0,987.0,988.0,
42.0,61.0,68.0,75.0,95.0,110.0,177.0,209.0,213.0,306.0,323.0,349.0,400.0,422.0,447.0,450.0,494.0,519.0,522.0,528.0,542.0,545.0,545.0,546.0,554.0,566.0,570.0,571.0,582.0,584.0,590.0,597.0,610.0,629.0,632.0,644.0,647.0,655.0,657.0,665.0,668.0,672.0,687.0,696.0,698.0,715.0,716.0,741.0,747.0,748.0,796.0,801.0,848.0,865.0,878.0,881.0,894.0,917.0,950.0,977.0,981.0,
30.0,61.0,65.0,79.0,80.0,80.0,81.0,99.0,111.0,178.0,180.0,223.0,230.0,245.0,262.0,293.0,305.0,325.0,353.0,362.0,431.0,440.0,468.0,490.0,504.0,509.0,526.0,561.0,573.0,578.0,598.0,603.0,608.0,610.0,624.0,632.0,661.0,664.0,680.0,689.0,711.0,741.0,810.0,819.0,856.0,880.0,884.0,887.0,913.0,928.0,
103.0,113.0,140.0,208.0,239.0,240.0,267.0,299.0,305.0,309.0,402.0,405.0,497.0,529.0,541.0,543.0,547.0,602.0,621.0,660.0,694.0,716.0,724.0,731.0,740.0,755.0,773.0,797.0,803.0,895.0,927.0,930.0,
88.0,101.0,118.0,188.0,196.0,230.0,235.0,313.0,323.0,340.0,367.0,426.0,432.0,435.0,441.0,452.0,470.0,479.0,498.0,501.0,555.0,599.0,680.0,736.0,813.0,868.0,946.0,987.0,
24.0,36.0,75.0,145.0,169.0,172.0,188.0,204.0,207.0,211.0,217.0,220.0,237.0,273.0,310.0,313.0,319.0,336.0,370.0,411.0,420.0,426.0,480.0,481.0,487.0,505.0,516.0,524.0,525.0,532.0,535.0,545.0,566.0,580.0,592.0,592.0,607.0,618.0,640.0,652.0,663.0,668.0,668.0,669.0,670.0,688.0,693.0,698.0,719.0,729.0,731.0,741.0,748.0,754.0,767.0,775.0,782.0,785.0,795.0,795.0,844.0,849.0,868.0,894.0,933.0,992.0,
37.0,63.0,64.0,77.0,105.0,158.0,186.0,193.0,221.0,253.0,269.0,319.0,349.0,365.0,389.0,428.0,470.0,494.0,505.0,523.0,524.0,530.0,533.0,539.0,553.0,561.0,562.0,566.0,572.0,572.0,572.0,578.0,582.0,587.0,588.0,588.0,589.0,599.0,601.0,603.0,629.0,668.0,670.0,677.0,684.0,707.0,709.0,757.0,763.0,791.0,813.0,815.0,821.0,837.0,897.0,912.0,920.0,926.0,939.0,952.0,983.0,991.0,999.0,
10.0,90.0,108.0,114.0,128.0,178.0,202.0,211.0,270.0,272.0,287.0,291.0,311.0,326.0,351.0,351.0,365.0,371.0,377.0,387.0,401.0,459.0,476.0,509.0,510.0,536.0,537.0,542.0,543.0,544.0,550.0,551.0,556.0,558.0,559.0,560.0,561.0,562.0,569.0,576.0,610.0,615.0,621.0,621.0,627.0,628.0,644.0,649.0,676.0,681.0,685.0,692.0,707.0,710.0,763.0,807.0,823.0,836.0,850.0,884.0,887.0,888.0,888.0,908.0,941.0,959.0,960.0,
26.0,28.0,74.0,76.0,87.0,141.0,214.0,279.0,336.0,355.0,361.0,372.0,392.0,435.0,465.0,477.0,483.0,485.0,489.0,520.0,529.0,535.0,536.0,541.0,548.0,553.0,556.0,556.0,563.0,563.0,567.0,568.0,568.0,576.0,590.0,598.0,604.0,625.0,627.0,653.0,658.0,659.0,666.0,668.0,700.0,726.0,731.0,734.0,744.0,766.0,768.0,775.0,777.0,791.0,792.0,796.0,849.0,850.0,880.0,890.0,929.0,933.0,936.0,938.0,958.0,972.0,989.0,
24.0,24.0,119.0,215.0,217.0,264.0,269.0,271.0,288.0,321.0,375.0,390.0,414.0,414.0,441.0,452.0,456.0,466.0,483.0,520.0,525.0,525.0,526.0,526.0,528.0,529.0,534.0,541.0,541.0,549.0,552.0,579.0,585.0,586.0,588.0,600.0,603.0,606.0,614.0,618.0,620.0,625.0,627.0,642.0,650.0,654.0,675.0,703.0,704.0,729.0,778.0,781.0,797.0,820.0,858.0,863.0,877.0,946.0,948.0,981.0,985.0,988.0,995.0,1000.0,
49.0,87.0,170.0,228.0,247.0,355.0,391.0,457.0,496.0,519.0,523.0,527.0,533.0,542.0,542.0,542.0,544.0,553.0,553.0,556.0,566.0,583.0,591.0,598.0,605.0,607.0,615.0,617.0,639.0,650.0,671.0,673.0,685.0,696.0,697.0,713.0,724.0,744.0,752.0,820.0,831.0,842.0,848.0,864.0,881.0,882.0,887.0,902.0,920.0,932.0,966.0,981.0,985.0,992.0,998.0,
49.0,160.0,209.0,226.0,286.0,296.0,408.0,411.0,436.0,457.0,510.0,511.0,524.0,532.0,532.0,535.0,538.0,538.0,543.0,558.0,566.0,576.0,592.0,601.0,607.0,608.0,614.0,629.0,630.0,631.0,647.0,656.0,658.0,659.0,664.0,668.0,676.0,676.0,680.0,697.0,730.0,744.0,760.0,767.0,782.0,785.0,794.0,853.0,863.0,865.0,877.0,877.0,882.0,885.0,895.0,904.0,925.0,936.0,941.0,950.0,956.0,967.0,
33.0,48.0,112.0,133.0,151.0,157.0,182.0,211.0,218.0,259.0,279.0,297.0,307.0,310.0,353.0,363.0,484.0,518.0,520.0,693.0,701.0,824.0,885.0,899.0,924.0,949.0,966.0,982.0,
22.0,59.0,65.0,68.0,113.0,129.0,142.0,155.0,178.0,189.0,328.0,332.0,376.0,379.0,383.0,402.0,415.0,574.0,647.0,697.0,762.0,767.0,772.0,777.0,783.0,795.0,812.0,872.0,887.0,979.0,981.0,
2.0,38.0,43.0,57.0,105.0,150.0,245.0,257.0,263.0,273.0,292.0,312.0,323.0,353.0,448.0,492.0,534.0,536.0,679.0,738.0,774.0,876.0,970.0,973.0,
34.0,136.0,177.0,179.0,188.0,210.0,221.0,279.0,285.0,298.0,316.0,324.0,357.0,449.0,594.0,676.0,694.0,701.0,751.0,782.0,889.0,906.0,926.0,936.0,
3.0,21.0,79.0,85.0,92.0,127.0,128.0,134.0,145.0,148.0,162.0,167.0,170.0,243.0,283.0,324.0,333.0,378.0,383.0,388.0,395.0,447.0,467.0,469.0,492.0,522.0,522.0,526.0,533.0,536.0,537.0,549.0,550.0,550.0,552.0,558.0,568.0,572.0,574.0,581.0,582.0,594.0,611.0,627.0,632.0,654.0,657.0,660.0,667.0,688.0,695.0,726.0,735.0,736.0,749.0,759.0,770.0,789.0,793.0,805.0,844.0,860.0,867.0,869.0,874.0,876.0,889.0,899.0,902.0,926.0,938.0,940.0,950.0,951.0,955.0,959.0,974.0,981.0,991.0,
30.0,35.0,44.0,84.0,89.0,117.0,151.0,213.0,217.0,251.0,260.0,293.0,319.0,339.0,361.0,388.0,403.0,426.0,447.0,454.0,476.0,482.0,506.0,512.0,513.0,524.0,527.0,528.0,534.0,539.0,540.0,542.0,549.0,556.0,559.0,572.0,584.0,585.0,587.0,597.0,598.0,600.0,607.0,621.0,631.0,633.0,642.0,662.0,668.0,679.0,693.0,695.0,696.0,704.0,705.0,707.0,717.0,725.0,743.0,745.0,757.0,764.0,766.0,768.0,769.0,775.0,781.0,784.0,798.0,808.0,826.0,829.0,854.0,861.0,866.0,872.0,876.0,945.0,954.0,974.0,980.0,981.0,1000.0,
23.0,30.0,31.0,32.0,70.0,154.0,164.0,165.0,188.0,260.0,273.0,277.0,333.0,362.0,437.0,438.0,449.0,474.0,478.0,514.0,522.0,530.0,533.0,537.0,556.0,557.0,561.0,561.0,563.0,563.0,563.0,564.0,567.0,569.0,578.0,589.0,595.0,597.0,601.0,601.0,606.0,611.0,617.0,621.0,643.0,655.0,683.0,684.0,688.0,693.0,707.0,709.0,722.0,738.0,741.0,747.0,754.0,761.0,767.0,777.0,781.0,808.0,817.0,830.0,835.0,850.0,883.0,907.0,926.0,948.0,948.0,966.0,
2.0,6.0,8.0,77.0,154.0,179.0,205.0,220.0,224.0,254.0,263.0,284.0,289.0,364.0,368.0,370.0,374.0,389.0,437.0,448.0,459.0,463.0,479.0,508.0,516.0,538.0,540.0,541.0,544.0,545.0,545.0,546.0,546.0,550.0,551.0,554.0,554.0,555.0,556.0,558.0,565.0,574.0,591.0,595.0,596.0,621.0,621.0,624.0,630.0,634.0,641.0,642.0,650.0,652.0,672.0,677.0,683.0,699.0,699.0,746.0,747.0,747.0,748.0,762.0,768.0,772.0,775.0,790.0,807.0,870.0,904.0,905.0,910.0,917.0,930.0,932.0,932.0,961.0,998.0,
37.0,39.0,114.0,138.0,170.0,248.0,312.0,316.0,324.0,513.0,516.0,516.0,519.0,520.0,531.0,537.0,554.0,556.0,558.0,567.0,570.0,578.0,619.0,640.0,640.0,677.0,677.0,678.0,689.0,705.0,711.0,712.0,716.0,717.0,732.0,756.0,786.0,792.0,842.0,846.0,895.0,895.0,907.0,910.0,930.0,958.0,963.0,980.0,990.0,998.0,998.0,
22.0,28.0,58.0,100.0,107.0,116.0,138.0,203.0,210.0,249.0,257.0,269.0,295.0,302.0,303.0,316.0,324.0,341.0,360.0,370.0,390.0,407.0,465.0,502.0,502.0,505.0,535.0,568.0,655.0,662.0,839.0,868.0,899.0,976.0,
42.0,75.0,107.0,130.0,134.0,148.0,162.0,163.0,187.0,189.0,228.0,237.0,240.0,241.0,295.0,335.0,345.0,354.0,359.0,426.0,434.0,443.0,469.0,479.0,588.0,600.0,631.0,712.0,752.0,776.0,811.0,835.0,850.0,855.0,956.0,958.0,
21.0,37.0,94.0,100.0,112.0,248.0,263.0,268.0,291.0,302.0,429.0,478.0,483.0,534.0,535.0,624.0,631.0,649.0,664.0,667.0,676.0,688.0,714.0,744.0,772.0,812.0,862.0,873.0,875.0,880.0,887.0,888.0,941.0,992.0,
12.0,17.0,98.0,224.0,228.0,315.0,330.0,350.0,382.0,385.0,427.0,444.0,460.0,475.0,478.0,501.0,521.0,588.0,599.0,604.0,606.0,622.0,629.0,632.0,644.0,651.0,679.0,698.0,820.0,861.0,897.0,905.0,923.0,950.0,
38.0,110.0,134.0,140.0,161.0,304.0,379.0,503.0,530.0,547.0,558.0,615.0,655.0,681.0,701.0,713.0,778.0,817.0,842.0,849.0,932.0,
18.0,27.0,46.0,70.0,87.0,89.0,104.0,146.0,157.0,191.0,192.0,225.0,226.0,317.0,338.0,373.0,442.0,449.0,465.0,476.0,504.0,520.0,520.0,555.0,562.0,570.0,574.0,588.0,691.0,707.0,733.0,753.0,760.0,768.0,805.0,825.0,865.0,939.0,955.0,
70.0,107.0,125.0,144.0,206.0,211.0,222.0,257.0,283.0,335.0,398.0,411.0,419.0,423.0,423.0,442.0,443.0,473.0,494.0,529.0,535.0,543.0,552.0,584.0,603.0,616.0,635.0,719.0,739.0,759.0,818.0,917.0,953.0,
72.0,78.0,97.0,106.0,117.0,117.0,212.0,230.0,232.0,269.0,335.0,351.0,363.0,411.0,429.0,443.0,460.0,515.0,522.0,527.0,533.0,534.0,548.0,555.0,580.0,590.0,592.0,601.0,606.0,613.0,617.0,631.0,717.0,726.0,726.0,731.0,772.0,804.0,820.0,824.0,831.0,847.0,870.0,928.0,975.0,992.0,
21.0,29.0,68.0,70.0,110.0,213.0,214.0,234.0,246.0,276.0,298.0,335.0,372.0,409.0,416.0,420.0,457.0,507.0,517.0,526.0,527.0,536.0,546.0,551.0,562.0,614.0,643.0,688.0,696.0,710.0,720.0,728.0,771.0,784.0,792.0,812.0,856.0,867.0,936.0,962.0,983.0,
53.0,85.0,95.0,114.0,171.0,234.0,238.0,252.0,278.0,387.0,422.0,428.0,446.0,449.0,491.0,512.0,534.0,565.0,574.0,597.0,610.0,618.0,685.0,795.0,855.0,967.0,
13.0,40.0,78.0,79.0,79.0,84.0,163.0,166.0,174.0,185.0,199.0,207.0,211.0,244.0,259.0,262.0,299.0,346.0,353.0,364.0,398.0,437.0,443.0,457.0,501.0,523.0,548.0,565.0,593.0,643.0,659.0,670.0,681.0,687.0,739.0,745.0,751.0,826.0,871.0,874.0,876.0,883.0,894.0,922.0,997.0,
9.0,51.0,69.0,108.0,161.0,186.0,199.0,205.0,223.0,257.0,267.0,328.0,338.0,356.0,402.0,417.0,425.0,441.0,631.0,663.0,701.0,713.0,742.0,751.0,778.0,802.0,832.0,835.0,876.0,894.0,910.0,950.0,953.0,959.0,
