54.0,57.0,63.0,86.0,130.0,130.0,144.0,163.0,174.0,176.0,228.0,269.0,285.0,291.0,306.0,326.0,358.0,420.0,434.0,451.0,456.0,459.0,498.0,500.0,533.0,551.0,557.0,569.0,570.0,571.0,618.0,695.0,728.0,730.0,733.0,734.0,737.0,779.0,792.0,793.0,799.0,801.0,809.0,849.0,875.0,885.0,991.0,
11.0,13.0,78.0,98.0,98.0,132.0,139.0,147.0,150.0,154.0,164.0,248.0,270.0,347.0,351.0,368.0,385.0,425.0,486.0,540.0,556.0,610.0,627.0,661.0,662.0,714.0,715.0,798.0,829.0,829.0,855.0,908.0,919.0,928.0,940.0,941.0,949.0,951.0,960.0,961.0,964.0,989.0,
113.0,119.0,123.0,174.0,177.0,287.0,340.0,383.0,393.0,393.0,399.0,402.0,470.0,474.0,531.0,537.0,547.0,563.0,578.0,601.0,606.0,632.0,632.0,638.0,659.0,757.0,757.0,760.0,767.0,777.0,785.0,827.0,851.0,871.0,883.0,931.0,950.0,951.0,970.0,975.0,
41.0,46.0,47.0,104.0,176.0,197.0,237.0,256.0,279.0,286.0,326.0,384.0,428.0,442.0,472.0,573.0,698.0,737.0,761.0,770.0,816.0,819.0,851.0,871.0,972.0,999.0,
28.0,37.0,43.0,55.0,89.0,89.0,130.0,153.0,176.0,214.0,216.0,340.0,341.0,355.0,356.0,378.0,393.0,485.0,510.0,522.0,532.0,567.0,595.0,615.0,696.0,721.0,844.0,932.0,969.0,
4.0,31.0,71.0,74.0,93.0,111.0,134.0,149.0,193.0,200.0,221.0,265.0,268.0,274.0,341.0,350.0,378.0,387.0,398.0,444.0,472.0,601.0,640.0,654.0,693.0,696.0,748.0,767.0,774.0,783.0,784.0,841.0,862.0,866.0,907.0,975.0,979.0,991.0,
6.0,17.0,47.0,52.0,73.0,133.0,135.0,193.0,196.0,205.0,216.0,242.0,255.0,282.0,283.0,291.0,335.0,351.0,360.0,387.0,388.0,395.0,402.0,455.0,462.0,481.0,537.0,541.0,564.0,601.0,619.0,620.0,623.0,683.0,726.0,758.0,773.0,776.0,802.0,816.0,841.0,862.0,868.0,879.0,901.0,914.0,1000.0,
32.0,33.0,84.0,145.0,228.0,245.0,271.0,307.0,310.0,327.0,335.0,339.0,358.0,396.0,400.0,423.0,546.0,578.0,578.0,579.0,707.0,715.0,731.0,747.0,765.0,768.0,772.0,773.0,862.0,868.0,884.0,885.0,923.0,
25.0,28.0,41.0,68.0,124.0,144.0,149.0,177.0,178.0,183.0,231.0,243.0,255.0,298.0,472.0,484.0,577.0,587.0,646.0,656.0,675.0,684.0,711.0,720.0,722.0,758.0,763.0,793.0,831.0,846.0,951.0,997.0,
3.0,49.0,54.0,99.0,126.0,145.0,170.0,181.0,233.0,256.0,287.0,304.0,308.0,308.0,344.0,429.0,458.0,460.0,524.0,581.0,588.0,600.0,612.0,685.0,685.0,750.0,833.0,849.0,860.0,891.0,915.0,952.0,968.0,985.0,991.0,
56.0,89.0,109.0,113.0,126.0,133.0,155.0,155.0,172.0,179.0,218.0,243.0,247.0,298.0,358.0,390.0,491.0,592.0,649.0,725.0,725.0,734.0,740.0,773.0,807.0,812.0,874.0,937.0,967.0,976.0,983.0,986.0,
28.0,56.0,73.0,88.0,90.0,97.0,138.0,144.0,147.0,160.0,176.0,247.0,274.0,285.0,304.0,322.0,325.0,353.0,388.0,410.0,438.0,470.0,478.0,586.0,599.0,625.0,707.0,723.0,753.0,824.0,824.0,908.0,927.0,939.0,
43.0,57.0,119.0,121.0,125.0,150.0,200.0,225.0,230.0,269.0,276.0,304.0,362.0,388.0,412.0,496.0,520.0,530.0,562.0,564.0,569.0,684.0,684.0,732.0,738.0,755.0,761.0,768.0,804.0,838.0,854.0,856.0,865.0,871.0,938.0,943.0,961.0,974.0,
19.0,20.0,144.0,160.0,176.0,188.0,206.0,244.0,247.0,264.0,282.0,316.0,349.0,378.0,438.0,455.0,458.0,500.0,508.0,577.0,581.0,588.0,604.0,627.0,722.0,798.0,826.0,845.0,932.0,
53.0,70.0,74.0,79.0,82.0,119.0,121.0,154.0,230.0,237.0,237.0,240.0,266.0,361.0,395.0,397.0,424.0,439.0,440.0,497.0,551.0,562.0,630.0,667.0,692.0,701.0,735.0,743.0,748.0,757.0,788.0,827.0,831.0,832.0,849.0,858.0,864.0,911.0,986.0,987.0,
32.0,63.0,108.0,185.0,185.0,219.0,226.0,245.0,322.0,347.0,351.0,466.0,512.0,542.0,559.0,562.0,582.0,643.0,645.0,701.0,873.0,894.0,941.0,984.0,
17.0,23.0,43.0,47.0,57.0,87.0,110.0,122.0,144.0,166.0,188.0,213.0,220.0,223.0,288.0,304.0,321.0,329.0,339.0,380.0,479.0,494.0,526.0,540.0,640.0,692.0,767.0,837.0,870.0,881.0,901.0,919.0,930.0,937.0,964.0,981.0,
3.0,35.0,51.0,66.0,97.0,107.0,115.0,131.0,177.0,196.0,202.0,243.0,267.0,284.0,310.0,315.0,369.0,430.0,431.0,441.0,475.0,488.0,610.0,612.0,616.0,651.0,653.0,678.0,721.0,744.0,744.0,869.0,872.0,895.0,934.0,946.0,971.0,980.0,990.0,
5.0,58.0,64.0,105.0,113.0,127.0,130.0,188.0,214.0,222.0,229.0,236.0,236.0,246.0,319.0,344.0,356.0,373.0,389.0,400.0,402.0,444.0,465.0,495.0,500.0,520.0,524.0,549.0,573.0,579.0,627.0,665.0,670.0,694.0,701.0,736.0,773.0,813.0,843.0,936.0,940.0,980.0,
5.0,9.0,9.0,38.0,146.0,201.0,210.0,230.0,236.0,237.0,309.0,339.0,347.0,366.0,378.0,400.0,403.0,427.0,435.0,457.0,481.0,490.0,537.0,560.0,577.0,640.0,650.0,657.0,682.0,701.0,759.0,761.0,778.0,795.0,888.0,912.0,924.0,927.0,970.0,
18.0,22.0,58.0,75.0,87.0,148.0,153.0,178.0,223.0,225.0,235.0,239.0,267.0,278.0,280.0,289.0,314.0,329.0,347.0,356.0,371.0,375.0,382.0,415.0,440.0,448.0,461.0,470.0,494.0,631.0,812.0,839.0,845.0,902.0,945.0,953.0,970.0,999.0,
32.0,59.0,90.0,97.0,103.0,132.0,160.0,192.0,240.0,242.0,278.0,283.0,359.0,366.0,397.0,425.0,495.0,510.0,540.0,542.0,611.0,637.0,650.0,653.0,666.0,668.0,668.0,719.0,759.0,761.0,791.0,796.0,799.0,859.0,865.0,867.0,
45.0,64.0,69.0,152.0,169.0,178.0,214.0,229.0,239.0,242.0,283.0,315.0,346.0,367.0,419.0,535.0,604.0,648.0,650.0,659.0,668.0,725.0,738.0,790.0,812.0,838.0,904.0,923.0,924.0,929.0,933.0,953.0,979.0,981.0,
70.0,91.0,185.0,205.0,208.0,214.0,218.0,224.0,232.0,262.0,280.0,298.0,312.0,313.0,322.0,367.0,426.0,475.0,525.0,674.0,694.0,695.0,729.0,807.0,811.0,829.0,860.0,976.0,982.0,
82.0,93.0,131.0,182.0,192.0,196.0,247.0,316.0,343.0,356.0,372.0,407.0,474.0,487.0,518.0,530.0,553.0,560.0,569.0,573.0,586.0,622.0,810.0,811.0,825.0,862.0,906.0,
62.0,72.0,87.0,118.0,118.0,156.0,177.0,186.0,206.0,261.0,291.0,325.0,353.0,358.0,385.0,432.0,447.0,471.0,502.0,520.0,525.0,535.0,541.0,605.0,619.0,657.0,784.0,786.0,803.0,819.0,861.0,901.0,944.0,977.0,
34.0,47.0,49.0,90.0,122.0,133.0,145.0,153.0,184.0,189.0,219.0,255.0,267.0,271.0,306.0,333.0,336.0,341.0,412.0,458.0,467.0,494.0,495.0,498.0,504.0,523.0,551.0,597.0,616.0,619.0,627.0,681.0,686.0,687.0,706.0,753.0,774.0,815.0,820.0,931.0,
33.0,155.0,160.0,161.0,258.0,261.0,266.0,268.0,281.0,282.0,377.0,380.0,399.0,409.0,441.0,448.0,449.0,455.0,487.0,513.0,526.0,530.0,548.0,582.0,678.0,700.0,716.0,721.0,739.0,757.0,782.0,796.0,804.0,837.0,856.0,908.0,966.0,
30.0,46.0,51.0,51.0,119.0,126.0,145.0,166.0,167.0,200.0,267.0,285.0,292.0,293.0,322.0,332.0,362.0,380.0,411.0,422.0,434.0,527.0,538.0,577.0,589.0,591.0,603.0,619.0,675.0,704.0,710.0,711.0,715.0,738.0,762.0,842.0,893.0,945.0,992.0,
22.0,96.0,131.0,155.0,155.0,164.0,187.0,211.0,227.0,289.0,333.0,336.0,342.0,400.0,422.0,440.0,482.0,496.0,508.0,534.0,573.0,635.0,648.0,680.0,683.0,686.0,695.0,780.0,845.0,892.0,900.0,932.0,
16.0,30.0,33.0,70.0,132.0,151.0,164.0,174.0,175.0,225.0,228.0,292.0,299.0,299.0,370.0,374.0,382.0,388.0,439.0,448.0,464.0,468.0,469.0,513.0,551.0,554.0,735.0,741.0,790.0,791.0,836.0,948.0,964.0,977.0,
18.0,67.0,73.0,129.0,149.0,172.0,199.0,215.0,259.0,270.0,298.0,346.0,370.0,384.0,440.0,538.0,554.0,555.0,556.0,562.0,584.0,701.0,721.0,727.0,730.0,743.0,757.0,884.0,943.0,954.0,962.0,997.0,
13.0,20.0,44.0,89.0,100.0,213.0,214.0,218.0,258.0,419.0,427.0,443.0,461.0,479.0,483.0,546.0,560.0,574.0,615.0,657.0,668.0,712.0,796.0,851.0,854.0,901.0,946.0,976.0,981.0,987.0,
66.0,91.0,95.0,97.0,129.0,207.0,244.0,305.0,329.0,454.0,482.0,499.0,506.0,519.0,539.0,608.0,621.0,631.0,638.0,659.0,679.0,734.0,760.0,787.0,792.0,799.0,836.0,845.0,874.0,904.0,907.0,924.0,961.0,984.0,
20.0,34.0,89.0,103.0,116.0,165.0,266.0,283.0,310.0,312.0,355.0,398.0,422.0,439.0,452.0,455.0,465.0,473.0,497.0,509.0,512.0,512.0,538.0,539.0,544.0,570.0,573.0,575.0,576.0,579.0,582.0,586.0,592.0,607.0,610.0,630.0,631.0,633.0,675.0,678.0,681.0,682.0,684.0,702.0,713.0,733.0,740.0,748.0,750.0,770.0,807.0,824.0,824.0,836.0,846.0,859.0,861.0,867.0,869.0,869.0,878.0,886.0,890.0,897.0,913.0,915.0,928.0,939.0,945.0,950.0,968.0,979.0,985.0,999.0,1000.0,
17.0,45.0,109.0,132.0,155.0,155.0,169.0,187.0,247.0,280.0,288.0,324.0,490.0,493.0,506.0,513.0,514.0,527.0,528.0,536.0,538.0,540.0,541.0,541.0,561.0,562.0,569.0,569.0,570.0,571.0,574.0,579.0,580.0,585.0,590.0,593.0,607.0,611.0,618.0,632.0,639.0,648.0,652.0,654.0,654.0,656.0,668.0,670.0,675.0,680.0,684.0,689.0,698.0,708.0,712.0,738.0,759.0,768.0,780.0,787.0,798.0,799.0,800.0,823.0,824.0,825.0,826.0,839.0,842.0,874.0,877.0,886.0,900.0,906.0,907.0,938.0,952.0,953.0,972.0,987.0,988.0,
45.0,52.0,54.0,55.0,62.0,72.0,162.0,188.0,195.0,271.0,272.0,279.0,328.0,410.0,459.0,499.0,520.0,526.0,527.0,533.0,537.0,539.0,539.0,543.0,558.0,565.0,593.0,600.0,610.0,611.0,618.0,622.0,629.0,633.0,645.0,649.0,650.0,653.0,675.0,678.0,685.0,690.0,691.0,724.0,763.0,782.0,795.0,799.0,800.0,822.0,823.0,844.0,846.0,853.0,856.0,871.0,873.0,878.0,883.0,890.0,895.0,909.0,928.0,959.0,963.0,976.0,
4.0,12.0,17.0,27.0,71.0,111.0,145.0,174.0,221.0,228.0,228.0,245.0,256.0,275.0,307.0,326.0,328.0,335.0,339.0,357.0,383.0,397.0,499.0,523.0,524.0,531.0,534.0,563.0,608.0,643.0,712.0,728.0,735.0,761.0,876.0,886.0,901.0,914.0,
10.0,11.0,16.0,23.0,74.0,98.0,131.0,137.0,140.0,160.0,196.0,201.0,246.0,251.0,292.0,365.0,379.0,447.0,487.0,509.0,525.0,554.0,562.0,565.0,580.0,597.0,638.0,677.0,780.0,807.0,826.0,875.0,939.0,940.0,
30.0,97.0,118.0,123.0,135.0,170.0,177.0,203.0,235.0,266.0,289.0,299.0,331.0,343.0,414.0,414.0,417.0,418.0,431.0,433.0,458.0,498.0,506.0,511.0,533.0,563.0,584.0,652.0,690.0,694.0,735.0,758.0,779.0,786.0,789.0,813.0,837.0,852.0,889.0,945.0,993.0,
32.0,35.0,77.0,83.0,116.0,134.0,149.0,172.0,206.0,236.0,250.0,266.0,303.0,326.0,331.0,342.0,347.0,358.0,393.0,399.0,441.0,444.0,445.0,451.0,480.0,495.0,507.0,514.0,582.0,670.0,673.0,729.0,732.0,738.0,769.0,781.0,802.0,819.0,832.0,848.0,854.0,873.0,899.0,921.0,934.0,950.0,951.0,961.0,964.0,986.0,992.0,
11.0,19.0,19.0,91.0,126.0,142.0,193.0,208.0,213.0,254.0,258.0,289.0,297.0,302.0,331.0,457.0,493.0,512.0,528.0,568.0,568.0,591.0,604.0,630.0,642.0,668.0,681.0,695.0,696.0,769.0,787.0,816.0,880.0,906.0,967.0,986.0,
7.0,25.0,33.0,59.0,86.0,117.0,183.0,186.0,196.0,202.0,222.0,224.0,304.0,315.0,326.0,359.0,369.0,381.0,543.0,570.0,583.0,611.0,662.0,698.0,809.0,825.0,845.0,884.0,892.0,908.0,975.0,976.0,
4.0,37.0,79.0,81.0,106.0,111.0,114.0,119.0,133.0,140.0,188.0,198.0,217.0,379.0,404.0,406.0,413.0,415.0,455.0,502.0,510.0,511.0,512.0,521.0,541.0,542.0,548.0,553.0,565.0,572.0,575.0,584.0,592.0,596.0,608.0,622.0,632.0,639.0,646.0,656.0,659.0,677.0,690.0,715.0,718.0,718.0,723.0,758.0,796.0,800.0,811.0,815.0,834.0,859.0,880.0,882.0,900.0,903.0,905.0,907.0,924.0,933.0,954.0,955.0,968.0,974.0,975.0,994.0,994.0,
11.0,58.0,133.0,169.0,175.0,211.0,211.0,214.0,264.0,278.0,305.0,325.0,335.0,336.0,410.0,416.0,422.0,424.0,456.0,464.0,513.0,516.0,522.0,528.0,532.0,542.0,548.0,548.0,557.0,557.0,561.0,561.0,567.0,567.0,567.0,570.0,572.0,575.0,583.0,583.0,585.0,587.0,593.0,593.0,612.0,623.0,624.0,628.0,631.0,641.0,677.0,677.0,677.0,694.0,701.0,706.0,709.0,727.0,757.0,758.0,758.0,759.0,766.0,770.0,777.0,788.0,807.0,808.0,819.0,826.0,868.0,870.0,875.0,876.0,876.0,891.0,896.0,922.0,936.0,944.0,970.0,982.0,986.0,988.0,
85.0,97.0,115.0,211.0,221.0,261.0,287.0,382.0,395.0,444.0,450.0,491.0,521.0,522.0,526.0,526.0,529.0,543.0,547.0,549.0,553.0,553.0,558.0,562.0,565.0,566.0,568.0,575.0,576.0,580.0,581.0,589.0,593.0,626.0,629.0,651.0,661.0,666.0,669.0,669.0,689.0,691.0,696.0,704.0,734.0,765.0,770.0,772.0,780.0,793.0,793.0,795.0,811.0,821.0,834.0,860.0,861.0,873.0,875.0,878.0,882.0,899.0,901.0,910.0,926.0,930.0,951.0,955.0,957.0,972.0,979.0,
99.0,108.0,154.0,184.0,224.0,224.0,236.0,243.0,245.0,301.0,302.0,307.0,309.0,340.0,347.0,362.0,362.0,390.0,426.0,460.0,503.0,512.0,524.0,524.0,528.0,533.0,535.0,536.0,546.0,549.0,550.0,552.0,553.0,560.0,564.0,571.0,572.0,572.0,577.0,584.0,585.0,593.0,600.0,609.0,614.0,618.0,618.0,633.0,644.0,652.0,656.0,656.0,670.0,688.0,698.0,705.0,737.0,775.0,818.0,824.0,832.0,840.0,841.0,844.0,858.0,862.0,864.0,866.0,869.0,879.0,882.0,911.0,933.0,935.0,937.0,964.0,978.0,
35.0,50.0,56.0,91.0,107.0,108.0,135.0,170.0,203.0,273.0,283.0,286.0,290.0,291.0,322.0,360.0,361.0,394.0,449.0,465.0,480.0,482.0,483.0,489.0,529.0,530.0,537.0,543.0,547.0,555.0,557.0,567.0,571.0,584.0,584.0,584.0,588.0,589.0,589.0,590.0,592.0,611.0,614.0,633.0,638.0,660.0,669.0,702.0,710.0,712.0,713.0,722.0,729.0,742.0,761.0,778.0,786.0,790.0,795.0,797.0,825.0,831.0,858.0,865.0,900.0,982.0,
8.0,16.0,103.0,116.0,117.0,125.0,141.0,172.0,175.0,219.0,237.0,271.0,301.0,414.0,433.0,459.0,500.0,525.0,546.0,551.0,567.0,594.0,597.0,804.0,807.0,857.0,969.0,997.0,
5.0,45.0,74.0,100.0,106.0,142.0,274.0,283.0,288.0,344.0,356.0,439.0,559.0,566.0,573.0,583.0,589.0,611.0,611.0,647.0,706.0,750.0,752.0,770.0,793.0,806.0,863.0,866.0,885.0,901.0,927.0,942.0,
24.0,36.0,36.0,73.0,97.0,157.0,157.0,187.0,233.0,244.0,262.0,265.0,273.0,350.0,363.0,379.0,390.0,402.0,413.0,424.0,530.0,539.0,575.0,582.0,591.0,596.0,602.0,618.0,694.0,729.0,750.0,766.0,849.0,929.0,978.0,
2.0,4.0,16.0,45.0,57.0,109.0,124.0,130.0,131.0,136.0,150.0,197.0,256.0,266.0,347.0,351.0,354.0,357.0,368.0,380.0,399.0,532.0,644.0,657.0,679.0,708.0,791.0,883.0,954.0,964.0,984.0,990.0,991.0,
26.0,62.0,88.0,107.0,112.0,129.0,136.0,141.0,173.0,182.0,188.0,206.0,236.0,286.0,288.0,312.0,335.0,337.0,375.0,382.0,435.0,437.0,468.0,471.0,472.0,501.0,510.0,515.0,541.0,542.0,597.0,734.0,747.0,769.0,777.0,815.0,816.0,837.0,850.0,
11.0,23.0,26.0,45.0,55.0,97.0,107.0,111.0,123.0,153.0,176.0,186.0,224.0,263.0,264.0,310.0,361.0,367.0,368.0,381.0,386.0,404.0,412.0,415.0,449.0,452.0,478.0,495.0,505.0,505.0,522.0,537.0,539.0,539.0,544.0,545.0,546.0,547.0,547.0,560.0,560.0,561.0,564.0,573.0,590.0,604.0,611.0,622.0,624.0,625.0,628.0,629.0,641.0,649.0,659.0,680.0,684.0,698.0,707.0,717.0,730.0,733.0,743.0,756.0,814.0,830.0,830.0,835.0,853.0,860.0,875.0,878.0,885.0,900.0,906.0,927.0,931.0,954.0,956.0,964.0,978.0,
30.0,98.0,193.0,203.0,205.0,271.0,287.0,397.0,503.0,509.0,514.0,527.0,530.0,534.0,557.0,559.0,567.0,571.0,576.0,587.0,588.0,589.0,610.0,616.0,656.0,689.0,698.0,711.0,721.0,722.0,733.0,747.0,761.0,776.0,777.0,838.0,853.0,885.0,906.0,911.0,931.0,943.0,953.0,982.0,993.0,
12.0,25.0,111.0,112.0,178.0,223.0,281.0,286.0,302.0,312.0,344.0,374.0,400.0,405.0,415.0,434.0,441.0,470.0,479.0,512.0,513.0,514.0,517.0,523.0,529.0,533.0,533.0,539.0,540.0,547.0,547.0,549.0,554.0,555.0,558.0,563.0,565.0,571.0,572.0,575.0,589.0,591.0,592.0,596.0,626.0,633.0,640.0,648.0,657.0,661.0,662.0,674.0,686.0,709.0,710.0,722.0,727.0,734.0,739.0,781.0,787.0,822.0,853.0,858.0,866.0,887.0,900.0,920.0,930.0,961.0,996.0,
64.0,79.0,118.0,123.0,160.0,199.0,272.0,274.0,283.0,295.0,331.0,334.0,336.0,357.0,358.0,369.0,401.0,442.0,480.0,490.0,523.0,524.0,528.0,538.0,541.0,546.0,548.0,550.0,554.0,554.0,564.0,567.0,570.0,587.0,591.0,593.0,597.0,613.0,618.0,626.0,631.0,635.0,649.0,671.0,672.0,674.0,691.0,694.0,705.0,721.0,740.0,758.0,770.0,777.0,788.0,822.0,835.0,861.0,876.0,920.0,952.0,960.0,962.0,964.0,984.0,
15.0,52.0,60.0,83.0,111.0,170.0,201.0,247.0,270.0,271.0,275.0,284.0,330.0,331.0,365.0,404.0,425.0,454.0,524.0,534.0,535.0,537.0,541.0,550.0,552.0,553.0,556.0,556.0,568.0,569.0,576.0,592.0,600.0,614.0,625.0,628.0,630.0,633.0,644.0,666.0,666.0,682.0,687.0,697.0,750.0,762.0,769.0,778.0,780.0,822.0,830.0,844.0,858.0,879.0,884.0,894.0,894.0,934.0,939.0,940.0,958.0,963.0,
90.0,116.0,121.0,211.0,274.0,286.0,287.0,313.0,328.0,348.0,370.0,396.0,404.0,414.0,422.0,479.0,486.0,493.0,495.0,512.0,535.0,544.0,606.0,608.0,660.0,663.0,677.0,795.0,817.0,874.0,879.0,879.0,930.0,974.0,
23.0,54.0,97.0,116.0,156.0,213.0,247.0,304.0,307.0,364.0,372.0,384.0,385.0,404.0,428.0,446.0,447.0,471.0,512.0,550.0,562.0,563.0,573.0,592.0,654.0,661.0,696.0,708.0,741.0,810.0,816.0,830.0,863.0,955.0,967.0,
38.0,86.0,140.0,156.0,159.0,159.0,210.0,235.0,236.0,275.0,336.0,391.0,399.0,400.0,409.0,455.0,475.0,486.0,495.0,495.0,540.0,586.0,589.0,600.0,619.0,728.0,734.0,737.0,749.0,771.0,828.0,832.0,892.0,893.0,896.0,920.0,935.0,972.0,985.0,
19.0,22.0,26.0,38.0,43.0,106.0,108.0,127.0,145.0,158.0,218.0,263.0,266.0,274.0,292.0,315.0,363.0,410.0,412.0,485.0,493.0,515.0,534.0,568.0,575.0,622.0,652.0,653.0,660.0,690.0,690.0,696.0,700.0,709.0,766.0,775.0,848.0,878.0,900.0,976.0,1000.0,
49.0,139.0,197.0,198.0,209.0,212.0,214.0,216.0,234.0,296.0,341.0,353.0,500.0,516.0,518.0,540.0,575.0,646.0,656.0,657.0,702.0,703.0,733.0,801.0,816.0,827.0,874.0,
83.0,118.0,128.0,148.0,155.0,242.0,255.0,257.0,331.0,398.0,411.0,448.0,464.0,466.0,510.0,514.0,528.0,528.0,529.0,552.0,559.0,574.0,581.0,601.0,607.0,624.0,646.0,669.0,681.0,697.0,704.0,715.0,722.0,727.0,729.0,732.0,733.0,741.0,790.0,791.0,804.0,809.0,859.0,865.0,868.0,877.0,885.0,890.0,893.0,906.0,914.0,928.0,934.0,956.0,959.0,960.0,984.0,995.0,998.0,
13.0,51.0,74.0,78.0,141.0,166.0,178.0,190.0,203.0,231.0,254.0,266.0,276.0,297.0,319.0,344.0,347.0,350.0,381.0,412.0,435.0,437.0,473.0,493.0,509.0,515.0,515.0,519.0,520.0,521.0,522.0,530.0,532.0,537.0,538.0,538.0,544.0,546.0,548.0,553.0,556.0,561.0,562.0,581.0,585.0,586.0,586.0,588.0,589.0,596.0,602.0,608.0,627.0,642.0,642.0,682.0,693.0,716.0,720.0,765.0,771.0,777.0,779.0,782.0,790.0,791.0,814.0,816.0,818.0,837.0,845.0,876.0,881.0,892.0,928.0,941.0,959.0,976.0,983.0,984.0,
25.0,73.0,93.0,94.0,112.0,113.0,120.0,170.0,198.0,267.0,301.0,308.0,344.0,351.0,421.0,438.0,466.0,472.0,481.0,486.0,522.0,528.0,530.0,532.0,544.0,549.0,552.0,565.0,569.0,571.0,573.0,577.0,582.0,594.0,597.0,599.0,608.0,608.0,613.0,614.0,617.0,627.0,634.0,636.0,640.0,641.0,676.0,688.0,739.0,744.0,745.0,751.0,751.0,807.0,809.0,853.0,857.0,878.0,892.0,904.0,929.0,941.0,959.0,969.0,989.0,
3.0,13.0,17.0,51.0,70.0,83.0,85.0,148.0,156.0,172.0,230.0,232.0,235.0,274.0,408.0,437.0,439.0,439.0,460.0,521.0,522.0,531.0,536.0,539.0,552.0,555.0,558.0,568.0,573.0,573.0,576.0,579.0,580.0,583.0,595.0,609.0,610.0,616.0,660.0,661.0,672.0,675.0,682.0,698.0,727.0,732.0,742.0,745.0,767.0,828.0,854.0,856.0,864.0,865.0,870.0,888.0,891.0,950.0,971.0,973.0,984.0,
5.0,26.0,39.0,40.0,45.0,61.0,73.0,101.0,103.0,112.0,141.0,190.0,203.0,243.0,244.0,252.0,266.0,290.0,341.0,342.0,380.0,387.0,447.0,449.0,473.0,486.0,491.0,518.0,526.0,538.0,539.0,559.0,560.0,563.0,565.0,566.0,569.0,571.0,581.0,586.0,589.0,593.0,605.0,613.0,626.0,659.0,664.0,670.0,678.0,689.0,696.0,696.0,703.0,709.0,723.0,725.0,727.0,729.0,743.0,767.0,815.0,825.0,826.0,834.0,837.0,839.0,857.0,858.0,872.0,874.0,890.0,914.0,925.0,962.0,969.0,995.0,
36.0,51.0,56.0,74.0,136.0,179.0,247.0,256.0,260.0,297.0,323.0,338.0,384.0,398.0,404.0,512.0,514.0,553.0,629.0,689.0,738.0,778.0,795.0,878.0,881.0,909.0,924.0,969.0,
18.0,41.0,75.0,76.0,80.0,139.0,147.0,162.0,163.0,171.0,187.0,205.0,261.0,262.0,280.0,282.0,359.0,362.0,375.0,381.0,440.0,519.0,538.0,560.0,580.0,581.0,599.0,676.0,681.0,724.0,729.0,755.0,766.0,771.0,790.0,816.0,818.0,838.0,859.0,883.0,929.0,950.0,954.0,
10.0,53.0,59.0,78.0,87.0,128.0,175.0,180.0,239.0,255.0,275.0,308.0,314.0,347.0,350.0,378.0,413.0,435.0,440.0,471.0,556.0,591.0,602.0,610.0,632.0,667.0,671.0,714.0,743.0,789.0,829.0,840.0,841.0,841.0,842.0,847.0,933.0,942.0,943.0,946.0,947.0,979.0,979.0,
13.0,57.0,63.0,95.0,109.0,267.0,280.0,281.0,293.0,380.0,414.0,415.0,416.0,463.0,485.0,491.0,545.0,556.0,567.0,573.0,654.0,672.0,677.0,682.0,735.0,769.0,868.0,872.0,904.0,915.0,998.0,
7.0,46.0,74.0,78.0,127.0,130.0,192.0,214.0,230.0,253.0,254.0,270.0,283.0,296.0,337.0,376.0,381.0,383.0,402.0,405.0,432.0,568.0,585.0,708.0,719.0,735.0,761.0,810.0,898.0,911.0,917.0,920.0,
12.0,25.0,26.0,42.0,56.0,83.0,105.0,117.0,133.0,144.0,152.0,155.0,169.0,182.0,231.0,258.0,261.0,261.0,274.0,275.0,288.0,329.0,341.0,360.0,402.0,405.0,412.0,448.0,475.0,495.0,521.0,543.0,558.0,569.0,598.0,629.0,763.0,768.0,768.0,818.0,826.0,829.0,844.0,865.0,938.0,961.0,974.0,989.0,
12.0,37.0,82.0,94.0,99.0,167.0,171.0,175.0,177.0,177.0,197.0,205.0,226.0,238.0,255.0,316.0,330.0,362.0,380.0,409.0,517.0,518.0,527.0,546.0,548.0,556.0,557.0,563.0,573.0,574.0,579.0,605.0,614.0,629.0,630.0,632.0,640.0,657.0,658.0,666.0,667.0,675.0,680.0,681.0,688.0,690.0,694.0,707.0,718.0,722.0,725.0,734.0,751.0,765.0,776.0,793.0,830.0,841.0,851.0,853.0,877.0,879.0,924.0,926.0,957.0,959.0,962.0,969.0,982.0,992.0,
25.0,74.0,100.0,179.0,196.0,232.0,244.0,271.0,298.0,305.0,329.0,336.0,378.0,383.0,428.0,432.0,479.0,506.0,525.0,526.0,538.0,543.0,549.0,560.0,560.0,561.0,562.0,566.0,590.0,597.0,598.0,599.0,603.0,606.0,623.0,631.0,633.0,637.0,639.0,652.0,662.0,672.0,676.0,677.0,680.0,687.0,688.0,743.0,748.0,763.0,785.0,800.0,810.0,838.0,838.0,840.0,848.0,861.0,868.0,869.0,877.0,884.0,892.0,892.0,920.0,927.0,932.0,947.0,981.0,992.0,
23.0,42.0,69.0,73.0,81.0,96.0,132.0,164.0,173.0,176.0,184.0,208.0,258.0,306.0,353.0,354.0,428.0,469.0,469.0,473.0,479.0,490.0,496.0,531.0,534.0,537.0,546.0,547.0,561.0,567.0,576.0,580.0,587.0,596.0,599.0,607.0,617.0,630.0,647.0,649.0,675.0,682.0,691.0,741.0,755.0,755.0,774.0,793.0,818.0,818.0,834.0,835.0,850.0,868.0,888.0,890.0,892.0,904.0,907.0,932.0,955.0,957.0,961.0,998.0,
13.0,18.0,48.0,70.0,101.0,127.0,157.0,189.0,196.0,205.0,216.0,235.0,249.0,257.0,320.0,331.0,356.0,385.0,391.0,462.0,478.0,517.0,529.0,535.0,548.0,553.0,560.0,566.0,584.0,595.0,613.0,645.0,676.0,740.0,767.0,783.0,905.0,914.0,953.0,969.0,
22.0,38.0,69.0,114.0,125.0,133.0,138.0,142.0,277.0,300.0,322.0,355.0,430.0,472.0,481.0,484.0,489.0,512.0,525.0,540.0,561.0,576.0,588.0,590.0,608.0,732.0,745.0,762.0,774.0,798.0,810.0,905.0,941.0,999.0,
32.0,45.0,84.0,126.0,132.0,149.0,150.0,166.0,167.0,195.0,241.0,258.0,260.0,269.0,282.0,282.0,292.0,312.0,376.0,400.0,461.0,493.0,519.0,564.0,564.0,578.0,625.0,705.0,715.0,760.0,782.0,787.0,837.0,842.0,893.0,909.0,938.0,985.0,
32.0,59.0,61.0,62.0,109.0,109.0,179.0,256.0,288.0,357.0,384.0,396.0,398.0,411.0,422.0,428.0,429.0,430.0,449.0,528.0,563.0,604.0,620.0,627.0,629.0,665.0,710.0,710.0,727.0,764.0,850.0,870.0,933.0,936.0,944.0,955.0,982.0,
58.0,128.0,130.0,165.0,238.0,255.0,280.0,331.0,363.0,395.0,475.0,480.0,485.0,534.0,536.0,548.0,701.0,731.0,756.0,756.0,781.0,781.0,790.0,792.0,820.0,943.0,963.0,971.0,
37.0,72.0,79.0,88.0,104.0,114.0,149.0,158.0,168.0,305.0,324.0,455.0,469.0,483.0,512.0,636.0,694.0,770.0,771.0,790.0,799.0,807.0,845.0,847.0,853.0,879.0,934.0,940.0,
56.0,63.0,75.0,81.0,116.0,149.0,154.0,185.0,197.0,222.0,231.0,247.0,259.0,307.0,356.0,378.0,427.0,447.0,463.0,465.0,467.0,467.0,490.0,550.0,638.0,684.0,693.0,705.0,731.0,755.0,880.0,924.0,936.0,942.0,956.0,984.0,
13.0,41.0,147.0,186.0,209.0,214.0,244.0,245.0,303.0,314.0,379.0,388.0,523.0,602.0,604.0,622.0,633.0,651.0,655.0,713.0,735.0,816.0,822.0,842.0,917.0,931.0,
10.0,20.0,37.0,42.0,53.0,101.0,123.0,146.0,163.0,177.0,233.0,256.0,297.0,300.0,334.0,342.0,374.0,379.0,420.0,475.0,483.0,485.0,493.0,512.0,544.0,587.0,599.0,609.0,639.0,649.0,702.0,747.0,775.0,785.0,852.0,936.0,986.0,
12.0,14.0,35.0,63.0,90.0,218.0,286.0,296.0,442.0,447.0,458.0,464.0,489.0,499.0,517.0,528.0,550.0,575.0,590.0,609.0,617.0,621.0,648.0,689.0,721.0,840.0,856.0,863.0,909.0,928.0,977.0,
23.0,53.0,61.0,120.0,166.0,194.0,199.0,240.0,259.0,268.0,268.0,295.0,309.0,324.0,332.0,348.0,430.0,448.0,449.0,456.0,471.0,521.0,528.0,543.0,570.0,580.0,582.0,702.0,737.0,763.0,800.0,819.0,825.0,869.0,995.0,
13.0,23.0,106.0,119.0,147.0,216.0,219.0,250.0,262.0,308.0,406.0,453.0,457.0,484.0,490.0,519.0,561.0,568.0,734.0,857.0,896.0,910.0,933.0,950.0,953.0,975.0,1000.0,
18.0,77.0,104.0,105.0,105.0,113.0,125.0,141.0,223.0,320.0,345.0,352.0,362.0,386.0,415.0,429.0,438.0,473.0,519.0,535.0,562.0,569.0,597.0,635.0,636.0,656.0,674.0,718.0,794.0,802.0,817.0,818.0,821.0,827.0,885.0,930.0,935.0,970.0,
71.0,115.0,154.0,180.0,188.0,220.0,232.0,235.0,236.0,238.0,247.0,266.0,269.0,277.0,329.0,359.0,365.0,366.0,383.0,388.0,400.0,403.0,410.0,428.0,428.0,456.0,457.0,470.0,478.0,527.0,541.0,602.0,627.0,660.0,792.0,809.0,824.0,874.0,890.0,895.0,962.0,
24.0,41.0,85.0,98.0,132.0,153.0,193.0,195.0,198.0,199.0,223.0,224.0,260.0,281.0,320.0,353.0,402.0,421.0,451.0,454.0,468.0,498.0,501.0,508.0,527.0,532.0,567.0,616.0,644.0,674.0,685.0,724.0,781.0,808.0,846.0,850.0,853.0,874.0,972.0,975.0,
54.0,62.0,93.0,111.0,126.0,130.0,133.0,218.0,230.0,298.0,305.0,370.0,405.0,420.0,476.0,485.0,486.0,486.0,505.0,507.0,586.0,597.0,635.0,642.0,661.0,663.0,681.0,699.0,723.0,737.0,753.0,790.0,825.0,856.0,925.0,962.0,994.0,
18.0,32.0,38.0,109.0,145.0,183.0,197.0,211.0,221.0,235.0,239.0,250.0,260.0,315.0,340.0,370.0,447.0,486.0,509.0,520.0,558.0,584.0,602.0,697.0,725.0,728.0,778.0,794.0,798.0,800.0,809.0,809.0,831.0,831.0,913.0,917.0,918.0,921.0,964.0,
19.0,31.0,58.0,97.0,135.0,145.0,146.0,162.0,182.0,268.0,293.0,294.0,324.0,380.0,383.0,391.0,392.0,418.0,421.0,457.0,459.0,459.0,506.0,544.0,549.0,557.0,565.0,607.0,713.0,724.0,735.0,757.0,817.0,892.0,944.0,974.0,997.0,
45.0,64.0,67.0,120.0,166.0,176.0,186.0,191.0,255.0,272.0,274.0,284.0,324.0,352.0,356.0,363.0,427.0,455.0,585.0,591.0,597.0,664.0,669.0,683.0,726.0,732.0,748.0,805.0,819.0,821.0,864.0,887.0,926.0,932.0,951.0,977.0,
37.0,92.0,113.0,113.0,122.0,203.0,213.0,234.0,237.0,251.0,253.0,253.0,287.0,313.0,322.0,353.0,453.0,464.0,465.0,476.0,491.0,509.0,562.0,576.0,634.0,772.0,812.0,829.0,834.0,864.0,895.0,933.0,938.0,964.0,
57.0,57.0,69.0,76.0,88.0,98.0,114.0,139.0,167.0,173.0,279.0,302.0,325.0,363.0,372.0,379.0,455.0,462.0,464.0,476.0,479.0,480.0,481.0,482.0,511.0,517.0,519.0,520.0,548.0,566.0,587.0,595.0,638.0,674.0,686.0,704.0,708.0,710.0,715.0,718.0,725.0,761.0,768.0,830.0,838.0,864.0,868.0,874.0,905.0,905.0,913.0,914.0,930.0,935.0,948.0,978.0,
7.0,24.0,55.0,60.0,60.0,100.0,106.0,118.0,148.0,160.0,163.0,182.0,196.0,217.0,231.0,231.0,243.0,245.0,246.0,248.0,264.0,281.0,312.0,320.0,330.0,368.0,381.0,385.0,401.0,404.0,407.0,459.0,497.0,561.0,599.0,664.0,673.0,718.0,722.0,759.0,774.0,788.0,794.0,804.0,851.0,906.0,921.0,
16.0,30.0,62.0,89.0,108.0,124.0,164.0,175.0,177.0,194.0,228.0,230.0,247.0,254.0,256.0,265.0,323.0,339.0,357.0,376.0,380.0,403.0,408.0,415.0,440.0,463.0,487.0,521.0,541.0,553.0,600.0,697.0,706.0,746.0,789.0,793.0,804.0,817.0,827.0,850.0,915.0,969.0,
