29.0,31.0,58.0,109.0,137.0,212.0,221.0,224.0,231.0,245.0,290.0,293.0,307.0,339.0,353.0,370.0,381.0,443.0,508.0,518.0,522.0,532.0,578.0,601.0,622.0,646.0,673.0,693.0,694.0,712.0,739.0,747.0,758.0,802.0,804.0,806.0,826.0,836.0,837.0,840.0,850.0,927.0,983.0,
4.0,15.0,35.0,54.0,66.0,93.0,113.0,132.0,132.0,146.0,153.0,155.0,171.0,190.0,272.0,280.0,324.0,336.0,339.0,357.0,372.0,377.0,520.0,539.0,553.0,605.0,670.0,695.0,736.0,740.0,754.0,774.0,787.0,803.0,818.0,819.0,844.0,864.0,939.0,976.0,995.0,
109.0,115.0,161.0,192.0,205.0,222.0,241.0,296.0,321.0,323.0,335.0,353.0,364.0,400.0,436.0,440.0,453.0,457.0,504.0,598.0,606.0,616.0,620.0,668.0,685.0,714.0,744.0,752.0,759.0,828.0,835.0,898.0,934.0,940.0,960.0,972.0,981.0,1000.0,
21.0,39.0,56.0,69.0,168.0,196.0,244.0,258.0,282.0,301.0,302.0,336.0,348.0,412.0,437.0,448.0,450.0,457.0,487.0,520.0,581.0,588.0,624.0,634.0,639.0,646.0,676.0,726.0,777.0,789.0,793.0,803.0,804.0,808.0,833.0,846.0,851.0,874.0,890.0,904.0,908.0,959.0,970.0,
11.0,65.0,123.0,149.0,209.0,210.0,223.0,287.0,316.0,337.0,353.0,385.0,406.0,415.0,421.0,461.0,517.0,555.0,557.0,572.0,633.0,640.0,649.0,654.0,673.0,684.0,685.0,687.0,695.0,699.0,712.0,747.0,748.0,793.0,794.0,800.0,801.0,803.0,829.0,830.0,852.0,878.0,904.0,919.0,931.0,954.0,955.0,991.0,
69.0,151.0,154.0,159.0,188.0,190.0,191.0,204.0,210.0,265.0,307.0,343.0,359.0,370.0,383.0,387.0,444.0,486.0,498.0,588.0,598.0,628.0,659.0,662.0,691.0,709.0,775.0,811.0,811.0,846.0,847.0,914.0,921.0,934.0,953.0,958.0,965.0,979.0,998.0,
7.0,22.0,47.0,55.0,126.0,210.0,225.0,248.0,257.0,288.0,347.0,418.0,457.0,466.0,515.0,555.0,567.0,595.0,605.0,625.0,662.0,682.0,730.0,799.0,803.0,809.0,814.0,884.0,917.0,957.0,972.0,
18.0,39.0,110.0,204.0,208.0,233.0,299.0,300.0,448.0,467.0,481.0,517.0,525.0,536.0,540.0,582.0,585.0,606.0,618.0,634.0,660.0,694.0,711.0,736.0,768.0,782.0,830.0,856.0,929.0,935.0,945.0,969.0,972.0,984.0,
3.0,49.0,95.0,114.0,136.0,203.0,233.0,239.0,270.0,284.0,336.0,382.0,395.0,403.0,411.0,412.0,470.0,492.0,499.0,510.0,535.0,550.0,556.0,560.0,578.0,578.0,592.0,611.0,642.0,667.0,789.0,856.0,875.0,898.0,909.0,910.0,980.0,
11.0,49.0,66.0,71.0,117.0,132.0,168.0,177.0,217.0,249.0,303.0,305.0,407.0,417.0,426.0,459.0,466.0,481.0,491.0,514.0,544.0,586.0,596.0,650.0,686.0,708.0,722.0,726.0,727.0,740.0,770.0,804.0,813.0,830.0,851.0,993.0,
30.0,60.0,61.0,63.0,84.0,86.0,110.0,156.0,167.0,175.0,196.0,221.0,244.0,272.0,294.0,304.0,378.0,398.0,425.0,426.0,437.0,443.0,478.0,522.0,549.0,563.0,580.0,613.0,625.0,651.0,676.0,688.0,733.0,739.0,780.0,858.0,955.0,980.0,981.0,
22.0,52.0,96.0,126.0,186.0,191.0,206.0,215.0,255.0,296.0,305.0,341.0,344.0,404.0,409.0,426.0,574.0,585.0,596.0,617.0,629.0,636.0,650.0,682.0,695.0,730.0,736.0,744.0,780.0,789.0,860.0,862.0,881.0,894.0,943.0,947.0,955.0,970.0,981.0,
95.0,120.0,185.0,220.0,242.0,250.0,254.0,275.0,285.0,286.0,328.0,334.0,340.0,349.0,429.0,488.0,510.0,523.0,549.0,561.0,587.0,593.0,636.0,655.0,657.0,710.0,710.0,727.0,730.0,841.0,848.0,855.0,868.0,879.0,925.0,944.0,944.0,954.0,964.0,970.0,994.0,
23.0,57.0,68.0,87.0,89.0,92.0,102.0,173.0,229.0,237.0,247.0,247.0,330.0,343.0,347.0,366.0,378.0,422.0,423.0,466.0,467.0,469.0,518.0,553.0,572.0,583.0,615.0,622.0,633.0,673.0,777.0,793.0,798.0,809.0,811.0,813.0,821.0,856.0,876.0,878.0,885.0,896.0,932.0,964.0,975.0,
55.0,63.0,80.0,93.0,119.0,127.0,138.0,144.0,209.0,242.0,293.0,300.0,310.0,317.0,334.0,340.0,346.0,507.0,609.0,616.0,622.0,639.0,647.0,651.0,841.0,845.0,850.0,913.0,915.0,934.0,960.0,
2.0,5.0,6.0,9.0,23.0,25.0,39.0,84.0,91.0,105.0,119.0,125.0,138.0,222.0,244.0,367.0,427.0,459.0,463.0,480.0,531.0,542.0,604.0,608.0,608.0,610.0,613.0,617.0,678.0,854.0,874.0,932.0,934.0,972.0,988.0,
41.0,71.0,93.0,131.0,146.0,154.0,165.0,183.0,252.0,298.0,330.0,350.0,394.0,415.0,497.0,513.0,552.0,555.0,564.0,590.0,601.0,727.0,740.0,750.0,763.0,777.0,861.0,879.0,919.0,984.0,986.0,
7.0,9.0,55.0,75.0,91.0,96.0,101.0,147.0,242.0,265.0,294.0,321.0,332.0,365.0,367.0,371.0,375.0,388.0,389.0,408.0,453.0,462.0,473.0,500.0,529.0,571.0,612.0,738.0,741.0,844.0,847.0,869.0,908.0,951.0,987.0,
15.0,20.0,24.0,55.0,64.0,108.0,117.0,120.0,130.0,139.0,147.0,214.0,281.0,304.0,305.0,316.0,347.0,405.0,439.0,477.0,480.0,492.0,498.0,512.0,513.0,525.0,554.0,573.0,573.0,619.0,666.0,673.0,675.0,788.0,790.0,805.0,844.0,880.0,901.0,929.0,954.0,969.0,
91.0,129.0,133.0,239.0,272.0,278.0,287.0,299.0,309.0,362.0,367.0,395.0,462.0,473.0,483.0,588.0,593.0,643.0,732.0,775.0,816.0,842.0,941.0,946.0,956.0,960.0,980.0,1000.0,
16.0,19.0,29.0,41.0,70.0,111.0,114.0,205.0,209.0,273.0,281.0,294.0,319.0,341.0,352.0,383.0,394.0,396.0,402.0,422.0,424.0,426.0,489.0,572.0,584.0,587.0,618.0,630.0,667.0,694.0,743.0,798.0,877.0,892.0,896.0,901.0,917.0,972.0,978.0,988.0,
13.0,79.0,105.0,119.0,139.0,165.0,227.0,243.0,245.0,330.0,335.0,388.0,416.0,445.0,491.0,499.0,535.0,551.0,562.0,577.0,584.0,588.0,589.0,614.0,705.0,722.0,745.0,781.0,819.0,824.0,826.0,841.0,849.0,853.0,874.0,885.0,902.0,935.0,945.0,980.0,
48.0,62.0,67.0,111.0,112.0,115.0,153.0,309.0,331.0,384.0,398.0,483.0,498.0,589.0,607.0,642.0,643.0,654.0,672.0,685.0,709.0,735.0,750.0,773.0,789.0,813.0,839.0,873.0,894.0,900.0,910.0,936.0,984.0,
6.0,19.0,26.0,28.0,40.0,105.0,159.0,189.0,216.0,230.0,259.0,305.0,310.0,343.0,347.0,349.0,371.0,386.0,416.0,457.0,458.0,502.0,510.0,511.0,529.0,554.0,555.0,614.0,699.0,727.0,795.0,824.0,891.0,931.0,945.0,
9.0,94.0,122.0,166.0,325.0,351.0,361.0,391.0,412.0,447.0,471.0,483.0,498.0,509.0,570.0,583.0,618.0,651.0,667.0,682.0,688.0,721.0,731.0,749.0,789.0,833.0,840.0,842.0,853.0,923.0,
66.0,88.0,88.0,113.0,132.0,188.0,205.0,213.0,224.0,284.0,285.0,292.0,404.0,434.0,482.0,504.0,554.0,595.0,621.0,629.0,633.0,640.0,738.0,751.0,759.0,773.0,784.0,792.0,871.0,901.0,950.0,976.0,
4.0,10.0,15.0,32.0,74.0,122.0,152.0,162.0,180.0,199.0,229.0,257.0,261.0,267.0,307.0,307.0,358.0,368.0,387.0,394.0,424.0,474.0,517.0,527.0,543.0,578.0,594.0,630.0,651.0,666.0,700.0,703.0,708.0,757.0,782.0,788.0,835.0,839.0,849.0,862.0,907.0,943.0,979.0,
8.0,120.0,129.0,145.0,147.0,158.0,188.0,193.0,242.0,258.0,267.0,307.0,333.0,351.0,415.0,426.0,461.0,463.0,488.0,514.0,519.0,522.0,554.0,584.0,626.0,652.0,720.0,772.0,782.0,805.0,812.0,846.0,869.0,916.0,917.0,939.0,939.0,979.0,996.0,
12.0,17.0,44.0,78.0,84.0,96.0,112.0,129.0,139.0,175.0,190.0,267.0,281.0,315.0,327.0,369.0,378.0,410.0,432.0,490.0,501.0,537.0,552.0,614.0,703.0,732.0,744.0,750.0,767.0,793.0,807.0,851.0,869.0,881.0,886.0,921.0,925.0,931.0,945.0,958.0,
97.0,115.0,153.0,155.0,214.0,219.0,274.0,284.0,289.0,289.0,297.0,377.0,382.0,513.0,561.0,638.0,643.0,665.0,679.0,727.0,729.0,747.0,749.0,754.0,764.0,815.0,851.0,852.0,853.0,853.0,881.0,964.0,988.0,989.0,
40.0,75.0,97.0,109.0,117.0,180.0,181.0,182.0,279.0,344.0,344.0,360.0,364.0,389.0,417.0,445.0,446.0,463.0,476.0,509.0,529.0,567.0,577.0,586.0,596.0,615.0,626.0,631.0,633.0,634.0,660.0,691.0,692.0,700.0,704.0,713.0,719.0,719.0,735.0,739.0,780.0,840.0,840.0,887.0,906.0,923.0,964.0,977.0,982.0,
45.0,48.0,65.0,101.0,104.0,137.0,171.0,183.0,217.0,231.0,277.0,303.0,307.0,364.0,365.0,392.0,466.0,496.0,513.0,540.0,594.0,600.0,615.0,776.0,835.0,991.0,
2.0,22.0,70.0,73.0,163.0,181.0,200.0,236.0,238.0,255.0,262.0,308.0,332.0,341.0,378.0,401.0,419.0,446.0,468.0,471.0,494.0,537.0,581.0,586.0,590.0,598.0,638.0,682.0,698.0,738.0,793.0,827.0,851.0,864.0,877.0,887.0,967.0,974.0,982.0,
22.0,43.0,102.0,142.0,167.0,170.0,184.0,195.0,196.0,202.0,220.0,248.0,262.0,315.0,316.0,338.0,384.0,410.0,434.0,437.0,443.0,541.0,569.0,583.0,622.0,645.0,649.0,719.0,748.0,755.0,787.0,822.0,841.0,845.0,849.0,876.0,965.0,992.0,
23.0,83.0,128.0,163.0,247.0,253.0,263.0,278.0,291.0,303.0,304.0,349.0,394.0,414.0,470.0,471.0,522.0,525.0,562.0,638.0,692.0,707.0,749.0,768.0,778.0,811.0,857.0,864.0,902.0,924.0,
81.0,92.0,92.0,149.0,182.0,190.0,262.0,289.0,290.0,294.0,313.0,411.0,416.0,419.0,430.0,471.0,501.0,547.0,565.0,581.0,590.0,593.0,611.0,621.0,706.0,726.0,740.0,757.0,782.0,819.0,850.0,861.0,914.0,940.0,956.0,998.0,
18.0,38.0,143.0,169.0,211.0,251.0,255.0,330.0,333.0,363.0,382.0,397.0,469.0,472.0,491.0,539.0,593.0,593.0,620.0,670.0,695.0,858.0,876.0,881.0,890.0,973.0,994.0,
10.0,53.0,64.0,96.0,151.0,236.0,269.0,309.0,314.0,347.0,350.0,371.0,373.0,374.0,393.0,397.0,405.0,413.0,444.0,495.0,509.0,511.0,517.0,556.0,566.0,566.0,639.0,652.0,663.0,713.0,786.0,786.0,789.0,795.0,802.0,842.0,860.0,887.0,918.0,933.0,972.0,
25.0,107.0,133.0,143.0,155.0,181.0,212.0,221.0,227.0,264.0,278.0,301.0,404.0,511.0,515.0,515.0,569.0,578.0,656.0,657.0,672.0,683.0,788.0,810.0,812.0,815.0,837.0,851.0,904.0,909.0,915.0,915.0,919.0,991.0,993.0,
62.0,98.0,98.0,167.0,176.0,179.0,241.0,270.0,271.0,290.0,315.0,326.0,373.0,395.0,407.0,432.0,522.0,591.0,596.0,629.0,634.0,703.0,741.0,757.0,758.0,768.0,783.0,886.0,904.0,909.0,913.0,953.0,
35.0,55.0,68.0,79.0,143.0,222.0,222.0,228.0,260.0,274.0,291.0,306.0,319.0,323.0,328.0,355.0,371.0,376.0,408.0,419.0,426.0,458.0,476.0,477.0,507.0,519.0,557.0,571.0,594.0,606.0,649.0,652.0,665.0,689.0,717.0,718.0,811.0,826.0,828.0,841.0,845.0,852.0,
10.0,27.0,97.0,109.0,146.0,172.0,203.0,251.0,252.0,288.0,289.0,297.0,344.0,420.0,448.0,449.0,462.0,480.0,484.0,565.0,577.0,588.0,595.0,635.0,658.0,677.0,750.0,794.0,800.0,815.0,841.0,845.0,847.0,849.0,883.0,901.0,927.0,953.0,959.0,987.0,999.0,
43.0,55.0,70.0,142.0,143.0,170.0,197.0,207.0,231.0,246.0,247.0,270.0,277.0,302.0,330.0,331.0,339.0,351.0,424.0,431.0,437.0,486.0,511.0,544.0,633.0,637.0,643.0,660.0,695.0,729.0,755.0,770.0,771.0,818.0,852.0,884.0,905.0,938.0,957.0,
57.0,115.0,124.0,130.0,186.0,197.0,207.0,238.0,257.0,286.0,289.0,313.0,351.0,401.0,413.0,441.0,451.0,470.0,522.0,545.0,627.0,712.0,719.0,720.0,782.0,826.0,832.0,862.0,872.0,895.0,984.0,992.0,
118.0,124.0,151.0,179.0,207.0,210.0,227.0,233.0,237.0,248.0,253.0,288.0,318.0,457.0,462.0,494.0,520.0,576.0,586.0,588.0,590.0,640.0,654.0,655.0,662.0,673.0,699.0,714.0,715.0,775.0,906.0,939.0,962.0,974.0,988.0,
5.0,15.0,19.0,27.0,40.0,48.0,86.0,118.0,139.0,152.0,197.0,222.0,240.0,242.0,341.0,379.0,382.0,399.0,437.0,461.0,470.0,473.0,495.0,511.0,517.0,517.0,518.0,590.0,620.0,652.0,670.0,703.0,748.0,763.0,767.0,784.0,802.0,905.0,913.0,929.0,960.0,
10.0,34.0,40.0,97.0,109.0,127.0,190.0,198.0,202.0,255.0,352.0,365.0,373.0,375.0,410.0,410.0,421.0,433.0,437.0,444.0,528.0,534.0,553.0,561.0,582.0,638.0,649.0,668.0,716.0,727.0,745.0,814.0,864.0,889.0,893.0,922.0,997.0,
90.0,99.0,130.0,282.0,318.0,348.0,360.0,388.0,411.0,428.0,484.0,549.0,594.0,632.0,663.0,689.0,733.0,736.0,741.0,741.0,834.0,835.0,845.0,866.0,882.0,907.0,919.0,930.0,959.0,972.0,976.0,
17.0,40.0,85.0,151.0,165.0,171.0,175.0,233.0,288.0,290.0,293.0,294.0,305.0,305.0,350.0,385.0,404.0,429.0,444.0,486.0,494.0,498.0,586.0,595.0,620.0,654.0,714.0,728.0,748.0,795.0,804.0,872.0,876.0,903.0,905.0,914.0,922.0,959.0,
13.0,34.0,71.0,97.0,127.0,131.0,132.0,183.0,187.0,187.0,197.0,216.0,224.0,226.0,255.0,268.0,272.0,278.0,283.0,339.0,363.0,452.0,469.0,498.0,616.0,633.0,657.0,723.0,732.0,759.0,800.0,895.0,979.0,993.0,999.0,
42.0,70.0,70.0,99.0,105.0,127.0,130.0,136.0,175.0,235.0,245.0,341.0,387.0,388.0,392.0,423.0,440.0,451.0,478.0,483.0,490.0,529.0,538.0,574.0,583.0,602.0,621.0,774.0,791.0,798.0,801.0,830.0,838.0,852.0,905.0,970.0,998.0,
20.0,81.0,102.0,124.0,141.0,162.0,173.0,239.0,296.0,299.0,317.0,324.0,330.0,333.0,359.0,371.0,372.0,404.0,451.0,495.0,497.0,499.0,509.0,517.0,582.0,631.0,669.0,707.0,788.0,809.0,842.0,913.0,
6.0,8.0,38.0,51.0,121.0,129.0,134.0,159.0,205.0,242.0,393.0,393.0,398.0,427.0,461.0,471.0,480.0,482.0,508.0,555.0,569.0,570.0,573.0,577.0,578.0,579.0,646.0,676.0,739.0,740.0,798.0,807.0,807.0,809.0,823.0,836.0,866.0,902.0,904.0,907.0,914.0,960.0,975.0,994.0,
3.0,11.0,16.0,37.0,105.0,107.0,145.0,155.0,263.0,289.0,293.0,301.0,304.0,309.0,311.0,326.0,331.0,336.0,349.0,388.0,393.0,402.0,403.0,469.0,509.0,512.0,546.0,554.0,578.0,675.0,700.0,729.0,792.0,806.0,829.0,927.0,933.0,996.0,999.0,
72.0,74.0,74.0,77.0,125.0,133.0,153.0,171.0,222.0,240.0,251.0,300.0,344.0,353.0,384.0,387.0,397.0,398.0,407.0,426.0,485.0,504.0,516.0,561.0,602.0,668.0,671.0,699.0,705.0,757.0,826.0,860.0,946.0,948.0,
21.0,21.0,45.0,101.0,102.0,120.0,128.0,154.0,187.0,235.0,261.0,291.0,291.0,311.0,360.0,378.0,386.0,400.0,419.0,430.0,450.0,475.0,475.0,478.0,483.0,506.0,630.0,656.0,666.0,674.0,676.0,744.0,794.0,841.0,889.0,911.0,926.0,932.0,936.0,
8.0,41.0,45.0,98.0,150.0,152.0,188.0,203.0,207.0,208.0,212.0,224.0,295.0,311.0,329.0,334.0,337.0,339.0,357.0,427.0,430.0,460.0,469.0,476.0,538.0,597.0,598.0,608.0,640.0,678.0,710.0,762.0,766.0,776.0,777.0,856.0,903.0,927.0,928.0,973.0,991.0,
50.0,53.0,95.0,110.0,128.0,165.0,169.0,178.0,194.0,211.0,227.0,244.0,257.0,311.0,322.0,327.0,342.0,452.0,497.0,501.0,519.0,622.0,638.0,654.0,671.0,710.0,715.0,733.0,734.0,742.0,753.0,790.0,792.0,804.0,810.0,846.0,880.0,909.0,955.0,
9.0,16.0,18.0,26.0,38.0,42.0,43.0,108.0,132.0,155.0,203.0,211.0,215.0,232.0,321.0,337.0,345.0,367.0,380.0,387.0,418.0,419.0,443.0,447.0,476.0,481.0,493.0,526.0,542.0,548.0,557.0,606.0,606.0,653.0,666.0,698.0,719.0,729.0,737.0,774.0,841.0,855.0,875.0,889.0,923.0,929.0,938.0,972.0,
17.0,21.0,35.0,36.0,321.0,334.0,410.0,413.0,440.0,466.0,500.0,551.0,564.0,574.0,583.0,611.0,656.0,664.0,689.0,744.0,759.0,776.0,808.0,813.0,834.0,840.0,846.0,871.0,908.0,909.0,976.0,981.0,
76.0,99.0,103.0,198.0,251.0,336.0,403.0,411.0,413.0,440.0,539.0,591.0,666.0,706.0,778.0,889.0,951.0,
3.0,12.0,31.0,32.0,60.0,82.0,82.0,95.0,99.0,114.0,122.0,128.0,156.0,208.0,210.0,221.0,223.0,245.0,269.0,302.0,325.0,347.0,365.0,377.0,428.0,464.0,538.0,577.0,620.0,635.0,641.0,645.0,662.0,678.0,766.0,811.0,879.0,889.0,935.0,943.0,953.0,970.0,
2.0,67.0,214.0,234.0,240.0,251.0,274.0,325.0,482.0,559.0,569.0,594.0,640.0,678.0,754.0,757.0,780.0,806.0,824.0,868.0,884.0,
65.0,82.0,99.0,161.0,184.0,276.0,291.0,320.0,359.0,368.0,401.0,412.0,422.0,439.0,441.0,442.0,469.0,499.0,509.0,525.0,542.0,563.0,574.0,577.0,589.0,611.0,632.0,652.0,679.0,691.0,697.0,755.0,757.0,761.0,763.0,797.0,861.0,876.0,925.0,931.0,946.0,973.0,1000.0,
10.0,36.0,52.0,84.0,142.0,225.0,326.0,343.0,348.0,353.0,353.0,356.0,372.0,398.0,399.0,411.0,416.0,501.0,521.0,530.0,537.0,600.0,660.0,673.0,686.0,712.0,730.0,783.0,805.0,839.0,888.0,894.0,913.0,950.0,
6.0,7.0,16.0,64.0,153.0,168.0,198.0,219.0,242.0,333.0,342.0,433.0,434.0,454.0,456.0,492.0,503.0,505.0,516.0,518.0,532.0,539.0,545.0,564.0,569.0,625.0,662.0,692.0,693.0,693.0,702.0,709.0,713.0,721.0,725.0,731.0,796.0,903.0,911.0,920.0,941.0,958.0,962.0,974.0,998.0,
52.0,94.0,144.0,148.0,166.0,169.0,180.0,185.0,243.0,285.0,286.0,326.0,419.0,451.0,466.0,491.0,501.0,519.0,544.0,565.0,569.0,621.0,642.0,656.0,657.0,707.0,747.0,797.0,830.0,861.0,915.0,977.0,988.0,990.0,
15.0,62.0,111.0,117.0,121.0,133.0,142.0,169.0,179.0,363.0,399.0,437.0,458.0,467.0,470.0,475.0,499.0,543.0,559.0,579.0,593.0,607.0,620.0,631.0,647.0,670.0,722.0,729.0,830.0,855.0,879.0,900.0,906.0,944.0,975.0,976.0,996.0,
28.0,36.0,37.0,60.0,66.0,67.0,96.0,154.0,165.0,195.0,221.0,251.0,301.0,324.0,355.0,401.0,409.0,427.0,434.0,461.0,565.0,603.0,620.0,659.0,686.0,688.0,704.0,713.0,732.0,772.0,786.0,859.0,881.0,941.0,950.0,
17.0,40.0,91.0,107.0,212.0,213.0,221.0,235.0,237.0,263.0,344.0,360.0,432.0,451.0,481.0,503.0,600.0,657.0,661.0,759.0,776.0,789.0,794.0,824.0,841.0,867.0,886.0,940.0,942.0,947.0,948.0,
14.0,17.0,41.0,111.0,133.0,155.0,230.0,261.0,314.0,355.0,380.0,405.0,413.0,420.0,647.0,666.0,693.0,773.0,798.0,851.0,871.0,901.0,920.0,932.0,994.0,
13.0,39.0,84.0,159.0,161.0,176.0,199.0,266.0,268.0,296.0,298.0,371.0,421.0,449.0,477.0,478.0,610.0,629.0,642.0,694.0,709.0,729.0,731.0,749.0,803.0,814.0,827.0,866.0,899.0,961.0,984.0,
47.0,108.0,162.0,183.0,195.0,254.0,312.0,328.0,347.0,370.0,381.0,393.0,393.0,403.0,403.0,405.0,432.0,536.0,575.0,626.0,661.0,673.0,705.0,708.0,715.0,762.0,766.0,911.0,915.0,923.0,938.0,938.0,
28.0,109.0,141.0,142.0,168.0,195.0,232.0,264.0,289.0,290.0,297.0,420.0,445.0,456.0,458.0,461.0,479.0,502.0,503.0,515.0,543.0,546.0,549.0,560.0,563.0,617.0,696.0,709.0,718.0,744.0,764.0,790.0,823.0,870.0,944.0,954.0,973.0,989.0,
75.0,83.0,87.0,98.0,106.0,111.0,120.0,139.0,150.0,151.0,203.0,298.0,305.0,310.0,364.0,372.0,416.0,521.0,524.0,536.0,557.0,559.0,598.0,600.0,612.0,616.0,667.0,732.0,735.0,793.0,864.0,876.0,879.0,883.0,924.0,952.0,
22.0,31.0,72.0,113.0,146.0,147.0,190.0,193.0,205.0,225.0,269.0,282.0,292.0,296.0,318.0,335.0,343.0,406.0,438.0,450.0,463.0,466.0,491.0,499.0,563.0,584.0,596.0,611.0,632.0,637.0,677.0,678.0,692.0,711.0,730.0,742.0,779.0,833.0,865.0,912.0,922.0,952.0,952.0,
127.0,140.0,209.0,252.0,262.0,271.0,308.0,418.0,427.0,463.0,482.0,485.0,493.0,540.0,617.0,618.0,621.0,647.0,650.0,650.0,656.0,658.0,696.0,710.0,787.0,791.0,829.0,850.0,856.0,872.0,900.0,919.0,985.0,
9.0,46.0,51.0,63.0,133.0,164.0,165.0,173.0,181.0,206.0,234.0,240.0,272.0,290.0,300.0,302.0,306.0,332.0,335.0,420.0,526.0,527.0,552.0,638.0,676.0,703.0,739.0,773.0,778.0,828.0,839.0,843.0,851.0,857.0,862.0,899.0,964.0,977.0,
6.0,13.0,36.0,37.0,38.0,57.0,79.0,114.0,117.0,146.0,188.0,237.0,248.0,254.0,264.0,271.0,279.0,283.0,300.0,310.0,325.0,360.0,370.0,370.0,421.0,455.0,544.0,549.0,559.0,573.0,594.0,595.0,617.0,636.0,644.0,648.0,664.0,675.0,675.0,760.0,768.0,804.0,814.0,869.0,967.0,978.0,
79.0,137.0,214.0,217.0,258.0,269.0,276.0,331.0,359.0,365.0,419.0,429.0,500.0,506.0,508.0,509.0,564.0,600.0,607.0,639.0,639.0,678.0,781.0,804.0,806.0,824.0,868.0,885.0,917.0,
22.0,69.0,168.0,192.0,284.0,317.0,335.0,357.0,452.0,484.0,554.0,569.0,582.0,582.0,585.0,599.0,608.0,639.0,702.0,740.0,782.0,814.0,835.0,845.0,907.0,911.0,941.0,941.0,946.0,962.0,
6.0,88.0,103.0,117.0,119.0,125.0,127.0,186.0,194.0,203.0,255.0,296.0,338.0,385.0,390.0,402.0,465.0,466.0,466.0,495.0,538.0,547.0,599.0,641.0,646.0,658.0,682.0,727.0,732.0,759.0,808.0,815.0,837.0,862.0,867.0,875.0,886.0,935.0,961.0,
23.0,36.0,43.0,72.0,100.0,151.0,160.0,274.0,276.0,293.0,302.0,325.0,333.0,337.0,349.0,359.0,366.0,388.0,393.0,418.0,439.0,443.0,462.0,472.0,472.0,480.0,490.0,547.0,585.0,637.0,652.0,713.0,765.0,768.0,807.0,809.0,819.0,853.0,855.0,869.0,883.0,885.0,930.0,936.0,949.0,950.0,983.0,
2.0,13.0,17.0,40.0,54.0,90.0,100.0,179.0,219.0,220.0,225.0,245.0,260.0,304.0,356.0,378.0,385.0,389.0,396.0,416.0,444.0,455.0,513.0,544.0,575.0,630.0,633.0,646.0,675.0,717.0,773.0,839.0,850.0,856.0,931.0,935.0,958.0,
6.0,24.0,61.0,66.0,119.0,131.0,132.0,143.0,148.0,181.0,209.0,213.0,221.0,257.0,293.0,311.0,321.0,389.0,416.0,434.0,438.0,444.0,479.0,514.0,545.0,580.0,591.0,608.0,631.0,649.0,677.0,694.0,719.0,756.0,788.0,816.0,818.0,854.0,857.0,870.0,898.0,905.0,906.0,920.0,923.0,929.0,935.0,
24.0,38.0,49.0,63.0,65.0,99.0,117.0,208.0,249.0,277.0,310.0,322.0,350.0,376.0,395.0,402.0,414.0,436.0,470.0,477.0,491.0,522.0,539.0,549.0,562.0,584.0,593.0,603.0,646.0,663.0,671.0,686.0,701.0,707.0,744.0,782.0,784.0,840.0,842.0,850.0,863.0,882.0,882.0,915.0,921.0,989.0,993.0,
4.0,86.0,178.0,220.0,225.0,242.0,282.0,284.0,343.0,369.0,369.0,448.0,461.0,475.0,487.0,497.0,563.0,575.0,603.0,640.0,654.0,761.0,791.0,796.0,848.0,867.0,870.0,902.0,903.0,911.0,954.0,959.0,966.0,
10.0,10.0,18.0,20.0,37.0,51.0,59.0,65.0,73.0,75.0,97.0,102.0,119.0,153.0,172.0,194.0,205.0,209.0,220.0,256.0,263.0,281.0,299.0,302.0,326.0,331.0,360.0,373.0,376.0,378.0,407.0,426.0,486.0,486.0,492.0,537.0,567.0,597.0,599.0,608.0,634.0,642.0,653.0,665.0,690.0,693.0,719.0,722.0,733.0,758.0,779.0,810.0,812.0,838.0,842.0,857.0,861.0,907.0,915.0,949.0,952.0,
21.0,33.0,78.0,105.0,105.0,131.0,135.0,142.0,142.0,146.0,172.0,186.0,193.0,232.0,277.0,382.0,407.0,439.0,492.0,499.0,526.0,529.0,549.0,553.0,564.0,589.0,681.0,705.0,707.0,763.0,785.0,802.0,828.0,868.0,877.0,884.0,905.0,917.0,935.0,968.0,969.0,989.0,
35.0,40.0,81.0,90.0,104.0,127.0,142.0,152.0,172.0,288.0,298.0,308.0,330.0,359.0,424.0,424.0,431.0,500.0,521.0,551.0,561.0,581.0,589.0,608.0,680.0,682.0,751.0,775.0,815.0,817.0,848.0,861.0,912.0,926.0,982.0,991.0,
8.0,35.0,38.0,69.0,70.0,113.0,148.0,209.0,211.0,232.0,249.0,299.0,303.0,343.0,388.0,453.0,496.0,550.0,576.0,683.0,686.0,692.0,696.0,706.0,716.0,756.0,778.0,780.0,837.0,844.0,870.0,887.0,951.0,
16.0,67.0,75.0,128.0,144.0,261.0,275.0,289.0,316.0,343.0,380.0,419.0,423.0,502.0,504.0,507.0,510.0,553.0,557.0,560.0,560.0,635.0,687.0,697.0,771.0,786.0,875.0,908.0,994.0,
18.0,29.0,60.0,79.0,113.0,117.0,119.0,143.0,179.0,179.0,211.0,214.0,232.0,246.0,251.0,327.0,330.0,383.0,463.0,545.0,549.0,583.0,605.0,624.0,650.0,656.0,692.0,715.0,804.0,816.0,819.0,820.0,839.0,868.0,949.0,979.0,
20.0,59.0,63.0,82.0,91.0,123.0,123.0,126.0,148.0,160.0,189.0,194.0,204.0,205.0,213.0,216.0,243.0,260.0,318.0,339.0,363.0,381.0,469.0,543.0,553.0,560.0,571.0,619.0,658.0,662.0,663.0,748.0,749.0,765.0,802.0,861.0,894.0,917.0,935.0,
35.0,83.0,91.0,149.0,201.0,246.0,253.0,308.0,331.0,361.0,365.0,390.0,407.0,511.0,533.0,545.0,574.0,612.0,629.0,635.0,641.0,643.0,647.0,671.0,681.0,721.0,739.0,759.0,769.0,782.0,799.0,818.0,867.0,902.0,960.0,993.0,
46.0,51.0,81.0,87.0,136.0,160.0,166.0,167.0,201.0,223.0,235.0,330.0,343.0,354.0,361.0,377.0,394.0,428.0,435.0,439.0,463.0,599.0,599.0,697.0,740.0,770.0,783.0,788.0,789.0,794.0,794.0,858.0,877.0,883.0,958.0,993.0,999.0,
3.0,16.0,25.0,76.0,96.0,111.0,144.0,156.0,166.0,189.0,194.0,225.0,271.0,302.0,319.0,339.0,353.0,412.0,440.0,445.0,453.0,489.0,514.0,534.0,607.0,637.0,640.0,668.0,681.0,688.0,717.0,724.0,799.0,862.0,874.0,897.0,919.0,929.0,955.0,985.0,
17.0,104.0,117.0,129.0,157.0,169.0,234.0,274.0,290.0,298.0,411.0,509.0,529.0,529.0,535.0,538.0,544.0,552.0,563.0,570.0,574.0,588.0,649.0,657.0,658.0,676.0,689.0,722.0,755.0,770.0,782.0,948.0,949.0,992.0,
115.0,148.0,193.0,203.0,259.0,346.0,417.0,444.0,469.0,471.0,595.0,601.0,632.0,653.0,691.0,691.0,762.0,762.0,854.0,859.0,886.0,903.0,908.0,915.0,931.0,945.0,955.0,984.0,
8.0,92.0,97.0,135.0,147.0,148.0,149.0,150.0,162.0,166.0,185.0,217.0,235.0,244.0,253.0,261.0,346.0,413.0,422.0,448.0,454.0,479.0,524.0,562.0,567.0,569.0,601.0,620.0,665.0,755.0,811.0,817.0,817.0,822.0,835.0,844.0,860.0,880.0,882.0,910.0,934.0,935.0,965.0,968.0,
