38.0,57.0,83.0,149.0,156.0,177.0,194.0,212.0,213.0,295.0,295.0,307.0,332.0,384.0,400.0,415.0,519.0,552.0,581.0,602.0,606.0,611.0,623.0,666.0,674.0,687.0,743.0,757.0,759.0,772.0,906.0,947.0,949.0,
42.0,44.0,62.0,63.0,83.0,133.0,218.0,236.0,245.0,274.0,280.0,283.0,293.0,303.0,326.0,343.0,432.0,439.0,460.0,493.0,499.0,532.0,540.0,576.0,593.0,664.0,711.0,744.0,746.0,798.0,821.0,833.0,845.0,850.0,861.0,864.0,905.0,914.0,951.0,968.0,981.0,
142.0,174.0,197.0,205.0,223.0,239.0,254.0,278.0,300.0,300.0,311.0,378.0,385.0,422.0,449.0,449.0,455.0,544.0,563.0,573.0,588.0,606.0,643.0,673.0,824.0,830.0,852.0,853.0,863.0,896.0,913.0,916.0,916.0,930.0,956.0,
12.0,94.0,96.0,110.0,146.0,149.0,161.0,162.0,165.0,176.0,180.0,193.0,207.0,223.0,223.0,228.0,245.0,257.0,319.0,323.0,346.0,353.0,367.0,378.0,395.0,473.0,506.0,560.0,574.0,590.0,597.0,625.0,653.0,692.0,693.0,696.0,719.0,737.0,743.0,755.0,764.0,764.0,784.0,786.0,808.0,808.0,813.0,844.0,846.0,876.0,887.0,964.0,979.0,987.0,989.0,
27.0,36.0,46.0,47.0,106.0,132.0,172.0,180.0,194.0,240.0,264.0,269.0,312.0,316.0,346.0,375.0,383.0,391.0,437.0,469.0,495.0,584.0,642.0,696.0,814.0,816.0,881.0,883.0,915.0,937.0,960.0,963.0,969.0,970.0,982.0,
71.0,106.0,121.0,123.0,245.0,280.0,286.0,334.0,355.0,359.0,372.0,404.0,451.0,470.0,488.0,552.0,557.0,584.0,635.0,650.0,666.0,703.0,705.0,758.0,790.0,804.0,809.0,892.0,910.0,953.0,963.0,
36.0,70.0,86.0,146.0,287.0,290.0,296.0,338.0,355.0,379.0,389.0,435.0,509.0,513.0,520.0,553.0,566.0,627.0,703.0,712.0,788.0,825.0,903.0,965.0,974.0,
60.0,67.0,137.0,154.0,196.0,204.0,228.0,231.0,270.0,300.0,313.0,354.0,389.0,406.0,432.0,462.0,471.0,502.0,538.0,550.0,581.0,584.0,620.0,647.0,658.0,663.0,665.0,683.0,693.0,717.0,739.0,799.0,802.0,848.0,889.0,929.0,934.0,949.0,980.0,985.0,
46.0,147.0,164.0,218.0,219.0,222.0,238.0,242.0,264.0,330.0,461.0,508.0,508.0,518.0,539.0,551.0,558.0,579.0,609.0,617.0,628.0,658.0,691.0,705.0,743.0,801.0,826.0,854.0,861.0,894.0,920.0,932.0,947.0,954.0,980.0,
37.0,48.0,65.0,180.0,196.0,222.0,257.0,287.0,302.0,303.0,312.0,382.0,421.0,449.0,475.0,480.0,511.0,521.0,523.0,524.0,538.0,573.0,642.0,706.0,725.0,772.0,776.0,781.0,790.0,823.0,834.0,836.0,868.0,873.0,873.0,889.0,893.0,934.0,943.0,963.0,982.0,
5.0,42.0,57.0,96.0,141.0,159.0,173.0,179.0,182.0,186.0,266.0,267.0,271.0,321.0,326.0,335.0,335.0,339.0,350.0,354.0,361.0,462.0,485.0,489.0,523.0,548.0,603.0,622.0,635.0,674.0,711.0,713.0,713.0,715.0,722.0,863.0,898.0,911.0,914.0,945.0,962.0,981.0,
25.0,68.0,83.0,86.0,112.0,130.0,135.0,152.0,182.0,247.0,261.0,284.0,287.0,297.0,319.0,357.0,433.0,453.0,470.0,491.0,518.0,571.0,573.0,580.0,589.0,614.0,620.0,668.0,679.0,710.0,713.0,749.0,763.0,804.0,836.0,881.0,890.0,923.0,946.0,946.0,947.0,
81.0,125.0,129.0,146.0,173.0,198.0,221.0,255.0,256.0,261.0,283.0,301.0,301.0,359.0,384.0,394.0,470.0,472.0,495.0,517.0,525.0,543.0,555.0,598.0,643.0,662.0,666.0,690.0,692.0,729.0,752.0,766.0,791.0,808.0,853.0,905.0,
18.0,158.0,165.0,256.0,260.0,301.0,353.0,376.0,379.0,479.0,483.0,512.0,513.0,527.0,549.0,604.0,636.0,645.0,655.0,824.0,907.0,936.0,
17.0,29.0,36.0,51.0,68.0,84.0,88.0,118.0,121.0,136.0,201.0,211.0,221.0,234.0,257.0,270.0,283.0,297.0,314.0,381.0,388.0,399.0,477.0,486.0,490.0,495.0,540.0,547.0,592.0,622.0,642.0,645.0,710.0,727.0,733.0,739.0,751.0,761.0,778.0,839.0,840.0,843.0,883.0,887.0,904.0,921.0,992.0,
11.0,36.0,46.0,78.0,101.0,106.0,114.0,124.0,171.0,195.0,200.0,240.0,277.0,282.0,290.0,299.0,384.0,407.0,441.0,448.0,453.0,460.0,474.0,532.0,546.0,567.0,568.0,568.0,584.0,669.0,705.0,742.0,755.0,788.0,792.0,793.0,793.0,797.0,839.0,898.0,901.0,910.0,913.0,916.0,938.0,938.0,946.0,967.0,
21.0,32.0,33.0,57.0,62.0,151.0,160.0,166.0,176.0,222.0,265.0,268.0,294.0,304.0,352.0,358.0,390.0,402.0,432.0,435.0,438.0,438.0,445.0,495.0,496.0,546.0,561.0,615.0,620.0,621.0,633.0,653.0,683.0,747.0,765.0,794.0,855.0,859.0,867.0,890.0,971.0,975.0,977.0,987.0,
46.0,72.0,73.0,79.0,84.0,145.0,167.0,189.0,219.0,233.0,272.0,283.0,287.0,344.0,399.0,406.0,445.0,456.0,458.0,477.0,520.0,557.0,574.0,596.0,603.0,617.0,643.0,648.0,698.0,708.0,715.0,781.0,815.0,902.0,923.0,950.0,969.0,972.0,
5.0,16.0,48.0,71.0,78.0,90.0,126.0,164.0,165.0,183.0,198.0,202.0,216.0,222.0,245.0,255.0,260.0,293.0,313.0,319.0,324.0,334.0,346.0,360.0,388.0,397.0,444.0,446.0,511.0,556.0,571.0,594.0,623.0,629.0,643.0,646.0,668.0,726.0,778.0,865.0,869.0,903.0,994.0,
32.0,89.0,94.0,114.0,117.0,132.0,170.0,183.0,211.0,213.0,221.0,324.0,334.0,395.0,415.0,438.0,511.0,541.0,594.0,635.0,656.0,712.0,757.0,762.0,763.0,797.0,802.0,818.0,823.0,885.0,892.0,926.0,943.0,947.0,971.0,978.0,
40.0,43.0,50.0,50.0,76.0,111.0,112.0,151.0,161.0,184.0,205.0,235.0,236.0,265.0,274.0,334.0,339.0,411.0,415.0,421.0,465.0,515.0,518.0,534.0,564.0,577.0,625.0,672.0,752.0,752.0,792.0,853.0,871.0,937.0,947.0,
71.0,153.0,209.0,268.0,277.0,291.0,317.0,320.0,331.0,363.0,401.0,404.0,410.0,483.0,492.0,498.0,499.0,528.0,532.0,603.0,620.0,690.0,701.0,719.0,742.0,751.0,758.0,794.0,830.0,837.0,895.0,901.0,929.0,943.0,944.0,952.0,956.0,992.0,998.0,
7.0,40.0,78.0,108.0,117.0,130.0,148.0,225.0,226.0,257.0,270.0,288.0,290.0,300.0,383.0,408.0,415.0,427.0,437.0,441.0,460.0,485.0,493.0,495.0,525.0,561.0,578.0,619.0,674.0,697.0,711.0,715.0,735.0,740.0,777.0,805.0,816.0,844.0,856.0,915.0,948.0,956.0,996.0,
11.0,12.0,83.0,90.0,116.0,147.0,149.0,159.0,170.0,197.0,223.0,290.0,342.0,399.0,486.0,526.0,534.0,549.0,554.0,563.0,588.0,671.0,706.0,710.0,735.0,765.0,769.0,788.0,788.0,793.0,796.0,830.0,864.0,873.0,892.0,898.0,901.0,966.0,987.0,
74.0,100.0,126.0,128.0,138.0,243.0,272.0,273.0,299.0,324.0,357.0,378.0,506.0,542.0,546.0,629.0,667.0,673.0,708.0,772.0,786.0,833.0,833.0,859.0,903.0,
5.0,91.0,98.0,111.0,145.0,220.0,263.0,286.0,321.0,349.0,351.0,363.0,377.0,391.0,406.0,442.0,477.0,501.0,512.0,565.0,601.0,603.0,607.0,619.0,647.0,655.0,706.0,754.0,755.0,777.0,786.0,797.0,821.0,833.0,862.0,893.0,899.0,984.0,999.0,
21.0,36.0,106.0,107.0,108.0,127.0,139.0,210.0,216.0,293.0,303.0,305.0,366.0,373.0,391.0,424.0,431.0,471.0,477.0,488.0,491.0,527.0,603.0,614.0,631.0,633.0,706.0,727.0,728.0,736.0,749.0,775.0,779.0,786.0,788.0,852.0,862.0,887.0,903.0,904.0,904.0,966.0,
5.0,21.0,38.0,38.0,88.0,120.0,141.0,159.0,166.0,180.0,198.0,231.0,237.0,249.0,260.0,355.0,389.0,394.0,432.0,495.0,510.0,515.0,522.0,533.0,574.0,626.0,628.0,657.0,699.0,701.0,705.0,736.0,747.0,788.0,805.0,858.0,880.0,902.0,926.0,954.0,
94.0,100.0,115.0,138.0,151.0,181.0,197.0,244.0,251.0,289.0,309.0,320.0,326.0,360.0,398.0,406.0,418.0,421.0,450.0,459.0,613.0,637.0,731.0,781.0,833.0,871.0,942.0,
57.0,65.0,68.0,117.0,130.0,148.0,194.0,212.0,259.0,265.0,333.0,333.0,338.0,342.0,367.0,393.0,441.0,455.0,526.0,577.0,609.0,611.0,634.0,637.0,639.0,640.0,688.0,700.0,708.0,716.0,721.0,727.0,781.0,807.0,836.0,899.0,913.0,929.0,960.0,
10.0,12.0,22.0,70.0,86.0,98.0,178.0,284.0,299.0,305.0,311.0,338.0,342.0,441.0,448.0,554.0,558.0,624.0,645.0,698.0,714.0,720.0,747.0,778.0,790.0,893.0,910.0,956.0,975.0,999.0,
14.0,20.0,25.0,50.0,50.0,68.0,70.0,98.0,119.0,119.0,139.0,153.0,167.0,176.0,181.0,223.0,240.0,329.0,365.0,375.0,394.0,423.0,493.0,553.0,599.0,624.0,638.0,638.0,680.0,686.0,733.0,751.0,754.0,769.0,816.0,821.0,852.0,854.0,878.0,892.0,905.0,
68.0,104.0,133.0,184.0,197.0,206.0,211.0,335.0,336.0,451.0,482.0,511.0,531.0,565.0,591.0,600.0,641.0,683.0,685.0,704.0,713.0,746.0,757.0,775.0,789.0,805.0,844.0,865.0,869.0,881.0,967.0,968.0,983.0,
41.0,74.0,115.0,137.0,138.0,144.0,166.0,198.0,199.0,212.0,256.0,263.0,277.0,286.0,340.0,373.0,379.0,427.0,450.0,495.0,542.0,582.0,618.0,739.0,796.0,812.0,830.0,912.0,913.0,943.0,992.0,
45.0,65.0,88.0,102.0,156.0,190.0,247.0,306.0,337.0,368.0,410.0,461.0,480.0,497.0,505.0,523.0,556.0,601.0,618.0,626.0,647.0,714.0,717.0,725.0,732.0,732.0,754.0,812.0,817.0,893.0,903.0,934.0,944.0,
39.0,57.0,86.0,146.0,186.0,232.0,251.0,278.0,283.0,311.0,380.0,381.0,398.0,422.0,429.0,431.0,458.0,474.0,497.0,517.0,530.0,570.0,573.0,627.0,682.0,712.0,724.0,728.0,761.0,768.0,768.0,777.0,792.0,847.0,897.0,948.0,948.0,976.0,
8.0,18.0,24.0,29.0,42.0,111.0,154.0,174.0,215.0,238.0,269.0,316.0,325.0,357.0,362.0,392.0,417.0,459.0,462.0,464.0,488.0,529.0,547.0,553.0,554.0,597.0,606.0,618.0,676.0,685.0,759.0,788.0,788.0,804.0,859.0,874.0,928.0,954.0,
58.0,90.0,104.0,125.0,127.0,155.0,174.0,177.0,187.0,204.0,206.0,232.0,236.0,237.0,270.0,341.0,369.0,370.0,373.0,392.0,405.0,423.0,438.0,493.0,541.0,542.0,582.0,621.0,646.0,658.0,666.0,773.0,776.0,820.0,825.0,843.0,870.0,890.0,891.0,974.0,978.0,991.0,994.0,996.0,
27.0,91.0,116.0,172.0,216.0,219.0,254.0,309.0,314.0,324.0,352.0,375.0,391.0,458.0,480.0,515.0,537.0,578.0,594.0,623.0,642.0,642.0,665.0,673.0,680.0,688.0,723.0,769.0,774.0,790.0,800.0,800.0,813.0,820.0,827.0,843.0,884.0,886.0,889.0,961.0,
37.0,89.0,129.0,139.0,141.0,151.0,154.0,157.0,191.0,192.0,218.0,258.0,275.0,310.0,311.0,312.0,315.0,320.0,353.0,396.0,412.0,421.0,477.0,545.0,553.0,582.0,718.0,788.0,832.0,854.0,945.0,946.0,983.0,
19.0,36.0,39.0,68.0,70.0,91.0,111.0,119.0,137.0,145.0,195.0,255.0,289.0,347.0,368.0,421.0,475.0,539.0,542.0,558.0,565.0,589.0,612.0,621.0,687.0,689.0,781.0,783.0,786.0,793.0,810.0,836.0,913.0,915.0,997.0,
54.0,60.0,73.0,159.0,244.0,276.0,277.0,301.0,306.0,364.0,371.0,390.0,391.0,429.0,463.0,485.0,498.0,538.0,554.0,593.0,661.0,667.0,675.0,684.0,758.0,772.0,805.0,867.0,875.0,955.0,
43.0,71.0,138.0,155.0,224.0,230.0,311.0,323.0,346.0,361.0,372.0,404.0,453.0,467.0,486.0,493.0,501.0,523.0,530.0,538.0,574.0,575.0,604.0,604.0,628.0,674.0,679.0,707.0,710.0,782.0,783.0,829.0,830.0,842.0,856.0,899.0,955.0,975.0,980.0,981.0,1000.0,
10.0,16.0,57.0,108.0,153.0,174.0,198.0,238.0,295.0,388.0,434.0,441.0,472.0,503.0,524.0,559.0,570.0,620.0,628.0,628.0,691.0,699.0,723.0,741.0,755.0,770.0,806.0,830.0,836.0,876.0,890.0,893.0,899.0,902.0,958.0,
44.0,53.0,97.0,100.0,107.0,144.0,146.0,230.0,270.0,278.0,280.0,282.0,288.0,309.0,339.0,345.0,374.0,447.0,457.0,472.0,476.0,478.0,532.0,568.0,595.0,612.0,626.0,674.0,771.0,844.0,853.0,895.0,
43.0,56.0,79.0,106.0,128.0,217.0,219.0,274.0,294.0,303.0,311.0,337.0,338.0,415.0,492.0,508.0,509.0,668.0,783.0,823.0,848.0,852.0,856.0,895.0,900.0,909.0,954.0,957.0,980.0,
49.0,71.0,120.0,210.0,283.0,301.0,310.0,332.0,355.0,376.0,427.0,442.0,472.0,533.0,641.0,641.0,658.0,707.0,720.0,756.0,782.0,809.0,847.0,909.0,918.0,953.0,
24.0,46.0,115.0,204.0,211.0,216.0,277.0,306.0,312.0,327.0,339.0,342.0,359.0,369.0,388.0,388.0,433.0,473.0,563.0,613.0,618.0,665.0,690.0,705.0,708.0,751.0,768.0,781.0,800.0,816.0,818.0,833.0,881.0,887.0,967.0,973.0,982.0,988.0,
14.0,25.0,28.0,43.0,58.0,60.0,109.0,138.0,141.0,191.0,196.0,214.0,218.0,250.0,271.0,299.0,301.0,373.0,384.0,458.0,472.0,497.0,500.0,503.0,521.0,559.0,560.0,567.0,567.0,580.0,609.0,626.0,637.0,702.0,741.0,762.0,799.0,820.0,826.0,833.0,883.0,953.0,999.0,
17.0,20.0,23.0,28.0,77.0,92.0,109.0,120.0,133.0,147.0,186.0,201.0,228.0,241.0,271.0,272.0,273.0,285.0,326.0,422.0,437.0,494.0,504.0,520.0,555.0,574.0,575.0,581.0,617.0,623.0,626.0,670.0,682.0,732.0,758.0,782.0,789.0,820.0,845.0,849.0,864.0,913.0,921.0,924.0,936.0,959.0,961.0,966.0,968.0,980.0,
22.0,32.0,71.0,74.0,86.0,149.0,156.0,213.0,257.0,272.0,304.0,348.0,375.0,393.0,407.0,505.0,594.0,637.0,642.0,669.0,707.0,746.0,749.0,778.0,801.0,821.0,832.0,845.0,942.0,962.0,967.0,969.0,970.0,970.0,
39.0,39.0,48.0,52.0,67.0,122.0,135.0,147.0,151.0,178.0,276.0,309.0,335.0,427.0,467.0,478.0,488.0,514.0,522.0,529.0,571.0,624.0,626.0,656.0,680.0,713.0,753.0,775.0,785.0,793.0,919.0,950.0,969.0,996.0,
7.0,23.0,25.0,28.0,46.0,56.0,65.0,141.0,167.0,202.0,227.0,230.0,238.0,265.0,267.0,269.0,271.0,322.0,348.0,501.0,519.0,532.0,532.0,535.0,537.0,590.0,639.0,734.0,778.0,831.0,874.0,883.0,902.0,924.0,930.0,949.0,961.0,992.0,
28.0,40.0,41.0,43.0,68.0,143.0,207.0,258.0,277.0,304.0,326.0,344.0,366.0,436.0,439.0,469.0,479.0,517.0,529.0,529.0,530.0,530.0,551.0,551.0,587.0,606.0,639.0,656.0,659.0,712.0,764.0,815.0,816.0,816.0,827.0,828.0,828.0,834.0,874.0,877.0,877.0,886.0,921.0,929.0,987.0,1000.0,
13.0,19.0,20.0,21.0,23.0,80.0,117.0,144.0,146.0,161.0,176.0,191.0,230.0,230.0,324.0,357.0,376.0,383.0,384.0,393.0,415.0,448.0,479.0,502.0,507.0,510.0,532.0,534.0,559.0,572.0,577.0,585.0,715.0,724.0,730.0,744.0,759.0,780.0,782.0,803.0,810.0,826.0,841.0,848.0,881.0,887.0,911.0,984.0,997.0,
18.0,36.0,37.0,91.0,111.0,131.0,188.0,194.0,197.0,323.0,325.0,374.0,421.0,448.0,478.0,480.0,493.0,493.0,622.0,639.0,707.0,720.0,728.0,730.0,740.0,750.0,784.0,801.0,885.0,896.0,941.0,
135.0,178.0,229.0,284.0,361.0,382.0,475.0,482.0,485.0,487.0,517.0,614.0,641.0,648.0,669.0,677.0,692.0,709.0,744.0,764.0,795.0,812.0,820.0,821.0,853.0,854.0,863.0,888.0,927.0,1000.0,
27.0,117.0,119.0,147.0,172.0,245.0,257.0,271.0,284.0,325.0,373.0,428.0,584.0,588.0,718.0,720.0,753.0,768.0,790.0,824.0,845.0,853.0,961.0,963.0,
17.0,52.0,53.0,90.0,105.0,154.0,163.0,175.0,259.0,358.0,410.0,490.0,490.0,511.0,531.0,569.0,592.0,628.0,644.0,691.0,706.0,745.0,827.0,839.0,848.0,868.0,878.0,907.0,961.0,995.0,
32.0,43.0,73.0,78.0,89.0,105.0,131.0,137.0,164.0,196.0,198.0,210.0,233.0,253.0,321.0,389.0,396.0,421.0,497.0,497.0,536.0,542.0,586.0,609.0,685.0,713.0,726.0,751.0,758.0,813.0,887.0,911.0,913.0,920.0,934.0,937.0,981.0,
12.0,42.0,48.0,75.0,80.0,132.0,132.0,170.0,212.0,248.0,290.0,298.0,313.0,358.0,412.0,441.0,446.0,449.0,472.0,487.0,498.0,549.0,574.0,686.0,763.0,777.0,781.0,803.0,844.0,856.0,892.0,963.0,985.0,
17.0,53.0,84.0,85.0,87.0,91.0,121.0,136.0,137.0,189.0,201.0,206.0,239.0,282.0,362.0,365.0,378.0,387.0,397.0,438.0,484.0,505.0,507.0,596.0,617.0,729.0,734.0,736.0,737.0,758.0,815.0,831.0,840.0,841.0,870.0,872.0,896.0,907.0,981.0,
53.0,73.0,82.0,85.0,114.0,198.0,205.0,236.0,244.0,255.0,299.0,306.0,355.0,425.0,464.0,484.0,500.0,510.0,578.0,581.0,598.0,626.0,643.0,648.0,694.0,735.0,842.0,845.0,902.0,908.0,930.0,934.0,949.0,952.0,977.0,999.0,
21.0,87.0,93.0,107.0,112.0,127.0,282.0,285.0,332.0,379.0,405.0,431.0,452.0,455.0,579.0,591.0,603.0,666.0,684.0,711.0,717.0,726.0,740.0,769.0,785.0,801.0,843.0,887.0,908.0,909.0,912.0,950.0,956.0,977.0,977.0,
187.0,194.0,229.0,247.0,357.0,362.0,393.0,415.0,474.0,530.0,585.0,631.0,643.0,710.0,759.0,779.0,805.0,833.0,868.0,892.0,895.0,926.0,963.0,967.0,972.0,983.0,994.0,
43.0,44.0,117.0,168.0,177.0,179.0,182.0,234.0,252.0,277.0,278.0,334.0,337.0,361.0,373.0,375.0,376.0,394.0,438.0,448.0,450.0,453.0,477.0,479.0,487.0,524.0,569.0,591.0,660.0,708.0,712.0,739.0,749.0,762.0,775.0,776.0,802.0,830.0,867.0,890.0,905.0,927.0,941.0,963.0,970.0,984.0,988.0,993.0,
14.0,56.0,60.0,86.0,96.0,117.0,129.0,157.0,220.0,222.0,294.0,298.0,301.0,343.0,424.0,433.0,451.0,455.0,480.0,523.0,549.0,645.0,749.0,812.0,894.0,904.0,946.0,979.0,
2.0,37.0,37.0,59.0,71.0,75.0,78.0,109.0,110.0,130.0,146.0,183.0,199.0,213.0,276.0,311.0,356.0,405.0,479.0,479.0,492.0,510.0,517.0,578.0,584.0,662.0,664.0,674.0,684.0,691.0,717.0,733.0,761.0,781.0,794.0,884.0,935.0,939.0,967.0,
9.0,53.0,83.0,90.0,111.0,113.0,121.0,153.0,159.0,167.0,199.0,202.0,268.0,300.0,360.0,374.0,378.0,382.0,419.0,460.0,521.0,527.0,532.0,580.0,587.0,600.0,634.0,646.0,646.0,652.0,663.0,709.0,749.0,811.0,820.0,828.0,845.0,899.0,928.0,937.0,945.0,968.0,998.0,
58.0,78.0,79.0,154.0,177.0,192.0,209.0,233.0,270.0,306.0,313.0,322.0,366.0,367.0,374.0,391.0,412.0,433.0,447.0,456.0,468.0,495.0,510.0,516.0,532.0,589.0,616.0,626.0,635.0,648.0,649.0,694.0,739.0,827.0,881.0,904.0,
36.0,44.0,122.0,131.0,194.0,222.0,223.0,271.0,295.0,307.0,314.0,324.0,354.0,417.0,439.0,518.0,543.0,565.0,594.0,618.0,627.0,670.0,672.0,721.0,724.0,725.0,738.0,739.0,783.0,794.0,811.0,858.0,867.0,884.0,921.0,950.0,961.0,
4.0,115.0,188.0,198.0,199.0,203.0,298.0,313.0,327.0,344.0,360.0,380.0,433.0,438.0,455.0,488.0,503.0,504.0,577.0,590.0,645.0,677.0,679.0,744.0,764.0,775.0,803.0,832.0,845.0,924.0,927.0,978.0,
5.0,5.0,52.0,76.0,87.0,96.0,109.0,152.0,174.0,301.0,335.0,358.0,368.0,408.0,421.0,438.0,453.0,466.0,468.0,489.0,490.0,491.0,495.0,507.0,511.0,553.0,636.0,640.0,652.0,653.0,660.0,672.0,803.0,836.0,844.0,961.0,971.0,973.0,978.0,
65.0,67.0,78.0,92.0,132.0,149.0,198.0,232.0,240.0,244.0,246.0,250.0,289.0,292.0,317.0,320.0,352.0,391.0,428.0,436.0,443.0,445.0,478.0,482.0,483.0,501.0,507.0,523.0,527.0,534.0,554.0,568.0,571.0,596.0,599.0,648.0,654.0,685.0,690.0,705.0,711.0,765.0,784.0,860.0,871.0,873.0,886.0,972.0,
2.0,4.0,27.0,45.0,84.0,94.0,97.0,193.0,232.0,280.0,291.0,303.0,343.0,361.0,373.0,425.0,521.0,522.0,523.0,524.0,530.0,568.0,569.0,569.0,576.0,579.0,606.0,624.0,648.0,693.0,710.0,712.0,723.0,775.0,776.0,853.0,871.0,900.0,924.0,960.0,991.0,
48.0,226.0,305.0,314.0,320.0,356.0,370.0,448.0,521.0,521.0,636.0,642.0,663.0,745.0,840.0,883.0,903.0,966.0,967.0,
3.0,9.0,25.0,31.0,61.0,107.0,117.0,129.0,153.0,193.0,206.0,221.0,222.0,286.0,289.0,313.0,409.0,432.0,446.0,451.0,470.0,480.0,508.0,509.0,534.0,573.0,584.0,621.0,652.0,659.0,664.0,696.0,734.0,735.0,766.0,780.0,782.0,785.0,837.0,853.0,936.0,936.0,960.0,989.0,994.0,
23.0,24.0,76.0,98.0,120.0,133.0,171.0,196.0,210.0,213.0,218.0,222.0,284.0,306.0,330.0,375.0,389.0,427.0,461.0,461.0,489.0,522.0,593.0,610.0,617.0,653.0,676.0,834.0,873.0,889.0,896.0,937.0,946.0,
13.0,21.0,30.0,60.0,74.0,181.0,211.0,228.0,229.0,244.0,247.0,261.0,303.0,308.0,309.0,327.0,362.0,383.0,478.0,534.0,535.0,540.0,565.0,572.0,624.0,625.0,645.0,676.0,705.0,728.0,729.0,731.0,753.0,785.0,796.0,814.0,825.0,868.0,918.0,930.0,933.0,938.0,
58.0,98.0,173.0,175.0,193.0,230.0,292.0,323.0,349.0,462.0,492.0,499.0,506.0,607.0,624.0,641.0,646.0,702.0,718.0,726.0,807.0,847.0,862.0,869.0,906.0,908.0,908.0,931.0,935.0,
16.0,29.0,36.0,120.0,128.0,203.0,204.0,232.0,241.0,268.0,303.0,315.0,329.0,334.0,354.0,375.0,385.0,408.0,410.0,453.0,463.0,485.0,488.0,577.0,580.0,620.0,689.0,694.0,751.0,761.0,777.0,793.0,892.0,902.0,913.0,941.0,968.0,971.0,
44.0,45.0,119.0,141.0,186.0,225.0,239.0,242.0,308.0,379.0,381.0,424.0,427.0,505.0,525.0,637.0,667.0,679.0,683.0,708.0,739.0,770.0,800.0,809.0,838.0,850.0,873.0,889.0,972.0,974.0,978.0,
4.0,15.0,41.0,46.0,59.0,73.0,73.0,216.0,268.0,298.0,327.0,330.0,337.0,386.0,387.0,521.0,530.0,624.0,633.0,649.0,687.0,728.0,740.0,779.0,791.0,808.0,818.0,819.0,845.0,903.0,921.0,941.0,
13.0,26.0,76.0,81.0,83.0,90.0,127.0,137.0,156.0,168.0,172.0,188.0,201.0,209.0,229.0,247.0,270.0,326.0,343.0,379.0,417.0,536.0,560.0,646.0,655.0,679.0,684.0,708.0,711.0,738.0,756.0,794.0,820.0,853.0,936.0,988.0,
8.0,10.0,36.0,71.0,78.0,84.0,119.0,134.0,162.0,173.0,182.0,202.0,243.0,319.0,325.0,344.0,347.0,350.0,351.0,381.0,458.0,469.0,471.0,555.0,580.0,584.0,628.0,629.0,635.0,706.0,758.0,759.0,814.0,816.0,845.0,906.0,979.0,
18.0,22.0,30.0,52.0,56.0,61.0,175.0,187.0,246.0,292.0,297.0,337.0,360.0,397.0,430.0,443.0,450.0,492.0,493.0,493.0,502.0,519.0,523.0,536.0,584.0,590.0,596.0,602.0,620.0,633.0,660.0,684.0,730.0,754.0,817.0,839.0,910.0,935.0,949.0,956.0,996.0,
8.0,43.0,58.0,60.0,146.0,161.0,230.0,235.0,262.0,269.0,291.0,294.0,301.0,310.0,311.0,318.0,330.0,403.0,404.0,435.0,457.0,468.0,476.0,486.0,582.0,683.0,686.0,721.0,748.0,887.0,895.0,904.0,909.0,916.0,957.0,975.0,984.0,990.0,
52.0,78.0,81.0,193.0,225.0,254.0,260.0,281.0,288.0,363.0,363.0,378.0,416.0,434.0,446.0,517.0,560.0,629.0,712.0,752.0,774.0,797.0,814.0,959.0,970.0,979.0,985.0,
41.0,65.0,122.0,160.0,190.0,241.0,259.0,304.0,320.0,323.0,335.0,344.0,375.0,407.0,409.0,431.0,482.0,499.0,517.0,537.0,628.0,628.0,684.0,706.0,781.0,797.0,824.0,833.0,958.0,
25.0,31.0,57.0,99.0,103.0,138.0,278.0,321.0,361.0,412.0,422.0,425.0,445.0,532.0,580.0,658.0,697.0,710.0,728.0,774.0,781.0,802.0,849.0,862.0,876.0,886.0,935.0,954.0,989.0,990.0,
76.0,77.0,107.0,158.0,171.0,173.0,184.0,230.0,238.0,268.0,301.0,336.0,348.0,353.0,392.0,413.0,415.0,496.0,506.0,515.0,518.0,519.0,532.0,551.0,601.0,642.0,701.0,731.0,735.0,738.0,783.0,846.0,846.0,877.0,932.0,
18.0,59.0,77.0,82.0,115.0,122.0,218.0,245.0,273.0,275.0,282.0,299.0,341.0,346.0,352.0,370.0,420.0,439.0,486.0,496.0,534.0,544.0,547.0,555.0,570.0,578.0,601.0,638.0,643.0,646.0,649.0,661.0,661.0,686.0,691.0,704.0,742.0,786.0,793.0,803.0,826.0,830.0,842.0,871.0,884.0,895.0,907.0,919.0,937.0,
3.0,50.0,61.0,114.0,142.0,143.0,190.0,211.0,226.0,288.0,312.0,316.0,349.0,369.0,372.0,402.0,405.0,455.0,502.0,532.0,604.0,647.0,655.0,687.0,700.0,708.0,742.0,755.0,774.0,779.0,791.0,817.0,820.0,866.0,867.0,874.0,903.0,
66.0,85.0,133.0,227.0,250.0,299.0,322.0,351.0,353.0,400.0,436.0,450.0,472.0,528.0,568.0,585.0,625.0,654.0,702.0,767.0,783.0,824.0,875.0,914.0,964.0,
11.0,50.0,56.0,82.0,100.0,109.0,127.0,146.0,169.0,173.0,235.0,240.0,272.0,288.0,291.0,307.0,373.0,407.0,421.0,473.0,512.0,551.0,579.0,603.0,692.0,714.0,734.0,776.0,792.0,842.0,888.0,907.0,913.0,945.0,981.0,989.0,993.0,
2.0,11.0,18.0,125.0,158.0,168.0,185.0,193.0,207.0,208.0,232.0,257.0,338.0,363.0,404.0,405.0,447.0,478.0,559.0,594.0,618.0,633.0,652.0,659.0,660.0,674.0,730.0,775.0,779.0,791.0,816.0,894.0,927.0,941.0,950.0,956.0,
18.0,72.0,105.0,122.0,125.0,214.0,226.0,299.0,300.0,333.0,347.0,347.0,443.0,573.0,573.0,672.0,749.0,768.0,831.0,849.0,936.0,
15.0,18.0,28.0,81.0,102.0,128.0,181.0,209.0,271.0,295.0,321.0,331.0,341.0,351.0,361.0,365.0,378.0,417.0,443.0,461.0,465.0,466.0,524.0,537.0,581.0,586.0,638.0,643.0,695.0,701.0,724.0,743.0,774.0,792.0,848.0,856.0,955.0,957.0,976.0,
17.0,45.0,66.0,78.0,98.0,99.0,108.0,109.0,110.0,132.0,237.0,251.0,284.0,298.0,312.0,439.0,440.0,475.0,654.0,679.0,698.0,772.0,776.0,808.0,829.0,856.0,935.0,937.0,944.0,
21.0,23.0,52.0,59.0,62.0,67.0,90.0,133.0,134.0,210.0,235.0,237.0,239.0,302.0,304.0,310.0,361.0,393.0,394.0,410.0,412.0,429.0,453.0,459.0,460.0,479.0,494.0,501.0,519.0,534.0,565.0,582.0,595.0,600.0,628.0,675.0,759.0,792.0,844.0,854.0,879.0,938.0,969.0,970.0,985.0,
