5.0,41.0,47.0,58.0,110.0,124.0,128.0,153.0,167.0,169.0,172.0,187.0,200.0,207.0,212.0,215.0,260.0,262.0,270.0,297.0,357.0,390.0,400.0,424.0,474.0,487.0,487.0,515.0,527.0,552.0,570.0,577.0,596.0,599.0,621.0,711.0,721.0,834.0,921.0,931.0,959.0,964.0,973.0,976.0,1000.0,
20.0,20.0,29.0,41.0,87.0,140.0,144.0,173.0,219.0,272.0,278.0,332.0,343.0,406.0,418.0,554.0,556.0,630.0,635.0,690.0,710.0,724.0,730.0,763.0,777.0,788.0,795.0,814.0,832.0,841.0,853.0,858.0,864.0,871.0,894.0,916.0,930.0,973.0,
29.0,146.0,270.0,351.0,389.0,395.0,484.0,491.0,493.0,565.0,577.0,615.0,624.0,637.0,735.0,767.0,780.0,787.0,806.0,824.0,843.0,921.0,982.0,997.0,
12.0,21.0,25.0,47.0,51.0,93.0,136.0,159.0,185.0,275.0,287.0,300.0,310.0,381.0,510.0,523.0,559.0,563.0,569.0,583.0,611.0,622.0,647.0,653.0,676.0,704.0,710.0,722.0,751.0,782.0,863.0,876.0,882.0,896.0,905.0,914.0,915.0,939.0,965.0,972.0,984.0,996.0,1000.0,
12.0,63.0,105.0,220.0,277.0,298.0,324.0,349.0,361.0,400.0,418.0,493.0,498.0,545.0,586.0,608.0,612.0,646.0,676.0,686.0,705.0,718.0,758.0,774.0,830.0,837.0,853.0,888.0,889.0,942.0,956.0,1000.0,
7.0,44.0,64.0,69.0,84.0,99.0,176.0,198.0,241.0,266.0,278.0,330.0,391.0,447.0,471.0,510.0,521.0,543.0,555.0,558.0,632.0,635.0,642.0,644.0,697.0,732.0,764.0,784.0,795.0,798.0,834.0,836.0,881.0,903.0,919.0,928.0,959.0,993.0,
34.0,83.0,98.0,100.0,136.0,165.0,176.0,191.0,252.0,359.0,373.0,377.0,383.0,418.0,465.0,481.0,492.0,497.0,520.0,572.0,633.0,637.0,645.0,655.0,663.0,664.0,669.0,705.0,724.0,794.0,800.0,819.0,820.0,868.0,883.0,906.0,945.0,976.0,978.0,987.0,
35.0,40.0,49.0,100.0,101.0,145.0,224.0,246.0,247.0,250.0,263.0,271.0,293.0,322.0,332.0,385.0,411.0,425.0,435.0,465.0,466.0,469.0,482.0,527.0,539.0,547.0,559.0,587.0,667.0,675.0,679.0,703.0,710.0,731.0,736.0,800.0,832.0,833.0,842.0,869.0,902.0,917.0,949.0,955.0,975.0,986.0,987.0,1000.0,
16.0,34.0,43.0,43.0,46.0,87.0,89.0,112.0,118.0,140.0,164.0,278.0,303.0,314.0,336.0,340.0,341.0,357.0,399.0,417.0,469.0,495.0,511.0,520.0,542.0,568.0,631.0,638.0,647.0,659.0,685.0,727.0,730.0,743.0,771.0,826.0,851.0,860.0,873.0,876.0,891.0,894.0,900.0,912.0,913.0,916.0,920.0,950.0,1000.0,
2.0,39.0,41.0,68.0,82.0,146.0,190.0,203.0,204.0,225.0,250.0,273.0,274.0,319.0,326.0,376.0,481.0,539.0,572.0,603.0,607.0,694.0,695.0,747.0,772.0,786.0,808.0,818.0,861.0,909.0,965.0,
14.0,16.0,82.0,103.0,112.0,113.0,191.0,211.0,235.0,250.0,345.0,367.0,439.0,461.0,461.0,468.0,481.0,492.0,500.0,502.0,520.0,571.0,637.0,674.0,683.0,693.0,700.0,705.0,709.0,727.0,753.0,757.0,768.0,778.0,819.0,876.0,888.0,962.0,964.0,
15.0,75.0,88.0,98.0,116.0,159.0,243.0,254.0,265.0,291.0,296.0,303.0,309.0,322.0,363.0,379.0,426.0,460.0,495.0,500.0,510.0,525.0,540.0,583.0,586.0,622.0,628.0,629.0,705.0,727.0,731.0,747.0,797.0,805.0,813.0,815.0,855.0,875.0,886.0,897.0,949.0,952.0,958.0,
41.0,47.0,55.0,90.0,112.0,121.0,132.0,138.0,141.0,174.0,179.0,222.0,269.0,274.0,329.0,337.0,405.0,410.0,414.0,414.0,428.0,452.0,481.0,508.0,600.0,632.0,642.0,656.0,658.0,682.0,690.0,710.0,739.0,755.0,769.0,779.0,791.0,805.0,807.0,838.0,841.0,900.0,936.0,936.0,953.0,974.0,987.0,1000.0,
6.0,17.0,27.0,28.0,34.0,98.0,127.0,138.0,154.0,172.0,202.0,333.0,339.0,342.0,349.0,385.0,418.0,466.0,495.0,498.0,685.0,805.0,835.0,845.0,853.0,899.0,911.0,954.0,963.0,994.0,
31.0,58.0,68.0,97.0,100.0,189.0,247.0,297.0,344.0,352.0,393.0,415.0,458.0,
24.0,54.0,111.0,146.0,161.0,179.0,195.0,260.0,289.0,355.0,358.0,373.0,378.0,417.0,468.0,475.0,489.0,498.0,
7.0,18.0,31.0,47.0,77.0,112.0,119.0,127.0,144.0,167.0,245.0,257.0,310.0,338.0,352.0,406.0,417.0,430.0,434.0,437.0,455.0,460.0,484.0,497.0,505.0,852.0,873.0,
12.0,102.0,106.0,114.0,123.0,152.0,160.0,182.0,232.0,237.0,287.0,325.0,332.0,389.0,403.0,418.0,463.0,470.0,484.0,505.0,750.0,811.0,823.0,824.0,858.0,864.0,893.0,925.0,943.0,960.0,970.0,
26.0,104.0,110.0,120.0,165.0,175.0,186.0,188.0,225.0,305.0,321.0,340.0,368.0,368.0,417.0,419.0,435.0,439.0,476.0,502.0,512.0,567.0,570.0,589.0,599.0,615.0,625.0,679.0,696.0,698.0,701.0,710.0,741.0,751.0,779.0,781.0,792.0,895.0,909.0,963.0,973.0,
4.0,28.0,42.0,86.0,101.0,102.0,113.0,193.0,224.0,268.0,289.0,301.0,313.0,329.0,345.0,383.0,429.0,453.0,503.0,508.0,568.0,687.0,736.0,739.0,747.0,751.0,754.0,777.0,905.0,
10.0,28.0,47.0,67.0,74.0,127.0,142.0,176.0,198.0,279.0,287.0,324.0,326.0,344.0,390.0,415.0,429.0,434.0,479.0,479.0,507.0,517.0,529.0,557.0,612.0,689.0,698.0,724.0,744.0,775.0,821.0,854.0,862.0,886.0,907.0,917.0,955.0,986.0,995.0,995.0,
19.0,23.0,43.0,135.0,139.0,151.0,175.0,193.0,244.0,264.0,297.0,298.0,333.0,369.0,407.0,448.0,564.0,576.0,578.0,631.0,652.0,666.0,668.0,736.0,766.0,804.0,831.0,834.0,836.0,869.0,933.0,957.0,
20.0,55.0,74.0,87.0,134.0,145.0,147.0,165.0,197.0,258.0,304.0,325.0,372.0,397.0,480.0,494.0,804.0,818.0,930.0,981.0,
20.0,25.0,27.0,60.0,89.0,116.0,163.0,167.0,178.0,207.0,307.0,409.0,411.0,438.0,454.0,476.0,503.0,
43.0,81.0,96.0,118.0,118.0,124.0,133.0,133.0,147.0,156.0,161.0,171.0,223.0,237.0,237.0,280.0,300.0,312.0,389.0,400.0,416.0,443.0,452.0,490.0,492.0,
88.0,131.0,150.0,160.0,172.0,179.0,190.0,194.0,207.0,212.0,296.0,362.0,379.0,385.0,408.0,439.0,456.0,880.0,
16.0,58.0,94.0,115.0,120.0,162.0,203.0,209.0,212.0,221.0,230.0,297.0,326.0,336.0,361.0,398.0,428.0,483.0,490.0,
2.0,9.0,52.0,130.0,194.0,252.0,274.0,279.0,286.0,333.0,346.0,459.0,495.0,
2.0,14.0,50.0,55.0,74.0,117.0,143.0,172.0,177.0,187.0,248.0,270.0,277.0,295.0,303.0,304.0,389.0,407.0,434.0,434.0,463.0,753.0,817.0,859.0,879.0,904.0,
90.0,107.0,116.0,128.0,137.0,141.0,149.0,174.0,175.0,203.0,223.0,301.0,399.0,401.0,462.0,475.0,520.0,567.0,577.0,661.0,720.0,727.0,750.0,762.0,781.0,790.0,797.0,800.0,812.0,817.0,826.0,859.0,912.0,996.0,997.0,
56.0,70.0,92.0,149.0,150.0,155.0,176.0,192.0,193.0,280.0,291.0,295.0,319.0,341.0,345.0,355.0,361.0,370.0,413.0,447.0,453.0,472.0,494.0,494.0,573.0,595.0,601.0,626.0,678.0,708.0,719.0,732.0,732.0,749.0,774.0,779.0,830.0,843.0,857.0,858.0,872.0,892.0,897.0,899.0,932.0,970.0,
17.0,29.0,50.0,67.0,69.0,70.0,87.0,91.0,110.0,130.0,142.0,210.0,220.0,232.0,250.0,301.0,314.0,318.0,345.0,456.0,458.0,474.0,760.0,766.0,819.0,821.0,845.0,888.0,902.0,923.0,951.0,984.0,990.0,
37.0,67.0,72.0,91.0,102.0,165.0,167.0,172.0,177.0,192.0,204.0,228.0,258.0,274.0,297.0,346.0,365.0,368.0,381.0,401.0,416.0,421.0,460.0,468.0,486.0,487.0,
136.0,202.0,225.0,227.0,252.0,262.0,297.0,305.0,311.0,329.0,387.0,412.0,422.0,426.0,433.0,442.0,896.0,945.0,
22.0,25.0,94.0,108.0,114.0,164.0,182.0,189.0,203.0,226.0,248.0,261.0,266.0,275.0,281.0,312.0,350.0,361.0,380.0,414.0,421.0,490.0,498.0,771.0,828.0,846.0,916.0,934.0,970.0,993.0,999.0,
28.0,68.0,122.0,122.0,145.0,151.0,178.0,241.0,275.0,285.0,329.0,346.0,355.0,382.0,458.0,460.0,503.0,865.0,
52.0,77.0,95.0,112.0,117.0,136.0,280.0,304.0,311.0,313.0,340.0,374.0,421.0,475.0,505.0,776.0,953.0,961.0,969.0,
28.0,74.0,105.0,172.0,246.0,260.0,264.0,275.0,419.0,443.0,455.0,828.0,882.0,
8.0,43.0,49.0,74.0,121.0,164.0,190.0,210.0,219.0,254.0,317.0,347.0,360.0,379.0,416.0,418.0,423.0,437.0,489.0,493.0,494.0,
57.0,67.0,132.0,178.0,192.0,206.0,219.0,265.0,375.0,380.0,452.0,452.0,464.0,682.0,753.0,796.0,829.0,868.0,889.0,892.0,892.0,893.0,898.0,935.0,964.0,986.0,992.0,
14.0,15.0,29.0,37.0,59.0,138.0,140.0,189.0,219.0,229.0,287.0,294.0,315.0,351.0,367.0,478.0,519.0,543.0,550.0,584.0,602.0,620.0,643.0,695.0,705.0,707.0,711.0,717.0,722.0,778.0,790.0,828.0,831.0,831.0,835.0,851.0,857.0,860.0,866.0,878.0,894.0,895.0,895.0,912.0,929.0,936.0,941.0,942.0,943.0,951.0,958.0,
3.0,73.0,97.0,161.0,192.0,197.0,200.0,204.0,270.0,308.0,315.0,335.0,338.0,472.0,486.0,866.0,872.0,
2.0,101.0,109.0,153.0,227.0,231.0,232.0,235.0,254.0,260.0,295.0,295.0,320.0,351.0,412.0,422.0,428.0,447.0,482.0,494.0,506.0,823.0,850.0,958.0,
74.0,80.0,109.0,183.0,221.0,233.0,279.0,366.0,410.0,422.0,424.0,443.0,470.0,476.0,482.0,792.0,988.0,
7.0,26.0,39.0,102.0,119.0,141.0,216.0,273.0,284.0,328.0,336.0,401.0,419.0,447.0,485.0,918.0,954.0,975.0,
5.0,6.0,7.0,10.0,67.0,97.0,135.0,151.0,226.0,229.0,273.0,300.0,329.0,353.0,363.0,386.0,392.0,406.0,407.0,447.0,448.0,499.0,719.0,753.0,800.0,814.0,853.0,883.0,971.0,992.0,
13.0,60.0,80.0,100.0,101.0,102.0,114.0,163.0,187.0,201.0,308.0,420.0,475.0,478.0,478.0,482.0,508.0,755.0,804.0,919.0,
5.0,17.0,59.0,161.0,185.0,201.0,216.0,237.0,247.0,256.0,293.0,301.0,312.0,322.0,340.0,342.0,362.0,372.0,386.0,413.0,433.0,462.0,764.0,842.0,
5.0,17.0,69.0,71.0,99.0,148.0,148.0,161.0,175.0,213.0,221.0,231.0,234.0,250.0,346.0,348.0,349.0,357.0,922.0,
50.0,78.0,87.0,141.0,167.0,173.0,224.0,228.0,256.0,261.0,270.0,283.0,293.0,303.0,317.0,329.0,329.0,332.0,349.0,404.0,419.0,996.0,998.0,
10.0,31.0,38.0,62.0,96.0,204.0,354.0,367.0,376.0,426.0,449.0,456.0,460.0,476.0,491.0,536.0,546.0,555.0,586.0,677.0,692.0,693.0,741.0,748.0,769.0,773.0,787.0,796.0,811.0,813.0,850.0,860.0,865.0,933.0,970.0,975.0,978.0,996.0,997.0,
50.0,74.0,89.0,102.0,211.0,213.0,225.0,234.0,237.0,256.0,280.0,333.0,387.0,390.0,422.0,441.0,453.0,467.0,473.0,491.0,506.0,
20.0,73.0,104.0,169.0,184.0,187.0,213.0,241.0,301.0,375.0,406.0,434.0,461.0,474.0,498.0,823.0,840.0,
7.0,34.0,63.0,117.0,199.0,233.0,235.0,284.0,297.0,315.0,328.0,340.0,371.0,372.0,384.0,401.0,402.0,427.0,473.0,482.0,488.0,781.0,820.0,860.0,881.0,987.0,989.0,
46.0,58.0,62.0,79.0,126.0,135.0,136.0,141.0,150.0,167.0,186.0,235.0,255.0,261.0,262.0,279.0,280.0,289.0,323.0,363.0,374.0,389.0,500.0,812.0,822.0,857.0,881.0,937.0,991.0,997.0,999.0,
50.0,65.0,85.0,115.0,176.0,186.0,191.0,213.0,229.0,229.0,245.0,254.0,374.0,389.0,416.0,424.0,480.0,493.0,504.0,798.0,836.0,995.0,
27.0,51.0,62.0,78.0,108.0,110.0,135.0,154.0,157.0,177.0,218.0,226.0,255.0,259.0,259.0,281.0,285.0,288.0,291.0,317.0,348.0,349.0,405.0,415.0,422.0,427.0,471.0,472.0,499.0,504.0,775.0,791.0,829.0,860.0,
83.0,83.0,93.0,117.0,247.0,291.0,292.0,297.0,360.0,366.0,399.0,455.0,462.0,468.0,912.0,
39.0,111.0,155.0,186.0,225.0,250.0,263.0,274.0,287.0,332.0,338.0,358.0,374.0,392.0,410.0,472.0,482.0,484.0,486.0,787.0,914.0,
18.0,66.0,85.0,91.0,101.0,128.0,129.0,145.0,199.0,237.0,247.0,339.0,346.0,348.0,396.0,396.0,409.0,427.0,
13.0,18.0,29.0,208.0,255.0,351.0,351.0,366.0,394.0,428.0,513.0,557.0,603.0,611.0,612.0,615.0,658.0,661.0,687.0,699.0,744.0,755.0,778.0,844.0,847.0,865.0,884.0,887.0,907.0,965.0,966.0,980.0,989.0,
6.0,29.0,44.0,70.0,142.0,177.0,380.0,423.0,434.0,437.0,471.0,483.0,510.0,
24.0,34.0,48.0,53.0,56.0,87.0,121.0,138.0,138.0,146.0,157.0,230.0,235.0,247.0,257.0,362.0,367.0,433.0,446.0,507.0,877.0,
22.0,40.0,96.0,113.0,151.0,163.0,193.0,202.0,226.0,239.0,267.0,333.0,361.0,373.0,398.0,414.0,443.0,458.0,500.0,502.0,786.0,792.0,808.0,948.0,956.0,973.0,
7.0,96.0,108.0,166.0,264.0,294.0,302.0,305.0,344.0,345.0,360.0,362.0,364.0,404.0,413.0,413.0,426.0,430.0,446.0,481.0,486.0,846.0,867.0,883.0,
3.0,25.0,89.0,139.0,144.0,167.0,195.0,215.0,261.0,266.0,315.0,335.0,343.0,377.0,435.0,440.0,492.0,761.0,828.0,853.0,871.0,906.0,965.0,
16.0,23.0,55.0,81.0,84.0,94.0,101.0,112.0,126.0,137.0,139.0,146.0,204.0,225.0,320.0,331.0,342.0,368.0,386.0,429.0,434.0,436.0,466.0,753.0,818.0,
3.0,22.0,27.0,30.0,42.0,126.0,176.0,267.0,286.0,289.0,309.0,340.0,389.0,392.0,399.0,403.0,458.0,487.0,502.0,744.0,833.0,833.0,872.0,878.0,
23.0,32.0,37.0,74.0,93.0,110.0,114.0,116.0,174.0,187.0,193.0,229.0,239.0,241.0,259.0,297.0,341.0,378.0,404.0,470.0,499.0,508.0,808.0,
30.0,71.0,208.0,213.0,222.0,242.0,329.0,337.0,392.0,394.0,402.0,446.0,466.0,486.0,876.0,
12.0,32.0,97.0,126.0,139.0,148.0,182.0,182.0,196.0,213.0,260.0,293.0,306.0,345.0,352.0,464.0,473.0,515.0,522.0,532.0,539.0,555.0,561.0,572.0,631.0,683.0,731.0,732.0,742.0,749.0,834.0,898.0,914.0,919.0,943.0,948.0,981.0,983.0,
9.0,17.0,79.0,96.0,109.0,146.0,196.0,254.0,277.0,319.0,396.0,512.0,654.0,679.0,721.0,749.0,761.0,768.0,917.0,943.0,964.0,
42.0,77.0,138.0,141.0,192.0,202.0,210.0,262.0,320.0,336.0,376.0,393.0,403.0,433.0,441.0,482.0,487.0,503.0,
21.0,35.0,42.0,59.0,67.0,122.0,138.0,147.0,162.0,252.0,254.0,276.0,309.0,406.0,440.0,455.0,478.0,497.0,881.0,
30.0,54.0,68.0,78.0,79.0,125.0,137.0,198.0,222.0,223.0,243.0,299.0,303.0,313.0,316.0,376.0,447.0,465.0,474.0,482.0,487.0,502.0,819.0,848.0,876.0,919.0,962.0,
6.0,127.0,181.0,201.0,228.0,230.0,262.0,262.0,266.0,277.0,290.0,352.0,385.0,406.0,408.0,409.0,410.0,433.0,438.0,449.0,458.0,493.0,499.0,804.0,830.0,901.0,
3.0,7.0,26.0,39.0,46.0,48.0,67.0,77.0,115.0,118.0,121.0,126.0,135.0,159.0,172.0,223.0,265.0,312.0,316.0,321.0,344.0,362.0,401.0,404.0,405.0,426.0,431.0,971.0,
22.0,23.0,69.0,70.0,71.0,89.0,133.0,136.0,150.0,177.0,180.0,231.0,256.0,267.0,286.0,304.0,319.0,330.0,361.0,371.0,498.0,752.0,793.0,1000.0,
38.0,85.0,93.0,162.0,199.0,201.0,218.0,333.0,344.0,400.0,419.0,422.0,442.0,461.0,490.0,501.0,
23.0,77.0,121.0,149.0,190.0,192.0,198.0,243.0,355.0,356.0,381.0,412.0,413.0,467.0,468.0,475.0,505.0,656.0,703.0,825.0,922.0,927.0,941.0,946.0,958.0,965.0,969.0,971.0,973.0,985.0,
8.0,35.0,109.0,161.0,221.0,230.0,237.0,295.0,327.0,358.0,448.0,455.0,459.0,467.0,480.0,506.0,512.0,520.0,532.0,548.0,557.0,558.0,601.0,622.0,679.0,737.0,751.0,783.0,822.0,836.0,840.0,877.0,937.0,988.0,990.0,
68.0,79.0,85.0,145.0,163.0,173.0,223.0,253.0,260.0,301.0,335.0,363.0,413.0,436.0,486.0,524.0,601.0,605.0,613.0,618.0,666.0,682.0,687.0,729.0,755.0,822.0,843.0,879.0,881.0,887.0,910.0,946.0,958.0,
5.0,54.0,76.0,126.0,134.0,167.0,179.0,193.0,239.0,360.0,405.0,894.0,
15.0,40.0,81.0,97.0,102.0,213.0,223.0,260.0,273.0,302.0,305.0,319.0,347.0,387.0,453.0,471.0,487.0,498.0,
78.0,85.0,137.0,153.0,219.0,248.0,249.0,282.0,288.0,297.0,313.0,342.0,360.0,362.0,456.0,478.0,480.0,494.0,
17.0,21.0,27.0,28.0,58.0,105.0,165.0,191.0,213.0,213.0,227.0,262.0,284.0,335.0,339.0,348.0,363.0,383.0,385.0,398.0,460.0,473.0,921.0,
2.0,41.0,66.0,69.0,122.0,168.0,172.0,199.0,219.0,243.0,289.0,297.0,371.0,375.0,393.0,406.0,421.0,422.0,463.0,492.0,498.0,
49.0,91.0,101.0,104.0,117.0,121.0,124.0,197.0,300.0,324.0,325.0,333.0,358.0,400.0,454.0,459.0,
9.0,85.0,129.0,153.0,157.0,166.0,250.0,253.0,345.0,441.0,450.0,888.0,959.0,
71.0,75.0,113.0,152.0,155.0,183.0,230.0,231.0,254.0,256.0,293.0,312.0,330.0,389.0,407.0,423.0,453.0,456.0,479.0,515.0,563.0,571.0,634.0,642.0,798.0,865.0,890.0,918.0,968.0,994.0,
8.0,25.0,28.0,60.0,146.0,155.0,171.0,190.0,215.0,216.0,240.0,318.0,411.0,434.0,451.0,453.0,479.0,512.0,534.0,592.0,598.0,641.0,660.0,693.0,756.0,778.0,803.0,849.0,918.0,929.0,943.0,988.0,993.0,
65.0,127.0,169.0,174.0,209.0,222.0,223.0,228.0,247.0,254.0,342.0,363.0,393.0,405.0,414.0,437.0,449.0,486.0,487.0,556.0,592.0,623.0,626.0,668.0,674.0,702.0,767.0,779.0,803.0,807.0,811.0,851.0,853.0,866.0,884.0,915.0,933.0,943.0,992.0,
23.0,62.0,64.0,99.0,113.0,118.0,148.0,166.0,197.0,220.0,229.0,232.0,253.0,298.0,324.0,327.0,348.0,358.0,367.0,381.0,431.0,479.0,482.0,493.0,496.0,510.0,574.0,621.0,673.0,700.0,703.0,762.0,796.0,819.0,854.0,858.0,926.0,931.0,942.0,944.0,974.0,976.0,979.0,
8.0,18.0,23.0,48.0,100.0,100.0,123.0,163.0,210.0,295.0,298.0,312.0,321.0,381.0,426.0,441.0,442.0,443.0,448.0,462.0,466.0,487.0,502.0,660.0,661.0,755.0,774.0,775.0,813.0,821.0,835.0,841.0,899.0,913.0,918.0,
107.0,108.0,145.0,181.0,182.0,215.0,236.0,335.0,339.0,342.0,356.0,403.0,411.0,439.0,472.0,478.0,
44.0,69.0,188.0,204.0,269.0,337.0,354.0,380.0,460.0,487.0,501.0,
37.0,68.0,135.0,153.0,161.0,191.0,194.0,216.0,242.0,247.0,254.0,344.0,373.0,386.0,424.0,447.0,490.0,493.0,808.0,
24.0,31.0,47.0,62.0,64.0,66.0,89.0,117.0,134.0,174.0,195.0,230.0,349.0,366.0,377.0,429.0,493.0,509.0,513.0,630.0,638.0,692.0,767.0,810.0,856.0,927.0,
41.0,47.0,67.0,77.0,100.0,118.0,137.0,165.0,171.0,221.0,235.0,257.0,275.0,293.0,294.0,299.0,335.0,371.0,380.0,429.0,511.0,524.0,543.0,549.0,608.0,620.0,642.0,645.0,650.0,667.0,675.0,679.0,679.0,688.0,707.0,715.0,732.0,737.0,747.0,752.0,775.0,791.0,796.0,809.0,853.0,856.0,861.0,872.0,899.0,906.0,917.0,952.0,965.0,967.0,
32.0,32.0,123.0,138.0,191.0,209.0,212.0,256.0,281.0,315.0,356.0,389.0,416.0,441.0,457.0,462.0,489.0,522.0,532.0,532.0,537.0,541.0,557.0,567.0,586.0,652.0,654.0,670.0,688.0,693.0,713.0,726.0,793.0,812.0,812.0,812.0,850.0,869.0,890.0,905.0,907.0,913.0,925.0,939.0,948.0,951.0,959.0,995.0,
