42.0,155.0,173.0,188.0,210.0,227.0,244.0,259.0,337.0,351.0,364.0,377.0,405.0,420.0,426.0,450.0,462.0,463.0,477.0,499.0,531.0,554.0,554.0,572.0,590.0,590.0,619.0,634.0,635.0,666.0,680.0,749.0,775.0,793.0,842.0,883.0,976.0,991.0,998.0,
90.0,93.0,96.0,98.0,100.0,124.0,260.0,271.0,276.0,279.0,361.0,379.0,440.0,449.0,478.0,478.0,501.0,552.0,577.0,594.0,622.0,665.0,676.0,684.0,687.0,722.0,821.0,825.0,875.0,890.0,902.0,902.0,938.0,992.0,
56.0,66.0,75.0,82.0,109.0,109.0,111.0,114.0,185.0,237.0,277.0,300.0,355.0,368.0,382.0,426.0,433.0,466.0,470.0,481.0,489.0,508.0,576.0,657.0,660.0,676.0,718.0,737.0,738.0,752.0,772.0,791.0,808.0,810.0,811.0,812.0,902.0,928.0,982.0,992.0,
48.0,91.0,107.0,108.0,149.0,176.0,192.0,214.0,218.0,281.0,309.0,320.0,346.0,357.0,419.0,507.0,511.0,520.0,522.0,551.0,572.0,623.0,625.0,639.0,644.0,644.0,659.0,663.0,682.0,690.0,694.0,699.0,743.0,743.0,771.0,786.0,803.0,832.0,839.0,864.0,867.0,911.0,936.0,976.0,993.0,
13.0,33.0,36.0,39.0,88.0,178.0,185.0,205.0,262.0,283.0,286.0,304.0,327.0,357.0,381.0,414.0,540.0,564.0,587.0,639.0,640.0,647.0,700.0,702.0,733.0,742.0,749.0,750.0,766.0,767.0,817.0,834.0,923.0,979.0,985.0,999.0,
8.0,50.0,62.0,65.0,154.0,172.0,223.0,279.0,305.0,315.0,337.0,346.0,396.0,467.0,474.0,499.0,535.0,547.0,590.0,597.0,607.0,612.0,613.0,645.0,667.0,679.0,720.0,753.0,777.0,784.0,835.0,911.0,926.0,928.0,943.0,958.0,958.0,967.0,
33.0,44.0,86.0,95.0,167.0,178.0,273.0,327.0,404.0,413.0,533.0,565.0,632.0,640.0,694.0,710.0,717.0,728.0,730.0,741.0,759.0,858.0,873.0,876.0,878.0,878.0,929.0,952.0,957.0,977.0,999.0,
6.0,31.0,57.0,119.0,127.0,145.0,150.0,153.0,167.0,193.0,275.0,290.0,321.0,346.0,379.0,456.0,459.0,502.0,503.0,508.0,530.0,537.0,626.0,639.0,706.0,758.0,761.0,769.0,780.0,781.0,787.0,789.0,792.0,809.0,819.0,829.0,832.0,846.0,857.0,862.0,880.0,912.0,923.0,923.0,944.0,954.0,
47.0,58.0,65.0,109.0,121.0,136.0,188.0,249.0,337.0,348.0,363.0,368.0,376.0,380.0,385.0,468.0,481.0,547.0,599.0,618.0,637.0,637.0,724.0,735.0,740.0,798.0,799.0,799.0,801.0,822.0,931.0,945.0,984.0,
115.0,164.0,170.0,198.0,199.0,203.0,284.0,317.0,344.0,384.0,406.0,413.0,445.0,492.0,542.0,555.0,567.0,602.0,630.0,633.0,647.0,655.0,684.0,706.0,736.0,759.0,831.0,850.0,914.0,929.0,938.0,973.0,997.0,998.0,
20.0,41.0,52.0,61.0,81.0,96.0,101.0,103.0,140.0,147.0,162.0,164.0,188.0,202.0,204.0,219.0,263.0,307.0,322.0,332.0,354.0,354.0,373.0,386.0,440.0,473.0,479.0,486.0,495.0,551.0,604.0,661.0,700.0,740.0,746.0,755.0,799.0,804.0,843.0,846.0,848.0,848.0,849.0,
14.0,16.0,43.0,59.0,77.0,78.0,79.0,105.0,113.0,159.0,239.0,264.0,325.0,340.0,349.0,497.0,513.0,520.0,541.0,543.0,558.0,590.0,595.0,655.0,695.0,696.0,700.0,743.0,840.0,880.0,882.0,891.0,892.0,931.0,960.0,962.0,965.0,
16.0,16.0,27.0,34.0,84.0,84.0,112.0,179.0,202.0,202.0,250.0,271.0,315.0,324.0,343.0,345.0,376.0,462.0,488.0,558.0,567.0,572.0,686.0,694.0,712.0,715.0,734.0,750.0,765.0,804.0,942.0,944.0,984.0,
16.0,25.0,70.0,95.0,121.0,139.0,190.0,250.0,261.0,270.0,279.0,307.0,330.0,338.0,405.0,429.0,447.0,454.0,455.0,488.0,620.0,654.0,663.0,821.0,827.0,845.0,857.0,860.0,964.0,
10.0,14.0,112.0,173.0,184.0,220.0,220.0,232.0,263.0,274.0,312.0,317.0,327.0,330.0,441.0,463.0,481.0,487.0,812.0,843.0,920.0,927.0,968.0,
24.0,72.0,101.0,103.0,115.0,117.0,146.0,225.0,237.0,261.0,269.0,270.0,289.0,307.0,347.0,367.0,371.0,374.0,402.0,423.0,455.0,471.0,
48.0,56.0,82.0,99.0,161.0,174.0,190.0,233.0,238.0,243.0,257.0,264.0,353.0,485.0,774.0,821.0,830.0,906.0,924.0,942.0,
2.0,18.0,19.0,22.0,27.0,33.0,53.0,91.0,101.0,151.0,165.0,184.0,207.0,210.0,214.0,217.0,233.0,264.0,277.0,290.0,350.0,368.0,378.0,383.0,395.0,396.0,423.0,444.0,461.0,478.0,479.0,656.0,691.0,739.0,817.0,817.0,819.0,828.0,867.0,935.0,946.0,948.0,
49.0,66.0,67.0,79.0,149.0,156.0,167.0,175.0,177.0,197.0,200.0,203.0,228.0,229.0,233.0,249.0,264.0,282.0,307.0,348.0,411.0,412.0,459.0,622.0,632.0,665.0,681.0,715.0,721.0,729.0,741.0,745.0,748.0,751.0,757.0,761.0,785.0,787.0,846.0,914.0,926.0,985.0,988.0,995.0,
100.0,150.0,297.0,308.0,328.0,358.0,377.0,378.0,383.0,407.0,433.0,442.0,444.0,462.0,471.0,472.0,474.0,494.0,596.0,608.0,654.0,666.0,668.0,681.0,687.0,691.0,742.0,768.0,774.0,790.0,798.0,804.0,819.0,849.0,852.0,852.0,864.0,895.0,909.0,911.0,
94.0,121.0,158.0,172.0,179.0,180.0,193.0,266.0,275.0,293.0,308.0,309.0,362.0,378.0,402.0,461.0,533.0,578.0,612.0,661.0,689.0,698.0,756.0,758.0,809.0,821.0,842.0,919.0,938.0,957.0,972.0,981.0,
69.0,74.0,208.0,209.0,221.0,232.0,252.0,262.0,278.0,295.0,348.0,360.0,364.0,383.0,402.0,402.0,455.0,589.0,626.0,676.0,723.0,755.0,776.0,780.0,789.0,790.0,820.0,836.0,846.0,862.0,876.0,925.0,927.0,931.0,945.0,947.0,962.0,
40.0,41.0,43.0,50.0,76.0,87.0,92.0,102.0,109.0,132.0,159.0,209.0,223.0,227.0,227.0,232.0,266.0,288.0,303.0,309.0,311.0,313.0,327.0,368.0,382.0,405.0,424.0,437.0,439.0,449.0,462.0,700.0,861.0,895.0,
37.0,55.0,109.0,125.0,131.0,193.0,197.0,203.0,210.0,218.0,231.0,256.0,297.0,372.0,429.0,436.0,463.0,480.0,
33.0,69.0,71.0,93.0,103.0,155.0,224.0,254.0,259.0,267.0,273.0,288.0,297.0,300.0,310.0,346.0,383.0,404.0,467.0,506.0,
114.0,142.0,146.0,150.0,157.0,160.0,179.0,186.0,192.0,262.0,305.0,387.0,481.0,484.0,914.0,937.0,
7.0,15.0,24.0,89.0,91.0,163.0,177.0,238.0,278.0,305.0,307.0,364.0,441.0,
35.0,129.0,194.0,199.0,208.0,212.0,261.0,280.0,318.0,324.0,341.0,411.0,425.0,428.0,459.0,465.0,486.0,
10.0,26.0,38.0,46.0,79.0,118.0,144.0,149.0,159.0,169.0,195.0,196.0,207.0,271.0,304.0,310.0,339.0,347.0,376.0,419.0,449.0,492.0,503.0,735.0,755.0,765.0,852.0,912.0,958.0,962.0,
9.0,38.0,47.0,62.0,72.0,74.0,159.0,187.0,194.0,200.0,223.0,234.0,290.0,294.0,298.0,300.0,350.0,366.0,427.0,444.0,478.0,504.0,514.0,532.0,568.0,588.0,599.0,623.0,639.0,652.0,679.0,705.0,723.0,758.0,763.0,775.0,796.0,797.0,806.0,826.0,845.0,867.0,873.0,896.0,910.0,914.0,928.0,930.0,939.0,951.0,960.0,994.0,
64.0,66.0,105.0,140.0,151.0,184.0,213.0,409.0,439.0,458.0,465.0,472.0,480.0,486.0,488.0,504.0,608.0,612.0,625.0,637.0,652.0,705.0,708.0,716.0,730.0,734.0,740.0,750.0,762.0,766.0,797.0,802.0,910.0,919.0,920.0,940.0,941.0,947.0,957.0,963.0,965.0,970.0,
22.0,33.0,34.0,77.0,126.0,170.0,179.0,246.0,259.0,357.0,371.0,376.0,451.0,457.0,477.0,514.0,643.0,650.0,656.0,682.0,745.0,779.0,795.0,818.0,864.0,884.0,915.0,920.0,969.0,
6.0,10.0,37.0,59.0,78.0,122.0,124.0,232.0,340.0,405.0,419.0,423.0,452.0,457.0,460.0,472.0,
21.0,51.0,56.0,104.0,140.0,150.0,177.0,270.0,290.0,333.0,393.0,404.0,407.0,434.0,434.0,449.0,458.0,475.0,476.0,826.0,
24.0,67.0,75.0,147.0,165.0,179.0,182.0,259.0,264.0,320.0,324.0,340.0,385.0,414.0,437.0,441.0,450.0,765.0,774.0,971.0,
52.0,62.0,102.0,103.0,130.0,144.0,183.0,187.0,218.0,266.0,278.0,286.0,362.0,365.0,371.0,385.0,399.0,432.0,452.0,727.0,
45.0,152.0,170.0,176.0,206.0,226.0,269.0,281.0,283.0,337.0,340.0,369.0,402.0,403.0,413.0,455.0,494.0,848.0,892.0,944.0,
6.0,48.0,64.0,71.0,166.0,190.0,214.0,284.0,310.0,323.0,365.0,388.0,453.0,493.0,833.0,
5.0,54.0,67.0,85.0,87.0,104.0,110.0,159.0,199.0,220.0,243.0,257.0,261.0,264.0,289.0,322.0,367.0,373.0,384.0,439.0,479.0,481.0,
21.0,94.0,99.0,114.0,154.0,189.0,266.0,277.0,285.0,322.0,340.0,388.0,406.0,430.0,449.0,494.0,681.0,729.0,755.0,851.0,861.0,861.0,883.0,886.0,898.0,985.0,
24.0,28.0,39.0,40.0,72.0,107.0,131.0,132.0,157.0,269.0,281.0,311.0,460.0,462.0,463.0,495.0,525.0,582.0,640.0,648.0,682.0,686.0,701.0,710.0,750.0,761.0,761.0,783.0,812.0,831.0,851.0,864.0,872.0,908.0,928.0,954.0,
31.0,68.0,71.0,83.0,128.0,155.0,180.0,297.0,331.0,352.0,413.0,470.0,500.0,856.0,
58.0,64.0,80.0,97.0,106.0,117.0,159.0,168.0,205.0,221.0,227.0,228.0,238.0,300.0,352.0,357.0,358.0,378.0,413.0,415.0,428.0,439.0,444.0,461.0,468.0,482.0,488.0,850.0,861.0,953.0,
11.0,18.0,40.0,55.0,56.0,94.0,105.0,130.0,135.0,197.0,206.0,265.0,340.0,363.0,378.0,386.0,394.0,397.0,409.0,438.0,441.0,448.0,451.0,464.0,747.0,875.0,953.0,965.0,976.0,
3.0,37.0,37.0,82.0,146.0,150.0,154.0,161.0,163.0,211.0,220.0,310.0,369.0,398.0,445.0,458.0,477.0,492.0,731.0,814.0,910.0,937.0,944.0,955.0,968.0,
37.0,61.0,62.0,73.0,80.0,136.0,226.0,228.0,243.0,246.0,287.0,344.0,466.0,483.0,795.0,801.0,827.0,959.0,
43.0,67.0,68.0,79.0,81.0,107.0,201.0,257.0,264.0,270.0,294.0,310.0,311.0,329.0,393.0,730.0,775.0,844.0,886.0,905.0,933.0,977.0,
7.0,17.0,24.0,86.0,191.0,268.0,289.0,292.0,345.0,351.0,353.0,365.0,372.0,397.0,406.0,424.0,430.0,737.0,827.0,956.0,
59.0,62.0,70.0,79.0,85.0,85.0,96.0,100.0,120.0,148.0,200.0,209.0,232.0,238.0,247.0,248.0,260.0,278.0,326.0,340.0,385.0,396.0,453.0,483.0,489.0,
38.0,61.0,74.0,119.0,157.0,194.0,224.0,226.0,286.0,314.0,334.0,390.0,407.0,419.0,482.0,496.0,
17.0,36.0,44.0,53.0,77.0,97.0,116.0,165.0,196.0,204.0,219.0,244.0,326.0,351.0,384.0,392.0,396.0,462.0,498.0,515.0,530.0,545.0,606.0,622.0,645.0,655.0,661.0,662.0,682.0,688.0,711.0,726.0,800.0,829.0,876.0,913.0,930.0,997.0,
19.0,30.0,58.0,125.0,133.0,134.0,138.0,165.0,169.0,197.0,220.0,287.0,294.0,469.0,485.0,497.0,906.0,
3.0,8.0,23.0,32.0,82.0,85.0,306.0,432.0,434.0,461.0,873.0,938.0,979.0,995.0,
2.0,17.0,31.0,61.0,103.0,204.0,226.0,290.0,299.0,323.0,353.0,360.0,375.0,416.0,464.0,475.0,485.0,499.0,500.0,737.0,772.0,862.0,984.0,
16.0,29.0,57.0,61.0,111.0,132.0,195.0,271.0,282.0,286.0,291.0,297.0,307.0,308.0,313.0,313.0,319.0,344.0,355.0,371.0,464.0,484.0,486.0,493.0,829.0,851.0,891.0,991.0,999.0,
29.0,37.0,126.0,129.0,140.0,159.0,167.0,178.0,187.0,258.0,295.0,333.0,391.0,414.0,426.0,462.0,488.0,488.0,491.0,802.0,815.0,826.0,828.0,837.0,852.0,864.0,870.0,974.0,
16.0,71.0,86.0,97.0,170.0,213.0,223.0,229.0,247.0,263.0,264.0,318.0,319.0,329.0,450.0,452.0,782.0,817.0,824.0,825.0,987.0,
48.0,58.0,64.0,64.0,121.0,128.0,135.0,145.0,151.0,156.0,202.0,230.0,246.0,255.0,276.0,285.0,296.0,324.0,333.0,333.0,345.0,377.0,400.0,401.0,410.0,424.0,481.0,490.0,492.0,505.0,759.0,827.0,861.0,881.0,899.0,964.0,972.0,
16.0,18.0,48.0,53.0,70.0,122.0,132.0,158.0,163.0,181.0,196.0,294.0,301.0,396.0,476.0,498.0,503.0,
52.0,145.0,152.0,164.0,194.0,203.0,239.0,302.0,408.0,426.0,431.0,445.0,467.0,479.0,853.0,
65.0,138.0,160.0,165.0,169.0,186.0,198.0,224.0,228.0,267.0,312.0,336.0,354.0,361.0,421.0,451.0,543.0,592.0,593.0,602.0,606.0,615.0,628.0,630.0,645.0,648.0,698.0,715.0,729.0,744.0,746.0,769.0,774.0,784.0,811.0,851.0,851.0,870.0,928.0,950.0,983.0,989.0,
23.0,31.0,48.0,56.0,67.0,218.0,292.0,311.0,389.0,404.0,451.0,467.0,471.0,482.0,502.0,846.0,
29.0,33.0,43.0,77.0,90.0,102.0,183.0,188.0,199.0,222.0,250.0,271.0,278.0,413.0,415.0,432.0,925.0,
44.0,123.0,126.0,174.0,204.0,213.0,277.0,286.0,378.0,399.0,414.0,418.0,437.0,471.0,508.0,891.0,
15.0,36.0,70.0,129.0,145.0,150.0,164.0,165.0,242.0,285.0,313.0,322.0,343.0,364.0,424.0,458.0,460.0,468.0,491.0,498.0,714.0,745.0,761.0,850.0,879.0,911.0,925.0,941.0,973.0,
17.0,138.0,141.0,193.0,202.0,246.0,258.0,260.0,300.0,327.0,348.0,350.0,441.0,445.0,463.0,474.0,484.0,770.0,865.0,
23.0,38.0,58.0,66.0,123.0,132.0,168.0,239.0,242.0,280.0,305.0,338.0,358.0,371.0,384.0,395.0,404.0,426.0,435.0,463.0,482.0,486.0,489.0,808.0,848.0,850.0,876.0,884.0,890.0,
8.0,16.0,17.0,84.0,105.0,144.0,151.0,257.0,275.0,313.0,341.0,342.0,348.0,372.0,415.0,429.0,439.0,477.0,817.0,860.0,985.0,997.0,998.0,
11.0,36.0,51.0,52.0,84.0,87.0,111.0,111.0,113.0,137.0,142.0,157.0,161.0,183.0,215.0,217.0,296.0,358.0,399.0,415.0,473.0,498.0,
15.0,17.0,22.0,28.0,94.0,108.0,117.0,157.0,204.0,222.0,236.0,311.0,311.0,313.0,323.0,324.0,325.0,336.0,384.0,423.0,428.0,438.0,452.0,459.0,492.0,492.0,944.0,
45.0,52.0,55.0,69.0,107.0,111.0,131.0,178.0,184.0,189.0,200.0,210.0,346.0,361.0,385.0,412.0,435.0,494.0,509.0,532.0,581.0,587.0,589.0,600.0,604.0,613.0,637.0,644.0,713.0,727.0,739.0,740.0,742.0,753.0,764.0,766.0,799.0,800.0,807.0,841.0,855.0,924.0,967.0,969.0,971.0,978.0,
30.0,35.0,36.0,37.0,63.0,79.0,100.0,108.0,131.0,166.0,175.0,189.0,218.0,220.0,224.0,239.0,283.0,337.0,362.0,362.0,390.0,392.0,470.0,499.0,671.0,730.0,758.0,815.0,822.0,848.0,860.0,864.0,
7.0,11.0,25.0,29.0,33.0,40.0,123.0,141.0,183.0,197.0,260.0,263.0,266.0,269.0,299.0,329.0,358.0,367.0,402.0,462.0,505.0,
3.0,15.0,37.0,67.0,136.0,156.0,176.0,196.0,197.0,207.0,211.0,216.0,224.0,239.0,243.0,286.0,325.0,381.0,426.0,427.0,429.0,816.0,868.0,
6.0,6.0,14.0,57.0,65.0,73.0,123.0,126.0,154.0,169.0,214.0,229.0,280.0,285.0,348.0,383.0,406.0,429.0,444.0,445.0,473.0,487.0,497.0,806.0,810.0,845.0,893.0,953.0,
11.0,32.0,77.0,107.0,114.0,224.0,235.0,270.0,316.0,359.0,360.0,368.0,386.0,504.0,801.0,960.0,
8.0,10.0,12.0,78.0,93.0,99.0,182.0,255.0,270.0,284.0,287.0,314.0,317.0,344.0,362.0,365.0,369.0,440.0,482.0,503.0,774.0,780.0,813.0,815.0,889.0,907.0,961.0,961.0,
4.0,20.0,23.0,44.0,97.0,139.0,193.0,206.0,217.0,221.0,227.0,296.0,307.0,324.0,381.0,465.0,503.0,508.0,
18.0,36.0,48.0,53.0,94.0,104.0,131.0,133.0,147.0,199.0,209.0,258.0,258.0,275.0,277.0,298.0,302.0,330.0,343.0,349.0,358.0,358.0,360.0,388.0,443.0,458.0,474.0,478.0,483.0,493.0,501.0,
4.0,11.0,27.0,36.0,52.0,83.0,85.0,145.0,154.0,188.0,197.0,276.0,300.0,309.0,313.0,341.0,378.0,406.0,422.0,460.0,480.0,502.0,649.0,692.0,720.0,732.0,768.0,803.0,811.0,916.0,920.0,927.0,958.0,
57.0,94.0,106.0,118.0,138.0,138.0,172.0,182.0,216.0,259.0,264.0,270.0,299.0,302.0,324.0,343.0,358.0,366.0,370.0,396.0,402.0,512.0,578.0,579.0,605.0,652.0,665.0,699.0,759.0,772.0,801.0,809.0,823.0,849.0,852.0,894.0,985.0,
53.0,115.0,276.0,301.0,342.0,367.0,368.0,446.0,456.0,466.0,505.0,506.0,508.0,539.0,596.0,632.0,674.0,710.0,715.0,715.0,721.0,742.0,743.0,745.0,745.0,771.0,773.0,811.0,815.0,827.0,831.0,834.0,862.0,873.0,874.0,887.0,900.0,935.0,953.0,974.0,980.0,
23.0,109.0,139.0,153.0,206.0,209.0,209.0,248.0,265.0,278.0,300.0,340.0,366.0,366.0,368.0,370.0,430.0,431.0,489.0,725.0,767.0,785.0,909.0,943.0,
43.0,56.0,58.0,68.0,71.0,100.0,138.0,145.0,166.0,193.0,221.0,252.0,327.0,437.0,502.0,
14.0,25.0,31.0,69.0,70.0,109.0,123.0,126.0,138.0,146.0,147.0,161.0,167.0,180.0,201.0,207.0,275.0,340.0,452.0,488.0,504.0,878.0,
25.0,94.0,123.0,139.0,174.0,209.0,222.0,241.0,244.0,269.0,280.0,280.0,296.0,297.0,310.0,327.0,340.0,363.0,371.0,411.0,438.0,464.0,475.0,477.0,490.0,912.0,936.0,
45.0,82.0,113.0,154.0,189.0,196.0,212.0,216.0,302.0,312.0,447.0,460.0,931.0,
30.0,63.0,85.0,123.0,194.0,205.0,259.0,319.0,327.0,332.0,374.0,383.0,397.0,436.0,
2.0,18.0,38.0,42.0,61.0,108.0,116.0,118.0,143.0,192.0,208.0,230.0,278.0,283.0,308.0,311.0,338.0,343.0,347.0,383.0,412.0,444.0,472.0,499.0,887.0,897.0,977.0,1000.0,
34.0,58.0,85.0,91.0,178.0,237.0,294.0,384.0,401.0,406.0,432.0,457.0,479.0,480.0,485.0,488.0,495.0,586.0,599.0,608.0,683.0,760.0,762.0,778.0,850.0,873.0,927.0,947.0,958.0,960.0,976.0,992.0,
75.0,118.0,120.0,134.0,135.0,144.0,204.0,237.0,245.0,248.0,269.0,270.0,316.0,323.0,341.0,364.0,403.0,410.0,450.0,487.0,508.0,566.0,568.0,657.0,730.0,739.0,740.0,774.0,785.0,855.0,878.0,879.0,908.0,949.0,964.0,
79.0,96.0,109.0,112.0,119.0,141.0,161.0,188.0,223.0,244.0,274.0,303.0,308.0,349.0,355.0,367.0,377.0,386.0,435.0,446.0,517.0,518.0,532.0,543.0,592.0,636.0,653.0,666.0,717.0,738.0,770.0,793.0,811.0,820.0,882.0,900.0,943.0,955.0,957.0,991.0,995.0,
22.0,63.0,98.0,139.0,157.0,169.0,182.0,223.0,233.0,276.0,325.0,374.0,396.0,405.0,428.0,429.0,463.0,486.0,502.0,503.0,570.0,641.0,642.0,684.0,686.0,693.0,693.0,738.0,739.0,783.0,786.0,788.0,801.0,804.0,834.0,879.0,939.0,952.0,988.0,998.0,
97.0,119.0,133.0,160.0,165.0,174.0,215.0,246.0,250.0,253.0,256.0,280.0,375.0,391.0,395.0,397.0,421.0,435.0,443.0,444.0,451.0,451.0,456.0,469.0,474.0,479.0,482.0,483.0,484.0,660.0,809.0,820.0,849.0,903.0,
3.0,78.0,83.0,182.0,225.0,229.0,245.0,259.0,287.0,305.0,307.0,377.0,493.0,807.0,
6.0,30.0,142.0,165.0,171.0,280.0,338.0,385.0,396.0,423.0,462.0,485.0,492.0,492.0,
3.0,82.0,92.0,112.0,139.0,140.0,166.0,196.0,210.0,245.0,282.0,290.0,300.0,300.0,310.0,388.0,391.0,398.0,413.0,457.0,461.0,492.0,504.0,
27.0,59.0,85.0,129.0,134.0,140.0,221.0,245.0,262.0,262.0,273.0,325.0,382.0,395.0,407.0,750.0,777.0,796.0,804.0,871.0,
15.0,25.0,31.0,42.0,45.0,83.0,119.0,161.0,187.0,222.0,267.0,282.0,295.0,322.0,332.0,333.0,383.0,394.0,412.0,421.0,448.0,499.0,509.0,510.0,532.0,549.0,572.0,575.0,584.0,658.0,672.0,675.0,686.0,689.0,735.0,742.0,769.0,780.0,805.0,856.0,887.0,890.0,898.0,925.0,933.0,973.0,992.0,994.0,
47.0,134.0,159.0,173.0,202.0,301.0,326.0,364.0,424.0,434.0,450.0,470.0,484.0,528.0,529.0,550.0,561.0,595.0,609.0,679.0,688.0,694.0,738.0,765.0,823.0,827.0,831.0,843.0,873.0,890.0,902.0,
