124.0,144.0,160.0,185.0,203.0,213.0,220.0,254.0,256.0,278.0,299.0,351.0,363.0,377.0,377.0,378.0,403.0,430.0,507.0,520.0,523.0,564.0,580.0,599.0,638.0,681.0,688.0,703.0,721.0,735.0,777.0,804.0,806.0,860.0,871.0,885.0,889.0,890.0,945.0,975.0,
10.0,20.0,42.0,64.0,76.0,85.0,99.0,113.0,144.0,159.0,196.0,212.0,234.0,243.0,256.0,276.0,293.0,298.0,316.0,393.0,421.0,424.0,519.0,523.0,550.0,735.0,757.0,797.0,827.0,837.0,853.0,869.0,948.0,992.0,
5.0,61.0,111.0,135.0,137.0,168.0,204.0,230.0,243.0,253.0,308.0,322.0,343.0,374.0,385.0,386.0,417.0,465.0,513.0,515.0,528.0,581.0,671.0,689.0,707.0,719.0,723.0,759.0,772.0,782.0,814.0,820.0,832.0,837.0,873.0,902.0,913.0,929.0,938.0,939.0,994.0,
5.0,46.0,67.0,67.0,87.0,143.0,150.0,173.0,202.0,224.0,244.0,261.0,278.0,300.0,326.0,443.0,444.0,457.0,474.0,515.0,517.0,534.0,568.0,575.0,588.0,615.0,658.0,697.0,714.0,717.0,752.0,829.0,863.0,877.0,881.0,882.0,890.0,967.0,968.0,970.0,
8.0,20.0,22.0,52.0,73.0,132.0,137.0,146.0,184.0,238.0,270.0,320.0,324.0,399.0,422.0,424.0,474.0,555.0,557.0,573.0,587.0,630.0,649.0,654.0,668.0,669.0,679.0,680.0,693.0,699.0,713.0,758.0,777.0,800.0,819.0,819.0,820.0,848.0,862.0,862.0,887.0,891.0,916.0,929.0,931.0,942.0,951.0,973.0,994.0,997.0,
32.0,98.0,105.0,144.0,168.0,170.0,226.0,278.0,319.0,325.0,339.0,364.0,365.0,366.0,407.0,414.0,453.0,509.0,564.0,568.0,601.0,646.0,717.0,753.0,757.0,770.0,792.0,800.0,842.0,845.0,862.0,878.0,884.0,892.0,923.0,941.0,943.0,944.0,954.0,960.0,962.0,967.0,982.0,
69.0,90.0,90.0,94.0,97.0,102.0,130.0,150.0,163.0,181.0,270.0,288.0,312.0,336.0,338.0,384.0,504.0,511.0,516.0,521.0,550.0,552.0,558.0,684.0,714.0,721.0,762.0,785.0,810.0,821.0,826.0,845.0,868.0,872.0,908.0,922.0,925.0,956.0,962.0,982.0,
38.0,81.0,137.0,166.0,176.0,179.0,197.0,202.0,219.0,224.0,259.0,343.0,372.0,416.0,448.0,471.0,500.0,506.0,530.0,532.0,603.0,612.0,614.0,619.0,638.0,645.0,663.0,686.0,699.0,712.0,719.0,762.0,784.0,789.0,799.0,812.0,826.0,837.0,846.0,850.0,890.0,909.0,919.0,921.0,928.0,977.0,
6.0,76.0,80.0,94.0,101.0,112.0,116.0,156.0,216.0,256.0,262.0,322.0,364.0,422.0,431.0,449.0,469.0,477.0,550.0,562.0,565.0,611.0,638.0,655.0,659.0,671.0,695.0,779.0,887.0,934.0,955.0,987.0,
19.0,39.0,70.0,73.0,149.0,193.0,198.0,209.0,211.0,220.0,230.0,252.0,260.0,267.0,292.0,299.0,319.0,412.0,414.0,431.0,457.0,481.0,507.0,615.0,650.0,655.0,662.0,701.0,722.0,739.0,793.0,796.0,820.0,872.0,914.0,920.0,936.0,942.0,952.0,991.0,998.0,
50.0,56.0,107.0,131.0,142.0,155.0,195.0,201.0,206.0,213.0,239.0,262.0,265.0,284.0,340.0,399.0,451.0,494.0,625.0,700.0,709.0,740.0,759.0,763.0,779.0,787.0,804.0,835.0,858.0,864.0,878.0,979.0,
30.0,31.0,63.0,74.0,80.0,131.0,194.0,284.0,320.0,335.0,390.0,452.0,507.0,535.0,539.0,554.0,567.0,579.0,618.0,648.0,685.0,716.0,722.0,729.0,788.0,793.0,797.0,804.0,806.0,824.0,841.0,847.0,849.0,852.0,861.0,909.0,932.0,940.0,944.0,987.0,996.0,
18.0,19.0,19.0,82.0,89.0,108.0,158.0,232.0,257.0,259.0,299.0,318.0,324.0,329.0,375.0,425.0,447.0,458.0,510.0,510.0,545.0,585.0,595.0,596.0,615.0,621.0,721.0,722.0,769.0,770.0,805.0,837.0,891.0,905.0,925.0,942.0,
5.0,22.0,42.0,52.0,100.0,107.0,127.0,147.0,170.0,208.0,266.0,286.0,310.0,322.0,348.0,349.0,351.0,447.0,449.0,454.0,456.0,471.0,497.0,662.0,729.0,752.0,768.0,802.0,807.0,854.0,892.0,
24.0,57.0,62.0,87.0,97.0,150.0,158.0,169.0,202.0,230.0,246.0,270.0,343.0,362.0,374.0,385.0,428.0,446.0,456.0,
65.0,73.0,80.0,96.0,136.0,174.0,178.0,191.0,191.0,210.0,228.0,229.0,369.0,377.0,389.0,399.0,459.0,484.0,510.0,
78.0,107.0,173.0,207.0,216.0,232.0,280.0,286.0,336.0,377.0,394.0,485.0,490.0,880.0,945.0,993.0,
69.0,100.0,111.0,119.0,119.0,159.0,231.0,253.0,283.0,326.0,335.0,378.0,390.0,434.0,465.0,476.0,486.0,762.0,801.0,881.0,882.0,904.0,930.0,954.0,
33.0,34.0,112.0,165.0,186.0,195.0,273.0,295.0,305.0,320.0,322.0,337.0,359.0,399.0,424.0,480.0,492.0,561.0,599.0,635.0,640.0,647.0,662.0,732.0,754.0,768.0,774.0,802.0,817.0,858.0,867.0,890.0,948.0,967.0,
85.0,87.0,90.0,91.0,107.0,118.0,120.0,140.0,186.0,197.0,203.0,232.0,255.0,257.0,278.0,349.0,349.0,373.0,412.0,423.0,430.0,455.0,504.0,520.0,556.0,565.0,584.0,610.0,610.0,628.0,649.0,681.0,738.0,772.0,786.0,822.0,831.0,843.0,908.0,953.0,
9.0,160.0,226.0,242.0,362.0,389.0,403.0,423.0,487.0,493.0,555.0,588.0,628.0,639.0,659.0,667.0,710.0,737.0,739.0,739.0,753.0,754.0,757.0,765.0,824.0,832.0,842.0,847.0,869.0,883.0,899.0,899.0,903.0,984.0,990.0,
24.0,78.0,85.0,161.0,188.0,193.0,246.0,263.0,264.0,269.0,288.0,306.0,320.0,325.0,325.0,334.0,358.0,457.0,469.0,485.0,527.0,569.0,586.0,616.0,636.0,654.0,666.0,677.0,708.0,723.0,730.0,734.0,739.0,748.0,764.0,764.0,770.0,774.0,805.0,809.0,810.0,814.0,815.0,823.0,850.0,948.0,957.0,972.0,973.0,974.0,995.0,
13.0,29.0,128.0,132.0,134.0,167.0,169.0,172.0,214.0,229.0,239.0,259.0,272.0,278.0,337.0,350.0,406.0,425.0,435.0,435.0,441.0,845.0,932.0,
20.0,54.0,91.0,91.0,93.0,104.0,110.0,128.0,166.0,227.0,244.0,283.0,301.0,314.0,343.0,377.0,389.0,405.0,453.0,489.0,
2.0,64.0,67.0,76.0,104.0,127.0,128.0,135.0,141.0,141.0,156.0,190.0,211.0,238.0,251.0,256.0,278.0,290.0,303.0,309.0,427.0,431.0,446.0,457.0,461.0,892.0,954.0,986.0,
51.0,65.0,116.0,126.0,166.0,238.0,245.0,256.0,257.0,307.0,324.0,343.0,372.0,413.0,417.0,
12.0,15.0,46.0,64.0,79.0,129.0,141.0,166.0,178.0,193.0,328.0,329.0,363.0,374.0,383.0,395.0,451.0,461.0,497.0,505.0,
12.0,31.0,31.0,50.0,59.0,87.0,88.0,102.0,141.0,150.0,159.0,161.0,178.0,200.0,237.0,291.0,294.0,301.0,346.0,377.0,380.0,416.0,419.0,433.0,437.0,445.0,457.0,463.0,479.0,504.0,
109.0,116.0,144.0,200.0,227.0,237.0,239.0,261.0,284.0,297.0,393.0,439.0,460.0,903.0,
2.0,28.0,47.0,60.0,67.0,81.0,131.0,135.0,282.0,282.0,283.0,302.0,314.0,332.0,391.0,407.0,420.0,433.0,437.0,474.0,478.0,503.0,524.0,574.0,595.0,600.0,603.0,616.0,627.0,643.0,659.0,663.0,688.0,688.0,725.0,755.0,761.0,764.0,774.0,788.0,847.0,885.0,896.0,907.0,919.0,950.0,955.0,975.0,
2.0,62.0,139.0,143.0,147.0,152.0,181.0,201.0,233.0,234.0,352.0,364.0,376.0,395.0,445.0,448.0,457.0,460.0,510.0,523.0,539.0,540.0,542.0,605.0,607.0,653.0,704.0,710.0,721.0,755.0,801.0,812.0,852.0,853.0,879.0,908.0,909.0,966.0,979.0,
15.0,28.0,31.0,71.0,80.0,86.0,87.0,93.0,93.0,111.0,118.0,121.0,131.0,140.0,168.0,174.0,183.0,190.0,231.0,244.0,249.0,250.0,263.0,288.0,307.0,344.0,429.0,674.0,813.0,837.0,902.0,919.0,946.0,956.0,1000.0,
36.0,47.0,91.0,99.0,146.0,190.0,213.0,290.0,373.0,419.0,449.0,463.0,503.0,
25.0,51.0,53.0,111.0,118.0,143.0,193.0,233.0,246.0,260.0,272.0,323.0,347.0,350.0,355.0,380.0,386.0,398.0,839.0,914.0,
25.0,85.0,90.0,105.0,139.0,144.0,145.0,156.0,159.0,210.0,227.0,229.0,284.0,320.0,324.0,346.0,395.0,463.0,488.0,842.0,898.0,
43.0,98.0,103.0,126.0,134.0,179.0,184.0,187.0,231.0,237.0,244.0,287.0,295.0,337.0,380.0,443.0,455.0,489.0,824.0,834.0,853.0,884.0,911.0,
4.0,29.0,62.0,68.0,148.0,205.0,225.0,226.0,230.0,262.0,288.0,333.0,341.0,346.0,391.0,392.0,438.0,447.0,457.0,467.0,469.0,474.0,477.0,897.0,
13.0,40.0,74.0,155.0,208.0,241.0,265.0,273.0,290.0,292.0,299.0,307.0,335.0,339.0,353.0,374.0,376.0,404.0,412.0,433.0,463.0,469.0,918.0,951.0,961.0,
32.0,58.0,72.0,91.0,106.0,110.0,111.0,212.0,237.0,250.0,268.0,311.0,343.0,345.0,417.0,448.0,465.0,496.0,500.0,
99.0,108.0,122.0,126.0,171.0,175.0,185.0,194.0,200.0,226.0,245.0,253.0,294.0,400.0,417.0,425.0,626.0,634.0,706.0,767.0,804.0,835.0,890.0,949.0,
76.0,89.0,89.0,120.0,152.0,157.0,264.0,271.0,308.0,341.0,358.0,363.0,380.0,381.0,440.0,580.0,597.0,645.0,666.0,682.0,713.0,714.0,734.0,746.0,859.0,879.0,886.0,900.0,918.0,933.0,937.0,972.0,972.0,985.0,1000.0,
47.0,76.0,90.0,94.0,137.0,153.0,208.0,258.0,274.0,362.0,371.0,383.0,385.0,434.0,471.0,498.0,501.0,759.0,823.0,991.0,
16.0,56.0,64.0,124.0,137.0,169.0,186.0,192.0,210.0,229.0,296.0,296.0,308.0,364.0,388.0,407.0,413.0,439.0,442.0,502.0,812.0,993.0,
10.0,22.0,37.0,50.0,77.0,127.0,136.0,175.0,175.0,215.0,220.0,235.0,244.0,246.0,288.0,335.0,342.0,356.0,364.0,376.0,398.0,399.0,425.0,437.0,497.0,905.0,925.0,934.0,974.0,
7.0,50.0,66.0,123.0,124.0,176.0,190.0,210.0,246.0,285.0,349.0,366.0,465.0,472.0,482.0,499.0,503.0,743.0,766.0,775.0,784.0,935.0,936.0,956.0,961.0,
51.0,52.0,109.0,113.0,121.0,166.0,241.0,327.0,370.0,371.0,408.0,409.0,415.0,448.0,450.0,470.0,504.0,729.0,819.0,906.0,981.0,992.0,
33.0,100.0,127.0,134.0,174.0,177.0,180.0,187.0,200.0,348.0,349.0,362.0,462.0,486.0,735.0,842.0,891.0,913.0,
20.0,49.0,73.0,140.0,204.0,246.0,284.0,344.0,387.0,417.0,454.0,454.0,483.0,487.0,781.0,793.0,879.0,936.0,956.0,989.0,997.0,
43.0,47.0,49.0,74.0,78.0,120.0,159.0,180.0,193.0,195.0,195.0,216.0,228.0,300.0,305.0,315.0,351.0,394.0,460.0,468.0,910.0,
28.0,63.0,73.0,87.0,136.0,151.0,175.0,184.0,221.0,252.0,363.0,369.0,375.0,403.0,427.0,444.0,459.0,462.0,478.0,479.0,480.0,501.0,843.0,848.0,950.0,995.0,
37.0,39.0,43.0,53.0,62.0,86.0,111.0,123.0,142.0,146.0,180.0,185.0,215.0,278.0,304.0,304.0,319.0,329.0,334.0,351.0,358.0,434.0,452.0,460.0,471.0,514.0,525.0,530.0,552.0,565.0,598.0,639.0,669.0,673.0,695.0,698.0,738.0,749.0,753.0,778.0,780.0,794.0,846.0,872.0,921.0,922.0,922.0,934.0,942.0,942.0,944.0,945.0,962.0,984.0,987.0,987.0,995.0,
49.0,71.0,89.0,97.0,107.0,142.0,198.0,238.0,313.0,335.0,394.0,406.0,421.0,439.0,
12.0,42.0,97.0,129.0,129.0,149.0,152.0,195.0,212.0,220.0,221.0,236.0,248.0,284.0,372.0,388.0,434.0,440.0,496.0,980.0,987.0,
17.0,20.0,146.0,151.0,152.0,154.0,210.0,255.0,302.0,359.0,370.0,378.0,381.0,488.0,790.0,881.0,931.0,
28.0,125.0,125.0,130.0,140.0,155.0,157.0,202.0,212.0,262.0,265.0,281.0,284.0,322.0,348.0,402.0,420.0,462.0,726.0,808.0,833.0,878.0,912.0,956.0,972.0,
5.0,10.0,19.0,37.0,45.0,135.0,138.0,157.0,226.0,329.0,337.0,347.0,376.0,389.0,472.0,826.0,932.0,
6.0,9.0,16.0,19.0,83.0,87.0,93.0,159.0,214.0,253.0,266.0,291.0,317.0,329.0,346.0,373.0,375.0,425.0,440.0,470.0,828.0,874.0,916.0,960.0,972.0,
27.0,51.0,52.0,55.0,56.0,85.0,176.0,224.0,238.0,274.0,294.0,316.0,369.0,374.0,414.0,424.0,433.0,440.0,450.0,459.0,794.0,826.0,827.0,927.0,
74.0,103.0,123.0,133.0,240.0,242.0,284.0,394.0,448.0,457.0,459.0,961.0,
44.0,151.0,177.0,202.0,315.0,343.0,360.0,372.0,372.0,397.0,398.0,436.0,496.0,505.0,939.0,
9.0,24.0,64.0,112.0,118.0,157.0,259.0,313.0,342.0,342.0,515.0,516.0,524.0,552.0,576.0,596.0,668.0,676.0,690.0,696.0,730.0,753.0,755.0,768.0,781.0,802.0,813.0,829.0,839.0,858.0,956.0,
11.0,41.0,70.0,122.0,158.0,201.0,237.0,264.0,279.0,315.0,340.0,350.0,353.0,355.0,359.0,373.0,509.0,952.0,
10.0,13.0,37.0,74.0,89.0,112.0,136.0,169.0,179.0,217.0,239.0,242.0,315.0,354.0,365.0,384.0,407.0,427.0,444.0,507.0,977.0,986.0,
9.0,12.0,29.0,45.0,65.0,137.0,148.0,154.0,163.0,274.0,320.0,336.0,350.0,351.0,362.0,388.0,394.0,406.0,429.0,429.0,447.0,455.0,474.0,486.0,852.0,
18.0,22.0,34.0,50.0,61.0,121.0,159.0,167.0,171.0,192.0,194.0,231.0,234.0,261.0,300.0,342.0,346.0,459.0,486.0,763.0,773.0,813.0,912.0,949.0,
83.0,98.0,125.0,144.0,165.0,171.0,173.0,227.0,268.0,274.0,297.0,304.0,321.0,350.0,427.0,430.0,488.0,488.0,738.0,849.0,911.0,993.0,
41.0,84.0,89.0,110.0,112.0,123.0,139.0,187.0,202.0,209.0,266.0,272.0,275.0,279.0,293.0,310.0,334.0,342.0,356.0,385.0,393.0,400.0,435.0,471.0,496.0,503.0,781.0,867.0,887.0,920.0,956.0,
4.0,13.0,26.0,47.0,50.0,80.0,93.0,99.0,123.0,158.0,192.0,209.0,256.0,277.0,283.0,294.0,347.0,373.0,420.0,450.0,455.0,794.0,905.0,910.0,954.0,
48.0,52.0,68.0,115.0,190.0,232.0,356.0,363.0,377.0,
5.0,13.0,98.0,144.0,173.0,189.0,234.0,262.0,264.0,279.0,304.0,335.0,368.0,379.0,390.0,416.0,499.0,502.0,505.0,505.0,892.0,
41.0,80.0,176.0,184.0,234.0,256.0,314.0,342.0,438.0,453.0,491.0,515.0,528.0,531.0,550.0,579.0,625.0,704.0,715.0,729.0,730.0,730.0,734.0,774.0,784.0,792.0,814.0,887.0,910.0,927.0,928.0,945.0,962.0,
22.0,57.0,63.0,77.0,88.0,90.0,105.0,152.0,160.0,169.0,176.0,189.0,210.0,319.0,319.0,395.0,464.0,697.0,702.0,704.0,726.0,733.0,764.0,946.0,985.0,992.0,993.0,
6.0,44.0,75.0,103.0,123.0,140.0,173.0,201.0,221.0,237.0,251.0,316.0,353.0,409.0,445.0,457.0,494.0,
2.0,8.0,21.0,26.0,52.0,57.0,58.0,103.0,139.0,140.0,142.0,201.0,227.0,256.0,291.0,299.0,334.0,415.0,447.0,474.0,487.0,498.0,502.0,848.0,
10.0,16.0,40.0,87.0,104.0,128.0,150.0,174.0,191.0,195.0,219.0,336.0,338.0,376.0,424.0,428.0,483.0,495.0,499.0,751.0,869.0,912.0,950.0,978.0,
27.0,29.0,37.0,61.0,81.0,89.0,114.0,197.0,226.0,231.0,232.0,235.0,236.0,252.0,260.0,314.0,420.0,423.0,429.0,461.0,474.0,491.0,499.0,500.0,761.0,788.0,888.0,
26.0,34.0,54.0,59.0,60.0,127.0,168.0,218.0,251.0,273.0,305.0,313.0,395.0,435.0,450.0,453.0,492.0,498.0,728.0,777.0,843.0,847.0,962.0,973.0,
19.0,20.0,65.0,67.0,118.0,147.0,175.0,201.0,223.0,223.0,243.0,288.0,290.0,304.0,320.0,342.0,365.0,369.0,373.0,378.0,403.0,409.0,431.0,435.0,495.0,814.0,918.0,945.0,
52.0,70.0,87.0,88.0,111.0,139.0,144.0,189.0,220.0,234.0,239.0,263.0,299.0,310.0,326.0,402.0,402.0,423.0,434.0,451.0,466.0,488.0,
4.0,44.0,166.0,172.0,230.0,300.0,332.0,358.0,363.0,411.0,414.0,453.0,469.0,682.0,741.0,802.0,826.0,840.0,919.0,935.0,967.0,982.0,996.0,
11.0,14.0,54.0,57.0,78.0,88.0,95.0,115.0,154.0,302.0,317.0,351.0,358.0,389.0,392.0,424.0,453.0,456.0,495.0,496.0,498.0,516.0,529.0,539.0,558.0,617.0,644.0,675.0,725.0,727.0,791.0,803.0,810.0,840.0,841.0,845.0,938.0,939.0,
20.0,46.0,47.0,67.0,89.0,133.0,217.0,295.0,310.0,340.0,357.0,400.0,409.0,415.0,449.0,473.0,523.0,561.0,568.0,572.0,577.0,589.0,620.0,635.0,638.0,652.0,656.0,680.0,707.0,708.0,709.0,714.0,727.0,811.0,838.0,863.0,876.0,889.0,891.0,909.0,916.0,945.0,953.0,963.0,979.0,995.0,
35.0,72.0,92.0,154.0,191.0,220.0,249.0,267.0,295.0,301.0,303.0,350.0,388.0,403.0,461.0,496.0,505.0,700.0,853.0,882.0,934.0,
6.0,34.0,51.0,137.0,139.0,157.0,169.0,197.0,213.0,227.0,365.0,377.0,
3.0,111.0,114.0,134.0,137.0,236.0,243.0,266.0,292.0,309.0,318.0,322.0,341.0,352.0,387.0,424.0,431.0,496.0,
8.0,25.0,121.0,132.0,199.0,206.0,227.0,232.0,249.0,287.0,301.0,302.0,316.0,328.0,346.0,398.0,410.0,459.0,467.0,496.0,920.0,990.0,
21.0,76.0,149.0,160.0,251.0,254.0,297.0,302.0,312.0,316.0,318.0,339.0,404.0,424.0,449.0,460.0,466.0,
6.0,8.0,19.0,40.0,77.0,91.0,104.0,122.0,133.0,145.0,148.0,165.0,207.0,214.0,216.0,319.0,334.0,357.0,386.0,396.0,439.0,450.0,451.0,451.0,452.0,455.0,456.0,
2.0,19.0,77.0,117.0,215.0,225.0,241.0,245.0,268.0,277.0,300.0,305.0,309.0,335.0,348.0,358.0,397.0,408.0,417.0,446.0,464.0,478.0,486.0,487.0,883.0,891.0,897.0,922.0,
31.0,36.0,66.0,133.0,149.0,179.0,188.0,203.0,214.0,227.0,284.0,295.0,313.0,364.0,399.0,433.0,435.0,508.0,675.0,690.0,692.0,698.0,712.0,713.0,725.0,729.0,734.0,780.0,818.0,862.0,910.0,942.0,945.0,
66.0,84.0,128.0,244.0,288.0,318.0,323.0,342.0,391.0,410.0,496.0,502.0,504.0,504.0,505.0,563.0,564.0,575.0,581.0,582.0,597.0,608.0,609.0,622.0,660.0,686.0,698.0,734.0,739.0,753.0,767.0,783.0,795.0,798.0,812.0,854.0,885.0,900.0,938.0,946.0,965.0,996.0,
165.0,187.0,207.0,228.0,260.0,260.0,271.0,277.0,280.0,320.0,366.0,400.0,404.0,405.0,432.0,442.0,490.0,511.0,547.0,550.0,594.0,599.0,612.0,623.0,714.0,784.0,803.0,811.0,827.0,861.0,924.0,945.0,972.0,990.0,991.0,
18.0,28.0,60.0,85.0,108.0,134.0,141.0,156.0,170.0,199.0,206.0,302.0,314.0,323.0,330.0,401.0,444.0,486.0,488.0,500.0,532.0,536.0,567.0,582.0,582.0,589.0,590.0,647.0,660.0,691.0,703.0,790.0,792.0,836.0,844.0,858.0,861.0,863.0,893.0,947.0,960.0,964.0,980.0,
32.0,60.0,79.0,99.0,102.0,124.0,132.0,155.0,168.0,189.0,194.0,202.0,219.0,231.0,237.0,267.0,277.0,278.0,303.0,318.0,322.0,323.0,381.0,389.0,427.0,435.0,454.0,475.0,498.0,500.0,500.0,504.0,662.0,672.0,781.0,793.0,872.0,884.0,886.0,979.0,981.0,
7.0,9.0,22.0,34.0,40.0,53.0,104.0,145.0,170.0,200.0,207.0,208.0,220.0,235.0,291.0,306.0,308.0,340.0,355.0,434.0,455.0,
46.0,49.0,62.0,86.0,92.0,104.0,125.0,161.0,237.0,271.0,298.0,305.0,313.0,323.0,370.0,374.0,396.0,409.0,423.0,467.0,482.0,496.0,505.0,
34.0,41.0,56.0,79.0,95.0,108.0,115.0,126.0,183.0,188.0,195.0,231.0,339.0,413.0,472.0,480.0,508.0,804.0,
47.0,54.0,82.0,82.0,94.0,128.0,138.0,159.0,214.0,216.0,275.0,313.0,351.0,430.0,476.0,637.0,705.0,768.0,898.0,920.0,936.0,954.0,988.0,998.0,
17.0,86.0,95.0,185.0,190.0,194.0,450.0,470.0,482.0,506.0,508.0,528.0,548.0,552.0,558.0,559.0,589.0,595.0,605.0,608.0,621.0,624.0,629.0,647.0,658.0,669.0,673.0,676.0,702.0,719.0,724.0,754.0,777.0,782.0,820.0,849.0,850.0,857.0,870.0,881.0,905.0,932.0,938.0,944.0,955.0,958.0,979.0,989.0,991.0,999.0,
6.0,14.0,50.0,83.0,154.0,162.0,182.0,184.0,206.0,239.0,243.0,256.0,353.0,392.0,394.0,406.0,463.0,499.0,505.0,528.0,538.0,567.0,586.0,600.0,602.0,603.0,607.0,626.0,654.0,657.0,673.0,682.0,700.0,704.0,705.0,706.0,724.0,810.0,832.0,861.0,902.0,902.0,949.0,953.0,999.0,
