2.0,12.0,97.0,138.0,160.0,168.0,171.0,265.0,292.0,329.0,397.0,424.0,447.0,448.0,491.0,538.0,646.0,665.0,674.0,677.0,679.0,700.0,719.0,759.0,763.0,769.0,783.0,803.0,809.0,815.0,846.0,866.0,886.0,902.0,925.0,
77.0,88.0,124.0,142.0,215.0,239.0,270.0,280.0,373.0,388.0,405.0,415.0,459.0,472.0,498.0,546.0,566.0,572.0,576.0,598.0,626.0,633.0,644.0,665.0,687.0,724.0,729.0,731.0,752.0,772.0,773.0,788.0,795.0,856.0,865.0,885.0,887.0,894.0,964.0,997.0,
26.0,44.0,61.0,74.0,74.0,77.0,94.0,114.0,138.0,158.0,179.0,181.0,292.0,300.0,304.0,327.0,333.0,393.0,445.0,466.0,486.0,491.0,495.0,513.0,514.0,515.0,526.0,533.0,542.0,546.0,561.0,589.0,595.0,606.0,654.0,658.0,679.0,698.0,744.0,749.0,752.0,755.0,767.0,782.0,849.0,856.0,869.0,889.0,898.0,910.0,913.0,928.0,958.0,999.0,
21.0,43.0,65.0,75.0,79.0,100.0,140.0,166.0,171.0,181.0,188.0,190.0,191.0,193.0,211.0,256.0,284.0,294.0,309.0,406.0,414.0,421.0,427.0,429.0,430.0,461.0,519.0,546.0,606.0,621.0,627.0,651.0,657.0,668.0,711.0,798.0,858.0,914.0,944.0,946.0,955.0,1000.0,
19.0,50.0,65.0,90.0,91.0,96.0,100.0,125.0,163.0,166.0,199.0,205.0,215.0,218.0,253.0,292.0,297.0,308.0,328.0,359.0,361.0,366.0,374.0,379.0,390.0,408.0,428.0,506.0,521.0,526.0,527.0,545.0,565.0,571.0,603.0,666.0,702.0,703.0,733.0,752.0,756.0,775.0,791.0,848.0,870.0,875.0,914.0,925.0,972.0,
84.0,91.0,104.0,119.0,144.0,213.0,281.0,284.0,285.0,295.0,349.0,365.0,397.0,402.0,416.0,424.0,426.0,486.0,504.0,505.0,518.0,524.0,533.0,549.0,583.0,593.0,601.0,612.0,617.0,662.0,682.0,726.0,731.0,756.0,822.0,843.0,873.0,893.0,898.0,982.0,983.0,
126.0,152.0,163.0,167.0,191.0,226.0,269.0,378.0,390.0,445.0,457.0,516.0,526.0,540.0,603.0,652.0,687.0,694.0,696.0,708.0,715.0,731.0,745.0,765.0,794.0,892.0,913.0,923.0,931.0,952.0,972.0,995.0,
21.0,47.0,99.0,111.0,122.0,150.0,176.0,202.0,245.0,288.0,349.0,372.0,402.0,403.0,422.0,446.0,452.0,490.0,500.0,501.0,585.0,593.0,729.0,753.0,795.0,804.0,870.0,884.0,885.0,940.0,
26.0,31.0,46.0,48.0,48.0,216.0,236.0,279.0,293.0,347.0,377.0,454.0,475.0,564.0,570.0,576.0,592.0,597.0,613.0,625.0,642.0,643.0,676.0,693.0,710.0,721.0,744.0,750.0,844.0,865.0,870.0,938.0,988.0,
21.0,23.0,41.0,57.0,64.0,143.0,152.0,181.0,208.0,239.0,246.0,258.0,289.0,298.0,335.0,342.0,345.0,345.0,383.0,516.0,516.0,530.0,575.0,595.0,620.0,626.0,630.0,676.0,678.0,690.0,702.0,702.0,708.0,764.0,764.0,770.0,875.0,877.0,903.0,905.0,913.0,915.0,935.0,973.0,986.0,997.0,
12.0,14.0,20.0,54.0,90.0,150.0,357.0,377.0,409.0,503.0,511.0,584.0,594.0,627.0,651.0,651.0,728.0,762.0,767.0,784.0,835.0,837.0,843.0,942.0,954.0,994.0,
10.0,52.0,62.0,139.0,251.0,294.0,335.0,361.0,365.0,386.0,430.0,433.0,456.0,461.0,476.0,489.0,506.0,516.0,524.0,529.0,529.0,547.0,570.0,577.0,591.0,594.0,607.0,614.0,632.0,636.0,682.0,688.0,691.0,703.0,719.0,742.0,749.0,814.0,874.0,921.0,999.0,
47.0,52.0,71.0,90.0,99.0,104.0,157.0,176.0,184.0,217.0,218.0,239.0,258.0,281.0,287.0,299.0,301.0,307.0,324.0,325.0,329.0,355.0,378.0,397.0,403.0,403.0,408.0,415.0,440.0,443.0,452.0,466.0,478.0,504.0,523.0,565.0,604.0,610.0,738.0,739.0,758.0,789.0,875.0,883.0,901.0,925.0,972.0,983.0,990.0,
10.0,32.0,37.0,54.0,64.0,83.0,110.0,114.0,120.0,182.0,279.0,285.0,327.0,347.0,387.0,392.0,400.0,418.0,440.0,497.0,510.0,549.0,565.0,596.0,602.0,630.0,630.0,683.0,729.0,789.0,812.0,818.0,824.0,830.0,832.0,868.0,894.0,945.0,970.0,
2.0,16.0,61.0,77.0,109.0,138.0,144.0,160.0,208.0,213.0,227.0,265.0,267.0,310.0,312.0,318.0,327.0,370.0,402.0,404.0,413.0,445.0,503.0,530.0,539.0,579.0,582.0,597.0,627.0,729.0,743.0,851.0,925.0,968.0,
31.0,95.0,119.0,162.0,171.0,188.0,223.0,331.0,354.0,372.0,386.0,388.0,419.0,474.0,514.0,551.0,552.0,590.0,625.0,658.0,693.0,700.0,713.0,714.0,715.0,719.0,743.0,757.0,766.0,791.0,838.0,839.0,910.0,928.0,947.0,
23.0,35.0,47.0,48.0,55.0,81.0,131.0,167.0,193.0,222.0,228.0,243.0,318.0,383.0,391.0,417.0,459.0,532.0,553.0,567.0,574.0,579.0,785.0,818.0,832.0,888.0,923.0,924.0,
43.0,68.0,98.0,126.0,185.0,189.0,247.0,259.0,274.0,284.0,314.0,340.0,351.0,434.0,437.0,497.0,518.0,546.0,639.0,655.0,664.0,700.0,718.0,758.0,817.0,856.0,856.0,877.0,900.0,922.0,934.0,961.0,988.0,
24.0,62.0,62.0,64.0,82.0,86.0,131.0,160.0,171.0,175.0,185.0,192.0,210.0,215.0,223.0,224.0,253.0,254.0,258.0,282.0,290.0,301.0,330.0,360.0,382.0,384.0,421.0,422.0,426.0,433.0,510.0,533.0,533.0,549.0,584.0,605.0,625.0,664.0,704.0,739.0,744.0,776.0,842.0,874.0,913.0,929.0,980.0,986.0,
20.0,49.0,63.0,93.0,94.0,97.0,202.0,214.0,219.0,224.0,257.0,260.0,335.0,338.0,360.0,404.0,433.0,497.0,504.0,558.0,567.0,569.0,652.0,708.0,734.0,736.0,739.0,771.0,774.0,774.0,796.0,805.0,835.0,866.0,938.0,946.0,
4.0,31.0,39.0,102.0,162.0,177.0,185.0,201.0,207.0,251.0,251.0,272.0,273.0,332.0,364.0,373.0,401.0,402.0,444.0,477.0,498.0,501.0,534.0,541.0,544.0,551.0,573.0,592.0,595.0,643.0,678.0,699.0,714.0,741.0,749.0,803.0,840.0,850.0,859.0,860.0,863.0,867.0,878.0,910.0,950.0,997.0,
14.0,15.0,34.0,39.0,82.0,135.0,136.0,157.0,168.0,179.0,189.0,211.0,242.0,253.0,259.0,291.0,330.0,349.0,390.0,401.0,416.0,455.0,465.0,497.0,517.0,534.0,538.0,547.0,552.0,562.0,601.0,637.0,648.0,667.0,740.0,801.0,803.0,841.0,875.0,914.0,938.0,950.0,
19.0,96.0,122.0,170.0,170.0,208.0,215.0,232.0,235.0,256.0,335.0,351.0,362.0,365.0,376.0,420.0,449.0,454.0,456.0,472.0,515.0,531.0,573.0,628.0,635.0,672.0,685.0,740.0,769.0,770.0,777.0,846.0,898.0,903.0,933.0,941.0,975.0,
20.0,56.0,149.0,198.0,234.0,249.0,285.0,325.0,363.0,406.0,435.0,460.0,572.0,572.0,586.0,599.0,605.0,635.0,637.0,676.0,685.0,694.0,709.0,725.0,729.0,730.0,755.0,766.0,804.0,806.0,806.0,897.0,921.0,967.0,
8.0,68.0,76.0,151.0,155.0,189.0,192.0,200.0,219.0,262.0,290.0,298.0,355.0,401.0,432.0,448.0,491.0,501.0,536.0,553.0,632.0,641.0,651.0,705.0,727.0,857.0,872.0,881.0,939.0,
20.0,62.0,64.0,74.0,75.0,87.0,90.0,111.0,116.0,127.0,144.0,154.0,233.0,239.0,365.0,454.0,455.0,459.0,545.0,545.0,571.0,574.0,624.0,655.0,693.0,721.0,757.0,863.0,873.0,978.0,
67.0,77.0,169.0,183.0,221.0,241.0,247.0,274.0,298.0,330.0,330.0,346.0,416.0,456.0,468.0,489.0,539.0,547.0,578.0,597.0,622.0,645.0,760.0,769.0,829.0,832.0,839.0,844.0,844.0,900.0,915.0,951.0,
63.0,112.0,124.0,140.0,228.0,232.0,274.0,276.0,333.0,357.0,370.0,385.0,457.0,478.0,525.0,550.0,581.0,611.0,617.0,637.0,694.0,721.0,755.0,766.0,834.0,922.0,926.0,968.0,
26.0,42.0,45.0,60.0,74.0,89.0,119.0,141.0,181.0,185.0,230.0,245.0,268.0,271.0,277.0,319.0,327.0,339.0,342.0,361.0,378.0,414.0,418.0,426.0,429.0,445.0,481.0,482.0,491.0,581.0,642.0,688.0,705.0,783.0,799.0,845.0,863.0,886.0,887.0,888.0,895.0,899.0,902.0,932.0,950.0,974.0,984.0,990.0,996.0,
45.0,126.0,172.0,193.0,214.0,265.0,270.0,331.0,338.0,424.0,480.0,488.0,494.0,504.0,523.0,555.0,570.0,643.0,678.0,687.0,701.0,706.0,707.0,711.0,741.0,829.0,849.0,921.0,982.0,996.0,
5.0,21.0,25.0,69.0,79.0,114.0,172.0,184.0,354.0,361.0,414.0,426.0,441.0,451.0,459.0,465.0,467.0,476.0,489.0,490.0,513.0,566.0,576.0,610.0,705.0,783.0,793.0,810.0,833.0,845.0,848.0,917.0,919.0,921.0,955.0,964.0,974.0,975.0,983.0,
3.0,16.0,34.0,82.0,137.0,171.0,229.0,234.0,236.0,240.0,241.0,253.0,273.0,283.0,326.0,366.0,388.0,393.0,418.0,447.0,471.0,502.0,542.0,557.0,560.0,576.0,664.0,711.0,716.0,739.0,771.0,800.0,814.0,828.0,919.0,945.0,978.0,
6.0,13.0,36.0,65.0,67.0,81.0,99.0,131.0,162.0,206.0,288.0,300.0,351.0,360.0,420.0,438.0,476.0,484.0,499.0,500.0,521.0,523.0,553.0,610.0,662.0,749.0,773.0,780.0,790.0,804.0,815.0,848.0,852.0,879.0,902.0,903.0,907.0,955.0,959.0,971.0,
77.0,90.0,90.0,207.0,218.0,244.0,322.0,369.0,375.0,381.0,396.0,408.0,443.0,502.0,504.0,508.0,537.0,538.0,553.0,555.0,587.0,700.0,764.0,782.0,852.0,862.0,901.0,916.0,933.0,946.0,967.0,
25.0,50.0,70.0,76.0,111.0,116.0,323.0,331.0,341.0,342.0,358.0,374.0,403.0,412.0,515.0,525.0,529.0,532.0,553.0,558.0,571.0,571.0,583.0,591.0,603.0,637.0,640.0,674.0,698.0,720.0,786.0,786.0,821.0,828.0,907.0,936.0,946.0,986.0,
5.0,17.0,55.0,56.0,101.0,120.0,132.0,152.0,157.0,176.0,227.0,240.0,264.0,267.0,318.0,320.0,336.0,370.0,373.0,384.0,396.0,422.0,444.0,447.0,452.0,491.0,508.0,521.0,522.0,537.0,540.0,555.0,557.0,565.0,576.0,613.0,621.0,638.0,656.0,709.0,733.0,759.0,804.0,810.0,812.0,824.0,839.0,841.0,842.0,848.0,851.0,871.0,892.0,897.0,959.0,964.0,965.0,969.0,976.0,981.0,997.0,
37.0,64.0,65.0,99.0,103.0,143.0,148.0,159.0,170.0,184.0,226.0,267.0,404.0,409.0,474.0,477.0,503.0,523.0,536.0,553.0,566.0,571.0,584.0,590.0,591.0,591.0,613.0,621.0,645.0,651.0,673.0,686.0,704.0,711.0,775.0,811.0,816.0,825.0,825.0,855.0,870.0,915.0,923.0,959.0,960.0,
58.0,60.0,61.0,78.0,80.0,95.0,133.0,190.0,224.0,244.0,262.0,264.0,308.0,331.0,339.0,401.0,455.0,473.0,513.0,589.0,665.0,668.0,757.0,790.0,833.0,841.0,872.0,962.0,
3.0,6.0,21.0,85.0,105.0,119.0,139.0,164.0,264.0,317.0,451.0,464.0,472.0,494.0,501.0,530.0,543.0,548.0,562.0,611.0,680.0,688.0,713.0,724.0,732.0,736.0,756.0,761.0,772.0,797.0,810.0,826.0,868.0,881.0,915.0,948.0,956.0,969.0,971.0,977.0,989.0,995.0,
30.0,48.0,90.0,101.0,113.0,131.0,151.0,166.0,186.0,197.0,269.0,270.0,326.0,344.0,373.0,440.0,471.0,557.0,563.0,591.0,674.0,754.0,754.0,754.0,780.0,827.0,853.0,890.0,913.0,973.0,989.0,994.0,999.0,
9.0,14.0,85.0,90.0,165.0,195.0,237.0,261.0,267.0,299.0,299.0,319.0,412.0,417.0,471.0,518.0,539.0,547.0,602.0,621.0,628.0,647.0,660.0,670.0,687.0,712.0,747.0,793.0,869.0,885.0,903.0,937.0,943.0,962.0,973.0,983.0,988.0,993.0,
19.0,43.0,112.0,122.0,126.0,144.0,145.0,180.0,212.0,213.0,234.0,264.0,285.0,302.0,344.0,364.0,394.0,419.0,422.0,470.0,494.0,525.0,578.0,625.0,631.0,662.0,730.0,768.0,774.0,794.0,801.0,802.0,805.0,823.0,866.0,869.0,878.0,904.0,970.0,
10.0,14.0,71.0,79.0,89.0,100.0,101.0,191.0,205.0,246.0,253.0,286.0,286.0,296.0,366.0,406.0,424.0,499.0,554.0,569.0,593.0,605.0,611.0,622.0,638.0,655.0,689.0,791.0,844.0,893.0,918.0,918.0,922.0,980.0,994.0,996.0,997.0,
19.0,21.0,85.0,89.0,115.0,116.0,120.0,169.0,188.0,208.0,274.0,276.0,281.0,296.0,337.0,521.0,557.0,558.0,558.0,565.0,565.0,567.0,589.0,619.0,642.0,715.0,719.0,722.0,730.0,763.0,771.0,825.0,863.0,916.0,930.0,942.0,979.0,
80.0,90.0,164.0,170.0,173.0,244.0,256.0,257.0,267.0,318.0,390.0,539.0,543.0,546.0,549.0,555.0,561.0,565.0,569.0,570.0,578.0,584.0,594.0,599.0,602.0,608.0,619.0,620.0,623.0,624.0,631.0,643.0,650.0,654.0,674.0,687.0,691.0,692.0,692.0,711.0,725.0,736.0,741.0,745.0,748.0,749.0,752.0,754.0,765.0,774.0,776.0,814.0,820.0,825.0,830.0,833.0,857.0,889.0,890.0,895.0,909.0,932.0,949.0,962.0,966.0,970.0,980.0,983.0,984.0,985.0,
60.0,71.0,76.0,78.0,164.0,210.0,211.0,216.0,221.0,271.0,281.0,289.0,293.0,316.0,323.0,380.0,399.0,451.0,465.0,518.0,522.0,524.0,526.0,529.0,541.0,545.0,546.0,546.0,563.0,576.0,578.0,584.0,585.0,585.0,586.0,592.0,592.0,600.0,600.0,609.0,610.0,640.0,640.0,657.0,662.0,666.0,670.0,685.0,697.0,712.0,723.0,737.0,745.0,755.0,756.0,777.0,789.0,790.0,799.0,809.0,817.0,858.0,868.0,880.0,880.0,887.0,906.0,931.0,965.0,973.0,986.0,994.0,995.0,
93.0,100.0,112.0,130.0,163.0,175.0,182.0,186.0,187.0,222.0,287.0,296.0,373.0,394.0,436.0,438.0,438.0,477.0,520.0,520.0,521.0,521.0,545.0,549.0,551.0,556.0,558.0,558.0,559.0,559.0,560.0,561.0,561.0,563.0,576.0,601.0,603.0,609.0,612.0,632.0,634.0,634.0,659.0,666.0,672.0,681.0,686.0,687.0,696.0,699.0,723.0,726.0,730.0,742.0,761.0,776.0,784.0,785.0,811.0,817.0,828.0,829.0,832.0,844.0,846.0,847.0,879.0,880.0,919.0,923.0,927.0,942.0,963.0,971.0,976.0,
7.0,69.0,116.0,136.0,142.0,142.0,152.0,169.0,209.0,225.0,231.0,245.0,314.0,355.0,406.0,425.0,448.0,449.0,451.0,462.0,465.0,470.0,503.0,519.0,520.0,524.0,532.0,544.0,548.0,554.0,573.0,588.0,634.0,657.0,660.0,664.0,695.0,697.0,765.0,777.0,806.0,826.0,853.0,862.0,863.0,882.0,898.0,908.0,929.0,
7.0,32.0,49.0,70.0,93.0,120.0,170.0,212.0,215.0,237.0,280.0,293.0,331.0,364.0,434.0,463.0,525.0,530.0,543.0,567.0,582.0,587.0,606.0,637.0,698.0,703.0,733.0,754.0,781.0,802.0,804.0,816.0,823.0,851.0,914.0,947.0,957.0,963.0,981.0,983.0,
101.0,103.0,107.0,120.0,132.0,138.0,187.0,192.0,242.0,244.0,292.0,299.0,307.0,373.0,388.0,389.0,488.0,532.0,570.0,583.0,624.0,628.0,660.0,735.0,738.0,744.0,764.0,768.0,803.0,832.0,901.0,947.0,967.0,981.0,991.0,999.0,
37.0,69.0,97.0,124.0,137.0,185.0,232.0,259.0,352.0,381.0,416.0,436.0,479.0,500.0,551.0,567.0,579.0,591.0,600.0,603.0,664.0,696.0,717.0,848.0,872.0,908.0,910.0,927.0,950.0,960.0,997.0,
60.0,72.0,96.0,112.0,122.0,164.0,204.0,254.0,266.0,276.0,293.0,331.0,354.0,356.0,425.0,480.0,491.0,507.0,532.0,551.0,558.0,589.0,595.0,631.0,643.0,652.0,653.0,664.0,667.0,695.0,712.0,757.0,843.0,852.0,870.0,871.0,882.0,917.0,936.0,943.0,961.0,961.0,965.0,995.0,
9.0,21.0,108.0,135.0,152.0,154.0,155.0,170.0,201.0,209.0,222.0,304.0,348.0,454.0,458.0,477.0,477.0,478.0,481.0,488.0,507.0,516.0,621.0,641.0,703.0,750.0,854.0,874.0,942.0,970.0,971.0,
26.0,31.0,85.0,183.0,200.0,221.0,261.0,269.0,272.0,291.0,301.0,324.0,395.0,440.0,450.0,471.0,509.0,510.0,533.0,538.0,541.0,545.0,549.0,552.0,560.0,568.0,593.0,608.0,614.0,633.0,702.0,709.0,714.0,753.0,764.0,772.0,775.0,777.0,794.0,822.0,848.0,855.0,862.0,911.0,919.0,924.0,956.0,996.0,998.0,
18.0,36.0,60.0,85.0,98.0,166.0,166.0,245.0,301.0,334.0,348.0,371.0,373.0,397.0,398.0,424.0,432.0,457.0,467.0,497.0,523.0,534.0,534.0,543.0,544.0,545.0,546.0,551.0,553.0,576.0,581.0,584.0,593.0,595.0,602.0,603.0,614.0,624.0,626.0,627.0,628.0,635.0,636.0,643.0,646.0,657.0,664.0,731.0,735.0,751.0,753.0,774.0,800.0,803.0,806.0,828.0,829.0,832.0,832.0,839.0,867.0,870.0,871.0,873.0,890.0,900.0,924.0,935.0,946.0,962.0,971.0,984.0,985.0,
17.0,30.0,56.0,84.0,84.0,122.0,191.0,220.0,244.0,349.0,378.0,387.0,393.0,401.0,403.0,435.0,459.0,465.0,477.0,486.0,487.0,518.0,520.0,533.0,542.0,543.0,548.0,551.0,553.0,556.0,558.0,558.0,564.0,575.0,577.0,585.0,587.0,587.0,593.0,600.0,607.0,610.0,613.0,618.0,644.0,645.0,649.0,664.0,680.0,685.0,687.0,696.0,725.0,735.0,745.0,760.0,767.0,790.0,802.0,830.0,835.0,844.0,865.0,876.0,902.0,903.0,973.0,986.0,
7.0,15.0,98.0,113.0,121.0,125.0,128.0,164.0,182.0,217.0,258.0,263.0,300.0,317.0,331.0,367.0,374.0,445.0,451.0,475.0,477.0,482.0,494.0,514.0,524.0,525.0,526.0,528.0,532.0,533.0,537.0,540.0,559.0,569.0,573.0,576.0,580.0,590.0,595.0,636.0,641.0,676.0,698.0,705.0,705.0,714.0,729.0,739.0,750.0,753.0,755.0,782.0,785.0,788.0,789.0,790.0,793.0,816.0,863.0,866.0,886.0,900.0,905.0,914.0,929.0,968.0,983.0,983.0,998.0,
17.0,21.0,39.0,39.0,74.0,89.0,90.0,96.0,112.0,156.0,223.0,239.0,263.0,294.0,301.0,317.0,318.0,369.0,373.0,446.0,480.0,513.0,517.0,520.0,523.0,529.0,534.0,535.0,543.0,543.0,556.0,564.0,565.0,582.0,588.0,642.0,653.0,674.0,678.0,686.0,711.0,714.0,734.0,734.0,754.0,767.0,785.0,785.0,789.0,802.0,821.0,851.0,869.0,914.0,917.0,930.0,931.0,931.0,932.0,948.0,
13.0,46.0,227.0,264.0,271.0,329.0,347.0,351.0,367.0,370.0,384.0,467.0,495.0,573.0,587.0,591.0,628.0,631.0,639.0,642.0,703.0,708.0,726.0,756.0,768.0,806.0,825.0,842.0,849.0,911.0,949.0,
15.0,30.0,47.0,48.0,51.0,67.0,67.0,127.0,131.0,173.0,180.0,186.0,187.0,203.0,228.0,271.0,273.0,306.0,360.0,396.0,403.0,423.0,479.0,555.0,556.0,568.0,643.0,687.0,768.0,818.0,833.0,940.0,
18.0,37.0,45.0,110.0,128.0,131.0,137.0,154.0,328.0,334.0,386.0,386.0,395.0,462.0,523.0,569.0,609.0,635.0,670.0,675.0,724.0,726.0,748.0,784.0,785.0,870.0,874.0,903.0,905.0,919.0,941.0,963.0,999.0,
22.0,24.0,55.0,68.0,71.0,81.0,87.0,126.0,140.0,206.0,287.0,296.0,297.0,329.0,392.0,431.0,526.0,532.0,544.0,552.0,555.0,579.0,582.0,582.0,589.0,606.0,615.0,637.0,644.0,676.0,745.0,753.0,779.0,807.0,870.0,890.0,968.0,990.0,994.0,
47.0,97.0,125.0,148.0,154.0,167.0,169.0,175.0,181.0,190.0,221.0,228.0,249.0,304.0,336.0,357.0,416.0,441.0,514.0,534.0,543.0,579.0,627.0,631.0,651.0,684.0,722.0,724.0,749.0,819.0,840.0,853.0,890.0,948.0,948.0,976.0,977.0,989.0,
2.0,55.0,70.0,71.0,115.0,118.0,158.0,160.0,231.0,234.0,269.0,301.0,325.0,325.0,337.0,360.0,386.0,394.0,463.0,506.0,509.0,509.0,522.0,541.0,544.0,556.0,564.0,579.0,584.0,591.0,672.0,693.0,695.0,702.0,756.0,757.0,847.0,860.0,861.0,926.0,928.0,970.0,983.0,988.0,
58.0,178.0,235.0,248.0,269.0,347.0,358.0,424.0,425.0,432.0,493.0,520.0,523.0,528.0,533.0,535.0,541.0,544.0,546.0,546.0,547.0,549.0,555.0,560.0,561.0,574.0,586.0,588.0,593.0,599.0,601.0,601.0,610.0,611.0,625.0,634.0,647.0,650.0,672.0,679.0,685.0,691.0,717.0,735.0,741.0,758.0,779.0,810.0,811.0,817.0,822.0,838.0,840.0,841.0,845.0,853.0,872.0,874.0,880.0,894.0,915.0,918.0,933.0,934.0,955.0,960.0,963.0,966.0,971.0,975.0,981.0,983.0,999.0,
96.0,97.0,131.0,160.0,164.0,214.0,245.0,436.0,453.0,465.0,515.0,518.0,523.0,533.0,545.0,550.0,559.0,562.0,562.0,563.0,569.0,574.0,576.0,581.0,581.0,589.0,592.0,618.0,638.0,639.0,643.0,644.0,661.0,667.0,671.0,681.0,683.0,686.0,696.0,700.0,705.0,755.0,770.0,775.0,795.0,798.0,801.0,810.0,812.0,838.0,842.0,855.0,864.0,879.0,911.0,920.0,944.0,947.0,963.0,971.0,973.0,987.0,991.0,
12.0,19.0,27.0,41.0,56.0,58.0,85.0,144.0,147.0,206.0,228.0,331.0,363.0,369.0,389.0,423.0,442.0,487.0,501.0,524.0,528.0,533.0,534.0,537.0,537.0,540.0,550.0,555.0,559.0,565.0,567.0,567.0,573.0,578.0,578.0,580.0,581.0,582.0,595.0,610.0,611.0,621.0,632.0,633.0,636.0,639.0,642.0,648.0,651.0,661.0,671.0,681.0,714.0,717.0,732.0,750.0,763.0,768.0,782.0,785.0,832.0,849.0,854.0,860.0,896.0,920.0,936.0,944.0,947.0,962.0,975.0,977.0,
16.0,28.0,57.0,106.0,108.0,111.0,177.0,260.0,286.0,332.0,349.0,383.0,388.0,419.0,432.0,534.0,550.0,586.0,588.0,592.0,601.0,654.0,692.0,700.0,703.0,761.0,813.0,858.0,862.0,891.0,894.0,952.0,990.0,
48.0,62.0,71.0,82.0,148.0,157.0,185.0,203.0,208.0,216.0,241.0,251.0,251.0,278.0,309.0,312.0,335.0,350.0,363.0,369.0,390.0,457.0,460.0,474.0,499.0,513.0,519.0,526.0,536.0,542.0,542.0,577.0,608.0,643.0,658.0,671.0,784.0,809.0,844.0,846.0,867.0,901.0,960.0,
46.0,93.0,121.0,127.0,143.0,236.0,252.0,318.0,324.0,387.0,404.0,415.0,417.0,421.0,453.0,457.0,462.0,499.0,515.0,541.0,545.0,552.0,558.0,577.0,622.0,633.0,642.0,671.0,721.0,747.0,748.0,755.0,783.0,814.0,841.0,990.0,
14.0,28.0,61.0,69.0,80.0,97.0,145.0,246.0,286.0,294.0,326.0,332.0,357.0,399.0,431.0,433.0,469.0,485.0,532.0,534.0,540.0,545.0,551.0,580.0,658.0,719.0,721.0,760.0,761.0,793.0,811.0,892.0,899.0,906.0,909.0,994.0,
7.0,80.0,88.0,94.0,94.0,94.0,133.0,153.0,178.0,182.0,194.0,223.0,248.0,261.0,277.0,296.0,309.0,309.0,328.0,332.0,381.0,394.0,457.0,532.0,533.0,572.0,614.0,646.0,668.0,681.0,746.0,779.0,786.0,950.0,952.0,955.0,995.0,
83.0,85.0,126.0,130.0,168.0,179.0,189.0,192.0,210.0,223.0,232.0,236.0,247.0,284.0,336.0,350.0,362.0,384.0,390.0,405.0,425.0,428.0,456.0,504.0,521.0,557.0,568.0,627.0,668.0,688.0,733.0,742.0,743.0,784.0,
5.0,32.0,43.0,45.0,52.0,84.0,166.0,175.0,228.0,237.0,296.0,333.0,337.0,364.0,371.0,372.0,474.0,501.0,513.0,519.0,528.0,557.0,558.0,566.0,592.0,594.0,605.0,669.0,703.0,705.0,729.0,876.0,903.0,970.0,
45.0,48.0,52.0,76.0,94.0,124.0,180.0,213.0,222.0,222.0,231.0,238.0,270.0,277.0,278.0,355.0,371.0,474.0,478.0,480.0,480.0,510.0,515.0,519.0,534.0,548.0,555.0,565.0,576.0,602.0,618.0,619.0,629.0,641.0,646.0,661.0,670.0,679.0,749.0,751.0,780.0,786.0,817.0,875.0,925.0,
86.0,123.0,133.0,190.0,199.0,212.0,269.0,311.0,470.0,480.0,497.0,507.0,510.0,535.0,552.0,563.0,576.0,590.0,590.0,599.0,607.0,608.0,652.0,694.0,718.0,750.0,771.0,781.0,792.0,811.0,864.0,866.0,887.0,889.0,902.0,929.0,939.0,963.0,994.0,999.0,
33.0,69.0,128.0,143.0,156.0,170.0,174.0,183.0,249.0,262.0,307.0,331.0,367.0,420.0,423.0,438.0,438.0,452.0,468.0,482.0,498.0,537.0,600.0,627.0,642.0,643.0,672.0,674.0,731.0,746.0,762.0,774.0,798.0,808.0,856.0,863.0,873.0,883.0,
41.0,46.0,51.0,118.0,141.0,153.0,170.0,174.0,176.0,180.0,192.0,216.0,237.0,327.0,356.0,419.0,429.0,433.0,468.0,473.0,493.0,498.0,499.0,503.0,561.0,622.0,637.0,675.0,680.0,697.0,798.0,829.0,872.0,904.0,910.0,913.0,962.0,978.0,
19.0,55.0,156.0,195.0,216.0,239.0,289.0,299.0,303.0,338.0,488.0,491.0,523.0,541.0,563.0,667.0,715.0,719.0,775.0,832.0,833.0,839.0,844.0,872.0,914.0,944.0,988.0,
36.0,77.0,95.0,128.0,137.0,139.0,206.0,216.0,369.0,382.0,395.0,442.0,454.0,457.0,492.0,509.0,529.0,604.0,643.0,707.0,757.0,760.0,773.0,784.0,790.0,801.0,802.0,806.0,817.0,875.0,902.0,998.0,
7.0,30.0,89.0,108.0,111.0,111.0,111.0,136.0,174.0,203.0,209.0,220.0,235.0,265.0,267.0,308.0,329.0,338.0,350.0,366.0,373.0,379.0,385.0,434.0,480.0,487.0,501.0,514.0,612.0,626.0,687.0,702.0,716.0,722.0,741.0,758.0,770.0,819.0,850.0,905.0,978.0,983.0,
5.0,13.0,54.0,115.0,143.0,173.0,207.0,222.0,245.0,248.0,257.0,262.0,281.0,296.0,307.0,312.0,348.0,407.0,468.0,469.0,525.0,560.0,568.0,571.0,586.0,600.0,630.0,664.0,671.0,696.0,756.0,794.0,810.0,824.0,
29.0,81.0,83.0,114.0,130.0,143.0,197.0,213.0,225.0,241.0,244.0,354.0,413.0,450.0,489.0,555.0,574.0,594.0,631.0,644.0,665.0,739.0,744.0,749.0,805.0,833.0,882.0,894.0,910.0,913.0,950.0,980.0,980.0,
3.0,41.0,59.0,64.0,68.0,77.0,101.0,141.0,144.0,235.0,264.0,283.0,298.0,364.0,389.0,390.0,391.0,397.0,397.0,423.0,441.0,468.0,489.0,506.0,511.0,546.0,550.0,642.0,699.0,718.0,751.0,751.0,778.0,863.0,901.0,910.0,
12.0,53.0,59.0,71.0,163.0,192.0,207.0,237.0,257.0,270.0,273.0,442.0,469.0,512.0,596.0,601.0,654.0,698.0,741.0,775.0,792.0,842.0,855.0,893.0,899.0,906.0,913.0,998.0,
2.0,62.0,115.0,123.0,175.0,185.0,194.0,196.0,243.0,250.0,256.0,295.0,341.0,439.0,481.0,487.0,550.0,574.0,599.0,603.0,604.0,616.0,630.0,668.0,718.0,748.0,849.0,898.0,960.0,991.0,991.0,
12.0,28.0,49.0,51.0,81.0,85.0,100.0,125.0,141.0,152.0,162.0,192.0,235.0,236.0,249.0,287.0,332.0,335.0,345.0,367.0,469.0,494.0,532.0,576.0,582.0,588.0,654.0,723.0,791.0,820.0,912.0,935.0,952.0,
59.0,87.0,112.0,115.0,120.0,122.0,136.0,161.0,202.0,230.0,237.0,272.0,279.0,352.0,365.0,378.0,379.0,460.0,473.0,485.0,488.0,501.0,558.0,558.0,567.0,583.0,628.0,650.0,651.0,662.0,663.0,688.0,692.0,726.0,729.0,729.0,733.0,745.0,757.0,778.0,782.0,783.0,784.0,807.0,807.0,826.0,861.0,891.0,930.0,960.0,
11.0,38.0,75.0,88.0,107.0,112.0,168.0,172.0,174.0,193.0,198.0,214.0,215.0,216.0,232.0,251.0,276.0,281.0,292.0,327.0,351.0,388.0,426.0,458.0,470.0,511.0,548.0,555.0,568.0,658.0,673.0,680.0,704.0,749.0,759.0,781.0,930.0,992.0,994.0,
2.0,13.0,42.0,48.0,100.0,160.0,219.0,239.0,267.0,272.0,281.0,305.0,312.0,343.0,355.0,390.0,394.0,430.0,462.0,475.0,533.0,544.0,547.0,598.0,631.0,668.0,677.0,686.0,809.0,814.0,818.0,829.0,890.0,910.0,919.0,937.0,
21.0,38.0,63.0,73.0,79.0,143.0,151.0,175.0,182.0,183.0,204.0,215.0,232.0,247.0,260.0,280.0,285.0,299.0,355.0,386.0,414.0,474.0,509.0,538.0,577.0,613.0,620.0,626.0,661.0,686.0,700.0,717.0,727.0,746.0,783.0,856.0,900.0,950.0,
34.0,37.0,102.0,137.0,140.0,161.0,199.0,308.0,335.0,384.0,414.0,431.0,434.0,468.0,553.0,580.0,580.0,581.0,601.0,637.0,723.0,728.0,733.0,761.0,797.0,811.0,871.0,886.0,965.0,
6.0,29.0,31.0,35.0,45.0,58.0,77.0,169.0,170.0,231.0,263.0,271.0,283.0,364.0,365.0,381.0,454.0,459.0,473.0,477.0,550.0,570.0,571.0,584.0,647.0,706.0,722.0,757.0,779.0,791.0,803.0,826.0,854.0,857.0,872.0,941.0,975.0,991.0,
64.0,107.0,108.0,124.0,170.0,183.0,242.0,255.0,360.0,400.0,424.0,429.0,460.0,482.0,488.0,556.0,646.0,657.0,671.0,729.0,799.0,814.0,819.0,863.0,889.0,899.0,910.0,938.0,940.0,990.0,996.0,997.0,
64.0,97.0,102.0,104.0,153.0,206.0,230.0,238.0,255.0,299.0,336.0,356.0,359.0,413.0,440.0,450.0,452.0,465.0,491.0,545.0,567.0,568.0,622.0,644.0,673.0,673.0,676.0,683.0,690.0,714.0,769.0,801.0,821.0,846.0,893.0,895.0,902.0,905.0,961.0,964.0,
48.0,58.0,122.0,177.0,180.0,210.0,231.0,277.0,280.0,289.0,289.0,340.0,361.0,386.0,396.0,398.0,403.0,419.0,433.0,438.0,439.0,441.0,470.0,495.0,503.0,597.0,617.0,621.0,627.0,662.0,663.0,679.0,696.0,722.0,728.0,768.0,836.0,854.0,895.0,898.0,899.0,907.0,936.0,942.0,984.0,989.0,992.0,
61.0,66.0,70.0,73.0,105.0,105.0,125.0,131.0,159.0,160.0,184.0,196.0,263.0,274.0,276.0,290.0,295.0,385.0,395.0,465.0,499.0,505.0,505.0,562.0,595.0,610.0,649.0,661.0,684.0,723.0,752.0,757.0,780.0,861.0,885.0,900.0,944.0,950.0,982.0,986.0,
54.0,141.0,142.0,180.0,212.0,240.0,253.0,269.0,274.0,275.0,279.0,288.0,320.0,345.0,394.0,400.0,459.0,461.0,562.0,611.0,642.0,654.0,656.0,692.0,747.0,772.0,808.0,816.0,818.0,841.0,856.0,895.0,899.0,921.0,
74.0,138.0,143.0,154.0,165.0,213.0,242.0,265.0,290.0,294.0,332.0,341.0,385.0,394.0,395.0,403.0,475.0,481.0,519.0,589.0,668.0,738.0,742.0,745.0,754.0,758.0,766.0,831.0,891.0,892.0,955.0,975.0,986.0,989.0,
23.0,23.0,33.0,54.0,98.0,133.0,138.0,152.0,167.0,182.0,182.0,228.0,234.0,267.0,290.0,326.0,402.0,404.0,501.0,552.0,603.0,609.0,700.0,705.0,769.0,807.0,814.0,832.0,841.0,917.0,980.0,
