27.0,75.0,116.0,173.0,201.0,216.0,238.0,250.0,325.0,373.0,409.0,443.0,464.0,501.0,510.0,515.0,581.0,609.0,639.0,756.0,870.0,899.0,935.0,965.0,992.0,993.0,995.0,998.0,
42.0,46.0,73.0,118.0,143.0,144.0,146.0,153.0,162.0,226.0,237.0,241.0,279.0,305.0,321.0,340.0,361.0,385.0,389.0,411.0,424.0,443.0,502.0,546.0,549.0,575.0,591.0,601.0,634.0,676.0,676.0,681.0,695.0,747.0,750.0,759.0,779.0,780.0,820.0,829.0,840.0,844.0,855.0,913.0,920.0,937.0,949.0,950.0,962.0,979.0,991.0,993.0,998.0,
61.0,70.0,77.0,110.0,147.0,164.0,178.0,187.0,205.0,333.0,344.0,382.0,417.0,466.0,489.0,497.0,501.0,528.0,535.0,544.0,556.0,598.0,615.0,623.0,651.0,685.0,706.0,738.0,754.0,804.0,808.0,819.0,837.0,870.0,876.0,894.0,919.0,937.0,972.0,
3.0,13.0,27.0,58.0,61.0,69.0,101.0,144.0,174.0,224.0,231.0,239.0,277.0,290.0,315.0,351.0,397.0,411.0,432.0,454.0,470.0,479.0,482.0,488.0,554.0,568.0,574.0,580.0,593.0,610.0,615.0,620.0,646.0,655.0,673.0,707.0,715.0,718.0,736.0,741.0,754.0,770.0,781.0,803.0,838.0,848.0,923.0,928.0,952.0,999.0,1000.0,
85.0,86.0,90.0,125.0,160.0,178.0,227.0,231.0,287.0,347.0,374.0,409.0,424.0,437.0,451.0,483.0,489.0,516.0,564.0,564.0,596.0,622.0,656.0,675.0,700.0,708.0,790.0,816.0,818.0,820.0,878.0,924.0,924.0,
36.0,51.0,86.0,108.0,120.0,157.0,158.0,178.0,226.0,245.0,316.0,341.0,384.0,421.0,449.0,452.0,469.0,483.0,505.0,505.0,520.0,555.0,584.0,586.0,654.0,673.0,679.0,687.0,700.0,752.0,766.0,822.0,834.0,836.0,867.0,868.0,897.0,945.0,969.0,
31.0,44.0,61.0,154.0,178.0,194.0,201.0,204.0,207.0,240.0,240.0,265.0,288.0,316.0,319.0,405.0,469.0,517.0,546.0,613.0,651.0,697.0,700.0,712.0,750.0,758.0,824.0,851.0,858.0,859.0,863.0,867.0,896.0,964.0,976.0,
27.0,55.0,113.0,148.0,161.0,165.0,175.0,188.0,233.0,238.0,261.0,268.0,398.0,501.0,536.0,606.0,684.0,694.0,740.0,763.0,786.0,788.0,796.0,800.0,831.0,859.0,900.0,902.0,919.0,960.0,994.0,
26.0,62.0,94.0,97.0,109.0,123.0,170.0,214.0,333.0,334.0,362.0,479.0,513.0,546.0,547.0,555.0,557.0,561.0,578.0,668.0,776.0,796.0,809.0,843.0,853.0,882.0,891.0,895.0,900.0,902.0,926.0,944.0,946.0,
38.0,59.0,63.0,82.0,100.0,149.0,166.0,253.0,255.0,277.0,285.0,292.0,298.0,326.0,348.0,376.0,389.0,412.0,422.0,495.0,499.0,501.0,515.0,561.0,579.0,619.0,636.0,674.0,693.0,704.0,730.0,739.0,766.0,783.0,787.0,813.0,828.0,831.0,885.0,934.0,936.0,938.0,979.0,980.0,
21.0,36.0,85.0,117.0,160.0,199.0,220.0,221.0,223.0,244.0,250.0,259.0,274.0,315.0,343.0,371.0,458.0,490.0,511.0,524.0,530.0,539.0,548.0,613.0,642.0,677.0,681.0,733.0,735.0,791.0,804.0,819.0,831.0,836.0,892.0,904.0,907.0,927.0,973.0,994.0,
17.0,35.0,37.0,42.0,68.0,84.0,91.0,136.0,140.0,178.0,186.0,199.0,213.0,273.0,281.0,303.0,307.0,314.0,394.0,420.0,494.0,502.0,518.0,574.0,608.0,610.0,634.0,665.0,689.0,691.0,695.0,712.0,722.0,750.0,776.0,818.0,829.0,840.0,871.0,871.0,877.0,884.0,885.0,889.0,894.0,923.0,937.0,960.0,975.0,992.0,1000.0,
4.0,39.0,68.0,72.0,78.0,103.0,135.0,193.0,242.0,243.0,248.0,265.0,266.0,273.0,284.0,291.0,304.0,322.0,373.0,381.0,420.0,443.0,473.0,505.0,528.0,620.0,652.0,693.0,707.0,717.0,723.0,743.0,767.0,798.0,802.0,802.0,830.0,853.0,873.0,893.0,908.0,970.0,971.0,972.0,974.0,
12.0,27.0,60.0,62.0,189.0,200.0,231.0,276.0,303.0,365.0,375.0,484.0,492.0,515.0,533.0,547.0,578.0,645.0,646.0,651.0,678.0,681.0,684.0,754.0,801.0,801.0,818.0,835.0,852.0,905.0,941.0,
75.0,97.0,103.0,113.0,125.0,191.0,201.0,212.0,229.0,273.0,315.0,350.0,353.0,372.0,418.0,451.0,454.0,457.0,473.0,494.0,512.0,529.0,544.0,567.0,617.0,625.0,642.0,719.0,793.0,820.0,822.0,846.0,958.0,959.0,
18.0,35.0,66.0,112.0,146.0,169.0,171.0,173.0,188.0,194.0,210.0,273.0,295.0,368.0,398.0,410.0,414.0,429.0,483.0,533.0,541.0,553.0,565.0,567.0,580.0,617.0,618.0,637.0,644.0,677.0,687.0,694.0,705.0,710.0,807.0,832.0,852.0,874.0,896.0,898.0,921.0,929.0,932.0,934.0,968.0,
23.0,52.0,60.0,74.0,96.0,99.0,140.0,156.0,160.0,175.0,207.0,256.0,319.0,357.0,479.0,516.0,525.0,538.0,566.0,652.0,701.0,707.0,726.0,762.0,766.0,767.0,774.0,787.0,793.0,795.0,818.0,883.0,917.0,940.0,962.0,991.0,
51.0,69.0,99.0,134.0,183.0,207.0,228.0,229.0,309.0,342.0,367.0,381.0,434.0,506.0,628.0,635.0,693.0,757.0,795.0,871.0,893.0,930.0,936.0,960.0,971.0,984.0,
29.0,37.0,74.0,124.0,178.0,179.0,193.0,197.0,259.0,278.0,278.0,303.0,347.0,414.0,443.0,451.0,460.0,461.0,475.0,487.0,497.0,532.0,559.0,571.0,586.0,609.0,668.0,689.0,759.0,779.0,780.0,816.0,830.0,838.0,892.0,981.0,
42.0,164.0,184.0,185.0,193.0,204.0,282.0,322.0,355.0,406.0,431.0,436.0,495.0,531.0,566.0,602.0,629.0,663.0,740.0,757.0,789.0,872.0,879.0,915.0,955.0,958.0,960.0,978.0,987.0,
22.0,148.0,169.0,175.0,193.0,225.0,227.0,291.0,292.0,306.0,417.0,476.0,482.0,484.0,512.0,530.0,557.0,610.0,630.0,646.0,691.0,709.0,712.0,768.0,795.0,831.0,836.0,856.0,865.0,949.0,952.0,978.0,
49.0,49.0,120.0,135.0,164.0,227.0,301.0,355.0,395.0,407.0,477.0,478.0,548.0,589.0,590.0,603.0,625.0,644.0,651.0,669.0,674.0,689.0,689.0,693.0,714.0,734.0,758.0,782.0,799.0,859.0,881.0,887.0,896.0,907.0,967.0,981.0,982.0,
31.0,41.0,70.0,73.0,79.0,85.0,136.0,138.0,149.0,150.0,151.0,174.0,181.0,190.0,223.0,231.0,259.0,277.0,287.0,320.0,320.0,331.0,335.0,385.0,401.0,407.0,460.0,487.0,500.0,554.0,564.0,578.0,581.0,582.0,627.0,661.0,678.0,735.0,759.0,809.0,848.0,906.0,907.0,922.0,941.0,
7.0,41.0,48.0,50.0,61.0,141.0,163.0,182.0,246.0,269.0,274.0,299.0,329.0,347.0,396.0,399.0,407.0,469.0,476.0,494.0,515.0,698.0,821.0,822.0,865.0,901.0,902.0,925.0,928.0,980.0,1000.0,
3.0,39.0,61.0,63.0,78.0,79.0,92.0,118.0,220.0,233.0,249.0,281.0,318.0,323.0,358.0,375.0,392.0,442.0,442.0,451.0,453.0,463.0,471.0,511.0,603.0,616.0,627.0,655.0,663.0,715.0,720.0,731.0,755.0,774.0,783.0,906.0,913.0,952.0,965.0,981.0,990.0,
8.0,8.0,42.0,88.0,92.0,118.0,127.0,161.0,165.0,178.0,179.0,182.0,208.0,267.0,344.0,423.0,443.0,452.0,472.0,498.0,498.0,557.0,566.0,719.0,772.0,845.0,916.0,919.0,983.0,998.0,
10.0,20.0,24.0,65.0,120.0,153.0,156.0,242.0,244.0,257.0,258.0,261.0,300.0,379.0,414.0,437.0,452.0,463.0,467.0,471.0,536.0,545.0,560.0,572.0,617.0,655.0,680.0,740.0,748.0,795.0,923.0,929.0,
136.0,157.0,163.0,177.0,193.0,215.0,241.0,274.0,285.0,318.0,326.0,390.0,395.0,405.0,465.0,501.0,503.0,525.0,536.0,544.0,559.0,563.0,572.0,609.0,617.0,660.0,718.0,760.0,793.0,801.0,828.0,926.0,939.0,963.0,
2.0,59.0,65.0,69.0,82.0,91.0,117.0,170.0,196.0,208.0,213.0,215.0,216.0,239.0,299.0,466.0,517.0,607.0,629.0,656.0,665.0,687.0,693.0,755.0,765.0,766.0,798.0,800.0,801.0,804.0,833.0,856.0,873.0,874.0,909.0,921.0,926.0,942.0,990.0,
66.0,70.0,78.0,102.0,113.0,137.0,155.0,163.0,168.0,198.0,207.0,315.0,393.0,413.0,466.0,558.0,559.0,602.0,694.0,734.0,760.0,774.0,783.0,941.0,959.0,993.0,
7.0,134.0,139.0,154.0,167.0,174.0,205.0,231.0,242.0,259.0,296.0,325.0,362.0,370.0,378.0,465.0,508.0,580.0,587.0,591.0,591.0,604.0,604.0,616.0,639.0,643.0,660.0,715.0,749.0,797.0,805.0,814.0,820.0,874.0,890.0,896.0,915.0,931.0,934.0,972.0,992.0,996.0,
10.0,24.0,37.0,52.0,68.0,120.0,129.0,170.0,198.0,209.0,245.0,246.0,331.0,332.0,339.0,344.0,385.0,397.0,418.0,519.0,526.0,533.0,563.0,572.0,621.0,691.0,701.0,734.0,744.0,766.0,777.0,778.0,793.0,835.0,855.0,856.0,868.0,957.0,960.0,962.0,972.0,
33.0,84.0,150.0,151.0,170.0,228.0,300.0,309.0,353.0,374.0,412.0,415.0,450.0,457.0,473.0,513.0,552.0,627.0,645.0,654.0,659.0,666.0,672.0,675.0,678.0,709.0,731.0,736.0,753.0,782.0,783.0,906.0,964.0,
74.0,86.0,110.0,140.0,178.0,192.0,196.0,202.0,204.0,225.0,269.0,374.0,384.0,387.0,415.0,480.0,504.0,511.0,515.0,522.0,545.0,578.0,667.0,686.0,770.0,786.0,859.0,864.0,898.0,918.0,925.0,936.0,977.0,
28.0,52.0,83.0,94.0,130.0,131.0,192.0,210.0,219.0,312.0,361.0,362.0,382.0,406.0,408.0,427.0,529.0,529.0,547.0,552.0,566.0,603.0,610.0,627.0,652.0,680.0,688.0,693.0,711.0,721.0,768.0,791.0,806.0,817.0,916.0,925.0,931.0,942.0,952.0,970.0,
28.0,34.0,62.0,99.0,127.0,156.0,161.0,173.0,194.0,220.0,226.0,283.0,329.0,336.0,459.0,473.0,473.0,499.0,503.0,510.0,533.0,537.0,553.0,555.0,555.0,569.0,589.0,589.0,596.0,601.0,602.0,618.0,637.0,671.0,691.0,693.0,701.0,717.0,717.0,726.0,737.0,738.0,790.0,801.0,813.0,826.0,906.0,965.0,994.0,995.0,997.0,
25.0,96.0,100.0,135.0,143.0,148.0,239.0,290.0,328.0,340.0,357.0,359.0,366.0,375.0,433.0,456.0,464.0,483.0,529.0,534.0,539.0,545.0,552.0,555.0,564.0,577.0,614.0,639.0,660.0,665.0,694.0,714.0,717.0,745.0,749.0,751.0,755.0,832.0,843.0,845.0,847.0,851.0,870.0,907.0,910.0,954.0,964.0,984.0,
8.0,81.0,148.0,182.0,223.0,262.0,275.0,337.0,339.0,381.0,410.0,459.0,475.0,475.0,557.0,724.0,770.0,798.0,799.0,856.0,904.0,924.0,934.0,936.0,962.0,986.0,1000.0,
7.0,16.0,53.0,72.0,90.0,170.0,199.0,217.0,222.0,280.0,306.0,329.0,359.0,360.0,364.0,412.0,419.0,497.0,501.0,550.0,642.0,652.0,655.0,695.0,712.0,766.0,776.0,854.0,856.0,863.0,898.0,959.0,989.0,
27.0,52.0,82.0,83.0,84.0,104.0,108.0,115.0,131.0,134.0,170.0,182.0,229.0,231.0,269.0,318.0,337.0,371.0,380.0,463.0,469.0,494.0,554.0,598.0,607.0,617.0,632.0,642.0,650.0,671.0,740.0,741.0,802.0,852.0,861.0,890.0,921.0,
25.0,28.0,47.0,69.0,77.0,83.0,169.0,232.0,237.0,237.0,240.0,257.0,303.0,309.0,321.0,337.0,434.0,452.0,466.0,478.0,529.0,539.0,653.0,712.0,712.0,748.0,825.0,854.0,891.0,979.0,989.0,
7.0,13.0,21.0,25.0,33.0,41.0,56.0,63.0,64.0,72.0,122.0,145.0,164.0,247.0,279.0,299.0,337.0,339.0,356.0,366.0,372.0,391.0,414.0,447.0,467.0,501.0,514.0,517.0,527.0,552.0,599.0,609.0,614.0,627.0,698.0,719.0,722.0,732.0,737.0,799.0,806.0,865.0,893.0,932.0,943.0,991.0,
4.0,56.0,72.0,81.0,92.0,121.0,130.0,138.0,143.0,155.0,194.0,201.0,222.0,340.0,351.0,354.0,413.0,577.0,581.0,647.0,653.0,695.0,776.0,781.0,828.0,847.0,956.0,984.0,997.0,
27.0,47.0,78.0,116.0,131.0,133.0,142.0,150.0,191.0,195.0,209.0,244.0,257.0,261.0,313.0,343.0,359.0,367.0,421.0,444.0,444.0,458.0,477.0,527.0,576.0,576.0,664.0,670.0,671.0,676.0,681.0,685.0,696.0,733.0,745.0,772.0,774.0,797.0,800.0,834.0,869.0,906.0,928.0,984.0,996.0,
63.0,69.0,81.0,90.0,126.0,143.0,159.0,162.0,245.0,295.0,343.0,365.0,368.0,383.0,408.0,412.0,457.0,531.0,531.0,538.0,554.0,558.0,578.0,580.0,580.0,582.0,585.0,588.0,591.0,602.0,628.0,629.0,630.0,641.0,647.0,667.0,677.0,678.0,681.0,682.0,686.0,695.0,699.0,712.0,750.0,752.0,756.0,763.0,769.0,773.0,779.0,781.0,797.0,799.0,816.0,821.0,823.0,838.0,842.0,882.0,885.0,917.0,918.0,923.0,926.0,934.0,958.0,962.0,
45.0,61.0,73.0,78.0,119.0,159.0,171.0,181.0,189.0,203.0,262.0,273.0,290.0,354.0,373.0,394.0,405.0,420.0,499.0,524.0,526.0,530.0,533.0,534.0,535.0,536.0,539.0,543.0,569.0,572.0,582.0,598.0,600.0,602.0,606.0,609.0,614.0,627.0,631.0,633.0,634.0,635.0,652.0,662.0,677.0,684.0,689.0,692.0,695.0,730.0,740.0,746.0,747.0,748.0,751.0,757.0,758.0,778.0,782.0,786.0,787.0,803.0,808.0,815.0,823.0,868.0,878.0,883.0,893.0,895.0,925.0,930.0,944.0,949.0,949.0,949.0,977.0,
45.0,51.0,98.0,110.0,127.0,150.0,156.0,184.0,199.0,228.0,231.0,249.0,250.0,251.0,263.0,270.0,281.0,292.0,350.0,371.0,375.0,391.0,392.0,394.0,407.0,422.0,431.0,439.0,458.0,511.0,519.0,520.0,521.0,526.0,531.0,536.0,537.0,543.0,544.0,558.0,560.0,577.0,580.0,584.0,585.0,593.0,605.0,621.0,630.0,632.0,637.0,658.0,660.0,674.0,677.0,685.0,696.0,708.0,723.0,727.0,740.0,745.0,772.0,777.0,782.0,789.0,791.0,791.0,805.0,831.0,848.0,857.0,858.0,863.0,867.0,871.0,879.0,899.0,903.0,913.0,913.0,916.0,919.0,920.0,936.0,940.0,954.0,980.0,988.0,
65.0,96.0,130.0,242.0,253.0,274.0,293.0,309.0,327.0,331.0,344.0,345.0,349.0,356.0,384.0,386.0,420.0,470.0,476.0,492.0,515.0,522.0,535.0,538.0,577.0,586.0,606.0,607.0,609.0,614.0,635.0,644.0,715.0,771.0,788.0,798.0,807.0,810.0,851.0,887.0,895.0,934.0,943.0,956.0,965.0,976.0,976.0,
38.0,82.0,98.0,115.0,172.0,194.0,230.0,245.0,250.0,301.0,402.0,404.0,422.0,432.0,441.0,451.0,505.0,515.0,526.0,534.0,539.0,575.0,577.0,591.0,613.0,712.0,730.0,732.0,787.0,800.0,825.0,870.0,900.0,902.0,960.0,990.0,998.0,
15.0,17.0,47.0,65.0,92.0,110.0,166.0,181.0,181.0,246.0,294.0,295.0,309.0,324.0,347.0,371.0,392.0,413.0,455.0,489.0,547.0,553.0,588.0,600.0,618.0,689.0,713.0,716.0,729.0,762.0,772.0,805.0,821.0,834.0,843.0,874.0,904.0,913.0,919.0,924.0,974.0,
6.0,17.0,57.0,59.0,63.0,67.0,90.0,121.0,149.0,170.0,178.0,215.0,226.0,254.0,254.0,266.0,278.0,306.0,339.0,366.0,385.0,408.0,408.0,422.0,423.0,468.0,490.0,553.0,566.0,593.0,597.0,618.0,631.0,635.0,647.0,697.0,700.0,724.0,748.0,772.0,780.0,821.0,865.0,911.0,947.0,960.0,996.0,
29.0,80.0,91.0,118.0,123.0,196.0,213.0,222.0,293.0,295.0,316.0,343.0,356.0,378.0,414.0,425.0,451.0,498.0,506.0,523.0,547.0,551.0,591.0,596.0,646.0,713.0,739.0,749.0,761.0,798.0,815.0,819.0,823.0,833.0,838.0,857.0,873.0,916.0,918.0,928.0,
53.0,109.0,198.0,200.0,240.0,253.0,262.0,283.0,310.0,316.0,328.0,393.0,410.0,413.0,428.0,515.0,562.0,596.0,605.0,695.0,715.0,737.0,805.0,820.0,851.0,854.0,872.0,899.0,900.0,908.0,909.0,912.0,972.0,
33.0,123.0,161.0,169.0,185.0,199.0,204.0,211.0,213.0,231.0,244.0,253.0,268.0,278.0,341.0,396.0,407.0,458.0,460.0,488.0,523.0,551.0,558.0,558.0,569.0,580.0,584.0,590.0,615.0,619.0,636.0,651.0,679.0,712.0,736.0,752.0,762.0,766.0,768.0,780.0,782.0,793.0,847.0,859.0,881.0,925.0,964.0,
38.0,69.0,79.0,85.0,90.0,108.0,110.0,172.0,192.0,284.0,290.0,335.0,358.0,365.0,371.0,435.0,462.0,521.0,521.0,538.0,545.0,548.0,552.0,557.0,565.0,567.0,570.0,572.0,582.0,591.0,600.0,603.0,606.0,608.0,610.0,616.0,617.0,622.0,652.0,655.0,660.0,674.0,689.0,695.0,703.0,725.0,730.0,740.0,748.0,753.0,763.0,782.0,816.0,819.0,825.0,836.0,839.0,857.0,857.0,911.0,912.0,915.0,920.0,924.0,966.0,982.0,988.0,
7.0,69.0,81.0,149.0,182.0,185.0,195.0,201.0,211.0,233.0,386.0,388.0,420.0,423.0,444.0,453.0,480.0,483.0,494.0,514.0,534.0,544.0,546.0,549.0,559.0,567.0,579.0,580.0,580.0,584.0,586.0,592.0,593.0,595.0,616.0,638.0,640.0,648.0,662.0,740.0,758.0,788.0,891.0,911.0,936.0,948.0,956.0,
9.0,24.0,81.0,138.0,139.0,224.0,306.0,342.0,347.0,361.0,373.0,480.0,505.0,519.0,524.0,527.0,529.0,533.0,533.0,534.0,537.0,542.0,542.0,546.0,561.0,563.0,566.0,580.0,583.0,590.0,605.0,610.0,611.0,619.0,629.0,635.0,645.0,650.0,651.0,657.0,658.0,659.0,662.0,675.0,679.0,683.0,700.0,726.0,735.0,740.0,753.0,786.0,788.0,794.0,813.0,818.0,818.0,822.0,832.0,834.0,841.0,860.0,860.0,867.0,869.0,884.0,892.0,905.0,907.0,910.0,953.0,956.0,972.0,977.0,978.0,
8.0,36.0,41.0,43.0,71.0,72.0,100.0,123.0,135.0,152.0,226.0,238.0,245.0,248.0,250.0,276.0,344.0,373.0,409.0,456.0,501.0,520.0,520.0,531.0,551.0,552.0,582.0,603.0,616.0,620.0,638.0,642.0,663.0,740.0,741.0,765.0,778.0,786.0,799.0,800.0,875.0,876.0,904.0,927.0,943.0,950.0,978.0,994.0,
38.0,69.0,75.0,90.0,100.0,102.0,176.0,203.0,328.0,330.0,336.0,387.0,404.0,439.0,440.0,440.0,450.0,456.0,464.0,472.0,487.0,497.0,586.0,597.0,685.0,747.0,759.0,835.0,873.0,898.0,921.0,930.0,937.0,
7.0,23.0,26.0,55.0,72.0,155.0,162.0,176.0,183.0,188.0,204.0,242.0,291.0,298.0,350.0,365.0,380.0,404.0,411.0,428.0,431.0,448.0,513.0,514.0,527.0,532.0,532.0,579.0,598.0,614.0,628.0,639.0,645.0,688.0,693.0,756.0,768.0,796.0,838.0,889.0,953.0,979.0,983.0,
20.0,116.0,130.0,157.0,176.0,216.0,231.0,240.0,241.0,255.0,262.0,276.0,288.0,292.0,335.0,353.0,371.0,374.0,386.0,391.0,399.0,429.0,458.0,504.0,506.0,509.0,523.0,564.0,585.0,612.0,615.0,714.0,784.0,826.0,835.0,903.0,918.0,920.0,928.0,935.0,940.0,957.0,971.0,974.0,
70.0,91.0,127.0,193.0,226.0,287.0,292.0,315.0,345.0,380.0,382.0,438.0,445.0,448.0,450.0,498.0,540.0,562.0,574.0,578.0,656.0,715.0,727.0,819.0,822.0,836.0,852.0,859.0,879.0,883.0,909.0,956.0,961.0,974.0,985.0,
20.0,118.0,143.0,166.0,177.0,241.0,320.0,326.0,360.0,387.0,391.0,437.0,475.0,495.0,497.0,509.0,577.0,632.0,693.0,694.0,706.0,718.0,791.0,800.0,863.0,868.0,888.0,910.0,916.0,922.0,
7.0,85.0,160.0,181.0,182.0,189.0,194.0,212.0,242.0,251.0,252.0,275.0,276.0,282.0,320.0,342.0,342.0,343.0,414.0,486.0,488.0,504.0,506.0,527.0,530.0,539.0,541.0,545.0,582.0,592.0,598.0,600.0,655.0,666.0,677.0,716.0,763.0,806.0,883.0,916.0,916.0,955.0,967.0,981.0,
5.0,8.0,33.0,52.0,60.0,123.0,128.0,141.0,149.0,173.0,198.0,229.0,291.0,297.0,299.0,336.0,351.0,352.0,396.0,457.0,471.0,490.0,493.0,526.0,528.0,543.0,544.0,548.0,557.0,566.0,568.0,581.0,583.0,586.0,592.0,596.0,601.0,602.0,602.0,603.0,606.0,609.0,621.0,624.0,635.0,645.0,646.0,649.0,650.0,653.0,663.0,672.0,696.0,697.0,730.0,734.0,735.0,740.0,754.0,758.0,768.0,794.0,817.0,833.0,847.0,851.0,873.0,902.0,913.0,918.0,936.0,936.0,940.0,940.0,947.0,956.0,961.0,962.0,962.0,967.0,990.0,995.0,998.0,
10.0,43.0,72.0,86.0,98.0,121.0,201.0,204.0,278.0,290.0,300.0,352.0,362.0,364.0,365.0,369.0,389.0,392.0,395.0,397.0,416.0,418.0,452.0,467.0,471.0,475.0,479.0,506.0,513.0,539.0,556.0,557.0,566.0,572.0,573.0,575.0,577.0,580.0,582.0,582.0,584.0,593.0,606.0,611.0,612.0,617.0,622.0,624.0,625.0,630.0,634.0,636.0,636.0,636.0,653.0,664.0,684.0,688.0,693.0,711.0,739.0,745.0,747.0,779.0,784.0,785.0,792.0,793.0,820.0,833.0,848.0,857.0,868.0,876.0,880.0,885.0,895.0,916.0,925.0,968.0,971.0,986.0,989.0,
10.0,18.0,49.0,57.0,91.0,103.0,154.0,211.0,220.0,226.0,274.0,301.0,373.0,400.0,409.0,460.0,472.0,476.0,517.0,534.0,540.0,540.0,542.0,547.0,550.0,564.0,570.0,572.0,573.0,576.0,581.0,581.0,585.0,631.0,634.0,639.0,656.0,668.0,674.0,674.0,677.0,707.0,710.0,734.0,756.0,763.0,766.0,785.0,788.0,789.0,792.0,803.0,811.0,818.0,822.0,823.0,831.0,844.0,850.0,863.0,870.0,876.0,896.0,905.0,926.0,933.0,942.0,951.0,954.0,960.0,961.0,977.0,
11.0,25.0,51.0,84.0,116.0,117.0,150.0,162.0,163.0,172.0,222.0,240.0,253.0,271.0,286.0,293.0,304.0,344.0,419.0,421.0,536.0,558.0,578.0,597.0,604.0,623.0,627.0,634.0,662.0,680.0,684.0,698.0,705.0,742.0,760.0,849.0,868.0,876.0,921.0,968.0,981.0,
16.0,52.0,54.0,106.0,138.0,154.0,158.0,201.0,277.0,315.0,367.0,379.0,398.0,432.0,440.0,463.0,467.0,470.0,470.0,491.0,496.0,519.0,526.0,526.0,538.0,545.0,582.0,611.0,625.0,648.0,650.0,661.0,674.0,682.0,744.0,796.0,802.0,818.0,844.0,853.0,866.0,922.0,938.0,977.0,
13.0,29.0,40.0,82.0,133.0,137.0,169.0,207.0,237.0,278.0,308.0,367.0,377.0,394.0,553.0,563.0,640.0,642.0,658.0,756.0,783.0,815.0,854.0,865.0,869.0,939.0,951.0,
9.0,82.0,111.0,115.0,118.0,130.0,134.0,137.0,168.0,173.0,183.0,186.0,195.0,248.0,268.0,344.0,355.0,373.0,381.0,382.0,388.0,427.0,439.0,445.0,491.0,516.0,519.0,558.0,560.0,562.0,630.0,657.0,660.0,684.0,693.0,769.0,781.0,783.0,786.0,796.0,840.0,916.0,943.0,956.0,960.0,
27.0,70.0,95.0,102.0,122.0,125.0,141.0,165.0,220.0,266.0,308.0,326.0,368.0,382.0,390.0,405.0,452.0,463.0,497.0,500.0,500.0,505.0,506.0,542.0,543.0,576.0,577.0,582.0,630.0,635.0,641.0,659.0,739.0,772.0,827.0,841.0,919.0,993.0,
11.0,32.0,36.0,49.0,73.0,100.0,109.0,134.0,172.0,190.0,193.0,205.0,211.0,263.0,326.0,343.0,350.0,382.0,387.0,389.0,412.0,485.0,506.0,521.0,542.0,584.0,603.0,663.0,697.0,721.0,730.0,789.0,879.0,913.0,957.0,973.0,987.0,997.0,
14.0,54.0,56.0,86.0,90.0,156.0,178.0,186.0,215.0,227.0,274.0,279.0,306.0,314.0,394.0,402.0,445.0,573.0,602.0,613.0,647.0,653.0,738.0,739.0,
47.0,50.0,78.0,87.0,162.0,178.0,236.0,269.0,287.0,359.0,410.0,416.0,434.0,448.0,461.0,462.0,505.0,519.0,531.0,554.0,556.0,585.0,612.0,643.0,765.0,767.0,822.0,835.0,869.0,884.0,898.0,968.0,
50.0,118.0,161.0,207.0,211.0,270.0,303.0,306.0,312.0,354.0,403.0,413.0,415.0,421.0,421.0,447.0,448.0,451.0,459.0,463.0,500.0,509.0,534.0,540.0,541.0,543.0,554.0,564.0,565.0,573.0,583.0,609.0,613.0,624.0,643.0,646.0,652.0,673.0,687.0,736.0,743.0,790.0,812.0,832.0,846.0,854.0,905.0,919.0,926.0,946.0,972.0,983.0,984.0,
10.0,22.0,35.0,41.0,54.0,56.0,90.0,96.0,117.0,128.0,131.0,162.0,166.0,193.0,233.0,242.0,315.0,315.0,319.0,325.0,327.0,334.0,352.0,357.0,409.0,468.0,478.0,495.0,526.0,540.0,552.0,558.0,569.0,575.0,621.0,630.0,691.0,698.0,782.0,807.0,820.0,834.0,868.0,912.0,932.0,936.0,
38.0,50.0,60.0,67.0,83.0,119.0,137.0,166.0,214.0,224.0,234.0,286.0,317.0,336.0,384.0,423.0,450.0,452.0,454.0,485.0,498.0,558.0,565.0,696.0,833.0,833.0,840.0,853.0,869.0,909.0,951.0,958.0,964.0,977.0,983.0,996.0,
11.0,24.0,28.0,56.0,84.0,138.0,169.0,176.0,177.0,181.0,199.0,201.0,202.0,202.0,212.0,231.0,285.0,302.0,330.0,341.0,348.0,405.0,442.0,460.0,462.0,484.0,495.0,500.0,518.0,525.0,618.0,665.0,711.0,725.0,761.0,837.0,864.0,871.0,889.0,890.0,941.0,949.0,976.0,993.0,995.0,
29.0,33.0,86.0,104.0,131.0,134.0,184.0,202.0,203.0,222.0,230.0,254.0,279.0,329.0,331.0,456.0,505.0,560.0,591.0,651.0,687.0,706.0,708.0,739.0,740.0,793.0,860.0,866.0,876.0,948.0,
47.0,97.0,136.0,177.0,222.0,234.0,280.0,282.0,283.0,315.0,325.0,351.0,394.0,394.0,397.0,409.0,454.0,467.0,483.0,489.0,498.0,503.0,511.0,512.0,528.0,539.0,627.0,637.0,671.0,682.0,728.0,746.0,783.0,793.0,813.0,834.0,
8.0,77.0,104.0,122.0,163.0,176.0,205.0,218.0,233.0,255.0,256.0,261.0,395.0,415.0,419.0,443.0,487.0,516.0,552.0,561.0,582.0,618.0,723.0,737.0,750.0,750.0,760.0,771.0,799.0,826.0,851.0,864.0,899.0,927.0,934.0,939.0,
17.0,56.0,88.0,101.0,108.0,231.0,258.0,264.0,265.0,297.0,310.0,354.0,360.0,378.0,379.0,395.0,399.0,411.0,411.0,432.0,455.0,494.0,502.0,529.0,538.0,540.0,566.0,630.0,636.0,643.0,693.0,695.0,762.0,786.0,792.0,834.0,844.0,872.0,909.0,991.0,
17.0,70.0,72.0,76.0,103.0,332.0,394.0,420.0,434.0,520.0,567.0,597.0,608.0,652.0,659.0,663.0,668.0,670.0,713.0,731.0,782.0,881.0,912.0,934.0,976.0,998.0,1000.0,
20.0,34.0,48.0,63.0,78.0,96.0,104.0,156.0,171.0,179.0,216.0,240.0,275.0,275.0,303.0,336.0,345.0,364.0,410.0,471.0,475.0,489.0,491.0,509.0,510.0,520.0,527.0,535.0,579.0,645.0,693.0,719.0,765.0,766.0,794.0,800.0,832.0,876.0,883.0,906.0,913.0,962.0,
11.0,280.0,370.0,450.0,492.0,511.0,527.0,539.0,568.0,577.0,620.0,635.0,685.0,687.0,691.0,701.0,753.0,809.0,893.0,911.0,975.0,979.0,
42.0,53.0,169.0,177.0,205.0,228.0,234.0,238.0,257.0,308.0,392.0,441.0,442.0,464.0,478.0,489.0,496.0,543.0,584.0,612.0,618.0,621.0,627.0,673.0,701.0,702.0,724.0,730.0,769.0,770.0,783.0,833.0,874.0,921.0,
10.0,15.0,72.0,162.0,268.0,278.0,318.0,328.0,334.0,374.0,382.0,384.0,418.0,433.0,434.0,469.0,474.0,485.0,529.0,583.0,597.0,611.0,627.0,719.0,720.0,820.0,821.0,824.0,825.0,830.0,852.0,887.0,963.0,972.0,
26.0,55.0,103.0,160.0,203.0,266.0,279.0,292.0,310.0,320.0,339.0,347.0,366.0,397.0,417.0,432.0,449.0,554.0,601.0,609.0,655.0,655.0,679.0,744.0,751.0,793.0,859.0,886.0,894.0,953.0,
32.0,36.0,42.0,105.0,162.0,197.0,214.0,231.0,258.0,272.0,307.0,311.0,334.0,336.0,368.0,408.0,420.0,421.0,445.0,447.0,480.0,502.0,509.0,535.0,540.0,542.0,602.0,655.0,659.0,682.0,693.0,718.0,835.0,868.0,872.0,891.0,894.0,900.0,922.0,925.0,941.0,945.0,965.0,967.0,994.0,
2.0,14.0,54.0,66.0,83.0,137.0,157.0,193.0,250.0,337.0,350.0,350.0,369.0,416.0,436.0,489.0,565.0,599.0,623.0,639.0,664.0,678.0,688.0,690.0,704.0,714.0,731.0,772.0,787.0,793.0,798.0,809.0,823.0,835.0,858.0,885.0,948.0,
51.0,52.0,56.0,90.0,92.0,139.0,149.0,152.0,164.0,194.0,240.0,242.0,280.0,281.0,324.0,332.0,341.0,383.0,386.0,435.0,469.0,515.0,578.0,584.0,595.0,649.0,712.0,837.0,863.0,973.0,974.0,982.0,999.0,
14.0,35.0,70.0,95.0,128.0,129.0,138.0,162.0,204.0,233.0,312.0,345.0,360.0,388.0,435.0,437.0,475.0,498.0,498.0,591.0,601.0,602.0,607.0,618.0,622.0,631.0,646.0,658.0,664.0,697.0,697.0,702.0,711.0,715.0,756.0,764.0,765.0,814.0,819.0,870.0,901.0,916.0,937.0,941.0,954.0,978.0,993.0,
25.0,41.0,62.0,115.0,144.0,145.0,179.0,188.0,195.0,222.0,289.0,338.0,340.0,365.0,393.0,502.0,507.0,523.0,523.0,547.0,547.0,556.0,571.0,609.0,617.0,648.0,693.0,695.0,764.0,765.0,766.0,771.0,792.0,799.0,814.0,874.0,889.0,946.0,981.0,
29.0,60.0,62.0,148.0,204.0,215.0,260.0,270.0,379.0,511.0,558.0,563.0,566.0,576.0,588.0,589.0,600.0,638.0,652.0,698.0,719.0,786.0,790.0,815.0,820.0,829.0,844.0,862.0,872.0,897.0,901.0,
17.0,32.0,47.0,59.0,63.0,87.0,89.0,89.0,101.0,102.0,217.0,220.0,285.0,332.0,367.0,371.0,374.0,390.0,411.0,438.0,457.0,468.0,488.0,572.0,579.0,608.0,646.0,708.0,726.0,777.0,831.0,841.0,871.0,986.0,
71.0,72.0,123.0,180.0,244.0,348.0,348.0,364.0,520.0,523.0,575.0,583.0,591.0,651.0,651.0,679.0,685.0,699.0,700.0,717.0,721.0,757.0,799.0,928.0,938.0,954.0,995.0,
64.0,70.0,108.0,121.0,133.0,237.0,287.0,307.0,308.0,321.0,335.0,339.0,352.0,354.0,359.0,371.0,376.0,389.0,399.0,407.0,410.0,414.0,502.0,585.0,616.0,623.0,635.0,642.0,643.0,727.0,777.0,786.0,809.0,862.0,902.0,906.0,909.0,931.0,952.0,973.0,983.0,
117.0,283.0,327.0,368.0,423.0,460.0,471.0,508.0,516.0,527.0,537.0,543.0,554.0,556.0,594.0,598.0,631.0,632.0,702.0,729.0,733.0,803.0,803.0,837.0,839.0,873.0,879.0,950.0,954.0,986.0,989.0,997.0,
13.0,13.0,16.0,27.0,135.0,160.0,163.0,239.0,247.0,290.0,295.0,304.0,358.0,363.0,370.0,384.0,470.0,491.0,513.0,564.0,591.0,642.0,644.0,731.0,766.0,792.0,794.0,831.0,842.0,863.0,891.0,899.0,901.0,962.0,974.0,981.0,
