25.0,100.0,101.0,110.0,115.0,139.0,208.0,253.0,257.0,275.0,285.0,285.0,288.0,307.0,310.0,326.0,331.0,339.0,353.0,404.0,414.0,420.0,434.0,448.0,481.0,489.0,518.0,528.0,565.0,602.0,612.0,635.0,637.0,640.0,643.0,645.0,683.0,695.0,718.0,727.0,748.0,761.0,791.0,817.0,853.0,860.0,882.0,891.0,931.0,947.0,948.0,976.0,989.0,992.0,997.0,
10.0,36.0,39.0,113.0,127.0,131.0,157.0,267.0,280.0,315.0,319.0,380.0,396.0,402.0,477.0,524.0,569.0,588.0,640.0,672.0,676.0,688.0,750.0,884.0,887.0,894.0,907.0,948.0,956.0,965.0,972.0,974.0,
20.0,68.0,134.0,152.0,154.0,160.0,187.0,197.0,215.0,246.0,285.0,345.0,371.0,403.0,410.0,419.0,429.0,430.0,433.0,443.0,458.0,501.0,565.0,573.0,599.0,620.0,638.0,640.0,719.0,725.0,756.0,779.0,814.0,834.0,837.0,864.0,876.0,
47.0,55.0,65.0,88.0,151.0,171.0,190.0,191.0,224.0,232.0,253.0,262.0,264.0,289.0,332.0,363.0,520.0,549.0,551.0,584.0,586.0,615.0,618.0,621.0,686.0,689.0,695.0,705.0,778.0,800.0,858.0,862.0,886.0,901.0,908.0,948.0,989.0,992.0,
38.0,68.0,97.0,106.0,162.0,175.0,204.0,215.0,266.0,300.0,354.0,378.0,379.0,434.0,456.0,481.0,488.0,499.0,507.0,557.0,561.0,612.0,714.0,714.0,723.0,730.0,750.0,788.0,796.0,822.0,826.0,851.0,856.0,857.0,867.0,873.0,877.0,892.0,907.0,915.0,942.0,950.0,972.0,
42.0,83.0,105.0,110.0,126.0,139.0,160.0,197.0,227.0,247.0,257.0,321.0,352.0,357.0,361.0,362.0,383.0,435.0,474.0,488.0,488.0,499.0,507.0,584.0,619.0,638.0,643.0,647.0,677.0,741.0,767.0,785.0,824.0,904.0,910.0,915.0,932.0,944.0,986.0,987.0,
7.0,58.0,85.0,98.0,106.0,123.0,155.0,155.0,156.0,186.0,203.0,215.0,227.0,233.0,247.0,256.0,265.0,283.0,290.0,388.0,392.0,435.0,450.0,489.0,545.0,588.0,652.0,700.0,710.0,713.0,746.0,763.0,763.0,791.0,828.0,833.0,836.0,847.0,875.0,886.0,905.0,977.0,984.0,987.0,989.0,993.0,998.0,
5.0,15.0,26.0,31.0,76.0,107.0,116.0,126.0,128.0,136.0,158.0,181.0,193.0,206.0,235.0,248.0,270.0,271.0,312.0,319.0,370.0,374.0,386.0,388.0,390.0,455.0,463.0,482.0,486.0,486.0,503.0,517.0,540.0,589.0,600.0,601.0,633.0,639.0,660.0,678.0,695.0,700.0,737.0,753.0,802.0,885.0,888.0,889.0,898.0,908.0,941.0,
38.0,49.0,72.0,98.0,124.0,126.0,151.0,169.0,176.0,189.0,214.0,272.0,275.0,280.0,307.0,331.0,338.0,347.0,348.0,365.0,381.0,383.0,421.0,423.0,456.0,539.0,555.0,566.0,637.0,679.0,681.0,699.0,719.0,722.0,724.0,725.0,738.0,746.0,746.0,746.0,782.0,815.0,840.0,842.0,846.0,874.0,882.0,885.0,899.0,908.0,918.0,958.0,966.0,985.0,
13.0,75.0,93.0,97.0,99.0,132.0,186.0,221.0,236.0,329.0,340.0,380.0,382.0,455.0,455.0,460.0,506.0,520.0,529.0,541.0,543.0,564.0,678.0,696.0,760.0,774.0,785.0,823.0,842.0,866.0,870.0,921.0,
2.0,25.0,33.0,40.0,188.0,221.0,248.0,310.0,313.0,418.0,432.0,466.0,472.0,541.0,549.0,591.0,595.0,638.0,689.0,696.0,712.0,760.0,762.0,802.0,823.0,827.0,863.0,893.0,913.0,914.0,975.0,
63.0,67.0,70.0,124.0,139.0,140.0,214.0,306.0,346.0,400.0,404.0,424.0,438.0,481.0,487.0,489.0,493.0,508.0,529.0,536.0,602.0,634.0,641.0,679.0,695.0,711.0,713.0,733.0,803.0,814.0,818.0,834.0,852.0,863.0,875.0,880.0,882.0,885.0,913.0,948.0,960.0,995.0,1000.0,
2.0,89.0,91.0,109.0,116.0,136.0,152.0,164.0,177.0,182.0,190.0,192.0,235.0,257.0,318.0,328.0,349.0,407.0,490.0,506.0,584.0,603.0,605.0,621.0,623.0,637.0,645.0,650.0,652.0,654.0,678.0,699.0,701.0,712.0,723.0,732.0,737.0,759.0,760.0,768.0,772.0,809.0,827.0,871.0,875.0,879.0,912.0,934.0,939.0,
12.0,51.0,81.0,98.0,120.0,140.0,154.0,159.0,181.0,229.0,281.0,339.0,356.0,361.0,409.0,411.0,421.0,469.0,471.0,864.0,937.0,947.0,
13.0,16.0,21.0,41.0,74.0,214.0,245.0,253.0,267.0,332.0,359.0,359.0,401.0,433.0,434.0,487.0,497.0,
2.0,9.0,69.0,76.0,102.0,157.0,171.0,181.0,195.0,244.0,299.0,303.0,320.0,366.0,393.0,398.0,476.0,
160.0,162.0,180.0,182.0,188.0,215.0,235.0,268.0,329.0,334.0,343.0,373.0,376.0,403.0,407.0,411.0,484.0,503.0,
10.0,60.0,105.0,133.0,158.0,177.0,197.0,213.0,294.0,335.0,357.0,387.0,412.0,440.0,440.0,458.0,714.0,928.0,
41.0,55.0,66.0,77.0,77.0,131.0,197.0,302.0,314.0,316.0,329.0,345.0,356.0,357.0,388.0,415.0,415.0,451.0,501.0,609.0,618.0,623.0,626.0,708.0,712.0,719.0,747.0,762.0,805.0,812.0,830.0,864.0,866.0,879.0,914.0,938.0,958.0,974.0,986.0,
148.0,196.0,197.0,221.0,240.0,249.0,284.0,305.0,332.0,384.0,389.0,411.0,428.0,481.0,509.0,556.0,589.0,599.0,664.0,669.0,707.0,711.0,751.0,764.0,777.0,786.0,800.0,852.0,882.0,883.0,902.0,960.0,964.0,979.0,984.0,
83.0,89.0,98.0,102.0,103.0,103.0,112.0,128.0,175.0,202.0,218.0,241.0,254.0,264.0,287.0,289.0,303.0,338.0,347.0,353.0,404.0,404.0,411.0,488.0,518.0,579.0,600.0,657.0,697.0,713.0,717.0,808.0,814.0,817.0,820.0,823.0,887.0,907.0,912.0,929.0,
87.0,105.0,109.0,118.0,137.0,140.0,218.0,361.0,415.0,445.0,452.0,454.0,476.0,490.0,566.0,596.0,610.0,684.0,693.0,736.0,743.0,749.0,753.0,770.0,776.0,814.0,895.0,904.0,959.0,974.0,975.0,979.0,
52.0,64.0,91.0,119.0,127.0,130.0,209.0,233.0,309.0,433.0,485.0,
44.0,45.0,93.0,179.0,181.0,181.0,225.0,311.0,361.0,431.0,452.0,498.0,966.0,
30.0,91.0,98.0,144.0,144.0,154.0,186.0,203.0,215.0,227.0,231.0,308.0,353.0,354.0,363.0,367.0,423.0,427.0,441.0,454.0,474.0,482.0,894.0,997.0,
3.0,4.0,13.0,16.0,20.0,21.0,51.0,55.0,67.0,68.0,72.0,104.0,105.0,167.0,180.0,189.0,199.0,223.0,231.0,237.0,243.0,259.0,280.0,294.0,309.0,363.0,401.0,413.0,423.0,443.0,463.0,488.0,921.0,926.0,965.0,
15.0,19.0,20.0,36.0,118.0,142.0,146.0,151.0,153.0,175.0,203.0,221.0,264.0,272.0,296.0,353.0,406.0,408.0,426.0,452.0,813.0,
15.0,79.0,106.0,107.0,116.0,149.0,165.0,244.0,280.0,284.0,300.0,348.0,360.0,397.0,423.0,441.0,450.0,458.0,459.0,461.0,471.0,479.0,496.0,
5.0,52.0,66.0,132.0,153.0,156.0,222.0,225.0,243.0,274.0,307.0,331.0,369.0,369.0,425.0,448.0,473.0,483.0,494.0,494.0,501.0,
48.0,64.0,106.0,131.0,154.0,182.0,272.0,345.0,382.0,494.0,495.0,505.0,508.0,600.0,609.0,638.0,679.0,750.0,777.0,815.0,922.0,958.0,960.0,971.0,995.0,
2.0,2.0,10.0,16.0,54.0,91.0,118.0,157.0,217.0,254.0,264.0,306.0,311.0,313.0,332.0,401.0,413.0,508.0,509.0,511.0,517.0,522.0,531.0,535.0,554.0,572.0,580.0,584.0,635.0,638.0,657.0,747.0,751.0,757.0,779.0,779.0,791.0,876.0,902.0,931.0,940.0,981.0,
52.0,53.0,154.0,180.0,200.0,304.0,329.0,362.0,366.0,370.0,421.0,437.0,463.0,464.0,488.0,834.0,889.0,917.0,
12.0,38.0,65.0,90.0,110.0,153.0,173.0,185.0,186.0,192.0,215.0,240.0,252.0,269.0,272.0,278.0,279.0,281.0,283.0,328.0,395.0,462.0,474.0,484.0,
7.0,76.0,79.0,95.0,98.0,149.0,161.0,168.0,193.0,240.0,302.0,371.0,452.0,483.0,500.0,506.0,509.0,801.0,823.0,851.0,855.0,957.0,957.0,
4.0,19.0,27.0,35.0,38.0,71.0,107.0,127.0,136.0,183.0,186.0,194.0,238.0,264.0,325.0,327.0,332.0,397.0,414.0,440.0,459.0,479.0,841.0,857.0,868.0,926.0,937.0,985.0,
42.0,96.0,120.0,124.0,227.0,235.0,247.0,251.0,274.0,302.0,328.0,330.0,339.0,371.0,386.0,408.0,813.0,906.0,954.0,
14.0,23.0,25.0,26.0,51.0,68.0,91.0,115.0,121.0,126.0,175.0,210.0,332.0,411.0,448.0,478.0,739.0,746.0,811.0,908.0,916.0,947.0,985.0,
21.0,27.0,34.0,75.0,99.0,105.0,107.0,125.0,164.0,164.0,187.0,190.0,211.0,226.0,253.0,278.0,280.0,413.0,422.0,434.0,438.0,858.0,860.0,957.0,959.0,975.0,1000.0,
5.0,32.0,88.0,91.0,104.0,135.0,141.0,143.0,206.0,232.0,241.0,296.0,315.0,339.0,386.0,445.0,449.0,489.0,
57.0,121.0,140.0,154.0,154.0,196.0,205.0,246.0,270.0,290.0,292.0,309.0,389.0,433.0,770.0,797.0,851.0,882.0,889.0,995.0,
81.0,84.0,93.0,134.0,134.0,151.0,156.0,189.0,195.0,201.0,268.0,291.0,293.0,299.0,315.0,319.0,335.0,348.0,375.0,439.0,440.0,444.0,459.0,472.0,482.0,514.0,525.0,535.0,558.0,561.0,596.0,602.0,613.0,617.0,619.0,632.0,657.0,672.0,692.0,696.0,757.0,759.0,777.0,795.0,797.0,842.0,843.0,856.0,897.0,917.0,921.0,927.0,939.0,964.0,986.0,992.0,
40.0,61.0,98.0,196.0,202.0,219.0,259.0,300.0,349.0,364.0,423.0,427.0,450.0,474.0,485.0,491.0,
23.0,33.0,39.0,62.0,99.0,137.0,142.0,163.0,191.0,196.0,253.0,311.0,337.0,337.0,353.0,435.0,435.0,878.0,
21.0,66.0,168.0,204.0,309.0,313.0,358.0,365.0,366.0,402.0,459.0,469.0,840.0,854.0,968.0,
3.0,35.0,56.0,74.0,111.0,150.0,183.0,185.0,211.0,236.0,283.0,288.0,293.0,325.0,359.0,400.0,474.0,504.0,747.0,979.0,987.0,
18.0,71.0,85.0,106.0,138.0,142.0,212.0,227.0,235.0,261.0,285.0,290.0,314.0,326.0,369.0,395.0,428.0,435.0,468.0,471.0,475.0,477.0,796.0,998.0,
44.0,59.0,62.0,110.0,157.0,175.0,183.0,219.0,248.0,251.0,257.0,265.0,292.0,369.0,404.0,417.0,450.0,741.0,760.0,836.0,855.0,871.0,
18.0,56.0,56.0,75.0,76.0,105.0,152.0,175.0,178.0,323.0,336.0,355.0,391.0,418.0,436.0,475.0,492.0,755.0,892.0,998.0,
104.0,126.0,131.0,133.0,137.0,164.0,178.0,207.0,215.0,220.0,232.0,296.0,299.0,322.0,323.0,332.0,354.0,385.0,396.0,399.0,438.0,449.0,452.0,485.0,489.0,502.0,836.0,955.0,
3.0,22.0,26.0,51.0,67.0,85.0,87.0,113.0,159.0,161.0,172.0,202.0,206.0,206.0,252.0,334.0,336.0,343.0,350.0,359.0,394.0,423.0,461.0,466.0,495.0,505.0,
67.0,91.0,131.0,138.0,141.0,223.0,227.0,247.0,283.0,314.0,331.0,356.0,437.0,458.0,468.0,487.0,668.0,669.0,705.0,721.0,738.0,739.0,791.0,808.0,816.0,822.0,822.0,835.0,880.0,900.0,905.0,937.0,
23.0,30.0,225.0,252.0,281.0,290.0,341.0,344.0,390.0,393.0,399.0,417.0,418.0,420.0,
49.0,66.0,101.0,147.0,152.0,202.0,225.0,325.0,341.0,391.0,404.0,410.0,446.0,
67.0,70.0,89.0,105.0,117.0,131.0,133.0,159.0,172.0,275.0,279.0,307.0,308.0,323.0,324.0,336.0,343.0,373.0,408.0,436.0,494.0,498.0,761.0,880.0,934.0,958.0,
12.0,39.0,77.0,78.0,111.0,123.0,138.0,163.0,178.0,181.0,197.0,252.0,302.0,329.0,349.0,359.0,372.0,390.0,396.0,404.0,411.0,442.0,442.0,448.0,789.0,924.0,928.0,931.0,943.0,999.0,
64.0,70.0,206.0,241.0,259.0,266.0,312.0,342.0,355.0,389.0,399.0,462.0,494.0,508.0,795.0,954.0,
28.0,110.0,117.0,121.0,149.0,150.0,201.0,216.0,242.0,250.0,255.0,263.0,374.0,433.0,453.0,481.0,481.0,497.0,768.0,802.0,931.0,
14.0,24.0,37.0,39.0,68.0,70.0,119.0,137.0,177.0,229.0,237.0,270.0,297.0,300.0,304.0,339.0,359.0,365.0,440.0,476.0,493.0,814.0,
16.0,106.0,135.0,141.0,170.0,185.0,188.0,225.0,264.0,283.0,290.0,305.0,324.0,328.0,330.0,336.0,359.0,368.0,405.0,460.0,468.0,916.0,916.0,921.0,945.0,987.0,
19.0,23.0,40.0,49.0,53.0,107.0,128.0,132.0,137.0,211.0,241.0,244.0,275.0,276.0,288.0,396.0,495.0,
25.0,48.0,65.0,80.0,116.0,130.0,177.0,183.0,194.0,273.0,280.0,301.0,310.0,343.0,351.0,359.0,365.0,382.0,403.0,416.0,460.0,486.0,611.0,686.0,703.0,703.0,706.0,716.0,727.0,748.0,783.0,785.0,809.0,814.0,817.0,831.0,852.0,863.0,866.0,888.0,927.0,943.0,950.0,953.0,964.0,972.0,990.0,991.0,995.0,
11.0,85.0,105.0,122.0,169.0,181.0,280.0,282.0,289.0,341.0,354.0,362.0,449.0,481.0,
54.0,83.0,86.0,106.0,142.0,166.0,176.0,188.0,201.0,232.0,384.0,423.0,459.0,470.0,810.0,810.0,
46.0,125.0,138.0,162.0,164.0,199.0,200.0,220.0,310.0,339.0,346.0,758.0,762.0,763.0,814.0,997.0,
61.0,66.0,209.0,229.0,266.0,297.0,348.0,404.0,407.0,417.0,432.0,494.0,772.0,865.0,
17.0,18.0,85.0,98.0,154.0,158.0,195.0,210.0,297.0,318.0,320.0,351.0,362.0,375.0,377.0,433.0,455.0,779.0,821.0,827.0,837.0,880.0,979.0,995.0,
43.0,44.0,50.0,115.0,153.0,182.0,183.0,214.0,254.0,309.0,321.0,321.0,329.0,377.0,378.0,389.0,409.0,421.0,422.0,506.0,977.0,
92.0,99.0,121.0,165.0,196.0,199.0,205.0,223.0,248.0,266.0,319.0,335.0,370.0,376.0,440.0,482.0,491.0,861.0,981.0,
14.0,50.0,72.0,129.0,130.0,153.0,159.0,162.0,204.0,213.0,221.0,249.0,252.0,272.0,317.0,317.0,323.0,339.0,428.0,465.0,503.0,849.0,
8.0,96.0,109.0,128.0,145.0,150.0,161.0,171.0,178.0,184.0,187.0,189.0,212.0,217.0,227.0,234.0,239.0,253.0,275.0,390.0,403.0,441.0,494.0,505.0,
3.0,71.0,71.0,166.0,178.0,178.0,186.0,191.0,228.0,229.0,286.0,332.0,332.0,353.0,354.0,383.0,416.0,449.0,454.0,459.0,469.0,469.0,498.0,513.0,583.0,594.0,629.0,639.0,639.0,650.0,664.0,669.0,694.0,701.0,703.0,734.0,826.0,827.0,838.0,858.0,876.0,934.0,934.0,948.0,974.0,976.0,
35.0,50.0,100.0,130.0,146.0,150.0,198.0,204.0,260.0,282.0,326.0,357.0,366.0,372.0,382.0,401.0,462.0,481.0,490.0,718.0,775.0,834.0,894.0,992.0,
49.0,152.0,167.0,183.0,187.0,199.0,229.0,240.0,274.0,276.0,312.0,319.0,330.0,345.0,361.0,368.0,394.0,416.0,428.0,430.0,438.0,466.0,
76.0,79.0,149.0,164.0,202.0,206.0,210.0,228.0,242.0,265.0,278.0,299.0,344.0,347.0,371.0,373.0,378.0,385.0,390.0,398.0,402.0,409.0,438.0,471.0,785.0,786.0,883.0,991.0,
41.0,80.0,111.0,114.0,133.0,215.0,216.0,238.0,292.0,303.0,350.0,377.0,384.0,410.0,420.0,427.0,444.0,464.0,498.0,759.0,802.0,976.0,982.0,994.0,997.0,
52.0,77.0,100.0,138.0,140.0,142.0,142.0,146.0,205.0,316.0,326.0,340.0,364.0,436.0,463.0,737.0,822.0,
48.0,59.0,65.0,185.0,223.0,247.0,253.0,316.0,364.0,371.0,374.0,385.0,415.0,432.0,433.0,454.0,479.0,853.0,859.0,933.0,
52.0,69.0,89.0,100.0,104.0,116.0,133.0,134.0,134.0,135.0,174.0,184.0,200.0,206.0,236.0,246.0,297.0,298.0,298.0,328.0,362.0,389.0,389.0,430.0,440.0,451.0,455.0,465.0,903.0,909.0,
17.0,18.0,105.0,193.0,288.0,293.0,294.0,357.0,380.0,386.0,389.0,403.0,408.0,417.0,433.0,461.0,479.0,
68.0,94.0,113.0,162.0,194.0,337.0,359.0,360.0,383.0,413.0,463.0,484.0,895.0,945.0,955.0,988.0,993.0,1000.0,
5.0,17.0,32.0,55.0,111.0,143.0,190.0,196.0,218.0,316.0,321.0,322.0,354.0,401.0,446.0,451.0,472.0,518.0,546.0,566.0,612.0,647.0,681.0,681.0,688.0,693.0,699.0,718.0,736.0,740.0,742.0,775.0,791.0,816.0,825.0,877.0,905.0,934.0,937.0,978.0,995.0,
91.0,122.0,128.0,162.0,163.0,249.0,256.0,259.0,291.0,305.0,316.0,381.0,401.0,420.0,429.0,578.0,622.0,652.0,653.0,692.0,714.0,743.0,755.0,801.0,888.0,913.0,932.0,943.0,963.0,970.0,989.0,
36.0,42.0,75.0,78.0,103.0,134.0,183.0,186.0,196.0,206.0,214.0,215.0,215.0,225.0,252.0,264.0,269.0,294.0,364.0,397.0,408.0,437.0,440.0,458.0,469.0,495.0,
2.0,34.0,35.0,43.0,56.0,60.0,93.0,106.0,134.0,197.0,199.0,235.0,245.0,249.0,255.0,306.0,314.0,350.0,402.0,411.0,413.0,423.0,478.0,
10.0,10.0,12.0,17.0,30.0,59.0,76.0,113.0,163.0,187.0,224.0,252.0,260.0,281.0,320.0,336.0,343.0,379.0,398.0,400.0,414.0,447.0,454.0,469.0,506.0,802.0,853.0,978.0,999.0,
13.0,30.0,66.0,72.0,73.0,84.0,87.0,87.0,111.0,131.0,249.0,301.0,322.0,352.0,389.0,402.0,443.0,447.0,467.0,472.0,488.0,503.0,954.0,
2.0,28.0,50.0,160.0,163.0,197.0,206.0,217.0,252.0,276.0,280.0,288.0,294.0,297.0,325.0,348.0,381.0,473.0,486.0,959.0,960.0,
7.0,168.0,169.0,176.0,211.0,220.0,237.0,241.0,267.0,328.0,331.0,344.0,366.0,390.0,396.0,409.0,423.0,428.0,455.0,457.0,461.0,467.0,
76.0,83.0,136.0,137.0,146.0,150.0,152.0,159.0,198.0,203.0,219.0,225.0,317.0,369.0,397.0,403.0,418.0,444.0,
28.0,34.0,54.0,77.0,79.0,119.0,126.0,134.0,158.0,182.0,206.0,227.0,306.0,346.0,415.0,418.0,440.0,482.0,508.0,571.0,594.0,596.0,606.0,617.0,636.0,649.0,682.0,746.0,756.0,777.0,791.0,814.0,816.0,838.0,906.0,922.0,969.0,986.0,996.0,
196.0,205.0,223.0,254.0,321.0,374.0,376.0,406.0,448.0,503.0,533.0,534.0,596.0,616.0,617.0,668.0,720.0,721.0,732.0,768.0,787.0,844.0,853.0,868.0,901.0,928.0,960.0,
21.0,31.0,52.0,56.0,67.0,91.0,93.0,118.0,154.0,166.0,182.0,235.0,241.0,256.0,274.0,285.0,288.0,298.0,309.0,351.0,408.0,422.0,444.0,502.0,525.0,530.0,531.0,563.0,565.0,573.0,580.0,606.0,614.0,622.0,642.0,663.0,692.0,722.0,737.0,757.0,762.0,778.0,785.0,809.0,846.0,850.0,860.0,874.0,874.0,911.0,911.0,922.0,935.0,936.0,984.0,985.0,
39.0,50.0,74.0,136.0,138.0,139.0,149.0,149.0,244.0,267.0,295.0,302.0,353.0,398.0,404.0,421.0,453.0,479.0,519.0,564.0,570.0,606.0,638.0,656.0,664.0,717.0,738.0,769.0,819.0,822.0,847.0,908.0,951.0,961.0,
55.0,93.0,103.0,238.0,250.0,267.0,272.0,301.0,354.0,380.0,390.0,396.0,409.0,430.0,443.0,463.0,486.0,498.0,498.0,500.0,772.0,847.0,922.0,923.0,924.0,
18.0,36.0,79.0,85.0,98.0,129.0,132.0,168.0,172.0,176.0,232.0,237.0,259.0,341.0,359.0,373.0,391.0,425.0,428.0,436.0,444.0,
17.0,61.0,101.0,134.0,136.0,237.0,246.0,261.0,288.0,309.0,320.0,321.0,340.0,362.0,363.0,384.0,405.0,431.0,431.0,438.0,448.0,491.0,495.0,497.0,503.0,
31.0,57.0,95.0,123.0,144.0,158.0,164.0,191.0,195.0,239.0,290.0,299.0,317.0,335.0,355.0,356.0,359.0,407.0,416.0,447.0,459.0,473.0,478.0,482.0,494.0,506.0,509.0,
6.0,59.0,83.0,87.0,122.0,129.0,147.0,168.0,187.0,202.0,251.0,332.0,333.0,366.0,366.0,383.0,395.0,405.0,455.0,455.0,779.0,880.0,979.0,985.0,
20.0,64.0,67.0,87.0,166.0,245.0,252.0,273.0,306.0,316.0,333.0,340.0,382.0,398.0,418.0,424.0,472.0,568.0,587.0,587.0,599.0,635.0,677.0,754.0,765.0,771.0,772.0,783.0,790.0,836.0,845.0,860.0,883.0,893.0,900.0,936.0,936.0,976.0,982.0,983.0,986.0,
10.0,52.0,118.0,163.0,172.0,244.0,267.0,281.0,326.0,349.0,380.0,385.0,412.0,421.0,452.0,489.0,489.0,510.0,543.0,547.0,576.0,634.0,638.0,653.0,689.0,705.0,712.0,723.0,732.0,737.0,782.0,806.0,832.0,856.0,873.0,876.0,885.0,887.0,898.0,899.0,915.0,975.0,990.0,
