18.0,60.0,75.0,94.0,103.0,192.0,235.0,260.0,265.0,291.0,298.0,306.0,312.0,344.0,404.0,421.0,431.0,443.0,458.0,466.0,546.0,562.0,603.0,664.0,701.0,758.0,838.0,885.0,898.0,921.0,
46.0,49.0,57.0,58.0,59.0,71.0,76.0,152.0,181.0,256.0,258.0,400.0,476.0,510.0,539.0,561.0,584.0,588.0,600.0,632.0,641.0,645.0,654.0,667.0,678.0,687.0,688.0,691.0,739.0,745.0,774.0,798.0,828.0,851.0,853.0,912.0,918.0,919.0,959.0,
59.0,125.0,141.0,172.0,177.0,185.0,211.0,215.0,221.0,243.0,260.0,260.0,278.0,285.0,419.0,445.0,446.0,578.0,604.0,607.0,612.0,632.0,674.0,680.0,699.0,718.0,739.0,749.0,897.0,
6.0,10.0,81.0,127.0,129.0,136.0,137.0,141.0,145.0,153.0,165.0,189.0,207.0,232.0,267.0,283.0,287.0,342.0,349.0,367.0,371.0,386.0,415.0,422.0,425.0,426.0,440.0,474.0,479.0,491.0,503.0,507.0,524.0,531.0,557.0,562.0,573.0,577.0,609.0,654.0,668.0,705.0,723.0,731.0,760.0,768.0,792.0,821.0,884.0,886.0,892.0,896.0,931.0,939.0,975.0,987.0,992.0,994.0,
24.0,27.0,27.0,161.0,167.0,248.0,270.0,279.0,288.0,291.0,354.0,371.0,379.0,392.0,396.0,443.0,451.0,481.0,494.0,505.0,512.0,519.0,520.0,520.0,533.0,589.0,605.0,606.0,667.0,684.0,690.0,747.0,751.0,751.0,773.0,787.0,814.0,819.0,835.0,904.0,951.0,959.0,994.0,
14.0,22.0,43.0,49.0,54.0,151.0,157.0,180.0,181.0,279.0,295.0,298.0,325.0,382.0,385.0,412.0,420.0,434.0,437.0,472.0,493.0,594.0,597.0,660.0,662.0,662.0,664.0,703.0,716.0,719.0,730.0,755.0,775.0,791.0,792.0,797.0,798.0,811.0,836.0,849.0,856.0,866.0,867.0,880.0,904.0,910.0,960.0,976.0,989.0,
61.0,95.0,110.0,119.0,173.0,250.0,365.0,476.0,477.0,481.0,506.0,603.0,609.0,615.0,646.0,648.0,669.0,670.0,672.0,674.0,693.0,704.0,705.0,790.0,794.0,802.0,851.0,852.0,894.0,896.0,908.0,916.0,924.0,988.0,988.0,991.0,
50.0,66.0,126.0,200.0,213.0,284.0,291.0,293.0,307.0,315.0,321.0,326.0,374.0,406.0,407.0,408.0,420.0,424.0,456.0,479.0,491.0,518.0,531.0,537.0,576.0,612.0,620.0,660.0,678.0,692.0,708.0,743.0,746.0,753.0,756.0,782.0,810.0,842.0,885.0,926.0,928.0,972.0,995.0,996.0,
24.0,33.0,95.0,126.0,157.0,170.0,184.0,190.0,191.0,196.0,199.0,237.0,265.0,286.0,295.0,314.0,350.0,357.0,400.0,412.0,412.0,426.0,429.0,471.0,479.0,481.0,517.0,529.0,538.0,558.0,572.0,593.0,620.0,630.0,725.0,791.0,837.0,841.0,944.0,955.0,963.0,963.0,983.0,
9.0,16.0,34.0,82.0,124.0,129.0,196.0,226.0,230.0,258.0,327.0,329.0,354.0,364.0,389.0,435.0,463.0,484.0,494.0,535.0,547.0,560.0,565.0,567.0,604.0,617.0,714.0,722.0,733.0,739.0,820.0,832.0,841.0,880.0,900.0,
4.0,5.0,52.0,136.0,157.0,202.0,204.0,232.0,312.0,351.0,351.0,387.0,392.0,412.0,432.0,453.0,492.0,504.0,533.0,579.0,630.0,684.0,695.0,699.0,724.0,753.0,777.0,786.0,817.0,849.0,897.0,914.0,959.0,980.0,985.0,
44.0,79.0,80.0,87.0,160.0,202.0,213.0,228.0,271.0,290.0,312.0,360.0,393.0,399.0,421.0,425.0,442.0,471.0,573.0,575.0,618.0,689.0,708.0,710.0,712.0,751.0,755.0,809.0,809.0,840.0,862.0,878.0,879.0,913.0,996.0,
28.0,68.0,74.0,87.0,93.0,110.0,119.0,166.0,171.0,183.0,186.0,199.0,243.0,248.0,283.0,292.0,302.0,333.0,359.0,387.0,454.0,473.0,487.0,509.0,575.0,654.0,714.0,714.0,717.0,732.0,744.0,753.0,793.0,795.0,795.0,827.0,845.0,881.0,889.0,904.0,924.0,931.0,931.0,971.0,
4.0,51.0,104.0,158.0,204.0,207.0,236.0,250.0,302.0,331.0,365.0,385.0,429.0,442.0,462.0,799.0,830.0,848.0,864.0,888.0,903.0,953.0,971.0,
28.0,76.0,109.0,201.0,237.0,329.0,373.0,430.0,432.0,434.0,446.0,
6.0,32.0,46.0,90.0,110.0,147.0,154.0,199.0,203.0,220.0,231.0,258.0,305.0,328.0,358.0,363.0,378.0,408.0,429.0,442.0,494.0,
19.0,30.0,51.0,71.0,81.0,123.0,137.0,170.0,176.0,190.0,210.0,277.0,295.0,310.0,393.0,412.0,450.0,455.0,479.0,
21.0,39.0,46.0,87.0,91.0,152.0,190.0,207.0,214.0,228.0,249.0,264.0,286.0,314.0,322.0,359.0,377.0,409.0,442.0,466.0,743.0,861.0,866.0,997.0,
30.0,34.0,39.0,51.0,150.0,155.0,179.0,189.0,205.0,252.0,261.0,288.0,311.0,415.0,418.0,426.0,440.0,462.0,653.0,678.0,683.0,694.0,715.0,766.0,783.0,806.0,841.0,856.0,859.0,867.0,920.0,943.0,943.0,956.0,966.0,978.0,1000.0,
31.0,69.0,71.0,90.0,149.0,199.0,257.0,272.0,283.0,393.0,412.0,469.0,471.0,489.0,526.0,563.0,569.0,583.0,596.0,597.0,602.0,619.0,631.0,675.0,698.0,729.0,731.0,731.0,732.0,734.0,743.0,758.0,774.0,790.0,838.0,852.0,863.0,938.0,946.0,948.0,971.0,987.0,
42.0,72.0,82.0,93.0,111.0,113.0,119.0,164.0,242.0,279.0,294.0,347.0,374.0,425.0,426.0,507.0,534.0,570.0,641.0,644.0,663.0,695.0,719.0,738.0,786.0,794.0,806.0,815.0,823.0,831.0,847.0,936.0,952.0,
46.0,108.0,160.0,169.0,194.0,197.0,198.0,214.0,227.0,282.0,298.0,340.0,351.0,354.0,418.0,427.0,444.0,501.0,583.0,632.0,670.0,721.0,818.0,830.0,832.0,836.0,871.0,873.0,920.0,922.0,934.0,947.0,956.0,971.0,973.0,
9.0,43.0,61.0,64.0,69.0,80.0,178.0,182.0,192.0,195.0,228.0,297.0,335.0,344.0,360.0,361.0,388.0,428.0,453.0,487.0,
12.0,16.0,29.0,66.0,158.0,201.0,221.0,344.0,379.0,383.0,388.0,431.0,433.0,449.0,464.0,
18.0,20.0,58.0,94.0,106.0,108.0,122.0,144.0,155.0,283.0,295.0,318.0,332.0,356.0,377.0,394.0,399.0,400.0,402.0,418.0,432.0,478.0,480.0,507.0,872.0,901.0,
37.0,41.0,59.0,65.0,150.0,200.0,207.0,257.0,300.0,392.0,438.0,450.0,495.0,824.0,859.0,949.0,
21.0,36.0,44.0,59.0,86.0,96.0,116.0,149.0,153.0,170.0,189.0,243.0,277.0,283.0,311.0,325.0,342.0,349.0,419.0,440.0,446.0,475.0,477.0,501.0,505.0,773.0,859.0,919.0,
31.0,68.0,85.0,147.0,163.0,185.0,215.0,229.0,273.0,280.0,285.0,286.0,361.0,383.0,442.0,488.0,
35.0,43.0,75.0,81.0,83.0,87.0,101.0,165.0,199.0,203.0,216.0,227.0,236.0,253.0,265.0,320.0,422.0,451.0,
7.0,43.0,44.0,78.0,144.0,157.0,194.0,216.0,283.0,455.0,529.0,601.0,609.0,643.0,664.0,668.0,674.0,685.0,717.0,738.0,748.0,762.0,771.0,775.0,805.0,806.0,824.0,877.0,894.0,935.0,937.0,985.0,988.0,990.0,
3.0,3.0,38.0,47.0,68.0,93.0,94.0,130.0,135.0,140.0,155.0,250.0,284.0,285.0,320.0,336.0,375.0,434.0,477.0,478.0,483.0,502.0,522.0,585.0,599.0,643.0,652.0,676.0,713.0,764.0,764.0,819.0,831.0,843.0,847.0,882.0,882.0,906.0,940.0,954.0,981.0,993.0,997.0,
19.0,20.0,137.0,151.0,159.0,184.0,193.0,195.0,201.0,222.0,237.0,247.0,251.0,262.0,271.0,319.0,384.0,395.0,419.0,436.0,474.0,497.0,507.0,711.0,899.0,
39.0,104.0,109.0,121.0,130.0,148.0,164.0,185.0,317.0,339.0,390.0,423.0,427.0,503.0,
27.0,32.0,51.0,84.0,119.0,120.0,132.0,138.0,208.0,229.0,307.0,316.0,354.0,407.0,456.0,973.0,
6.0,50.0,53.0,139.0,162.0,177.0,177.0,201.0,314.0,364.0,366.0,396.0,400.0,452.0,465.0,472.0,497.0,773.0,
51.0,88.0,112.0,134.0,149.0,158.0,159.0,283.0,337.0,402.0,420.0,444.0,482.0,489.0,751.0,
18.0,21.0,89.0,116.0,142.0,161.0,169.0,189.0,197.0,218.0,263.0,282.0,298.0,315.0,317.0,332.0,333.0,339.0,378.0,384.0,421.0,467.0,478.0,508.0,748.0,873.0,892.0,
30.0,38.0,99.0,161.0,222.0,232.0,243.0,409.0,458.0,469.0,502.0,908.0,937.0,966.0,
20.0,84.0,101.0,221.0,275.0,288.0,288.0,292.0,319.0,405.0,421.0,425.0,432.0,434.0,502.0,
3.0,51.0,75.0,79.0,110.0,141.0,151.0,161.0,163.0,192.0,257.0,259.0,264.0,288.0,291.0,297.0,338.0,351.0,361.0,461.0,480.0,490.0,811.0,984.0,
146.0,158.0,187.0,217.0,286.0,373.0,386.0,389.0,409.0,435.0,447.0,481.0,486.0,497.0,560.0,618.0,675.0,710.0,722.0,728.0,742.0,745.0,747.0,748.0,763.0,794.0,801.0,804.0,832.0,837.0,843.0,854.0,865.0,910.0,911.0,936.0,943.0,963.0,
4.0,29.0,42.0,45.0,57.0,80.0,92.0,111.0,141.0,163.0,166.0,178.0,199.0,205.0,241.0,243.0,286.0,302.0,326.0,338.0,352.0,393.0,447.0,459.0,462.0,492.0,508.0,
77.0,101.0,150.0,171.0,175.0,181.0,230.0,344.0,366.0,394.0,417.0,453.0,465.0,471.0,490.0,497.0,834.0,947.0,983.0,
31.0,57.0,101.0,103.0,154.0,157.0,159.0,162.0,170.0,183.0,202.0,207.0,212.0,213.0,233.0,355.0,364.0,382.0,426.0,478.0,507.0,509.0,855.0,902.0,
2.0,8.0,18.0,21.0,57.0,83.0,141.0,192.0,248.0,344.0,354.0,388.0,389.0,408.0,451.0,468.0,848.0,883.0,923.0,947.0,955.0,
20.0,46.0,64.0,92.0,105.0,111.0,208.0,234.0,244.0,251.0,254.0,271.0,311.0,326.0,346.0,386.0,393.0,442.0,450.0,772.0,789.0,802.0,854.0,868.0,878.0,892.0,912.0,
2.0,11.0,30.0,40.0,93.0,116.0,128.0,153.0,159.0,193.0,197.0,248.0,306.0,346.0,399.0,415.0,428.0,436.0,491.0,497.0,500.0,799.0,876.0,
18.0,25.0,39.0,143.0,144.0,148.0,172.0,174.0,222.0,245.0,248.0,306.0,311.0,333.0,338.0,400.0,406.0,421.0,427.0,448.0,770.0,872.0,974.0,
19.0,46.0,84.0,99.0,152.0,166.0,180.0,211.0,258.0,270.0,290.0,305.0,308.0,313.0,329.0,338.0,396.0,423.0,456.0,462.0,488.0,914.0,973.0,
53.0,87.0,100.0,135.0,149.0,155.0,199.0,206.0,225.0,287.0,308.0,320.0,342.0,355.0,396.0,397.0,420.0,423.0,427.0,446.0,
25.0,107.0,130.0,152.0,167.0,185.0,189.0,190.0,192.0,205.0,212.0,212.0,219.0,225.0,243.0,342.0,347.0,349.0,353.0,359.0,362.0,395.0,407.0,426.0,449.0,461.0,478.0,522.0,590.0,618.0,643.0,691.0,714.0,736.0,778.0,798.0,806.0,809.0,880.0,890.0,899.0,945.0,968.0,977.0,987.0,
18.0,41.0,63.0,94.0,121.0,127.0,132.0,200.0,205.0,253.0,262.0,266.0,275.0,276.0,286.0,311.0,315.0,319.0,331.0,337.0,341.0,375.0,391.0,399.0,409.0,426.0,456.0,460.0,466.0,470.0,
4.0,11.0,66.0,102.0,127.0,143.0,183.0,217.0,239.0,347.0,366.0,387.0,398.0,448.0,472.0,500.0,765.0,
23.0,27.0,48.0,69.0,95.0,119.0,131.0,147.0,154.0,185.0,187.0,236.0,280.0,291.0,302.0,357.0,391.0,412.0,422.0,430.0,443.0,457.0,468.0,471.0,481.0,498.0,506.0,726.0,781.0,868.0,907.0,944.0,
13.0,62.0,92.0,101.0,172.0,237.0,244.0,253.0,265.0,318.0,341.0,347.0,368.0,379.0,448.0,455.0,775.0,801.0,885.0,918.0,942.0,
4.0,72.0,88.0,94.0,99.0,135.0,138.0,155.0,175.0,182.0,202.0,286.0,293.0,309.0,324.0,383.0,441.0,454.0,501.0,832.0,884.0,907.0,919.0,933.0,974.0,
33.0,35.0,61.0,88.0,90.0,98.0,124.0,207.0,294.0,322.0,370.0,381.0,397.0,420.0,442.0,444.0,452.0,460.0,464.0,478.0,790.0,805.0,894.0,
30.0,30.0,50.0,103.0,117.0,186.0,222.0,227.0,234.0,242.0,315.0,347.0,362.0,373.0,393.0,489.0,506.0,508.0,739.0,750.0,753.0,762.0,785.0,861.0,875.0,938.0,978.0,
9.0,13.0,53.0,56.0,81.0,98.0,104.0,144.0,148.0,192.0,242.0,245.0,276.0,317.0,329.0,386.0,461.0,461.0,473.0,474.0,475.0,484.0,752.0,755.0,855.0,986.0,
51.0,94.0,94.0,157.0,188.0,217.0,260.0,271.0,282.0,374.0,388.0,397.0,508.0,
20.0,22.0,88.0,90.0,161.0,174.0,180.0,239.0,320.0,321.0,337.0,382.0,389.0,436.0,456.0,457.0,491.0,568.0,572.0,580.0,604.0,604.0,622.0,623.0,634.0,692.0,694.0,708.0,726.0,761.0,858.0,884.0,904.0,918.0,918.0,963.0,972.0,
18.0,22.0,53.0,72.0,105.0,133.0,166.0,187.0,232.0,242.0,252.0,309.0,310.0,328.0,349.0,390.0,414.0,464.0,487.0,
16.0,23.0,25.0,49.0,64.0,103.0,109.0,113.0,129.0,148.0,170.0,182.0,193.0,218.0,273.0,281.0,286.0,365.0,382.0,406.0,408.0,442.0,475.0,895.0,
30.0,53.0,96.0,136.0,137.0,143.0,158.0,162.0,162.0,197.0,222.0,255.0,258.0,287.0,322.0,345.0,357.0,376.0,385.0,395.0,477.0,495.0,842.0,971.0,996.0,
17.0,40.0,52.0,65.0,116.0,156.0,164.0,176.0,238.0,286.0,333.0,379.0,393.0,402.0,467.0,497.0,505.0,899.0,947.0,974.0,
25.0,45.0,56.0,179.0,249.0,264.0,322.0,330.0,352.0,377.0,381.0,401.0,420.0,451.0,850.0,858.0,885.0,994.0,
43.0,113.0,117.0,185.0,215.0,229.0,250.0,271.0,330.0,369.0,398.0,455.0,460.0,472.0,806.0,815.0,824.0,840.0,857.0,859.0,942.0,960.0,
47.0,60.0,154.0,181.0,260.0,282.0,292.0,343.0,346.0,399.0,416.0,446.0,449.0,460.0,499.0,880.0,969.0,
29.0,127.0,147.0,162.0,177.0,181.0,204.0,209.0,223.0,297.0,309.0,310.0,312.0,387.0,415.0,425.0,500.0,832.0,879.0,937.0,944.0,983.0,
14.0,30.0,54.0,56.0,60.0,103.0,131.0,147.0,155.0,213.0,227.0,239.0,271.0,278.0,293.0,304.0,431.0,444.0,455.0,476.0,
16.0,30.0,35.0,62.0,71.0,105.0,253.0,303.0,341.0,354.0,354.0,366.0,466.0,505.0,524.0,553.0,587.0,602.0,620.0,666.0,676.0,707.0,717.0,748.0,757.0,790.0,819.0,828.0,834.0,872.0,875.0,878.0,886.0,915.0,980.0,994.0,
9.0,14.0,60.0,67.0,77.0,118.0,120.0,123.0,138.0,166.0,171.0,199.0,229.0,241.0,285.0,293.0,318.0,320.0,341.0,343.0,386.0,393.0,405.0,431.0,443.0,461.0,475.0,480.0,503.0,506.0,782.0,873.0,885.0,
8.0,182.0,241.0,241.0,294.0,298.0,319.0,333.0,354.0,381.0,385.0,396.0,399.0,
31.0,98.0,102.0,133.0,146.0,176.0,187.0,220.0,228.0,246.0,265.0,275.0,312.0,319.0,335.0,373.0,412.0,428.0,451.0,451.0,466.0,491.0,804.0,834.0,936.0,
27.0,55.0,74.0,81.0,112.0,123.0,193.0,201.0,208.0,243.0,253.0,284.0,291.0,293.0,334.0,353.0,362.0,367.0,421.0,435.0,776.0,
6.0,23.0,34.0,51.0,51.0,96.0,118.0,139.0,168.0,176.0,204.0,211.0,237.0,283.0,306.0,344.0,425.0,498.0,757.0,766.0,821.0,843.0,947.0,
55.0,87.0,105.0,114.0,114.0,117.0,144.0,183.0,239.0,275.0,284.0,299.0,406.0,438.0,442.0,470.0,929.0,994.0,
27.0,49.0,50.0,58.0,64.0,74.0,87.0,111.0,115.0,131.0,215.0,229.0,245.0,287.0,295.0,297.0,299.0,340.0,371.0,404.0,418.0,430.0,462.0,480.0,510.0,810.0,879.0,
2.0,6.0,23.0,70.0,75.0,147.0,238.0,241.0,247.0,268.0,269.0,400.0,410.0,489.0,
52.0,84.0,137.0,150.0,217.0,275.0,381.0,383.0,428.0,468.0,485.0,731.0,746.0,747.0,824.0,895.0,914.0,949.0,960.0,966.0,976.0,977.0,994.0,
35.0,42.0,49.0,52.0,67.0,88.0,103.0,103.0,110.0,117.0,208.0,273.0,341.0,352.0,365.0,374.0,375.0,429.0,456.0,477.0,498.0,506.0,508.0,535.0,562.0,584.0,616.0,631.0,650.0,659.0,691.0,698.0,741.0,769.0,774.0,785.0,789.0,847.0,849.0,851.0,867.0,929.0,930.0,950.0,978.0,993.0,993.0,997.0,
52.0,58.0,91.0,93.0,111.0,140.0,172.0,186.0,196.0,200.0,218.0,260.0,274.0,295.0,318.0,322.0,328.0,328.0,339.0,361.0,389.0,409.0,424.0,459.0,494.0,589.0,607.0,652.0,684.0,712.0,730.0,736.0,758.0,839.0,844.0,847.0,887.0,893.0,921.0,938.0,959.0,973.0,
14.0,41.0,67.0,90.0,92.0,100.0,121.0,150.0,152.0,159.0,160.0,176.0,225.0,293.0,365.0,436.0,471.0,492.0,
4.0,13.0,52.0,57.0,59.0,79.0,100.0,113.0,138.0,208.0,242.0,263.0,272.0,272.0,282.0,329.0,370.0,380.0,458.0,469.0,498.0,500.0,503.0,506.0,
27.0,63.0,68.0,127.0,197.0,198.0,208.0,212.0,220.0,233.0,234.0,249.0,305.0,323.0,386.0,390.0,420.0,425.0,428.0,459.0,496.0,968.0,
74.0,75.0,173.0,189.0,232.0,258.0,278.0,339.0,357.0,359.0,359.0,402.0,413.0,475.0,779.0,
9.0,41.0,46.0,58.0,64.0,66.0,104.0,124.0,132.0,139.0,145.0,180.0,230.0,251.0,288.0,288.0,302.0,307.0,321.0,442.0,447.0,452.0,454.0,489.0,492.0,831.0,
8.0,32.0,70.0,93.0,111.0,119.0,131.0,149.0,151.0,154.0,193.0,203.0,219.0,231.0,253.0,253.0,300.0,302.0,303.0,346.0,376.0,409.0,410.0,434.0,445.0,449.0,461.0,473.0,
30.0,172.0,188.0,216.0,223.0,242.0,268.0,284.0,313.0,322.0,330.0,354.0,372.0,393.0,404.0,415.0,500.0,985.0,
85.0,87.0,89.0,118.0,140.0,145.0,146.0,173.0,178.0,184.0,193.0,252.0,255.0,274.0,291.0,316.0,339.0,382.0,405.0,423.0,453.0,666.0,722.0,725.0,746.0,787.0,791.0,794.0,816.0,830.0,833.0,844.0,848.0,852.0,864.0,878.0,878.0,880.0,893.0,928.0,948.0,983.0,
16.0,17.0,21.0,27.0,59.0,84.0,109.0,167.0,180.0,203.0,234.0,252.0,253.0,277.0,285.0,304.0,332.0,338.0,342.0,380.0,389.0,471.0,475.0,538.0,562.0,582.0,660.0,671.0,682.0,755.0,761.0,770.0,821.0,843.0,844.0,957.0,981.0,
13.0,82.0,97.0,108.0,140.0,147.0,150.0,170.0,181.0,188.0,197.0,200.0,246.0,251.0,255.0,403.0,458.0,471.0,485.0,509.0,516.0,530.0,537.0,564.0,578.0,630.0,654.0,674.0,696.0,707.0,724.0,737.0,788.0,807.0,821.0,900.0,904.0,919.0,954.0,973.0,
38.0,67.0,134.0,145.0,180.0,194.0,203.0,229.0,346.0,389.0,402.0,414.0,414.0,454.0,488.0,501.0,503.0,506.0,563.0,642.0,731.0,735.0,756.0,758.0,769.0,769.0,808.0,810.0,822.0,834.0,858.0,863.0,867.0,875.0,884.0,888.0,935.0,949.0,983.0,998.0,
27.0,41.0,93.0,95.0,116.0,169.0,169.0,188.0,194.0,235.0,256.0,258.0,302.0,331.0,410.0,420.0,423.0,452.0,458.0,505.0,764.0,769.0,784.0,896.0,897.0,929.0,974.0,
38.0,46.0,66.0,68.0,74.0,128.0,129.0,176.0,181.0,189.0,194.0,206.0,356.0,371.0,392.0,408.0,413.0,428.0,433.0,470.0,472.0,
6.0,10.0,54.0,57.0,82.0,118.0,165.0,165.0,187.0,207.0,209.0,245.0,265.0,274.0,275.0,338.0,345.0,422.0,450.0,481.0,489.0,491.0,
25.0,45.0,52.0,52.0,60.0,167.0,168.0,170.0,251.0,252.0,253.0,278.0,329.0,349.0,377.0,386.0,430.0,502.0,507.0,
13.0,20.0,55.0,96.0,132.0,148.0,179.0,203.0,275.0,298.0,303.0,372.0,391.0,448.0,479.0,505.0,505.0,782.0,819.0,851.0,943.0,967.0,
18.0,18.0,31.0,53.0,76.0,86.0,109.0,124.0,141.0,141.0,142.0,247.0,286.0,295.0,299.0,314.0,377.0,394.0,428.0,484.0,579.0,620.0,651.0,707.0,709.0,750.0,771.0,771.0,801.0,803.0,823.0,939.0,954.0,959.0,979.0,981.0,988.0,1000.0,
33.0,72.0,149.0,165.0,172.0,177.0,228.0,284.0,301.0,317.0,330.0,395.0,437.0,456.0,475.0,484.0,486.0,513.0,527.0,540.0,545.0,577.0,584.0,587.0,604.0,604.0,644.0,653.0,685.0,700.0,759.0,816.0,821.0,870.0,895.0,928.0,955.0,959.0,970.0,
