3.0,99.0,170.0,201.0,205.0,206.0,213.0,235.0,315.0,367.0,397.0,409.0,417.0,430.0,466.0,499.0,514.0,607.0,761.0,811.0,819.0,821.0,843.0,854.0,868.0,873.0,895.0,959.0,970.0,
62.0,84.0,153.0,219.0,302.0,308.0,337.0,383.0,396.0,406.0,436.0,463.0,524.0,545.0,551.0,555.0,585.0,597.0,603.0,627.0,634.0,685.0,700.0,746.0,754.0,781.0,807.0,832.0,861.0,875.0,970.0,
47.0,47.0,96.0,128.0,137.0,164.0,222.0,259.0,263.0,265.0,288.0,317.0,341.0,355.0,376.0,388.0,412.0,416.0,461.0,466.0,475.0,480.0,481.0,481.0,499.0,526.0,546.0,566.0,575.0,607.0,678.0,700.0,710.0,710.0,773.0,791.0,799.0,809.0,815.0,906.0,914.0,932.0,952.0,961.0,
2.0,25.0,33.0,100.0,115.0,157.0,184.0,187.0,188.0,213.0,220.0,261.0,261.0,265.0,319.0,319.0,334.0,350.0,361.0,369.0,392.0,413.0,448.0,685.0,696.0,712.0,745.0,773.0,777.0,860.0,861.0,897.0,990.0,991.0,
54.0,120.0,134.0,189.0,220.0,235.0,241.0,278.0,309.0,392.0,419.0,425.0,440.0,485.0,488.0,531.0,549.0,554.0,608.0,666.0,680.0,800.0,832.0,859.0,890.0,924.0,978.0,
3.0,42.0,53.0,60.0,129.0,153.0,206.0,240.0,249.0,268.0,280.0,295.0,377.0,397.0,475.0,542.0,605.0,674.0,692.0,744.0,750.0,762.0,839.0,881.0,906.0,964.0,
19.0,23.0,119.0,133.0,172.0,185.0,217.0,272.0,289.0,300.0,396.0,433.0,491.0,492.0,511.0,554.0,639.0,646.0,652.0,658.0,659.0,685.0,691.0,703.0,742.0,760.0,780.0,783.0,920.0,960.0,991.0,
46.0,53.0,59.0,105.0,116.0,152.0,181.0,260.0,264.0,278.0,285.0,308.0,323.0,344.0,372.0,390.0,426.0,433.0,438.0,467.0,484.0,576.0,580.0,582.0,601.0,624.0,721.0,731.0,734.0,840.0,868.0,876.0,879.0,904.0,913.0,936.0,
11.0,47.0,65.0,85.0,124.0,125.0,126.0,159.0,165.0,191.0,198.0,225.0,251.0,265.0,270.0,271.0,303.0,306.0,330.0,371.0,389.0,420.0,442.0,482.0,494.0,504.0,552.0,553.0,565.0,603.0,628.0,632.0,638.0,665.0,674.0,686.0,719.0,740.0,765.0,803.0,807.0,908.0,915.0,946.0,
25.0,62.0,64.0,95.0,103.0,121.0,151.0,155.0,189.0,283.0,382.0,396.0,397.0,423.0,435.0,457.0,458.0,494.0,521.0,567.0,586.0,598.0,616.0,633.0,641.0,657.0,699.0,703.0,735.0,819.0,923.0,929.0,994.0,
4.0,38.0,54.0,54.0,92.0,100.0,124.0,170.0,232.0,237.0,247.0,288.0,288.0,305.0,322.0,331.0,332.0,357.0,359.0,368.0,368.0,417.0,446.0,520.0,526.0,528.0,554.0,562.0,588.0,627.0,644.0,660.0,676.0,709.0,716.0,716.0,735.0,737.0,746.0,784.0,812.0,835.0,864.0,897.0,918.0,931.0,954.0,964.0,989.0,
49.0,75.0,86.0,150.0,179.0,184.0,201.0,252.0,270.0,275.0,276.0,313.0,384.0,527.0,552.0,558.0,625.0,632.0,647.0,650.0,653.0,663.0,737.0,738.0,744.0,782.0,851.0,956.0,970.0,974.0,
34.0,36.0,83.0,116.0,127.0,132.0,190.0,217.0,247.0,261.0,318.0,369.0,390.0,486.0,521.0,544.0,553.0,562.0,628.0,631.0,641.0,673.0,681.0,692.0,761.0,773.0,790.0,793.0,800.0,806.0,808.0,851.0,872.0,874.0,880.0,884.0,935.0,948.0,
76.0,121.0,129.0,151.0,173.0,353.0,362.0,379.0,386.0,429.0,439.0,466.0,516.0,587.0,595.0,598.0,632.0,632.0,679.0,701.0,733.0,765.0,818.0,832.0,838.0,930.0,961.0,987.0,
2.0,3.0,43.0,75.0,88.0,90.0,137.0,148.0,180.0,181.0,194.0,219.0,247.0,257.0,308.0,376.0,380.0,419.0,436.0,483.0,546.0,656.0,731.0,746.0,769.0,776.0,793.0,844.0,858.0,881.0,906.0,914.0,945.0,971.0,986.0,
20.0,23.0,54.0,86.0,117.0,117.0,211.0,215.0,229.0,234.0,248.0,284.0,311.0,343.0,357.0,374.0,391.0,439.0,458.0,508.0,524.0,578.0,613.0,620.0,698.0,732.0,751.0,762.0,787.0,825.0,850.0,882.0,923.0,
63.0,81.0,92.0,100.0,136.0,144.0,179.0,191.0,209.0,243.0,255.0,260.0,282.0,284.0,317.0,360.0,365.0,476.0,480.0,483.0,502.0,517.0,517.0,554.0,610.0,612.0,684.0,703.0,728.0,736.0,744.0,746.0,752.0,810.0,838.0,842.0,878.0,882.0,901.0,959.0,967.0,987.0,999.0,
9.0,43.0,46.0,51.0,56.0,87.0,117.0,119.0,136.0,143.0,166.0,245.0,304.0,322.0,330.0,382.0,386.0,390.0,397.0,406.0,448.0,512.0,528.0,592.0,607.0,622.0,622.0,625.0,631.0,674.0,680.0,690.0,727.0,860.0,875.0,939.0,989.0,
19.0,60.0,117.0,132.0,166.0,182.0,200.0,216.0,219.0,258.0,281.0,305.0,383.0,388.0,422.0,447.0,455.0,488.0,514.0,575.0,596.0,605.0,638.0,695.0,715.0,732.0,763.0,929.0,937.0,940.0,999.0,
33.0,37.0,74.0,91.0,94.0,109.0,116.0,125.0,131.0,147.0,205.0,269.0,297.0,313.0,351.0,378.0,386.0,392.0,394.0,410.0,423.0,438.0,489.0,505.0,540.0,628.0,641.0,679.0,694.0,701.0,740.0,743.0,769.0,776.0,872.0,873.0,896.0,930.0,977.0,979.0,987.0,990.0,
35.0,48.0,68.0,111.0,127.0,147.0,161.0,186.0,226.0,253.0,271.0,326.0,328.0,357.0,374.0,384.0,491.0,536.0,591.0,615.0,658.0,672.0,716.0,809.0,862.0,873.0,874.0,901.0,910.0,918.0,933.0,948.0,993.0,
26.0,31.0,80.0,85.0,85.0,99.0,111.0,144.0,146.0,156.0,184.0,187.0,239.0,240.0,240.0,420.0,453.0,486.0,514.0,541.0,570.0,661.0,672.0,704.0,722.0,758.0,808.0,809.0,869.0,882.0,946.0,952.0,958.0,979.0,
8.0,111.0,117.0,145.0,162.0,237.0,254.0,260.0,269.0,295.0,315.0,320.0,359.0,366.0,377.0,386.0,399.0,422.0,426.0,466.0,472.0,502.0,544.0,550.0,626.0,643.0,652.0,681.0,717.0,760.0,814.0,925.0,934.0,951.0,980.0,987.0,
148.0,168.0,190.0,247.0,257.0,298.0,308.0,343.0,350.0,391.0,404.0,405.0,419.0,425.0,513.0,517.0,523.0,555.0,571.0,599.0,621.0,623.0,728.0,787.0,858.0,910.0,951.0,969.0,986.0,990.0,
11.0,72.0,99.0,132.0,143.0,199.0,212.0,219.0,255.0,268.0,285.0,289.0,309.0,323.0,385.0,439.0,479.0,483.0,511.0,539.0,556.0,567.0,571.0,586.0,595.0,600.0,619.0,648.0,666.0,675.0,680.0,681.0,708.0,739.0,751.0,771.0,781.0,791.0,869.0,923.0,996.0,
8.0,42.0,90.0,93.0,109.0,124.0,148.0,151.0,191.0,199.0,202.0,336.0,347.0,350.0,406.0,410.0,426.0,462.0,476.0,492.0,495.0,506.0,517.0,521.0,539.0,541.0,543.0,570.0,571.0,577.0,583.0,605.0,619.0,630.0,651.0,652.0,669.0,731.0,760.0,846.0,910.0,970.0,982.0,985.0,
30.0,44.0,72.0,129.0,144.0,168.0,170.0,170.0,178.0,188.0,284.0,368.0,387.0,437.0,450.0,465.0,481.0,516.0,523.0,530.0,546.0,555.0,567.0,594.0,635.0,648.0,671.0,698.0,713.0,719.0,754.0,760.0,814.0,823.0,834.0,858.0,873.0,964.0,969.0,988.0,992.0,
36.0,53.0,106.0,106.0,123.0,144.0,164.0,195.0,211.0,218.0,261.0,276.0,321.0,338.0,351.0,362.0,395.0,402.0,440.0,461.0,539.0,542.0,566.0,613.0,619.0,633.0,716.0,729.0,931.0,962.0,
30.0,86.0,94.0,182.0,210.0,307.0,321.0,325.0,344.0,443.0,461.0,504.0,564.0,597.0,626.0,639.0,667.0,694.0,737.0,742.0,844.0,858.0,879.0,894.0,913.0,931.0,947.0,950.0,
5.0,30.0,106.0,107.0,146.0,263.0,270.0,274.0,274.0,322.0,352.0,407.0,410.0,417.0,423.0,437.0,438.0,442.0,493.0,517.0,620.0,650.0,668.0,694.0,709.0,740.0,744.0,746.0,783.0,837.0,850.0,861.0,867.0,891.0,894.0,916.0,940.0,944.0,954.0,970.0,995.0,
22.0,194.0,202.0,214.0,219.0,222.0,234.0,255.0,280.0,289.0,347.0,397.0,409.0,416.0,424.0,424.0,496.0,538.0,557.0,561.0,581.0,594.0,621.0,627.0,636.0,678.0,741.0,788.0,828.0,834.0,836.0,840.0,901.0,902.0,924.0,944.0,956.0,982.0,990.0,990.0,998.0,
62.0,92.0,191.0,195.0,223.0,225.0,245.0,297.0,396.0,405.0,436.0,455.0,571.0,607.0,626.0,630.0,646.0,684.0,692.0,703.0,759.0,774.0,802.0,882.0,902.0,946.0,
22.0,25.0,42.0,49.0,64.0,102.0,154.0,174.0,177.0,237.0,238.0,245.0,281.0,287.0,302.0,322.0,334.0,361.0,378.0,388.0,405.0,414.0,450.0,460.0,526.0,536.0,538.0,587.0,612.0,631.0,802.0,804.0,836.0,869.0,898.0,918.0,
27.0,74.0,132.0,148.0,167.0,168.0,181.0,185.0,214.0,235.0,251.0,300.0,307.0,322.0,345.0,360.0,403.0,457.0,463.0,485.0,496.0,507.0,528.0,529.0,530.0,532.0,536.0,537.0,544.0,545.0,563.0,573.0,574.0,577.0,593.0,617.0,644.0,646.0,648.0,658.0,667.0,693.0,699.0,711.0,717.0,725.0,729.0,739.0,784.0,832.0,832.0,854.0,896.0,898.0,905.0,979.0,982.0,983.0,990.0,
43.0,56.0,127.0,136.0,178.0,189.0,205.0,210.0,226.0,229.0,235.0,253.0,279.0,299.0,357.0,368.0,384.0,427.0,438.0,465.0,471.0,494.0,512.0,514.0,516.0,527.0,538.0,538.0,543.0,554.0,559.0,562.0,586.0,590.0,593.0,593.0,599.0,601.0,608.0,617.0,623.0,632.0,632.0,633.0,643.0,681.0,681.0,681.0,721.0,722.0,729.0,763.0,791.0,813.0,826.0,829.0,830.0,862.0,865.0,876.0,881.0,886.0,888.0,893.0,904.0,927.0,933.0,939.0,951.0,956.0,969.0,979.0,995.0,
13.0,60.0,88.0,96.0,114.0,154.0,231.0,233.0,257.0,308.0,312.0,372.0,381.0,404.0,425.0,431.0,443.0,495.0,513.0,515.0,529.0,530.0,535.0,540.0,542.0,546.0,551.0,557.0,568.0,569.0,572.0,587.0,589.0,594.0,602.0,605.0,610.0,614.0,624.0,627.0,643.0,647.0,666.0,675.0,685.0,692.0,699.0,708.0,708.0,716.0,748.0,758.0,770.0,786.0,787.0,791.0,799.0,806.0,816.0,825.0,841.0,845.0,857.0,859.0,865.0,868.0,889.0,908.0,916.0,925.0,934.0,947.0,960.0,977.0,
64.0,84.0,127.0,165.0,194.0,219.0,285.0,292.0,353.0,430.0,453.0,459.0,473.0,474.0,509.0,518.0,523.0,528.0,541.0,542.0,557.0,559.0,572.0,577.0,585.0,588.0,591.0,611.0,624.0,624.0,642.0,643.0,648.0,655.0,667.0,669.0,693.0,694.0,732.0,755.0,796.0,809.0,815.0,819.0,819.0,824.0,841.0,848.0,853.0,858.0,870.0,891.0,903.0,970.0,978.0,981.0,992.0,993.0,
19.0,27.0,79.0,103.0,146.0,177.0,199.0,215.0,218.0,221.0,225.0,227.0,239.0,244.0,309.0,323.0,323.0,330.0,368.0,369.0,375.0,413.0,418.0,452.0,459.0,486.0,490.0,497.0,516.0,525.0,532.0,535.0,542.0,542.0,545.0,568.0,577.0,580.0,594.0,595.0,607.0,628.0,634.0,636.0,650.0,662.0,681.0,728.0,756.0,761.0,778.0,793.0,794.0,825.0,844.0,863.0,868.0,876.0,887.0,888.0,920.0,970.0,
18.0,105.0,149.0,182.0,202.0,245.0,285.0,302.0,338.0,351.0,378.0,381.0,393.0,393.0,396.0,438.0,445.0,485.0,487.0,508.0,567.0,569.0,605.0,642.0,706.0,712.0,713.0,830.0,831.0,853.0,978.0,
21.0,28.0,38.0,49.0,74.0,101.0,129.0,133.0,278.0,300.0,328.0,331.0,332.0,344.0,380.0,501.0,512.0,528.0,532.0,538.0,546.0,551.0,556.0,575.0,641.0,688.0,700.0,774.0,782.0,820.0,866.0,893.0,917.0,981.0,981.0,984.0,988.0,
14.0,47.0,133.0,141.0,155.0,190.0,196.0,272.0,275.0,279.0,283.0,298.0,317.0,321.0,340.0,344.0,356.0,366.0,372.0,396.0,446.0,458.0,494.0,500.0,528.0,531.0,561.0,573.0,583.0,614.0,679.0,711.0,743.0,797.0,831.0,860.0,863.0,924.0,993.0,
142.0,190.0,230.0,292.0,294.0,294.0,297.0,339.0,358.0,376.0,386.0,395.0,410.0,412.0,438.0,467.0,469.0,475.0,480.0,490.0,494.0,494.0,553.0,575.0,676.0,731.0,776.0,788.0,789.0,817.0,839.0,859.0,870.0,888.0,922.0,979.0,
3.0,43.0,107.0,121.0,131.0,133.0,135.0,189.0,215.0,234.0,266.0,282.0,290.0,316.0,375.0,375.0,394.0,396.0,445.0,461.0,472.0,474.0,503.0,519.0,537.0,538.0,543.0,553.0,562.0,576.0,583.0,610.0,637.0,676.0,685.0,694.0,723.0,763.0,819.0,851.0,921.0,923.0,928.0,937.0,984.0,
4.0,20.0,88.0,93.0,102.0,125.0,301.0,332.0,338.0,369.0,381.0,410.0,455.0,458.0,476.0,489.0,514.0,528.0,531.0,535.0,537.0,540.0,541.0,547.0,550.0,555.0,557.0,561.0,571.0,590.0,596.0,597.0,603.0,603.0,603.0,609.0,614.0,618.0,626.0,627.0,632.0,649.0,649.0,655.0,693.0,702.0,705.0,712.0,737.0,763.0,773.0,776.0,788.0,788.0,803.0,805.0,816.0,823.0,860.0,867.0,869.0,879.0,880.0,880.0,910.0,918.0,919.0,928.0,942.0,950.0,955.0,959.0,972.0,980.0,983.0,988.0,
2.0,3.0,78.0,84.0,120.0,127.0,152.0,176.0,199.0,234.0,251.0,266.0,276.0,295.0,308.0,322.0,333.0,343.0,368.0,388.0,395.0,466.0,508.0,510.0,527.0,531.0,536.0,539.0,540.0,554.0,567.0,568.0,578.0,590.0,595.0,621.0,623.0,625.0,639.0,675.0,724.0,762.0,767.0,772.0,790.0,800.0,806.0,811.0,816.0,816.0,825.0,832.0,859.0,860.0,906.0,926.0,928.0,960.0,980.0,991.0,
10.0,15.0,46.0,145.0,258.0,291.0,295.0,296.0,297.0,325.0,391.0,422.0,425.0,431.0,448.0,516.0,523.0,532.0,535.0,539.0,548.0,549.0,556.0,562.0,563.0,565.0,574.0,576.0,581.0,584.0,588.0,594.0,597.0,599.0,600.0,608.0,633.0,653.0,654.0,665.0,668.0,674.0,698.0,703.0,704.0,708.0,710.0,729.0,775.0,835.0,843.0,854.0,870.0,871.0,888.0,901.0,920.0,922.0,925.0,933.0,949.0,949.0,964.0,984.0,986.0,998.0,999.0,
69.0,75.0,82.0,83.0,151.0,245.0,275.0,284.0,347.0,359.0,363.0,364.0,412.0,439.0,495.0,504.0,523.0,524.0,539.0,539.0,539.0,542.0,544.0,545.0,546.0,550.0,558.0,561.0,562.0,566.0,582.0,587.0,601.0,604.0,606.0,613.0,621.0,621.0,638.0,639.0,642.0,646.0,658.0,659.0,663.0,663.0,679.0,683.0,718.0,724.0,724.0,766.0,806.0,809.0,830.0,835.0,840.0,872.0,886.0,891.0,892.0,898.0,898.0,912.0,913.0,925.0,928.0,932.0,955.0,970.0,
2.0,15.0,16.0,27.0,46.0,91.0,92.0,131.0,145.0,199.0,300.0,341.0,343.0,351.0,362.0,393.0,396.0,416.0,486.0,536.0,539.0,539.0,545.0,546.0,553.0,554.0,558.0,560.0,561.0,566.0,570.0,581.0,602.0,604.0,606.0,611.0,618.0,620.0,623.0,623.0,624.0,624.0,624.0,640.0,641.0,674.0,682.0,690.0,692.0,703.0,706.0,708.0,711.0,756.0,757.0,782.0,848.0,850.0,854.0,854.0,860.0,877.0,891.0,907.0,920.0,929.0,935.0,968.0,
10.0,55.0,117.0,151.0,157.0,176.0,214.0,255.0,273.0,280.0,316.0,386.0,387.0,391.0,425.0,512.0,517.0,542.0,547.0,555.0,558.0,616.0,634.0,660.0,868.0,878.0,930.0,
23.0,58.0,58.0,89.0,133.0,145.0,148.0,175.0,186.0,234.0,270.0,357.0,405.0,447.0,501.0,627.0,694.0,710.0,778.0,815.0,822.0,879.0,937.0,957.0,968.0,976.0,
13.0,29.0,104.0,112.0,121.0,184.0,198.0,199.0,209.0,213.0,231.0,251.0,277.0,284.0,305.0,307.0,312.0,322.0,405.0,407.0,431.0,556.0,577.0,592.0,597.0,629.0,650.0,710.0,783.0,809.0,847.0,980.0,
7.0,80.0,152.0,158.0,172.0,202.0,223.0,224.0,251.0,344.0,380.0,406.0,411.0,496.0,522.0,545.0,567.0,599.0,600.0,606.0,629.0,699.0,709.0,737.0,832.0,845.0,875.0,942.0,989.0,
5.0,25.0,39.0,44.0,72.0,80.0,101.0,124.0,157.0,159.0,161.0,190.0,211.0,254.0,295.0,295.0,408.0,428.0,447.0,509.0,535.0,544.0,544.0,558.0,564.0,581.0,616.0,620.0,661.0,667.0,669.0,674.0,683.0,683.0,717.0,717.0,729.0,735.0,744.0,746.0,781.0,800.0,821.0,826.0,833.0,841.0,859.0,882.0,923.0,981.0,989.0,
56.0,97.0,99.0,109.0,152.0,170.0,196.0,203.0,252.0,286.0,292.0,313.0,333.0,335.0,391.0,482.0,485.0,516.0,537.0,550.0,553.0,557.0,581.0,590.0,592.0,601.0,602.0,603.0,625.0,635.0,650.0,651.0,652.0,653.0,654.0,668.0,676.0,686.0,693.0,694.0,708.0,709.0,715.0,724.0,741.0,744.0,751.0,764.0,769.0,794.0,796.0,798.0,842.0,847.0,880.0,888.0,925.0,933.0,979.0,986.0,996.0,
46.0,79.0,204.0,226.0,246.0,275.0,310.0,322.0,371.0,372.0,382.0,398.0,411.0,490.0,517.0,529.0,534.0,536.0,546.0,548.0,550.0,557.0,558.0,562.0,562.0,576.0,578.0,582.0,583.0,583.0,587.0,592.0,600.0,619.0,653.0,657.0,666.0,684.0,686.0,712.0,721.0,722.0,729.0,731.0,763.0,781.0,786.0,819.0,839.0,852.0,859.0,867.0,910.0,952.0,958.0,978.0,980.0,981.0,
68.0,86.0,94.0,131.0,155.0,194.0,237.0,285.0,317.0,320.0,322.0,334.0,366.0,401.0,424.0,452.0,453.0,454.0,464.0,505.0,518.0,520.0,521.0,522.0,523.0,524.0,534.0,535.0,537.0,538.0,542.0,542.0,558.0,568.0,570.0,570.0,577.0,577.0,582.0,595.0,598.0,598.0,612.0,613.0,620.0,623.0,629.0,631.0,645.0,654.0,668.0,702.0,703.0,725.0,755.0,755.0,792.0,837.0,839.0,844.0,859.0,861.0,871.0,887.0,888.0,903.0,916.0,933.0,941.0,
6.0,16.0,31.0,51.0,101.0,127.0,160.0,200.0,216.0,227.0,259.0,269.0,356.0,376.0,474.0,500.0,505.0,512.0,531.0,534.0,534.0,534.0,542.0,544.0,551.0,557.0,560.0,561.0,562.0,570.0,576.0,577.0,581.0,581.0,582.0,617.0,617.0,620.0,624.0,630.0,631.0,650.0,651.0,658.0,675.0,686.0,705.0,729.0,758.0,765.0,765.0,765.0,779.0,820.0,820.0,830.0,838.0,844.0,847.0,859.0,863.0,881.0,887.0,922.0,927.0,934.0,973.0,985.0,
6.0,48.0,75.0,109.0,128.0,160.0,170.0,226.0,251.0,278.0,308.0,315.0,365.0,432.0,447.0,454.0,514.0,529.0,530.0,533.0,533.0,538.0,541.0,544.0,546.0,557.0,560.0,560.0,561.0,570.0,572.0,578.0,592.0,595.0,600.0,602.0,609.0,613.0,615.0,622.0,639.0,646.0,647.0,659.0,681.0,693.0,698.0,699.0,723.0,726.0,727.0,731.0,731.0,733.0,745.0,779.0,788.0,795.0,805.0,812.0,815.0,815.0,821.0,831.0,837.0,864.0,869.0,923.0,927.0,932.0,959.0,979.0,988.0,
3.0,8.0,28.0,73.0,85.0,131.0,155.0,164.0,170.0,203.0,230.0,254.0,260.0,333.0,336.0,365.0,421.0,424.0,424.0,425.0,433.0,471.0,473.0,489.0,493.0,506.0,518.0,518.0,548.0,550.0,551.0,577.0,588.0,593.0,601.0,612.0,622.0,634.0,677.0,731.0,747.0,860.0,936.0,988.0,
82.0,112.0,181.0,188.0,189.0,197.0,214.0,215.0,258.0,292.0,299.0,318.0,365.0,399.0,409.0,415.0,506.0,522.0,695.0,749.0,753.0,769.0,786.0,791.0,871.0,879.0,993.0,
19.0,46.0,64.0,143.0,145.0,175.0,202.0,276.0,357.0,366.0,369.0,392.0,403.0,451.0,466.0,519.0,529.0,557.0,583.0,629.0,644.0,650.0,652.0,691.0,692.0,713.0,740.0,755.0,766.0,797.0,807.0,821.0,849.0,864.0,868.0,881.0,904.0,920.0,921.0,952.0,958.0,988.0,
46.0,89.0,154.0,191.0,207.0,252.0,323.0,340.0,384.0,407.0,432.0,448.0,478.0,487.0,509.0,539.0,555.0,567.0,579.0,593.0,611.0,659.0,681.0,708.0,752.0,824.0,829.0,844.0,897.0,953.0,996.0,
3.0,21.0,47.0,78.0,96.0,128.0,145.0,155.0,166.0,208.0,215.0,231.0,231.0,233.0,237.0,248.0,313.0,333.0,411.0,441.0,442.0,491.0,523.0,526.0,533.0,545.0,552.0,554.0,569.0,575.0,576.0,585.0,598.0,603.0,616.0,645.0,665.0,717.0,742.0,759.0,816.0,829.0,841.0,914.0,920.0,980.0,
9.0,33.0,52.0,67.0,123.0,166.0,214.0,216.0,224.0,306.0,315.0,327.0,344.0,351.0,371.0,388.0,398.0,433.0,448.0,517.0,536.0,553.0,569.0,569.0,572.0,577.0,593.0,599.0,607.0,612.0,618.0,619.0,626.0,640.0,640.0,650.0,659.0,673.0,676.0,690.0,691.0,699.0,701.0,703.0,718.0,725.0,729.0,733.0,765.0,770.0,781.0,789.0,797.0,797.0,805.0,809.0,817.0,822.0,832.0,846.0,860.0,864.0,867.0,882.0,898.0,920.0,920.0,925.0,939.0,943.0,950.0,950.0,961.0,971.0,988.0,999.0,
3.0,13.0,42.0,81.0,102.0,106.0,148.0,217.0,243.0,260.0,266.0,286.0,297.0,324.0,385.0,403.0,410.0,441.0,446.0,472.0,481.0,498.0,518.0,519.0,522.0,526.0,534.0,544.0,544.0,547.0,550.0,555.0,559.0,562.0,568.0,587.0,597.0,602.0,612.0,615.0,616.0,623.0,647.0,664.0,665.0,668.0,673.0,683.0,689.0,693.0,696.0,703.0,708.0,718.0,728.0,729.0,743.0,767.0,773.0,773.0,785.0,800.0,810.0,813.0,815.0,815.0,825.0,830.0,857.0,862.0,863.0,872.0,881.0,910.0,917.0,922.0,926.0,928.0,932.0,953.0,977.0,978.0,979.0,982.0,989.0,990.0,
24.0,45.0,81.0,103.0,113.0,150.0,166.0,176.0,188.0,191.0,244.0,292.0,306.0,324.0,337.0,345.0,359.0,382.0,387.0,398.0,424.0,446.0,511.0,515.0,529.0,531.0,538.0,542.0,544.0,548.0,548.0,548.0,553.0,555.0,556.0,565.0,568.0,575.0,578.0,578.0,584.0,585.0,608.0,618.0,630.0,640.0,652.0,672.0,680.0,714.0,721.0,725.0,728.0,732.0,775.0,779.0,779.0,784.0,852.0,878.0,894.0,923.0,953.0,954.0,965.0,965.0,967.0,968.0,981.0,
29.0,50.0,67.0,101.0,121.0,187.0,227.0,247.0,257.0,284.0,315.0,320.0,359.0,374.0,387.0,403.0,418.0,472.0,518.0,530.0,533.0,535.0,537.0,541.0,542.0,552.0,561.0,568.0,574.0,584.0,595.0,600.0,603.0,604.0,605.0,613.0,618.0,630.0,631.0,631.0,672.0,674.0,679.0,685.0,700.0,701.0,706.0,710.0,714.0,718.0,719.0,721.0,721.0,724.0,735.0,742.0,754.0,765.0,780.0,800.0,805.0,836.0,846.0,860.0,874.0,904.0,916.0,928.0,951.0,991.0,999.0,1000.0,
2.0,20.0,25.0,65.0,69.0,80.0,109.0,122.0,178.0,232.0,256.0,278.0,299.0,324.0,337.0,352.0,356.0,375.0,432.0,451.0,492.0,507.0,509.0,519.0,523.0,526.0,527.0,530.0,532.0,542.0,545.0,547.0,553.0,562.0,565.0,568.0,569.0,570.0,579.0,579.0,582.0,594.0,610.0,621.0,624.0,625.0,626.0,643.0,649.0,649.0,651.0,664.0,664.0,693.0,713.0,721.0,753.0,770.0,783.0,799.0,799.0,820.0,834.0,854.0,868.0,869.0,882.0,889.0,898.0,906.0,906.0,914.0,921.0,922.0,934.0,956.0,962.0,971.0,975.0,990.0,999.0,
12.0,28.0,63.0,90.0,119.0,187.0,234.0,245.0,284.0,291.0,304.0,357.0,452.0,459.0,484.0,555.0,582.0,639.0,666.0,673.0,685.0,687.0,788.0,858.0,906.0,926.0,968.0,
25.0,27.0,58.0,62.0,67.0,80.0,121.0,191.0,223.0,229.0,243.0,278.0,355.0,363.0,407.0,411.0,430.0,433.0,454.0,456.0,683.0,785.0,829.0,837.0,883.0,914.0,
3.0,73.0,73.0,166.0,181.0,217.0,238.0,239.0,272.0,290.0,292.0,306.0,312.0,313.0,327.0,333.0,388.0,405.0,523.0,549.0,600.0,606.0,689.0,722.0,729.0,811.0,839.0,850.0,866.0,868.0,881.0,893.0,931.0,935.0,974.0,986.0,
13.0,31.0,33.0,36.0,47.0,53.0,80.0,81.0,95.0,159.0,187.0,239.0,260.0,294.0,302.0,304.0,322.0,346.0,354.0,377.0,388.0,404.0,408.0,427.0,428.0,441.0,491.0,511.0,615.0,639.0,660.0,664.0,699.0,793.0,895.0,955.0,978.0,
6.0,24.0,37.0,39.0,57.0,70.0,86.0,119.0,143.0,144.0,167.0,198.0,256.0,306.0,419.0,457.0,472.0,479.0,521.0,528.0,588.0,591.0,601.0,664.0,738.0,749.0,813.0,881.0,912.0,941.0,977.0,
4.0,88.0,136.0,159.0,161.0,166.0,192.0,299.0,302.0,358.0,360.0,361.0,384.0,513.0,527.0,530.0,552.0,555.0,556.0,578.0,585.0,586.0,598.0,599.0,605.0,608.0,625.0,633.0,666.0,670.0,689.0,709.0,714.0,728.0,729.0,751.0,754.0,762.0,762.0,811.0,831.0,842.0,845.0,855.0,898.0,937.0,993.0,999.0,
14.0,66.0,218.0,251.0,258.0,303.0,307.0,311.0,329.0,343.0,423.0,491.0,496.0,509.0,540.0,541.0,548.0,553.0,561.0,567.0,574.0,590.0,593.0,594.0,616.0,627.0,631.0,640.0,646.0,648.0,681.0,698.0,709.0,714.0,728.0,730.0,742.0,755.0,786.0,805.0,817.0,819.0,824.0,836.0,904.0,952.0,952.0,956.0,967.0,980.0,
28.0,33.0,54.0,58.0,83.0,102.0,116.0,142.0,156.0,173.0,203.0,274.0,281.0,328.0,336.0,387.0,418.0,422.0,428.0,464.0,529.0,534.0,540.0,553.0,561.0,588.0,588.0,596.0,606.0,608.0,613.0,623.0,625.0,643.0,644.0,648.0,651.0,685.0,695.0,696.0,700.0,702.0,704.0,709.0,710.0,739.0,788.0,789.0,789.0,790.0,791.0,807.0,809.0,815.0,834.0,836.0,872.0,901.0,903.0,907.0,912.0,919.0,965.0,970.0,972.0,
9.0,23.0,88.0,114.0,129.0,136.0,153.0,154.0,182.0,193.0,200.0,205.0,206.0,220.0,273.0,312.0,327.0,335.0,337.0,349.0,398.0,444.0,447.0,454.0,462.0,468.0,470.0,479.0,479.0,517.0,518.0,531.0,534.0,540.0,543.0,543.0,546.0,546.0,553.0,553.0,568.0,571.0,574.0,578.0,579.0,586.0,613.0,618.0,624.0,633.0,634.0,640.0,651.0,663.0,664.0,665.0,691.0,710.0,718.0,755.0,762.0,764.0,767.0,809.0,842.0,861.0,867.0,900.0,901.0,910.0,917.0,923.0,932.0,935.0,949.0,968.0,980.0,995.0,
89.0,113.0,124.0,125.0,165.0,196.0,202.0,207.0,256.0,259.0,283.0,291.0,313.0,316.0,340.0,407.0,456.0,467.0,483.0,486.0,491.0,492.0,495.0,505.0,524.0,543.0,551.0,562.0,575.0,599.0,605.0,646.0,656.0,664.0,680.0,699.0,708.0,716.0,717.0,721.0,729.0,729.0,742.0,748.0,752.0,797.0,805.0,806.0,812.0,818.0,821.0,843.0,843.0,883.0,934.0,957.0,987.0,
14.0,51.0,125.0,127.0,128.0,132.0,134.0,149.0,151.0,176.0,220.0,251.0,268.0,312.0,320.0,338.0,397.0,403.0,404.0,427.0,502.0,649.0,687.0,698.0,744.0,780.0,786.0,830.0,837.0,957.0,
17.0,17.0,40.0,53.0,90.0,104.0,119.0,129.0,158.0,221.0,250.0,336.0,371.0,391.0,406.0,453.0,460.0,485.0,511.0,518.0,527.0,529.0,556.0,560.0,586.0,641.0,653.0,709.0,801.0,855.0,930.0,935.0,972.0,
7.0,40.0,51.0,74.0,74.0,90.0,100.0,104.0,110.0,115.0,136.0,192.0,214.0,214.0,243.0,254.0,256.0,284.0,302.0,313.0,316.0,331.0,336.0,341.0,378.0,390.0,400.0,405.0,417.0,440.0,513.0,526.0,530.0,530.0,535.0,540.0,545.0,570.0,642.0,661.0,671.0,680.0,681.0,686.0,728.0,755.0,758.0,780.0,788.0,796.0,812.0,875.0,892.0,946.0,958.0,965.0,973.0,988.0,
23.0,60.0,132.0,223.0,224.0,288.0,319.0,371.0,406.0,467.0,513.0,516.0,574.0,581.0,640.0,640.0,711.0,757.0,793.0,875.0,920.0,
39.0,57.0,109.0,171.0,174.0,174.0,176.0,192.0,208.0,210.0,230.0,259.0,286.0,310.0,319.0,360.0,395.0,416.0,424.0,428.0,433.0,548.0,553.0,555.0,591.0,663.0,685.0,688.0,882.0,889.0,914.0,953.0,
44.0,59.0,65.0,76.0,233.0,259.0,261.0,320.0,365.0,384.0,402.0,420.0,502.0,508.0,532.0,549.0,552.0,569.0,619.0,676.0,682.0,728.0,733.0,782.0,806.0,818.0,822.0,834.0,926.0,951.0,953.0,
21.0,21.0,59.0,62.0,70.0,99.0,103.0,117.0,158.0,211.0,228.0,299.0,306.0,335.0,396.0,428.0,483.0,531.0,614.0,658.0,672.0,678.0,780.0,781.0,798.0,894.0,923.0,965.0,
3.0,3.0,55.0,78.0,91.0,105.0,129.0,236.0,297.0,371.0,402.0,403.0,404.0,420.0,437.0,479.0,509.0,544.0,546.0,552.0,575.0,596.0,611.0,669.0,697.0,731.0,737.0,738.0,780.0,793.0,810.0,886.0,891.0,902.0,906.0,938.0,955.0,957.0,977.0,
45.0,64.0,72.0,79.0,106.0,121.0,155.0,182.0,278.0,361.0,364.0,405.0,433.0,436.0,438.0,504.0,506.0,521.0,522.0,533.0,540.0,545.0,547.0,549.0,572.0,580.0,654.0,683.0,692.0,701.0,728.0,777.0,788.0,859.0,891.0,899.0,904.0,910.0,913.0,947.0,
9.0,41.0,42.0,54.0,121.0,156.0,162.0,177.0,194.0,198.0,212.0,229.0,250.0,272.0,338.0,383.0,420.0,421.0,430.0,445.0,452.0,452.0,465.0,465.0,510.0,512.0,565.0,570.0,589.0,714.0,731.0,773.0,909.0,995.0,
7.0,26.0,65.0,107.0,107.0,127.0,215.0,242.0,266.0,308.0,354.0,370.0,372.0,376.0,392.0,394.0,414.0,423.0,486.0,561.0,599.0,599.0,612.0,674.0,677.0,677.0,738.0,784.0,800.0,827.0,874.0,962.0,977.0,985.0,997.0,
9.0,31.0,59.0,128.0,144.0,191.0,200.0,205.0,211.0,223.0,250.0,278.0,288.0,329.0,375.0,399.0,408.0,462.0,493.0,527.0,593.0,595.0,668.0,759.0,795.0,802.0,819.0,824.0,830.0,922.0,961.0,988.0,
2.0,7.0,28.0,87.0,88.0,140.0,149.0,181.0,192.0,226.0,258.0,259.0,353.0,369.0,420.0,474.0,502.0,519.0,527.0,531.0,539.0,549.0,608.0,626.0,682.0,703.0,792.0,809.0,833.0,861.0,899.0,916.0,934.0,984.0,
10.0,33.0,40.0,66.0,76.0,92.0,101.0,138.0,175.0,188.0,203.0,261.0,297.0,388.0,414.0,418.0,487.0,620.0,724.0,780.0,815.0,817.0,837.0,843.0,856.0,908.0,995.0,
11.0,17.0,45.0,53.0,97.0,109.0,120.0,198.0,200.0,312.0,377.0,379.0,381.0,427.0,456.0,474.0,476.0,487.0,546.0,609.0,698.0,702.0,703.0,902.0,947.0,
18.0,28.0,69.0,107.0,163.0,231.0,245.0,255.0,256.0,268.0,278.0,374.0,512.0,537.0,557.0,561.0,612.0,627.0,637.0,686.0,699.0,737.0,794.0,827.0,852.0,859.0,911.0,946.0,955.0,968.0,983.0,
20.0,40.0,108.0,113.0,121.0,129.0,195.0,204.0,227.0,228.0,237.0,242.0,322.0,340.0,354.0,386.0,410.0,419.0,427.0,428.0,437.0,439.0,445.0,455.0,457.0,481.0,507.0,533.0,618.0,643.0,686.0,719.0,777.0,811.0,829.0,861.0,862.0,866.0,900.0,917.0,979.0,
3.0,7.0,14.0,36.0,41.0,71.0,87.0,94.0,147.0,157.0,170.0,259.0,267.0,310.0,355.0,385.0,436.0,449.0,483.0,487.0,498.0,542.0,547.0,617.0,628.0,672.0,705.0,784.0,796.0,806.0,853.0,877.0,894.0,
24.0,64.0,83.0,98.0,126.0,231.0,233.0,242.0,288.0,289.0,310.0,312.0,379.0,400.0,418.0,460.0,476.0,501.0,501.0,506.0,598.0,690.0,749.0,759.0,849.0,850.0,856.0,876.0,892.0,902.0,952.0,964.0,981.0,
22.0,32.0,84.0,87.0,115.0,140.0,201.0,210.0,235.0,277.0,288.0,309.0,344.0,400.0,469.0,474.0,652.0,656.0,676.0,690.0,771.0,777.0,844.0,856.0,862.0,866.0,936.0,945.0,953.0,
9.0,37.0,56.0,86.0,93.0,115.0,157.0,177.0,195.0,197.0,207.0,210.0,254.0,284.0,312.0,314.0,374.0,417.0,469.0,475.0,491.0,504.0,516.0,522.0,597.0,600.0,611.0,677.0,689.0,707.0,715.0,744.0,744.0,770.0,783.0,788.0,817.0,850.0,875.0,888.0,899.0,900.0,900.0,
5.0,76.0,104.0,112.0,125.0,132.0,144.0,168.0,202.0,205.0,256.0,261.0,273.0,297.0,366.0,414.0,424.0,451.0,457.0,489.0,499.0,501.0,550.0,573.0,593.0,636.0,640.0,640.0,671.0,704.0,713.0,775.0,795.0,847.0,911.0,946.0,953.0,976.0,
