17.0,74.0,166.0,236.0,323.0,324.0,343.0,354.0,362.0,366.0,414.0,421.0,431.0,455.0,470.0,488.0,497.0,531.0,565.0,567.0,637.0,763.0,790.0,819.0,820.0,834.0,934.0,939.0,
12.0,32.0,67.0,78.0,113.0,162.0,173.0,207.0,218.0,226.0,322.0,329.0,382.0,414.0,417.0,462.0,464.0,481.0,499.0,502.0,526.0,528.0,586.0,589.0,629.0,631.0,671.0,710.0,744.0,788.0,832.0,867.0,879.0,898.0,944.0,950.0,993.0,
2.0,28.0,42.0,79.0,141.0,168.0,178.0,255.0,280.0,287.0,378.0,381.0,381.0,421.0,467.0,476.0,483.0,505.0,534.0,537.0,711.0,723.0,726.0,785.0,788.0,809.0,817.0,834.0,873.0,909.0,933.0,949.0,951.0,954.0,
117.0,162.0,332.0,381.0,392.0,415.0,431.0,485.0,506.0,507.0,511.0,511.0,516.0,521.0,639.0,683.0,724.0,777.0,810.0,838.0,839.0,879.0,880.0,900.0,902.0,903.0,914.0,
93.0,108.0,114.0,125.0,153.0,179.0,240.0,285.0,324.0,326.0,393.0,395.0,403.0,459.0,533.0,542.0,564.0,619.0,638.0,671.0,701.0,703.0,741.0,741.0,749.0,798.0,800.0,852.0,879.0,891.0,901.0,
13.0,105.0,133.0,137.0,144.0,147.0,187.0,211.0,223.0,260.0,271.0,284.0,298.0,331.0,390.0,398.0,423.0,432.0,451.0,479.0,510.0,601.0,659.0,669.0,669.0,692.0,692.0,701.0,727.0,733.0,779.0,805.0,823.0,831.0,873.0,893.0,928.0,945.0,984.0,
15.0,70.0,105.0,181.0,190.0,191.0,205.0,228.0,246.0,273.0,289.0,343.0,359.0,361.0,362.0,407.0,415.0,416.0,435.0,554.0,562.0,590.0,616.0,674.0,729.0,780.0,793.0,821.0,843.0,846.0,856.0,884.0,904.0,955.0,992.0,
10.0,35.0,66.0,129.0,142.0,161.0,248.0,254.0,256.0,294.0,337.0,404.0,484.0,516.0,539.0,587.0,596.0,612.0,633.0,716.0,754.0,804.0,810.0,833.0,857.0,931.0,948.0,984.0,
32.0,34.0,78.0,107.0,127.0,131.0,132.0,145.0,146.0,207.0,234.0,247.0,248.0,257.0,258.0,273.0,306.0,326.0,341.0,360.0,393.0,403.0,449.0,490.0,602.0,602.0,612.0,620.0,636.0,654.0,655.0,658.0,668.0,702.0,752.0,838.0,844.0,849.0,872.0,889.0,934.0,
21.0,23.0,52.0,65.0,69.0,72.0,135.0,135.0,169.0,325.0,329.0,335.0,341.0,406.0,412.0,481.0,516.0,530.0,553.0,555.0,563.0,578.0,583.0,594.0,634.0,652.0,668.0,679.0,736.0,740.0,741.0,741.0,743.0,797.0,801.0,826.0,826.0,873.0,877.0,881.0,892.0,915.0,934.0,941.0,950.0,
44.0,53.0,105.0,110.0,193.0,205.0,248.0,298.0,305.0,315.0,326.0,370.0,377.0,378.0,381.0,412.0,418.0,441.0,442.0,447.0,459.0,471.0,502.0,512.0,516.0,534.0,542.0,549.0,575.0,612.0,666.0,725.0,736.0,761.0,781.0,796.0,805.0,825.0,847.0,852.0,857.0,862.0,880.0,881.0,898.0,921.0,926.0,995.0,
29.0,74.0,85.0,127.0,176.0,187.0,188.0,194.0,262.0,282.0,295.0,302.0,317.0,362.0,374.0,378.0,379.0,440.0,443.0,460.0,522.0,556.0,615.0,677.0,738.0,754.0,789.0,797.0,799.0,812.0,822.0,833.0,879.0,918.0,945.0,
3.0,9.0,20.0,30.0,31.0,35.0,54.0,98.0,107.0,147.0,202.0,236.0,391.0,393.0,415.0,440.0,483.0,511.0,569.0,595.0,604.0,607.0,618.0,625.0,674.0,716.0,718.0,742.0,763.0,796.0,851.0,885.0,911.0,917.0,926.0,988.0,
18.0,23.0,58.0,136.0,142.0,146.0,152.0,166.0,273.0,333.0,352.0,367.0,378.0,410.0,418.0,446.0,474.0,482.0,495.0,567.0,586.0,626.0,652.0,683.0,707.0,727.0,756.0,886.0,897.0,899.0,920.0,931.0,970.0,978.0,
14.0,21.0,73.0,133.0,143.0,173.0,180.0,190.0,203.0,204.0,243.0,288.0,378.0,389.0,412.0,413.0,447.0,464.0,469.0,492.0,518.0,545.0,562.0,591.0,632.0,640.0,641.0,656.0,673.0,732.0,764.0,825.0,831.0,833.0,880.0,885.0,927.0,930.0,930.0,975.0,982.0,991.0,
39.0,79.0,85.0,91.0,137.0,150.0,152.0,326.0,351.0,373.0,395.0,406.0,432.0,468.0,478.0,479.0,533.0,561.0,568.0,572.0,584.0,584.0,597.0,605.0,671.0,685.0,706.0,785.0,805.0,860.0,907.0,923.0,934.0,
2.0,9.0,18.0,38.0,52.0,85.0,155.0,166.0,178.0,199.0,225.0,252.0,328.0,333.0,375.0,449.0,449.0,493.0,527.0,527.0,536.0,576.0,616.0,621.0,634.0,758.0,775.0,801.0,813.0,825.0,848.0,889.0,906.0,911.0,961.0,993.0,
24.0,25.0,39.0,70.0,75.0,160.0,195.0,212.0,225.0,267.0,276.0,322.0,367.0,411.0,429.0,435.0,479.0,489.0,510.0,549.0,624.0,658.0,729.0,752.0,762.0,789.0,893.0,894.0,
2.0,44.0,49.0,65.0,69.0,113.0,154.0,160.0,167.0,185.0,198.0,205.0,211.0,270.0,345.0,361.0,365.0,430.0,536.0,536.0,553.0,617.0,643.0,647.0,663.0,667.0,668.0,674.0,718.0,734.0,759.0,762.0,786.0,791.0,791.0,805.0,832.0,909.0,911.0,964.0,969.0,990.0,
28.0,38.0,61.0,84.0,99.0,193.0,198.0,231.0,237.0,242.0,356.0,392.0,399.0,425.0,437.0,519.0,548.0,569.0,629.0,733.0,765.0,768.0,803.0,816.0,835.0,887.0,894.0,984.0,996.0,
16.0,25.0,29.0,43.0,56.0,60.0,94.0,168.0,210.0,249.0,249.0,301.0,349.0,480.0,535.0,553.0,563.0,658.0,690.0,694.0,694.0,701.0,706.0,722.0,741.0,752.0,776.0,795.0,827.0,850.0,893.0,967.0,969.0,
41.0,47.0,58.0,72.0,82.0,94.0,94.0,114.0,150.0,154.0,174.0,261.0,270.0,273.0,277.0,317.0,367.0,480.0,573.0,598.0,645.0,694.0,707.0,728.0,813.0,820.0,842.0,845.0,852.0,885.0,899.0,903.0,933.0,956.0,962.0,983.0,991.0,
27.0,34.0,90.0,112.0,138.0,138.0,148.0,172.0,224.0,226.0,268.0,301.0,312.0,319.0,336.0,352.0,358.0,371.0,419.0,421.0,442.0,456.0,506.0,528.0,564.0,600.0,628.0,651.0,657.0,665.0,668.0,698.0,711.0,746.0,750.0,755.0,764.0,864.0,884.0,890.0,962.0,964.0,993.0,
19.0,44.0,70.0,76.0,158.0,186.0,219.0,263.0,279.0,288.0,389.0,399.0,517.0,539.0,603.0,610.0,623.0,694.0,755.0,756.0,769.0,787.0,840.0,845.0,888.0,894.0,949.0,959.0,994.0,
44.0,57.0,58.0,71.0,72.0,75.0,111.0,122.0,130.0,146.0,148.0,193.0,222.0,273.0,312.0,341.0,342.0,399.0,426.0,496.0,513.0,581.0,591.0,603.0,652.0,669.0,669.0,669.0,690.0,703.0,723.0,817.0,925.0,945.0,
52.0,58.0,124.0,124.0,130.0,201.0,281.0,287.0,313.0,343.0,362.0,381.0,401.0,460.0,482.0,487.0,522.0,528.0,570.0,654.0,681.0,707.0,716.0,745.0,759.0,775.0,901.0,903.0,905.0,911.0,991.0,
46.0,70.0,115.0,148.0,202.0,212.0,227.0,274.0,313.0,325.0,326.0,339.0,382.0,452.0,467.0,472.0,486.0,502.0,526.0,557.0,566.0,582.0,614.0,655.0,657.0,658.0,678.0,681.0,691.0,715.0,774.0,817.0,818.0,851.0,874.0,891.0,896.0,928.0,930.0,984.0,
5.0,12.0,37.0,53.0,68.0,130.0,192.0,239.0,274.0,297.0,331.0,340.0,363.0,389.0,396.0,458.0,501.0,510.0,512.0,515.0,518.0,613.0,631.0,631.0,654.0,686.0,700.0,751.0,813.0,845.0,855.0,879.0,903.0,965.0,975.0,
3.0,13.0,17.0,27.0,63.0,64.0,91.0,106.0,117.0,124.0,127.0,190.0,248.0,304.0,358.0,371.0,394.0,394.0,427.0,428.0,442.0,451.0,489.0,502.0,535.0,583.0,596.0,608.0,638.0,673.0,677.0,681.0,704.0,707.0,711.0,814.0,849.0,860.0,935.0,944.0,994.0,
57.0,108.0,135.0,154.0,160.0,169.0,175.0,249.0,294.0,315.0,316.0,345.0,350.0,403.0,506.0,543.0,549.0,582.0,644.0,645.0,669.0,679.0,721.0,728.0,754.0,795.0,878.0,885.0,913.0,928.0,
30.0,73.0,92.0,125.0,126.0,130.0,134.0,151.0,157.0,159.0,210.0,217.0,224.0,226.0,242.0,304.0,326.0,390.0,390.0,400.0,499.0,524.0,525.0,542.0,550.0,575.0,577.0,607.0,612.0,633.0,650.0,651.0,687.0,718.0,742.0,931.0,
39.0,89.0,89.0,90.0,94.0,134.0,138.0,141.0,156.0,191.0,193.0,216.0,241.0,253.0,322.0,351.0,369.0,408.0,420.0,483.0,501.0,538.0,541.0,565.0,571.0,629.0,673.0,690.0,722.0,750.0,761.0,762.0,775.0,811.0,891.0,933.0,943.0,959.0,966.0,972.0,
16.0,16.0,52.0,118.0,142.0,148.0,159.0,179.0,226.0,241.0,251.0,286.0,340.0,341.0,352.0,366.0,405.0,419.0,442.0,473.0,479.0,499.0,500.0,514.0,537.0,653.0,675.0,677.0,689.0,738.0,750.0,781.0,887.0,895.0,914.0,935.0,986.0,
67.0,97.0,109.0,148.0,170.0,173.0,243.0,251.0,285.0,286.0,336.0,343.0,353.0,428.0,446.0,548.0,570.0,577.0,654.0,674.0,747.0,967.0,976.0,
46.0,142.0,148.0,148.0,177.0,195.0,208.0,214.0,239.0,253.0,282.0,325.0,407.0,429.0,433.0,458.0,461.0,484.0,487.0,498.0,507.0,579.0,665.0,671.0,671.0,676.0,676.0,680.0,728.0,743.0,751.0,772.0,783.0,790.0,819.0,840.0,845.0,872.0,880.0,902.0,906.0,943.0,997.0,
9.0,49.0,86.0,135.0,201.0,218.0,228.0,246.0,327.0,385.0,420.0,475.0,531.0,540.0,558.0,599.0,643.0,731.0,750.0,848.0,858.0,880.0,897.0,931.0,
15.0,50.0,90.0,186.0,203.0,225.0,271.0,292.0,356.0,389.0,416.0,425.0,471.0,503.0,510.0,518.0,548.0,599.0,605.0,652.0,783.0,801.0,908.0,943.0,954.0,985.0,
33.0,62.0,62.0,86.0,130.0,184.0,195.0,237.0,252.0,281.0,308.0,323.0,390.0,415.0,426.0,438.0,460.0,483.0,490.0,533.0,543.0,550.0,607.0,628.0,657.0,721.0,725.0,743.0,746.0,786.0,808.0,891.0,894.0,946.0,962.0,
32.0,122.0,145.0,214.0,300.0,337.0,361.0,383.0,392.0,412.0,420.0,483.0,501.0,507.0,654.0,664.0,664.0,673.0,673.0,727.0,743.0,755.0,757.0,761.0,767.0,804.0,848.0,873.0,906.0,923.0,928.0,989.0,
3.0,19.0,46.0,99.0,186.0,198.0,217.0,246.0,270.0,329.0,335.0,404.0,435.0,518.0,565.0,607.0,646.0,647.0,665.0,671.0,708.0,721.0,760.0,771.0,819.0,836.0,851.0,879.0,889.0,932.0,942.0,
101.0,159.0,192.0,227.0,238.0,238.0,291.0,311.0,315.0,373.0,386.0,394.0,409.0,413.0,413.0,435.0,438.0,511.0,522.0,584.0,592.0,598.0,606.0,627.0,890.0,897.0,899.0,926.0,965.0,
10.0,15.0,16.0,18.0,52.0,67.0,100.0,123.0,143.0,232.0,250.0,261.0,306.0,322.0,359.0,362.0,409.0,410.0,463.0,524.0,526.0,546.0,551.0,601.0,628.0,687.0,850.0,991.0,
16.0,53.0,74.0,117.0,119.0,133.0,188.0,199.0,201.0,215.0,278.0,332.0,342.0,359.0,367.0,422.0,443.0,450.0,457.0,487.0,532.0,573.0,575.0,600.0,663.0,664.0,684.0,688.0,700.0,743.0,768.0,779.0,779.0,783.0,784.0,811.0,829.0,832.0,916.0,953.0,954.0,963.0,976.0,
8.0,61.0,87.0,99.0,108.0,130.0,153.0,186.0,206.0,243.0,294.0,320.0,388.0,451.0,459.0,509.0,538.0,637.0,649.0,667.0,706.0,717.0,780.0,793.0,869.0,870.0,924.0,973.0,986.0,989.0,
46.0,97.0,161.0,166.0,224.0,245.0,269.0,284.0,290.0,303.0,350.0,356.0,385.0,386.0,411.0,503.0,504.0,509.0,559.0,668.0,672.0,688.0,740.0,815.0,837.0,876.0,876.0,876.0,906.0,972.0,991.0,
6.0,66.0,95.0,108.0,156.0,163.0,171.0,175.0,180.0,184.0,215.0,256.0,259.0,288.0,335.0,340.0,406.0,443.0,447.0,478.0,479.0,490.0,533.0,541.0,546.0,566.0,575.0,576.0,576.0,647.0,652.0,661.0,696.0,697.0,732.0,738.0,754.0,761.0,819.0,896.0,960.0,
5.0,114.0,136.0,142.0,145.0,166.0,169.0,183.0,190.0,227.0,230.0,232.0,257.0,271.0,274.0,290.0,298.0,310.0,341.0,374.0,410.0,428.0,435.0,507.0,566.0,588.0,588.0,606.0,625.0,655.0,660.0,692.0,694.0,722.0,722.0,753.0,756.0,774.0,786.0,883.0,892.0,905.0,913.0,950.0,963.0,
10.0,15.0,30.0,48.0,131.0,132.0,137.0,143.0,169.0,199.0,206.0,245.0,334.0,344.0,365.0,395.0,398.0,429.0,435.0,461.0,507.0,514.0,536.0,545.0,559.0,567.0,631.0,646.0,652.0,660.0,668.0,711.0,717.0,725.0,741.0,758.0,787.0,792.0,794.0,811.0,822.0,848.0,856.0,873.0,929.0,969.0,
95.0,117.0,128.0,147.0,164.0,165.0,166.0,218.0,222.0,255.0,269.0,275.0,282.0,300.0,308.0,369.0,370.0,410.0,416.0,462.0,513.0,530.0,575.0,575.0,576.0,617.0,658.0,661.0,664.0,710.0,718.0,729.0,784.0,816.0,875.0,891.0,918.0,924.0,947.0,954.0,966.0,972.0,
20.0,25.0,28.0,47.0,86.0,145.0,165.0,194.0,223.0,247.0,290.0,310.0,345.0,357.0,454.0,478.0,517.0,538.0,551.0,566.0,601.0,684.0,707.0,707.0,754.0,766.0,804.0,866.0,873.0,909.0,958.0,977.0,990.0,991.0,
8.0,83.0,156.0,179.0,182.0,237.0,272.0,282.0,297.0,299.0,306.0,348.0,405.0,474.0,480.0,497.0,503.0,551.0,565.0,567.0,576.0,578.0,605.0,643.0,666.0,676.0,686.0,742.0,742.0,847.0,870.0,925.0,929.0,992.0,
16.0,49.0,55.0,85.0,85.0,117.0,117.0,129.0,179.0,228.0,247.0,248.0,272.0,273.0,302.0,304.0,315.0,376.0,382.0,406.0,468.0,471.0,567.0,637.0,649.0,704.0,764.0,777.0,872.0,895.0,903.0,915.0,929.0,936.0,961.0,
13.0,19.0,32.0,55.0,109.0,111.0,146.0,187.0,190.0,199.0,216.0,237.0,257.0,262.0,264.0,271.0,276.0,283.0,302.0,325.0,331.0,331.0,344.0,426.0,458.0,488.0,516.0,645.0,741.0,764.0,801.0,807.0,851.0,874.0,884.0,933.0,949.0,954.0,992.0,999.0,
4.0,27.0,113.0,118.0,153.0,155.0,184.0,196.0,212.0,214.0,228.0,255.0,275.0,323.0,350.0,353.0,363.0,469.0,503.0,504.0,525.0,538.0,568.0,685.0,693.0,696.0,699.0,701.0,713.0,779.0,782.0,846.0,852.0,860.0,870.0,875.0,
4.0,35.0,47.0,49.0,87.0,121.0,128.0,134.0,177.0,184.0,194.0,356.0,379.0,414.0,459.0,472.0,499.0,543.0,550.0,561.0,590.0,657.0,667.0,693.0,701.0,707.0,725.0,728.0,736.0,738.0,749.0,774.0,834.0,882.0,883.0,907.0,920.0,926.0,941.0,943.0,946.0,966.0,
6.0,31.0,40.0,46.0,85.0,96.0,111.0,214.0,232.0,266.0,276.0,386.0,392.0,412.0,455.0,475.0,486.0,493.0,509.0,520.0,524.0,528.0,585.0,593.0,603.0,640.0,645.0,677.0,693.0,694.0,712.0,733.0,763.0,767.0,783.0,789.0,804.0,804.0,808.0,840.0,847.0,851.0,880.0,916.0,937.0,944.0,951.0,979.0,
16.0,70.0,128.0,145.0,146.0,186.0,244.0,267.0,294.0,310.0,315.0,322.0,403.0,404.0,406.0,423.0,471.0,523.0,562.0,632.0,693.0,695.0,751.0,756.0,762.0,764.0,781.0,797.0,797.0,812.0,855.0,867.0,882.0,908.0,954.0,982.0,
88.0,91.0,98.0,106.0,124.0,145.0,176.0,232.0,239.0,243.0,251.0,262.0,269.0,269.0,285.0,304.0,334.0,339.0,371.0,396.0,430.0,456.0,470.0,477.0,496.0,510.0,515.0,515.0,535.0,560.0,576.0,651.0,652.0,657.0,694.0,699.0,700.0,722.0,756.0,769.0,801.0,803.0,820.0,836.0,841.0,879.0,904.0,905.0,945.0,955.0,992.0,1000.0,
33.0,104.0,146.0,147.0,164.0,184.0,207.0,208.0,227.0,246.0,258.0,372.0,374.0,379.0,421.0,421.0,431.0,453.0,455.0,464.0,475.0,484.0,500.0,523.0,545.0,586.0,593.0,603.0,636.0,706.0,722.0,744.0,766.0,767.0,804.0,837.0,857.0,888.0,936.0,990.0,
15.0,27.0,86.0,114.0,114.0,127.0,129.0,160.0,184.0,197.0,212.0,257.0,265.0,269.0,275.0,277.0,278.0,280.0,281.0,314.0,316.0,341.0,391.0,427.0,444.0,476.0,496.0,500.0,507.0,524.0,542.0,554.0,561.0,563.0,565.0,570.0,577.0,593.0,597.0,599.0,664.0,675.0,680.0,750.0,755.0,770.0,777.0,802.0,805.0,827.0,850.0,856.0,899.0,923.0,929.0,930.0,945.0,983.0,
7.0,11.0,20.0,21.0,33.0,186.0,192.0,201.0,252.0,341.0,364.0,409.0,419.0,433.0,528.0,603.0,614.0,633.0,650.0,681.0,707.0,713.0,738.0,766.0,772.0,825.0,870.0,911.0,912.0,953.0,975.0,
75.0,78.0,109.0,110.0,129.0,131.0,156.0,197.0,239.0,311.0,319.0,325.0,369.0,410.0,437.0,475.0,522.0,541.0,548.0,553.0,596.0,599.0,647.0,719.0,729.0,750.0,767.0,850.0,850.0,853.0,901.0,944.0,956.0,999.0,
22.0,23.0,53.0,58.0,82.0,150.0,167.0,295.0,297.0,345.0,346.0,357.0,360.0,381.0,414.0,490.0,519.0,535.0,545.0,582.0,621.0,630.0,654.0,678.0,781.0,794.0,852.0,900.0,924.0,940.0,951.0,968.0,987.0,
3.0,19.0,26.0,30.0,133.0,190.0,244.0,273.0,278.0,278.0,279.0,305.0,311.0,318.0,347.0,373.0,381.0,382.0,423.0,429.0,432.0,527.0,570.0,650.0,706.0,732.0,743.0,771.0,789.0,801.0,813.0,819.0,823.0,843.0,892.0,892.0,893.0,893.0,947.0,950.0,979.0,982.0,986.0,
17.0,37.0,38.0,67.0,139.0,166.0,229.0,314.0,331.0,340.0,377.0,399.0,408.0,419.0,445.0,478.0,506.0,508.0,582.0,597.0,627.0,641.0,667.0,673.0,682.0,704.0,738.0,752.0,812.0,898.0,916.0,942.0,984.0,
17.0,20.0,30.0,78.0,138.0,145.0,150.0,155.0,175.0,187.0,217.0,299.0,305.0,324.0,337.0,351.0,454.0,462.0,568.0,574.0,576.0,597.0,608.0,637.0,705.0,715.0,718.0,861.0,924.0,937.0,942.0,977.0,982.0,
64.0,91.0,107.0,109.0,131.0,137.0,169.0,177.0,195.0,198.0,242.0,264.0,270.0,271.0,278.0,328.0,378.0,439.0,449.0,483.0,496.0,515.0,545.0,700.0,731.0,738.0,764.0,764.0,822.0,832.0,897.0,903.0,913.0,916.0,950.0,989.0,
45.0,110.0,116.0,169.0,180.0,203.0,227.0,234.0,304.0,342.0,343.0,360.0,373.0,382.0,448.0,524.0,533.0,567.0,573.0,608.0,614.0,655.0,672.0,683.0,768.0,828.0,829.0,835.0,848.0,849.0,903.0,940.0,1000.0,
6.0,26.0,100.0,170.0,184.0,187.0,207.0,242.0,350.0,363.0,372.0,387.0,414.0,443.0,492.0,512.0,514.0,534.0,572.0,599.0,609.0,667.0,696.0,789.0,797.0,805.0,906.0,930.0,946.0,963.0,992.0,998.0,
7.0,65.0,70.0,71.0,83.0,88.0,173.0,173.0,174.0,175.0,194.0,203.0,239.0,269.0,276.0,286.0,311.0,355.0,409.0,462.0,464.0,493.0,503.0,542.0,548.0,552.0,563.0,578.0,580.0,600.0,613.0,615.0,667.0,679.0,708.0,747.0,747.0,751.0,758.0,779.0,913.0,964.0,977.0,
11.0,19.0,30.0,37.0,53.0,83.0,94.0,131.0,185.0,218.0,221.0,284.0,295.0,296.0,316.0,331.0,352.0,433.0,457.0,476.0,477.0,483.0,485.0,516.0,566.0,577.0,591.0,644.0,659.0,721.0,723.0,746.0,770.0,775.0,804.0,823.0,860.0,883.0,890.0,900.0,902.0,917.0,982.0,
7.0,28.0,39.0,42.0,78.0,102.0,132.0,149.0,173.0,192.0,248.0,253.0,256.0,303.0,318.0,326.0,366.0,405.0,432.0,445.0,474.0,481.0,486.0,492.0,521.0,549.0,634.0,646.0,660.0,672.0,680.0,681.0,702.0,723.0,731.0,745.0,753.0,772.0,774.0,802.0,878.0,880.0,889.0,889.0,970.0,981.0,
26.0,27.0,62.0,65.0,69.0,82.0,108.0,122.0,125.0,134.0,175.0,197.0,234.0,261.0,272.0,347.0,385.0,407.0,416.0,421.0,427.0,527.0,529.0,532.0,595.0,643.0,657.0,670.0,675.0,722.0,726.0,740.0,790.0,811.0,892.0,895.0,901.0,911.0,934.0,950.0,964.0,965.0,
2.0,30.0,132.0,158.0,186.0,207.0,212.0,248.0,251.0,296.0,349.0,350.0,356.0,380.0,402.0,462.0,463.0,486.0,522.0,616.0,632.0,645.0,668.0,741.0,804.0,889.0,927.0,943.0,954.0,998.0,
6.0,12.0,15.0,34.0,92.0,136.0,178.0,220.0,258.0,273.0,280.0,290.0,296.0,320.0,371.0,379.0,478.0,519.0,534.0,546.0,554.0,595.0,664.0,731.0,773.0,800.0,855.0,868.0,875.0,905.0,915.0,993.0,996.0,996.0,
20.0,25.0,96.0,140.0,173.0,177.0,192.0,204.0,215.0,224.0,261.0,275.0,377.0,437.0,459.0,466.0,478.0,490.0,503.0,570.0,599.0,618.0,672.0,682.0,729.0,803.0,857.0,859.0,890.0,893.0,933.0,937.0,946.0,946.0,960.0,964.0,971.0,990.0,
5.0,38.0,80.0,110.0,133.0,136.0,152.0,167.0,248.0,259.0,282.0,304.0,327.0,352.0,357.0,427.0,454.0,470.0,498.0,519.0,525.0,548.0,605.0,628.0,629.0,635.0,706.0,719.0,735.0,747.0,777.0,781.0,791.0,805.0,821.0,828.0,856.0,893.0,919.0,959.0,988.0,
5.0,48.0,73.0,88.0,91.0,100.0,211.0,234.0,262.0,283.0,289.0,289.0,297.0,303.0,323.0,325.0,336.0,348.0,348.0,378.0,388.0,390.0,397.0,440.0,458.0,468.0,488.0,491.0,507.0,569.0,570.0,596.0,656.0,682.0,726.0,771.0,774.0,786.0,804.0,819.0,824.0,830.0,876.0,883.0,883.0,900.0,923.0,923.0,943.0,993.0,
45.0,51.0,70.0,152.0,171.0,201.0,279.0,365.0,415.0,418.0,453.0,467.0,507.0,527.0,542.0,561.0,582.0,614.0,631.0,637.0,646.0,723.0,756.0,760.0,782.0,787.0,804.0,876.0,887.0,902.0,915.0,917.0,960.0,977.0,
6.0,10.0,32.0,41.0,71.0,83.0,143.0,147.0,149.0,190.0,195.0,217.0,239.0,243.0,247.0,250.0,295.0,346.0,386.0,491.0,521.0,546.0,572.0,590.0,617.0,619.0,629.0,645.0,657.0,712.0,759.0,780.0,815.0,815.0,823.0,891.0,900.0,903.0,915.0,927.0,940.0,943.0,974.0,
6.0,36.0,89.0,89.0,122.0,130.0,145.0,149.0,161.0,208.0,239.0,330.0,344.0,370.0,371.0,413.0,435.0,488.0,497.0,508.0,530.0,568.0,587.0,601.0,626.0,685.0,700.0,754.0,755.0,782.0,799.0,822.0,824.0,845.0,850.0,888.0,901.0,907.0,979.0,
10.0,26.0,31.0,50.0,190.0,199.0,220.0,238.0,281.0,286.0,317.0,323.0,329.0,353.0,404.0,415.0,465.0,474.0,574.0,580.0,602.0,613.0,619.0,622.0,631.0,638.0,647.0,664.0,669.0,713.0,737.0,777.0,788.0,838.0,843.0,845.0,915.0,945.0,955.0,956.0,982.0,
24.0,28.0,68.0,133.0,135.0,166.0,168.0,211.0,224.0,256.0,267.0,283.0,315.0,317.0,333.0,417.0,420.0,430.0,442.0,463.0,468.0,477.0,485.0,497.0,549.0,549.0,580.0,585.0,610.0,649.0,710.0,727.0,791.0,848.0,860.0,862.0,873.0,896.0,907.0,907.0,915.0,929.0,931.0,
55.0,71.0,129.0,181.0,234.0,300.0,321.0,365.0,406.0,422.0,471.0,498.0,519.0,529.0,529.0,556.0,645.0,685.0,790.0,819.0,832.0,837.0,842.0,912.0,956.0,984.0,997.0,
4.0,38.0,183.0,213.0,214.0,273.0,291.0,337.0,353.0,396.0,405.0,410.0,412.0,417.0,436.0,500.0,508.0,551.0,578.0,623.0,629.0,679.0,718.0,732.0,741.0,741.0,778.0,781.0,822.0,827.0,839.0,860.0,921.0,922.0,956.0,989.0,
17.0,18.0,39.0,75.0,106.0,110.0,119.0,192.0,232.0,263.0,275.0,292.0,356.0,406.0,411.0,458.0,460.0,464.0,487.0,555.0,574.0,641.0,647.0,680.0,695.0,717.0,734.0,824.0,826.0,837.0,869.0,902.0,905.0,924.0,950.0,987.0,
12.0,25.0,40.0,72.0,92.0,114.0,149.0,151.0,155.0,172.0,187.0,196.0,202.0,210.0,240.0,251.0,271.0,295.0,308.0,319.0,337.0,373.0,375.0,380.0,435.0,440.0,448.0,471.0,498.0,501.0,520.0,527.0,543.0,543.0,575.0,578.0,619.0,633.0,635.0,663.0,672.0,693.0,696.0,727.0,762.0,774.0,800.0,824.0,861.0,881.0,959.0,964.0,967.0,
20.0,55.0,57.0,129.0,155.0,183.0,227.0,312.0,348.0,350.0,387.0,395.0,401.0,428.0,475.0,503.0,584.0,722.0,728.0,729.0,738.0,742.0,767.0,775.0,789.0,844.0,912.0,942.0,979.0,
45.0,85.0,88.0,98.0,105.0,112.0,127.0,140.0,148.0,152.0,189.0,229.0,310.0,337.0,361.0,481.0,505.0,548.0,641.0,653.0,657.0,661.0,664.0,708.0,714.0,717.0,718.0,725.0,733.0,804.0,806.0,841.0,847.0,853.0,864.0,886.0,928.0,933.0,960.0,978.0,993.0,
20.0,40.0,89.0,110.0,124.0,144.0,182.0,185.0,212.0,242.0,263.0,272.0,280.0,295.0,336.0,368.0,372.0,387.0,415.0,448.0,509.0,518.0,641.0,650.0,658.0,669.0,672.0,691.0,694.0,712.0,761.0,762.0,808.0,870.0,887.0,915.0,959.0,
17.0,90.0,107.0,122.0,125.0,154.0,202.0,215.0,219.0,233.0,240.0,244.0,280.0,295.0,323.0,335.0,373.0,373.0,408.0,428.0,486.0,530.0,560.0,596.0,663.0,694.0,702.0,735.0,747.0,769.0,796.0,825.0,869.0,943.0,966.0,994.0,
19.0,45.0,64.0,121.0,187.0,254.0,283.0,307.0,322.0,325.0,347.0,510.0,514.0,559.0,563.0,568.0,570.0,585.0,598.0,608.0,671.0,678.0,700.0,733.0,782.0,824.0,830.0,872.0,877.0,908.0,932.0,967.0,
41.0,140.0,145.0,173.0,221.0,256.0,262.0,281.0,351.0,358.0,367.0,400.0,469.0,500.0,556.0,573.0,613.0,639.0,656.0,703.0,711.0,723.0,774.0,780.0,891.0,912.0,939.0,940.0,
153.0,157.0,182.0,219.0,235.0,283.0,305.0,329.0,355.0,370.0,383.0,406.0,407.0,457.0,465.0,466.0,470.0,476.0,489.0,553.0,575.0,603.0,683.0,698.0,710.0,715.0,725.0,755.0,785.0,805.0,853.0,895.0,906.0,931.0,
24.0,28.0,52.0,91.0,95.0,141.0,200.0,248.0,265.0,333.0,337.0,339.0,393.0,451.0,516.0,563.0,612.0,633.0,665.0,699.0,712.0,722.0,755.0,763.0,784.0,810.0,862.0,914.0,923.0,933.0,936.0,940.0,951.0,959.0,977.0,
2.0,50.0,57.0,58.0,74.0,75.0,80.0,95.0,117.0,120.0,163.0,163.0,169.0,170.0,171.0,177.0,179.0,219.0,277.0,318.0,323.0,364.0,381.0,388.0,470.0,483.0,487.0,492.0,505.0,509.0,541.0,569.0,575.0,613.0,668.0,689.0,689.0,735.0,780.0,810.0,832.0,840.0,864.0,935.0,939.0,967.0,985.0,
3.0,58.0,146.0,194.0,266.0,283.0,289.0,330.0,335.0,377.0,399.0,415.0,449.0,527.0,622.0,623.0,659.0,686.0,694.0,717.0,739.0,743.0,765.0,767.0,791.0,821.0,828.0,854.0,861.0,867.0,879.0,964.0,979.0,996.0,
65.0,85.0,91.0,95.0,97.0,99.0,146.0,160.0,201.0,218.0,225.0,232.0,275.0,283.0,285.0,359.0,369.0,399.0,413.0,462.0,470.0,503.0,516.0,527.0,538.0,547.0,562.0,567.0,571.0,604.0,626.0,639.0,665.0,672.0,672.0,705.0,731.0,750.0,769.0,802.0,839.0,844.0,863.0,876.0,916.0,924.0,925.0,938.0,965.0,977.0,987.0,989.0,
2.0,47.0,49.0,84.0,112.0,160.0,169.0,184.0,187.0,190.0,204.0,222.0,257.0,335.0,339.0,358.0,406.0,457.0,467.0,478.0,492.0,500.0,501.0,538.0,541.0,594.0,596.0,668.0,677.0,711.0,754.0,812.0,815.0,883.0,
14.0,105.0,146.0,155.0,185.0,194.0,245.0,265.0,273.0,278.0,294.0,327.0,379.0,383.0,428.0,472.0,477.0,491.0,623.0,633.0,662.0,673.0,674.0,694.0,746.0,784.0,810.0,822.0,854.0,884.0,938.0,955.0,989.0,
