26.0,29.0,39.0,41.0,64.0,114.0,131.0,157.0,164.0,172.0,204.0,239.0,270.0,271.0,286.0,310.0,323.0,379.0,406.0,418.0,427.0,460.0,486.0,503.0,513.0,515.0,538.0,543.0,579.0,604.0,613.0,616.0,622.0,704.0,714.0,750.0,765.0,769.0,793.0,806.0,835.0,876.0,895.0,905.0,919.0,935.0,970.0,973.0,975.0,
10.0,44.0,138.0,139.0,176.0,179.0,191.0,194.0,250.0,261.0,306.0,308.0,385.0,472.0,481.0,510.0,597.0,607.0,609.0,617.0,619.0,620.0,631.0,723.0,749.0,836.0,837.0,885.0,914.0,916.0,919.0,
23.0,87.0,91.0,97.0,110.0,129.0,251.0,287.0,288.0,367.0,385.0,458.0,493.0,587.0,639.0,700.0,710.0,828.0,844.0,903.0,909.0,921.0,
48.0,53.0,60.0,157.0,168.0,177.0,207.0,276.0,399.0,432.0,451.0,487.0,549.0,566.0,617.0,682.0,724.0,727.0,764.0,788.0,801.0,812.0,837.0,843.0,861.0,899.0,929.0,936.0,938.0,994.0,
3.0,23.0,55.0,62.0,85.0,145.0,162.0,166.0,275.0,278.0,314.0,325.0,332.0,334.0,336.0,389.0,395.0,409.0,444.0,459.0,525.0,546.0,563.0,588.0,604.0,631.0,634.0,659.0,677.0,698.0,700.0,712.0,712.0,749.0,782.0,823.0,835.0,857.0,898.0,898.0,948.0,983.0,987.0,
16.0,17.0,19.0,31.0,112.0,228.0,232.0,236.0,288.0,313.0,334.0,381.0,386.0,390.0,410.0,437.0,464.0,468.0,514.0,516.0,527.0,555.0,565.0,566.0,567.0,603.0,606.0,634.0,647.0,648.0,654.0,663.0,664.0,679.0,704.0,706.0,796.0,827.0,830.0,847.0,862.0,901.0,962.0,962.0,967.0,990.0,
4.0,92.0,146.0,152.0,158.0,163.0,167.0,234.0,242.0,289.0,328.0,332.0,432.0,519.0,521.0,558.0,583.0,625.0,678.0,731.0,739.0,751.0,762.0,811.0,833.0,850.0,930.0,937.0,956.0,959.0,993.0,
3.0,36.0,160.0,192.0,200.0,214.0,221.0,231.0,328.0,333.0,369.0,392.0,411.0,447.0,479.0,488.0,569.0,577.0,577.0,594.0,603.0,607.0,665.0,729.0,781.0,795.0,808.0,842.0,852.0,855.0,925.0,
19.0,28.0,46.0,69.0,97.0,150.0,183.0,183.0,188.0,222.0,222.0,225.0,248.0,248.0,297.0,311.0,322.0,331.0,356.0,359.0,381.0,388.0,405.0,481.0,521.0,543.0,545.0,583.0,603.0,683.0,694.0,702.0,707.0,722.0,749.0,750.0,772.0,833.0,870.0,872.0,875.0,893.0,986.0,991.0,
38.0,94.0,96.0,96.0,156.0,158.0,162.0,162.0,164.0,191.0,285.0,332.0,356.0,367.0,433.0,473.0,493.0,548.0,595.0,596.0,627.0,653.0,711.0,761.0,771.0,807.0,881.0,903.0,921.0,944.0,975.0,
9.0,62.0,111.0,151.0,183.0,211.0,237.0,245.0,246.0,256.0,279.0,288.0,297.0,341.0,416.0,430.0,436.0,486.0,488.0,517.0,549.0,555.0,556.0,560.0,590.0,654.0,671.0,676.0,719.0,792.0,853.0,856.0,880.0,885.0,967.0,969.0,
52.0,66.0,68.0,113.0,117.0,156.0,169.0,177.0,186.0,197.0,213.0,213.0,218.0,276.0,323.0,353.0,354.0,375.0,448.0,474.0,508.0,524.0,687.0,700.0,728.0,746.0,748.0,765.0,793.0,813.0,818.0,831.0,838.0,849.0,916.0,926.0,941.0,989.0,
13.0,85.0,133.0,206.0,217.0,227.0,229.0,252.0,372.0,418.0,431.0,449.0,472.0,505.0,606.0,607.0,642.0,657.0,695.0,744.0,798.0,915.0,936.0,961.0,987.0,
55.0,91.0,105.0,128.0,129.0,145.0,184.0,200.0,216.0,225.0,244.0,247.0,280.0,342.0,386.0,395.0,417.0,435.0,435.0,451.0,510.0,599.0,617.0,668.0,677.0,726.0,770.0,850.0,853.0,854.0,860.0,866.0,869.0,870.0,969.0,
118.0,128.0,132.0,163.0,168.0,219.0,283.0,328.0,330.0,338.0,392.0,422.0,425.0,439.0,449.0,478.0,485.0,552.0,573.0,577.0,580.0,591.0,633.0,649.0,683.0,691.0,765.0,800.0,846.0,858.0,905.0,915.0,916.0,953.0,
9.0,14.0,25.0,34.0,94.0,104.0,163.0,183.0,225.0,231.0,248.0,249.0,259.0,313.0,400.0,447.0,493.0,517.0,527.0,553.0,561.0,651.0,688.0,694.0,731.0,741.0,742.0,761.0,774.0,783.0,798.0,819.0,822.0,856.0,897.0,902.0,930.0,979.0,
5.0,58.0,81.0,99.0,109.0,178.0,213.0,239.0,248.0,278.0,309.0,315.0,322.0,375.0,391.0,437.0,500.0,508.0,517.0,535.0,619.0,649.0,654.0,657.0,689.0,768.0,806.0,809.0,811.0,861.0,901.0,929.0,983.0,994.0,
45.0,55.0,66.0,165.0,176.0,192.0,193.0,254.0,255.0,271.0,312.0,392.0,437.0,441.0,450.0,458.0,564.0,576.0,591.0,619.0,707.0,736.0,784.0,850.0,911.0,913.0,966.0,995.0,
41.0,58.0,87.0,98.0,108.0,110.0,118.0,129.0,135.0,179.0,214.0,229.0,244.0,296.0,309.0,402.0,426.0,433.0,445.0,447.0,460.0,520.0,523.0,527.0,534.0,552.0,559.0,612.0,683.0,690.0,752.0,792.0,806.0,812.0,814.0,905.0,908.0,921.0,950.0,977.0,999.0,
15.0,24.0,77.0,90.0,93.0,102.0,121.0,122.0,126.0,168.0,175.0,178.0,213.0,218.0,231.0,232.0,243.0,313.0,314.0,327.0,343.0,353.0,356.0,439.0,537.0,547.0,563.0,568.0,583.0,598.0,624.0,684.0,686.0,735.0,746.0,762.0,794.0,803.0,819.0,823.0,859.0,870.0,900.0,903.0,927.0,942.0,945.0,967.0,975.0,987.0,999.0,
64.0,94.0,107.0,111.0,127.0,139.0,157.0,231.0,250.0,286.0,355.0,372.0,399.0,424.0,481.0,519.0,541.0,617.0,697.0,736.0,738.0,836.0,846.0,871.0,928.0,936.0,936.0,944.0,959.0,981.0,
56.0,58.0,60.0,69.0,112.0,137.0,183.0,215.0,225.0,229.0,265.0,277.0,286.0,310.0,311.0,329.0,370.0,417.0,486.0,487.0,488.0,497.0,509.0,544.0,554.0,554.0,557.0,576.0,593.0,607.0,617.0,641.0,678.0,732.0,740.0,772.0,873.0,984.0,
33.0,43.0,58.0,73.0,128.0,154.0,176.0,222.0,236.0,242.0,268.0,335.0,363.0,463.0,499.0,519.0,534.0,637.0,675.0,698.0,709.0,735.0,754.0,764.0,789.0,792.0,810.0,829.0,894.0,904.0,908.0,932.0,934.0,946.0,
15.0,74.0,76.0,91.0,116.0,146.0,193.0,219.0,241.0,311.0,348.0,421.0,432.0,474.0,526.0,640.0,641.0,672.0,677.0,682.0,699.0,773.0,820.0,896.0,915.0,924.0,943.0,975.0,
29.0,99.0,134.0,139.0,157.0,181.0,202.0,208.0,213.0,228.0,242.0,251.0,253.0,259.0,293.0,304.0,323.0,327.0,331.0,336.0,355.0,368.0,370.0,387.0,390.0,445.0,464.0,490.0,528.0,558.0,561.0,577.0,608.0,635.0,652.0,654.0,664.0,686.0,702.0,705.0,709.0,768.0,791.0,807.0,836.0,846.0,850.0,894.0,905.0,979.0,991.0,
2.0,23.0,101.0,127.0,144.0,155.0,197.0,224.0,284.0,292.0,319.0,342.0,387.0,409.0,416.0,421.0,430.0,463.0,479.0,488.0,493.0,522.0,527.0,535.0,559.0,565.0,677.0,701.0,711.0,758.0,769.0,792.0,806.0,809.0,866.0,906.0,931.0,933.0,982.0,
9.0,38.0,44.0,51.0,62.0,74.0,78.0,96.0,100.0,147.0,175.0,251.0,306.0,314.0,330.0,438.0,439.0,503.0,513.0,528.0,554.0,606.0,641.0,652.0,698.0,756.0,809.0,815.0,844.0,976.0,977.0,
23.0,32.0,34.0,35.0,85.0,165.0,188.0,204.0,215.0,304.0,317.0,318.0,338.0,345.0,354.0,387.0,396.0,460.0,472.0,502.0,509.0,545.0,550.0,614.0,648.0,699.0,702.0,855.0,860.0,980.0,980.0,982.0,987.0,998.0,1000.0,
23.0,45.0,47.0,64.0,107.0,140.0,168.0,171.0,173.0,213.0,251.0,280.0,376.0,408.0,441.0,470.0,515.0,567.0,571.0,638.0,644.0,646.0,706.0,797.0,799.0,844.0,872.0,876.0,894.0,896.0,905.0,931.0,944.0,962.0,966.0,973.0,994.0,
28.0,31.0,55.0,102.0,124.0,148.0,149.0,152.0,220.0,222.0,234.0,238.0,253.0,261.0,271.0,297.0,323.0,336.0,352.0,402.0,415.0,416.0,443.0,483.0,489.0,512.0,529.0,681.0,694.0,712.0,753.0,852.0,900.0,930.0,935.0,941.0,945.0,988.0,997.0,
34.0,50.0,58.0,71.0,123.0,171.0,195.0,232.0,250.0,250.0,252.0,267.0,300.0,324.0,354.0,391.0,393.0,414.0,434.0,470.0,493.0,520.0,539.0,567.0,589.0,634.0,653.0,656.0,658.0,746.0,767.0,814.0,834.0,850.0,869.0,874.0,882.0,887.0,887.0,893.0,930.0,942.0,960.0,973.0,
12.0,14.0,43.0,53.0,163.0,169.0,175.0,195.0,217.0,222.0,224.0,267.0,292.0,319.0,332.0,341.0,356.0,362.0,391.0,430.0,505.0,506.0,517.0,536.0,584.0,595.0,624.0,654.0,657.0,668.0,673.0,709.0,733.0,767.0,798.0,807.0,812.0,813.0,834.0,862.0,896.0,
2.0,27.0,40.0,63.0,72.0,76.0,84.0,96.0,98.0,120.0,136.0,151.0,158.0,203.0,204.0,215.0,222.0,253.0,253.0,255.0,260.0,299.0,317.0,324.0,362.0,398.0,426.0,471.0,490.0,515.0,523.0,529.0,530.0,576.0,608.0,624.0,630.0,651.0,674.0,709.0,732.0,784.0,807.0,814.0,847.0,887.0,990.0,
25.0,31.0,55.0,56.0,60.0,76.0,128.0,136.0,142.0,152.0,165.0,262.0,284.0,296.0,326.0,480.0,511.0,527.0,528.0,550.0,555.0,558.0,570.0,591.0,595.0,659.0,678.0,699.0,709.0,731.0,744.0,780.0,780.0,785.0,786.0,791.0,813.0,818.0,821.0,834.0,841.0,904.0,950.0,
22.0,35.0,40.0,89.0,96.0,99.0,104.0,195.0,207.0,221.0,247.0,305.0,311.0,329.0,371.0,382.0,420.0,425.0,427.0,478.0,490.0,550.0,574.0,606.0,620.0,620.0,662.0,668.0,716.0,723.0,735.0,772.0,777.0,790.0,791.0,857.0,866.0,870.0,899.0,919.0,957.0,983.0,998.0,
19.0,40.0,71.0,85.0,109.0,121.0,148.0,176.0,209.0,297.0,333.0,369.0,392.0,524.0,525.0,576.0,584.0,590.0,606.0,610.0,625.0,628.0,653.0,669.0,671.0,722.0,745.0,775.0,791.0,795.0,806.0,821.0,828.0,877.0,889.0,905.0,916.0,958.0,
13.0,17.0,34.0,84.0,87.0,126.0,147.0,173.0,207.0,231.0,314.0,338.0,364.0,378.0,403.0,416.0,422.0,476.0,505.0,569.0,590.0,617.0,637.0,662.0,726.0,755.0,757.0,758.0,778.0,789.0,795.0,809.0,809.0,810.0,843.0,853.0,883.0,891.0,902.0,905.0,932.0,933.0,953.0,955.0,959.0,966.0,984.0,
6.0,7.0,8.0,13.0,34.0,65.0,75.0,90.0,119.0,182.0,228.0,237.0,251.0,286.0,308.0,337.0,368.0,379.0,529.0,557.0,558.0,644.0,646.0,657.0,669.0,695.0,724.0,731.0,795.0,895.0,902.0,903.0,932.0,974.0,
27.0,47.0,59.0,59.0,98.0,133.0,168.0,200.0,240.0,259.0,268.0,286.0,380.0,383.0,391.0,404.0,404.0,450.0,522.0,566.0,569.0,584.0,633.0,646.0,650.0,651.0,663.0,679.0,702.0,706.0,721.0,729.0,758.0,765.0,894.0,921.0,921.0,927.0,941.0,976.0,
8.0,24.0,40.0,54.0,85.0,126.0,128.0,130.0,164.0,189.0,208.0,237.0,255.0,321.0,337.0,340.0,423.0,468.0,484.0,507.0,546.0,558.0,579.0,642.0,660.0,678.0,680.0,694.0,707.0,752.0,800.0,815.0,824.0,826.0,828.0,869.0,894.0,928.0,997.0,
14.0,28.0,43.0,63.0,73.0,172.0,191.0,192.0,267.0,285.0,296.0,312.0,366.0,428.0,470.0,525.0,544.0,545.0,550.0,568.0,610.0,617.0,625.0,635.0,651.0,697.0,704.0,721.0,738.0,742.0,748.0,774.0,795.0,800.0,815.0,818.0,829.0,838.0,843.0,893.0,900.0,919.0,
72.0,77.0,90.0,102.0,111.0,117.0,143.0,204.0,209.0,257.0,284.0,304.0,390.0,393.0,396.0,418.0,447.0,529.0,598.0,620.0,622.0,628.0,679.0,751.0,760.0,776.0,787.0,788.0,837.0,838.0,904.0,922.0,947.0,997.0,
21.0,23.0,59.0,80.0,131.0,222.0,230.0,254.0,284.0,326.0,349.0,433.0,442.0,452.0,476.0,515.0,526.0,543.0,549.0,573.0,616.0,624.0,628.0,650.0,659.0,659.0,666.0,685.0,729.0,742.0,789.0,801.0,875.0,878.0,905.0,931.0,954.0,977.0,
22.0,46.0,71.0,82.0,125.0,132.0,132.0,149.0,155.0,173.0,185.0,259.0,281.0,304.0,320.0,323.0,348.0,418.0,426.0,478.0,481.0,513.0,565.0,567.0,607.0,646.0,653.0,673.0,698.0,699.0,723.0,744.0,771.0,819.0,844.0,849.0,869.0,891.0,901.0,905.0,968.0,975.0,998.0,1000.0,
24.0,26.0,54.0,98.0,146.0,214.0,227.0,230.0,240.0,265.0,282.0,310.0,320.0,340.0,341.0,343.0,426.0,445.0,474.0,480.0,744.0,764.0,890.0,898.0,978.0,
9.0,20.0,47.0,82.0,113.0,139.0,157.0,171.0,262.0,284.0,330.0,351.0,376.0,468.0,473.0,484.0,487.0,
27.0,28.0,34.0,44.0,46.0,54.0,70.0,80.0,94.0,128.0,151.0,154.0,210.0,260.0,261.0,268.0,275.0,276.0,307.0,342.0,491.0,780.0,871.0,909.0,920.0,930.0,947.0,980.0,
5.0,47.0,60.0,81.0,145.0,152.0,226.0,238.0,263.0,268.0,357.0,406.0,411.0,420.0,440.0,447.0,467.0,538.0,610.0,653.0,672.0,687.0,696.0,710.0,723.0,728.0,777.0,806.0,853.0,888.0,929.0,969.0,985.0,1000.0,
8.0,66.0,92.0,101.0,163.0,184.0,193.0,194.0,218.0,244.0,246.0,261.0,300.0,301.0,304.0,311.0,330.0,360.0,383.0,425.0,441.0,459.0,472.0,481.0,512.0,563.0,583.0,598.0,634.0,641.0,651.0,705.0,706.0,723.0,746.0,753.0,809.0,815.0,820.0,844.0,857.0,860.0,875.0,907.0,955.0,957.0,
11.0,26.0,37.0,54.0,86.0,137.0,146.0,194.0,210.0,212.0,225.0,248.0,250.0,267.0,270.0,280.0,303.0,311.0,352.0,362.0,363.0,381.0,591.0,619.0,631.0,646.0,678.0,709.0,711.0,714.0,718.0,733.0,777.0,778.0,809.0,837.0,924.0,936.0,963.0,973.0,
64.0,128.0,148.0,168.0,196.0,254.0,268.0,283.0,411.0,418.0,421.0,479.0,503.0,507.0,529.0,555.0,560.0,581.0,596.0,614.0,624.0,637.0,658.0,737.0,823.0,828.0,828.0,830.0,836.0,856.0,866.0,877.0,881.0,894.0,896.0,923.0,975.0,986.0,
12.0,42.0,44.0,59.0,108.0,108.0,120.0,166.0,171.0,206.0,218.0,229.0,257.0,272.0,334.0,348.0,376.0,385.0,399.0,458.0,497.0,552.0,682.0,698.0,727.0,746.0,758.0,789.0,810.0,813.0,819.0,834.0,839.0,858.0,901.0,923.0,927.0,935.0,947.0,957.0,975.0,986.0,
61.0,70.0,81.0,161.0,177.0,179.0,183.0,184.0,212.0,218.0,236.0,252.0,314.0,390.0,483.0,514.0,532.0,546.0,573.0,654.0,679.0,720.0,760.0,780.0,794.0,813.0,855.0,956.0,962.0,985.0,
13.0,27.0,31.0,32.0,89.0,99.0,110.0,121.0,130.0,139.0,146.0,191.0,195.0,196.0,256.0,281.0,287.0,338.0,346.0,378.0,411.0,413.0,421.0,435.0,478.0,529.0,566.0,568.0,596.0,641.0,646.0,657.0,684.0,685.0,688.0,715.0,717.0,752.0,767.0,782.0,806.0,808.0,820.0,822.0,859.0,859.0,889.0,909.0,943.0,965.0,982.0,987.0,
8.0,55.0,57.0,61.0,67.0,140.0,171.0,187.0,216.0,275.0,284.0,384.0,399.0,405.0,431.0,446.0,
14.0,17.0,27.0,28.0,54.0,55.0,88.0,111.0,114.0,119.0,122.0,130.0,153.0,193.0,213.0,220.0,238.0,238.0,269.0,341.0,510.0,
112.0,147.0,217.0,279.0,305.0,312.0,349.0,379.0,416.0,442.0,464.0,481.0,
23.0,33.0,41.0,111.0,146.0,156.0,158.0,198.0,227.0,288.0,321.0,385.0,400.0,430.0,451.0,459.0,515.0,583.0,610.0,619.0,630.0,675.0,693.0,805.0,827.0,837.0,844.0,846.0,851.0,876.0,880.0,892.0,957.0,958.0,996.0,996.0,1000.0,
3.0,4.0,8.0,13.0,27.0,35.0,37.0,65.0,96.0,98.0,108.0,125.0,127.0,128.0,152.0,162.0,162.0,219.0,235.0,236.0,282.0,341.0,365.0,389.0,412.0,422.0,427.0,455.0,493.0,565.0,610.0,655.0,656.0,672.0,697.0,735.0,739.0,756.0,796.0,817.0,891.0,908.0,923.0,931.0,937.0,
17.0,43.0,86.0,92.0,94.0,123.0,141.0,153.0,157.0,170.0,185.0,193.0,222.0,250.0,260.0,304.0,346.0,353.0,356.0,363.0,363.0,383.0,406.0,425.0,438.0,438.0,455.0,485.0,565.0,593.0,608.0,718.0,733.0,775.0,787.0,806.0,813.0,817.0,824.0,839.0,860.0,863.0,875.0,941.0,945.0,972.0,985.0,
41.0,77.0,121.0,221.0,225.0,245.0,262.0,287.0,328.0,377.0,383.0,383.0,447.0,457.0,473.0,482.0,535.0,539.0,550.0,606.0,625.0,673.0,682.0,690.0,707.0,765.0,809.0,841.0,849.0,870.0,885.0,894.0,
14.0,26.0,49.0,171.0,202.0,208.0,230.0,333.0,349.0,385.0,425.0,484.0,489.0,516.0,566.0,578.0,584.0,593.0,647.0,731.0,744.0,767.0,772.0,780.0,784.0,800.0,802.0,816.0,841.0,903.0,981.0,
9.0,12.0,38.0,68.0,98.0,117.0,144.0,156.0,173.0,231.0,245.0,285.0,301.0,311.0,383.0,385.0,397.0,417.0,449.0,593.0,598.0,636.0,675.0,675.0,679.0,685.0,687.0,735.0,735.0,869.0,938.0,946.0,
47.0,88.0,112.0,232.0,335.0,358.0,368.0,373.0,402.0,434.0,462.0,470.0,500.0,507.0,523.0,540.0,546.0,551.0,579.0,630.0,631.0,663.0,698.0,723.0,767.0,789.0,795.0,803.0,860.0,925.0,960.0,961.0,964.0,967.0,973.0,986.0,993.0,
3.0,12.0,62.0,80.0,85.0,115.0,137.0,138.0,153.0,175.0,178.0,205.0,205.0,379.0,403.0,459.0,470.0,487.0,832.0,874.0,909.0,960.0,
5.0,21.0,34.0,73.0,103.0,123.0,141.0,144.0,164.0,180.0,204.0,213.0,213.0,279.0,287.0,304.0,370.0,380.0,403.0,407.0,412.0,422.0,453.0,476.0,
52.0,145.0,156.0,159.0,166.0,171.0,223.0,228.0,255.0,262.0,298.0,365.0,403.0,461.0,498.0,785.0,864.0,939.0,981.0,
15.0,21.0,57.0,122.0,123.0,123.0,166.0,169.0,170.0,178.0,229.0,272.0,276.0,358.0,396.0,464.0,522.0,639.0,670.0,687.0,720.0,732.0,743.0,766.0,788.0,846.0,863.0,886.0,897.0,903.0,905.0,935.0,988.0,
26.0,40.0,59.0,60.0,88.0,116.0,120.0,126.0,150.0,171.0,211.0,218.0,247.0,344.0,379.0,399.0,426.0,495.0,513.0,514.0,569.0,582.0,588.0,643.0,651.0,659.0,670.0,680.0,685.0,741.0,743.0,782.0,796.0,816.0,831.0,832.0,834.0,893.0,896.0,898.0,900.0,931.0,932.0,991.0,996.0,998.0,999.0,
5.0,13.0,17.0,48.0,58.0,108.0,119.0,153.0,208.0,210.0,211.0,218.0,246.0,255.0,327.0,355.0,381.0,417.0,434.0,470.0,502.0,555.0,556.0,571.0,587.0,655.0,694.0,720.0,759.0,786.0,795.0,813.0,852.0,888.0,916.0,919.0,933.0,
44.0,45.0,96.0,139.0,181.0,188.0,192.0,210.0,227.0,286.0,415.0,427.0,519.0,521.0,601.0,604.0,657.0,674.0,693.0,705.0,778.0,815.0,858.0,882.0,897.0,902.0,910.0,919.0,946.0,968.0,987.0,
44.0,48.0,51.0,122.0,151.0,161.0,282.0,296.0,325.0,352.0,423.0,423.0,444.0,531.0,567.0,608.0,630.0,633.0,639.0,702.0,735.0,811.0,823.0,833.0,866.0,877.0,921.0,931.0,939.0,963.0,985.0,
45.0,86.0,86.0,106.0,125.0,146.0,161.0,161.0,197.0,222.0,269.0,272.0,300.0,306.0,328.0,356.0,425.0,436.0,457.0,462.0,521.0,529.0,545.0,547.0,559.0,662.0,675.0,724.0,735.0,750.0,818.0,852.0,859.0,874.0,888.0,939.0,987.0,
26.0,37.0,40.0,57.0,68.0,98.0,137.0,138.0,160.0,199.0,207.0,252.0,332.0,340.0,363.0,369.0,488.0,508.0,526.0,549.0,630.0,638.0,650.0,661.0,700.0,726.0,762.0,826.0,852.0,852.0,853.0,858.0,907.0,915.0,958.0,967.0,
15.0,51.0,54.0,89.0,185.0,245.0,281.0,304.0,328.0,431.0,500.0,526.0,527.0,616.0,619.0,624.0,646.0,677.0,679.0,689.0,690.0,718.0,727.0,740.0,770.0,783.0,807.0,814.0,817.0,821.0,832.0,876.0,895.0,904.0,904.0,941.0,955.0,960.0,964.0,968.0,979.0,986.0,
8.0,22.0,43.0,76.0,135.0,137.0,172.0,176.0,186.0,190.0,221.0,250.0,269.0,307.0,327.0,332.0,347.0,433.0,448.0,448.0,453.0,498.0,513.0,515.0,596.0,606.0,610.0,619.0,656.0,660.0,677.0,720.0,737.0,774.0,783.0,790.0,824.0,833.0,836.0,842.0,854.0,859.0,866.0,880.0,960.0,963.0,971.0,
15.0,35.0,55.0,78.0,111.0,128.0,132.0,164.0,209.0,210.0,215.0,240.0,298.0,305.0,314.0,315.0,325.0,362.0,400.0,418.0,460.0,467.0,484.0,523.0,537.0,555.0,669.0,766.0,774.0,780.0,800.0,840.0,842.0,854.0,864.0,873.0,910.0,925.0,977.0,
8.0,59.0,82.0,89.0,138.0,158.0,165.0,229.0,231.0,262.0,285.0,351.0,437.0,500.0,525.0,530.0,553.0,584.0,596.0,632.0,675.0,678.0,693.0,778.0,806.0,810.0,853.0,866.0,881.0,956.0,966.0,970.0,978.0,984.0,
47.0,69.0,109.0,122.0,157.0,162.0,188.0,224.0,339.0,351.0,360.0,372.0,384.0,444.0,444.0,456.0,461.0,470.0,536.0,561.0,564.0,611.0,697.0,705.0,718.0,736.0,765.0,776.0,781.0,787.0,845.0,880.0,898.0,901.0,926.0,960.0,962.0,966.0,967.0,1000.0,
6.0,39.0,80.0,166.0,201.0,202.0,213.0,233.0,249.0,357.0,368.0,374.0,405.0,467.0,521.0,528.0,530.0,541.0,556.0,567.0,585.0,622.0,627.0,680.0,698.0,731.0,733.0,742.0,745.0,758.0,801.0,812.0,822.0,873.0,908.0,930.0,947.0,973.0,974.0,
46.0,63.0,77.0,161.0,168.0,183.0,197.0,206.0,220.0,223.0,320.0,367.0,379.0,390.0,405.0,451.0,501.0,554.0,574.0,620.0,688.0,703.0,785.0,798.0,809.0,811.0,817.0,826.0,856.0,856.0,879.0,915.0,947.0,994.0,
57.0,72.0,109.0,125.0,195.0,214.0,216.0,281.0,312.0,352.0,368.0,425.0,443.0,487.0,540.0,551.0,554.0,557.0,590.0,611.0,627.0,646.0,686.0,714.0,730.0,758.0,784.0,796.0,800.0,809.0,924.0,941.0,945.0,948.0,949.0,952.0,
67.0,110.0,129.0,134.0,159.0,166.0,184.0,184.0,234.0,243.0,267.0,280.0,321.0,334.0,342.0,349.0,377.0,402.0,403.0,421.0,533.0,546.0,553.0,555.0,573.0,590.0,633.0,677.0,693.0,737.0,742.0,742.0,812.0,821.0,882.0,883.0,905.0,
28.0,49.0,55.0,61.0,106.0,116.0,158.0,172.0,253.0,299.0,320.0,339.0,354.0,382.0,409.0,428.0,516.0,560.0,575.0,575.0,613.0,626.0,640.0,643.0,646.0,699.0,710.0,759.0,772.0,790.0,807.0,834.0,836.0,856.0,861.0,894.0,907.0,916.0,926.0,948.0,984.0,990.0,
5.0,11.0,64.0,126.0,129.0,171.0,221.0,235.0,239.0,244.0,289.0,312.0,398.0,423.0,429.0,433.0,441.0,512.0,536.0,563.0,564.0,566.0,604.0,663.0,673.0,686.0,692.0,735.0,769.0,786.0,870.0,887.0,905.0,933.0,959.0,965.0,970.0,977.0,990.0,
37.0,39.0,43.0,136.0,184.0,204.0,230.0,280.0,302.0,359.0,387.0,390.0,397.0,412.0,426.0,440.0,442.0,481.0,488.0,492.0,548.0,827.0,835.0,858.0,905.0,948.0,949.0,
10.0,68.0,73.0,93.0,167.0,197.0,202.0,208.0,222.0,271.0,282.0,317.0,369.0,408.0,415.0,460.0,504.0,564.0,575.0,584.0,585.0,615.0,637.0,641.0,658.0,705.0,733.0,745.0,748.0,751.0,814.0,815.0,834.0,890.0,970.0,
118.0,184.0,185.0,222.0,225.0,253.0,257.0,264.0,276.0,280.0,284.0,386.0,401.0,409.0,413.0,417.0,463.0,519.0,523.0,565.0,591.0,665.0,673.0,683.0,703.0,706.0,709.0,750.0,757.0,772.0,789.0,882.0,902.0,918.0,937.0,945.0,961.0,977.0,986.0,
45.0,60.0,130.0,154.0,158.0,172.0,188.0,237.0,289.0,292.0,295.0,306.0,333.0,373.0,418.0,451.0,529.0,550.0,616.0,631.0,651.0,767.0,772.0,781.0,845.0,870.0,923.0,929.0,950.0,962.0,998.0,
5.0,6.0,8.0,37.0,106.0,119.0,125.0,160.0,170.0,186.0,238.0,244.0,245.0,248.0,262.0,294.0,304.0,341.0,343.0,348.0,369.0,412.0,509.0,531.0,586.0,615.0,625.0,744.0,749.0,838.0,847.0,942.0,
6.0,61.0,87.0,163.0,166.0,172.0,217.0,298.0,331.0,357.0,372.0,373.0,380.0,467.0,525.0,552.0,572.0,582.0,674.0,699.0,724.0,746.0,747.0,750.0,806.0,809.0,841.0,871.0,884.0,891.0,908.0,963.0,982.0,
5.0,24.0,131.0,164.0,164.0,174.0,259.0,272.0,309.0,341.0,365.0,424.0,430.0,437.0,509.0,531.0,533.0,537.0,600.0,624.0,646.0,647.0,657.0,714.0,725.0,731.0,749.0,815.0,829.0,829.0,833.0,839.0,842.0,879.0,887.0,
11.0,15.0,27.0,123.0,138.0,157.0,170.0,204.0,207.0,220.0,236.0,239.0,259.0,374.0,375.0,425.0,562.0,651.0,660.0,685.0,783.0,822.0,847.0,972.0,995.0,1000.0,
66.0,68.0,93.0,108.0,114.0,134.0,256.0,320.0,357.0,380.0,425.0,465.0,466.0,479.0,486.0,486.0,488.0,529.0,555.0,576.0,627.0,651.0,671.0,687.0,695.0,704.0,783.0,828.0,857.0,966.0,989.0,
35.0,44.0,61.0,117.0,119.0,153.0,182.0,217.0,247.0,304.0,359.0,417.0,448.0,464.0,466.0,504.0,526.0,528.0,554.0,625.0,648.0,673.0,710.0,713.0,728.0,766.0,882.0,899.0,975.0,981.0,
45.0,67.0,105.0,122.0,123.0,142.0,218.0,310.0,352.0,354.0,369.0,369.0,389.0,396.0,404.0,420.0,444.0,516.0,529.0,552.0,596.0,610.0,642.0,652.0,675.0,684.0,710.0,803.0,895.0,939.0,999.0,
38.0,39.0,85.0,87.0,101.0,159.0,162.0,187.0,199.0,202.0,228.0,230.0,248.0,295.0,326.0,340.0,341.0,345.0,359.0,370.0,422.0,440.0,481.0,491.0,499.0,511.0,574.0,595.0,598.0,617.0,655.0,715.0,727.0,734.0,777.0,832.0,868.0,916.0,917.0,
22.0,27.0,45.0,109.0,114.0,125.0,129.0,130.0,139.0,141.0,145.0,180.0,193.0,195.0,198.0,232.0,234.0,312.0,316.0,323.0,338.0,353.0,359.0,378.0,386.0,390.0,392.0,414.0,429.0,431.0,442.0,462.0,483.0,534.0,535.0,535.0,617.0,654.0,707.0,799.0,836.0,845.0,859.0,868.0,878.0,895.0,904.0,991.0,
12.0,80.0,86.0,132.0,171.0,225.0,307.0,344.0,412.0,433.0,544.0,575.0,599.0,615.0,675.0,677.0,708.0,736.0,737.0,769.0,771.0,778.0,782.0,813.0,826.0,845.0,859.0,896.0,909.0,936.0,975.0,
21.0,59.0,77.0,105.0,110.0,151.0,152.0,174.0,190.0,212.0,222.0,222.0,267.0,346.0,396.0,423.0,427.0,429.0,434.0,491.0,505.0,521.0,608.0,610.0,649.0,654.0,659.0,674.0,674.0,678.0,717.0,743.0,783.0,834.0,838.0,847.0,852.0,888.0,897.0,921.0,978.0,
