46.0,67.0,81.0,110.0,164.0,183.0,184.0,193.0,206.0,280.0,284.0,286.0,327.0,376.0,397.0,404.0,549.0,588.0,637.0,644.0,650.0,652.0,743.0,745.0,774.0,787.0,874.0,938.0,967.0,
26.0,70.0,177.0,185.0,207.0,225.0,227.0,235.0,238.0,276.0,280.0,357.0,364.0,395.0,407.0,468.0,499.0,518.0,536.0,580.0,584.0,616.0,620.0,634.0,636.0,695.0,738.0,781.0,785.0,788.0,822.0,879.0,894.0,949.0,987.0,
102.0,116.0,143.0,201.0,328.0,387.0,403.0,452.0,468.0,493.0,495.0,531.0,587.0,610.0,632.0,647.0,660.0,695.0,720.0,726.0,742.0,761.0,768.0,797.0,801.0,913.0,928.0,934.0,
33.0,46.0,57.0,78.0,83.0,112.0,136.0,139.0,158.0,176.0,233.0,290.0,338.0,348.0,444.0,452.0,477.0,495.0,511.0,529.0,558.0,559.0,564.0,576.0,644.0,710.0,720.0,724.0,754.0,777.0,800.0,811.0,824.0,846.0,853.0,858.0,862.0,862.0,878.0,890.0,901.0,927.0,927.0,942.0,960.0,
57.0,124.0,191.0,193.0,211.0,273.0,320.0,366.0,407.0,409.0,417.0,427.0,431.0,438.0,454.0,483.0,573.0,584.0,599.0,610.0,729.0,767.0,770.0,779.0,809.0,908.0,917.0,920.0,929.0,951.0,973.0,996.0,
84.0,134.0,180.0,209.0,210.0,252.0,313.0,357.0,372.0,373.0,425.0,436.0,486.0,502.0,508.0,515.0,525.0,548.0,612.0,630.0,686.0,722.0,770.0,793.0,809.0,824.0,875.0,890.0,940.0,
4.0,5.0,37.0,66.0,67.0,109.0,130.0,146.0,177.0,197.0,203.0,224.0,228.0,272.0,278.0,320.0,344.0,346.0,355.0,358.0,429.0,442.0,449.0,524.0,537.0,540.0,552.0,553.0,593.0,594.0,607.0,626.0,661.0,664.0,740.0,761.0,773.0,781.0,809.0,817.0,914.0,977.0,
19.0,44.0,52.0,61.0,149.0,160.0,185.0,196.0,223.0,234.0,244.0,250.0,277.0,278.0,294.0,325.0,345.0,353.0,368.0,371.0,389.0,439.0,440.0,459.0,459.0,460.0,499.0,526.0,538.0,568.0,593.0,626.0,733.0,741.0,743.0,779.0,847.0,877.0,878.0,899.0,919.0,972.0,999.0,
4.0,20.0,100.0,112.0,115.0,129.0,142.0,142.0,145.0,150.0,177.0,183.0,196.0,222.0,239.0,250.0,276.0,289.0,296.0,319.0,324.0,343.0,353.0,387.0,397.0,450.0,477.0,562.0,581.0,589.0,600.0,610.0,613.0,692.0,692.0,706.0,709.0,715.0,722.0,754.0,780.0,801.0,828.0,878.0,899.0,916.0,918.0,925.0,942.0,984.0,988.0,
51.0,88.0,95.0,137.0,198.0,234.0,253.0,305.0,379.0,442.0,444.0,450.0,457.0,458.0,498.0,528.0,559.0,562.0,562.0,604.0,614.0,683.0,693.0,741.0,777.0,809.0,854.0,886.0,890.0,893.0,900.0,911.0,935.0,947.0,953.0,954.0,976.0,
9.0,169.0,186.0,241.0,247.0,261.0,277.0,287.0,344.0,345.0,398.0,414.0,449.0,495.0,532.0,541.0,547.0,564.0,567.0,582.0,603.0,606.0,629.0,638.0,693.0,699.0,709.0,734.0,783.0,806.0,811.0,816.0,826.0,843.0,971.0,
9.0,19.0,22.0,33.0,45.0,45.0,177.0,180.0,193.0,202.0,251.0,257.0,259.0,267.0,361.0,366.0,448.0,469.0,472.0,488.0,511.0,519.0,549.0,570.0,609.0,658.0,663.0,734.0,748.0,753.0,782.0,804.0,812.0,823.0,843.0,885.0,973.0,
33.0,160.0,183.0,194.0,217.0,234.0,242.0,269.0,271.0,280.0,350.0,360.0,380.0,381.0,397.0,417.0,482.0,496.0,553.0,557.0,574.0,608.0,644.0,652.0,751.0,808.0,875.0,885.0,911.0,928.0,928.0,955.0,957.0,997.0,
25.0,26.0,60.0,61.0,77.0,81.0,162.0,171.0,207.0,252.0,262.0,312.0,361.0,416.0,466.0,479.0,489.0,499.0,503.0,562.0,583.0,603.0,619.0,718.0,779.0,825.0,855.0,904.0,932.0,939.0,
5.0,16.0,18.0,33.0,44.0,108.0,207.0,217.0,278.0,310.0,361.0,482.0,491.0,561.0,677.0,701.0,784.0,824.0,865.0,868.0,894.0,918.0,919.0,933.0,941.0,942.0,991.0,
16.0,42.0,88.0,203.0,226.0,258.0,296.0,298.0,345.0,357.0,497.0,499.0,590.0,624.0,657.0,700.0,715.0,809.0,816.0,839.0,937.0,973.0,
17.0,35.0,113.0,143.0,167.0,192.0,215.0,314.0,333.0,342.0,398.0,403.0,413.0,414.0,459.0,461.0,487.0,496.0,504.0,511.0,511.0,526.0,555.0,562.0,595.0,648.0,664.0,667.0,692.0,718.0,735.0,824.0,828.0,903.0,911.0,930.0,933.0,950.0,955.0,956.0,967.0,972.0,
7.0,14.0,97.0,104.0,105.0,112.0,177.0,212.0,215.0,257.0,292.0,339.0,367.0,395.0,405.0,424.0,440.0,456.0,478.0,487.0,510.0,516.0,523.0,590.0,591.0,601.0,667.0,715.0,754.0,766.0,919.0,943.0,995.0,
93.0,94.0,152.0,162.0,178.0,214.0,219.0,226.0,248.0,262.0,274.0,299.0,340.0,344.0,376.0,413.0,446.0,474.0,523.0,540.0,601.0,620.0,625.0,629.0,645.0,662.0,669.0,720.0,742.0,747.0,761.0,766.0,794.0,795.0,803.0,842.0,848.0,850.0,879.0,964.0,
9.0,42.0,73.0,84.0,90.0,153.0,204.0,226.0,243.0,252.0,287.0,307.0,336.0,346.0,347.0,452.0,461.0,462.0,492.0,521.0,553.0,596.0,688.0,707.0,767.0,785.0,850.0,856.0,915.0,981.0,
43.0,82.0,116.0,168.0,177.0,179.0,188.0,214.0,216.0,216.0,218.0,262.0,273.0,325.0,375.0,379.0,413.0,458.0,500.0,528.0,560.0,569.0,586.0,619.0,622.0,657.0,740.0,753.0,761.0,825.0,834.0,983.0,
3.0,3.0,8.0,39.0,63.0,71.0,104.0,134.0,136.0,161.0,176.0,244.0,259.0,313.0,348.0,383.0,483.0,501.0,517.0,534.0,569.0,598.0,612.0,618.0,653.0,686.0,700.0,776.0,791.0,798.0,892.0,949.0,
87.0,178.0,181.0,244.0,352.0,396.0,404.0,498.0,528.0,555.0,586.0,600.0,607.0,623.0,623.0,671.0,686.0,747.0,750.0,753.0,779.0,783.0,786.0,796.0,826.0,861.0,863.0,878.0,887.0,896.0,922.0,973.0,983.0,987.0,993.0,
45.0,88.0,117.0,147.0,174.0,216.0,280.0,283.0,366.0,369.0,382.0,399.0,400.0,409.0,464.0,474.0,478.0,485.0,502.0,510.0,521.0,582.0,586.0,606.0,616.0,617.0,618.0,629.0,635.0,679.0,680.0,694.0,704.0,742.0,751.0,760.0,798.0,803.0,823.0,828.0,871.0,897.0,901.0,922.0,923.0,981.0,995.0,
5.0,114.0,115.0,132.0,136.0,148.0,196.0,244.0,266.0,282.0,299.0,334.0,335.0,389.0,389.0,420.0,424.0,430.0,445.0,445.0,464.0,482.0,493.0,514.0,594.0,620.0,633.0,634.0,641.0,649.0,663.0,706.0,711.0,716.0,725.0,736.0,782.0,855.0,918.0,947.0,975.0,979.0,992.0,
14.0,25.0,41.0,49.0,223.0,239.0,290.0,313.0,331.0,363.0,376.0,408.0,468.0,480.0,495.0,524.0,581.0,598.0,628.0,646.0,651.0,675.0,696.0,697.0,719.0,726.0,730.0,748.0,764.0,811.0,832.0,863.0,896.0,975.0,981.0,993.0,
48.0,146.0,177.0,182.0,216.0,318.0,322.0,379.0,412.0,422.0,450.0,476.0,483.0,525.0,551.0,559.0,568.0,611.0,757.0,814.0,865.0,880.0,899.0,917.0,919.0,921.0,933.0,951.0,952.0,955.0,956.0,971.0,
7.0,50.0,87.0,110.0,117.0,123.0,139.0,159.0,164.0,247.0,257.0,272.0,272.0,288.0,335.0,389.0,394.0,471.0,485.0,511.0,558.0,587.0,604.0,623.0,648.0,662.0,663.0,665.0,719.0,723.0,738.0,758.0,828.0,861.0,896.0,904.0,909.0,943.0,
2.0,4.0,149.0,153.0,207.0,207.0,213.0,214.0,242.0,302.0,306.0,332.0,349.0,353.0,405.0,408.0,515.0,559.0,572.0,577.0,580.0,600.0,601.0,606.0,611.0,616.0,618.0,635.0,646.0,680.0,686.0,714.0,719.0,744.0,748.0,754.0,764.0,798.0,818.0,821.0,844.0,858.0,868.0,887.0,912.0,926.0,930.0,934.0,951.0,963.0,999.0,
39.0,42.0,135.0,140.0,141.0,158.0,180.0,233.0,244.0,247.0,257.0,308.0,308.0,310.0,364.0,375.0,378.0,423.0,474.0,503.0,508.0,561.0,573.0,575.0,595.0,596.0,636.0,646.0,654.0,670.0,679.0,706.0,716.0,752.0,784.0,803.0,816.0,817.0,818.0,821.0,823.0,831.0,838.0,846.0,870.0,903.0,922.0,983.0,985.0,988.0,
2.0,99.0,113.0,136.0,173.0,217.0,235.0,299.0,311.0,350.0,352.0,357.0,391.0,410.0,441.0,466.0,487.0,529.0,536.0,537.0,581.0,584.0,586.0,590.0,639.0,683.0,775.0,817.0,836.0,886.0,892.0,897.0,918.0,936.0,953.0,954.0,972.0,
6.0,20.0,23.0,38.0,40.0,51.0,52.0,62.0,69.0,72.0,77.0,180.0,224.0,235.0,250.0,251.0,279.0,285.0,289.0,300.0,321.0,328.0,347.0,367.0,405.0,434.0,470.0,503.0,584.0,651.0,741.0,759.0,759.0,768.0,770.0,801.0,872.0,881.0,883.0,897.0,952.0,954.0,955.0,993.0,
60.0,81.0,86.0,98.0,114.0,123.0,137.0,223.0,274.0,314.0,334.0,339.0,416.0,458.0,467.0,502.0,539.0,556.0,567.0,573.0,590.0,606.0,608.0,640.0,702.0,744.0,756.0,765.0,798.0,798.0,836.0,846.0,883.0,907.0,953.0,964.0,975.0,
29.0,102.0,129.0,189.0,226.0,247.0,258.0,273.0,276.0,285.0,311.0,314.0,326.0,356.0,364.0,374.0,415.0,441.0,451.0,456.0,504.0,523.0,532.0,546.0,574.0,648.0,670.0,703.0,719.0,737.0,743.0,762.0,765.0,872.0,884.0,894.0,939.0,943.0,
33.0,36.0,57.0,60.0,65.0,141.0,165.0,201.0,212.0,219.0,259.0,273.0,317.0,320.0,321.0,332.0,350.0,403.0,448.0,453.0,472.0,494.0,529.0,535.0,553.0,585.0,596.0,644.0,667.0,738.0,760.0,834.0,881.0,902.0,916.0,926.0,955.0,963.0,969.0,976.0,
5.0,24.0,33.0,101.0,130.0,133.0,155.0,234.0,269.0,277.0,298.0,304.0,339.0,346.0,351.0,367.0,392.0,427.0,440.0,492.0,539.0,554.0,558.0,598.0,634.0,638.0,651.0,662.0,673.0,744.0,748.0,749.0,782.0,794.0,806.0,829.0,831.0,834.0,856.0,860.0,876.0,890.0,925.0,941.0,964.0,990.0,
15.0,48.0,59.0,65.0,70.0,146.0,166.0,180.0,187.0,226.0,232.0,236.0,254.0,311.0,330.0,335.0,343.0,356.0,366.0,391.0,410.0,415.0,417.0,512.0,594.0,631.0,675.0,750.0,773.0,780.0,813.0,862.0,870.0,887.0,920.0,944.0,950.0,956.0,963.0,987.0,
15.0,15.0,41.0,102.0,115.0,161.0,164.0,179.0,179.0,182.0,185.0,194.0,224.0,232.0,232.0,238.0,250.0,251.0,303.0,317.0,327.0,334.0,419.0,449.0,483.0,491.0,517.0,528.0,635.0,682.0,691.0,704.0,709.0,709.0,720.0,756.0,777.0,834.0,844.0,863.0,867.0,897.0,908.0,927.0,941.0,993.0,1000.0,
37.0,161.0,187.0,213.0,246.0,306.0,308.0,313.0,322.0,364.0,407.0,408.0,421.0,446.0,474.0,482.0,487.0,516.0,554.0,628.0,633.0,642.0,705.0,783.0,810.0,873.0,981.0,
12.0,48.0,61.0,69.0,70.0,80.0,105.0,115.0,157.0,180.0,186.0,243.0,284.0,379.0,412.0,427.0,535.0,589.0,609.0,613.0,629.0,634.0,635.0,648.0,712.0,732.0,800.0,814.0,820.0,830.0,873.0,875.0,884.0,952.0,978.0,986.0,999.0,
13.0,64.0,85.0,102.0,111.0,114.0,117.0,119.0,195.0,287.0,318.0,382.0,405.0,481.0,544.0,565.0,606.0,616.0,618.0,711.0,730.0,744.0,745.0,749.0,752.0,758.0,827.0,831.0,856.0,872.0,876.0,884.0,887.0,887.0,892.0,895.0,923.0,931.0,958.0,979.0,983.0,991.0,
2.0,14.0,33.0,123.0,138.0,179.0,184.0,188.0,268.0,326.0,333.0,335.0,361.0,365.0,370.0,431.0,515.0,526.0,596.0,604.0,637.0,658.0,791.0,830.0,850.0,862.0,889.0,890.0,957.0,
3.0,114.0,125.0,135.0,178.0,181.0,240.0,295.0,306.0,331.0,340.0,344.0,455.0,459.0,468.0,497.0,528.0,537.0,541.0,638.0,643.0,656.0,700.0,734.0,758.0,813.0,829.0,901.0,937.0,959.0,989.0,
106.0,124.0,157.0,186.0,196.0,248.0,265.0,279.0,307.0,364.0,376.0,404.0,422.0,484.0,492.0,502.0,646.0,677.0,683.0,687.0,706.0,716.0,728.0,748.0,757.0,758.0,758.0,802.0,813.0,819.0,842.0,883.0,891.0,912.0,983.0,986.0,
45.0,53.0,109.0,162.0,182.0,200.0,209.0,222.0,272.0,277.0,280.0,312.0,335.0,351.0,365.0,448.0,496.0,719.0,774.0,807.0,827.0,888.0,
33.0,62.0,64.0,123.0,137.0,164.0,169.0,187.0,193.0,217.0,230.0,234.0,242.0,363.0,378.0,425.0,432.0,443.0,463.0,492.0,493.0,507.0,
33.0,62.0,168.0,215.0,244.0,252.0,264.0,267.0,353.0,395.0,418.0,424.0,427.0,437.0,500.0,862.0,968.0,
54.0,89.0,121.0,128.0,175.0,184.0,221.0,223.0,255.0,265.0,278.0,350.0,375.0,380.0,419.0,432.0,444.0,460.0,476.0,484.0,484.0,499.0,548.0,604.0,612.0,619.0,629.0,693.0,737.0,783.0,828.0,841.0,850.0,856.0,869.0,890.0,912.0,916.0,921.0,928.0,999.0,
54.0,70.0,94.0,134.0,137.0,148.0,149.0,239.0,271.0,305.0,316.0,331.0,465.0,510.0,538.0,576.0,587.0,605.0,626.0,631.0,636.0,641.0,708.0,768.0,786.0,807.0,858.0,902.0,920.0,956.0,972.0,981.0,
20.0,66.0,80.0,181.0,234.0,242.0,251.0,275.0,302.0,307.0,314.0,320.0,328.0,364.0,377.0,381.0,402.0,408.0,410.0,455.0,473.0,479.0,496.0,556.0,577.0,581.0,581.0,615.0,636.0,641.0,651.0,651.0,701.0,715.0,758.0,762.0,798.0,853.0,886.0,888.0,888.0,947.0,947.0,964.0,977.0,
11.0,49.0,67.0,69.0,103.0,115.0,153.0,154.0,172.0,185.0,212.0,236.0,270.0,316.0,329.0,334.0,346.0,373.0,383.0,395.0,395.0,405.0,409.0,410.0,431.0,487.0,517.0,518.0,539.0,548.0,577.0,585.0,610.0,629.0,652.0,662.0,666.0,678.0,692.0,694.0,701.0,752.0,800.0,827.0,839.0,924.0,932.0,934.0,1000.0,
23.0,32.0,99.0,135.0,137.0,204.0,281.0,299.0,345.0,378.0,402.0,419.0,422.0,463.0,472.0,479.0,489.0,501.0,564.0,588.0,629.0,644.0,741.0,758.0,781.0,825.0,835.0,884.0,968.0,
23.0,79.0,79.0,135.0,141.0,170.0,185.0,191.0,255.0,276.0,289.0,294.0,316.0,317.0,325.0,360.0,363.0,414.0,446.0,455.0,508.0,543.0,572.0,583.0,622.0,703.0,722.0,785.0,794.0,816.0,886.0,891.0,951.0,954.0,963.0,964.0,
42.0,54.0,108.0,112.0,132.0,146.0,154.0,157.0,239.0,284.0,311.0,356.0,398.0,409.0,424.0,455.0,492.0,500.0,507.0,518.0,566.0,575.0,631.0,638.0,657.0,660.0,675.0,679.0,695.0,705.0,722.0,760.0,761.0,802.0,828.0,836.0,839.0,854.0,871.0,895.0,956.0,
55.0,85.0,96.0,102.0,103.0,110.0,148.0,149.0,155.0,159.0,168.0,248.0,251.0,360.0,384.0,440.0,457.0,459.0,500.0,507.0,
27.0,59.0,66.0,134.0,153.0,172.0,203.0,229.0,275.0,349.0,389.0,460.0,
6.0,23.0,193.0,261.0,283.0,307.0,327.0,344.0,355.0,358.0,380.0,385.0,406.0,408.0,429.0,453.0,461.0,489.0,
27.0,91.0,131.0,182.0,185.0,193.0,221.0,229.0,233.0,262.0,319.0,321.0,322.0,346.0,397.0,497.0,538.0,571.0,572.0,575.0,608.0,620.0,641.0,685.0,690.0,715.0,721.0,761.0,766.0,770.0,772.0,794.0,826.0,842.0,850.0,889.0,890.0,901.0,913.0,936.0,976.0,
9.0,14.0,33.0,83.0,100.0,103.0,110.0,193.0,207.0,214.0,217.0,232.0,277.0,289.0,333.0,335.0,385.0,413.0,416.0,484.0,508.0,565.0,573.0,587.0,643.0,661.0,688.0,707.0,712.0,726.0,727.0,773.0,798.0,814.0,855.0,855.0,910.0,931.0,980.0,982.0,986.0,
23.0,23.0,24.0,38.0,138.0,142.0,144.0,169.0,212.0,217.0,377.0,438.0,455.0,456.0,463.0,498.0,535.0,579.0,605.0,622.0,663.0,665.0,677.0,679.0,724.0,735.0,806.0,838.0,854.0,854.0,976.0,
64.0,75.0,77.0,92.0,125.0,134.0,151.0,227.0,237.0,252.0,297.0,329.0,331.0,354.0,374.0,375.0,386.0,390.0,416.0,417.0,466.0,467.0,511.0,523.0,526.0,527.0,563.0,569.0,581.0,586.0,595.0,600.0,638.0,640.0,642.0,680.0,745.0,775.0,778.0,794.0,868.0,874.0,901.0,911.0,951.0,955.0,969.0,977.0,985.0,987.0,995.0,
12.0,30.0,60.0,132.0,154.0,188.0,192.0,192.0,287.0,327.0,340.0,356.0,367.0,389.0,408.0,459.0,460.0,515.0,535.0,582.0,594.0,604.0,611.0,619.0,663.0,679.0,682.0,713.0,723.0,864.0,903.0,932.0,937.0,999.0,
7.0,40.0,65.0,92.0,93.0,100.0,105.0,136.0,148.0,190.0,190.0,204.0,218.0,226.0,256.0,275.0,284.0,288.0,299.0,317.0,338.0,355.0,390.0,395.0,459.0,465.0,491.0,504.0,510.0,536.0,581.0,610.0,711.0,714.0,735.0,779.0,798.0,829.0,861.0,884.0,885.0,938.0,983.0,993.0,
27.0,66.0,109.0,110.0,128.0,166.0,176.0,208.0,214.0,221.0,226.0,237.0,284.0,367.0,443.0,481.0,487.0,527.0,534.0,559.0,599.0,606.0,655.0,677.0,684.0,693.0,700.0,701.0,724.0,764.0,769.0,783.0,812.0,824.0,839.0,886.0,899.0,903.0,959.0,
50.0,51.0,64.0,78.0,97.0,107.0,132.0,140.0,146.0,173.0,198.0,211.0,236.0,239.0,271.0,278.0,293.0,299.0,318.0,347.0,364.0,401.0,423.0,459.0,493.0,
10.0,18.0,22.0,74.0,89.0,107.0,112.0,133.0,149.0,151.0,161.0,179.0,257.0,269.0,289.0,292.0,299.0,321.0,322.0,375.0,376.0,389.0,390.0,407.0,439.0,490.0,500.0,
21.0,145.0,176.0,306.0,325.0,341.0,345.0,367.0,367.0,398.0,400.0,447.0,463.0,722.0,781.0,994.0,
14.0,26.0,90.0,135.0,138.0,138.0,220.0,230.0,287.0,288.0,304.0,351.0,376.0,385.0,389.0,428.0,463.0,478.0,507.0,508.0,509.0,524.0,545.0,601.0,644.0,645.0,657.0,664.0,715.0,731.0,747.0,763.0,828.0,832.0,857.0,908.0,914.0,946.0,952.0,985.0,992.0,
16.0,18.0,39.0,40.0,78.0,83.0,85.0,85.0,92.0,154.0,167.0,174.0,191.0,226.0,280.0,299.0,316.0,361.0,384.0,403.0,484.0,513.0,513.0,517.0,529.0,556.0,558.0,561.0,584.0,605.0,625.0,666.0,682.0,759.0,823.0,848.0,878.0,919.0,933.0,933.0,940.0,945.0,953.0,957.0,981.0,983.0,985.0,996.0,
10.0,26.0,58.0,75.0,77.0,135.0,140.0,194.0,195.0,209.0,250.0,268.0,288.0,308.0,390.0,413.0,436.0,444.0,448.0,468.0,525.0,526.0,542.0,545.0,561.0,639.0,640.0,650.0,668.0,683.0,700.0,722.0,744.0,832.0,834.0,889.0,906.0,926.0,934.0,
26.0,74.0,109.0,121.0,153.0,164.0,167.0,175.0,206.0,268.0,314.0,318.0,320.0,322.0,336.0,347.0,376.0,381.0,555.0,588.0,620.0,637.0,638.0,687.0,698.0,729.0,798.0,860.0,868.0,932.0,954.0,981.0,
21.0,24.0,59.0,109.0,114.0,167.0,177.0,198.0,215.0,234.0,382.0,418.0,419.0,423.0,456.0,465.0,483.0,550.0,563.0,640.0,645.0,693.0,757.0,821.0,828.0,938.0,948.0,948.0,960.0,973.0,1000.0,
39.0,66.0,70.0,89.0,131.0,147.0,171.0,173.0,177.0,198.0,212.0,232.0,265.0,307.0,364.0,367.0,392.0,396.0,400.0,410.0,430.0,454.0,476.0,484.0,528.0,581.0,666.0,671.0,691.0,768.0,769.0,809.0,810.0,813.0,875.0,885.0,
35.0,95.0,103.0,129.0,143.0,176.0,178.0,182.0,184.0,185.0,235.0,237.0,320.0,450.0,459.0,523.0,544.0,550.0,582.0,602.0,607.0,617.0,621.0,623.0,706.0,716.0,739.0,762.0,897.0,904.0,908.0,929.0,929.0,933.0,957.0,967.0,972.0,977.0,992.0,
73.0,84.0,128.0,148.0,149.0,215.0,249.0,306.0,312.0,357.0,361.0,380.0,422.0,460.0,568.0,579.0,599.0,642.0,659.0,675.0,721.0,726.0,729.0,785.0,819.0,823.0,856.0,865.0,872.0,877.0,930.0,938.0,959.0,960.0,
15.0,68.0,109.0,133.0,179.0,198.0,234.0,250.0,250.0,270.0,323.0,344.0,473.0,490.0,554.0,557.0,558.0,626.0,634.0,645.0,665.0,671.0,679.0,700.0,701.0,750.0,891.0,
2.0,92.0,100.0,118.0,141.0,153.0,177.0,201.0,206.0,221.0,235.0,314.0,378.0,400.0,401.0,417.0,421.0,423.0,533.0,593.0,607.0,646.0,659.0,685.0,708.0,728.0,753.0,761.0,820.0,828.0,838.0,864.0,887.0,930.0,943.0,954.0,956.0,
28.0,46.0,158.0,161.0,169.0,185.0,199.0,212.0,288.0,295.0,304.0,326.0,436.0,472.0,478.0,488.0,492.0,503.0,517.0,557.0,602.0,629.0,660.0,680.0,737.0,774.0,801.0,831.0,843.0,846.0,861.0,873.0,928.0,961.0,987.0,989.0,994.0,
65.0,138.0,165.0,173.0,174.0,258.0,327.0,379.0,418.0,438.0,451.0,509.0,525.0,538.0,544.0,565.0,576.0,584.0,585.0,607.0,659.0,660.0,664.0,717.0,785.0,815.0,844.0,877.0,916.0,975.0,989.0,990.0,997.0,
22.0,36.0,87.0,149.0,297.0,302.0,334.0,338.0,339.0,348.0,382.0,411.0,429.0,452.0,469.0,501.0,505.0,536.0,566.0,610.0,661.0,664.0,785.0,850.0,862.0,882.0,919.0,929.0,962.0,
24.0,60.0,63.0,68.0,137.0,187.0,192.0,202.0,211.0,233.0,250.0,251.0,313.0,316.0,320.0,367.0,435.0,465.0,573.0,576.0,586.0,601.0,604.0,724.0,727.0,754.0,761.0,763.0,846.0,851.0,859.0,867.0,894.0,909.0,929.0,983.0,
10.0,20.0,62.0,75.0,95.0,123.0,152.0,194.0,239.0,243.0,253.0,299.0,317.0,318.0,331.0,342.0,395.0,396.0,447.0,453.0,477.0,524.0,535.0,631.0,635.0,650.0,654.0,692.0,723.0,728.0,764.0,781.0,788.0,797.0,820.0,838.0,875.0,890.0,903.0,951.0,962.0,967.0,
6.0,7.0,18.0,50.0,125.0,215.0,340.0,347.0,493.0,508.0,536.0,567.0,584.0,607.0,668.0,676.0,677.0,728.0,767.0,773.0,786.0,794.0,806.0,812.0,827.0,828.0,828.0,884.0,961.0,991.0,
12.0,16.0,18.0,37.0,46.0,72.0,223.0,254.0,351.0,355.0,364.0,409.0,421.0,452.0,456.0,471.0,508.0,517.0,568.0,655.0,662.0,678.0,704.0,739.0,800.0,851.0,877.0,890.0,919.0,986.0,
47.0,141.0,156.0,261.0,308.0,322.0,365.0,406.0,418.0,425.0,442.0,487.0,541.0,576.0,595.0,596.0,602.0,643.0,667.0,671.0,720.0,779.0,781.0,806.0,826.0,953.0,995.0,
100.0,111.0,141.0,148.0,165.0,187.0,222.0,238.0,238.0,266.0,279.0,301.0,347.0,351.0,352.0,354.0,386.0,410.0,436.0,460.0,463.0,489.0,557.0,561.0,578.0,579.0,583.0,598.0,613.0,629.0,640.0,683.0,698.0,727.0,858.0,926.0,944.0,947.0,969.0,
13.0,31.0,53.0,86.0,109.0,109.0,160.0,184.0,189.0,233.0,240.0,270.0,309.0,329.0,339.0,355.0,427.0,449.0,465.0,537.0,584.0,616.0,622.0,639.0,643.0,678.0,686.0,691.0,766.0,778.0,785.0,807.0,837.0,905.0,909.0,911.0,937.0,948.0,963.0,
6.0,13.0,27.0,47.0,79.0,149.0,151.0,161.0,164.0,168.0,216.0,222.0,277.0,289.0,306.0,332.0,337.0,344.0,349.0,372.0,381.0,393.0,432.0,470.0,481.0,481.0,483.0,495.0,497.0,512.0,515.0,517.0,523.0,595.0,611.0,619.0,650.0,666.0,699.0,702.0,711.0,837.0,983.0,993.0,
29.0,44.0,80.0,112.0,154.0,165.0,170.0,179.0,272.0,283.0,320.0,324.0,340.0,399.0,437.0,450.0,502.0,527.0,608.0,626.0,630.0,640.0,641.0,646.0,671.0,702.0,762.0,791.0,796.0,807.0,808.0,833.0,865.0,884.0,914.0,932.0,935.0,957.0,965.0,1000.0,
23.0,58.0,64.0,73.0,124.0,156.0,192.0,206.0,244.0,254.0,317.0,320.0,429.0,440.0,452.0,470.0,501.0,530.0,539.0,566.0,583.0,611.0,635.0,653.0,679.0,679.0,705.0,761.0,774.0,792.0,813.0,868.0,905.0,918.0,939.0,958.0,963.0,980.0,982.0,987.0,
9.0,46.0,47.0,61.0,82.0,85.0,106.0,141.0,195.0,208.0,251.0,258.0,276.0,324.0,330.0,352.0,366.0,367.0,373.0,438.0,450.0,461.0,507.0,524.0,525.0,526.0,555.0,566.0,572.0,584.0,597.0,606.0,608.0,611.0,711.0,718.0,723.0,726.0,731.0,744.0,775.0,776.0,805.0,817.0,826.0,849.0,851.0,885.0,887.0,932.0,970.0,
82.0,187.0,259.0,273.0,290.0,312.0,313.0,369.0,372.0,403.0,427.0,442.0,468.0,472.0,480.0,492.0,586.0,599.0,626.0,657.0,662.0,665.0,694.0,699.0,716.0,754.0,778.0,807.0,878.0,890.0,898.0,968.0,
7.0,18.0,73.0,97.0,161.0,196.0,199.0,320.0,394.0,441.0,465.0,560.0,607.0,697.0,740.0,860.0,895.0,908.0,968.0,991.0,
50.0,56.0,99.0,121.0,168.0,178.0,225.0,243.0,267.0,282.0,313.0,329.0,344.0,482.0,484.0,502.0,506.0,549.0,550.0,619.0,622.0,629.0,659.0,695.0,733.0,770.0,787.0,845.0,845.0,871.0,874.0,881.0,884.0,925.0,938.0,984.0,
15.0,41.0,154.0,209.0,229.0,274.0,284.0,292.0,299.0,311.0,329.0,335.0,357.0,391.0,423.0,428.0,428.0,456.0,461.0,476.0,526.0,607.0,706.0,717.0,829.0,870.0,880.0,911.0,913.0,959.0,
12.0,17.0,21.0,23.0,31.0,41.0,74.0,85.0,117.0,125.0,150.0,217.0,222.0,246.0,259.0,290.0,316.0,328.0,358.0,391.0,397.0,428.0,504.0,538.0,539.0,551.0,561.0,571.0,618.0,626.0,640.0,646.0,672.0,770.0,807.0,812.0,823.0,878.0,901.0,908.0,909.0,919.0,982.0,983.0,987.0,
32.0,42.0,80.0,185.0,190.0,232.0,243.0,367.0,372.0,406.0,417.0,421.0,495.0,500.0,558.0,580.0,585.0,618.0,623.0,662.0,666.0,689.0,705.0,743.0,745.0,798.0,809.0,813.0,814.0,815.0,859.0,887.0,895.0,939.0,981.0,
33.0,58.0,78.0,103.0,104.0,108.0,167.0,182.0,198.0,207.0,220.0,237.0,269.0,279.0,285.0,286.0,305.0,314.0,375.0,433.0,436.0,509.0,512.0,528.0,543.0,546.0,565.0,599.0,602.0,612.0,616.0,625.0,669.0,691.0,701.0,755.0,770.0,778.0,791.0,808.0,824.0,835.0,853.0,878.0,901.0,911.0,928.0,960.0,962.0,971.0,978.0,
3.0,59.0,65.0,90.0,100.0,102.0,127.0,195.0,198.0,209.0,252.0,268.0,269.0,281.0,298.0,305.0,333.0,381.0,401.0,447.0,453.0,527.0,543.0,568.0,571.0,773.0,806.0,907.0,934.0,971.0,
10.0,22.0,35.0,39.0,53.0,61.0,78.0,168.0,205.0,255.0,256.0,265.0,290.0,331.0,337.0,345.0,347.0,364.0,369.0,371.0,375.0,436.0,454.0,503.0,567.0,588.0,599.0,610.0,669.0,737.0,747.0,804.0,845.0,858.0,871.0,894.0,
