13.0,33.0,107.0,117.0,139.0,142.0,168.0,205.0,223.0,232.0,240.0,265.0,314.0,356.0,370.0,392.0,414.0,417.0,447.0,481.0,564.0,588.0,600.0,644.0,675.0,688.0,708.0,713.0,816.0,831.0,853.0,879.0,943.0,978.0,993.0,
15.0,62.0,69.0,78.0,101.0,111.0,115.0,188.0,202.0,312.0,350.0,365.0,376.0,430.0,435.0,498.0,516.0,523.0,524.0,528.0,539.0,560.0,571.0,579.0,592.0,597.0,605.0,630.0,663.0,666.0,676.0,690.0,692.0,695.0,709.0,715.0,742.0,860.0,918.0,928.0,957.0,977.0,
39.0,62.0,89.0,99.0,141.0,175.0,175.0,186.0,230.0,244.0,256.0,309.0,369.0,398.0,434.0,447.0,451.0,453.0,472.0,475.0,489.0,492.0,526.0,555.0,563.0,622.0,627.0,678.0,763.0,838.0,849.0,859.0,862.0,863.0,945.0,946.0,
10.0,39.0,97.0,99.0,141.0,149.0,199.0,207.0,208.0,213.0,213.0,243.0,298.0,334.0,356.0,383.0,383.0,435.0,439.0,463.0,473.0,530.0,567.0,593.0,593.0,617.0,642.0,658.0,676.0,683.0,724.0,755.0,812.0,831.0,832.0,835.0,853.0,894.0,895.0,898.0,924.0,925.0,983.0,990.0,
23.0,69.0,107.0,114.0,120.0,125.0,149.0,162.0,207.0,276.0,324.0,350.0,373.0,394.0,431.0,484.0,549.0,552.0,585.0,622.0,641.0,702.0,732.0,733.0,761.0,763.0,789.0,807.0,812.0,842.0,864.0,905.0,911.0,912.0,923.0,935.0,961.0,964.0,966.0,
19.0,29.0,46.0,57.0,62.0,111.0,216.0,221.0,246.0,251.0,256.0,263.0,276.0,292.0,302.0,364.0,389.0,427.0,514.0,524.0,548.0,558.0,590.0,591.0,602.0,615.0,646.0,674.0,676.0,707.0,724.0,731.0,855.0,892.0,979.0,997.0,
16.0,33.0,63.0,71.0,76.0,153.0,170.0,179.0,200.0,225.0,241.0,312.0,361.0,407.0,425.0,502.0,516.0,593.0,605.0,605.0,614.0,631.0,634.0,640.0,640.0,647.0,696.0,769.0,775.0,823.0,832.0,918.0,947.0,952.0,973.0,
37.0,38.0,69.0,80.0,98.0,103.0,115.0,118.0,155.0,232.0,253.0,254.0,284.0,380.0,384.0,390.0,432.0,439.0,461.0,494.0,526.0,620.0,645.0,647.0,690.0,702.0,750.0,755.0,762.0,777.0,781.0,782.0,790.0,803.0,848.0,867.0,885.0,928.0,949.0,977.0,995.0,
35.0,67.0,93.0,129.0,135.0,145.0,209.0,220.0,463.0,529.0,538.0,569.0,571.0,586.0,606.0,665.0,686.0,686.0,723.0,726.0,726.0,745.0,757.0,769.0,792.0,820.0,846.0,849.0,862.0,875.0,954.0,976.0,
5.0,18.0,19.0,81.0,107.0,127.0,137.0,139.0,158.0,169.0,175.0,179.0,223.0,251.0,407.0,431.0,486.0,492.0,568.0,576.0,656.0,657.0,659.0,673.0,701.0,739.0,764.0,813.0,851.0,853.0,862.0,869.0,913.0,944.0,974.0,
19.0,34.0,38.0,68.0,74.0,90.0,112.0,192.0,206.0,211.0,236.0,259.0,262.0,305.0,306.0,316.0,335.0,387.0,410.0,461.0,476.0,494.0,536.0,544.0,603.0,616.0,646.0,659.0,688.0,690.0,740.0,807.0,828.0,883.0,911.0,975.0,977.0,985.0,993.0,998.0,
12.0,43.0,56.0,152.0,194.0,201.0,249.0,250.0,342.0,353.0,375.0,379.0,406.0,406.0,414.0,430.0,441.0,500.0,529.0,559.0,592.0,606.0,627.0,643.0,717.0,731.0,762.0,765.0,769.0,793.0,842.0,854.0,878.0,894.0,924.0,942.0,
5.0,61.0,116.0,127.0,163.0,163.0,166.0,193.0,234.0,331.0,382.0,387.0,389.0,400.0,434.0,463.0,468.0,549.0,556.0,572.0,577.0,593.0,594.0,618.0,623.0,623.0,727.0,777.0,780.0,799.0,833.0,865.0,895.0,923.0,929.0,934.0,937.0,977.0,
9.0,17.0,57.0,121.0,137.0,145.0,171.0,191.0,199.0,233.0,294.0,304.0,308.0,324.0,350.0,373.0,388.0,409.0,437.0,452.0,468.0,469.0,484.0,533.0,543.0,564.0,567.0,595.0,608.0,623.0,626.0,655.0,683.0,696.0,706.0,713.0,715.0,769.0,814.0,841.0,862.0,878.0,880.0,887.0,889.0,930.0,940.0,958.0,986.0,997.0,
38.0,79.0,379.0,400.0,405.0,407.0,495.0,518.0,538.0,540.0,545.0,552.0,575.0,585.0,591.0,603.0,623.0,626.0,678.0,714.0,738.0,744.0,775.0,792.0,831.0,835.0,846.0,867.0,885.0,919.0,922.0,927.0,959.0,969.0,997.0,
21.0,35.0,38.0,53.0,70.0,74.0,94.0,95.0,132.0,171.0,250.0,256.0,352.0,370.0,371.0,387.0,395.0,406.0,417.0,431.0,487.0,494.0,526.0,576.0,589.0,695.0,700.0,705.0,746.0,767.0,768.0,770.0,782.0,794.0,834.0,884.0,955.0,968.0,971.0,975.0,
27.0,32.0,78.0,100.0,160.0,173.0,182.0,224.0,256.0,284.0,304.0,323.0,336.0,392.0,436.0,470.0,509.0,509.0,512.0,533.0,572.0,616.0,631.0,656.0,677.0,718.0,729.0,770.0,776.0,784.0,806.0,810.0,815.0,857.0,857.0,857.0,862.0,912.0,936.0,959.0,995.0,
68.0,80.0,82.0,95.0,104.0,116.0,147.0,175.0,207.0,214.0,287.0,294.0,325.0,338.0,343.0,347.0,348.0,383.0,387.0,449.0,534.0,539.0,543.0,545.0,556.0,558.0,594.0,623.0,624.0,645.0,682.0,715.0,747.0,751.0,804.0,810.0,843.0,874.0,877.0,909.0,909.0,944.0,952.0,960.0,974.0,
14.0,34.0,38.0,42.0,87.0,97.0,98.0,136.0,163.0,220.0,222.0,236.0,249.0,257.0,269.0,271.0,272.0,274.0,319.0,425.0,490.0,496.0,504.0,543.0,566.0,578.0,644.0,647.0,691.0,750.0,781.0,788.0,799.0,814.0,816.0,835.0,849.0,887.0,951.0,992.0,
9.0,27.0,53.0,102.0,113.0,166.0,183.0,214.0,216.0,240.0,284.0,328.0,340.0,407.0,410.0,416.0,423.0,442.0,447.0,455.0,456.0,519.0,545.0,582.0,582.0,634.0,653.0,661.0,672.0,705.0,729.0,734.0,734.0,782.0,802.0,808.0,826.0,905.0,914.0,944.0,951.0,953.0,989.0,
29.0,38.0,46.0,144.0,155.0,179.0,196.0,247.0,306.0,325.0,358.0,376.0,432.0,438.0,450.0,465.0,471.0,479.0,481.0,526.0,604.0,634.0,715.0,764.0,810.0,824.0,881.0,909.0,
39.0,48.0,65.0,74.0,105.0,107.0,171.0,174.0,188.0,207.0,213.0,240.0,277.0,285.0,348.0,349.0,352.0,366.0,386.0,441.0,473.0,479.0,509.0,584.0,614.0,700.0,742.0,791.0,794.0,795.0,824.0,835.0,838.0,852.0,860.0,895.0,937.0,941.0,974.0,988.0,993.0,994.0,
26.0,28.0,38.0,53.0,64.0,70.0,86.0,93.0,145.0,160.0,191.0,198.0,199.0,209.0,222.0,239.0,275.0,277.0,312.0,326.0,329.0,350.0,379.0,383.0,403.0,443.0,484.0,488.0,516.0,558.0,569.0,574.0,609.0,666.0,675.0,682.0,699.0,699.0,728.0,730.0,744.0,789.0,789.0,805.0,811.0,812.0,823.0,864.0,887.0,899.0,918.0,918.0,960.0,994.0,
20.0,30.0,34.0,45.0,47.0,60.0,82.0,117.0,133.0,208.0,291.0,354.0,431.0,452.0,504.0,650.0,673.0,747.0,809.0,811.0,933.0,972.0,996.0,
80.0,126.0,225.0,230.0,246.0,267.0,273.0,284.0,285.0,317.0,354.0,407.0,494.0,957.0,
13.0,31.0,61.0,67.0,76.0,168.0,196.0,205.0,209.0,232.0,420.0,446.0,459.0,470.0,
58.0,61.0,69.0,73.0,90.0,124.0,150.0,233.0,336.0,359.0,360.0,402.0,428.0,485.0,
48.0,59.0,75.0,149.0,161.0,203.0,254.0,254.0,303.0,311.0,344.0,346.0,355.0,360.0,361.0,365.0,397.0,430.0,432.0,439.0,454.0,476.0,509.0,666.0,778.0,849.0,873.0,893.0,
39.0,85.0,88.0,103.0,108.0,141.0,184.0,344.0,384.0,407.0,582.0,601.0,632.0,643.0,652.0,659.0,664.0,681.0,701.0,713.0,749.0,777.0,793.0,836.0,879.0,881.0,901.0,903.0,990.0,997.0,
12.0,103.0,104.0,104.0,129.0,132.0,213.0,252.0,255.0,279.0,286.0,288.0,345.0,374.0,385.0,397.0,454.0,456.0,527.0,550.0,583.0,587.0,597.0,613.0,614.0,619.0,619.0,640.0,681.0,707.0,785.0,815.0,820.0,858.0,914.0,918.0,928.0,943.0,965.0,994.0,
43.0,47.0,59.0,76.0,108.0,135.0,162.0,169.0,196.0,204.0,219.0,247.0,276.0,290.0,338.0,348.0,353.0,411.0,432.0,450.0,475.0,541.0,627.0,687.0,728.0,746.0,844.0,918.0,939.0,953.0,997.0,
8.0,87.0,89.0,101.0,131.0,167.0,204.0,272.0,284.0,326.0,357.0,375.0,393.0,407.0,443.0,462.0,527.0,538.0,663.0,704.0,708.0,739.0,771.0,773.0,824.0,836.0,852.0,866.0,871.0,879.0,883.0,917.0,935.0,
17.0,47.0,55.0,58.0,79.0,86.0,139.0,182.0,189.0,200.0,222.0,318.0,342.0,346.0,395.0,446.0,459.0,496.0,498.0,629.0,667.0,677.0,696.0,710.0,820.0,828.0,875.0,938.0,963.0,974.0,
45.0,54.0,62.0,145.0,146.0,165.0,172.0,177.0,243.0,249.0,289.0,290.0,291.0,313.0,338.0,383.0,396.0,450.0,475.0,
10.0,20.0,43.0,121.0,180.0,199.0,215.0,248.0,259.0,272.0,282.0,288.0,355.0,375.0,400.0,405.0,419.0,421.0,479.0,855.0,931.0,
8.0,16.0,82.0,87.0,88.0,97.0,101.0,128.0,130.0,142.0,175.0,175.0,184.0,197.0,242.0,243.0,256.0,260.0,307.0,308.0,327.0,359.0,432.0,441.0,443.0,503.0,869.0,
31.0,46.0,59.0,59.0,76.0,93.0,106.0,224.0,238.0,247.0,278.0,287.0,295.0,307.0,322.0,399.0,423.0,438.0,452.0,464.0,478.0,908.0,
11.0,105.0,113.0,132.0,142.0,161.0,182.0,219.0,221.0,244.0,279.0,300.0,318.0,352.0,377.0,387.0,408.0,434.0,483.0,495.0,496.0,
10.0,42.0,117.0,156.0,188.0,205.0,214.0,230.0,277.0,304.0,305.0,319.0,411.0,448.0,494.0,506.0,620.0,671.0,702.0,727.0,738.0,746.0,789.0,808.0,845.0,870.0,985.0,
72.0,79.0,111.0,124.0,176.0,192.0,211.0,336.0,337.0,364.0,380.0,396.0,429.0,443.0,474.0,566.0,600.0,651.0,680.0,715.0,736.0,774.0,774.0,808.0,810.0,862.0,865.0,874.0,877.0,891.0,905.0,952.0,961.0,984.0,
3.0,7.0,86.0,91.0,121.0,128.0,147.0,151.0,153.0,190.0,197.0,227.0,276.0,314.0,322.0,324.0,325.0,348.0,369.0,373.0,397.0,398.0,417.0,423.0,468.0,481.0,530.0,545.0,556.0,571.0,571.0,574.0,603.0,610.0,656.0,699.0,715.0,781.0,788.0,811.0,845.0,884.0,899.0,971.0,
18.0,34.0,40.0,117.0,151.0,161.0,189.0,216.0,221.0,265.0,325.0,332.0,365.0,366.0,380.0,391.0,514.0,600.0,622.0,708.0,711.0,732.0,737.0,762.0,764.0,767.0,771.0,778.0,790.0,790.0,797.0,872.0,878.0,904.0,
19.0,29.0,84.0,85.0,99.0,152.0,203.0,223.0,260.0,286.0,287.0,353.0,371.0,398.0,401.0,432.0,456.0,507.0,508.0,
47.0,75.0,80.0,103.0,110.0,164.0,225.0,245.0,252.0,291.0,330.0,333.0,358.0,436.0,457.0,463.0,475.0,482.0,483.0,797.0,817.0,980.0,
17.0,48.0,91.0,122.0,125.0,167.0,177.0,184.0,190.0,200.0,216.0,260.0,260.0,280.0,296.0,435.0,435.0,453.0,483.0,491.0,503.0,510.0,779.0,807.0,864.0,
21.0,24.0,180.0,221.0,246.0,331.0,334.0,360.0,379.0,391.0,406.0,805.0,821.0,831.0,838.0,884.0,
3.0,16.0,35.0,64.0,270.0,350.0,387.0,439.0,465.0,775.0,830.0,868.0,905.0,971.0,
5.0,52.0,55.0,68.0,69.0,140.0,153.0,294.0,294.0,339.0,395.0,444.0,953.0,
2.0,56.0,60.0,62.0,108.0,118.0,140.0,141.0,158.0,183.0,211.0,213.0,263.0,311.0,318.0,327.0,369.0,393.0,406.0,491.0,977.0,
27.0,91.0,97.0,107.0,107.0,168.0,228.0,287.0,304.0,328.0,368.0,372.0,376.0,397.0,400.0,445.0,460.0,478.0,489.0,519.0,542.0,557.0,570.0,576.0,582.0,619.0,665.0,704.0,709.0,722.0,735.0,788.0,801.0,818.0,840.0,884.0,901.0,924.0,
29.0,30.0,81.0,193.0,215.0,225.0,243.0,244.0,280.0,292.0,296.0,301.0,384.0,428.0,453.0,461.0,500.0,508.0,527.0,546.0,560.0,636.0,642.0,669.0,676.0,685.0,711.0,726.0,739.0,774.0,778.0,801.0,845.0,846.0,885.0,901.0,946.0,949.0,979.0,
6.0,18.0,25.0,121.0,126.0,176.0,255.0,321.0,326.0,333.0,342.0,361.0,368.0,396.0,399.0,403.0,445.0,450.0,460.0,578.0,581.0,589.0,611.0,614.0,685.0,687.0,691.0,700.0,730.0,795.0,832.0,876.0,879.0,925.0,941.0,956.0,967.0,969.0,
115.0,142.0,155.0,158.0,185.0,204.0,218.0,230.0,233.0,245.0,269.0,270.0,278.0,290.0,292.0,331.0,353.0,423.0,430.0,431.0,468.0,479.0,480.0,495.0,500.0,
22.0,39.0,148.0,168.0,168.0,202.0,213.0,283.0,314.0,316.0,324.0,328.0,342.0,343.0,345.0,417.0,424.0,482.0,483.0,493.0,508.0,800.0,879.0,896.0,965.0,
37.0,99.0,152.0,170.0,176.0,180.0,194.0,203.0,251.0,284.0,299.0,334.0,373.0,399.0,401.0,431.0,443.0,449.0,468.0,730.0,902.0,926.0,936.0,
14.0,18.0,27.0,37.0,38.0,69.0,108.0,111.0,120.0,124.0,149.0,157.0,178.0,202.0,222.0,234.0,244.0,312.0,314.0,346.0,371.0,399.0,410.0,429.0,447.0,465.0,506.0,
11.0,24.0,31.0,54.0,67.0,92.0,137.0,168.0,172.0,191.0,224.0,249.0,278.0,311.0,317.0,321.0,341.0,341.0,366.0,367.0,374.0,387.0,393.0,418.0,433.0,787.0,836.0,856.0,957.0,962.0,996.0,
18.0,27.0,39.0,53.0,54.0,124.0,218.0,247.0,249.0,261.0,268.0,301.0,314.0,316.0,323.0,347.0,382.0,432.0,444.0,458.0,460.0,476.0,821.0,826.0,904.0,
101.0,133.0,156.0,157.0,158.0,207.0,210.0,256.0,260.0,289.0,346.0,367.0,413.0,470.0,477.0,481.0,
28.0,36.0,45.0,54.0,62.0,68.0,79.0,124.0,132.0,134.0,164.0,224.0,250.0,283.0,377.0,465.0,512.0,608.0,632.0,657.0,657.0,659.0,660.0,666.0,732.0,732.0,753.0,766.0,766.0,783.0,794.0,817.0,856.0,857.0,883.0,950.0,951.0,970.0,971.0,974.0,999.0,
29.0,38.0,115.0,161.0,235.0,245.0,247.0,248.0,267.0,293.0,319.0,353.0,353.0,365.0,437.0,439.0,458.0,514.0,540.0,560.0,581.0,593.0,598.0,623.0,629.0,636.0,742.0,774.0,777.0,798.0,844.0,920.0,930.0,943.0,996.0,997.0,
45.0,46.0,61.0,75.0,120.0,132.0,141.0,195.0,204.0,228.0,234.0,253.0,277.0,293.0,301.0,309.0,320.0,328.0,333.0,395.0,455.0,459.0,507.0,543.0,580.0,602.0,619.0,664.0,670.0,694.0,702.0,710.0,730.0,741.0,747.0,780.0,786.0,805.0,806.0,855.0,857.0,882.0,882.0,888.0,900.0,908.0,913.0,959.0,998.0,
17.0,29.0,37.0,53.0,58.0,122.0,136.0,136.0,158.0,285.0,290.0,293.0,298.0,318.0,343.0,353.0,386.0,405.0,436.0,467.0,469.0,856.0,
13.0,44.0,93.0,109.0,225.0,241.0,268.0,273.0,292.0,308.0,318.0,358.0,394.0,415.0,427.0,445.0,475.0,488.0,494.0,502.0,878.0,883.0,
16.0,21.0,23.0,83.0,204.0,222.0,223.0,259.0,296.0,304.0,360.0,367.0,402.0,407.0,477.0,750.0,
31.0,60.0,61.0,130.0,262.0,270.0,308.0,335.0,339.0,357.0,359.0,382.0,421.0,456.0,491.0,918.0,995.0,
32.0,37.0,56.0,89.0,104.0,186.0,191.0,208.0,210.0,211.0,238.0,259.0,315.0,368.0,395.0,404.0,437.0,468.0,483.0,772.0,782.0,802.0,940.0,958.0,
13.0,19.0,35.0,44.0,78.0,95.0,142.0,260.0,275.0,297.0,322.0,369.0,383.0,385.0,386.0,401.0,401.0,455.0,481.0,497.0,501.0,505.0,962.0,
7.0,21.0,45.0,58.0,93.0,95.0,137.0,141.0,145.0,162.0,170.0,222.0,226.0,234.0,303.0,324.0,362.0,367.0,389.0,401.0,406.0,408.0,489.0,
11.0,58.0,69.0,91.0,110.0,114.0,124.0,127.0,162.0,167.0,181.0,221.0,366.0,413.0,424.0,438.0,444.0,457.0,476.0,483.0,500.0,578.0,595.0,614.0,629.0,655.0,680.0,741.0,748.0,751.0,752.0,793.0,828.0,860.0,871.0,913.0,933.0,943.0,952.0,954.0,956.0,
13.0,16.0,25.0,30.0,41.0,45.0,61.0,86.0,204.0,223.0,247.0,347.0,354.0,419.0,470.0,522.0,531.0,573.0,594.0,597.0,618.0,658.0,674.0,720.0,733.0,742.0,751.0,775.0,787.0,845.0,853.0,854.0,882.0,899.0,982.0,985.0,
13.0,24.0,38.0,54.0,55.0,106.0,114.0,117.0,184.0,192.0,215.0,257.0,263.0,264.0,286.0,289.0,296.0,329.0,347.0,357.0,377.0,398.0,430.0,514.0,536.0,563.0,571.0,572.0,614.0,621.0,730.0,739.0,826.0,830.0,841.0,876.0,907.0,913.0,978.0,984.0,988.0,993.0,995.0,
22.0,29.0,72.0,82.0,97.0,180.0,191.0,199.0,202.0,229.0,243.0,249.0,272.0,378.0,413.0,415.0,432.0,469.0,471.0,476.0,494.0,502.0,633.0,703.0,741.0,777.0,839.0,846.0,876.0,970.0,990.0,
34.0,151.0,161.0,167.0,221.0,232.0,250.0,255.0,277.0,305.0,311.0,335.0,375.0,445.0,
62.0,102.0,123.0,131.0,149.0,192.0,195.0,216.0,221.0,269.0,283.0,366.0,392.0,401.0,407.0,473.0,478.0,
3.0,72.0,76.0,78.0,138.0,187.0,204.0,264.0,274.0,312.0,384.0,402.0,447.0,448.0,454.0,482.0,490.0,870.0,940.0,
48.0,55.0,71.0,80.0,109.0,119.0,146.0,158.0,175.0,179.0,271.0,308.0,360.0,381.0,394.0,451.0,463.0,493.0,
52.0,68.0,80.0,93.0,128.0,150.0,166.0,182.0,190.0,224.0,267.0,284.0,287.0,318.0,322.0,344.0,387.0,428.0,435.0,481.0,483.0,
12.0,21.0,78.0,111.0,126.0,135.0,156.0,158.0,170.0,227.0,257.0,259.0,261.0,266.0,286.0,292.0,317.0,365.0,375.0,385.0,417.0,443.0,447.0,473.0,476.0,492.0,510.0,630.0,669.0,690.0,701.0,714.0,749.0,818.0,821.0,826.0,841.0,853.0,885.0,908.0,933.0,959.0,968.0,995.0,999.0,
20.0,22.0,77.0,107.0,126.0,172.0,183.0,191.0,216.0,220.0,276.0,284.0,296.0,314.0,330.0,347.0,347.0,358.0,381.0,399.0,524.0,530.0,534.0,536.0,615.0,674.0,683.0,688.0,709.0,731.0,748.0,759.0,770.0,784.0,796.0,802.0,815.0,835.0,848.0,851.0,918.0,
10.0,111.0,212.0,254.0,262.0,267.0,293.0,298.0,331.0,334.0,342.0,385.0,388.0,429.0,441.0,464.0,515.0,524.0,576.0,604.0,605.0,619.0,630.0,653.0,689.0,707.0,751.0,753.0,765.0,771.0,827.0,848.0,877.0,929.0,930.0,933.0,1000.0,
11.0,20.0,73.0,123.0,202.0,204.0,226.0,303.0,334.0,359.0,362.0,409.0,515.0,562.0,564.0,584.0,627.0,636.0,661.0,672.0,677.0,688.0,705.0,770.0,777.0,804.0,811.0,811.0,812.0,868.0,896.0,918.0,926.0,962.0,
3.0,19.0,22.0,52.0,149.0,150.0,186.0,192.0,197.0,239.0,260.0,297.0,320.0,334.0,337.0,375.0,382.0,389.0,393.0,401.0,449.0,450.0,464.0,517.0,531.0,546.0,548.0,561.0,593.0,636.0,714.0,715.0,719.0,723.0,742.0,772.0,804.0,911.0,912.0,914.0,943.0,963.0,974.0,977.0,982.0,999.0,
35.0,47.0,48.0,165.0,165.0,169.0,202.0,202.0,205.0,222.0,242.0,244.0,330.0,334.0,337.0,357.0,378.0,385.0,385.0,418.0,419.0,435.0,496.0,684.0,703.0,778.0,808.0,816.0,816.0,841.0,889.0,890.0,890.0,904.0,927.0,937.0,965.0,971.0,
38.0,62.0,165.0,168.0,193.0,240.0,274.0,280.0,329.0,352.0,357.0,363.0,391.0,395.0,415.0,421.0,430.0,460.0,
68.0,69.0,80.0,96.0,110.0,117.0,135.0,171.0,192.0,196.0,219.0,277.0,316.0,400.0,433.0,462.0,463.0,469.0,472.0,
109.0,119.0,133.0,180.0,218.0,226.0,234.0,242.0,287.0,302.0,341.0,393.0,470.0,480.0,497.0,989.0,
15.0,99.0,113.0,134.0,140.0,155.0,179.0,201.0,204.0,231.0,237.0,240.0,273.0,290.0,351.0,359.0,373.0,373.0,405.0,408.0,410.0,423.0,490.0,716.0,766.0,890.0,923.0,935.0,937.0,
53.0,83.0,134.0,177.0,224.0,240.0,301.0,319.0,330.0,331.0,405.0,413.0,435.0,435.0,455.0,499.0,526.0,546.0,603.0,621.0,677.0,679.0,681.0,684.0,740.0,759.0,789.0,790.0,792.0,821.0,844.0,880.0,914.0,917.0,928.0,
22.0,33.0,122.0,136.0,218.0,245.0,279.0,357.0,363.0,391.0,393.0,395.0,427.0,438.0,452.0,538.0,573.0,582.0,585.0,595.0,597.0,599.0,620.0,622.0,624.0,631.0,641.0,666.0,672.0,673.0,675.0,675.0,712.0,855.0,884.0,913.0,924.0,927.0,932.0,938.0,946.0,952.0,960.0,987.0,
15.0,98.0,105.0,108.0,110.0,156.0,159.0,172.0,192.0,241.0,247.0,250.0,275.0,285.0,288.0,315.0,330.0,334.0,343.0,374.0,424.0,475.0,500.0,504.0,558.0,600.0,610.0,617.0,624.0,639.0,660.0,721.0,724.0,802.0,904.0,914.0,939.0,943.0,955.0,
16.0,46.0,53.0,76.0,84.0,89.0,108.0,116.0,155.0,162.0,191.0,206.0,209.0,238.0,245.0,264.0,330.0,344.0,362.0,392.0,473.0,490.0,516.0,530.0,534.0,540.0,554.0,592.0,644.0,647.0,665.0,682.0,696.0,704.0,712.0,720.0,738.0,755.0,839.0,845.0,862.0,914.0,947.0,950.0,950.0,953.0,954.0,960.0,964.0,
95.0,110.0,129.0,143.0,161.0,170.0,218.0,224.0,283.0,298.0,310.0,319.0,365.0,384.0,385.0,392.0,398.0,422.0,430.0,443.0,449.0,468.0,516.0,519.0,527.0,553.0,562.0,565.0,571.0,588.0,618.0,662.0,689.0,708.0,722.0,744.0,774.0,780.0,780.0,800.0,915.0,924.0,953.0,
4.0,26.0,26.0,65.0,99.0,106.0,136.0,142.0,165.0,170.0,174.0,180.0,191.0,194.0,209.0,213.0,271.0,283.0,320.0,320.0,397.0,411.0,427.0,451.0,466.0,500.0,511.0,558.0,566.0,653.0,656.0,684.0,694.0,745.0,762.0,769.0,809.0,817.0,823.0,827.0,836.0,852.0,854.0,854.0,886.0,888.0,892.0,892.0,914.0,918.0,965.0,
98.0,119.0,128.0,132.0,205.0,218.0,219.0,286.0,304.0,340.0,345.0,353.0,365.0,391.0,459.0,467.0,470.0,522.0,590.0,603.0,609.0,643.0,660.0,680.0,701.0,710.0,712.0,718.0,751.0,765.0,788.0,799.0,802.0,902.0,903.0,903.0,951.0,978.0,985.0,986.0,998.0,
45.0,57.0,78.0,178.0,189.0,195.0,200.0,238.0,266.0,269.0,291.0,337.0,367.0,450.0,457.0,509.0,512.0,535.0,574.0,597.0,597.0,599.0,612.0,615.0,636.0,647.0,655.0,689.0,703.0,748.0,766.0,766.0,773.0,778.0,792.0,819.0,835.0,836.0,855.0,877.0,882.0,893.0,907.0,942.0,944.0,989.0,
100.0,111.0,129.0,182.0,197.0,200.0,217.0,223.0,249.0,252.0,254.0,288.0,289.0,370.0,371.0,373.0,383.0,387.0,468.0,476.0,512.0,515.0,572.0,578.0,586.0,604.0,648.0,667.0,676.0,725.0,732.0,736.0,741.0,796.0,825.0,833.0,850.0,851.0,877.0,889.0,901.0,930.0,940.0,975.0,984.0,
63.0,68.0,79.0,118.0,149.0,150.0,246.0,247.0,268.0,294.0,343.0,368.0,373.0,390.0,403.0,414.0,495.0,505.0,553.0,565.0,568.0,570.0,575.0,674.0,686.0,686.0,686.0,690.0,727.0,731.0,732.0,738.0,806.0,808.0,876.0,908.0,930.0,931.0,949.0,
20.0,25.0,32.0,43.0,51.0,70.0,128.0,144.0,147.0,166.0,181.0,181.0,225.0,345.0,371.0,377.0,398.0,410.0,415.0,448.0,475.0,497.0,512.0,548.0,552.0,570.0,601.0,628.0,685.0,688.0,717.0,719.0,756.0,771.0,795.0,815.0,839.0,847.0,852.0,888.0,896.0,920.0,943.0,984.0,985.0,990.0,
20.0,21.0,28.0,51.0,97.0,111.0,121.0,215.0,264.0,270.0,271.0,295.0,385.0,444.0,469.0,509.0,540.0,550.0,682.0,722.0,805.0,828.0,877.0,877.0,929.0,931.0,942.0,964.0,970.0,
