23.0,30.0,74.0,91.0,102.0,140.0,144.0,171.0,191.0,220.0,238.0,282.0,319.0,338.0,388.0,430.0,440.0,449.0,456.0,461.0,550.0,554.0,607.0,646.0,710.0,729.0,747.0,828.0,858.0,863.0,871.0,928.0,
24.0,65.0,68.0,85.0,93.0,132.0,175.0,198.0,262.0,272.0,290.0,293.0,299.0,301.0,322.0,357.0,371.0,398.0,421.0,465.0,466.0,470.0,475.0,512.0,531.0,544.0,552.0,553.0,578.0,623.0,709.0,710.0,739.0,786.0,890.0,965.0,990.0,992.0,998.0,
25.0,51.0,92.0,105.0,169.0,199.0,199.0,306.0,346.0,355.0,400.0,414.0,461.0,480.0,483.0,495.0,497.0,503.0,511.0,529.0,530.0,550.0,645.0,666.0,724.0,729.0,800.0,852.0,881.0,882.0,952.0,985.0,996.0,
11.0,52.0,76.0,84.0,94.0,200.0,231.0,255.0,306.0,307.0,348.0,377.0,394.0,469.0,485.0,490.0,550.0,605.0,636.0,647.0,655.0,657.0,666.0,673.0,686.0,690.0,693.0,737.0,745.0,762.0,768.0,855.0,897.0,915.0,924.0,927.0,
13.0,68.0,80.0,89.0,157.0,161.0,177.0,184.0,212.0,259.0,293.0,315.0,317.0,332.0,355.0,360.0,478.0,563.0,577.0,599.0,604.0,606.0,607.0,609.0,637.0,659.0,671.0,706.0,742.0,790.0,799.0,816.0,842.0,845.0,859.0,881.0,908.0,983.0,
6.0,44.0,82.0,124.0,128.0,172.0,211.0,229.0,266.0,272.0,337.0,401.0,407.0,437.0,439.0,444.0,469.0,508.0,547.0,569.0,577.0,597.0,604.0,622.0,623.0,631.0,660.0,700.0,703.0,706.0,712.0,714.0,738.0,786.0,805.0,859.0,895.0,927.0,
11.0,44.0,70.0,75.0,114.0,233.0,273.0,328.0,361.0,448.0,460.0,478.0,489.0,502.0,529.0,548.0,560.0,579.0,585.0,588.0,607.0,637.0,647.0,659.0,663.0,675.0,723.0,747.0,755.0,763.0,805.0,821.0,861.0,901.0,946.0,947.0,966.0,968.0,
38.0,91.0,94.0,131.0,136.0,148.0,158.0,159.0,298.0,303.0,334.0,344.0,362.0,385.0,403.0,413.0,445.0,454.0,474.0,497.0,509.0,573.0,585.0,587.0,729.0,749.0,763.0,827.0,829.0,843.0,871.0,879.0,888.0,905.0,916.0,931.0,940.0,
3.0,51.0,54.0,56.0,61.0,77.0,78.0,113.0,163.0,164.0,181.0,225.0,265.0,292.0,302.0,392.0,437.0,450.0,455.0,457.0,482.0,533.0,539.0,562.0,640.0,685.0,700.0,736.0,758.0,777.0,816.0,833.0,851.0,863.0,869.0,887.0,
21.0,35.0,67.0,111.0,180.0,223.0,326.0,430.0,449.0,454.0,538.0,585.0,607.0,620.0,626.0,632.0,638.0,660.0,677.0,686.0,702.0,723.0,759.0,879.0,900.0,940.0,1000.0,
17.0,33.0,55.0,108.0,113.0,154.0,223.0,227.0,230.0,292.0,297.0,299.0,304.0,314.0,314.0,400.0,428.0,484.0,546.0,554.0,567.0,614.0,646.0,655.0,684.0,687.0,705.0,705.0,713.0,721.0,813.0,834.0,911.0,934.0,986.0,
32.0,77.0,84.0,102.0,122.0,152.0,174.0,206.0,282.0,366.0,379.0,385.0,393.0,411.0,415.0,435.0,439.0,447.0,454.0,478.0,478.0,485.0,487.0,500.0,535.0,621.0,621.0,625.0,626.0,636.0,645.0,659.0,692.0,726.0,825.0,911.0,946.0,950.0,962.0,
9.0,55.0,60.0,76.0,84.0,119.0,122.0,161.0,170.0,185.0,203.0,212.0,228.0,240.0,316.0,323.0,386.0,403.0,468.0,481.0,491.0,525.0,558.0,573.0,578.0,601.0,610.0,620.0,667.0,675.0,680.0,709.0,759.0,780.0,790.0,845.0,860.0,912.0,915.0,943.0,963.0,983.0,990.0,996.0,
42.0,43.0,45.0,51.0,54.0,75.0,252.0,258.0,294.0,307.0,325.0,332.0,368.0,388.0,412.0,412.0,413.0,423.0,484.0,503.0,515.0,527.0,548.0,600.0,600.0,602.0,606.0,633.0,642.0,649.0,714.0,716.0,743.0,765.0,819.0,843.0,875.0,903.0,910.0,929.0,966.0,977.0,992.0,993.0,
24.0,29.0,104.0,106.0,118.0,152.0,161.0,179.0,203.0,205.0,213.0,218.0,225.0,269.0,272.0,273.0,295.0,341.0,346.0,352.0,364.0,475.0,536.0,572.0,580.0,605.0,637.0,639.0,690.0,717.0,724.0,746.0,805.0,805.0,814.0,846.0,883.0,891.0,893.0,903.0,931.0,936.0,
42.0,100.0,146.0,165.0,189.0,192.0,223.0,271.0,282.0,297.0,305.0,334.0,419.0,444.0,454.0,464.0,550.0,550.0,593.0,628.0,630.0,652.0,654.0,658.0,662.0,701.0,704.0,707.0,711.0,721.0,725.0,755.0,756.0,757.0,773.0,799.0,809.0,818.0,822.0,852.0,896.0,916.0,928.0,943.0,
35.0,35.0,93.0,153.0,163.0,168.0,190.0,311.0,362.0,367.0,372.0,439.0,462.0,575.0,592.0,635.0,642.0,669.0,737.0,777.0,796.0,830.0,830.0,853.0,867.0,880.0,896.0,903.0,931.0,951.0,957.0,964.0,968.0,981.0,982.0,
130.0,143.0,146.0,238.0,246.0,258.0,305.0,309.0,325.0,344.0,349.0,362.0,371.0,416.0,418.0,419.0,446.0,460.0,464.0,483.0,486.0,515.0,534.0,549.0,565.0,597.0,617.0,649.0,688.0,703.0,760.0,769.0,810.0,825.0,836.0,882.0,930.0,984.0,985.0,
33.0,76.0,119.0,176.0,198.0,257.0,266.0,288.0,363.0,402.0,406.0,519.0,523.0,539.0,549.0,562.0,613.0,641.0,664.0,668.0,707.0,732.0,748.0,752.0,753.0,768.0,783.0,798.0,841.0,859.0,870.0,874.0,888.0,899.0,899.0,899.0,900.0,910.0,930.0,957.0,960.0,993.0,
61.0,78.0,90.0,169.0,207.0,209.0,228.0,241.0,258.0,386.0,387.0,392.0,402.0,441.0,457.0,462.0,488.0,517.0,551.0,576.0,577.0,619.0,628.0,675.0,713.0,727.0,746.0,794.0,853.0,857.0,930.0,944.0,984.0,989.0,
14.0,81.0,83.0,106.0,109.0,123.0,139.0,151.0,163.0,169.0,169.0,181.0,187.0,219.0,274.0,338.0,360.0,415.0,418.0,512.0,529.0,532.0,559.0,564.0,575.0,624.0,633.0,641.0,698.0,759.0,760.0,786.0,797.0,804.0,826.0,828.0,854.0,876.0,904.0,914.0,933.0,934.0,947.0,
46.0,57.0,76.0,111.0,114.0,136.0,164.0,237.0,239.0,240.0,245.0,251.0,289.0,324.0,327.0,379.0,428.0,538.0,549.0,555.0,583.0,609.0,611.0,655.0,696.0,728.0,777.0,778.0,810.0,815.0,867.0,919.0,947.0,990.0,
12.0,35.0,105.0,114.0,141.0,159.0,188.0,218.0,221.0,229.0,237.0,242.0,347.0,364.0,365.0,534.0,542.0,555.0,562.0,690.0,697.0,700.0,705.0,736.0,771.0,793.0,794.0,832.0,852.0,905.0,941.0,948.0,956.0,968.0,989.0,993.0,
16.0,58.0,63.0,64.0,124.0,186.0,244.0,255.0,359.0,415.0,461.0,461.0,463.0,494.0,496.0,515.0,654.0,745.0,749.0,805.0,863.0,868.0,885.0,898.0,925.0,988.0,
14.0,118.0,130.0,142.0,179.0,210.0,235.0,236.0,268.0,281.0,282.0,306.0,326.0,371.0,401.0,433.0,434.0,437.0,439.0,445.0,448.0,460.0,494.0,
7.0,10.0,47.0,51.0,88.0,93.0,106.0,119.0,128.0,174.0,180.0,249.0,263.0,273.0,280.0,316.0,321.0,400.0,434.0,440.0,471.0,481.0,495.0,504.0,
89.0,101.0,119.0,130.0,134.0,136.0,147.0,151.0,175.0,219.0,237.0,258.0,290.0,294.0,345.0,365.0,449.0,454.0,454.0,475.0,499.0,501.0,809.0,
13.0,48.0,51.0,67.0,68.0,76.0,82.0,83.0,92.0,96.0,135.0,163.0,174.0,184.0,210.0,211.0,217.0,229.0,290.0,293.0,399.0,443.0,695.0,740.0,766.0,982.0,982.0,989.0,
92.0,131.0,192.0,300.0,335.0,401.0,412.0,421.0,426.0,440.0,445.0,484.0,511.0,540.0,583.0,600.0,609.0,626.0,694.0,695.0,696.0,722.0,729.0,761.0,777.0,778.0,792.0,818.0,823.0,855.0,873.0,908.0,914.0,959.0,969.0,976.0,986.0,
52.0,65.0,91.0,122.0,137.0,218.0,241.0,244.0,283.0,308.0,314.0,347.0,398.0,413.0,442.0,448.0,477.0,534.0,556.0,565.0,618.0,637.0,712.0,722.0,746.0,748.0,758.0,827.0,866.0,891.0,920.0,956.0,967.0,
18.0,39.0,79.0,144.0,192.0,195.0,219.0,275.0,308.0,323.0,339.0,352.0,362.0,379.0,498.0,543.0,557.0,597.0,616.0,634.0,688.0,688.0,700.0,726.0,736.0,772.0,791.0,802.0,803.0,819.0,846.0,933.0,962.0,978.0,984.0,
37.0,38.0,48.0,70.0,72.0,74.0,97.0,112.0,253.0,283.0,377.0,383.0,454.0,464.0,524.0,531.0,559.0,589.0,590.0,616.0,628.0,645.0,687.0,692.0,701.0,703.0,703.0,704.0,724.0,750.0,783.0,823.0,884.0,893.0,914.0,954.0,
4.0,17.0,33.0,77.0,82.0,82.0,141.0,144.0,171.0,235.0,248.0,268.0,315.0,318.0,321.0,344.0,344.0,396.0,429.0,676.0,701.0,716.0,719.0,837.0,870.0,912.0,928.0,935.0,986.0,
2.0,7.0,20.0,101.0,123.0,137.0,190.0,257.0,266.0,296.0,299.0,305.0,306.0,336.0,346.0,348.0,358.0,367.0,377.0,393.0,420.0,435.0,449.0,453.0,484.0,498.0,
17.0,20.0,21.0,44.0,66.0,116.0,125.0,163.0,236.0,237.0,242.0,260.0,265.0,286.0,298.0,350.0,357.0,377.0,393.0,426.0,426.0,466.0,481.0,
23.0,42.0,46.0,64.0,67.0,77.0,88.0,136.0,176.0,191.0,202.0,210.0,233.0,268.0,289.0,294.0,363.0,423.0,454.0,460.0,482.0,847.0,966.0,
14.0,34.0,39.0,92.0,101.0,126.0,126.0,133.0,136.0,141.0,166.0,222.0,268.0,280.0,291.0,312.0,315.0,340.0,347.0,348.0,380.0,394.0,441.0,448.0,468.0,493.0,503.0,910.0,
14.0,17.0,61.0,69.0,84.0,87.0,102.0,123.0,126.0,181.0,207.0,230.0,290.0,314.0,317.0,441.0,444.0,
22.0,32.0,37.0,108.0,155.0,197.0,206.0,215.0,255.0,280.0,288.0,307.0,314.0,334.0,339.0,347.0,373.0,382.0,402.0,419.0,453.0,475.0,480.0,489.0,497.0,609.0,627.0,660.0,693.0,736.0,770.0,816.0,833.0,896.0,908.0,913.0,921.0,932.0,949.0,965.0,
42.0,61.0,61.0,100.0,104.0,163.0,195.0,257.0,325.0,388.0,414.0,418.0,457.0,471.0,478.0,546.0,649.0,667.0,673.0,751.0,768.0,810.0,819.0,832.0,854.0,909.0,914.0,922.0,984.0,987.0,
22.0,34.0,45.0,93.0,100.0,118.0,206.0,210.0,231.0,268.0,275.0,279.0,281.0,290.0,306.0,310.0,346.0,365.0,369.0,430.0,433.0,461.0,461.0,463.0,486.0,487.0,507.0,555.0,582.0,589.0,618.0,629.0,658.0,682.0,707.0,720.0,800.0,801.0,802.0,809.0,811.0,814.0,820.0,842.0,901.0,948.0,
49.0,60.0,68.0,100.0,175.0,302.0,406.0,430.0,432.0,458.0,484.0,489.0,496.0,502.0,524.0,532.0,596.0,606.0,630.0,643.0,654.0,693.0,722.0,741.0,762.0,776.0,808.0,829.0,831.0,850.0,852.0,853.0,864.0,892.0,901.0,901.0,939.0,985.0,992.0,
36.0,48.0,56.0,108.0,180.0,202.0,207.0,207.0,228.0,311.0,323.0,327.0,330.0,360.0,371.0,419.0,442.0,446.0,474.0,489.0,497.0,967.0,
69.0,84.0,129.0,135.0,144.0,146.0,189.0,249.0,257.0,270.0,325.0,327.0,405.0,436.0,857.0,947.0,
13.0,24.0,37.0,82.0,88.0,90.0,152.0,168.0,179.0,181.0,267.0,290.0,298.0,399.0,416.0,419.0,455.0,464.0,477.0,496.0,755.0,781.0,943.0,998.0,
100.0,108.0,120.0,170.0,255.0,257.0,276.0,296.0,342.0,343.0,436.0,472.0,478.0,506.0,507.0,840.0,856.0,867.0,968.0,992.0,
17.0,79.0,91.0,96.0,99.0,100.0,103.0,122.0,126.0,135.0,192.0,246.0,252.0,253.0,299.0,331.0,366.0,409.0,411.0,415.0,431.0,463.0,748.0,750.0,818.0,913.0,938.0,949.0,949.0,
52.0,67.0,109.0,132.0,137.0,143.0,143.0,144.0,150.0,184.0,195.0,213.0,224.0,226.0,243.0,285.0,338.0,340.0,371.0,395.0,396.0,467.0,469.0,471.0,471.0,492.0,
13.0,25.0,109.0,159.0,171.0,198.0,201.0,211.0,274.0,295.0,318.0,327.0,343.0,402.0,403.0,403.0,450.0,453.0,472.0,
44.0,113.0,156.0,166.0,220.0,221.0,224.0,225.0,252.0,316.0,338.0,358.0,467.0,494.0,505.0,517.0,540.0,565.0,594.0,614.0,657.0,681.0,702.0,704.0,711.0,743.0,796.0,819.0,821.0,821.0,840.0,862.0,878.0,884.0,917.0,930.0,948.0,989.0,
84.0,164.0,170.0,181.0,254.0,282.0,302.0,328.0,355.0,379.0,383.0,398.0,413.0,437.0,454.0,470.0,477.0,492.0,499.0,529.0,555.0,593.0,645.0,676.0,692.0,697.0,707.0,721.0,776.0,825.0,853.0,897.0,916.0,938.0,955.0,958.0,979.0,
50.0,82.0,98.0,104.0,129.0,228.0,308.0,331.0,331.0,367.0,377.0,385.0,408.0,412.0,477.0,499.0,604.0,608.0,648.0,665.0,684.0,710.0,715.0,748.0,765.0,830.0,849.0,861.0,867.0,886.0,942.0,964.0,973.0,983.0,994.0,
22.0,58.0,96.0,100.0,109.0,134.0,134.0,135.0,212.0,261.0,286.0,290.0,336.0,389.0,413.0,446.0,459.0,492.0,
12.0,12.0,25.0,30.0,42.0,119.0,120.0,126.0,137.0,216.0,244.0,287.0,301.0,305.0,363.0,422.0,426.0,440.0,442.0,482.0,484.0,492.0,501.0,504.0,763.0,832.0,950.0,953.0,
13.0,23.0,47.0,56.0,60.0,62.0,101.0,103.0,112.0,254.0,254.0,319.0,387.0,389.0,412.0,415.0,420.0,425.0,447.0,448.0,473.0,477.0,503.0,506.0,708.0,783.0,787.0,839.0,866.0,
9.0,49.0,67.0,72.0,113.0,132.0,134.0,143.0,148.0,186.0,188.0,200.0,256.0,337.0,354.0,471.0,753.0,962.0,
10.0,94.0,109.0,131.0,166.0,182.0,198.0,240.0,258.0,263.0,292.0,309.0,325.0,327.0,354.0,399.0,427.0,472.0,502.0,883.0,985.0,994.0,
4.0,7.0,10.0,23.0,26.0,90.0,102.0,121.0,157.0,272.0,307.0,411.0,431.0,437.0,463.0,467.0,480.0,498.0,857.0,
128.0,154.0,205.0,205.0,250.0,261.0,274.0,283.0,324.0,338.0,364.0,403.0,439.0,487.0,505.0,
15.0,19.0,23.0,74.0,85.0,107.0,129.0,183.0,230.0,231.0,242.0,252.0,278.0,299.0,316.0,403.0,403.0,409.0,444.0,510.0,590.0,597.0,636.0,688.0,692.0,702.0,723.0,724.0,750.0,761.0,766.0,772.0,808.0,827.0,832.0,851.0,855.0,864.0,875.0,892.0,902.0,912.0,961.0,972.0,994.0,
9.0,11.0,40.0,54.0,58.0,89.0,106.0,137.0,150.0,172.0,188.0,199.0,220.0,243.0,280.0,281.0,281.0,290.0,295.0,313.0,357.0,391.0,413.0,470.0,511.0,599.0,607.0,623.0,683.0,714.0,730.0,738.0,775.0,779.0,811.0,817.0,849.0,863.0,864.0,879.0,894.0,932.0,949.0,960.0,965.0,980.0,984.0,992.0,
22.0,31.0,41.0,72.0,105.0,139.0,159.0,160.0,170.0,180.0,185.0,193.0,212.0,216.0,219.0,221.0,238.0,304.0,306.0,314.0,316.0,359.0,400.0,476.0,531.0,554.0,577.0,645.0,664.0,726.0,733.0,738.0,777.0,799.0,802.0,837.0,862.0,897.0,907.0,
39.0,103.0,157.0,176.0,212.0,220.0,257.0,265.0,285.0,332.0,405.0,409.0,456.0,457.0,464.0,479.0,483.0,497.0,502.0,
3.0,63.0,68.0,79.0,84.0,111.0,144.0,179.0,181.0,192.0,195.0,232.0,235.0,275.0,288.0,360.0,426.0,502.0,
11.0,33.0,40.0,95.0,129.0,144.0,159.0,175.0,277.0,320.0,328.0,365.0,373.0,411.0,452.0,460.0,471.0,477.0,810.0,880.0,902.0,947.0,
7.0,9.0,28.0,34.0,39.0,40.0,90.0,161.0,170.0,185.0,225.0,233.0,238.0,297.0,321.0,399.0,399.0,402.0,453.0,468.0,485.0,741.0,793.0,795.0,848.0,884.0,964.0,
12.0,19.0,45.0,51.0,52.0,63.0,83.0,91.0,108.0,127.0,132.0,147.0,171.0,182.0,230.0,234.0,238.0,252.0,292.0,297.0,301.0,342.0,384.0,395.0,412.0,427.0,451.0,474.0,491.0,735.0,767.0,797.0,945.0,962.0,
64.0,67.0,123.0,136.0,165.0,175.0,180.0,279.0,281.0,316.0,321.0,376.0,397.0,413.0,421.0,427.0,434.0,452.0,497.0,921.0,
12.0,36.0,62.0,64.0,67.0,72.0,97.0,103.0,161.0,179.0,181.0,205.0,209.0,217.0,251.0,322.0,422.0,460.0,484.0,979.0,994.0,
43.0,60.0,74.0,115.0,127.0,175.0,192.0,194.0,196.0,207.0,210.0,237.0,260.0,318.0,321.0,446.0,509.0,523.0,584.0,589.0,647.0,648.0,705.0,720.0,730.0,732.0,741.0,768.0,793.0,822.0,828.0,857.0,925.0,934.0,934.0,957.0,976.0,
42.0,54.0,87.0,97.0,110.0,146.0,160.0,164.0,207.0,265.0,278.0,343.0,357.0,405.0,406.0,520.0,548.0,583.0,632.0,634.0,683.0,685.0,750.0,757.0,770.0,788.0,804.0,830.0,833.0,865.0,870.0,881.0,908.0,912.0,941.0,999.0,
21.0,52.0,75.0,110.0,154.0,200.0,254.0,266.0,320.0,402.0,436.0,469.0,473.0,473.0,504.0,519.0,522.0,536.0,539.0,561.0,597.0,605.0,611.0,621.0,627.0,649.0,649.0,671.0,682.0,696.0,721.0,722.0,724.0,762.0,777.0,794.0,796.0,815.0,828.0,916.0,919.0,941.0,946.0,984.0,
49.0,67.0,146.0,153.0,156.0,189.0,196.0,227.0,253.0,380.0,396.0,462.0,478.0,503.0,807.0,859.0,899.0,904.0,909.0,914.0,917.0,994.0,
56.0,58.0,99.0,170.0,175.0,178.0,194.0,211.0,233.0,259.0,270.0,327.0,332.0,388.0,393.0,437.0,441.0,484.0,491.0,501.0,
39.0,56.0,72.0,92.0,96.0,112.0,177.0,180.0,183.0,218.0,231.0,236.0,291.0,325.0,327.0,334.0,336.0,347.0,348.0,386.0,429.0,430.0,439.0,477.0,
49.0,50.0,121.0,133.0,152.0,209.0,216.0,270.0,313.0,365.0,405.0,405.0,416.0,423.0,427.0,486.0,494.0,778.0,792.0,
5.0,14.0,43.0,92.0,103.0,139.0,157.0,227.0,248.0,275.0,314.0,315.0,381.0,399.0,407.0,424.0,463.0,496.0,901.0,
3.0,28.0,38.0,60.0,82.0,94.0,115.0,132.0,147.0,162.0,196.0,204.0,212.0,265.0,315.0,348.0,383.0,396.0,506.0,508.0,
7.0,15.0,79.0,104.0,108.0,149.0,154.0,167.0,192.0,216.0,262.0,265.0,271.0,313.0,315.0,317.0,340.0,400.0,404.0,409.0,423.0,427.0,431.0,439.0,441.0,473.0,653.0,668.0,700.0,714.0,819.0,870.0,873.0,910.0,944.0,944.0,955.0,960.0,986.0,996.0,
30.0,38.0,102.0,103.0,209.0,252.0,256.0,257.0,284.0,335.0,369.0,400.0,413.0,418.0,424.0,425.0,450.0,464.0,469.0,481.0,517.0,559.0,609.0,648.0,655.0,689.0,690.0,712.0,764.0,765.0,765.0,770.0,790.0,806.0,814.0,825.0,846.0,933.0,942.0,955.0,960.0,975.0,989.0,997.0,
20.0,24.0,44.0,56.0,58.0,64.0,164.0,222.0,261.0,286.0,293.0,362.0,391.0,400.0,409.0,470.0,485.0,504.0,548.0,557.0,577.0,591.0,624.0,645.0,662.0,683.0,684.0,743.0,758.0,760.0,768.0,788.0,829.0,852.0,914.0,927.0,969.0,977.0,
11.0,24.0,35.0,38.0,60.0,75.0,139.0,161.0,162.0,178.0,220.0,233.0,236.0,275.0,321.0,355.0,404.0,420.0,449.0,457.0,543.0,564.0,612.0,624.0,626.0,674.0,759.0,768.0,772.0,782.0,784.0,802.0,805.0,853.0,919.0,921.0,942.0,965.0,971.0,
51.0,93.0,140.0,141.0,158.0,219.0,255.0,379.0,395.0,437.0,440.0,447.0,476.0,497.0,532.0,589.0,642.0,643.0,684.0,695.0,710.0,747.0,751.0,755.0,841.0,846.0,850.0,853.0,874.0,874.0,899.0,902.0,937.0,943.0,970.0,
7.0,18.0,26.0,162.0,213.0,224.0,255.0,298.0,325.0,331.0,347.0,364.0,374.0,375.0,409.0,431.0,433.0,435.0,718.0,735.0,771.0,786.0,803.0,806.0,905.0,915.0,915.0,931.0,939.0,941.0,943.0,
17.0,27.0,59.0,81.0,117.0,128.0,148.0,156.0,192.0,211.0,212.0,269.0,283.0,325.0,364.0,387.0,395.0,409.0,417.0,426.0,433.0,433.0,445.0,958.0,
61.0,96.0,118.0,151.0,209.0,269.0,282.0,305.0,314.0,335.0,337.0,358.0,382.0,391.0,452.0,
4.0,22.0,43.0,46.0,67.0,90.0,92.0,188.0,197.0,231.0,296.0,303.0,324.0,402.0,434.0,461.0,472.0,491.0,
6.0,70.0,73.0,76.0,76.0,100.0,102.0,102.0,122.0,196.0,238.0,313.0,326.0,357.0,386.0,402.0,424.0,431.0,439.0,451.0,453.0,681.0,745.0,760.0,812.0,895.0,898.0,921.0,932.0,940.0,
72.0,94.0,166.0,235.0,281.0,303.0,307.0,351.0,356.0,391.0,409.0,409.0,451.0,513.0,570.0,624.0,657.0,671.0,714.0,753.0,772.0,804.0,805.0,819.0,819.0,844.0,854.0,858.0,859.0,905.0,941.0,986.0,988.0,
21.0,58.0,67.0,80.0,95.0,108.0,119.0,141.0,173.0,241.0,325.0,347.0,432.0,447.0,475.0,536.0,536.0,545.0,633.0,651.0,679.0,702.0,799.0,805.0,847.0,880.0,937.0,954.0,960.0,966.0,969.0,
13.0,54.0,57.0,67.0,141.0,150.0,178.0,193.0,209.0,243.0,247.0,291.0,291.0,297.0,317.0,385.0,406.0,419.0,434.0,460.0,497.0,502.0,519.0,606.0,609.0,662.0,667.0,667.0,728.0,736.0,758.0,764.0,778.0,785.0,787.0,833.0,854.0,858.0,865.0,879.0,
28.0,46.0,113.0,123.0,130.0,152.0,170.0,172.0,197.0,204.0,209.0,212.0,243.0,254.0,282.0,316.0,317.0,328.0,337.0,384.0,388.0,422.0,430.0,440.0,460.0,499.0,585.0,598.0,662.0,668.0,690.0,706.0,713.0,726.0,729.0,740.0,745.0,805.0,839.0,840.0,868.0,916.0,921.0,928.0,935.0,951.0,956.0,971.0,988.0,
25.0,36.0,54.0,71.0,87.0,102.0,141.0,202.0,228.0,254.0,292.0,306.0,341.0,343.0,364.0,412.0,421.0,440.0,473.0,487.0,504.0,511.0,532.0,584.0,715.0,829.0,834.0,858.0,860.0,867.0,878.0,895.0,908.0,908.0,930.0,963.0,977.0,
12.0,45.0,65.0,191.0,229.0,345.0,368.0,373.0,376.0,443.0,462.0,476.0,482.0,516.0,632.0,655.0,665.0,724.0,737.0,756.0,762.0,774.0,784.0,794.0,817.0,821.0,841.0,849.0,869.0,873.0,903.0,943.0,972.0,
34.0,40.0,47.0,53.0,110.0,118.0,120.0,143.0,147.0,248.0,314.0,347.0,374.0,390.0,425.0,451.0,518.0,571.0,656.0,669.0,693.0,701.0,728.0,738.0,742.0,789.0,813.0,824.0,850.0,914.0,915.0,923.0,942.0,991.0,
27.0,65.0,70.0,87.0,137.0,198.0,232.0,246.0,365.0,365.0,417.0,443.0,446.0,449.0,531.0,570.0,685.0,705.0,711.0,742.0,786.0,820.0,856.0,872.0,880.0,891.0,893.0,906.0,912.0,913.0,932.0,989.0,
54.0,80.0,91.0,104.0,111.0,134.0,161.0,220.0,225.0,279.0,315.0,368.0,376.0,381.0,406.0,409.0,414.0,438.0,444.0,445.0,509.0,568.0,587.0,636.0,654.0,679.0,724.0,746.0,762.0,785.0,800.0,802.0,803.0,834.0,860.0,863.0,866.0,884.0,892.0,901.0,904.0,913.0,928.0,950.0,965.0,982.0,
5.0,15.0,32.0,39.0,53.0,66.0,110.0,127.0,232.0,305.0,372.0,388.0,466.0,474.0,580.0,643.0,645.0,646.0,654.0,656.0,673.0,675.0,725.0,832.0,845.0,854.0,864.0,879.0,951.0,986.0,
13.0,129.0,182.0,191.0,219.0,243.0,342.0,373.0,378.0,386.0,408.0,521.0,544.0,590.0,612.0,621.0,635.0,638.0,651.0,692.0,714.0,724.0,745.0,752.0,785.0,788.0,812.0,828.0,833.0,854.0,862.0,870.0,875.0,877.0,891.0,895.0,898.0,923.0,927.0,937.0,950.0,958.0,967.0,974.0,990.0,
44.0,105.0,132.0,178.0,191.0,238.0,253.0,262.0,289.0,295.0,329.0,375.0,384.0,418.0,421.0,421.0,422.0,444.0,452.0,456.0,459.0,474.0,480.0,522.0,537.0,558.0,560.0,600.0,601.0,602.0,617.0,693.0,718.0,718.0,822.0,850.0,872.0,877.0,921.0,953.0,959.0,963.0,990.0,995.0,
