18.0,85.0,96.0,126.0,156.0,221.0,226.0,264.0,290.0,336.0,372.0,383.0,392.0,400.0,425.0,431.0,463.0,464.0,484.0,517.0,559.0,608.0,629.0,651.0,652.0,749.0,756.0,765.0,779.0,783.0,805.0,817.0,889.0,904.0,906.0,912.0,
8.0,13.0,44.0,48.0,86.0,101.0,124.0,156.0,196.0,204.0,215.0,227.0,262.0,276.0,276.0,343.0,352.0,360.0,369.0,477.0,498.0,529.0,530.0,655.0,675.0,680.0,703.0,705.0,724.0,736.0,763.0,775.0,786.0,822.0,838.0,847.0,849.0,859.0,868.0,945.0,957.0,
4.0,7.0,14.0,26.0,30.0,57.0,84.0,100.0,143.0,175.0,227.0,304.0,313.0,329.0,348.0,385.0,458.0,460.0,555.0,587.0,602.0,603.0,669.0,677.0,731.0,777.0,782.0,788.0,839.0,846.0,860.0,870.0,984.0,989.0,991.0,
18.0,35.0,39.0,43.0,64.0,92.0,127.0,139.0,259.0,268.0,277.0,339.0,376.0,477.0,482.0,525.0,525.0,548.0,552.0,570.0,590.0,626.0,669.0,672.0,732.0,740.0,742.0,786.0,800.0,849.0,861.0,867.0,910.0,918.0,960.0,963.0,
2.0,36.0,45.0,47.0,49.0,70.0,100.0,166.0,197.0,226.0,247.0,250.0,286.0,287.0,374.0,432.0,439.0,471.0,476.0,513.0,580.0,596.0,628.0,651.0,672.0,679.0,680.0,688.0,709.0,742.0,801.0,810.0,830.0,861.0,867.0,892.0,905.0,931.0,946.0,
7.0,20.0,33.0,50.0,56.0,57.0,64.0,111.0,114.0,117.0,129.0,148.0,152.0,156.0,246.0,252.0,282.0,299.0,342.0,381.0,393.0,398.0,427.0,489.0,498.0,515.0,556.0,615.0,617.0,621.0,648.0,704.0,735.0,742.0,786.0,878.0,914.0,923.0,930.0,945.0,950.0,970.0,972.0,
7.0,148.0,152.0,160.0,180.0,198.0,340.0,384.0,391.0,412.0,425.0,428.0,442.0,442.0,443.0,450.0,471.0,492.0,528.0,549.0,595.0,598.0,607.0,608.0,613.0,614.0,676.0,693.0,736.0,745.0,751.0,782.0,789.0,789.0,799.0,805.0,820.0,835.0,859.0,863.0,883.0,899.0,900.0,902.0,916.0,937.0,952.0,953.0,968.0,999.0,
50.0,69.0,85.0,117.0,185.0,195.0,201.0,228.0,282.0,289.0,315.0,333.0,342.0,344.0,351.0,353.0,362.0,380.0,386.0,401.0,422.0,434.0,474.0,521.0,565.0,612.0,615.0,636.0,639.0,643.0,674.0,675.0,733.0,736.0,798.0,817.0,870.0,910.0,
29.0,77.0,93.0,136.0,141.0,163.0,189.0,229.0,236.0,394.0,408.0,440.0,440.0,467.0,471.0,504.0,512.0,557.0,559.0,612.0,619.0,638.0,645.0,662.0,676.0,722.0,725.0,728.0,735.0,759.0,785.0,920.0,928.0,997.0,1000.0,
42.0,122.0,131.0,212.0,233.0,234.0,248.0,283.0,304.0,327.0,353.0,395.0,437.0,523.0,543.0,545.0,579.0,630.0,681.0,710.0,721.0,732.0,748.0,779.0,791.0,794.0,834.0,886.0,911.0,929.0,971.0,997.0,
43.0,64.0,66.0,81.0,110.0,154.0,158.0,165.0,192.0,204.0,244.0,257.0,282.0,293.0,321.0,336.0,344.0,376.0,385.0,410.0,457.0,467.0,468.0,472.0,481.0,489.0,532.0,564.0,567.0,580.0,599.0,600.0,612.0,623.0,725.0,725.0,738.0,785.0,791.0,796.0,898.0,931.0,944.0,963.0,993.0,
75.0,198.0,219.0,231.0,241.0,244.0,282.0,285.0,291.0,314.0,322.0,380.0,391.0,434.0,467.0,533.0,570.0,593.0,598.0,688.0,724.0,732.0,751.0,754.0,778.0,824.0,825.0,827.0,829.0,860.0,864.0,883.0,892.0,937.0,945.0,971.0,989.0,
41.0,57.0,58.0,90.0,111.0,111.0,127.0,129.0,154.0,164.0,165.0,190.0,268.0,306.0,331.0,331.0,344.0,345.0,347.0,359.0,372.0,415.0,415.0,462.0,486.0,561.0,625.0,650.0,667.0,670.0,699.0,702.0,722.0,727.0,730.0,733.0,789.0,869.0,938.0,993.0,
116.0,144.0,145.0,154.0,188.0,219.0,221.0,257.0,281.0,313.0,354.0,381.0,385.0,424.0,475.0,480.0,499.0,520.0,614.0,644.0,681.0,684.0,699.0,710.0,735.0,757.0,793.0,800.0,831.0,848.0,854.0,923.0,969.0,
32.0,36.0,50.0,94.0,112.0,165.0,190.0,211.0,258.0,261.0,267.0,301.0,326.0,408.0,480.0,508.0,517.0,566.0,625.0,625.0,647.0,653.0,670.0,681.0,694.0,713.0,722.0,749.0,805.0,828.0,831.0,838.0,850.0,872.0,876.0,883.0,890.0,891.0,897.0,913.0,924.0,942.0,950.0,964.0,988.0,
26.0,40.0,88.0,96.0,140.0,141.0,147.0,160.0,168.0,180.0,209.0,272.0,365.0,381.0,389.0,459.0,472.0,516.0,525.0,581.0,602.0,633.0,637.0,646.0,659.0,675.0,683.0,725.0,741.0,756.0,757.0,803.0,851.0,888.0,893.0,909.0,913.0,961.0,
8.0,8.0,8.0,36.0,48.0,67.0,97.0,105.0,163.0,164.0,165.0,216.0,251.0,259.0,261.0,276.0,284.0,293.0,454.0,479.0,497.0,511.0,552.0,578.0,579.0,587.0,656.0,709.0,710.0,718.0,728.0,757.0,762.0,765.0,778.0,787.0,801.0,876.0,877.0,881.0,882.0,890.0,896.0,903.0,913.0,928.0,941.0,947.0,964.0,967.0,982.0,984.0,992.0,
34.0,43.0,82.0,140.0,162.0,172.0,214.0,242.0,245.0,250.0,283.0,304.0,333.0,338.0,364.0,387.0,394.0,400.0,441.0,447.0,453.0,553.0,573.0,578.0,587.0,590.0,627.0,628.0,642.0,643.0,660.0,665.0,715.0,717.0,719.0,735.0,773.0,778.0,791.0,801.0,837.0,852.0,860.0,918.0,982.0,1000.0,
21.0,21.0,50.0,52.0,55.0,60.0,72.0,142.0,164.0,183.0,188.0,222.0,362.0,390.0,425.0,452.0,460.0,492.0,506.0,507.0,559.0,567.0,640.0,670.0,704.0,707.0,766.0,768.0,800.0,805.0,831.0,853.0,929.0,992.0,996.0,999.0,
13.0,20.0,25.0,43.0,155.0,162.0,167.0,195.0,220.0,221.0,224.0,270.0,304.0,431.0,446.0,471.0,490.0,514.0,520.0,520.0,534.0,580.0,581.0,622.0,633.0,665.0,718.0,779.0,785.0,872.0,883.0,918.0,935.0,954.0,972.0,988.0,997.0,
29.0,30.0,37.0,54.0,81.0,86.0,101.0,110.0,134.0,174.0,182.0,213.0,221.0,229.0,244.0,245.0,284.0,340.0,521.0,561.0,577.0,589.0,643.0,662.0,669.0,675.0,699.0,709.0,709.0,745.0,748.0,754.0,779.0,797.0,836.0,881.0,890.0,906.0,907.0,926.0,969.0,
33.0,97.0,123.0,151.0,157.0,196.0,249.0,254.0,264.0,285.0,294.0,340.0,414.0,419.0,421.0,430.0,472.0,495.0,505.0,526.0,539.0,551.0,569.0,574.0,602.0,636.0,662.0,675.0,722.0,792.0,793.0,800.0,808.0,817.0,824.0,827.0,846.0,875.0,894.0,923.0,978.0,
77.0,94.0,103.0,151.0,151.0,177.0,188.0,202.0,226.0,248.0,317.0,363.0,408.0,506.0,576.0,619.0,626.0,647.0,669.0,704.0,718.0,719.0,726.0,812.0,813.0,855.0,889.0,933.0,976.0,981.0,994.0,
14.0,16.0,29.0,163.0,163.0,176.0,184.0,270.0,283.0,289.0,353.0,362.0,368.0,375.0,382.0,425.0,432.0,436.0,447.0,468.0,478.0,723.0,772.0,788.0,818.0,859.0,907.0,908.0,940.0,980.0,996.0,
17.0,24.0,53.0,73.0,77.0,81.0,164.0,165.0,298.0,303.0,322.0,325.0,355.0,374.0,442.0,505.0,966.0,985.0,
14.0,70.0,83.0,107.0,224.0,228.0,239.0,313.0,319.0,446.0,456.0,466.0,470.0,496.0,
12.0,51.0,117.0,125.0,132.0,151.0,171.0,189.0,190.0,194.0,232.0,236.0,290.0,458.0,464.0,492.0,510.0,
23.0,53.0,84.0,167.0,195.0,285.0,338.0,367.0,373.0,377.0,386.0,450.0,473.0,479.0,484.0,502.0,506.0,661.0,732.0,739.0,796.0,811.0,826.0,851.0,889.0,899.0,962.0,972.0,980.0,
20.0,55.0,58.0,148.0,166.0,232.0,232.0,265.0,285.0,324.0,347.0,357.0,381.0,412.0,426.0,461.0,469.0,475.0,479.0,507.0,512.0,553.0,575.0,579.0,596.0,599.0,613.0,638.0,657.0,678.0,694.0,705.0,711.0,732.0,738.0,767.0,775.0,779.0,843.0,894.0,917.0,976.0,991.0,992.0,999.0,
19.0,41.0,56.0,86.0,104.0,107.0,108.0,112.0,148.0,175.0,198.0,280.0,291.0,335.0,337.0,341.0,352.0,365.0,388.0,398.0,445.0,492.0,492.0,508.0,515.0,523.0,550.0,584.0,612.0,637.0,661.0,691.0,715.0,721.0,742.0,784.0,818.0,923.0,940.0,
63.0,69.0,90.0,107.0,135.0,135.0,142.0,197.0,247.0,256.0,297.0,316.0,338.0,361.0,386.0,393.0,424.0,490.0,589.0,610.0,664.0,670.0,694.0,709.0,717.0,753.0,824.0,824.0,845.0,885.0,914.0,934.0,
30.0,31.0,47.0,75.0,83.0,85.0,120.0,162.0,166.0,190.0,214.0,217.0,271.0,290.0,295.0,343.0,353.0,392.0,396.0,431.0,453.0,462.0,472.0,493.0,514.0,521.0,536.0,571.0,609.0,618.0,650.0,650.0,677.0,684.0,685.0,770.0,773.0,787.0,790.0,835.0,849.0,856.0,863.0,866.0,881.0,972.0,
6.0,9.0,57.0,80.0,160.0,208.0,341.0,359.0,360.0,362.0,376.0,378.0,380.0,388.0,421.0,469.0,482.0,484.0,678.0,688.0,743.0,757.0,769.0,772.0,773.0,779.0,834.0,917.0,939.0,
17.0,19.0,42.0,47.0,82.0,121.0,137.0,139.0,141.0,160.0,187.0,204.0,209.0,230.0,233.0,243.0,264.0,299.0,317.0,344.0,365.0,400.0,456.0,470.0,486.0,500.0,
12.0,93.0,109.0,114.0,124.0,137.0,191.0,239.0,247.0,302.0,324.0,333.0,338.0,341.0,353.0,356.0,371.0,383.0,404.0,412.0,421.0,
32.0,54.0,56.0,63.0,88.0,122.0,202.0,450.0,494.0,900.0,
105.0,121.0,219.0,222.0,315.0,364.0,370.0,397.0,432.0,457.0,477.0,503.0,509.0,
8.0,11.0,35.0,36.0,52.0,102.0,102.0,153.0,159.0,168.0,180.0,197.0,236.0,257.0,266.0,272.0,299.0,324.0,367.0,408.0,419.0,466.0,478.0,509.0,
13.0,64.0,97.0,128.0,145.0,203.0,214.0,230.0,269.0,294.0,318.0,320.0,376.0,388.0,412.0,470.0,496.0,643.0,721.0,753.0,762.0,774.0,800.0,886.0,889.0,934.0,942.0,
13.0,41.0,51.0,59.0,79.0,129.0,142.0,174.0,186.0,210.0,242.0,248.0,251.0,294.0,301.0,345.0,383.0,395.0,407.0,435.0,463.0,471.0,484.0,506.0,522.0,528.0,528.0,561.0,562.0,611.0,656.0,668.0,741.0,775.0,791.0,820.0,827.0,869.0,879.0,890.0,923.0,944.0,976.0,980.0,986.0,990.0,
5.0,14.0,31.0,43.0,51.0,61.0,74.0,74.0,116.0,138.0,163.0,187.0,190.0,196.0,238.0,257.0,266.0,291.0,316.0,399.0,410.0,447.0,460.0,491.0,536.0,564.0,651.0,668.0,690.0,704.0,715.0,767.0,846.0,854.0,888.0,899.0,933.0,
65.0,69.0,82.0,116.0,132.0,234.0,249.0,275.0,279.0,287.0,301.0,317.0,328.0,367.0,371.0,391.0,398.0,402.0,408.0,428.0,469.0,503.0,553.0,609.0,625.0,653.0,655.0,657.0,667.0,670.0,701.0,754.0,764.0,774.0,840.0,858.0,864.0,866.0,867.0,892.0,921.0,924.0,926.0,950.0,971.0,985.0,
25.0,49.0,96.0,99.0,114.0,115.0,153.0,200.0,208.0,235.0,253.0,298.0,332.0,337.0,341.0,363.0,370.0,399.0,469.0,480.0,
31.0,35.0,95.0,101.0,162.0,163.0,172.0,201.0,236.0,256.0,287.0,321.0,327.0,360.0,407.0,461.0,501.0,960.0,
45.0,74.0,76.0,87.0,102.0,144.0,203.0,243.0,249.0,272.0,274.0,294.0,336.0,369.0,413.0,480.0,770.0,779.0,822.0,952.0,
76.0,98.0,115.0,118.0,153.0,155.0,193.0,241.0,263.0,263.0,264.0,290.0,301.0,331.0,345.0,361.0,376.0,438.0,440.0,442.0,449.0,450.0,458.0,467.0,470.0,765.0,842.0,965.0,
9.0,34.0,43.0,68.0,74.0,79.0,91.0,108.0,129.0,140.0,215.0,222.0,231.0,237.0,251.0,280.0,305.0,318.0,328.0,331.0,387.0,452.0,467.0,818.0,
38.0,52.0,130.0,138.0,193.0,204.0,207.0,239.0,243.0,374.0,382.0,404.0,411.0,429.0,
26.0,27.0,45.0,71.0,117.0,208.0,280.0,293.0,318.0,320.0,329.0,391.0,396.0,429.0,
13.0,20.0,24.0,70.0,77.0,101.0,105.0,163.0,171.0,176.0,189.0,196.0,221.0,258.0,272.0,292.0,328.0,340.0,363.0,365.0,389.0,395.0,396.0,416.0,508.0,529.0,613.0,711.0,733.0,736.0,772.0,812.0,848.0,879.0,881.0,912.0,921.0,933.0,939.0,963.0,985.0,
34.0,36.0,63.0,109.0,128.0,161.0,179.0,200.0,215.0,234.0,243.0,315.0,333.0,347.0,362.0,367.0,424.0,432.0,493.0,495.0,504.0,524.0,566.0,589.0,594.0,608.0,614.0,614.0,615.0,629.0,711.0,739.0,751.0,802.0,846.0,863.0,891.0,892.0,
6.0,13.0,131.0,174.0,179.0,196.0,220.0,340.0,402.0,455.0,478.0,523.0,600.0,645.0,656.0,696.0,739.0,761.0,779.0,785.0,795.0,855.0,912.0,924.0,926.0,938.0,946.0,974.0,977.0,996.0,996.0,
39.0,45.0,52.0,68.0,85.0,126.0,144.0,235.0,250.0,261.0,276.0,284.0,302.0,423.0,453.0,454.0,463.0,479.0,
16.0,18.0,78.0,81.0,92.0,99.0,108.0,138.0,150.0,152.0,174.0,186.0,190.0,229.0,261.0,297.0,299.0,408.0,411.0,440.0,459.0,954.0,
14.0,14.0,45.0,65.0,75.0,129.0,131.0,141.0,143.0,183.0,195.0,224.0,225.0,228.0,283.0,397.0,417.0,466.0,718.0,720.0,732.0,911.0,949.0,
56.0,57.0,98.0,165.0,191.0,216.0,254.0,277.0,278.0,324.0,364.0,396.0,486.0,802.0,951.0,965.0,
10.0,12.0,21.0,64.0,124.0,149.0,156.0,188.0,234.0,247.0,271.0,278.0,293.0,314.0,347.0,382.0,401.0,408.0,790.0,806.0,989.0,1000.0,
25.0,27.0,52.0,103.0,131.0,138.0,149.0,190.0,191.0,274.0,353.0,356.0,373.0,389.0,437.0,449.0,466.0,820.0,993.0,
32.0,70.0,112.0,147.0,149.0,164.0,164.0,176.0,217.0,223.0,259.0,260.0,271.0,304.0,307.0,357.0,361.0,389.0,411.0,434.0,437.0,442.0,468.0,
4.0,16.0,96.0,104.0,109.0,196.0,316.0,328.0,354.0,355.0,405.0,406.0,418.0,419.0,447.0,512.0,554.0,565.0,676.0,677.0,714.0,744.0,753.0,767.0,777.0,798.0,806.0,818.0,845.0,868.0,882.0,890.0,898.0,928.0,940.0,946.0,970.0,992.0,
8.0,17.0,65.0,76.0,112.0,172.0,180.0,238.0,249.0,250.0,325.0,330.0,402.0,403.0,432.0,477.0,478.0,489.0,499.0,509.0,624.0,631.0,665.0,699.0,753.0,862.0,909.0,967.0,986.0,
3.0,66.0,134.0,163.0,194.0,210.0,247.0,286.0,287.0,300.0,309.0,317.0,328.0,333.0,394.0,477.0,516.0,551.0,563.0,565.0,565.0,601.0,611.0,617.0,630.0,634.0,642.0,651.0,684.0,691.0,735.0,764.0,823.0,833.0,838.0,839.0,842.0,901.0,911.0,912.0,919.0,939.0,979.0,982.0,984.0,996.0,
4.0,37.0,102.0,108.0,109.0,194.0,214.0,259.0,287.0,289.0,293.0,294.0,327.0,341.0,354.0,398.0,415.0,419.0,432.0,471.0,498.0,
30.0,37.0,86.0,103.0,115.0,131.0,167.0,186.0,265.0,302.0,304.0,305.0,318.0,318.0,335.0,348.0,352.0,358.0,364.0,371.0,382.0,409.0,410.0,489.0,499.0,502.0,
17.0,36.0,39.0,58.0,60.0,87.0,104.0,107.0,158.0,163.0,169.0,200.0,210.0,222.0,237.0,290.0,298.0,302.0,308.0,357.0,420.0,451.0,473.0,478.0,752.0,764.0,857.0,953.0,974.0,
14.0,120.0,166.0,178.0,193.0,217.0,239.0,275.0,282.0,318.0,345.0,356.0,358.0,378.0,399.0,401.0,408.0,469.0,471.0,474.0,509.0,784.0,981.0,
61.0,97.0,125.0,131.0,169.0,215.0,219.0,233.0,249.0,354.0,369.0,414.0,435.0,493.0,
16.0,20.0,36.0,38.0,59.0,59.0,71.0,71.0,177.0,265.0,337.0,375.0,393.0,442.0,479.0,490.0,493.0,975.0,
7.0,86.0,91.0,97.0,98.0,151.0,172.0,182.0,188.0,201.0,328.0,348.0,366.0,366.0,374.0,376.0,386.0,466.0,473.0,
8.0,27.0,102.0,106.0,110.0,151.0,158.0,162.0,176.0,180.0,232.0,253.0,259.0,276.0,317.0,337.0,369.0,457.0,508.0,528.0,552.0,556.0,571.0,689.0,696.0,704.0,726.0,732.0,740.0,743.0,747.0,756.0,797.0,804.0,825.0,842.0,845.0,873.0,967.0,982.0,988.0,
50.0,71.0,89.0,132.0,213.0,221.0,227.0,234.0,254.0,281.0,391.0,461.0,486.0,521.0,528.0,548.0,571.0,587.0,625.0,640.0,725.0,741.0,761.0,782.0,808.0,843.0,853.0,857.0,871.0,876.0,896.0,932.0,987.0,996.0,
7.0,25.0,32.0,37.0,58.0,62.0,116.0,145.0,181.0,234.0,252.0,308.0,318.0,326.0,373.0,377.0,407.0,443.0,456.0,581.0,583.0,588.0,598.0,600.0,645.0,649.0,677.0,698.0,716.0,740.0,761.0,782.0,785.0,867.0,890.0,890.0,900.0,937.0,
32.0,86.0,92.0,164.0,213.0,222.0,266.0,289.0,320.0,331.0,334.0,343.0,344.0,366.0,391.0,394.0,457.0,466.0,496.0,516.0,706.0,733.0,808.0,817.0,854.0,866.0,892.0,921.0,923.0,953.0,
30.0,40.0,69.0,97.0,157.0,162.0,206.0,228.0,239.0,249.0,290.0,415.0,425.0,432.0,446.0,472.0,484.0,505.0,
47.0,85.0,125.0,131.0,173.0,304.0,320.0,362.0,368.0,394.0,401.0,419.0,443.0,784.0,906.0,950.0,
56.0,79.0,80.0,99.0,114.0,118.0,136.0,147.0,173.0,189.0,237.0,293.0,293.0,341.0,441.0,807.0,858.0,975.0,
30.0,36.0,80.0,81.0,236.0,247.0,250.0,264.0,275.0,281.0,311.0,324.0,358.0,360.0,363.0,380.0,414.0,422.0,424.0,474.0,485.0,953.0,
13.0,15.0,36.0,38.0,47.0,65.0,125.0,150.0,182.0,198.0,201.0,207.0,226.0,227.0,230.0,237.0,242.0,296.0,336.0,396.0,
27.0,36.0,80.0,91.0,151.0,164.0,184.0,192.0,223.0,377.0,419.0,430.0,433.0,456.0,462.0,480.0,500.0,504.0,639.0,761.0,832.0,840.0,917.0,920.0,934.0,940.0,956.0,975.0,
18.0,36.0,77.0,111.0,117.0,122.0,134.0,147.0,149.0,157.0,201.0,209.0,215.0,267.0,280.0,366.0,434.0,435.0,512.0,564.0,597.0,625.0,639.0,651.0,657.0,705.0,723.0,725.0,737.0,761.0,790.0,813.0,826.0,834.0,840.0,857.0,871.0,899.0,934.0,946.0,970.0,983.0,
26.0,35.0,39.0,111.0,132.0,134.0,190.0,190.0,258.0,264.0,267.0,285.0,290.0,312.0,320.0,328.0,395.0,414.0,416.0,421.0,428.0,442.0,459.0,573.0,623.0,637.0,642.0,644.0,646.0,704.0,757.0,843.0,920.0,932.0,942.0,957.0,977.0,999.0,
14.0,79.0,108.0,137.0,161.0,162.0,166.0,174.0,178.0,189.0,228.0,235.0,296.0,564.0,566.0,589.0,596.0,601.0,616.0,629.0,648.0,653.0,666.0,680.0,698.0,698.0,706.0,750.0,772.0,831.0,857.0,867.0,873.0,878.0,890.0,941.0,947.0,958.0,961.0,975.0,
13.0,39.0,54.0,194.0,218.0,233.0,258.0,266.0,284.0,308.0,355.0,377.0,476.0,540.0,575.0,632.0,639.0,651.0,654.0,691.0,693.0,735.0,747.0,750.0,751.0,764.0,786.0,805.0,831.0,963.0,
14.0,20.0,49.0,95.0,105.0,134.0,139.0,142.0,206.0,220.0,290.0,290.0,347.0,372.0,387.0,402.0,418.0,443.0,478.0,629.0,748.0,757.0,757.0,771.0,809.0,866.0,870.0,933.0,952.0,
50.0,67.0,70.0,132.0,158.0,167.0,301.0,309.0,361.0,383.0,388.0,392.0,395.0,453.0,455.0,463.0,
5.0,18.0,44.0,52.0,83.0,113.0,135.0,207.0,213.0,259.0,260.0,269.0,285.0,331.0,343.0,373.0,420.0,438.0,466.0,469.0,
81.0,82.0,143.0,144.0,262.0,362.0,393.0,422.0,429.0,483.0,
42.0,96.0,169.0,177.0,218.0,252.0,255.0,313.0,323.0,365.0,367.0,372.0,390.0,406.0,472.0,486.0,488.0,713.0,715.0,760.0,773.0,915.0,944.0,949.0,953.0,
60.0,194.0,218.0,290.0,306.0,317.0,359.0,370.0,372.0,379.0,388.0,397.0,403.0,423.0,442.0,548.0,551.0,585.0,610.0,610.0,628.0,633.0,646.0,666.0,682.0,690.0,693.0,705.0,722.0,729.0,738.0,739.0,752.0,768.0,780.0,786.0,787.0,787.0,790.0,792.0,794.0,805.0,858.0,963.0,972.0,
57.0,79.0,191.0,192.0,247.0,263.0,332.0,361.0,378.0,413.0,424.0,435.0,471.0,476.0,555.0,596.0,608.0,622.0,644.0,666.0,667.0,669.0,704.0,706.0,723.0,768.0,776.0,793.0,799.0,811.0,835.0,839.0,871.0,925.0,928.0,934.0,939.0,971.0,997.0,
13.0,30.0,52.0,117.0,250.0,293.0,305.0,324.0,354.0,366.0,372.0,412.0,439.0,458.0,513.0,580.0,588.0,592.0,633.0,651.0,658.0,671.0,679.0,691.0,723.0,728.0,732.0,747.0,758.0,762.0,785.0,790.0,791.0,803.0,824.0,834.0,842.0,892.0,956.0,972.0,980.0,
86.0,140.0,158.0,163.0,237.0,322.0,375.0,378.0,406.0,407.0,409.0,432.0,435.0,452.0,453.0,496.0,499.0,515.0,536.0,581.0,609.0,650.0,651.0,747.0,775.0,778.0,779.0,786.0,813.0,873.0,877.0,924.0,967.0,991.0,
2.0,36.0,38.0,153.0,173.0,184.0,193.0,198.0,199.0,236.0,287.0,315.0,329.0,338.0,414.0,422.0,429.0,448.0,510.0,591.0,594.0,632.0,636.0,638.0,684.0,728.0,730.0,774.0,779.0,851.0,866.0,899.0,928.0,944.0,
2.0,19.0,31.0,69.0,119.0,133.0,145.0,151.0,183.0,196.0,227.0,231.0,269.0,290.0,307.0,350.0,387.0,401.0,519.0,572.0,577.0,593.0,603.0,609.0,626.0,682.0,731.0,760.0,778.0,786.0,794.0,797.0,802.0,802.0,838.0,841.0,841.0,887.0,889.0,922.0,929.0,960.0,967.0,968.0,
27.0,31.0,36.0,45.0,68.0,98.0,141.0,161.0,209.0,244.0,256.0,260.0,296.0,324.0,355.0,364.0,387.0,425.0,427.0,427.0,445.0,487.0,487.0,495.0,505.0,558.0,585.0,625.0,630.0,649.0,679.0,680.0,681.0,713.0,724.0,727.0,737.0,743.0,754.0,766.0,780.0,796.0,808.0,814.0,816.0,817.0,830.0,845.0,845.0,868.0,913.0,929.0,950.0,969.0,970.0,
2.0,20.0,61.0,104.0,113.0,158.0,172.0,186.0,201.0,222.0,223.0,276.0,286.0,289.0,289.0,296.0,363.0,379.0,395.0,396.0,409.0,415.0,448.0,494.0,517.0,614.0,630.0,657.0,676.0,721.0,731.0,733.0,738.0,804.0,813.0,819.0,871.0,897.0,980.0,986.0,991.0,
32.0,45.0,78.0,182.0,204.0,205.0,237.0,283.0,321.0,368.0,413.0,483.0,498.0,501.0,582.0,597.0,714.0,728.0,745.0,767.0,797.0,800.0,807.0,818.0,837.0,931.0,949.0,968.0,968.0,
2.0,36.0,40.0,91.0,95.0,136.0,150.0,175.0,180.0,198.0,224.0,252.0,269.0,296.0,314.0,334.0,350.0,363.0,372.0,438.0,445.0,551.0,554.0,565.0,567.0,582.0,626.0,657.0,675.0,675.0,729.0,757.0,821.0,822.0,840.0,866.0,869.0,872.0,905.0,910.0,917.0,939.0,972.0,977.0,979.0,980.0,
2.0,12.0,55.0,165.0,242.0,249.0,249.0,254.0,254.0,278.0,290.0,330.0,410.0,476.0,480.0,543.0,550.0,576.0,642.0,651.0,681.0,736.0,740.0,804.0,810.0,824.0,866.0,878.0,879.0,883.0,888.0,940.0,951.0,954.0,978.0,
20.0,24.0,44.0,82.0,119.0,147.0,148.0,184.0,218.0,248.0,265.0,300.0,338.0,359.0,380.0,381.0,419.0,471.0,508.0,526.0,556.0,559.0,565.0,578.0,594.0,651.0,658.0,675.0,733.0,764.0,807.0,842.0,853.0,876.0,896.0,903.0,915.0,924.0,930.0,990.0,
