18.0,31.0,33.0,33.0,36.0,37.0,38.0,44.0,76.0,100.0,107.0,109.0,136.0,172.0,197.0,248.0,343.0,394.0,465.0,478.0,483.0,498.0,500.0,533.0,557.0,576.0,618.0,684.0,692.0,785.0,840.0,868.0,872.0,892.0,925.0,930.0,960.0,975.0,992.0,993.0,995.0,
36.0,51.0,54.0,105.0,111.0,138.0,194.0,220.0,248.0,285.0,329.0,332.0,333.0,343.0,349.0,402.0,427.0,451.0,490.0,510.0,512.0,531.0,557.0,560.0,583.0,587.0,595.0,600.0,629.0,639.0,666.0,677.0,737.0,746.0,783.0,821.0,849.0,852.0,870.0,884.0,904.0,929.0,951.0,957.0,
7.0,45.0,79.0,91.0,237.0,238.0,330.0,348.0,353.0,358.0,373.0,374.0,506.0,566.0,585.0,597.0,608.0,643.0,646.0,681.0,700.0,747.0,764.0,772.0,851.0,881.0,913.0,914.0,
46.0,70.0,127.0,135.0,142.0,167.0,181.0,228.0,234.0,243.0,245.0,253.0,271.0,297.0,369.0,389.0,395.0,429.0,441.0,444.0,492.0,597.0,648.0,679.0,786.0,801.0,840.0,895.0,926.0,928.0,
6.0,16.0,23.0,58.0,83.0,85.0,86.0,120.0,127.0,134.0,138.0,209.0,211.0,251.0,264.0,274.0,331.0,332.0,337.0,431.0,437.0,457.0,469.0,494.0,495.0,498.0,510.0,516.0,536.0,576.0,584.0,632.0,636.0,641.0,643.0,666.0,668.0,693.0,694.0,698.0,702.0,704.0,781.0,793.0,823.0,827.0,834.0,837.0,867.0,917.0,927.0,929.0,963.0,980.0,
2.0,14.0,34.0,72.0,91.0,151.0,193.0,220.0,227.0,234.0,331.0,332.0,341.0,374.0,375.0,468.0,513.0,569.0,624.0,637.0,655.0,663.0,670.0,679.0,714.0,746.0,774.0,781.0,791.0,804.0,807.0,813.0,817.0,844.0,860.0,860.0,866.0,873.0,885.0,893.0,896.0,913.0,945.0,992.0,995.0,996.0,
29.0,41.0,67.0,77.0,84.0,101.0,118.0,122.0,127.0,165.0,168.0,181.0,191.0,194.0,201.0,204.0,217.0,221.0,233.0,235.0,246.0,327.0,361.0,370.0,373.0,383.0,408.0,424.0,454.0,481.0,502.0,504.0,523.0,557.0,580.0,586.0,599.0,605.0,607.0,625.0,639.0,641.0,689.0,709.0,712.0,734.0,740.0,747.0,801.0,902.0,911.0,929.0,941.0,963.0,970.0,
21.0,44.0,67.0,118.0,129.0,140.0,171.0,236.0,238.0,284.0,293.0,312.0,325.0,336.0,514.0,515.0,516.0,541.0,557.0,567.0,570.0,605.0,614.0,644.0,661.0,699.0,731.0,741.0,745.0,846.0,908.0,912.0,913.0,994.0,995.0,
4.0,8.0,9.0,13.0,19.0,100.0,110.0,122.0,252.0,289.0,298.0,329.0,341.0,368.0,394.0,398.0,451.0,536.0,554.0,555.0,587.0,608.0,620.0,705.0,727.0,734.0,738.0,749.0,769.0,770.0,792.0,795.0,799.0,842.0,882.0,888.0,967.0,996.0,
9.0,32.0,60.0,92.0,115.0,132.0,171.0,174.0,185.0,268.0,281.0,286.0,344.0,351.0,371.0,378.0,382.0,397.0,447.0,449.0,450.0,477.0,484.0,543.0,607.0,611.0,623.0,640.0,661.0,692.0,710.0,743.0,779.0,804.0,824.0,843.0,852.0,865.0,900.0,927.0,930.0,941.0,954.0,977.0,
10.0,114.0,127.0,150.0,155.0,157.0,166.0,173.0,178.0,187.0,189.0,232.0,249.0,305.0,324.0,344.0,371.0,439.0,531.0,565.0,657.0,676.0,702.0,712.0,759.0,784.0,790.0,812.0,863.0,872.0,880.0,
28.0,47.0,73.0,81.0,104.0,118.0,159.0,182.0,207.0,224.0,249.0,262.0,266.0,267.0,268.0,282.0,301.0,312.0,349.0,360.0,429.0,444.0,455.0,456.0,494.0,509.0,537.0,547.0,560.0,590.0,620.0,642.0,657.0,660.0,671.0,701.0,703.0,703.0,726.0,734.0,771.0,781.0,784.0,830.0,850.0,888.0,889.0,892.0,910.0,939.0,999.0,
29.0,42.0,57.0,97.0,137.0,144.0,146.0,147.0,237.0,261.0,264.0,326.0,342.0,393.0,438.0,450.0,451.0,456.0,461.0,476.0,477.0,614.0,625.0,650.0,754.0,777.0,808.0,854.0,899.0,924.0,
91.0,95.0,106.0,110.0,128.0,130.0,145.0,174.0,179.0,221.0,271.0,279.0,298.0,328.0,329.0,397.0,427.0,460.0,533.0,563.0,568.0,591.0,605.0,636.0,640.0,716.0,721.0,788.0,801.0,820.0,825.0,872.0,884.0,884.0,932.0,957.0,1000.0,
10.0,14.0,30.0,42.0,81.0,130.0,153.0,193.0,220.0,246.0,279.0,321.0,323.0,346.0,372.0,372.0,436.0,455.0,522.0,541.0,585.0,678.0,688.0,709.0,725.0,747.0,821.0,873.0,894.0,934.0,936.0,976.0,
19.0,23.0,37.0,50.0,101.0,157.0,177.0,185.0,194.0,207.0,216.0,252.0,289.0,290.0,320.0,339.0,382.0,390.0,440.0,501.0,507.0,534.0,543.0,573.0,628.0,632.0,757.0,775.0,783.0,788.0,838.0,850.0,870.0,871.0,872.0,902.0,955.0,964.0,978.0,978.0,981.0,995.0,
38.0,119.0,127.0,137.0,139.0,156.0,158.0,160.0,208.0,248.0,257.0,265.0,267.0,275.0,276.0,348.0,458.0,460.0,521.0,539.0,574.0,581.0,610.0,635.0,647.0,654.0,740.0,766.0,789.0,795.0,836.0,840.0,883.0,888.0,901.0,960.0,
138.0,173.0,180.0,231.0,250.0,264.0,285.0,331.0,391.0,415.0,462.0,505.0,552.0,574.0,610.0,683.0,772.0,915.0,
19.0,40.0,44.0,46.0,63.0,68.0,106.0,106.0,116.0,136.0,151.0,231.0,245.0,286.0,312.0,330.0,368.0,372.0,383.0,391.0,402.0,403.0,406.0,428.0,452.0,489.0,521.0,526.0,536.0,541.0,541.0,594.0,633.0,654.0,665.0,702.0,760.0,774.0,779.0,781.0,801.0,905.0,963.0,
44.0,54.0,91.0,127.0,127.0,132.0,136.0,174.0,300.0,300.0,317.0,379.0,457.0,460.0,471.0,473.0,476.0,489.0,491.0,512.0,546.0,558.0,633.0,650.0,753.0,801.0,874.0,879.0,888.0,895.0,911.0,924.0,950.0,
21.0,43.0,82.0,83.0,139.0,155.0,215.0,250.0,279.0,298.0,312.0,365.0,372.0,427.0,428.0,444.0,478.0,487.0,528.0,551.0,593.0,598.0,643.0,648.0,697.0,789.0,846.0,847.0,848.0,859.0,866.0,870.0,876.0,914.0,928.0,997.0,
2.0,14.0,25.0,27.0,27.0,45.0,59.0,60.0,106.0,127.0,131.0,174.0,179.0,185.0,191.0,195.0,239.0,342.0,346.0,378.0,400.0,413.0,436.0,505.0,518.0,536.0,553.0,609.0,643.0,673.0,677.0,698.0,786.0,803.0,804.0,804.0,839.0,852.0,863.0,891.0,893.0,946.0,979.0,982.0,993.0,1000.0,
73.0,80.0,84.0,142.0,159.0,166.0,182.0,185.0,237.0,243.0,244.0,252.0,284.0,304.0,361.0,366.0,456.0,498.0,502.0,507.0,521.0,583.0,628.0,630.0,661.0,696.0,717.0,730.0,757.0,784.0,804.0,817.0,861.0,865.0,946.0,952.0,990.0,998.0,
27.0,46.0,50.0,53.0,66.0,70.0,99.0,168.0,192.0,246.0,267.0,355.0,360.0,367.0,399.0,455.0,542.0,567.0,580.0,591.0,605.0,625.0,700.0,739.0,756.0,911.0,947.0,
50.0,78.0,129.0,154.0,156.0,198.0,205.0,252.0,289.0,303.0,312.0,372.0,372.0,378.0,382.0,397.0,411.0,452.0,484.0,524.0,525.0,561.0,579.0,626.0,677.0,718.0,763.0,771.0,774.0,782.0,788.0,792.0,859.0,883.0,883.0,918.0,928.0,962.0,969.0,970.0,984.0,
11.0,11.0,13.0,88.0,110.0,123.0,161.0,181.0,201.0,201.0,239.0,247.0,264.0,317.0,355.0,361.0,396.0,512.0,568.0,570.0,611.0,632.0,636.0,699.0,843.0,993.0,
19.0,53.0,94.0,94.0,105.0,106.0,115.0,190.0,195.0,256.0,265.0,281.0,337.0,392.0,431.0,472.0,573.0,577.0,585.0,621.0,628.0,654.0,718.0,725.0,846.0,864.0,948.0,966.0,
40.0,82.0,82.0,154.0,165.0,167.0,175.0,219.0,269.0,278.0,331.0,428.0,439.0,443.0,458.0,529.0,539.0,588.0,709.0,784.0,838.0,912.0,914.0,927.0,944.0,957.0,
36.0,63.0,83.0,108.0,120.0,175.0,180.0,191.0,194.0,208.0,286.0,310.0,316.0,353.0,355.0,385.0,389.0,389.0,413.0,437.0,441.0,456.0,464.0,476.0,487.0,488.0,535.0,618.0,694.0,725.0,737.0,789.0,811.0,838.0,884.0,910.0,936.0,
7.0,50.0,66.0,79.0,105.0,133.0,134.0,174.0,194.0,233.0,246.0,271.0,306.0,308.0,330.0,337.0,341.0,392.0,416.0,506.0,521.0,552.0,562.0,581.0,674.0,732.0,740.0,754.0,766.0,778.0,790.0,901.0,917.0,928.0,942.0,958.0,960.0,
40.0,52.0,58.0,60.0,86.0,109.0,118.0,215.0,228.0,243.0,265.0,304.0,335.0,376.0,377.0,393.0,407.0,434.0,462.0,484.0,505.0,512.0,524.0,545.0,598.0,612.0,632.0,645.0,725.0,726.0,756.0,761.0,761.0,792.0,807.0,828.0,891.0,929.0,945.0,950.0,
4.0,6.0,14.0,61.0,83.0,92.0,112.0,127.0,131.0,172.0,271.0,301.0,301.0,308.0,333.0,379.0,392.0,417.0,421.0,421.0,433.0,508.0,526.0,540.0,594.0,603.0,611.0,612.0,653.0,687.0,695.0,699.0,747.0,840.0,865.0,898.0,934.0,954.0,963.0,968.0,973.0,996.0,
4.0,17.0,25.0,75.0,115.0,135.0,167.0,244.0,369.0,380.0,387.0,388.0,403.0,432.0,438.0,441.0,476.0,476.0,493.0,503.0,516.0,676.0,715.0,731.0,733.0,754.0,789.0,807.0,835.0,902.0,939.0,944.0,950.0,956.0,
78.0,84.0,88.0,92.0,157.0,249.0,339.0,341.0,350.0,365.0,366.0,371.0,413.0,441.0,473.0,624.0,660.0,671.0,683.0,690.0,701.0,729.0,734.0,770.0,802.0,828.0,855.0,906.0,922.0,928.0,930.0,932.0,937.0,945.0,
12.0,53.0,83.0,89.0,91.0,122.0,176.0,185.0,254.0,350.0,407.0,449.0,490.0,530.0,541.0,545.0,636.0,670.0,692.0,725.0,733.0,742.0,812.0,853.0,865.0,885.0,942.0,972.0,975.0,991.0,
14.0,23.0,73.0,135.0,145.0,211.0,241.0,242.0,244.0,302.0,314.0,324.0,363.0,405.0,472.0,485.0,489.0,506.0,522.0,544.0,556.0,570.0,623.0,638.0,655.0,666.0,668.0,686.0,708.0,713.0,762.0,811.0,854.0,898.0,960.0,990.0,
10.0,15.0,22.0,25.0,84.0,123.0,163.0,191.0,194.0,215.0,230.0,250.0,257.0,259.0,359.0,418.0,423.0,431.0,434.0,469.0,530.0,574.0,644.0,689.0,749.0,772.0,775.0,819.0,832.0,845.0,861.0,961.0,975.0,1000.0,
7.0,15.0,39.0,129.0,189.0,227.0,228.0,233.0,240.0,282.0,283.0,288.0,314.0,367.0,371.0,372.0,374.0,411.0,533.0,601.0,645.0,676.0,678.0,690.0,702.0,714.0,851.0,861.0,872.0,897.0,980.0,981.0,998.0,998.0,
7.0,62.0,67.0,103.0,108.0,125.0,127.0,129.0,141.0,217.0,227.0,231.0,257.0,298.0,378.0,388.0,390.0,396.0,407.0,470.0,471.0,544.0,573.0,574.0,611.0,627.0,652.0,686.0,701.0,701.0,710.0,729.0,761.0,829.0,835.0,838.0,917.0,940.0,
110.0,116.0,139.0,145.0,151.0,202.0,213.0,220.0,226.0,237.0,292.0,328.0,402.0,409.0,411.0,444.0,472.0,496.0,511.0,514.0,519.0,547.0,597.0,622.0,639.0,680.0,685.0,702.0,730.0,766.0,788.0,814.0,818.0,836.0,915.0,922.0,932.0,960.0,998.0,
23.0,77.0,97.0,134.0,144.0,175.0,195.0,240.0,280.0,312.0,333.0,343.0,366.0,388.0,503.0,521.0,561.0,563.0,567.0,596.0,625.0,726.0,734.0,745.0,752.0,799.0,815.0,824.0,867.0,892.0,894.0,906.0,922.0,939.0,998.0,
13.0,21.0,37.0,76.0,84.0,160.0,176.0,239.0,320.0,339.0,342.0,350.0,460.0,488.0,490.0,512.0,546.0,568.0,608.0,610.0,618.0,656.0,663.0,672.0,678.0,691.0,704.0,736.0,739.0,793.0,807.0,842.0,849.0,866.0,871.0,927.0,972.0,991.0,
24.0,37.0,51.0,137.0,227.0,236.0,244.0,290.0,310.0,334.0,407.0,464.0,476.0,519.0,555.0,611.0,640.0,645.0,660.0,699.0,724.0,732.0,735.0,794.0,804.0,823.0,920.0,976.0,
5.0,12.0,35.0,37.0,95.0,103.0,128.0,141.0,160.0,171.0,185.0,232.0,242.0,262.0,267.0,278.0,410.0,446.0,461.0,500.0,503.0,506.0,520.0,529.0,532.0,545.0,563.0,567.0,587.0,622.0,646.0,689.0,692.0,760.0,795.0,801.0,833.0,844.0,846.0,885.0,956.0,971.0,
76.0,90.0,121.0,125.0,130.0,134.0,163.0,182.0,198.0,214.0,243.0,252.0,285.0,400.0,410.0,413.0,420.0,424.0,482.0,492.0,543.0,554.0,562.0,569.0,608.0,626.0,757.0,792.0,886.0,997.0,
11.0,21.0,40.0,44.0,50.0,59.0,94.0,109.0,116.0,147.0,160.0,166.0,203.0,226.0,244.0,256.0,265.0,275.0,310.0,312.0,396.0,429.0,447.0,449.0,459.0,485.0,537.0,550.0,555.0,569.0,573.0,610.0,631.0,640.0,659.0,660.0,664.0,673.0,692.0,704.0,728.0,739.0,751.0,766.0,768.0,803.0,829.0,843.0,853.0,860.0,863.0,882.0,897.0,928.0,933.0,944.0,946.0,984.0,
42.0,77.0,154.0,165.0,170.0,178.0,196.0,211.0,241.0,251.0,275.0,278.0,320.0,331.0,337.0,355.0,359.0,407.0,459.0,466.0,467.0,484.0,510.0,512.0,547.0,550.0,565.0,578.0,786.0,791.0,805.0,814.0,815.0,826.0,923.0,942.0,946.0,949.0,998.0,
10.0,18.0,54.0,57.0,91.0,96.0,127.0,137.0,149.0,158.0,160.0,163.0,168.0,170.0,216.0,223.0,229.0,232.0,258.0,377.0,395.0,408.0,464.0,502.0,535.0,541.0,566.0,653.0,703.0,722.0,734.0,842.0,844.0,846.0,846.0,859.0,
41.0,43.0,60.0,83.0,115.0,137.0,139.0,157.0,212.0,214.0,222.0,236.0,255.0,354.0,372.0,398.0,402.0,405.0,414.0,456.0,458.0,511.0,511.0,557.0,583.0,585.0,589.0,591.0,591.0,688.0,718.0,796.0,805.0,825.0,833.0,835.0,844.0,850.0,926.0,
10.0,30.0,43.0,44.0,53.0,92.0,123.0,144.0,252.0,253.0,254.0,279.0,292.0,305.0,318.0,343.0,373.0,382.0,416.0,503.0,530.0,566.0,574.0,668.0,671.0,729.0,737.0,752.0,788.0,872.0,875.0,886.0,908.0,924.0,938.0,963.0,979.0,
97.0,134.0,151.0,173.0,194.0,245.0,345.0,348.0,368.0,465.0,491.0,579.0,585.0,623.0,702.0,720.0,787.0,822.0,823.0,827.0,895.0,936.0,952.0,959.0,982.0,
61.0,85.0,140.0,141.0,182.0,184.0,186.0,188.0,219.0,237.0,239.0,267.0,286.0,334.0,335.0,347.0,360.0,363.0,425.0,439.0,448.0,521.0,521.0,525.0,534.0,652.0,668.0,700.0,705.0,776.0,800.0,808.0,877.0,893.0,913.0,997.0,
74.0,79.0,83.0,103.0,114.0,125.0,164.0,227.0,267.0,301.0,364.0,387.0,397.0,449.0,567.0,576.0,578.0,592.0,630.0,646.0,702.0,751.0,787.0,789.0,795.0,839.0,842.0,895.0,982.0,
26.0,31.0,191.0,239.0,259.0,260.0,268.0,283.0,338.0,347.0,364.0,425.0,473.0,485.0,521.0,536.0,545.0,614.0,642.0,648.0,734.0,796.0,808.0,818.0,860.0,
30.0,39.0,44.0,75.0,107.0,116.0,147.0,237.0,268.0,313.0,350.0,359.0,378.0,426.0,432.0,439.0,472.0,476.0,500.0,502.0,521.0,522.0,533.0,541.0,545.0,549.0,549.0,562.0,587.0,605.0,606.0,626.0,660.0,664.0,704.0,710.0,735.0,744.0,752.0,850.0,870.0,898.0,899.0,918.0,932.0,961.0,
40.0,41.0,63.0,71.0,88.0,138.0,171.0,225.0,239.0,242.0,374.0,390.0,410.0,445.0,449.0,457.0,492.0,520.0,522.0,534.0,536.0,541.0,545.0,545.0,551.0,570.0,570.0,574.0,580.0,581.0,592.0,609.0,622.0,629.0,646.0,652.0,656.0,660.0,671.0,673.0,682.0,686.0,707.0,709.0,710.0,725.0,729.0,732.0,735.0,735.0,736.0,738.0,741.0,753.0,759.0,771.0,774.0,796.0,798.0,807.0,816.0,829.0,830.0,835.0,848.0,863.0,868.0,880.0,891.0,896.0,896.0,926.0,941.0,948.0,948.0,963.0,986.0,
7.0,14.0,21.0,67.0,73.0,74.0,76.0,83.0,144.0,204.0,225.0,228.0,230.0,244.0,264.0,298.0,318.0,320.0,338.0,471.0,485.0,517.0,518.0,568.0,610.0,618.0,626.0,631.0,658.0,659.0,661.0,667.0,675.0,681.0,690.0,712.0,719.0,748.0,783.0,785.0,835.0,889.0,937.0,942.0,946.0,
17.0,33.0,42.0,62.0,77.0,83.0,91.0,167.0,173.0,202.0,242.0,262.0,308.0,338.0,363.0,458.0,468.0,519.0,543.0,552.0,554.0,560.0,563.0,575.0,616.0,644.0,687.0,734.0,745.0,792.0,802.0,895.0,911.0,955.0,
2.0,88.0,177.0,194.0,202.0,211.0,236.0,246.0,327.0,345.0,438.0,441.0,470.0,516.0,517.0,576.0,616.0,650.0,731.0,787.0,798.0,801.0,809.0,844.0,850.0,864.0,869.0,894.0,939.0,
7.0,17.0,99.0,108.0,124.0,160.0,162.0,188.0,208.0,213.0,250.0,255.0,285.0,302.0,324.0,352.0,406.0,411.0,420.0,438.0,538.0,569.0,623.0,632.0,663.0,668.0,729.0,736.0,775.0,777.0,821.0,846.0,884.0,927.0,987.0,
3.0,7.0,16.0,19.0,23.0,30.0,76.0,87.0,90.0,121.0,170.0,180.0,271.0,324.0,325.0,370.0,377.0,409.0,429.0,444.0,466.0,475.0,541.0,550.0,593.0,650.0,659.0,663.0,664.0,707.0,708.0,713.0,841.0,955.0,988.0,
4.0,15.0,31.0,36.0,42.0,52.0,131.0,143.0,155.0,167.0,306.0,325.0,352.0,361.0,409.0,449.0,465.0,512.0,531.0,536.0,556.0,574.0,599.0,657.0,695.0,704.0,777.0,786.0,796.0,807.0,816.0,889.0,937.0,954.0,978.0,
9.0,21.0,29.0,43.0,65.0,76.0,97.0,100.0,107.0,118.0,134.0,156.0,157.0,193.0,249.0,261.0,282.0,332.0,408.0,537.0,539.0,544.0,557.0,563.0,601.0,603.0,612.0,714.0,770.0,797.0,851.0,854.0,903.0,914.0,934.0,956.0,962.0,962.0,968.0,969.0,985.0,
11.0,34.0,98.0,146.0,170.0,266.0,281.0,302.0,319.0,325.0,350.0,352.0,360.0,366.0,369.0,378.0,380.0,451.0,556.0,587.0,600.0,601.0,627.0,659.0,696.0,704.0,719.0,759.0,863.0,874.0,875.0,892.0,916.0,970.0,982.0,
5.0,43.0,105.0,111.0,124.0,156.0,180.0,186.0,189.0,192.0,244.0,247.0,254.0,321.0,361.0,403.0,412.0,417.0,426.0,432.0,438.0,473.0,567.0,572.0,598.0,609.0,613.0,644.0,676.0,679.0,700.0,745.0,760.0,763.0,802.0,815.0,830.0,880.0,929.0,972.0,991.0,995.0,
47.0,87.0,133.0,138.0,174.0,188.0,203.0,216.0,239.0,249.0,251.0,255.0,264.0,288.0,345.0,408.0,413.0,419.0,438.0,475.0,479.0,527.0,527.0,533.0,535.0,574.0,585.0,618.0,642.0,645.0,658.0,743.0,744.0,748.0,758.0,760.0,769.0,790.0,800.0,824.0,825.0,840.0,846.0,863.0,873.0,885.0,908.0,932.0,955.0,965.0,981.0,
14.0,79.0,108.0,113.0,130.0,135.0,168.0,190.0,192.0,227.0,251.0,258.0,274.0,334.0,359.0,380.0,398.0,495.0,525.0,560.0,571.0,590.0,645.0,651.0,652.0,676.0,702.0,728.0,736.0,783.0,812.0,816.0,854.0,865.0,993.0,
28.0,32.0,34.0,45.0,54.0,111.0,119.0,184.0,211.0,237.0,239.0,240.0,299.0,335.0,407.0,424.0,438.0,509.0,601.0,634.0,634.0,674.0,718.0,722.0,731.0,746.0,748.0,761.0,918.0,929.0,990.0,
12.0,40.0,57.0,76.0,88.0,114.0,135.0,190.0,203.0,206.0,262.0,265.0,299.0,314.0,335.0,337.0,405.0,472.0,505.0,543.0,549.0,565.0,571.0,580.0,592.0,599.0,640.0,651.0,662.0,670.0,707.0,714.0,716.0,763.0,763.0,790.0,802.0,843.0,858.0,898.0,899.0,909.0,
31.0,56.0,60.0,74.0,85.0,89.0,109.0,116.0,129.0,161.0,162.0,172.0,178.0,216.0,226.0,249.0,259.0,282.0,420.0,431.0,440.0,451.0,462.0,470.0,536.0,540.0,588.0,640.0,703.0,720.0,733.0,743.0,750.0,755.0,832.0,846.0,894.0,908.0,
7.0,54.0,77.0,153.0,161.0,196.0,216.0,222.0,236.0,274.0,345.0,394.0,426.0,460.0,501.0,518.0,562.0,582.0,585.0,606.0,623.0,662.0,664.0,669.0,693.0,716.0,735.0,745.0,785.0,786.0,792.0,841.0,879.0,884.0,891.0,903.0,908.0,931.0,932.0,941.0,
2.0,37.0,118.0,121.0,189.0,206.0,213.0,232.0,245.0,275.0,300.0,311.0,334.0,341.0,344.0,357.0,381.0,388.0,471.0,508.0,532.0,553.0,654.0,667.0,672.0,703.0,708.0,708.0,712.0,713.0,821.0,845.0,846.0,883.0,912.0,952.0,970.0,983.0,
70.0,80.0,95.0,136.0,151.0,228.0,234.0,239.0,262.0,269.0,297.0,312.0,314.0,440.0,449.0,478.0,516.0,520.0,531.0,534.0,578.0,588.0,665.0,669.0,670.0,689.0,715.0,726.0,730.0,740.0,745.0,797.0,811.0,841.0,845.0,846.0,865.0,865.0,876.0,877.0,924.0,949.0,949.0,978.0,
15.0,74.0,75.0,78.0,142.0,312.0,329.0,331.0,340.0,383.0,391.0,411.0,420.0,430.0,469.0,496.0,506.0,540.0,561.0,584.0,758.0,817.0,817.0,836.0,865.0,899.0,905.0,927.0,932.0,934.0,957.0,969.0,
11.0,19.0,32.0,38.0,115.0,157.0,161.0,198.0,208.0,222.0,268.0,276.0,289.0,291.0,292.0,408.0,455.0,485.0,503.0,525.0,596.0,639.0,704.0,711.0,793.0,855.0,950.0,983.0,993.0,
16.0,44.0,45.0,77.0,77.0,84.0,98.0,101.0,129.0,300.0,309.0,464.0,484.0,487.0,501.0,590.0,600.0,631.0,726.0,731.0,784.0,791.0,865.0,868.0,881.0,944.0,
56.0,70.0,83.0,95.0,97.0,115.0,131.0,152.0,155.0,204.0,217.0,228.0,345.0,403.0,418.0,432.0,466.0,487.0,661.0,735.0,761.0,814.0,871.0,928.0,984.0,993.0,
113.0,116.0,146.0,169.0,197.0,211.0,265.0,269.0,300.0,316.0,347.0,403.0,429.0,485.0,508.0,527.0,531.0,542.0,582.0,619.0,630.0,659.0,685.0,758.0,778.0,797.0,834.0,861.0,892.0,911.0,952.0,994.0,999.0,
18.0,65.0,72.0,81.0,109.0,148.0,171.0,188.0,197.0,208.0,238.0,238.0,242.0,355.0,366.0,394.0,418.0,435.0,439.0,450.0,474.0,543.0,573.0,579.0,598.0,631.0,667.0,672.0,775.0,789.0,794.0,796.0,821.0,923.0,979.0,
38.0,70.0,71.0,103.0,111.0,167.0,201.0,207.0,212.0,222.0,232.0,249.0,250.0,285.0,286.0,303.0,319.0,363.0,467.0,491.0,540.0,614.0,639.0,653.0,684.0,731.0,748.0,748.0,785.0,785.0,911.0,937.0,949.0,950.0,
42.0,43.0,52.0,85.0,106.0,129.0,142.0,145.0,154.0,156.0,186.0,226.0,226.0,243.0,292.0,297.0,353.0,388.0,401.0,404.0,537.0,550.0,560.0,564.0,570.0,603.0,631.0,650.0,653.0,692.0,729.0,763.0,845.0,903.0,912.0,921.0,941.0,
46.0,106.0,119.0,173.0,174.0,185.0,206.0,228.0,229.0,232.0,252.0,266.0,303.0,304.0,305.0,318.0,379.0,398.0,408.0,436.0,437.0,442.0,464.0,479.0,542.0,573.0,594.0,626.0,634.0,668.0,686.0,706.0,707.0,710.0,715.0,737.0,770.0,780.0,783.0,797.0,800.0,808.0,847.0,870.0,892.0,930.0,932.0,952.0,
15.0,112.0,129.0,144.0,156.0,158.0,236.0,250.0,316.0,359.0,375.0,473.0,534.0,538.0,547.0,555.0,564.0,618.0,703.0,714.0,717.0,721.0,758.0,856.0,886.0,898.0,924.0,955.0,955.0,960.0,972.0,973.0,
26.0,41.0,77.0,94.0,97.0,132.0,190.0,195.0,249.0,255.0,258.0,261.0,294.0,315.0,317.0,330.0,332.0,425.0,456.0,465.0,468.0,478.0,481.0,492.0,501.0,524.0,532.0,576.0,619.0,664.0,694.0,719.0,747.0,748.0,750.0,770.0,773.0,927.0,975.0,995.0,
7.0,10.0,29.0,101.0,107.0,129.0,157.0,178.0,282.0,309.0,340.0,356.0,384.0,419.0,421.0,428.0,461.0,465.0,541.0,586.0,588.0,669.0,671.0,743.0,760.0,811.0,824.0,835.0,836.0,840.0,847.0,855.0,881.0,928.0,960.0,969.0,977.0,989.0,
88.0,133.0,136.0,155.0,188.0,215.0,269.0,300.0,325.0,348.0,351.0,423.0,446.0,475.0,491.0,516.0,564.0,609.0,630.0,674.0,693.0,717.0,756.0,770.0,771.0,798.0,852.0,879.0,887.0,896.0,928.0,963.0,981.0,995.0,
42.0,42.0,43.0,63.0,85.0,135.0,140.0,140.0,173.0,216.0,308.0,386.0,399.0,442.0,566.0,581.0,584.0,596.0,620.0,677.0,732.0,747.0,752.0,764.0,807.0,825.0,913.0,920.0,
11.0,18.0,23.0,99.0,166.0,222.0,346.0,367.0,376.0,405.0,408.0,430.0,433.0,434.0,473.0,508.0,516.0,547.0,624.0,653.0,655.0,718.0,735.0,735.0,737.0,744.0,788.0,825.0,829.0,874.0,885.0,907.0,958.0,960.0,969.0,
4.0,111.0,144.0,160.0,205.0,235.0,263.0,271.0,296.0,311.0,382.0,394.0,408.0,442.0,447.0,449.0,475.0,486.0,497.0,500.0,505.0,536.0,539.0,551.0,568.0,613.0,659.0,678.0,721.0,748.0,771.0,785.0,815.0,846.0,893.0,923.0,982.0,984.0,987.0,988.0,
8.0,15.0,84.0,92.0,109.0,117.0,125.0,150.0,153.0,186.0,224.0,230.0,233.0,281.0,303.0,320.0,358.0,377.0,381.0,394.0,397.0,416.0,437.0,452.0,491.0,537.0,542.0,562.0,563.0,604.0,618.0,673.0,766.0,778.0,850.0,912.0,936.0,958.0,
7.0,10.0,22.0,55.0,75.0,96.0,121.0,174.0,178.0,201.0,209.0,217.0,252.0,363.0,422.0,427.0,476.0,496.0,525.0,539.0,574.0,581.0,596.0,601.0,615.0,645.0,654.0,664.0,746.0,836.0,841.0,868.0,882.0,936.0,943.0,987.0,989.0,992.0,
12.0,23.0,30.0,41.0,49.0,59.0,61.0,143.0,154.0,218.0,305.0,312.0,343.0,391.0,420.0,447.0,452.0,504.0,549.0,565.0,565.0,573.0,586.0,595.0,681.0,715.0,740.0,743.0,744.0,748.0,777.0,795.0,796.0,827.0,830.0,831.0,844.0,855.0,882.0,903.0,921.0,925.0,
18.0,65.0,75.0,84.0,108.0,126.0,330.0,348.0,374.0,377.0,383.0,409.0,415.0,428.0,514.0,520.0,541.0,568.0,590.0,640.0,654.0,689.0,695.0,735.0,805.0,959.0,997.0,
47.0,95.0,159.0,194.0,304.0,317.0,332.0,344.0,344.0,363.0,370.0,377.0,421.0,424.0,465.0,506.0,540.0,642.0,662.0,663.0,664.0,768.0,784.0,854.0,893.0,955.0,989.0,
12.0,13.0,21.0,68.0,104.0,194.0,220.0,276.0,278.0,293.0,307.0,331.0,337.0,379.0,411.0,452.0,540.0,595.0,648.0,650.0,693.0,695.0,711.0,717.0,803.0,843.0,855.0,856.0,868.0,871.0,930.0,935.0,954.0,980.0,981.0,984.0,
22.0,53.0,68.0,73.0,101.0,102.0,206.0,228.0,259.0,303.0,319.0,384.0,397.0,401.0,403.0,427.0,455.0,461.0,481.0,505.0,525.0,542.0,557.0,577.0,604.0,625.0,706.0,798.0,799.0,805.0,849.0,862.0,887.0,911.0,944.0,
9.0,41.0,63.0,64.0,91.0,119.0,166.0,184.0,185.0,243.0,262.0,300.0,325.0,348.0,386.0,395.0,415.0,469.0,489.0,504.0,514.0,516.0,666.0,675.0,681.0,689.0,745.0,747.0,813.0,834.0,841.0,870.0,922.0,935.0,937.0,944.0,950.0,956.0,961.0,961.0,988.0,996.0,
18.0,47.0,65.0,72.0,91.0,109.0,118.0,147.0,148.0,217.0,248.0,259.0,263.0,292.0,306.0,404.0,454.0,468.0,472.0,485.0,590.0,628.0,640.0,711.0,717.0,777.0,778.0,798.0,804.0,820.0,851.0,909.0,918.0,927.0,942.0,997.0,
4.0,68.0,123.0,151.0,201.0,257.0,257.0,259.0,353.0,359.0,366.0,369.0,388.0,397.0,410.0,423.0,448.0,551.0,567.0,605.0,618.0,692.0,695.0,719.0,768.0,788.0,795.0,882.0,894.0,896.0,920.0,924.0,
35.0,41.0,51.0,92.0,125.0,130.0,139.0,148.0,163.0,187.0,191.0,200.0,204.0,210.0,221.0,233.0,254.0,264.0,287.0,306.0,324.0,464.0,487.0,503.0,504.0,519.0,567.0,593.0,638.0,647.0,652.0,685.0,704.0,752.0,846.0,904.0,
