9.0,21.0,82.0,85.0,139.0,149.0,176.0,177.0,183.0,233.0,268.0,300.0,377.0,379.0,393.0,404.0,415.0,441.0,442.0,475.0,523.0,548.0,579.0,615.0,656.0,683.0,709.0,709.0,710.0,760.0,851.0,902.0,943.0,961.0,972.0,982.0,
2.0,4.0,4.0,42.0,83.0,98.0,151.0,165.0,167.0,198.0,226.0,237.0,241.0,244.0,260.0,271.0,313.0,314.0,367.0,384.0,410.0,417.0,446.0,471.0,509.0,533.0,540.0,555.0,567.0,571.0,603.0,659.0,692.0,731.0,856.0,857.0,864.0,877.0,894.0,908.0,911.0,922.0,956.0,995.0,
14.0,54.0,118.0,118.0,161.0,165.0,172.0,184.0,191.0,199.0,223.0,231.0,290.0,459.0,459.0,500.0,544.0,565.0,592.0,598.0,622.0,715.0,716.0,743.0,785.0,881.0,906.0,921.0,941.0,941.0,962.0,974.0,1000.0,
46.0,48.0,77.0,156.0,181.0,229.0,239.0,240.0,241.0,297.0,319.0,321.0,324.0,331.0,333.0,375.0,380.0,390.0,406.0,412.0,414.0,491.0,501.0,520.0,547.0,591.0,594.0,601.0,612.0,634.0,638.0,658.0,667.0,700.0,762.0,892.0,922.0,947.0,963.0,999.0,
135.0,187.0,212.0,238.0,271.0,366.0,375.0,390.0,427.0,452.0,468.0,484.0,557.0,573.0,624.0,650.0,665.0,733.0,756.0,780.0,796.0,807.0,813.0,827.0,861.0,883.0,915.0,959.0,
2.0,18.0,56.0,89.0,98.0,113.0,157.0,169.0,177.0,210.0,214.0,237.0,253.0,314.0,328.0,340.0,370.0,429.0,449.0,474.0,503.0,555.0,561.0,605.0,616.0,629.0,693.0,694.0,801.0,803.0,809.0,811.0,817.0,878.0,895.0,914.0,920.0,
43.0,49.0,106.0,147.0,160.0,161.0,180.0,212.0,238.0,244.0,247.0,346.0,470.0,474.0,483.0,498.0,504.0,514.0,516.0,543.0,554.0,588.0,609.0,624.0,641.0,655.0,692.0,709.0,785.0,817.0,848.0,912.0,921.0,985.0,987.0,990.0,
16.0,36.0,94.0,117.0,122.0,124.0,124.0,148.0,150.0,207.0,284.0,286.0,314.0,327.0,329.0,362.0,368.0,400.0,407.0,449.0,459.0,463.0,483.0,491.0,528.0,548.0,566.0,587.0,626.0,640.0,674.0,709.0,740.0,742.0,745.0,843.0,849.0,864.0,907.0,938.0,939.0,969.0,
19.0,28.0,51.0,52.0,107.0,139.0,175.0,202.0,247.0,345.0,374.0,389.0,401.0,419.0,443.0,450.0,456.0,483.0,593.0,607.0,608.0,634.0,643.0,663.0,665.0,694.0,713.0,755.0,772.0,773.0,819.0,825.0,855.0,856.0,860.0,898.0,913.0,925.0,951.0,966.0,968.0,978.0,
8.0,63.0,66.0,68.0,101.0,150.0,203.0,266.0,362.0,389.0,452.0,472.0,472.0,522.0,545.0,550.0,563.0,572.0,576.0,583.0,610.0,630.0,640.0,784.0,804.0,847.0,909.0,951.0,980.0,1000.0,
7.0,23.0,41.0,65.0,137.0,169.0,211.0,240.0,244.0,350.0,354.0,364.0,371.0,386.0,403.0,417.0,458.0,495.0,495.0,505.0,517.0,554.0,564.0,595.0,626.0,632.0,688.0,689.0,767.0,770.0,798.0,815.0,867.0,884.0,894.0,935.0,956.0,975.0,978.0,
74.0,151.0,157.0,231.0,327.0,368.0,390.0,391.0,398.0,420.0,433.0,513.0,514.0,519.0,563.0,603.0,603.0,626.0,657.0,683.0,701.0,733.0,804.0,812.0,906.0,975.0,
47.0,64.0,134.0,140.0,162.0,183.0,191.0,220.0,272.0,281.0,326.0,329.0,350.0,382.0,412.0,449.0,474.0,514.0,526.0,545.0,549.0,570.0,570.0,622.0,652.0,726.0,767.0,773.0,812.0,871.0,878.0,901.0,904.0,915.0,921.0,934.0,959.0,
17.0,23.0,39.0,88.0,99.0,125.0,135.0,177.0,177.0,186.0,192.0,219.0,242.0,253.0,256.0,339.0,340.0,343.0,343.0,346.0,433.0,439.0,448.0,502.0,505.0,588.0,612.0,640.0,654.0,656.0,716.0,725.0,726.0,742.0,811.0,847.0,871.0,919.0,973.0,987.0,988.0,
19.0,27.0,29.0,84.0,109.0,110.0,118.0,130.0,149.0,162.0,168.0,194.0,221.0,224.0,232.0,241.0,269.0,270.0,286.0,291.0,335.0,377.0,381.0,408.0,459.0,514.0,515.0,533.0,570.0,574.0,593.0,616.0,644.0,673.0,674.0,701.0,711.0,763.0,768.0,786.0,795.0,814.0,839.0,869.0,878.0,906.0,909.0,914.0,960.0,966.0,
19.0,107.0,108.0,110.0,177.0,183.0,183.0,192.0,267.0,290.0,299.0,346.0,381.0,426.0,449.0,457.0,549.0,607.0,630.0,649.0,709.0,714.0,717.0,752.0,791.0,798.0,798.0,801.0,818.0,859.0,862.0,869.0,932.0,965.0,994.0,
15.0,29.0,65.0,104.0,105.0,116.0,143.0,164.0,170.0,193.0,229.0,268.0,307.0,309.0,337.0,372.0,420.0,423.0,433.0,447.0,451.0,461.0,554.0,600.0,625.0,629.0,630.0,639.0,686.0,696.0,712.0,716.0,815.0,843.0,849.0,869.0,883.0,913.0,928.0,932.0,
21.0,21.0,39.0,52.0,68.0,84.0,144.0,209.0,223.0,239.0,252.0,345.0,354.0,375.0,436.0,487.0,497.0,516.0,519.0,525.0,545.0,552.0,585.0,629.0,634.0,733.0,738.0,752.0,783.0,792.0,795.0,819.0,836.0,847.0,856.0,861.0,898.0,908.0,909.0,915.0,926.0,939.0,960.0,960.0,972.0,990.0,991.0,
15.0,40.0,58.0,91.0,101.0,124.0,187.0,253.0,287.0,299.0,300.0,301.0,307.0,441.0,441.0,476.0,484.0,485.0,531.0,578.0,596.0,598.0,617.0,619.0,625.0,734.0,736.0,753.0,814.0,819.0,833.0,862.0,959.0,
37.0,68.0,87.0,148.0,155.0,164.0,227.0,286.0,287.0,315.0,349.0,406.0,527.0,548.0,581.0,588.0,667.0,689.0,751.0,766.0,792.0,800.0,821.0,823.0,849.0,921.0,951.0,984.0,992.0,
54.0,69.0,73.0,113.0,138.0,141.0,273.0,280.0,294.0,295.0,315.0,392.0,426.0,505.0,540.0,554.0,565.0,587.0,594.0,611.0,644.0,675.0,722.0,736.0,800.0,845.0,893.0,903.0,948.0,951.0,
34.0,43.0,58.0,62.0,169.0,206.0,246.0,246.0,259.0,266.0,276.0,281.0,297.0,361.0,384.0,411.0,412.0,418.0,439.0,442.0,456.0,547.0,580.0,590.0,591.0,604.0,607.0,655.0,673.0,703.0,708.0,708.0,744.0,744.0,785.0,826.0,840.0,844.0,857.0,922.0,
4.0,23.0,54.0,83.0,153.0,158.0,177.0,216.0,239.0,244.0,317.0,322.0,341.0,349.0,350.0,350.0,396.0,414.0,495.0,538.0,589.0,619.0,655.0,669.0,685.0,691.0,720.0,736.0,763.0,791.0,826.0,877.0,929.0,973.0,
59.0,74.0,111.0,150.0,152.0,166.0,184.0,212.0,214.0,221.0,247.0,251.0,258.0,283.0,295.0,315.0,317.0,327.0,367.0,375.0,376.0,377.0,382.0,463.0,483.0,492.0,560.0,612.0,614.0,617.0,627.0,667.0,716.0,730.0,757.0,811.0,812.0,832.0,875.0,897.0,907.0,917.0,956.0,
17.0,30.0,62.0,112.0,141.0,164.0,176.0,177.0,197.0,226.0,320.0,362.0,366.0,387.0,391.0,452.0,474.0,502.0,509.0,526.0,526.0,527.0,529.0,538.0,611.0,612.0,682.0,695.0,696.0,734.0,751.0,753.0,756.0,768.0,892.0,899.0,908.0,925.0,937.0,956.0,966.0,973.0,
6.0,21.0,29.0,105.0,112.0,117.0,139.0,150.0,191.0,238.0,256.0,337.0,366.0,392.0,401.0,425.0,522.0,530.0,537.0,589.0,593.0,599.0,633.0,681.0,722.0,761.0,831.0,854.0,889.0,909.0,942.0,960.0,
8.0,33.0,50.0,70.0,161.0,206.0,218.0,235.0,270.0,288.0,334.0,336.0,340.0,346.0,351.0,374.0,430.0,431.0,463.0,468.0,471.0,476.0,524.0,561.0,620.0,627.0,631.0,633.0,650.0,670.0,699.0,718.0,730.0,749.0,767.0,774.0,775.0,853.0,860.0,864.0,874.0,882.0,889.0,922.0,933.0,941.0,950.0,956.0,957.0,973.0,992.0,
9.0,12.0,13.0,39.0,40.0,46.0,58.0,66.0,92.0,114.0,163.0,229.0,231.0,253.0,327.0,375.0,387.0,420.0,436.0,456.0,461.0,480.0,636.0,638.0,687.0,811.0,820.0,823.0,838.0,838.0,841.0,905.0,916.0,951.0,969.0,987.0,990.0,
50.0,71.0,124.0,196.0,227.0,246.0,344.0,354.0,355.0,361.0,398.0,413.0,458.0,496.0,526.0,529.0,549.0,569.0,596.0,597.0,609.0,690.0,732.0,745.0,753.0,812.0,816.0,817.0,843.0,874.0,884.0,903.0,907.0,925.0,928.0,995.0,997.0,
84.0,94.0,191.0,192.0,228.0,258.0,280.0,290.0,311.0,429.0,462.0,491.0,495.0,534.0,576.0,580.0,612.0,623.0,644.0,740.0,791.0,807.0,846.0,848.0,885.0,918.0,971.0,
55.0,93.0,118.0,148.0,155.0,239.0,248.0,268.0,284.0,310.0,375.0,385.0,429.0,452.0,484.0,488.0,533.0,552.0,569.0,608.0,627.0,627.0,643.0,650.0,651.0,688.0,720.0,731.0,747.0,758.0,831.0,848.0,862.0,911.0,914.0,923.0,956.0,981.0,
5.0,31.0,31.0,37.0,82.0,83.0,93.0,104.0,118.0,151.0,153.0,167.0,186.0,232.0,237.0,247.0,256.0,280.0,340.0,421.0,478.0,511.0,533.0,538.0,751.0,763.0,777.0,779.0,836.0,921.0,961.0,973.0,978.0,979.0,994.0,
34.0,82.0,93.0,166.0,185.0,238.0,246.0,277.0,295.0,403.0,482.0,501.0,673.0,699.0,699.0,705.0,731.0,742.0,820.0,839.0,851.0,870.0,880.0,888.0,907.0,914.0,925.0,996.0,
22.0,42.0,65.0,72.0,99.0,118.0,138.0,177.0,188.0,193.0,234.0,236.0,241.0,257.0,263.0,268.0,289.0,354.0,358.0,392.0,409.0,418.0,431.0,439.0,447.0,466.0,487.0,508.0,512.0,517.0,523.0,560.0,581.0,589.0,590.0,619.0,635.0,638.0,642.0,643.0,646.0,669.0,684.0,685.0,716.0,801.0,813.0,817.0,893.0,899.0,941.0,970.0,975.0,990.0,
11.0,14.0,36.0,60.0,135.0,188.0,207.0,210.0,241.0,267.0,280.0,302.0,324.0,342.0,393.0,401.0,427.0,450.0,476.0,508.0,559.0,567.0,591.0,594.0,601.0,610.0,619.0,662.0,704.0,732.0,737.0,742.0,784.0,817.0,863.0,
3.0,58.0,68.0,152.0,167.0,173.0,302.0,313.0,314.0,339.0,352.0,354.0,359.0,369.0,425.0,442.0,457.0,462.0,482.0,508.0,586.0,589.0,590.0,594.0,714.0,716.0,735.0,755.0,759.0,797.0,872.0,892.0,957.0,961.0,968.0,974.0,
24.0,53.0,114.0,139.0,188.0,191.0,224.0,319.0,329.0,363.0,386.0,437.0,442.0,454.0,460.0,559.0,584.0,599.0,606.0,616.0,649.0,650.0,654.0,701.0,721.0,750.0,771.0,810.0,811.0,818.0,855.0,957.0,
4.0,22.0,36.0,72.0,90.0,94.0,171.0,232.0,258.0,312.0,326.0,365.0,388.0,396.0,406.0,528.0,572.0,632.0,634.0,648.0,695.0,729.0,787.0,789.0,802.0,839.0,845.0,894.0,908.0,939.0,951.0,956.0,
2.0,5.0,27.0,83.0,116.0,138.0,200.0,218.0,318.0,333.0,335.0,339.0,396.0,398.0,462.0,487.0,536.0,579.0,586.0,631.0,641.0,678.0,723.0,739.0,789.0,789.0,789.0,791.0,846.0,864.0,872.0,943.0,976.0,
4.0,22.0,26.0,117.0,145.0,177.0,284.0,299.0,366.0,396.0,408.0,409.0,438.0,451.0,476.0,484.0,556.0,599.0,634.0,635.0,660.0,679.0,697.0,742.0,760.0,788.0,823.0,824.0,831.0,904.0,907.0,914.0,999.0,
5.0,16.0,36.0,38.0,61.0,65.0,79.0,85.0,123.0,182.0,225.0,313.0,379.0,379.0,407.0,418.0,418.0,421.0,436.0,442.0,445.0,448.0,452.0,454.0,456.0,465.0,530.0,589.0,613.0,630.0,656.0,661.0,664.0,697.0,730.0,742.0,746.0,758.0,806.0,821.0,834.0,859.0,868.0,914.0,968.0,
8.0,149.0,186.0,200.0,249.0,293.0,411.0,436.0,438.0,439.0,474.0,477.0,484.0,504.0,588.0,651.0,660.0,677.0,700.0,716.0,749.0,750.0,768.0,797.0,819.0,859.0,861.0,913.0,914.0,948.0,963.0,970.0,985.0,986.0,997.0,
12.0,15.0,28.0,67.0,80.0,123.0,130.0,147.0,151.0,152.0,181.0,199.0,260.0,266.0,301.0,342.0,391.0,509.0,545.0,552.0,583.0,586.0,657.0,686.0,709.0,730.0,794.0,811.0,814.0,826.0,840.0,874.0,904.0,906.0,
4.0,22.0,41.0,79.0,207.0,306.0,330.0,332.0,346.0,352.0,368.0,413.0,504.0,559.0,571.0,631.0,684.0,701.0,767.0,769.0,817.0,834.0,849.0,892.0,897.0,910.0,917.0,965.0,
8.0,50.0,61.0,83.0,137.0,142.0,262.0,267.0,390.0,444.0,462.0,529.0,535.0,550.0,594.0,614.0,656.0,658.0,663.0,709.0,715.0,750.0,755.0,849.0,919.0,989.0,
134.0,136.0,140.0,175.0,235.0,268.0,329.0,333.0,459.0,473.0,520.0,521.0,527.0,531.0,541.0,547.0,605.0,612.0,620.0,630.0,643.0,644.0,645.0,655.0,657.0,662.0,689.0,736.0,738.0,743.0,779.0,780.0,809.0,855.0,861.0,921.0,
22.0,27.0,83.0,101.0,151.0,178.0,215.0,245.0,261.0,281.0,288.0,370.0,382.0,409.0,435.0,488.0,642.0,650.0,657.0,663.0,685.0,693.0,705.0,710.0,786.0,870.0,879.0,932.0,976.0,998.0,
8.0,44.0,84.0,95.0,106.0,119.0,195.0,260.0,264.0,315.0,327.0,402.0,444.0,452.0,496.0,496.0,515.0,522.0,563.0,573.0,677.0,722.0,726.0,739.0,744.0,787.0,788.0,799.0,830.0,851.0,859.0,
67.0,151.0,180.0,183.0,195.0,235.0,253.0,291.0,299.0,369.0,379.0,393.0,479.0,530.0,532.0,532.0,588.0,663.0,683.0,713.0,726.0,740.0,750.0,786.0,802.0,804.0,810.0,813.0,823.0,824.0,857.0,903.0,916.0,940.0,
49.0,99.0,99.0,108.0,131.0,157.0,166.0,170.0,189.0,208.0,222.0,239.0,290.0,296.0,321.0,343.0,436.0,481.0,492.0,499.0,520.0,526.0,552.0,573.0,588.0,604.0,668.0,675.0,751.0,752.0,755.0,773.0,788.0,903.0,922.0,930.0,941.0,948.0,
15.0,21.0,53.0,55.0,62.0,99.0,131.0,177.0,180.0,194.0,201.0,234.0,258.0,323.0,330.0,350.0,352.0,383.0,383.0,476.0,479.0,545.0,546.0,546.0,596.0,599.0,633.0,662.0,668.0,695.0,705.0,706.0,738.0,786.0,793.0,819.0,828.0,835.0,899.0,908.0,962.0,975.0,977.0,985.0,
9.0,13.0,16.0,86.0,96.0,105.0,114.0,131.0,228.0,271.0,314.0,371.0,388.0,418.0,438.0,447.0,447.0,480.0,497.0,499.0,583.0,586.0,594.0,598.0,615.0,629.0,680.0,771.0,828.0,831.0,838.0,876.0,879.0,914.0,944.0,945.0,947.0,965.0,989.0,997.0,
35.0,95.0,97.0,112.0,125.0,186.0,198.0,209.0,242.0,264.0,280.0,284.0,308.0,328.0,332.0,337.0,344.0,364.0,375.0,375.0,401.0,411.0,432.0,470.0,509.0,515.0,547.0,560.0,579.0,580.0,581.0,590.0,594.0,685.0,716.0,830.0,866.0,892.0,902.0,930.0,931.0,967.0,981.0,
29.0,98.0,135.0,136.0,139.0,198.0,216.0,262.0,314.0,333.0,357.0,380.0,399.0,407.0,417.0,454.0,464.0,474.0,502.0,573.0,612.0,612.0,626.0,654.0,688.0,701.0,702.0,758.0,763.0,835.0,845.0,876.0,884.0,899.0,906.0,934.0,996.0,
2.0,39.0,63.0,67.0,101.0,105.0,109.0,121.0,140.0,178.0,228.0,234.0,253.0,263.0,318.0,324.0,348.0,385.0,517.0,534.0,540.0,553.0,556.0,564.0,573.0,623.0,633.0,662.0,676.0,712.0,732.0,739.0,753.0,804.0,809.0,811.0,822.0,829.0,836.0,872.0,876.0,885.0,927.0,934.0,958.0,
3.0,8.0,61.0,68.0,70.0,73.0,85.0,120.0,139.0,142.0,160.0,183.0,185.0,199.0,234.0,263.0,263.0,266.0,338.0,404.0,419.0,449.0,450.0,487.0,510.0,514.0,519.0,528.0,530.0,534.0,534.0,544.0,548.0,550.0,554.0,556.0,563.0,582.0,582.0,592.0,599.0,613.0,615.0,624.0,627.0,635.0,642.0,644.0,647.0,648.0,657.0,660.0,662.0,668.0,692.0,694.0,698.0,705.0,708.0,713.0,714.0,719.0,721.0,725.0,726.0,729.0,734.0,751.0,768.0,790.0,791.0,812.0,816.0,817.0,827.0,836.0,846.0,862.0,863.0,891.0,891.0,897.0,910.0,911.0,945.0,946.0,948.0,955.0,977.0,988.0,988.0,
33.0,45.0,48.0,82.0,114.0,142.0,147.0,183.0,213.0,232.0,241.0,249.0,259.0,278.0,279.0,313.0,314.0,398.0,417.0,443.0,460.0,468.0,491.0,538.0,539.0,553.0,553.0,559.0,581.0,584.0,596.0,621.0,644.0,673.0,679.0,688.0,735.0,756.0,768.0,777.0,794.0,865.0,871.0,874.0,896.0,914.0,947.0,954.0,962.0,976.0,
5.0,7.0,41.0,51.0,97.0,118.0,120.0,121.0,166.0,182.0,255.0,307.0,383.0,409.0,450.0,451.0,468.0,571.0,606.0,629.0,640.0,668.0,718.0,728.0,758.0,784.0,808.0,881.0,889.0,908.0,909.0,942.0,
21.0,66.0,68.0,83.0,102.0,131.0,165.0,170.0,350.0,403.0,547.0,572.0,616.0,631.0,637.0,676.0,680.0,707.0,711.0,727.0,784.0,784.0,793.0,804.0,864.0,906.0,960.0,978.0,
14.0,32.0,41.0,82.0,178.0,253.0,295.0,323.0,342.0,363.0,415.0,472.0,495.0,508.0,509.0,514.0,519.0,519.0,566.0,636.0,649.0,673.0,680.0,703.0,710.0,757.0,775.0,796.0,843.0,864.0,880.0,883.0,891.0,927.0,942.0,955.0,
13.0,71.0,72.0,75.0,82.0,90.0,99.0,137.0,164.0,179.0,187.0,189.0,230.0,332.0,386.0,406.0,424.0,424.0,439.0,442.0,491.0,506.0,515.0,559.0,562.0,650.0,671.0,718.0,733.0,751.0,767.0,804.0,818.0,843.0,859.0,946.0,951.0,964.0,981.0,982.0,
54.0,115.0,190.0,241.0,270.0,276.0,280.0,329.0,336.0,354.0,371.0,489.0,509.0,543.0,587.0,626.0,642.0,720.0,725.0,762.0,762.0,794.0,814.0,840.0,988.0,
7.0,41.0,43.0,59.0,76.0,89.0,95.0,124.0,171.0,183.0,196.0,226.0,278.0,298.0,325.0,325.0,409.0,432.0,481.0,484.0,528.0,557.0,565.0,611.0,622.0,636.0,641.0,664.0,673.0,704.0,717.0,741.0,761.0,783.0,856.0,902.0,903.0,926.0,997.0,
76.0,77.0,99.0,106.0,117.0,145.0,198.0,215.0,244.0,263.0,327.0,334.0,417.0,491.0,493.0,577.0,585.0,592.0,712.0,759.0,761.0,761.0,793.0,816.0,955.0,987.0,
100.0,110.0,153.0,155.0,161.0,163.0,246.0,248.0,260.0,274.0,280.0,406.0,421.0,434.0,445.0,459.0,491.0,497.0,522.0,532.0,535.0,550.0,605.0,626.0,630.0,648.0,714.0,735.0,741.0,754.0,807.0,815.0,822.0,898.0,973.0,
46.0,105.0,106.0,161.0,172.0,182.0,224.0,247.0,252.0,273.0,310.0,345.0,345.0,369.0,441.0,473.0,497.0,510.0,518.0,535.0,540.0,551.0,556.0,561.0,572.0,574.0,576.0,580.0,582.0,585.0,600.0,607.0,612.0,622.0,625.0,652.0,661.0,698.0,739.0,772.0,778.0,830.0,877.0,898.0,919.0,926.0,961.0,964.0,974.0,979.0,984.0,986.0,
4.0,18.0,20.0,21.0,106.0,137.0,209.0,236.0,281.0,286.0,351.0,366.0,376.0,387.0,448.0,448.0,466.0,503.0,526.0,537.0,541.0,549.0,567.0,570.0,577.0,617.0,658.0,677.0,679.0,681.0,767.0,787.0,795.0,809.0,859.0,901.0,
9.0,11.0,26.0,63.0,69.0,76.0,94.0,97.0,106.0,131.0,164.0,168.0,179.0,214.0,254.0,277.0,285.0,323.0,332.0,347.0,403.0,404.0,423.0,463.0,469.0,478.0,522.0,564.0,620.0,707.0,746.0,757.0,777.0,811.0,842.0,854.0,873.0,895.0,912.0,950.0,
15.0,67.0,81.0,82.0,105.0,155.0,184.0,198.0,205.0,301.0,307.0,338.0,369.0,464.0,482.0,486.0,492.0,533.0,553.0,584.0,622.0,647.0,656.0,693.0,772.0,831.0,839.0,848.0,886.0,889.0,894.0,902.0,913.0,
27.0,34.0,48.0,50.0,93.0,96.0,147.0,167.0,172.0,184.0,194.0,252.0,272.0,387.0,396.0,418.0,451.0,454.0,482.0,488.0,504.0,511.0,566.0,578.0,589.0,596.0,731.0,740.0,749.0,835.0,904.0,916.0,932.0,960.0,968.0,999.0,
48.0,57.0,62.0,65.0,112.0,150.0,200.0,210.0,211.0,217.0,224.0,234.0,249.0,272.0,347.0,364.0,413.0,505.0,516.0,549.0,638.0,644.0,681.0,687.0,723.0,765.0,795.0,798.0,834.0,891.0,899.0,957.0,988.0,997.0,
25.0,69.0,72.0,150.0,155.0,290.0,364.0,385.0,467.0,470.0,477.0,491.0,502.0,526.0,592.0,633.0,641.0,655.0,657.0,711.0,777.0,786.0,795.0,841.0,847.0,857.0,860.0,913.0,974.0,996.0,
43.0,76.0,151.0,181.0,189.0,192.0,194.0,218.0,231.0,244.0,267.0,322.0,345.0,350.0,365.0,372.0,397.0,464.0,484.0,486.0,499.0,507.0,537.0,557.0,573.0,573.0,608.0,611.0,624.0,649.0,654.0,692.0,704.0,721.0,733.0,761.0,791.0,808.0,809.0,821.0,847.0,891.0,901.0,929.0,963.0,972.0,976.0,988.0,989.0,
24.0,31.0,117.0,188.0,231.0,234.0,300.0,366.0,379.0,418.0,420.0,440.0,465.0,558.0,566.0,586.0,620.0,632.0,671.0,706.0,741.0,795.0,831.0,838.0,868.0,891.0,906.0,909.0,912.0,944.0,996.0,
14.0,40.0,68.0,82.0,85.0,113.0,140.0,151.0,211.0,221.0,232.0,232.0,268.0,342.0,355.0,382.0,390.0,393.0,455.0,485.0,510.0,522.0,528.0,537.0,638.0,661.0,663.0,680.0,711.0,739.0,757.0,854.0,918.0,930.0,973.0,
7.0,50.0,81.0,85.0,105.0,122.0,140.0,173.0,178.0,182.0,186.0,225.0,273.0,311.0,331.0,371.0,374.0,395.0,485.0,491.0,516.0,617.0,640.0,726.0,746.0,847.0,858.0,938.0,987.0,
61.0,78.0,81.0,81.0,116.0,171.0,175.0,181.0,188.0,188.0,254.0,254.0,273.0,286.0,307.0,317.0,377.0,378.0,394.0,414.0,421.0,446.0,479.0,483.0,505.0,539.0,545.0,604.0,622.0,633.0,676.0,688.0,756.0,790.0,844.0,853.0,878.0,937.0,965.0,974.0,
12.0,53.0,79.0,204.0,219.0,264.0,364.0,369.0,407.0,485.0,507.0,536.0,547.0,557.0,630.0,681.0,773.0,786.0,801.0,833.0,841.0,841.0,844.0,847.0,865.0,896.0,914.0,941.0,947.0,960.0,964.0,980.0,994.0,
28.0,52.0,70.0,81.0,128.0,144.0,158.0,292.0,320.0,322.0,395.0,403.0,451.0,454.0,512.0,518.0,525.0,631.0,633.0,653.0,658.0,667.0,674.0,702.0,702.0,750.0,858.0,924.0,944.0,986.0,996.0,
3.0,40.0,50.0,58.0,78.0,156.0,180.0,219.0,247.0,276.0,327.0,356.0,371.0,501.0,513.0,514.0,522.0,528.0,565.0,607.0,660.0,676.0,702.0,744.0,765.0,773.0,822.0,868.0,906.0,907.0,924.0,929.0,998.0,
10.0,70.0,80.0,106.0,134.0,135.0,138.0,157.0,170.0,181.0,190.0,230.0,269.0,282.0,375.0,376.0,418.0,443.0,454.0,463.0,468.0,590.0,644.0,644.0,684.0,691.0,692.0,704.0,739.0,747.0,753.0,766.0,779.0,783.0,800.0,800.0,837.0,848.0,858.0,939.0,955.0,
87.0,87.0,184.0,213.0,243.0,278.0,284.0,293.0,302.0,313.0,320.0,393.0,400.0,431.0,462.0,464.0,500.0,503.0,622.0,646.0,668.0,680.0,725.0,732.0,737.0,792.0,813.0,825.0,843.0,913.0,915.0,990.0,
86.0,114.0,143.0,146.0,155.0,225.0,237.0,256.0,259.0,269.0,281.0,289.0,332.0,355.0,367.0,376.0,381.0,450.0,482.0,492.0,551.0,571.0,673.0,679.0,680.0,691.0,693.0,695.0,741.0,762.0,799.0,812.0,885.0,908.0,909.0,914.0,984.0,986.0,
29.0,30.0,35.0,44.0,57.0,95.0,153.0,155.0,179.0,198.0,251.0,253.0,265.0,266.0,298.0,346.0,383.0,412.0,446.0,456.0,459.0,484.0,496.0,498.0,522.0,546.0,591.0,629.0,634.0,664.0,704.0,724.0,760.0,816.0,826.0,832.0,857.0,883.0,885.0,921.0,935.0,957.0,976.0,983.0,
23.0,148.0,189.0,221.0,277.0,301.0,317.0,326.0,331.0,366.0,416.0,417.0,427.0,476.0,498.0,503.0,523.0,569.0,583.0,598.0,630.0,666.0,681.0,700.0,702.0,702.0,716.0,717.0,722.0,725.0,772.0,813.0,885.0,893.0,896.0,907.0,912.0,923.0,946.0,947.0,
31.0,37.0,62.0,76.0,93.0,126.0,137.0,163.0,174.0,225.0,268.0,268.0,270.0,296.0,304.0,308.0,343.0,357.0,360.0,363.0,525.0,540.0,556.0,559.0,585.0,677.0,705.0,720.0,743.0,753.0,777.0,802.0,843.0,849.0,879.0,944.0,976.0,985.0,
59.0,67.0,80.0,92.0,105.0,115.0,126.0,146.0,215.0,291.0,299.0,306.0,315.0,328.0,338.0,368.0,397.0,442.0,461.0,469.0,470.0,494.0,537.0,583.0,627.0,662.0,669.0,704.0,717.0,726.0,772.0,772.0,788.0,882.0,893.0,928.0,961.0,967.0,997.0,999.0,
53.0,76.0,91.0,126.0,147.0,153.0,164.0,171.0,177.0,198.0,310.0,340.0,340.0,342.0,352.0,395.0,425.0,448.0,505.0,544.0,560.0,595.0,652.0,654.0,677.0,703.0,708.0,710.0,710.0,782.0,794.0,805.0,816.0,819.0,844.0,859.0,878.0,897.0,947.0,969.0,986.0,994.0,
18.0,21.0,21.0,121.0,138.0,236.0,244.0,257.0,267.0,268.0,296.0,301.0,310.0,424.0,427.0,458.0,475.0,482.0,492.0,529.0,556.0,572.0,695.0,709.0,781.0,878.0,880.0,918.0,939.0,943.0,979.0,
25.0,39.0,108.0,135.0,194.0,205.0,292.0,293.0,391.0,393.0,455.0,477.0,491.0,543.0,548.0,549.0,585.0,593.0,680.0,744.0,774.0,926.0,955.0,991.0,993.0,
45.0,71.0,74.0,191.0,265.0,276.0,355.0,379.0,395.0,406.0,416.0,485.0,509.0,532.0,535.0,576.0,578.0,592.0,608.0,643.0,676.0,682.0,689.0,729.0,756.0,798.0,803.0,880.0,893.0,895.0,943.0,
6.0,8.0,29.0,45.0,47.0,47.0,54.0,107.0,154.0,160.0,297.0,299.0,306.0,330.0,369.0,396.0,398.0,406.0,414.0,461.0,488.0,512.0,671.0,718.0,746.0,758.0,766.0,778.0,828.0,835.0,860.0,913.0,929.0,981.0,
4.0,15.0,22.0,87.0,99.0,114.0,174.0,188.0,190.0,211.0,272.0,275.0,287.0,299.0,312.0,338.0,352.0,394.0,410.0,423.0,434.0,454.0,467.0,476.0,486.0,523.0,540.0,575.0,584.0,585.0,602.0,608.0,642.0,646.0,680.0,698.0,757.0,771.0,788.0,858.0,885.0,
12.0,27.0,37.0,37.0,95.0,122.0,164.0,256.0,320.0,331.0,356.0,411.0,433.0,436.0,453.0,497.0,519.0,576.0,580.0,598.0,734.0,759.0,761.0,785.0,800.0,812.0,887.0,911.0,932.0,962.0,990.0,
65.0,67.0,71.0,110.0,120.0,128.0,146.0,190.0,216.0,224.0,230.0,236.0,242.0,243.0,271.0,288.0,317.0,371.0,383.0,385.0,388.0,435.0,485.0,494.0,506.0,512.0,547.0,552.0,585.0,608.0,612.0,671.0,689.0,712.0,714.0,842.0,883.0,917.0,955.0,968.0,999.0,
46.0,66.0,67.0,91.0,107.0,118.0,128.0,146.0,151.0,154.0,165.0,233.0,235.0,248.0,281.0,295.0,317.0,350.0,374.0,385.0,416.0,477.0,498.0,507.0,592.0,632.0,644.0,664.0,693.0,723.0,768.0,819.0,822.0,854.0,914.0,916.0,925.0,983.0,997.0,
16.0,25.0,37.0,123.0,149.0,215.0,236.0,265.0,266.0,282.0,292.0,347.0,361.0,402.0,427.0,435.0,441.0,492.0,500.0,603.0,608.0,625.0,628.0,651.0,660.0,669.0,701.0,713.0,784.0,791.0,793.0,876.0,907.0,931.0,
4.0,9.0,106.0,119.0,121.0,146.0,160.0,166.0,172.0,194.0,397.0,401.0,429.0,454.0,463.0,506.0,532.0,540.0,704.0,718.0,719.0,784.0,794.0,818.0,871.0,878.0,882.0,883.0,891.0,907.0,911.0,954.0,964.0,975.0,986.0,
36.0,59.0,60.0,74.0,85.0,116.0,119.0,161.0,170.0,177.0,182.0,281.0,310.0,313.0,368.0,371.0,387.0,416.0,426.0,437.0,450.0,584.0,808.0,843.0,918.0,933.0,944.0,972.0,989.0,
28.0,32.0,108.0,116.0,122.0,184.0,192.0,252.0,277.0,304.0,324.0,367.0,514.0,519.0,535.0,567.0,608.0,634.0,637.0,653.0,711.0,713.0,720.0,782.0,790.0,808.0,848.0,856.0,941.0,942.0,
