6.0,14.0,20.0,46.0,52.0,59.0,93.0,96.0,97.0,101.0,115.0,138.0,143.0,145.0,148.0,194.0,267.0,278.0,285.0,285.0,381.0,386.0,394.0,397.0,418.0,423.0,435.0,496.0,497.0,551.0,584.0,597.0,611.0,627.0,637.0,733.0,758.0,845.0,874.0,882.0,940.0,948.0,955.0,965.0,
3.0,17.0,20.0,42.0,69.0,74.0,85.0,96.0,113.0,179.0,188.0,212.0,224.0,238.0,261.0,271.0,328.0,329.0,431.0,477.0,483.0,485.0,530.0,537.0,564.0,567.0,569.0,629.0,700.0,730.0,734.0,755.0,904.0,908.0,951.0,959.0,990.0,
5.0,37.0,50.0,70.0,144.0,194.0,242.0,253.0,320.0,330.0,361.0,382.0,391.0,393.0,411.0,419.0,436.0,483.0,573.0,658.0,660.0,700.0,725.0,726.0,729.0,768.0,774.0,791.0,825.0,831.0,855.0,856.0,870.0,885.0,919.0,963.0,965.0,
3.0,4.0,37.0,40.0,43.0,66.0,68.0,70.0,81.0,102.0,110.0,118.0,175.0,205.0,218.0,221.0,243.0,249.0,298.0,334.0,344.0,416.0,479.0,484.0,501.0,538.0,538.0,545.0,560.0,587.0,592.0,598.0,599.0,619.0,620.0,621.0,641.0,644.0,693.0,700.0,748.0,793.0,795.0,897.0,909.0,917.0,918.0,919.0,933.0,935.0,959.0,
30.0,55.0,164.0,177.0,237.0,239.0,242.0,244.0,263.0,267.0,300.0,305.0,334.0,395.0,399.0,413.0,432.0,457.0,474.0,598.0,638.0,641.0,671.0,692.0,706.0,721.0,730.0,732.0,732.0,773.0,794.0,811.0,823.0,860.0,880.0,893.0,
43.0,46.0,67.0,75.0,141.0,145.0,195.0,214.0,226.0,252.0,273.0,307.0,325.0,341.0,379.0,424.0,456.0,481.0,488.0,516.0,550.0,551.0,576.0,617.0,618.0,621.0,627.0,636.0,642.0,708.0,728.0,767.0,803.0,870.0,990.0,995.0,
8.0,11.0,24.0,26.0,35.0,69.0,145.0,184.0,184.0,191.0,203.0,222.0,230.0,231.0,247.0,265.0,353.0,394.0,431.0,451.0,483.0,516.0,522.0,548.0,553.0,573.0,587.0,719.0,737.0,765.0,880.0,903.0,903.0,
28.0,45.0,53.0,87.0,162.0,164.0,202.0,206.0,241.0,308.0,343.0,434.0,443.0,507.0,565.0,597.0,612.0,618.0,620.0,625.0,679.0,761.0,762.0,780.0,834.0,841.0,850.0,909.0,918.0,964.0,974.0,979.0,984.0,
11.0,14.0,30.0,51.0,102.0,122.0,123.0,151.0,160.0,165.0,167.0,212.0,248.0,262.0,264.0,268.0,278.0,284.0,320.0,332.0,332.0,353.0,360.0,375.0,381.0,428.0,495.0,504.0,575.0,579.0,615.0,648.0,689.0,722.0,763.0,852.0,868.0,868.0,918.0,921.0,924.0,956.0,975.0,986.0,
33.0,37.0,42.0,56.0,64.0,79.0,97.0,127.0,144.0,153.0,157.0,159.0,183.0,245.0,339.0,343.0,365.0,373.0,417.0,438.0,448.0,454.0,498.0,500.0,520.0,546.0,551.0,592.0,611.0,625.0,690.0,746.0,778.0,784.0,786.0,871.0,877.0,923.0,933.0,950.0,956.0,
162.0,271.0,305.0,358.0,463.0,492.0,514.0,521.0,526.0,533.0,548.0,646.0,648.0,703.0,707.0,720.0,742.0,826.0,854.0,879.0,911.0,936.0,978.0,981.0,982.0,
3.0,61.0,104.0,137.0,228.0,232.0,245.0,252.0,282.0,361.0,410.0,448.0,460.0,479.0,482.0,488.0,516.0,554.0,585.0,613.0,616.0,620.0,679.0,739.0,739.0,771.0,833.0,880.0,882.0,889.0,910.0,957.0,962.0,988.0,
22.0,34.0,40.0,71.0,163.0,163.0,173.0,192.0,211.0,236.0,253.0,282.0,358.0,400.0,404.0,418.0,432.0,444.0,484.0,497.0,512.0,575.0,583.0,583.0,594.0,620.0,638.0,642.0,663.0,666.0,687.0,698.0,711.0,714.0,761.0,802.0,832.0,836.0,880.0,893.0,994.0,
11.0,12.0,66.0,69.0,77.0,96.0,161.0,215.0,268.0,268.0,297.0,306.0,308.0,330.0,347.0,447.0,462.0,490.0,498.0,548.0,588.0,614.0,633.0,672.0,677.0,683.0,691.0,692.0,704.0,725.0,731.0,786.0,796.0,873.0,875.0,930.0,941.0,948.0,952.0,
52.0,63.0,136.0,173.0,174.0,213.0,220.0,355.0,375.0,378.0,385.0,400.0,408.0,409.0,455.0,457.0,473.0,508.0,510.0,552.0,559.0,564.0,574.0,611.0,664.0,671.0,707.0,754.0,798.0,832.0,865.0,875.0,878.0,921.0,948.0,969.0,979.0,
88.0,161.0,199.0,228.0,241.0,248.0,248.0,270.0,289.0,348.0,367.0,392.0,424.0,518.0,529.0,534.0,549.0,575.0,582.0,627.0,642.0,710.0,736.0,764.0,783.0,826.0,912.0,932.0,934.0,941.0,943.0,979.0,
59.0,91.0,97.0,112.0,136.0,149.0,154.0,155.0,157.0,169.0,174.0,213.0,283.0,287.0,327.0,428.0,441.0,526.0,582.0,590.0,598.0,602.0,617.0,661.0,664.0,721.0,729.0,730.0,760.0,762.0,791.0,791.0,850.0,857.0,869.0,869.0,897.0,917.0,923.0,952.0,955.0,956.0,980.0,
48.0,62.0,72.0,102.0,111.0,242.0,242.0,253.0,253.0,261.0,264.0,320.0,347.0,350.0,367.0,416.0,446.0,514.0,522.0,537.0,548.0,551.0,615.0,629.0,630.0,652.0,718.0,786.0,844.0,886.0,888.0,905.0,939.0,968.0,
37.0,142.0,150.0,169.0,192.0,193.0,302.0,416.0,449.0,503.0,517.0,552.0,560.0,566.0,593.0,677.0,763.0,834.0,851.0,853.0,956.0,958.0,
91.0,91.0,103.0,114.0,164.0,187.0,192.0,235.0,271.0,277.0,298.0,322.0,351.0,359.0,439.0,491.0,500.0,512.0,548.0,582.0,602.0,604.0,617.0,631.0,633.0,674.0,730.0,731.0,739.0,826.0,863.0,878.0,896.0,923.0,977.0,
17.0,85.0,88.0,91.0,105.0,147.0,186.0,199.0,253.0,255.0,285.0,297.0,373.0,383.0,424.0,428.0,431.0,493.0,505.0,507.0,523.0,531.0,538.0,594.0,882.0,911.0,919.0,
15.0,77.0,80.0,86.0,89.0,89.0,128.0,139.0,170.0,174.0,175.0,194.0,233.0,241.0,248.0,264.0,288.0,303.0,304.0,318.0,325.0,350.0,375.0,408.0,419.0,425.0,450.0,490.0,497.0,500.0,518.0,524.0,527.0,536.0,540.0,543.0,546.0,547.0,587.0,602.0,642.0,678.0,694.0,709.0,716.0,737.0,765.0,817.0,854.0,859.0,868.0,868.0,892.0,893.0,960.0,987.0,995.0,
93.0,118.0,128.0,177.0,210.0,213.0,232.0,286.0,287.0,316.0,392.0,412.0,462.0,472.0,472.0,547.0,583.0,600.0,625.0,712.0,728.0,761.0,821.0,834.0,870.0,877.0,910.0,924.0,
13.0,69.0,170.0,257.0,321.0,322.0,371.0,427.0,463.0,489.0,502.0,513.0,524.0,578.0,591.0,623.0,654.0,783.0,785.0,787.0,823.0,842.0,854.0,892.0,
3.0,18.0,22.0,49.0,71.0,85.0,132.0,162.0,164.0,182.0,211.0,247.0,251.0,367.0,438.0,443.0,469.0,523.0,525.0,528.0,553.0,554.0,571.0,573.0,648.0,703.0,764.0,863.0,874.0,922.0,944.0,954.0,
67.0,117.0,149.0,164.0,195.0,321.0,330.0,417.0,436.0,453.0,537.0,541.0,565.0,565.0,566.0,569.0,621.0,627.0,670.0,720.0,786.0,800.0,811.0,822.0,849.0,865.0,894.0,911.0,928.0,985.0,
63.0,94.0,177.0,183.0,195.0,318.0,350.0,361.0,393.0,411.0,447.0,460.0,464.0,494.0,518.0,520.0,603.0,620.0,632.0,637.0,730.0,742.0,749.0,777.0,846.0,852.0,866.0,866.0,885.0,917.0,921.0,944.0,958.0,980.0,
27.0,33.0,40.0,53.0,64.0,78.0,132.0,133.0,367.0,368.0,453.0,460.0,469.0,523.0,622.0,643.0,675.0,713.0,719.0,725.0,726.0,730.0,779.0,785.0,809.0,843.0,888.0,894.0,914.0,987.0,
104.0,139.0,194.0,206.0,248.0,250.0,262.0,266.0,272.0,289.0,319.0,352.0,377.0,399.0,439.0,472.0,488.0,521.0,524.0,543.0,569.0,577.0,627.0,628.0,630.0,644.0,659.0,679.0,681.0,709.0,715.0,731.0,737.0,779.0,803.0,882.0,887.0,895.0,896.0,937.0,938.0,
14.0,16.0,49.0,54.0,63.0,64.0,121.0,132.0,148.0,151.0,213.0,241.0,257.0,281.0,282.0,301.0,356.0,359.0,407.0,408.0,415.0,447.0,469.0,487.0,488.0,490.0,581.0,617.0,742.0,744.0,797.0,808.0,808.0,848.0,857.0,862.0,886.0,910.0,925.0,943.0,947.0,959.0,974.0,
27.0,45.0,73.0,83.0,91.0,141.0,176.0,192.0,210.0,249.0,258.0,311.0,320.0,363.0,393.0,441.0,569.0,570.0,575.0,615.0,637.0,691.0,724.0,763.0,770.0,774.0,856.0,865.0,878.0,886.0,920.0,942.0,991.0,995.0,
21.0,33.0,64.0,112.0,124.0,126.0,162.0,204.0,225.0,235.0,275.0,291.0,297.0,321.0,324.0,400.0,418.0,433.0,437.0,447.0,447.0,474.0,505.0,563.0,578.0,592.0,617.0,624.0,653.0,656.0,656.0,710.0,755.0,772.0,788.0,869.0,962.0,
25.0,35.0,74.0,95.0,134.0,168.0,171.0,241.0,242.0,255.0,280.0,350.0,388.0,395.0,397.0,407.0,427.0,472.0,510.0,573.0,580.0,585.0,594.0,618.0,693.0,700.0,732.0,771.0,793.0,820.0,889.0,949.0,960.0,976.0,
8.0,44.0,93.0,121.0,150.0,153.0,196.0,196.0,202.0,235.0,238.0,254.0,412.0,433.0,458.0,472.0,500.0,500.0,516.0,524.0,543.0,567.0,580.0,637.0,687.0,713.0,748.0,757.0,762.0,792.0,830.0,837.0,936.0,946.0,960.0,986.0,988.0,1000.0,
106.0,126.0,136.0,160.0,183.0,230.0,249.0,261.0,269.0,274.0,284.0,316.0,357.0,426.0,461.0,518.0,582.0,588.0,603.0,614.0,616.0,631.0,705.0,720.0,764.0,791.0,796.0,806.0,923.0,927.0,
37.0,39.0,65.0,122.0,152.0,174.0,200.0,209.0,217.0,222.0,252.0,265.0,291.0,296.0,309.0,364.0,386.0,401.0,440.0,449.0,452.0,452.0,456.0,474.0,476.0,496.0,517.0,537.0,555.0,559.0,620.0,699.0,759.0,810.0,848.0,900.0,933.0,954.0,963.0,965.0,
18.0,41.0,61.0,72.0,74.0,117.0,132.0,208.0,211.0,218.0,230.0,251.0,253.0,296.0,313.0,318.0,333.0,362.0,363.0,435.0,483.0,487.0,496.0,651.0,726.0,782.0,816.0,820.0,948.0,971.0,
6.0,23.0,105.0,107.0,195.0,212.0,224.0,233.0,266.0,274.0,293.0,296.0,300.0,349.0,373.0,379.0,384.0,384.0,400.0,419.0,419.0,533.0,548.0,559.0,616.0,618.0,651.0,661.0,702.0,703.0,704.0,706.0,768.0,806.0,812.0,895.0,896.0,896.0,916.0,966.0,971.0,998.0,
13.0,26.0,45.0,140.0,172.0,202.0,233.0,277.0,285.0,347.0,375.0,382.0,397.0,417.0,419.0,463.0,472.0,480.0,553.0,570.0,623.0,639.0,645.0,661.0,676.0,684.0,684.0,689.0,717.0,739.0,777.0,788.0,793.0,795.0,860.0,920.0,930.0,994.0,
11.0,80.0,108.0,130.0,134.0,164.0,188.0,223.0,246.0,251.0,254.0,257.0,286.0,294.0,327.0,364.0,385.0,392.0,459.0,466.0,490.0,500.0,534.0,618.0,641.0,642.0,645.0,791.0,945.0,955.0,968.0,985.0,990.0,
4.0,71.0,76.0,99.0,139.0,141.0,146.0,164.0,200.0,220.0,221.0,225.0,296.0,334.0,342.0,373.0,382.0,446.0,545.0,583.0,587.0,589.0,590.0,597.0,643.0,648.0,652.0,658.0,668.0,748.0,788.0,822.0,835.0,853.0,912.0,930.0,1000.0,
2.0,31.0,103.0,112.0,115.0,148.0,175.0,184.0,245.0,273.0,311.0,354.0,357.0,379.0,437.0,467.0,482.0,536.0,585.0,608.0,613.0,616.0,637.0,667.0,676.0,697.0,715.0,715.0,768.0,774.0,805.0,816.0,828.0,829.0,833.0,860.0,869.0,875.0,922.0,923.0,924.0,926.0,959.0,962.0,
9.0,44.0,98.0,161.0,167.0,196.0,229.0,271.0,304.0,328.0,341.0,344.0,350.0,359.0,468.0,470.0,553.0,563.0,568.0,576.0,589.0,598.0,608.0,609.0,633.0,672.0,711.0,747.0,808.0,815.0,830.0,951.0,951.0,958.0,960.0,968.0,
23.0,187.0,204.0,218.0,223.0,271.0,288.0,300.0,304.0,311.0,319.0,319.0,325.0,334.0,373.0,483.0,536.0,591.0,593.0,594.0,598.0,679.0,737.0,746.0,779.0,802.0,818.0,876.0,918.0,954.0,966.0,971.0,983.0,987.0,988.0,
61.0,65.0,97.0,139.0,187.0,221.0,225.0,225.0,231.0,235.0,263.0,265.0,287.0,310.0,355.0,360.0,365.0,388.0,399.0,429.0,442.0,469.0,470.0,475.0,489.0,495.0,525.0,547.0,557.0,567.0,570.0,576.0,613.0,640.0,704.0,846.0,873.0,910.0,935.0,957.0,
14.0,46.0,58.0,61.0,105.0,119.0,128.0,144.0,149.0,181.0,191.0,230.0,247.0,273.0,299.0,322.0,339.0,340.0,342.0,351.0,407.0,454.0,473.0,498.0,541.0,545.0,552.0,558.0,570.0,580.0,585.0,619.0,620.0,633.0,635.0,636.0,642.0,652.0,657.0,657.0,664.0,672.0,734.0,739.0,749.0,749.0,772.0,783.0,801.0,821.0,847.0,862.0,903.0,921.0,936.0,967.0,969.0,969.0,
32.0,47.0,72.0,80.0,166.0,176.0,228.0,237.0,257.0,268.0,269.0,317.0,352.0,358.0,374.0,381.0,409.0,429.0,437.0,462.0,467.0,538.0,558.0,563.0,565.0,635.0,677.0,809.0,846.0,862.0,871.0,900.0,979.0,996.0,
16.0,16.0,55.0,72.0,96.0,97.0,111.0,125.0,132.0,146.0,168.0,249.0,265.0,270.0,276.0,276.0,322.0,331.0,335.0,361.0,375.0,383.0,390.0,395.0,400.0,411.0,419.0,484.0,513.0,530.0,537.0,584.0,606.0,667.0,765.0,867.0,911.0,929.0,934.0,938.0,976.0,990.0,
16.0,45.0,57.0,92.0,145.0,199.0,225.0,226.0,258.0,277.0,352.0,456.0,493.0,505.0,545.0,566.0,568.0,608.0,693.0,694.0,729.0,734.0,742.0,809.0,833.0,900.0,902.0,907.0,924.0,941.0,950.0,950.0,961.0,
5.0,9.0,10.0,25.0,46.0,47.0,68.0,86.0,112.0,182.0,188.0,192.0,205.0,245.0,251.0,344.0,349.0,416.0,420.0,429.0,449.0,454.0,472.0,498.0,504.0,597.0,631.0,634.0,693.0,696.0,725.0,735.0,808.0,837.0,895.0,922.0,940.0,971.0,
62.0,69.0,80.0,92.0,102.0,112.0,112.0,126.0,220.0,240.0,250.0,251.0,254.0,268.0,342.0,372.0,499.0,529.0,557.0,561.0,575.0,658.0,709.0,730.0,794.0,830.0,865.0,897.0,908.0,923.0,939.0,964.0,
35.0,79.0,86.0,121.0,122.0,143.0,186.0,204.0,209.0,315.0,320.0,334.0,342.0,345.0,345.0,347.0,352.0,376.0,412.0,428.0,453.0,454.0,483.0,496.0,542.0,562.0,563.0,622.0,680.0,681.0,690.0,694.0,755.0,758.0,760.0,791.0,799.0,807.0,866.0,912.0,934.0,973.0,986.0,996.0,998.0,
18.0,30.0,33.0,99.0,117.0,171.0,175.0,183.0,249.0,252.0,273.0,305.0,316.0,350.0,458.0,478.0,493.0,548.0,639.0,650.0,667.0,757.0,839.0,847.0,870.0,876.0,879.0,922.0,989.0,
29.0,46.0,74.0,77.0,80.0,109.0,194.0,205.0,225.0,273.0,330.0,378.0,380.0,431.0,433.0,472.0,477.0,503.0,510.0,558.0,578.0,602.0,649.0,653.0,654.0,662.0,672.0,685.0,698.0,742.0,750.0,756.0,883.0,905.0,925.0,967.0,
20.0,27.0,30.0,97.0,139.0,152.0,155.0,186.0,228.0,276.0,296.0,344.0,356.0,357.0,363.0,368.0,413.0,460.0,495.0,506.0,544.0,550.0,559.0,565.0,568.0,573.0,587.0,600.0,619.0,626.0,630.0,659.0,660.0,670.0,673.0,679.0,728.0,799.0,799.0,890.0,923.0,930.0,936.0,978.0,985.0,994.0,
24.0,77.0,97.0,122.0,172.0,173.0,223.0,260.0,272.0,296.0,308.0,346.0,375.0,414.0,435.0,467.0,478.0,512.0,516.0,523.0,528.0,534.0,535.0,549.0,550.0,567.0,572.0,573.0,577.0,585.0,586.0,587.0,595.0,598.0,599.0,600.0,605.0,606.0,613.0,631.0,637.0,643.0,643.0,661.0,674.0,681.0,682.0,687.0,713.0,715.0,717.0,719.0,723.0,727.0,732.0,735.0,741.0,755.0,777.0,784.0,787.0,789.0,802.0,810.0,811.0,828.0,845.0,851.0,863.0,869.0,875.0,882.0,897.0,898.0,914.0,915.0,946.0,947.0,952.0,955.0,956.0,964.0,984.0,987.0,991.0,999.0,1000.0,
42.0,203.0,211.0,212.0,213.0,224.0,253.0,309.0,324.0,329.0,363.0,427.0,483.0,489.0,490.0,495.0,556.0,556.0,561.0,570.0,582.0,582.0,596.0,597.0,638.0,658.0,660.0,674.0,677.0,678.0,684.0,692.0,693.0,693.0,712.0,728.0,747.0,787.0,788.0,797.0,797.0,833.0,859.0,868.0,870.0,875.0,895.0,910.0,913.0,951.0,982.0,
48.0,113.0,158.0,178.0,210.0,277.0,286.0,317.0,346.0,357.0,359.0,361.0,394.0,463.0,490.0,509.0,532.0,554.0,593.0,628.0,681.0,750.0,840.0,854.0,861.0,863.0,957.0,
2.0,39.0,61.0,164.0,171.0,198.0,247.0,313.0,330.0,390.0,408.0,419.0,458.0,516.0,520.0,539.0,550.0,578.0,699.0,710.0,754.0,774.0,776.0,779.0,779.0,790.0,810.0,818.0,830.0,883.0,906.0,939.0,949.0,969.0,
12.0,32.0,55.0,74.0,152.0,162.0,209.0,218.0,232.0,259.0,271.0,316.0,418.0,431.0,455.0,468.0,520.0,522.0,575.0,585.0,597.0,624.0,626.0,671.0,683.0,692.0,716.0,737.0,751.0,782.0,789.0,808.0,842.0,856.0,870.0,927.0,931.0,957.0,989.0,
17.0,47.0,55.0,86.0,101.0,148.0,162.0,185.0,186.0,191.0,295.0,348.0,396.0,490.0,526.0,554.0,562.0,564.0,707.0,826.0,835.0,882.0,902.0,
28.0,112.0,133.0,154.0,201.0,228.0,236.0,254.0,256.0,281.0,307.0,326.0,350.0,351.0,359.0,363.0,372.0,474.0,498.0,639.0,669.0,679.0,688.0,699.0,703.0,770.0,781.0,800.0,800.0,803.0,803.0,820.0,826.0,853.0,924.0,931.0,932.0,941.0,972.0,
19.0,99.0,116.0,128.0,186.0,189.0,190.0,208.0,325.0,339.0,340.0,355.0,404.0,417.0,444.0,472.0,519.0,547.0,575.0,602.0,655.0,655.0,667.0,672.0,711.0,739.0,806.0,807.0,814.0,817.0,845.0,888.0,889.0,925.0,991.0,
64.0,81.0,82.0,91.0,107.0,117.0,121.0,128.0,129.0,193.0,215.0,227.0,253.0,260.0,313.0,383.0,391.0,425.0,440.0,519.0,533.0,627.0,655.0,685.0,708.0,736.0,741.0,757.0,779.0,788.0,819.0,822.0,872.0,929.0,931.0,965.0,968.0,
22.0,41.0,70.0,122.0,138.0,167.0,174.0,175.0,237.0,257.0,319.0,395.0,422.0,464.0,502.0,537.0,570.0,589.0,598.0,623.0,641.0,728.0,744.0,749.0,774.0,791.0,803.0,807.0,817.0,826.0,841.0,845.0,933.0,
44.0,95.0,142.0,233.0,233.0,243.0,253.0,282.0,310.0,327.0,378.0,391.0,423.0,425.0,432.0,509.0,526.0,529.0,551.0,556.0,561.0,567.0,590.0,602.0,635.0,653.0,679.0,686.0,691.0,706.0,724.0,784.0,804.0,850.0,851.0,868.0,965.0,992.0,998.0,
17.0,80.0,120.0,170.0,188.0,225.0,249.0,250.0,271.0,294.0,298.0,310.0,386.0,389.0,425.0,443.0,490.0,491.0,511.0,527.0,706.0,725.0,739.0,759.0,784.0,825.0,833.0,858.0,920.0,954.0,962.0,985.0,
11.0,17.0,23.0,33.0,48.0,54.0,130.0,151.0,187.0,193.0,222.0,232.0,258.0,289.0,298.0,466.0,484.0,510.0,539.0,539.0,566.0,602.0,724.0,789.0,832.0,851.0,873.0,885.0,896.0,901.0,909.0,929.0,980.0,
18.0,19.0,202.0,230.0,238.0,254.0,257.0,401.0,405.0,406.0,411.0,412.0,431.0,461.0,500.0,525.0,558.0,599.0,603.0,709.0,759.0,761.0,782.0,788.0,824.0,831.0,854.0,858.0,864.0,864.0,869.0,915.0,943.0,951.0,976.0,
30.0,62.0,65.0,175.0,183.0,217.0,312.0,342.0,347.0,372.0,399.0,404.0,458.0,476.0,481.0,490.0,500.0,504.0,545.0,568.0,615.0,634.0,646.0,664.0,696.0,710.0,738.0,755.0,828.0,840.0,879.0,892.0,911.0,920.0,972.0,978.0,
9.0,43.0,82.0,129.0,144.0,211.0,223.0,239.0,262.0,285.0,298.0,358.0,395.0,404.0,410.0,472.0,476.0,479.0,532.0,532.0,553.0,566.0,568.0,580.0,602.0,609.0,650.0,690.0,698.0,730.0,745.0,773.0,788.0,821.0,872.0,879.0,916.0,932.0,961.0,964.0,973.0,
5.0,7.0,45.0,59.0,75.0,139.0,144.0,155.0,202.0,228.0,248.0,256.0,282.0,307.0,341.0,384.0,402.0,445.0,457.0,488.0,527.0,536.0,554.0,558.0,587.0,593.0,606.0,626.0,642.0,669.0,692.0,755.0,922.0,929.0,943.0,966.0,
2.0,17.0,111.0,116.0,120.0,132.0,179.0,179.0,182.0,195.0,218.0,223.0,233.0,263.0,277.0,328.0,357.0,371.0,385.0,522.0,616.0,641.0,727.0,785.0,801.0,807.0,812.0,818.0,819.0,825.0,934.0,950.0,
27.0,36.0,83.0,180.0,189.0,254.0,263.0,287.0,301.0,339.0,372.0,380.0,427.0,464.0,484.0,490.0,502.0,541.0,565.0,576.0,599.0,641.0,660.0,683.0,706.0,748.0,753.0,769.0,875.0,876.0,890.0,927.0,945.0,
8.0,177.0,191.0,219.0,229.0,231.0,234.0,249.0,257.0,322.0,353.0,373.0,383.0,403.0,403.0,476.0,485.0,489.0,502.0,616.0,620.0,621.0,641.0,643.0,731.0,771.0,786.0,790.0,823.0,865.0,881.0,913.0,957.0,996.0,
14.0,26.0,36.0,97.0,160.0,232.0,270.0,279.0,299.0,314.0,321.0,352.0,364.0,369.0,377.0,414.0,443.0,457.0,465.0,493.0,512.0,514.0,555.0,557.0,562.0,605.0,615.0,620.0,626.0,668.0,695.0,725.0,756.0,759.0,767.0,814.0,819.0,883.0,944.0,
64.0,98.0,147.0,165.0,174.0,178.0,263.0,296.0,322.0,374.0,412.0,414.0,415.0,510.0,516.0,522.0,541.0,553.0,582.0,609.0,647.0,655.0,661.0,779.0,800.0,817.0,832.0,854.0,913.0,915.0,
4.0,63.0,123.0,129.0,134.0,138.0,179.0,206.0,253.0,305.0,363.0,416.0,430.0,485.0,534.0,562.0,641.0,695.0,699.0,802.0,853.0,930.0,944.0,
45.0,48.0,55.0,93.0,144.0,146.0,229.0,238.0,239.0,325.0,347.0,381.0,421.0,496.0,498.0,509.0,510.0,538.0,540.0,620.0,642.0,689.0,689.0,746.0,792.0,847.0,871.0,873.0,881.0,898.0,899.0,900.0,911.0,981.0,
69.0,74.0,80.0,97.0,177.0,214.0,245.0,277.0,292.0,307.0,325.0,333.0,402.0,444.0,446.0,448.0,452.0,463.0,484.0,523.0,551.0,568.0,644.0,650.0,695.0,724.0,768.0,772.0,797.0,804.0,823.0,830.0,831.0,864.0,901.0,942.0,943.0,963.0,
20.0,24.0,41.0,68.0,154.0,239.0,260.0,299.0,333.0,347.0,366.0,368.0,373.0,384.0,396.0,418.0,465.0,486.0,495.0,509.0,510.0,515.0,549.0,557.0,558.0,560.0,682.0,721.0,736.0,777.0,784.0,806.0,811.0,828.0,869.0,887.0,888.0,897.0,986.0,
12.0,234.0,318.0,328.0,434.0,470.0,480.0,541.0,550.0,617.0,667.0,668.0,676.0,686.0,730.0,733.0,765.0,799.0,856.0,856.0,873.0,892.0,893.0,909.0,917.0,925.0,999.0,
16.0,24.0,42.0,54.0,133.0,140.0,144.0,174.0,202.0,238.0,250.0,257.0,270.0,307.0,337.0,475.0,502.0,567.0,590.0,602.0,654.0,703.0,761.0,770.0,799.0,844.0,897.0,904.0,930.0,963.0,963.0,
59.0,59.0,84.0,95.0,152.0,185.0,188.0,211.0,247.0,266.0,276.0,280.0,283.0,300.0,315.0,327.0,338.0,398.0,429.0,457.0,471.0,483.0,501.0,532.0,544.0,574.0,583.0,597.0,605.0,610.0,686.0,760.0,763.0,783.0,787.0,788.0,845.0,884.0,899.0,902.0,916.0,917.0,925.0,934.0,951.0,985.0,
2.0,9.0,68.0,69.0,78.0,85.0,92.0,100.0,154.0,166.0,170.0,202.0,205.0,219.0,292.0,323.0,328.0,346.0,395.0,478.0,516.0,527.0,538.0,542.0,551.0,559.0,593.0,604.0,651.0,652.0,671.0,685.0,685.0,725.0,740.0,781.0,793.0,806.0,813.0,854.0,856.0,896.0,911.0,931.0,937.0,968.0,989.0,
12.0,51.0,67.0,73.0,141.0,142.0,144.0,173.0,224.0,253.0,254.0,259.0,264.0,284.0,288.0,325.0,352.0,352.0,363.0,382.0,384.0,390.0,484.0,492.0,519.0,541.0,649.0,704.0,788.0,796.0,826.0,827.0,828.0,853.0,888.0,904.0,925.0,932.0,962.0,
14.0,45.0,72.0,104.0,116.0,189.0,209.0,225.0,243.0,253.0,258.0,271.0,272.0,289.0,295.0,339.0,345.0,347.0,351.0,355.0,396.0,407.0,413.0,488.0,489.0,503.0,522.0,612.0,618.0,647.0,654.0,668.0,669.0,674.0,687.0,695.0,763.0,770.0,794.0,802.0,802.0,834.0,852.0,916.0,916.0,924.0,933.0,998.0,
88.0,89.0,97.0,139.0,163.0,169.0,207.0,235.0,236.0,238.0,240.0,283.0,295.0,295.0,434.0,458.0,569.0,616.0,663.0,667.0,676.0,746.0,754.0,760.0,782.0,788.0,791.0,829.0,882.0,941.0,959.0,963.0,
32.0,61.0,130.0,162.0,176.0,191.0,198.0,279.0,282.0,291.0,297.0,298.0,305.0,340.0,398.0,411.0,411.0,411.0,441.0,490.0,490.0,518.0,550.0,569.0,585.0,615.0,630.0,660.0,676.0,712.0,752.0,757.0,773.0,774.0,775.0,846.0,866.0,866.0,896.0,945.0,980.0,993.0,
19.0,20.0,45.0,112.0,132.0,193.0,245.0,265.0,275.0,276.0,299.0,307.0,344.0,371.0,395.0,413.0,444.0,503.0,521.0,613.0,614.0,625.0,625.0,626.0,656.0,661.0,682.0,708.0,776.0,809.0,936.0,981.0,988.0,995.0,
8.0,50.0,51.0,63.0,86.0,127.0,152.0,162.0,164.0,186.0,187.0,229.0,294.0,306.0,307.0,361.0,388.0,413.0,439.0,485.0,622.0,657.0,700.0,739.0,743.0,765.0,775.0,776.0,790.0,849.0,926.0,931.0,932.0,988.0,
5.0,16.0,17.0,24.0,90.0,137.0,223.0,299.0,314.0,341.0,370.0,379.0,408.0,412.0,431.0,444.0,471.0,476.0,539.0,558.0,603.0,616.0,619.0,633.0,634.0,696.0,701.0,711.0,713.0,735.0,771.0,785.0,801.0,817.0,828.0,829.0,927.0,963.0,968.0,
17.0,45.0,142.0,149.0,162.0,180.0,191.0,200.0,209.0,276.0,305.0,311.0,395.0,461.0,488.0,542.0,598.0,666.0,669.0,691.0,693.0,715.0,757.0,777.0,874.0,971.0,
3.0,5.0,20.0,40.0,44.0,55.0,60.0,96.0,133.0,153.0,202.0,206.0,268.0,306.0,347.0,392.0,416.0,430.0,439.0,457.0,466.0,522.0,555.0,561.0,600.0,637.0,638.0,642.0,674.0,722.0,738.0,766.0,767.0,801.0,807.0,843.0,900.0,900.0,921.0,928.0,935.0,954.0,
81.0,113.0,179.0,218.0,231.0,256.0,349.0,354.0,377.0,412.0,425.0,455.0,490.0,492.0,515.0,525.0,528.0,566.0,608.0,612.0,649.0,693.0,707.0,742.0,784.0,789.0,861.0,869.0,876.0,877.0,950.0,960.0,971.0,975.0,990.0,
22.0,26.0,42.0,111.0,137.0,148.0,157.0,165.0,218.0,266.0,288.0,302.0,337.0,339.0,362.0,377.0,392.0,411.0,430.0,433.0,436.0,496.0,498.0,501.0,548.0,566.0,569.0,575.0,643.0,647.0,690.0,699.0,703.0,717.0,734.0,737.0,747.0,761.0,764.0,770.0,832.0,842.0,888.0,921.0,925.0,938.0,
21.0,31.0,41.0,41.0,108.0,155.0,205.0,315.0,322.0,337.0,345.0,392.0,395.0,430.0,460.0,497.0,572.0,573.0,576.0,577.0,604.0,635.0,693.0,694.0,801.0,845.0,949.0,949.0,951.0,968.0,971.0,
113.0,165.0,190.0,265.0,279.0,290.0,323.0,328.0,366.0,397.0,400.0,467.0,474.0,493.0,511.0,517.0,520.0,528.0,531.0,532.0,573.0,593.0,615.0,616.0,648.0,667.0,716.0,724.0,754.0,767.0,794.0,819.0,834.0,859.0,867.0,931.0,945.0,945.0,949.0,970.0,991.0,
2.0,16.0,24.0,25.0,40.0,83.0,108.0,110.0,136.0,163.0,180.0,188.0,210.0,211.0,216.0,237.0,247.0,254.0,273.0,301.0,318.0,352.0,362.0,370.0,402.0,405.0,428.0,450.0,461.0,508.0,523.0,525.0,532.0,613.0,644.0,654.0,660.0,680.0,723.0,774.0,782.0,794.0,808.0,830.0,831.0,876.0,898.0,
5.0,32.0,33.0,82.0,90.0,90.0,96.0,124.0,179.0,247.0,284.0,334.0,360.0,373.0,390.0,420.0,447.0,452.0,482.0,544.0,561.0,578.0,584.0,597.0,624.0,660.0,675.0,689.0,694.0,730.0,741.0,758.0,843.0,850.0,869.0,897.0,922.0,986.0,
