6.0,46.0,56.0,97.0,154.0,207.0,229.0,234.0,238.0,250.0,254.0,275.0,291.0,334.0,336.0,345.0,396.0,406.0,439.0,443.0,460.0,487.0,508.0,622.0,693.0,706.0,708.0,843.0,931.0,985.0,
31.0,32.0,63.0,127.0,135.0,156.0,168.0,221.0,228.0,258.0,279.0,283.0,335.0,420.0,440.0,536.0,562.0,564.0,593.0,599.0,632.0,651.0,673.0,681.0,685.0,685.0,692.0,768.0,769.0,790.0,793.0,830.0,890.0,910.0,912.0,929.0,960.0,971.0,999.0,
2.0,34.0,70.0,74.0,101.0,127.0,135.0,151.0,167.0,223.0,254.0,290.0,309.0,332.0,351.0,358.0,371.0,441.0,444.0,464.0,514.0,527.0,549.0,569.0,578.0,578.0,680.0,708.0,711.0,712.0,720.0,732.0,738.0,817.0,822.0,824.0,854.0,894.0,900.0,
29.0,46.0,85.0,123.0,169.0,175.0,193.0,196.0,198.0,243.0,260.0,260.0,300.0,357.0,390.0,425.0,427.0,441.0,497.0,501.0,551.0,571.0,599.0,635.0,636.0,665.0,700.0,720.0,736.0,845.0,854.0,875.0,876.0,880.0,975.0,
30.0,89.0,126.0,158.0,159.0,166.0,193.0,218.0,230.0,263.0,298.0,312.0,322.0,348.0,365.0,461.0,472.0,493.0,498.0,507.0,514.0,557.0,576.0,576.0,583.0,654.0,691.0,694.0,723.0,764.0,767.0,770.0,797.0,850.0,858.0,894.0,901.0,926.0,931.0,944.0,944.0,944.0,983.0,996.0,
21.0,51.0,54.0,86.0,134.0,141.0,204.0,231.0,232.0,276.0,368.0,389.0,401.0,411.0,422.0,482.0,513.0,533.0,537.0,549.0,588.0,610.0,692.0,692.0,701.0,740.0,761.0,761.0,764.0,778.0,802.0,836.0,849.0,871.0,887.0,936.0,964.0,999.0,
22.0,68.0,73.0,82.0,109.0,159.0,181.0,283.0,318.0,332.0,383.0,471.0,481.0,489.0,502.0,539.0,543.0,612.0,635.0,689.0,705.0,738.0,803.0,850.0,851.0,860.0,860.0,884.0,896.0,
165.0,168.0,197.0,304.0,341.0,352.0,385.0,393.0,421.0,453.0,545.0,547.0,629.0,695.0,698.0,763.0,809.0,867.0,887.0,947.0,954.0,992.0,
6.0,58.0,78.0,81.0,113.0,114.0,121.0,157.0,174.0,211.0,232.0,234.0,261.0,286.0,287.0,362.0,368.0,386.0,412.0,419.0,462.0,464.0,508.0,594.0,596.0,608.0,617.0,635.0,721.0,771.0,799.0,802.0,820.0,926.0,968.0,969.0,982.0,
15.0,53.0,62.0,88.0,100.0,112.0,137.0,143.0,147.0,152.0,156.0,158.0,164.0,164.0,191.0,196.0,203.0,220.0,233.0,275.0,319.0,349.0,354.0,378.0,389.0,397.0,571.0,577.0,578.0,588.0,605.0,611.0,681.0,730.0,759.0,793.0,803.0,815.0,828.0,833.0,837.0,859.0,859.0,881.0,897.0,905.0,907.0,928.0,950.0,983.0,
2.0,65.0,71.0,89.0,96.0,100.0,141.0,152.0,153.0,248.0,276.0,290.0,303.0,311.0,324.0,339.0,341.0,374.0,398.0,441.0,443.0,443.0,471.0,481.0,493.0,505.0,515.0,520.0,549.0,592.0,592.0,612.0,626.0,660.0,667.0,704.0,704.0,713.0,721.0,726.0,833.0,881.0,889.0,917.0,920.0,1000.0,
41.0,59.0,72.0,79.0,83.0,106.0,137.0,162.0,171.0,174.0,190.0,191.0,194.0,223.0,235.0,398.0,407.0,415.0,458.0,493.0,539.0,648.0,673.0,674.0,711.0,719.0,740.0,750.0,766.0,793.0,805.0,836.0,850.0,860.0,883.0,925.0,934.0,950.0,973.0,987.0,
25.0,58.0,84.0,96.0,123.0,130.0,177.0,188.0,233.0,255.0,274.0,297.0,307.0,457.0,471.0,513.0,555.0,561.0,563.0,584.0,601.0,623.0,666.0,727.0,755.0,784.0,787.0,818.0,849.0,913.0,927.0,927.0,933.0,943.0,944.0,949.0,959.0,977.0,
20.0,36.0,53.0,125.0,187.0,243.0,248.0,255.0,325.0,338.0,423.0,429.0,443.0,444.0,526.0,535.0,555.0,604.0,647.0,651.0,658.0,666.0,715.0,717.0,719.0,722.0,748.0,755.0,770.0,792.0,808.0,821.0,826.0,830.0,906.0,912.0,924.0,927.0,975.0,996.0,
48.0,63.0,86.0,104.0,154.0,178.0,212.0,217.0,251.0,279.0,293.0,300.0,348.0,367.0,400.0,407.0,510.0,591.0,626.0,693.0,694.0,724.0,857.0,939.0,983.0,
20.0,24.0,32.0,75.0,131.0,132.0,152.0,168.0,294.0,309.0,321.0,321.0,324.0,335.0,353.0,373.0,376.0,428.0,430.0,511.0,515.0,517.0,533.0,534.0,548.0,595.0,599.0,605.0,627.0,645.0,664.0,668.0,712.0,755.0,806.0,820.0,855.0,873.0,879.0,896.0,902.0,933.0,958.0,
3.0,12.0,20.0,30.0,36.0,77.0,115.0,175.0,211.0,296.0,317.0,343.0,350.0,358.0,362.0,406.0,433.0,435.0,441.0,515.0,527.0,540.0,580.0,618.0,620.0,626.0,645.0,654.0,725.0,748.0,820.0,838.0,888.0,889.0,906.0,937.0,
74.0,80.0,86.0,120.0,133.0,141.0,183.0,186.0,236.0,266.0,287.0,294.0,299.0,307.0,337.0,346.0,372.0,400.0,417.0,419.0,467.0,483.0,537.0,561.0,578.0,585.0,622.0,630.0,654.0,668.0,730.0,769.0,862.0,921.0,983.0,987.0,989.0,1000.0,
48.0,49.0,52.0,65.0,103.0,106.0,117.0,123.0,174.0,178.0,198.0,209.0,221.0,246.0,246.0,315.0,339.0,352.0,422.0,446.0,450.0,477.0,551.0,578.0,643.0,652.0,658.0,661.0,669.0,685.0,695.0,707.0,732.0,773.0,793.0,851.0,869.0,930.0,966.0,971.0,974.0,999.0,
63.0,74.0,155.0,167.0,199.0,214.0,224.0,242.0,275.0,292.0,320.0,365.0,412.0,473.0,491.0,506.0,557.0,578.0,581.0,610.0,674.0,677.0,735.0,811.0,823.0,829.0,839.0,843.0,845.0,881.0,890.0,896.0,937.0,975.0,995.0,
10.0,29.0,37.0,44.0,45.0,70.0,98.0,119.0,150.0,163.0,164.0,209.0,237.0,302.0,328.0,341.0,375.0,383.0,393.0,414.0,419.0,420.0,450.0,461.0,475.0,530.0,531.0,540.0,619.0,652.0,668.0,725.0,793.0,795.0,828.0,835.0,850.0,919.0,968.0,971.0,
16.0,28.0,66.0,167.0,177.0,184.0,185.0,218.0,219.0,248.0,395.0,448.0,489.0,522.0,544.0,553.0,600.0,623.0,653.0,674.0,684.0,722.0,732.0,752.0,758.0,864.0,871.0,893.0,901.0,906.0,910.0,960.0,964.0,990.0,
14.0,21.0,37.0,56.0,61.0,64.0,86.0,88.0,100.0,104.0,123.0,167.0,201.0,224.0,246.0,295.0,338.0,340.0,386.0,411.0,440.0,448.0,448.0,503.0,504.0,538.0,569.0,660.0,735.0,771.0,771.0,773.0,804.0,833.0,858.0,865.0,954.0,957.0,
31.0,60.0,106.0,225.0,231.0,245.0,260.0,303.0,311.0,339.0,379.0,394.0,408.0,477.0,486.0,490.0,492.0,572.0,585.0,684.0,694.0,711.0,775.0,807.0,906.0,926.0,
98.0,116.0,128.0,136.0,183.0,195.0,211.0,240.0,249.0,315.0,356.0,361.0,385.0,396.0,434.0,476.0,486.0,488.0,546.0,571.0,573.0,580.0,615.0,650.0,705.0,742.0,766.0,768.0,803.0,824.0,935.0,957.0,984.0,995.0,
157.0,203.0,214.0,268.0,271.0,275.0,292.0,297.0,327.0,377.0,419.0,465.0,505.0,610.0,625.0,648.0,673.0,710.0,741.0,777.0,800.0,806.0,811.0,828.0,828.0,840.0,843.0,852.0,883.0,892.0,895.0,898.0,908.0,910.0,966.0,998.0,998.0,
40.0,110.0,122.0,148.0,157.0,165.0,173.0,193.0,226.0,261.0,284.0,317.0,318.0,326.0,342.0,349.0,353.0,431.0,434.0,458.0,502.0,515.0,523.0,529.0,602.0,616.0,619.0,687.0,752.0,754.0,776.0,842.0,878.0,907.0,927.0,948.0,965.0,980.0,999.0,
45.0,64.0,89.0,96.0,107.0,109.0,117.0,198.0,220.0,225.0,228.0,239.0,243.0,246.0,252.0,259.0,308.0,318.0,321.0,327.0,334.0,349.0,358.0,371.0,373.0,389.0,403.0,446.0,469.0,476.0,488.0,492.0,500.0,502.0,516.0,535.0,611.0,628.0,662.0,705.0,714.0,742.0,749.0,765.0,775.0,806.0,851.0,896.0,912.0,921.0,959.0,977.0,998.0,
100.0,126.0,147.0,168.0,173.0,227.0,280.0,310.0,348.0,418.0,427.0,430.0,430.0,464.0,497.0,497.0,530.0,549.0,560.0,692.0,702.0,725.0,733.0,764.0,766.0,796.0,802.0,810.0,837.0,864.0,880.0,923.0,942.0,959.0,975.0,986.0,
56.0,93.0,116.0,142.0,156.0,199.0,200.0,221.0,237.0,259.0,379.0,414.0,461.0,491.0,513.0,517.0,522.0,533.0,613.0,651.0,674.0,750.0,803.0,853.0,859.0,866.0,886.0,927.0,968.0,979.0,987.0,
12.0,19.0,20.0,26.0,179.0,217.0,229.0,326.0,345.0,369.0,422.0,428.0,428.0,434.0,508.0,546.0,640.0,712.0,725.0,805.0,810.0,836.0,837.0,885.0,900.0,
7.0,47.0,65.0,77.0,110.0,116.0,125.0,157.0,171.0,242.0,355.0,383.0,415.0,415.0,426.0,453.0,531.0,586.0,599.0,600.0,660.0,666.0,710.0,778.0,797.0,815.0,819.0,837.0,880.0,896.0,898.0,912.0,921.0,943.0,954.0,974.0,
9.0,16.0,31.0,163.0,176.0,177.0,209.0,210.0,342.0,350.0,407.0,423.0,434.0,442.0,469.0,529.0,604.0,614.0,621.0,626.0,656.0,656.0,683.0,686.0,730.0,745.0,771.0,777.0,789.0,826.0,851.0,871.0,978.0,999.0,
8.0,27.0,29.0,37.0,70.0,92.0,130.0,164.0,165.0,202.0,236.0,248.0,254.0,265.0,285.0,295.0,403.0,410.0,430.0,445.0,447.0,471.0,481.0,530.0,536.0,576.0,578.0,675.0,679.0,681.0,697.0,798.0,852.0,867.0,874.0,880.0,909.0,951.0,959.0,
19.0,107.0,110.0,153.0,192.0,221.0,382.0,390.0,406.0,418.0,422.0,435.0,437.0,482.0,485.0,536.0,573.0,587.0,614.0,655.0,691.0,773.0,813.0,837.0,852.0,880.0,903.0,944.0,
77.0,117.0,149.0,188.0,253.0,257.0,282.0,326.0,343.0,459.0,468.0,498.0,574.0,614.0,707.0,722.0,771.0,777.0,792.0,810.0,843.0,879.0,881.0,946.0,958.0,966.0,973.0,999.0,
8.0,25.0,30.0,50.0,67.0,87.0,112.0,123.0,142.0,152.0,165.0,194.0,203.0,228.0,239.0,240.0,290.0,297.0,301.0,315.0,333.0,344.0,346.0,350.0,382.0,462.0,466.0,487.0,498.0,519.0,523.0,530.0,543.0,584.0,585.0,606.0,610.0,626.0,634.0,687.0,747.0,764.0,787.0,802.0,835.0,845.0,863.0,875.0,875.0,885.0,887.0,900.0,901.0,951.0,955.0,971.0,981.0,998.0,
22.0,24.0,97.0,181.0,208.0,237.0,279.0,324.0,356.0,358.0,360.0,366.0,418.0,438.0,443.0,444.0,520.0,550.0,733.0,801.0,837.0,867.0,875.0,901.0,901.0,906.0,927.0,931.0,1000.0,
51.0,190.0,208.0,221.0,249.0,304.0,319.0,336.0,362.0,386.0,405.0,406.0,422.0,460.0,464.0,480.0,503.0,518.0,520.0,560.0,560.0,588.0,614.0,633.0,692.0,697.0,698.0,699.0,703.0,792.0,861.0,870.0,898.0,916.0,940.0,962.0,963.0,987.0,
51.0,53.0,54.0,65.0,72.0,165.0,197.0,208.0,220.0,263.0,354.0,372.0,427.0,428.0,481.0,573.0,606.0,690.0,707.0,743.0,752.0,771.0,788.0,800.0,818.0,840.0,897.0,930.0,998.0,
19.0,29.0,64.0,86.0,142.0,146.0,153.0,175.0,200.0,201.0,213.0,213.0,298.0,326.0,336.0,379.0,383.0,410.0,473.0,498.0,544.0,552.0,554.0,572.0,631.0,634.0,756.0,763.0,764.0,776.0,788.0,792.0,854.0,862.0,939.0,970.0,972.0,
19.0,24.0,27.0,30.0,38.0,43.0,68.0,94.0,115.0,161.0,166.0,196.0,199.0,267.0,312.0,317.0,319.0,371.0,380.0,386.0,389.0,391.0,392.0,404.0,408.0,415.0,423.0,427.0,433.0,443.0,530.0,532.0,571.0,581.0,597.0,615.0,616.0,620.0,627.0,667.0,675.0,689.0,700.0,715.0,729.0,762.0,775.0,812.0,830.0,831.0,832.0,871.0,873.0,939.0,985.0,
26.0,112.0,115.0,134.0,171.0,203.0,231.0,260.0,262.0,277.0,369.0,377.0,382.0,396.0,405.0,420.0,422.0,452.0,463.0,495.0,559.0,580.0,591.0,614.0,641.0,652.0,677.0,690.0,704.0,705.0,706.0,712.0,736.0,750.0,765.0,803.0,822.0,824.0,848.0,858.0,878.0,912.0,
6.0,10.0,82.0,92.0,93.0,95.0,108.0,159.0,199.0,210.0,234.0,254.0,271.0,298.0,326.0,335.0,412.0,461.0,471.0,475.0,520.0,531.0,584.0,599.0,632.0,651.0,671.0,689.0,725.0,735.0,781.0,800.0,824.0,836.0,839.0,843.0,851.0,859.0,875.0,898.0,913.0,930.0,979.0,
27.0,35.0,55.0,97.0,153.0,153.0,161.0,164.0,173.0,188.0,247.0,262.0,283.0,337.0,359.0,385.0,411.0,423.0,434.0,435.0,483.0,516.0,550.0,589.0,604.0,610.0,674.0,720.0,722.0,764.0,768.0,778.0,791.0,792.0,810.0,863.0,923.0,942.0,
54.0,97.0,97.0,100.0,120.0,127.0,127.0,129.0,132.0,162.0,186.0,254.0,260.0,262.0,304.0,355.0,384.0,387.0,539.0,555.0,565.0,583.0,593.0,661.0,710.0,712.0,727.0,772.0,792.0,801.0,823.0,833.0,846.0,864.0,878.0,932.0,955.0,968.0,982.0,
3.0,11.0,40.0,103.0,107.0,150.0,154.0,166.0,185.0,226.0,231.0,257.0,293.0,299.0,306.0,331.0,348.0,401.0,446.0,473.0,496.0,505.0,520.0,535.0,544.0,544.0,566.0,579.0,625.0,625.0,648.0,652.0,657.0,694.0,727.0,738.0,794.0,830.0,863.0,877.0,914.0,914.0,921.0,942.0,961.0,986.0,
18.0,24.0,67.0,70.0,84.0,99.0,174.0,189.0,209.0,231.0,238.0,282.0,291.0,315.0,316.0,342.0,429.0,451.0,485.0,496.0,564.0,584.0,609.0,621.0,624.0,693.0,734.0,781.0,840.0,856.0,906.0,927.0,
7.0,19.0,20.0,68.0,82.0,82.0,117.0,119.0,128.0,195.0,198.0,215.0,218.0,231.0,236.0,268.0,345.0,356.0,391.0,410.0,483.0,571.0,676.0,686.0,690.0,761.0,772.0,777.0,779.0,791.0,792.0,814.0,814.0,835.0,837.0,860.0,866.0,867.0,905.0,939.0,952.0,955.0,
12.0,19.0,24.0,57.0,68.0,124.0,137.0,165.0,215.0,324.0,349.0,357.0,359.0,375.0,385.0,496.0,548.0,556.0,572.0,580.0,609.0,655.0,685.0,692.0,759.0,773.0,783.0,808.0,816.0,828.0,852.0,853.0,858.0,887.0,892.0,893.0,940.0,995.0,
10.0,31.0,83.0,143.0,146.0,171.0,197.0,241.0,243.0,249.0,251.0,297.0,319.0,369.0,380.0,421.0,441.0,482.0,501.0,547.0,598.0,611.0,611.0,672.0,705.0,775.0,808.0,821.0,854.0,877.0,890.0,909.0,912.0,972.0,987.0,993.0,
14.0,25.0,57.0,122.0,192.0,196.0,201.0,229.0,233.0,238.0,245.0,329.0,334.0,359.0,376.0,423.0,477.0,478.0,483.0,520.0,550.0,577.0,590.0,633.0,665.0,690.0,750.0,764.0,792.0,825.0,839.0,850.0,855.0,870.0,891.0,916.0,929.0,967.0,
47.0,102.0,130.0,218.0,225.0,282.0,288.0,308.0,398.0,408.0,424.0,440.0,477.0,509.0,511.0,514.0,519.0,538.0,575.0,590.0,697.0,748.0,755.0,784.0,793.0,816.0,895.0,905.0,976.0,977.0,986.0,
12.0,26.0,36.0,56.0,66.0,77.0,83.0,183.0,341.0,348.0,352.0,377.0,390.0,414.0,421.0,477.0,486.0,491.0,493.0,496.0,534.0,555.0,604.0,621.0,627.0,628.0,646.0,768.0,783.0,784.0,791.0,794.0,797.0,817.0,822.0,900.0,928.0,932.0,962.0,968.0,
40.0,43.0,118.0,120.0,198.0,199.0,214.0,250.0,261.0,292.0,349.0,363.0,400.0,499.0,534.0,552.0,561.0,562.0,587.0,594.0,595.0,632.0,643.0,681.0,710.0,769.0,794.0,797.0,818.0,826.0,830.0,870.0,871.0,928.0,947.0,964.0,999.0,
92.0,99.0,158.0,196.0,213.0,213.0,213.0,281.0,282.0,307.0,314.0,320.0,343.0,398.0,429.0,444.0,490.0,497.0,520.0,874.0,954.0,
8.0,37.0,65.0,84.0,102.0,113.0,146.0,172.0,178.0,203.0,234.0,243.0,257.0,277.0,288.0,294.0,298.0,340.0,380.0,385.0,387.0,388.0,597.0,598.0,680.0,696.0,700.0,773.0,794.0,832.0,886.0,994.0,
9.0,35.0,36.0,43.0,80.0,194.0,243.0,243.0,310.0,321.0,333.0,335.0,342.0,342.0,349.0,362.0,379.0,389.0,468.0,470.0,490.0,520.0,563.0,612.0,675.0,681.0,766.0,810.0,820.0,835.0,847.0,858.0,883.0,919.0,958.0,973.0,
47.0,58.0,80.0,91.0,96.0,99.0,198.0,303.0,348.0,391.0,393.0,399.0,454.0,476.0,477.0,481.0,520.0,536.0,537.0,551.0,552.0,563.0,630.0,687.0,688.0,728.0,764.0,773.0,866.0,910.0,914.0,968.0,995.0,
4.0,143.0,170.0,175.0,196.0,215.0,254.0,258.0,275.0,351.0,406.0,407.0,420.0,445.0,486.0,511.0,528.0,583.0,603.0,612.0,617.0,621.0,640.0,776.0,824.0,825.0,960.0,982.0,
6.0,58.0,134.0,216.0,253.0,263.0,284.0,310.0,322.0,328.0,335.0,342.0,349.0,356.0,379.0,401.0,414.0,453.0,485.0,490.0,501.0,506.0,507.0,591.0,683.0,691.0,699.0,735.0,751.0,751.0,787.0,825.0,838.0,857.0,880.0,891.0,909.0,911.0,916.0,927.0,948.0,977.0,
8.0,33.0,51.0,74.0,182.0,183.0,211.0,238.0,246.0,247.0,266.0,269.0,293.0,339.0,343.0,360.0,375.0,394.0,403.0,404.0,434.0,436.0,484.0,524.0,613.0,628.0,664.0,693.0,700.0,735.0,743.0,755.0,763.0,838.0,848.0,902.0,903.0,952.0,965.0,
98.0,118.0,163.0,200.0,208.0,243.0,314.0,330.0,343.0,348.0,371.0,387.0,418.0,446.0,446.0,477.0,504.0,558.0,635.0,637.0,640.0,663.0,707.0,722.0,733.0,738.0,741.0,848.0,856.0,902.0,944.0,966.0,
88.0,281.0,359.0,361.0,370.0,389.0,441.0,443.0,450.0,472.0,475.0,475.0,534.0,610.0,637.0,737.0,754.0,756.0,796.0,908.0,922.0,971.0,
7.0,13.0,28.0,44.0,108.0,139.0,155.0,174.0,215.0,242.0,266.0,273.0,275.0,285.0,311.0,356.0,375.0,433.0,437.0,460.0,503.0,510.0,555.0,569.0,603.0,676.0,696.0,730.0,766.0,785.0,795.0,803.0,888.0,999.0,
71.0,78.0,79.0,120.0,184.0,217.0,268.0,276.0,281.0,344.0,393.0,425.0,470.0,477.0,503.0,505.0,526.0,551.0,588.0,624.0,628.0,664.0,689.0,719.0,779.0,797.0,825.0,860.0,863.0,876.0,885.0,907.0,909.0,920.0,921.0,924.0,947.0,961.0,970.0,972.0,
7.0,75.0,96.0,119.0,177.0,212.0,241.0,255.0,262.0,294.0,314.0,343.0,368.0,394.0,397.0,409.0,426.0,497.0,551.0,600.0,643.0,654.0,655.0,658.0,661.0,685.0,713.0,735.0,765.0,796.0,834.0,846.0,888.0,954.0,966.0,976.0,977.0,
5.0,6.0,28.0,30.0,39.0,42.0,95.0,130.0,137.0,156.0,161.0,206.0,209.0,332.0,382.0,399.0,490.0,493.0,605.0,662.0,664.0,717.0,745.0,747.0,750.0,762.0,768.0,785.0,834.0,850.0,866.0,870.0,884.0,898.0,929.0,943.0,
37.0,81.0,117.0,123.0,156.0,174.0,228.0,289.0,300.0,368.0,399.0,405.0,483.0,491.0,499.0,504.0,506.0,528.0,544.0,562.0,639.0,642.0,664.0,755.0,780.0,783.0,842.0,909.0,911.0,911.0,916.0,949.0,996.0,
2.0,12.0,20.0,71.0,94.0,117.0,121.0,125.0,126.0,182.0,194.0,217.0,239.0,253.0,262.0,265.0,271.0,284.0,314.0,338.0,347.0,353.0,381.0,384.0,386.0,394.0,400.0,435.0,463.0,488.0,495.0,564.0,572.0,607.0,644.0,651.0,663.0,716.0,787.0,796.0,856.0,921.0,960.0,965.0,
47.0,67.0,86.0,156.0,186.0,208.0,208.0,286.0,307.0,339.0,380.0,399.0,411.0,473.0,476.0,481.0,504.0,531.0,618.0,618.0,622.0,649.0,650.0,718.0,738.0,746.0,757.0,773.0,811.0,857.0,871.0,907.0,950.0,992.0,
4.0,23.0,58.0,64.0,69.0,81.0,82.0,110.0,169.0,210.0,233.0,267.0,288.0,391.0,410.0,414.0,425.0,442.0,456.0,540.0,575.0,620.0,630.0,631.0,641.0,696.0,727.0,735.0,785.0,809.0,816.0,821.0,829.0,832.0,843.0,891.0,894.0,899.0,964.0,987.0,
68.0,80.0,115.0,119.0,123.0,127.0,158.0,192.0,195.0,231.0,248.0,418.0,442.0,487.0,500.0,532.0,542.0,545.0,621.0,624.0,650.0,701.0,710.0,726.0,734.0,757.0,804.0,846.0,846.0,867.0,871.0,874.0,909.0,974.0,1000.0,
15.0,37.0,42.0,44.0,56.0,62.0,142.0,177.0,223.0,388.0,402.0,446.0,483.0,509.0,624.0,666.0,681.0,682.0,742.0,746.0,846.0,852.0,875.0,880.0,900.0,908.0,922.0,946.0,948.0,953.0,973.0,
8.0,11.0,26.0,52.0,66.0,117.0,124.0,169.0,211.0,235.0,256.0,274.0,295.0,298.0,339.0,365.0,371.0,373.0,420.0,427.0,490.0,525.0,547.0,587.0,589.0,610.0,618.0,636.0,648.0,736.0,757.0,794.0,820.0,823.0,864.0,907.0,909.0,911.0,951.0,962.0,973.0,
2.0,34.0,64.0,86.0,158.0,186.0,211.0,276.0,338.0,340.0,343.0,361.0,372.0,408.0,412.0,540.0,572.0,644.0,707.0,715.0,722.0,768.0,776.0,794.0,855.0,863.0,878.0,887.0,889.0,890.0,906.0,969.0,988.0,997.0,
41.0,118.0,195.0,207.0,220.0,224.0,294.0,297.0,304.0,332.0,347.0,569.0,627.0,664.0,750.0,752.0,756.0,760.0,763.0,775.0,791.0,881.0,901.0,923.0,931.0,934.0,
50.0,78.0,92.0,162.0,245.0,252.0,301.0,320.0,328.0,332.0,334.0,362.0,380.0,400.0,427.0,446.0,452.0,455.0,519.0,575.0,579.0,688.0,699.0,705.0,706.0,728.0,732.0,740.0,774.0,776.0,786.0,795.0,843.0,846.0,856.0,858.0,865.0,955.0,994.0,
93.0,99.0,188.0,188.0,204.0,262.0,293.0,303.0,333.0,345.0,381.0,396.0,414.0,422.0,504.0,509.0,510.0,552.0,619.0,689.0,689.0,718.0,728.0,779.0,806.0,835.0,847.0,876.0,932.0,970.0,
46.0,60.0,78.0,86.0,123.0,157.0,163.0,195.0,220.0,224.0,260.0,261.0,262.0,280.0,303.0,356.0,381.0,407.0,424.0,428.0,436.0,453.0,465.0,465.0,475.0,479.0,513.0,513.0,611.0,631.0,647.0,663.0,670.0,672.0,678.0,688.0,772.0,800.0,808.0,838.0,897.0,920.0,925.0,
31.0,34.0,40.0,49.0,53.0,95.0,111.0,155.0,264.0,312.0,418.0,448.0,472.0,473.0,532.0,541.0,545.0,548.0,550.0,563.0,570.0,643.0,701.0,704.0,753.0,761.0,764.0,785.0,801.0,804.0,868.0,901.0,901.0,944.0,967.0,
12.0,18.0,67.0,96.0,131.0,156.0,182.0,225.0,258.0,261.0,266.0,287.0,300.0,314.0,416.0,435.0,519.0,530.0,545.0,575.0,584.0,584.0,606.0,616.0,649.0,670.0,685.0,699.0,746.0,822.0,825.0,870.0,870.0,898.0,916.0,955.0,958.0,
44.0,47.0,89.0,90.0,144.0,175.0,182.0,184.0,186.0,209.0,214.0,258.0,261.0,271.0,307.0,336.0,347.0,364.0,391.0,424.0,424.0,458.0,462.0,504.0,629.0,641.0,648.0,652.0,661.0,673.0,720.0,754.0,764.0,836.0,852.0,855.0,883.0,928.0,942.0,972.0,992.0,
28.0,69.0,104.0,148.0,157.0,194.0,199.0,199.0,202.0,239.0,243.0,251.0,262.0,300.0,320.0,351.0,377.0,404.0,404.0,458.0,477.0,497.0,505.0,543.0,561.0,564.0,592.0,661.0,681.0,701.0,702.0,745.0,748.0,748.0,750.0,771.0,803.0,835.0,845.0,854.0,878.0,883.0,887.0,889.0,893.0,895.0,907.0,918.0,931.0,935.0,939.0,948.0,968.0,991.0,
10.0,23.0,28.0,66.0,84.0,159.0,214.0,228.0,243.0,248.0,291.0,394.0,395.0,417.0,434.0,453.0,536.0,574.0,587.0,608.0,629.0,630.0,635.0,649.0,681.0,691.0,715.0,734.0,734.0,754.0,759.0,828.0,838.0,868.0,880.0,892.0,901.0,917.0,951.0,957.0,974.0,
17.0,31.0,40.0,57.0,106.0,123.0,124.0,189.0,204.0,211.0,220.0,245.0,285.0,341.0,366.0,378.0,442.0,456.0,459.0,511.0,541.0,545.0,595.0,639.0,649.0,727.0,746.0,773.0,799.0,814.0,842.0,864.0,865.0,891.0,914.0,921.0,962.0,982.0,989.0,
22.0,29.0,31.0,98.0,142.0,153.0,306.0,352.0,367.0,374.0,393.0,451.0,462.0,565.0,581.0,591.0,653.0,699.0,703.0,750.0,769.0,771.0,817.0,838.0,853.0,882.0,961.0,
19.0,28.0,66.0,80.0,187.0,200.0,231.0,325.0,358.0,361.0,409.0,419.0,469.0,486.0,506.0,543.0,548.0,554.0,625.0,817.0,852.0,872.0,883.0,883.0,905.0,949.0,963.0,969.0,980.0,
19.0,33.0,38.0,43.0,52.0,59.0,67.0,102.0,132.0,142.0,145.0,148.0,152.0,303.0,304.0,321.0,453.0,496.0,508.0,512.0,623.0,627.0,637.0,638.0,670.0,681.0,709.0,724.0,725.0,735.0,746.0,747.0,758.0,763.0,781.0,783.0,785.0,789.0,799.0,802.0,811.0,870.0,871.0,893.0,909.0,985.0,
8.0,23.0,78.0,88.0,154.0,180.0,229.0,273.0,348.0,349.0,356.0,378.0,406.0,423.0,452.0,498.0,514.0,528.0,560.0,585.0,595.0,619.0,689.0,764.0,778.0,800.0,804.0,842.0,844.0,865.0,887.0,915.0,918.0,945.0,949.0,
2.0,32.0,74.0,76.0,80.0,97.0,173.0,186.0,196.0,201.0,254.0,275.0,287.0,300.0,332.0,338.0,388.0,413.0,449.0,457.0,519.0,532.0,547.0,594.0,612.0,640.0,642.0,683.0,716.0,728.0,763.0,775.0,787.0,792.0,927.0,
3.0,46.0,52.0,55.0,117.0,140.0,206.0,222.0,332.0,374.0,380.0,381.0,382.0,401.0,412.0,460.0,493.0,530.0,580.0,583.0,589.0,647.0,696.0,735.0,741.0,747.0,815.0,818.0,822.0,822.0,875.0,940.0,972.0,
144.0,204.0,244.0,269.0,270.0,282.0,305.0,315.0,319.0,321.0,416.0,453.0,463.0,469.0,477.0,482.0,543.0,551.0,569.0,575.0,598.0,649.0,726.0,740.0,743.0,760.0,782.0,786.0,804.0,808.0,851.0,878.0,890.0,898.0,903.0,958.0,973.0,981.0,
11.0,106.0,157.0,160.0,199.0,201.0,280.0,288.0,328.0,358.0,375.0,415.0,447.0,455.0,465.0,467.0,632.0,638.0,651.0,696.0,727.0,741.0,752.0,755.0,794.0,795.0,826.0,829.0,854.0,924.0,997.0,
27.0,33.0,56.0,74.0,83.0,141.0,234.0,259.0,285.0,399.0,416.0,503.0,516.0,572.0,592.0,609.0,656.0,703.0,703.0,733.0,746.0,769.0,779.0,797.0,943.0,956.0,999.0,
54.0,82.0,87.0,109.0,109.0,113.0,130.0,144.0,144.0,157.0,235.0,245.0,351.0,364.0,391.0,408.0,415.0,416.0,431.0,451.0,479.0,498.0,529.0,562.0,580.0,655.0,713.0,761.0,771.0,807.0,853.0,877.0,901.0,910.0,916.0,935.0,970.0,
6.0,51.0,65.0,124.0,145.0,181.0,226.0,234.0,263.0,306.0,310.0,426.0,447.0,454.0,514.0,517.0,525.0,533.0,577.0,610.0,690.0,765.0,830.0,850.0,867.0,932.0,
46.0,91.0,98.0,120.0,129.0,140.0,165.0,169.0,214.0,323.0,350.0,350.0,353.0,393.0,404.0,406.0,433.0,475.0,488.0,516.0,584.0,609.0,618.0,668.0,774.0,820.0,826.0,922.0,941.0,945.0,957.0,965.0,977.0,998.0,
3.0,7.0,51.0,62.0,108.0,127.0,142.0,148.0,149.0,161.0,162.0,249.0,265.0,310.0,322.0,373.0,377.0,429.0,450.0,502.0,529.0,563.0,620.0,623.0,676.0,749.0,757.0,764.0,812.0,856.0,908.0,919.0,957.0,961.0,966.0,
44.0,66.0,115.0,123.0,147.0,192.0,215.0,246.0,249.0,256.0,309.0,356.0,358.0,358.0,417.0,423.0,428.0,472.0,529.0,548.0,584.0,607.0,674.0,705.0,713.0,783.0,798.0,845.0,866.0,872.0,892.0,895.0,963.0,
