32.0,82.0,245.0,254.0,294.0,308.0,310.0,339.0,361.0,374.0,382.0,410.0,426.0,492.0,522.0,534.0,589.0,593.0,620.0,626.0,641.0,695.0,745.0,825.0,862.0,893.0,904.0,928.0,963.0,985.0,
2.0,6.0,62.0,84.0,98.0,102.0,144.0,150.0,223.0,281.0,320.0,337.0,391.0,405.0,412.0,433.0,510.0,518.0,538.0,564.0,565.0,615.0,622.0,720.0,752.0,755.0,767.0,792.0,815.0,921.0,
6.0,29.0,61.0,67.0,117.0,117.0,129.0,152.0,191.0,214.0,215.0,276.0,276.0,302.0,340.0,342.0,353.0,358.0,379.0,379.0,381.0,387.0,392.0,406.0,465.0,470.0,543.0,557.0,567.0,619.0,673.0,674.0,707.0,719.0,728.0,731.0,767.0,770.0,779.0,804.0,830.0,898.0,931.0,939.0,946.0,
149.0,151.0,283.0,388.0,429.0,510.0,518.0,530.0,606.0,623.0,626.0,642.0,656.0,672.0,690.0,723.0,834.0,868.0,871.0,929.0,944.0,947.0,966.0,984.0,
161.0,199.0,203.0,245.0,265.0,277.0,278.0,287.0,319.0,319.0,337.0,350.0,407.0,448.0,472.0,472.0,485.0,487.0,499.0,533.0,557.0,585.0,589.0,618.0,696.0,696.0,698.0,702.0,704.0,710.0,741.0,762.0,766.0,780.0,784.0,805.0,808.0,810.0,839.0,869.0,962.0,990.0,993.0,
2.0,19.0,33.0,38.0,68.0,85.0,101.0,136.0,142.0,157.0,162.0,180.0,191.0,199.0,216.0,260.0,281.0,283.0,316.0,318.0,366.0,410.0,411.0,417.0,458.0,469.0,481.0,492.0,503.0,555.0,598.0,604.0,654.0,656.0,661.0,684.0,732.0,758.0,771.0,813.0,843.0,856.0,897.0,907.0,937.0,960.0,969.0,
52.0,73.0,82.0,83.0,128.0,135.0,138.0,163.0,179.0,190.0,196.0,275.0,287.0,332.0,414.0,439.0,467.0,487.0,499.0,505.0,508.0,521.0,557.0,582.0,637.0,686.0,692.0,736.0,755.0,756.0,800.0,835.0,955.0,1000.0,
34.0,39.0,40.0,55.0,126.0,127.0,164.0,194.0,215.0,249.0,283.0,289.0,343.0,362.0,405.0,411.0,428.0,429.0,485.0,495.0,508.0,523.0,550.0,571.0,574.0,582.0,584.0,625.0,644.0,665.0,667.0,678.0,700.0,704.0,705.0,815.0,849.0,858.0,874.0,890.0,960.0,
4.0,16.0,18.0,157.0,227.0,238.0,253.0,294.0,328.0,357.0,384.0,402.0,408.0,460.0,482.0,490.0,507.0,523.0,525.0,526.0,543.0,670.0,689.0,715.0,720.0,741.0,746.0,747.0,778.0,802.0,812.0,848.0,873.0,909.0,932.0,959.0,
26.0,57.0,87.0,121.0,146.0,194.0,195.0,203.0,226.0,260.0,342.0,345.0,375.0,433.0,440.0,493.0,516.0,573.0,576.0,577.0,597.0,605.0,745.0,750.0,770.0,851.0,884.0,896.0,926.0,949.0,991.0,996.0,
39.0,48.0,77.0,81.0,92.0,229.0,233.0,250.0,278.0,279.0,310.0,341.0,378.0,399.0,403.0,440.0,465.0,498.0,520.0,524.0,535.0,548.0,563.0,577.0,625.0,698.0,782.0,783.0,848.0,874.0,889.0,890.0,894.0,906.0,909.0,911.0,973.0,998.0,
32.0,43.0,48.0,64.0,69.0,101.0,103.0,184.0,343.0,422.0,423.0,477.0,525.0,531.0,561.0,703.0,719.0,743.0,775.0,804.0,842.0,855.0,886.0,894.0,904.0,913.0,948.0,949.0,953.0,987.0,990.0,
48.0,55.0,85.0,97.0,112.0,124.0,140.0,179.0,185.0,197.0,201.0,205.0,219.0,223.0,250.0,286.0,331.0,336.0,348.0,353.0,411.0,450.0,456.0,467.0,499.0,524.0,556.0,560.0,603.0,642.0,644.0,660.0,664.0,685.0,697.0,756.0,796.0,846.0,877.0,909.0,914.0,942.0,956.0,977.0,982.0,986.0,
121.0,124.0,148.0,179.0,185.0,222.0,231.0,241.0,243.0,266.0,290.0,300.0,324.0,379.0,395.0,446.0,456.0,480.0,508.0,525.0,560.0,619.0,642.0,647.0,650.0,709.0,717.0,726.0,735.0,736.0,775.0,795.0,820.0,877.0,897.0,906.0,906.0,
14.0,17.0,44.0,67.0,76.0,139.0,204.0,210.0,222.0,257.0,285.0,306.0,330.0,364.0,365.0,473.0,503.0,577.0,587.0,615.0,615.0,645.0,666.0,687.0,694.0,703.0,722.0,761.0,765.0,828.0,856.0,904.0,958.0,980.0,986.0,
46.0,118.0,144.0,166.0,167.0,183.0,222.0,232.0,237.0,247.0,259.0,262.0,270.0,298.0,302.0,357.0,374.0,405.0,415.0,420.0,464.0,466.0,470.0,519.0,521.0,537.0,539.0,550.0,552.0,572.0,580.0,585.0,591.0,627.0,659.0,663.0,729.0,730.0,744.0,762.0,773.0,778.0,842.0,931.0,975.0,
71.0,81.0,180.0,236.0,240.0,262.0,288.0,300.0,386.0,392.0,433.0,443.0,514.0,520.0,537.0,629.0,681.0,718.0,788.0,804.0,836.0,838.0,847.0,860.0,868.0,955.0,971.0,
17.0,23.0,46.0,62.0,67.0,110.0,183.0,186.0,193.0,258.0,278.0,289.0,306.0,309.0,310.0,342.0,427.0,448.0,449.0,481.0,587.0,609.0,627.0,665.0,684.0,733.0,761.0,771.0,780.0,781.0,787.0,804.0,814.0,868.0,925.0,938.0,
73.0,82.0,94.0,97.0,97.0,118.0,127.0,128.0,230.0,273.0,273.0,328.0,368.0,369.0,417.0,511.0,514.0,531.0,533.0,650.0,664.0,689.0,708.0,728.0,842.0,880.0,895.0,937.0,959.0,975.0,
19.0,23.0,42.0,50.0,82.0,97.0,123.0,128.0,139.0,170.0,177.0,206.0,315.0,437.0,543.0,580.0,595.0,640.0,646.0,651.0,654.0,685.0,691.0,707.0,759.0,784.0,791.0,800.0,826.0,826.0,844.0,844.0,859.0,871.0,897.0,936.0,941.0,971.0,971.0,986.0,997.0,
74.0,89.0,122.0,128.0,151.0,170.0,200.0,254.0,257.0,264.0,305.0,318.0,323.0,398.0,413.0,456.0,496.0,499.0,632.0,702.0,718.0,828.0,854.0,888.0,986.0,
5.0,7.0,21.0,36.0,38.0,39.0,95.0,100.0,248.0,265.0,281.0,322.0,358.0,379.0,394.0,450.0,490.0,493.0,530.0,542.0,584.0,595.0,683.0,684.0,786.0,858.0,860.0,929.0,935.0,949.0,990.0,
7.0,77.0,102.0,111.0,115.0,132.0,211.0,220.0,272.0,302.0,399.0,422.0,438.0,448.0,468.0,472.0,524.0,565.0,565.0,637.0,651.0,672.0,703.0,732.0,735.0,741.0,763.0,803.0,933.0,951.0,980.0,
28.0,60.0,81.0,116.0,137.0,189.0,198.0,235.0,258.0,300.0,315.0,329.0,341.0,345.0,359.0,383.0,401.0,426.0,485.0,557.0,596.0,615.0,714.0,736.0,798.0,817.0,822.0,839.0,842.0,903.0,936.0,953.0,954.0,
17.0,65.0,66.0,67.0,67.0,98.0,103.0,214.0,233.0,280.0,337.0,434.0,482.0,502.0,504.0,515.0,520.0,529.0,536.0,538.0,554.0,610.0,615.0,670.0,673.0,704.0,714.0,732.0,741.0,743.0,756.0,757.0,854.0,860.0,864.0,871.0,927.0,963.0,975.0,976.0,980.0,989.0,
114.0,123.0,129.0,170.0,190.0,196.0,207.0,240.0,283.0,287.0,365.0,510.0,535.0,541.0,612.0,641.0,680.0,701.0,717.0,734.0,759.0,760.0,776.0,802.0,821.0,829.0,869.0,946.0,946.0,955.0,962.0,983.0,988.0,
21.0,26.0,41.0,43.0,44.0,61.0,76.0,132.0,134.0,197.0,230.0,247.0,265.0,356.0,368.0,379.0,426.0,432.0,481.0,497.0,515.0,527.0,544.0,557.0,606.0,639.0,672.0,673.0,699.0,743.0,768.0,777.0,804.0,806.0,834.0,925.0,962.0,963.0,971.0,973.0,
19.0,70.0,97.0,127.0,151.0,250.0,267.0,273.0,318.0,338.0,358.0,379.0,418.0,446.0,473.0,497.0,510.0,511.0,512.0,519.0,539.0,549.0,559.0,565.0,576.0,583.0,592.0,666.0,677.0,705.0,710.0,714.0,731.0,745.0,745.0,821.0,842.0,855.0,863.0,877.0,945.0,971.0,983.0,
30.0,59.0,60.0,73.0,82.0,84.0,103.0,120.0,132.0,219.0,233.0,271.0,386.0,405.0,414.0,422.0,472.0,492.0,497.0,519.0,521.0,539.0,580.0,717.0,725.0,752.0,756.0,766.0,784.0,800.0,827.0,843.0,884.0,896.0,979.0,
19.0,39.0,53.0,66.0,90.0,165.0,170.0,178.0,254.0,276.0,286.0,327.0,340.0,366.0,387.0,430.0,443.0,456.0,526.0,570.0,587.0,596.0,612.0,641.0,667.0,699.0,705.0,720.0,729.0,742.0,750.0,766.0,792.0,837.0,850.0,851.0,869.0,911.0,974.0,979.0,
8.0,9.0,103.0,107.0,110.0,118.0,129.0,139.0,140.0,224.0,235.0,261.0,266.0,274.0,287.0,300.0,350.0,390.0,430.0,435.0,438.0,492.0,492.0,550.0,554.0,575.0,584.0,695.0,716.0,767.0,770.0,790.0,814.0,830.0,857.0,858.0,861.0,882.0,908.0,923.0,932.0,
30.0,117.0,163.0,308.0,333.0,340.0,350.0,412.0,465.0,558.0,585.0,606.0,657.0,666.0,670.0,716.0,742.0,743.0,769.0,815.0,936.0,950.0,960.0,967.0,991.0,
7.0,26.0,42.0,58.0,74.0,88.0,157.0,212.0,233.0,234.0,243.0,272.0,277.0,316.0,333.0,339.0,393.0,409.0,425.0,461.0,470.0,472.0,498.0,532.0,538.0,561.0,638.0,714.0,750.0,812.0,820.0,847.0,861.0,884.0,888.0,895.0,930.0,945.0,980.0,997.0,999.0,
5.0,29.0,79.0,121.0,171.0,179.0,196.0,242.0,266.0,280.0,304.0,345.0,381.0,396.0,421.0,425.0,509.0,518.0,520.0,529.0,537.0,562.0,591.0,639.0,639.0,661.0,696.0,712.0,718.0,751.0,774.0,797.0,797.0,815.0,894.0,960.0,966.0,969.0,971.0,984.0,987.0,992.0,
42.0,63.0,69.0,94.0,142.0,190.0,216.0,217.0,221.0,228.0,247.0,253.0,254.0,305.0,335.0,351.0,354.0,389.0,431.0,449.0,504.0,551.0,578.0,594.0,596.0,606.0,631.0,705.0,780.0,831.0,831.0,846.0,879.0,893.0,896.0,905.0,913.0,957.0,971.0,982.0,
4.0,6.0,64.0,114.0,172.0,214.0,220.0,248.0,251.0,298.0,330.0,338.0,355.0,356.0,360.0,369.0,388.0,394.0,427.0,457.0,470.0,512.0,519.0,543.0,574.0,614.0,617.0,650.0,661.0,686.0,697.0,719.0,721.0,807.0,923.0,982.0,
50.0,51.0,64.0,127.0,160.0,167.0,182.0,240.0,272.0,299.0,310.0,313.0,320.0,372.0,399.0,403.0,418.0,450.0,452.0,463.0,484.0,649.0,683.0,691.0,692.0,771.0,785.0,820.0,868.0,887.0,919.0,987.0,
34.0,78.0,121.0,133.0,189.0,261.0,299.0,304.0,304.0,372.0,393.0,405.0,416.0,495.0,650.0,651.0,682.0,720.0,726.0,734.0,740.0,741.0,750.0,806.0,814.0,823.0,850.0,857.0,877.0,921.0,950.0,953.0,996.0,
15.0,41.0,65.0,91.0,109.0,161.0,204.0,214.0,220.0,231.0,248.0,278.0,290.0,340.0,352.0,397.0,436.0,532.0,632.0,641.0,648.0,665.0,689.0,702.0,723.0,775.0,777.0,788.0,807.0,814.0,839.0,883.0,910.0,
18.0,24.0,43.0,55.0,62.0,76.0,144.0,205.0,237.0,259.0,263.0,265.0,276.0,313.0,318.0,454.0,470.0,470.0,472.0,498.0,519.0,524.0,546.0,667.0,691.0,717.0,739.0,761.0,775.0,807.0,819.0,855.0,863.0,876.0,896.0,896.0,915.0,947.0,999.0,
7.0,15.0,48.0,56.0,67.0,79.0,130.0,163.0,197.0,203.0,228.0,248.0,251.0,277.0,296.0,309.0,323.0,386.0,427.0,446.0,478.0,481.0,550.0,607.0,688.0,700.0,702.0,724.0,758.0,777.0,782.0,808.0,890.0,925.0,
105.0,119.0,135.0,172.0,180.0,235.0,248.0,293.0,298.0,323.0,350.0,382.0,432.0,492.0,527.0,588.0,808.0,810.0,814.0,817.0,830.0,867.0,890.0,900.0,907.0,930.0,941.0,962.0,983.0,
11.0,17.0,63.0,82.0,96.0,101.0,102.0,113.0,132.0,152.0,161.0,174.0,185.0,200.0,219.0,242.0,259.0,284.0,343.0,370.0,380.0,404.0,419.0,449.0,497.0,505.0,636.0,672.0,699.0,727.0,735.0,742.0,767.0,804.0,807.0,853.0,861.0,877.0,877.0,883.0,897.0,906.0,919.0,960.0,968.0,
5.0,36.0,43.0,204.0,275.0,309.0,351.0,378.0,379.0,389.0,420.0,427.0,439.0,492.0,496.0,504.0,518.0,533.0,593.0,610.0,658.0,692.0,707.0,741.0,755.0,784.0,839.0,879.0,880.0,901.0,923.0,
4.0,45.0,60.0,62.0,209.0,228.0,249.0,280.0,282.0,296.0,459.0,484.0,547.0,636.0,654.0,674.0,745.0,773.0,777.0,777.0,803.0,825.0,826.0,841.0,866.0,866.0,876.0,958.0,981.0,987.0,994.0,
54.0,57.0,79.0,96.0,111.0,111.0,167.0,173.0,193.0,252.0,275.0,298.0,351.0,372.0,419.0,481.0,513.0,523.0,537.0,538.0,539.0,540.0,598.0,658.0,671.0,680.0,697.0,725.0,725.0,734.0,744.0,757.0,768.0,778.0,820.0,847.0,872.0,885.0,899.0,953.0,992.0,
3.0,17.0,40.0,83.0,97.0,111.0,154.0,208.0,211.0,258.0,272.0,297.0,438.0,444.0,450.0,486.0,526.0,583.0,592.0,594.0,604.0,669.0,724.0,729.0,733.0,743.0,752.0,761.0,793.0,802.0,812.0,865.0,868.0,905.0,907.0,930.0,947.0,949.0,958.0,974.0,996.0,997.0,
59.0,65.0,94.0,124.0,140.0,193.0,200.0,203.0,204.0,244.0,265.0,282.0,283.0,342.0,410.0,467.0,493.0,552.0,563.0,567.0,594.0,633.0,651.0,661.0,685.0,704.0,714.0,721.0,732.0,750.0,876.0,878.0,908.0,914.0,943.0,962.0,977.0,
14.0,32.0,37.0,41.0,57.0,61.0,93.0,115.0,157.0,166.0,191.0,271.0,274.0,305.0,353.0,412.0,456.0,465.0,471.0,472.0,496.0,499.0,510.0,532.0,536.0,577.0,579.0,610.0,616.0,620.0,640.0,652.0,670.0,670.0,689.0,712.0,750.0,795.0,847.0,857.0,906.0,966.0,966.0,968.0,987.0,
150.0,177.0,180.0,223.0,224.0,274.0,330.0,340.0,350.0,393.0,438.0,460.0,495.0,495.0,502.0,522.0,543.0,556.0,629.0,639.0,683.0,695.0,740.0,749.0,775.0,781.0,909.0,917.0,994.0,
17.0,18.0,49.0,85.0,106.0,114.0,174.0,175.0,282.0,289.0,317.0,324.0,347.0,354.0,375.0,395.0,445.0,473.0,496.0,525.0,549.0,568.0,616.0,651.0,666.0,727.0,747.0,785.0,812.0,826.0,833.0,855.0,874.0,907.0,924.0,933.0,
13.0,68.0,88.0,124.0,152.0,175.0,211.0,244.0,274.0,291.0,302.0,324.0,367.0,372.0,406.0,442.0,483.0,505.0,524.0,547.0,572.0,600.0,603.0,686.0,718.0,720.0,735.0,748.0,752.0,808.0,809.0,817.0,933.0,934.0,936.0,1000.0,
42.0,92.0,132.0,140.0,154.0,180.0,190.0,222.0,223.0,254.0,271.0,287.0,290.0,290.0,294.0,324.0,324.0,327.0,363.0,366.0,378.0,400.0,410.0,412.0,487.0,517.0,537.0,566.0,586.0,599.0,600.0,645.0,707.0,751.0,762.0,772.0,860.0,870.0,952.0,953.0,972.0,983.0,999.0,
32.0,34.0,72.0,102.0,174.0,175.0,193.0,215.0,219.0,233.0,243.0,259.0,289.0,293.0,315.0,340.0,359.0,400.0,405.0,426.0,516.0,516.0,542.0,545.0,586.0,610.0,610.0,621.0,687.0,713.0,747.0,937.0,948.0,949.0,989.0,
33.0,48.0,67.0,80.0,91.0,116.0,133.0,136.0,223.0,230.0,253.0,266.0,297.0,309.0,327.0,339.0,431.0,454.0,487.0,514.0,534.0,547.0,558.0,562.0,590.0,615.0,623.0,658.0,661.0,675.0,685.0,694.0,714.0,736.0,772.0,800.0,895.0,946.0,963.0,
12.0,13.0,105.0,137.0,139.0,150.0,163.0,178.0,183.0,201.0,240.0,242.0,250.0,304.0,314.0,342.0,358.0,385.0,392.0,419.0,437.0,445.0,456.0,492.0,645.0,727.0,903.0,930.0,
26.0,58.0,81.0,117.0,131.0,203.0,211.0,258.0,261.0,291.0,339.0,348.0,350.0,358.0,366.0,387.0,397.0,425.0,431.0,433.0,435.0,475.0,488.0,517.0,544.0,551.0,615.0,664.0,666.0,667.0,705.0,715.0,727.0,820.0,847.0,903.0,919.0,946.0,988.0,994.0,
80.0,83.0,90.0,215.0,337.0,354.0,357.0,359.0,363.0,396.0,400.0,435.0,504.0,519.0,552.0,589.0,629.0,639.0,647.0,671.0,694.0,703.0,760.0,773.0,779.0,793.0,804.0,845.0,867.0,925.0,926.0,964.0,993.0,
2.0,5.0,6.0,37.0,83.0,105.0,109.0,140.0,197.0,227.0,248.0,259.0,264.0,269.0,292.0,310.0,382.0,427.0,429.0,445.0,521.0,532.0,535.0,584.0,619.0,627.0,641.0,654.0,722.0,744.0,770.0,780.0,826.0,854.0,893.0,899.0,916.0,934.0,969.0,973.0,976.0,
33.0,73.0,107.0,172.0,183.0,234.0,347.0,388.0,398.0,438.0,452.0,453.0,468.0,514.0,549.0,565.0,589.0,612.0,647.0,660.0,686.0,700.0,705.0,748.0,803.0,805.0,809.0,812.0,817.0,818.0,828.0,889.0,930.0,952.0,957.0,981.0,
48.0,70.0,71.0,91.0,101.0,134.0,156.0,163.0,165.0,210.0,210.0,251.0,267.0,280.0,352.0,360.0,371.0,376.0,389.0,435.0,477.0,494.0,524.0,549.0,576.0,580.0,601.0,604.0,652.0,677.0,679.0,713.0,744.0,750.0,774.0,794.0,794.0,804.0,836.0,906.0,960.0,968.0,981.0,994.0,999.0,
10.0,14.0,31.0,49.0,90.0,100.0,181.0,221.0,223.0,251.0,286.0,351.0,363.0,376.0,389.0,395.0,395.0,441.0,484.0,488.0,493.0,505.0,511.0,524.0,536.0,541.0,561.0,566.0,586.0,617.0,618.0,664.0,675.0,683.0,711.0,727.0,758.0,784.0,872.0,956.0,
14.0,61.0,71.0,77.0,112.0,194.0,232.0,246.0,264.0,322.0,343.0,361.0,379.0,398.0,435.0,461.0,494.0,509.0,516.0,522.0,530.0,532.0,546.0,547.0,578.0,594.0,604.0,605.0,606.0,625.0,636.0,704.0,780.0,785.0,794.0,797.0,835.0,835.0,846.0,867.0,961.0,963.0,968.0,987.0,
10.0,19.0,20.0,23.0,142.0,153.0,166.0,167.0,168.0,190.0,193.0,274.0,309.0,353.0,373.0,380.0,389.0,419.0,488.0,615.0,675.0,688.0,705.0,706.0,714.0,736.0,743.0,754.0,756.0,829.0,875.0,888.0,900.0,910.0,924.0,940.0,944.0,974.0,977.0,998.0,
4.0,6.0,32.0,91.0,172.0,178.0,212.0,239.0,255.0,295.0,350.0,369.0,374.0,375.0,386.0,401.0,416.0,427.0,432.0,474.0,481.0,506.0,526.0,526.0,549.0,558.0,583.0,605.0,631.0,643.0,653.0,698.0,737.0,857.0,884.0,900.0,903.0,913.0,979.0,
53.0,89.0,94.0,138.0,148.0,167.0,182.0,235.0,235.0,236.0,249.0,278.0,341.0,390.0,430.0,470.0,474.0,533.0,555.0,564.0,573.0,604.0,630.0,646.0,648.0,663.0,692.0,741.0,748.0,773.0,871.0,899.0,976.0,992.0,
24.0,135.0,143.0,145.0,157.0,193.0,211.0,247.0,295.0,308.0,362.0,369.0,415.0,435.0,454.0,471.0,490.0,504.0,513.0,538.0,561.0,578.0,659.0,672.0,681.0,715.0,749.0,773.0,797.0,807.0,848.0,906.0,956.0,978.0,994.0,
17.0,38.0,76.0,105.0,122.0,135.0,157.0,171.0,232.0,237.0,244.0,331.0,344.0,393.0,455.0,459.0,548.0,588.0,625.0,625.0,634.0,639.0,647.0,721.0,728.0,735.0,779.0,803.0,810.0,810.0,819.0,834.0,845.0,857.0,858.0,862.0,868.0,988.0,996.0,
22.0,33.0,46.0,114.0,127.0,140.0,144.0,151.0,152.0,157.0,181.0,201.0,226.0,235.0,354.0,366.0,372.0,381.0,390.0,416.0,426.0,449.0,450.0,470.0,483.0,491.0,577.0,600.0,608.0,701.0,736.0,738.0,742.0,745.0,768.0,898.0,903.0,936.0,948.0,
9.0,11.0,88.0,139.0,166.0,185.0,189.0,235.0,254.0,272.0,284.0,295.0,358.0,359.0,378.0,397.0,458.0,500.0,523.0,526.0,579.0,581.0,596.0,611.0,689.0,736.0,781.0,784.0,793.0,838.0,879.0,927.0,928.0,933.0,
72.0,78.0,81.0,122.0,146.0,204.0,212.0,223.0,248.0,276.0,280.0,354.0,356.0,358.0,371.0,378.0,388.0,409.0,451.0,457.0,482.0,483.0,554.0,580.0,582.0,601.0,682.0,783.0,797.0,820.0,851.0,895.0,916.0,919.0,920.0,932.0,961.0,962.0,986.0,
15.0,57.0,81.0,92.0,99.0,110.0,132.0,181.0,195.0,201.0,205.0,295.0,332.0,359.0,403.0,418.0,434.0,452.0,466.0,483.0,496.0,523.0,530.0,539.0,567.0,597.0,607.0,610.0,635.0,658.0,838.0,866.0,963.0,984.0,
45.0,47.0,93.0,121.0,134.0,215.0,244.0,267.0,293.0,323.0,434.0,448.0,449.0,497.0,535.0,543.0,581.0,598.0,636.0,678.0,707.0,813.0,819.0,822.0,831.0,884.0,898.0,944.0,
40.0,64.0,69.0,71.0,112.0,112.0,115.0,219.0,221.0,224.0,235.0,247.0,284.0,301.0,339.0,341.0,398.0,454.0,457.0,509.0,552.0,593.0,599.0,638.0,640.0,666.0,716.0,737.0,758.0,776.0,824.0,884.0,923.0,927.0,939.0,973.0,
89.0,171.0,258.0,268.0,274.0,294.0,300.0,309.0,326.0,333.0,346.0,355.0,360.0,389.0,451.0,473.0,503.0,505.0,541.0,550.0,609.0,623.0,670.0,709.0,743.0,756.0,763.0,768.0,793.0,805.0,806.0,816.0,839.0,860.0,875.0,892.0,895.0,898.0,918.0,929.0,944.0,965.0,
26.0,42.0,56.0,105.0,117.0,135.0,136.0,144.0,231.0,246.0,317.0,421.0,439.0,441.0,449.0,462.0,478.0,480.0,480.0,487.0,489.0,530.0,532.0,588.0,603.0,606.0,628.0,631.0,677.0,719.0,725.0,740.0,827.0,838.0,839.0,846.0,860.0,879.0,895.0,899.0,909.0,942.0,989.0,
14.0,31.0,45.0,65.0,111.0,112.0,145.0,162.0,173.0,175.0,180.0,180.0,263.0,268.0,274.0,285.0,292.0,366.0,395.0,425.0,452.0,465.0,494.0,502.0,516.0,544.0,554.0,572.0,575.0,582.0,585.0,592.0,599.0,615.0,620.0,630.0,638.0,647.0,675.0,688.0,736.0,770.0,780.0,822.0,919.0,
31.0,34.0,86.0,108.0,109.0,154.0,227.0,228.0,260.0,329.0,335.0,362.0,426.0,493.0,517.0,520.0,526.0,543.0,638.0,646.0,649.0,664.0,693.0,715.0,717.0,742.0,747.0,758.0,760.0,801.0,986.0,997.0,
2.0,8.0,70.0,194.0,207.0,220.0,221.0,233.0,313.0,323.0,338.0,357.0,381.0,382.0,409.0,478.0,480.0,512.0,530.0,546.0,571.0,575.0,587.0,598.0,602.0,632.0,637.0,656.0,662.0,663.0,696.0,701.0,710.0,727.0,764.0,789.0,850.0,930.0,934.0,937.0,956.0,978.0,979.0,987.0,995.0,
10.0,48.0,66.0,173.0,174.0,177.0,183.0,189.0,223.0,232.0,271.0,322.0,414.0,453.0,470.0,477.0,501.0,547.0,561.0,562.0,578.0,583.0,592.0,676.0,696.0,716.0,742.0,757.0,809.0,839.0,871.0,889.0,909.0,916.0,925.0,979.0,989.0,990.0,
2.0,46.0,85.0,122.0,183.0,203.0,205.0,280.0,352.0,371.0,396.0,419.0,451.0,512.0,630.0,635.0,756.0,781.0,782.0,807.0,915.0,926.0,934.0,948.0,971.0,
51.0,60.0,74.0,79.0,129.0,130.0,176.0,198.0,208.0,300.0,302.0,333.0,345.0,349.0,364.0,372.0,382.0,403.0,407.0,425.0,431.0,433.0,436.0,475.0,501.0,530.0,601.0,649.0,676.0,712.0,726.0,746.0,749.0,751.0,783.0,795.0,844.0,874.0,921.0,928.0,966.0,986.0,
34.0,37.0,44.0,72.0,97.0,105.0,108.0,117.0,231.0,276.0,294.0,341.0,393.0,406.0,407.0,413.0,444.0,455.0,528.0,547.0,584.0,590.0,606.0,621.0,647.0,650.0,713.0,716.0,719.0,733.0,734.0,744.0,752.0,762.0,786.0,802.0,806.0,872.0,879.0,894.0,907.0,934.0,942.0,947.0,
50.0,69.0,78.0,105.0,111.0,122.0,125.0,132.0,194.0,194.0,227.0,233.0,274.0,296.0,336.0,340.0,344.0,348.0,386.0,387.0,393.0,404.0,414.0,496.0,519.0,520.0,538.0,555.0,580.0,591.0,693.0,764.0,766.0,834.0,895.0,897.0,936.0,943.0,946.0,981.0,
86.0,121.0,123.0,134.0,145.0,163.0,164.0,174.0,252.0,285.0,320.0,410.0,423.0,441.0,444.0,525.0,535.0,632.0,652.0,662.0,687.0,693.0,712.0,846.0,853.0,899.0,902.0,915.0,973.0,
31.0,117.0,148.0,171.0,198.0,205.0,241.0,241.0,245.0,288.0,309.0,316.0,321.0,384.0,388.0,399.0,404.0,429.0,510.0,527.0,536.0,546.0,633.0,634.0,683.0,712.0,732.0,788.0,789.0,793.0,822.0,827.0,866.0,897.0,952.0,
8.0,80.0,111.0,133.0,137.0,157.0,182.0,213.0,230.0,259.0,262.0,273.0,273.0,283.0,309.0,314.0,325.0,328.0,332.0,332.0,337.0,372.0,397.0,437.0,460.0,469.0,499.0,523.0,575.0,631.0,636.0,691.0,709.0,709.0,710.0,814.0,819.0,832.0,844.0,846.0,853.0,928.0,960.0,987.0,998.0,
3.0,36.0,38.0,69.0,135.0,195.0,233.0,252.0,278.0,366.0,435.0,440.0,580.0,610.0,640.0,672.0,682.0,706.0,743.0,812.0,817.0,819.0,853.0,853.0,854.0,855.0,871.0,872.0,896.0,923.0,998.0,
23.0,55.0,61.0,83.0,117.0,133.0,151.0,155.0,167.0,201.0,207.0,211.0,227.0,232.0,300.0,364.0,365.0,396.0,472.0,492.0,514.0,525.0,541.0,549.0,592.0,606.0,615.0,625.0,628.0,640.0,648.0,649.0,669.0,712.0,748.0,800.0,862.0,869.0,869.0,908.0,913.0,944.0,
180.0,194.0,208.0,210.0,239.0,266.0,309.0,330.0,353.0,388.0,404.0,457.0,463.0,512.0,566.0,615.0,647.0,658.0,703.0,755.0,815.0,910.0,922.0,932.0,977.0,986.0,
9.0,72.0,86.0,86.0,89.0,102.0,127.0,149.0,149.0,150.0,175.0,212.0,226.0,260.0,268.0,309.0,349.0,401.0,417.0,421.0,430.0,454.0,466.0,473.0,498.0,506.0,520.0,593.0,654.0,732.0,799.0,808.0,811.0,865.0,869.0,891.0,902.0,910.0,942.0,992.0,
25.0,38.0,65.0,103.0,135.0,151.0,171.0,237.0,240.0,299.0,304.0,306.0,346.0,358.0,389.0,400.0,403.0,472.0,522.0,526.0,531.0,562.0,581.0,598.0,673.0,681.0,781.0,827.0,837.0,871.0,897.0,963.0,
15.0,97.0,109.0,115.0,158.0,169.0,170.0,239.0,287.0,316.0,321.0,351.0,401.0,402.0,515.0,517.0,593.0,621.0,633.0,670.0,675.0,685.0,728.0,729.0,776.0,776.0,797.0,845.0,868.0,907.0,938.0,943.0,
3.0,28.0,50.0,69.0,84.0,87.0,161.0,285.0,295.0,312.0,435.0,457.0,481.0,509.0,516.0,521.0,524.0,564.0,619.0,620.0,647.0,711.0,720.0,725.0,730.0,734.0,870.0,884.0,964.0,967.0,
4.0,9.0,42.0,70.0,81.0,110.0,145.0,153.0,174.0,186.0,199.0,209.0,215.0,221.0,245.0,250.0,324.0,347.0,356.0,366.0,397.0,403.0,410.0,421.0,444.0,447.0,463.0,504.0,595.0,599.0,613.0,622.0,783.0,794.0,809.0,812.0,837.0,849.0,862.0,867.0,911.0,928.0,951.0,
12.0,16.0,136.0,140.0,145.0,152.0,153.0,171.0,212.0,240.0,247.0,296.0,307.0,307.0,316.0,319.0,353.0,399.0,412.0,429.0,446.0,588.0,608.0,649.0,698.0,728.0,729.0,758.0,758.0,776.0,792.0,828.0,843.0,853.0,923.0,941.0,945.0,957.0,992.0,
4.0,4.0,10.0,36.0,40.0,46.0,58.0,81.0,88.0,94.0,113.0,144.0,189.0,270.0,278.0,280.0,289.0,362.0,386.0,418.0,436.0,444.0,530.0,566.0,576.0,581.0,593.0,600.0,637.0,668.0,704.0,711.0,711.0,750.0,805.0,881.0,916.0,991.0,
15.0,29.0,92.0,113.0,115.0,120.0,173.0,200.0,204.0,226.0,238.0,272.0,312.0,344.0,389.0,394.0,429.0,438.0,508.0,516.0,563.0,579.0,742.0,819.0,834.0,844.0,859.0,886.0,890.0,908.0,921.0,942.0,
4.0,12.0,21.0,23.0,37.0,48.0,78.0,79.0,124.0,134.0,171.0,231.0,236.0,244.0,264.0,272.0,289.0,291.0,296.0,309.0,324.0,337.0,414.0,485.0,492.0,504.0,505.0,527.0,530.0,531.0,542.0,545.0,558.0,573.0,611.0,734.0,738.0,782.0,813.0,814.0,816.0,820.0,820.0,828.0,860.0,873.0,875.0,890.0,912.0,915.0,979.0,
40.0,63.0,72.0,121.0,162.0,181.0,210.0,234.0,240.0,248.0,251.0,268.0,276.0,281.0,379.0,407.0,454.0,504.0,508.0,514.0,517.0,593.0,596.0,623.0,629.0,633.0,645.0,653.0,671.0,689.0,703.0,726.0,746.0,818.0,828.0,831.0,859.0,905.0,927.0,933.0,992.0,
