9.0,27.0,30.0,40.0,77.0,103.0,125.0,163.0,169.0,196.0,282.0,305.0,310.0,440.0,457.0,460.0,463.0,500.0,505.0,522.0,545.0,564.0,601.0,605.0,623.0,631.0,780.0,786.0,812.0,842.0,934.0,983.0,995.0,
22.0,91.0,98.0,131.0,135.0,163.0,174.0,184.0,201.0,237.0,249.0,250.0,306.0,312.0,325.0,330.0,334.0,357.0,373.0,375.0,393.0,494.0,501.0,624.0,642.0,648.0,650.0,687.0,693.0,707.0,727.0,735.0,748.0,768.0,799.0,844.0,855.0,860.0,867.0,879.0,906.0,925.0,940.0,957.0,998.0,
2.0,33.0,34.0,35.0,57.0,71.0,143.0,158.0,195.0,228.0,242.0,315.0,393.0,397.0,413.0,505.0,513.0,560.0,576.0,588.0,612.0,673.0,683.0,688.0,720.0,726.0,729.0,741.0,772.0,829.0,832.0,854.0,961.0,968.0,
15.0,32.0,37.0,38.0,62.0,66.0,72.0,79.0,132.0,139.0,168.0,205.0,234.0,270.0,313.0,317.0,408.0,480.0,506.0,546.0,565.0,575.0,581.0,627.0,653.0,655.0,672.0,858.0,874.0,912.0,943.0,990.0,
28.0,78.0,84.0,84.0,95.0,96.0,98.0,115.0,131.0,151.0,204.0,216.0,225.0,242.0,253.0,255.0,290.0,298.0,303.0,382.0,419.0,454.0,475.0,546.0,550.0,554.0,554.0,578.0,612.0,614.0,619.0,658.0,666.0,668.0,724.0,766.0,777.0,794.0,797.0,818.0,824.0,837.0,842.0,916.0,925.0,935.0,
17.0,20.0,25.0,40.0,57.0,86.0,89.0,111.0,159.0,162.0,170.0,178.0,190.0,201.0,208.0,210.0,215.0,221.0,285.0,336.0,417.0,435.0,469.0,477.0,497.0,505.0,531.0,542.0,589.0,621.0,645.0,664.0,754.0,819.0,822.0,823.0,843.0,857.0,876.0,895.0,922.0,944.0,959.0,970.0,990.0,998.0,
69.0,79.0,112.0,114.0,205.0,211.0,216.0,230.0,248.0,281.0,283.0,323.0,325.0,343.0,396.0,409.0,455.0,457.0,489.0,494.0,525.0,571.0,573.0,577.0,582.0,589.0,636.0,667.0,692.0,735.0,750.0,763.0,770.0,847.0,863.0,878.0,879.0,879.0,902.0,933.0,951.0,953.0,985.0,
2.0,70.0,101.0,145.0,153.0,243.0,259.0,286.0,292.0,314.0,361.0,372.0,400.0,524.0,570.0,594.0,604.0,625.0,628.0,808.0,851.0,870.0,897.0,927.0,928.0,957.0,
5.0,47.0,149.0,170.0,182.0,187.0,230.0,242.0,252.0,298.0,364.0,377.0,377.0,383.0,413.0,425.0,448.0,460.0,465.0,500.0,541.0,541.0,564.0,578.0,593.0,632.0,657.0,705.0,725.0,778.0,827.0,841.0,893.0,914.0,973.0,
64.0,82.0,140.0,154.0,184.0,197.0,199.0,218.0,225.0,236.0,249.0,258.0,278.0,337.0,359.0,366.0,376.0,388.0,412.0,430.0,462.0,470.0,477.0,491.0,496.0,512.0,535.0,536.0,545.0,557.0,559.0,564.0,587.0,604.0,639.0,670.0,735.0,743.0,772.0,799.0,848.0,871.0,886.0,943.0,974.0,1000.0,
57.0,103.0,144.0,155.0,197.0,219.0,224.0,352.0,396.0,421.0,468.0,480.0,485.0,591.0,615.0,690.0,712.0,840.0,841.0,869.0,962.0,985.0,994.0,999.0,
2.0,9.0,40.0,74.0,110.0,114.0,140.0,148.0,159.0,161.0,166.0,210.0,214.0,235.0,263.0,278.0,290.0,334.0,339.0,359.0,384.0,428.0,481.0,495.0,505.0,531.0,534.0,540.0,548.0,550.0,573.0,577.0,599.0,612.0,725.0,730.0,734.0,751.0,755.0,794.0,982.0,987.0,989.0,991.0,
31.0,33.0,58.0,73.0,84.0,151.0,280.0,281.0,310.0,320.0,334.0,370.0,379.0,390.0,407.0,435.0,464.0,502.0,550.0,571.0,601.0,603.0,614.0,644.0,649.0,672.0,702.0,739.0,744.0,747.0,792.0,795.0,824.0,855.0,855.0,898.0,898.0,912.0,938.0,997.0,997.0,
11.0,14.0,33.0,118.0,119.0,150.0,181.0,207.0,240.0,250.0,273.0,309.0,312.0,336.0,343.0,343.0,358.0,358.0,428.0,444.0,455.0,485.0,509.0,569.0,596.0,635.0,641.0,695.0,759.0,771.0,779.0,798.0,851.0,866.0,877.0,887.0,972.0,
3.0,80.0,87.0,155.0,263.0,290.0,311.0,342.0,355.0,438.0,444.0,482.0,495.0,503.0,505.0,516.0,522.0,539.0,580.0,631.0,706.0,776.0,787.0,801.0,839.0,847.0,871.0,885.0,895.0,898.0,908.0,952.0,960.0,975.0,
84.0,134.0,138.0,192.0,258.0,277.0,277.0,319.0,324.0,352.0,371.0,441.0,480.0,572.0,610.0,610.0,615.0,645.0,670.0,673.0,750.0,759.0,808.0,817.0,866.0,871.0,878.0,886.0,888.0,909.0,930.0,961.0,
2.0,27.0,43.0,138.0,185.0,232.0,245.0,272.0,273.0,307.0,312.0,337.0,338.0,362.0,389.0,398.0,423.0,491.0,523.0,557.0,558.0,615.0,647.0,671.0,713.0,738.0,781.0,822.0,
28.0,37.0,44.0,61.0,64.0,128.0,146.0,202.0,214.0,241.0,253.0,275.0,282.0,316.0,321.0,347.0,349.0,360.0,374.0,381.0,386.0,413.0,419.0,420.0,421.0,423.0,470.0,475.0,488.0,489.0,531.0,565.0,602.0,604.0,633.0,778.0,784.0,844.0,927.0,
19.0,75.0,97.0,138.0,187.0,260.0,290.0,319.0,338.0,364.0,406.0,421.0,486.0,487.0,500.0,502.0,506.0,520.0,558.0,609.0,642.0,754.0,783.0,807.0,844.0,860.0,918.0,985.0,
48.0,82.0,110.0,120.0,165.0,297.0,314.0,338.0,350.0,358.0,367.0,373.0,381.0,409.0,427.0,489.0,500.0,552.0,554.0,555.0,584.0,589.0,610.0,621.0,651.0,690.0,693.0,820.0,885.0,894.0,945.0,959.0,988.0,
14.0,37.0,43.0,49.0,69.0,102.0,156.0,156.0,224.0,236.0,247.0,296.0,349.0,430.0,461.0,465.0,507.0,513.0,528.0,553.0,562.0,596.0,599.0,709.0,735.0,736.0,765.0,782.0,814.0,820.0,825.0,866.0,868.0,903.0,935.0,995.0,
64.0,76.0,98.0,147.0,170.0,186.0,207.0,284.0,291.0,351.0,364.0,425.0,535.0,552.0,553.0,590.0,635.0,659.0,747.0,758.0,790.0,822.0,868.0,954.0,962.0,
16.0,48.0,72.0,88.0,138.0,191.0,198.0,228.0,250.0,253.0,260.0,278.0,307.0,332.0,405.0,418.0,476.0,556.0,559.0,670.0,678.0,695.0,719.0,748.0,760.0,777.0,780.0,796.0,800.0,802.0,820.0,824.0,884.0,892.0,927.0,940.0,976.0,993.0,
8.0,12.0,76.0,82.0,106.0,159.0,162.0,169.0,263.0,405.0,406.0,479.0,515.0,533.0,565.0,574.0,579.0,586.0,592.0,592.0,594.0,620.0,672.0,702.0,766.0,789.0,793.0,800.0,826.0,830.0,832.0,839.0,875.0,888.0,
3.0,10.0,21.0,25.0,58.0,87.0,89.0,106.0,157.0,185.0,208.0,304.0,317.0,346.0,357.0,397.0,408.0,414.0,426.0,435.0,470.0,549.0,574.0,607.0,648.0,699.0,757.0,760.0,762.0,770.0,826.0,831.0,847.0,895.0,902.0,917.0,943.0,
30.0,35.0,50.0,80.0,95.0,96.0,135.0,253.0,259.0,271.0,305.0,341.0,405.0,420.0,431.0,435.0,436.0,505.0,529.0,550.0,552.0,570.0,617.0,622.0,629.0,636.0,647.0,648.0,718.0,743.0,748.0,810.0,871.0,908.0,913.0,926.0,940.0,982.0,
19.0,29.0,42.0,55.0,78.0,105.0,130.0,173.0,185.0,222.0,274.0,275.0,275.0,282.0,317.0,366.0,393.0,401.0,416.0,416.0,459.0,480.0,500.0,504.0,521.0,538.0,590.0,620.0,641.0,678.0,688.0,688.0,716.0,720.0,745.0,746.0,814.0,819.0,823.0,836.0,839.0,862.0,865.0,878.0,914.0,925.0,959.0,973.0,990.0,992.0,1000.0,
35.0,47.0,83.0,104.0,112.0,182.0,243.0,321.0,361.0,416.0,419.0,442.0,448.0,474.0,487.0,489.0,517.0,548.0,613.0,620.0,636.0,677.0,695.0,707.0,751.0,800.0,803.0,840.0,892.0,905.0,906.0,917.0,922.0,928.0,938.0,986.0,989.0,
20.0,24.0,29.0,30.0,34.0,52.0,64.0,65.0,78.0,153.0,208.0,237.0,258.0,274.0,323.0,332.0,378.0,394.0,421.0,473.0,481.0,483.0,508.0,575.0,586.0,600.0,601.0,602.0,644.0,660.0,671.0,809.0,850.0,851.0,906.0,
27.0,173.0,247.0,335.0,338.0,340.0,359.0,374.0,384.0,386.0,387.0,393.0,427.0,460.0,471.0,501.0,501.0,511.0,554.0,565.0,589.0,601.0,636.0,645.0,663.0,665.0,681.0,751.0,785.0,802.0,811.0,828.0,842.0,910.0,946.0,951.0,992.0,
18.0,23.0,44.0,47.0,56.0,111.0,124.0,131.0,173.0,180.0,182.0,199.0,213.0,220.0,221.0,251.0,268.0,314.0,340.0,358.0,408.0,463.0,480.0,551.0,638.0,641.0,690.0,724.0,727.0,746.0,762.0,809.0,816.0,864.0,866.0,942.0,959.0,981.0,
40.0,104.0,134.0,170.0,177.0,180.0,184.0,229.0,303.0,353.0,365.0,396.0,417.0,443.0,454.0,464.0,487.0,503.0,512.0,596.0,599.0,619.0,625.0,681.0,702.0,710.0,729.0,742.0,751.0,751.0,762.0,806.0,816.0,820.0,841.0,868.0,882.0,930.0,976.0,978.0,
16.0,19.0,79.0,96.0,128.0,142.0,145.0,151.0,153.0,191.0,217.0,225.0,260.0,273.0,311.0,342.0,378.0,396.0,454.0,484.0,489.0,512.0,530.0,578.0,580.0,626.0,636.0,660.0,674.0,689.0,707.0,739.0,772.0,780.0,826.0,829.0,849.0,862.0,869.0,917.0,922.0,975.0,
49.0,94.0,123.0,134.0,146.0,180.0,273.0,334.0,352.0,357.0,411.0,448.0,448.0,459.0,487.0,489.0,517.0,522.0,531.0,538.0,561.0,569.0,570.0,598.0,666.0,770.0,800.0,840.0,847.0,857.0,859.0,940.0,948.0,948.0,
14.0,18.0,35.0,105.0,141.0,355.0,392.0,435.0,446.0,457.0,537.0,545.0,564.0,615.0,639.0,649.0,699.0,709.0,728.0,775.0,780.0,842.0,850.0,880.0,887.0,896.0,948.0,951.0,
7.0,19.0,56.0,77.0,98.0,117.0,139.0,149.0,162.0,163.0,185.0,189.0,204.0,232.0,235.0,280.0,308.0,319.0,356.0,356.0,377.0,410.0,457.0,458.0,469.0,496.0,508.0,560.0,607.0,614.0,666.0,672.0,698.0,706.0,757.0,779.0,782.0,809.0,812.0,829.0,839.0,870.0,877.0,942.0,959.0,960.0,980.0,981.0,
68.0,196.0,202.0,226.0,258.0,264.0,316.0,319.0,321.0,346.0,474.0,582.0,669.0,753.0,770.0,787.0,805.0,809.0,834.0,854.0,856.0,862.0,889.0,
6.0,45.0,88.0,108.0,153.0,167.0,171.0,175.0,206.0,211.0,228.0,269.0,276.0,297.0,298.0,327.0,346.0,419.0,422.0,450.0,458.0,468.0,499.0,502.0,515.0,521.0,544.0,555.0,556.0,607.0,630.0,660.0,766.0,795.0,834.0,842.0,843.0,851.0,882.0,902.0,938.0,939.0,969.0,980.0,
17.0,45.0,68.0,184.0,189.0,257.0,289.0,329.0,354.0,357.0,366.0,388.0,410.0,421.0,473.0,478.0,510.0,533.0,537.0,567.0,612.0,650.0,719.0,735.0,736.0,746.0,749.0,781.0,782.0,796.0,817.0,839.0,842.0,860.0,865.0,922.0,995.0,
52.0,86.0,137.0,138.0,153.0,206.0,227.0,231.0,243.0,279.0,311.0,320.0,330.0,330.0,346.0,390.0,405.0,413.0,416.0,419.0,432.0,457.0,576.0,596.0,617.0,626.0,636.0,637.0,650.0,667.0,709.0,768.0,774.0,795.0,885.0,915.0,954.0,958.0,971.0,978.0,
8.0,16.0,18.0,37.0,59.0,125.0,210.0,216.0,377.0,399.0,448.0,450.0,459.0,479.0,513.0,538.0,544.0,578.0,583.0,589.0,613.0,650.0,665.0,681.0,699.0,746.0,793.0,805.0,813.0,911.0,917.0,933.0,975.0,998.0,
129.0,144.0,161.0,200.0,220.0,295.0,296.0,309.0,381.0,438.0,455.0,479.0,482.0,492.0,493.0,497.0,541.0,577.0,587.0,591.0,602.0,652.0,676.0,717.0,720.0,772.0,795.0,797.0,811.0,837.0,850.0,851.0,904.0,910.0,915.0,933.0,980.0,
10.0,27.0,42.0,60.0,90.0,96.0,98.0,152.0,153.0,205.0,207.0,234.0,268.0,275.0,301.0,360.0,371.0,387.0,388.0,407.0,447.0,493.0,502.0,551.0,600.0,623.0,635.0,642.0,653.0,679.0,697.0,701.0,712.0,722.0,974.0,
59.0,81.0,129.0,139.0,179.0,209.0,242.0,243.0,260.0,269.0,359.0,361.0,363.0,393.0,414.0,433.0,457.0,513.0,589.0,596.0,600.0,626.0,709.0,725.0,804.0,833.0,846.0,883.0,929.0,931.0,944.0,978.0,985.0,991.0,
51.0,56.0,90.0,141.0,149.0,161.0,162.0,198.0,304.0,308.0,336.0,341.0,424.0,428.0,440.0,487.0,517.0,545.0,571.0,614.0,635.0,800.0,846.0,879.0,885.0,923.0,969.0,
13.0,76.0,82.0,100.0,118.0,130.0,164.0,197.0,238.0,279.0,366.0,371.0,461.0,585.0,598.0,626.0,634.0,647.0,676.0,676.0,680.0,743.0,754.0,756.0,770.0,771.0,793.0,801.0,847.0,862.0,891.0,894.0,908.0,986.0,
58.0,193.0,202.0,240.0,305.0,334.0,348.0,358.0,360.0,414.0,431.0,456.0,494.0,511.0,515.0,534.0,551.0,587.0,613.0,636.0,665.0,667.0,676.0,682.0,723.0,741.0,769.0,823.0,845.0,856.0,869.0,881.0,896.0,915.0,921.0,929.0,935.0,983.0,
16.0,70.0,130.0,151.0,154.0,216.0,294.0,296.0,306.0,350.0,398.0,450.0,481.0,481.0,501.0,512.0,542.0,559.0,587.0,636.0,654.0,692.0,711.0,745.0,795.0,799.0,851.0,863.0,886.0,911.0,912.0,963.0,
7.0,28.0,41.0,54.0,73.0,145.0,148.0,157.0,229.0,286.0,327.0,339.0,377.0,381.0,387.0,398.0,409.0,418.0,451.0,461.0,483.0,542.0,608.0,645.0,658.0,668.0,689.0,707.0,740.0,747.0,793.0,804.0,809.0,812.0,879.0,881.0,890.0,930.0,964.0,996.0,999.0,
20.0,22.0,41.0,105.0,112.0,122.0,141.0,153.0,162.0,246.0,299.0,300.0,318.0,338.0,402.0,410.0,412.0,471.0,547.0,577.0,586.0,636.0,653.0,681.0,738.0,755.0,759.0,790.0,799.0,856.0,882.0,911.0,914.0,916.0,918.0,930.0,984.0,
40.0,41.0,60.0,77.0,125.0,125.0,131.0,188.0,201.0,202.0,205.0,229.0,234.0,275.0,630.0,635.0,693.0,729.0,740.0,741.0,744.0,806.0,808.0,836.0,866.0,880.0,894.0,897.0,927.0,940.0,946.0,948.0,957.0,974.0,978.0,
6.0,80.0,135.0,193.0,224.0,235.0,235.0,238.0,286.0,312.0,317.0,326.0,333.0,397.0,442.0,492.0,547.0,570.0,591.0,614.0,617.0,625.0,627.0,628.0,634.0,661.0,670.0,737.0,777.0,790.0,806.0,856.0,864.0,865.0,868.0,932.0,933.0,945.0,954.0,965.0,975.0,
38.0,59.0,59.0,88.0,96.0,125.0,146.0,184.0,203.0,235.0,247.0,277.0,313.0,316.0,327.0,430.0,515.0,554.0,626.0,724.0,728.0,732.0,806.0,812.0,876.0,937.0,943.0,949.0,
23.0,25.0,42.0,52.0,77.0,85.0,122.0,131.0,131.0,134.0,140.0,182.0,190.0,216.0,224.0,233.0,288.0,322.0,334.0,352.0,365.0,401.0,449.0,478.0,489.0,492.0,517.0,556.0,559.0,571.0,621.0,647.0,701.0,719.0,782.0,786.0,786.0,794.0,868.0,896.0,933.0,939.0,948.0,965.0,991.0,
10.0,32.0,65.0,88.0,96.0,130.0,133.0,143.0,175.0,212.0,274.0,281.0,289.0,339.0,381.0,395.0,397.0,398.0,421.0,442.0,444.0,456.0,491.0,502.0,535.0,555.0,606.0,617.0,678.0,689.0,699.0,704.0,722.0,748.0,752.0,803.0,814.0,824.0,836.0,837.0,841.0,847.0,868.0,899.0,939.0,947.0,967.0,981.0,
39.0,40.0,59.0,62.0,82.0,181.0,210.0,247.0,261.0,271.0,333.0,351.0,360.0,364.0,392.0,423.0,427.0,428.0,432.0,459.0,515.0,533.0,535.0,540.0,548.0,550.0,563.0,572.0,575.0,578.0,585.0,585.0,587.0,598.0,604.0,617.0,623.0,625.0,625.0,625.0,632.0,671.0,674.0,692.0,699.0,703.0,724.0,736.0,762.0,786.0,798.0,801.0,817.0,826.0,849.0,852.0,864.0,865.0,896.0,923.0,924.0,936.0,945.0,990.0,997.0,
34.0,35.0,38.0,47.0,56.0,78.0,95.0,124.0,234.0,272.0,282.0,311.0,312.0,375.0,407.0,440.0,447.0,469.0,482.0,485.0,497.0,535.0,539.0,572.0,612.0,620.0,628.0,645.0,647.0,688.0,690.0,695.0,718.0,732.0,764.0,820.0,825.0,844.0,851.0,976.0,989.0,1000.0,
9.0,42.0,65.0,98.0,120.0,173.0,189.0,206.0,217.0,225.0,238.0,332.0,367.0,381.0,395.0,443.0,455.0,461.0,495.0,512.0,573.0,607.0,624.0,660.0,663.0,665.0,703.0,722.0,762.0,767.0,800.0,831.0,872.0,876.0,890.0,990.0,
19.0,74.0,113.0,166.0,255.0,280.0,345.0,392.0,408.0,428.0,430.0,433.0,469.0,478.0,479.0,483.0,538.0,547.0,623.0,665.0,667.0,683.0,712.0,730.0,736.0,744.0,776.0,812.0,817.0,843.0,860.0,889.0,931.0,952.0,967.0,972.0,
25.0,27.0,35.0,44.0,54.0,56.0,69.0,159.0,163.0,262.0,286.0,286.0,314.0,379.0,383.0,408.0,415.0,439.0,453.0,515.0,596.0,608.0,631.0,700.0,740.0,748.0,762.0,771.0,815.0,822.0,889.0,892.0,910.0,943.0,959.0,982.0,
14.0,39.0,66.0,119.0,141.0,147.0,181.0,182.0,192.0,214.0,257.0,291.0,315.0,319.0,368.0,370.0,384.0,402.0,415.0,460.0,486.0,564.0,612.0,620.0,627.0,708.0,733.0,738.0,741.0,855.0,887.0,932.0,936.0,941.0,959.0,973.0,989.0,
29.0,82.0,94.0,99.0,119.0,231.0,249.0,260.0,260.0,295.0,369.0,375.0,399.0,411.0,433.0,452.0,465.0,471.0,577.0,627.0,659.0,698.0,715.0,738.0,763.0,795.0,885.0,902.0,913.0,914.0,
6.0,8.0,31.0,44.0,53.0,73.0,96.0,114.0,221.0,225.0,232.0,249.0,258.0,333.0,382.0,398.0,402.0,406.0,497.0,512.0,543.0,663.0,705.0,706.0,720.0,740.0,744.0,770.0,779.0,785.0,792.0,816.0,824.0,842.0,889.0,894.0,894.0,919.0,952.0,966.0,980.0,
20.0,20.0,20.0,23.0,32.0,33.0,38.0,54.0,96.0,124.0,144.0,221.0,314.0,341.0,360.0,360.0,370.0,372.0,379.0,391.0,458.0,472.0,494.0,578.0,595.0,621.0,646.0,694.0,697.0,770.0,846.0,883.0,935.0,940.0,950.0,1000.0,
16.0,36.0,39.0,61.0,62.0,87.0,119.0,141.0,161.0,169.0,213.0,226.0,237.0,277.0,284.0,295.0,299.0,301.0,307.0,323.0,366.0,422.0,426.0,523.0,554.0,689.0,697.0,774.0,778.0,788.0,804.0,847.0,871.0,889.0,921.0,986.0,
33.0,80.0,152.0,169.0,190.0,197.0,200.0,266.0,310.0,310.0,343.0,346.0,378.0,434.0,476.0,494.0,529.0,575.0,585.0,603.0,652.0,654.0,695.0,723.0,733.0,753.0,755.0,765.0,917.0,940.0,961.0,979.0,979.0,988.0,989.0,
10.0,41.0,112.0,117.0,134.0,188.0,209.0,321.0,387.0,389.0,404.0,441.0,495.0,500.0,509.0,512.0,525.0,537.0,558.0,595.0,710.0,712.0,716.0,748.0,749.0,825.0,857.0,874.0,894.0,906.0,969.0,
57.0,73.0,76.0,87.0,88.0,144.0,159.0,167.0,187.0,195.0,231.0,244.0,282.0,291.0,308.0,308.0,375.0,402.0,432.0,454.0,466.0,514.0,525.0,579.0,727.0,752.0,787.0,881.0,882.0,892.0,922.0,943.0,945.0,961.0,968.0,981.0,
6.0,8.0,54.0,72.0,73.0,74.0,85.0,120.0,149.0,161.0,187.0,230.0,240.0,264.0,284.0,290.0,296.0,299.0,309.0,325.0,348.0,365.0,369.0,458.0,464.0,470.0,475.0,488.0,555.0,557.0,606.0,609.0,677.0,683.0,738.0,748.0,767.0,770.0,771.0,783.0,860.0,959.0,967.0,973.0,987.0,
49.0,67.0,96.0,131.0,137.0,141.0,157.0,167.0,219.0,222.0,228.0,254.0,269.0,283.0,297.0,354.0,418.0,422.0,495.0,500.0,511.0,525.0,531.0,549.0,574.0,606.0,635.0,729.0,729.0,774.0,781.0,812.0,818.0,861.0,877.0,883.0,920.0,943.0,969.0,983.0,985.0,
10.0,64.0,83.0,114.0,132.0,165.0,172.0,178.0,179.0,199.0,200.0,207.0,229.0,275.0,325.0,378.0,386.0,419.0,478.0,483.0,495.0,502.0,524.0,537.0,566.0,677.0,693.0,746.0,747.0,781.0,833.0,869.0,900.0,901.0,912.0,946.0,946.0,976.0,
7.0,79.0,87.0,95.0,100.0,147.0,167.0,184.0,215.0,219.0,251.0,277.0,329.0,390.0,395.0,438.0,475.0,488.0,503.0,507.0,605.0,621.0,694.0,719.0,763.0,791.0,809.0,826.0,855.0,884.0,907.0,917.0,926.0,959.0,965.0,969.0,
28.0,63.0,72.0,75.0,108.0,145.0,150.0,214.0,239.0,241.0,259.0,275.0,303.0,309.0,348.0,372.0,410.0,491.0,492.0,492.0,529.0,560.0,592.0,638.0,649.0,672.0,672.0,688.0,724.0,736.0,789.0,866.0,930.0,944.0,961.0,972.0,974.0,985.0,
61.0,103.0,117.0,131.0,158.0,182.0,185.0,187.0,190.0,203.0,217.0,238.0,269.0,321.0,336.0,373.0,460.0,511.0,528.0,582.0,601.0,649.0,685.0,710.0,758.0,825.0,847.0,912.0,916.0,936.0,938.0,998.0,
5.0,21.0,72.0,112.0,120.0,122.0,146.0,159.0,163.0,178.0,204.0,210.0,244.0,257.0,330.0,336.0,360.0,378.0,382.0,387.0,403.0,414.0,422.0,427.0,489.0,510.0,538.0,587.0,602.0,697.0,702.0,706.0,719.0,721.0,731.0,755.0,763.0,786.0,794.0,837.0,863.0,868.0,940.0,957.0,
13.0,31.0,70.0,71.0,85.0,86.0,161.0,163.0,169.0,173.0,195.0,202.0,256.0,282.0,308.0,310.0,378.0,410.0,430.0,457.0,466.0,514.0,535.0,557.0,593.0,625.0,638.0,642.0,671.0,694.0,715.0,728.0,767.0,786.0,824.0,862.0,866.0,894.0,898.0,902.0,
3.0,30.0,39.0,43.0,54.0,80.0,97.0,131.0,144.0,232.0,240.0,272.0,305.0,311.0,333.0,343.0,358.0,377.0,427.0,438.0,587.0,588.0,694.0,696.0,714.0,764.0,770.0,786.0,789.0,835.0,881.0,905.0,924.0,967.0,997.0,
16.0,27.0,27.0,118.0,214.0,271.0,294.0,306.0,336.0,470.0,474.0,511.0,513.0,554.0,602.0,650.0,670.0,683.0,698.0,703.0,710.0,760.0,819.0,869.0,876.0,922.0,933.0,
23.0,43.0,53.0,59.0,69.0,72.0,121.0,155.0,194.0,205.0,208.0,245.0,262.0,264.0,320.0,330.0,346.0,366.0,431.0,443.0,444.0,551.0,574.0,574.0,612.0,613.0,661.0,678.0,722.0,734.0,755.0,765.0,770.0,772.0,835.0,849.0,858.0,865.0,880.0,897.0,
32.0,51.0,57.0,86.0,90.0,95.0,102.0,153.0,178.0,178.0,186.0,234.0,340.0,353.0,367.0,371.0,399.0,416.0,445.0,485.0,505.0,552.0,587.0,637.0,686.0,690.0,713.0,713.0,784.0,788.0,824.0,865.0,898.0,899.0,977.0,991.0,
4.0,40.0,65.0,103.0,152.0,152.0,157.0,157.0,183.0,207.0,234.0,303.0,305.0,339.0,343.0,352.0,409.0,443.0,457.0,492.0,555.0,559.0,581.0,639.0,641.0,642.0,653.0,689.0,709.0,731.0,826.0,860.0,875.0,
74.0,74.0,89.0,109.0,151.0,171.0,174.0,186.0,186.0,195.0,206.0,230.0,249.0,251.0,291.0,325.0,415.0,416.0,550.0,560.0,577.0,579.0,618.0,632.0,717.0,725.0,755.0,762.0,764.0,820.0,820.0,851.0,891.0,904.0,915.0,930.0,947.0,951.0,960.0,
60.0,76.0,116.0,140.0,162.0,167.0,169.0,191.0,211.0,217.0,244.0,266.0,286.0,367.0,371.0,411.0,431.0,431.0,433.0,453.0,471.0,489.0,512.0,539.0,558.0,566.0,572.0,587.0,610.0,643.0,669.0,801.0,819.0,832.0,844.0,847.0,886.0,962.0,981.0,992.0,
5.0,46.0,74.0,85.0,113.0,125.0,133.0,169.0,176.0,199.0,210.0,293.0,334.0,337.0,351.0,369.0,377.0,390.0,501.0,510.0,525.0,541.0,554.0,556.0,562.0,573.0,600.0,624.0,651.0,665.0,678.0,688.0,702.0,710.0,723.0,723.0,732.0,741.0,755.0,766.0,774.0,852.0,853.0,965.0,
35.0,47.0,64.0,77.0,82.0,121.0,133.0,152.0,172.0,218.0,288.0,345.0,405.0,414.0,457.0,522.0,543.0,548.0,602.0,611.0,629.0,633.0,659.0,691.0,692.0,707.0,720.0,736.0,752.0,761.0,775.0,807.0,810.0,896.0,940.0,984.0,989.0,
68.0,77.0,135.0,151.0,182.0,194.0,226.0,229.0,254.0,276.0,305.0,309.0,330.0,360.0,366.0,378.0,382.0,416.0,419.0,420.0,447.0,544.0,580.0,587.0,596.0,599.0,625.0,637.0,665.0,686.0,762.0,797.0,818.0,839.0,941.0,983.0,986.0,
28.0,50.0,108.0,133.0,160.0,171.0,189.0,221.0,240.0,262.0,273.0,280.0,282.0,379.0,399.0,443.0,456.0,471.0,522.0,546.0,592.0,596.0,619.0,656.0,668.0,812.0,893.0,922.0,924.0,927.0,933.0,941.0,966.0,
31.0,77.0,78.0,105.0,136.0,158.0,169.0,237.0,303.0,305.0,320.0,362.0,373.0,434.0,475.0,484.0,625.0,626.0,673.0,726.0,777.0,800.0,808.0,862.0,873.0,941.0,964.0,966.0,
12.0,50.0,74.0,84.0,84.0,105.0,125.0,138.0,154.0,212.0,214.0,316.0,325.0,367.0,390.0,438.0,461.0,473.0,514.0,515.0,535.0,556.0,556.0,599.0,607.0,644.0,657.0,663.0,679.0,703.0,716.0,786.0,804.0,836.0,969.0,973.0,980.0,982.0,
21.0,61.0,107.0,111.0,111.0,143.0,151.0,171.0,204.0,210.0,226.0,234.0,236.0,249.0,352.0,360.0,393.0,483.0,524.0,531.0,588.0,597.0,715.0,731.0,800.0,846.0,893.0,914.0,945.0,969.0,
35.0,85.0,90.0,113.0,115.0,151.0,178.0,205.0,214.0,225.0,228.0,237.0,406.0,408.0,429.0,452.0,497.0,568.0,626.0,633.0,640.0,661.0,767.0,784.0,788.0,852.0,901.0,954.0,966.0,986.0,
13.0,32.0,65.0,74.0,125.0,146.0,159.0,164.0,168.0,176.0,182.0,188.0,192.0,195.0,208.0,210.0,215.0,233.0,248.0,282.0,320.0,376.0,387.0,401.0,404.0,448.0,461.0,462.0,484.0,486.0,488.0,498.0,501.0,503.0,518.0,532.0,553.0,555.0,558.0,620.0,625.0,628.0,648.0,689.0,723.0,731.0,777.0,808.0,812.0,815.0,905.0,950.0,973.0,975.0,
57.0,72.0,96.0,96.0,103.0,105.0,142.0,180.0,194.0,215.0,225.0,267.0,271.0,287.0,301.0,302.0,304.0,308.0,339.0,402.0,418.0,450.0,460.0,461.0,483.0,503.0,539.0,549.0,550.0,557.0,699.0,754.0,805.0,809.0,809.0,820.0,827.0,890.0,909.0,954.0,978.0,
5.0,12.0,33.0,82.0,85.0,87.0,94.0,132.0,148.0,153.0,164.0,315.0,319.0,335.0,369.0,401.0,418.0,429.0,459.0,469.0,474.0,519.0,533.0,592.0,593.0,616.0,619.0,642.0,670.0,677.0,681.0,712.0,740.0,794.0,807.0,925.0,997.0,999.0,
14.0,15.0,24.0,26.0,63.0,64.0,77.0,125.0,144.0,185.0,203.0,257.0,261.0,313.0,395.0,536.0,537.0,539.0,554.0,556.0,575.0,635.0,648.0,650.0,662.0,673.0,683.0,684.0,696.0,703.0,705.0,707.0,717.0,745.0,750.0,758.0,771.0,773.0,804.0,821.0,858.0,958.0,959.0,964.0,968.0,977.0,1000.0,
43.0,57.0,96.0,107.0,177.0,195.0,199.0,214.0,258.0,259.0,263.0,295.0,328.0,330.0,384.0,385.0,404.0,406.0,483.0,522.0,536.0,553.0,599.0,605.0,647.0,660.0,697.0,758.0,765.0,782.0,804.0,816.0,827.0,830.0,835.0,836.0,858.0,879.0,904.0,931.0,936.0,939.0,982.0,
5.0,11.0,30.0,105.0,122.0,183.0,184.0,192.0,247.0,308.0,313.0,382.0,385.0,407.0,413.0,435.0,456.0,462.0,483.0,588.0,606.0,614.0,628.0,634.0,651.0,694.0,721.0,721.0,738.0,847.0,940.0,
45.0,118.0,177.0,231.0,303.0,317.0,318.0,357.0,395.0,401.0,425.0,431.0,565.0,578.0,653.0,666.0,669.0,715.0,725.0,725.0,726.0,751.0,779.0,816.0,830.0,835.0,852.0,854.0,856.0,876.0,891.0,923.0,941.0,990.0,994.0,
42.0,75.0,146.0,147.0,161.0,180.0,218.0,254.0,275.0,294.0,366.0,373.0,389.0,404.0,411.0,423.0,430.0,455.0,459.0,460.0,483.0,495.0,498.0,506.0,511.0,519.0,584.0,609.0,661.0,676.0,722.0,743.0,810.0,821.0,825.0,834.0,995.0,
9.0,101.0,121.0,126.0,127.0,139.0,153.0,167.0,174.0,218.0,226.0,238.0,242.0,259.0,348.0,360.0,373.0,379.0,428.0,454.0,514.0,694.0,732.0,745.0,750.0,778.0,779.0,795.0,800.0,801.0,860.0,863.0,
