23.0,114.0,134.0,162.0,171.0,197.0,214.0,229.0,301.0,361.0,379.0,400.0,421.0,444.0,490.0,546.0,549.0,553.0,568.0,572.0,594.0,603.0,608.0,617.0,668.0,674.0,683.0,732.0,746.0,780.0,791.0,897.0,924.0,
4.0,9.0,12.0,26.0,42.0,47.0,48.0,54.0,70.0,86.0,183.0,220.0,239.0,285.0,314.0,330.0,335.0,364.0,375.0,409.0,441.0,460.0,505.0,506.0,511.0,528.0,548.0,556.0,604.0,604.0,608.0,617.0,637.0,653.0,663.0,725.0,728.0,728.0,836.0,842.0,913.0,949.0,
23.0,96.0,102.0,104.0,109.0,109.0,110.0,129.0,134.0,161.0,191.0,207.0,268.0,294.0,298.0,304.0,333.0,334.0,360.0,373.0,378.0,382.0,403.0,415.0,430.0,454.0,480.0,482.0,502.0,540.0,604.0,610.0,616.0,619.0,632.0,636.0,662.0,674.0,698.0,713.0,770.0,788.0,795.0,817.0,828.0,861.0,869.0,897.0,919.0,920.0,934.0,969.0,
23.0,41.0,98.0,114.0,121.0,129.0,175.0,260.0,262.0,300.0,309.0,309.0,323.0,362.0,385.0,390.0,395.0,398.0,457.0,572.0,577.0,627.0,678.0,701.0,736.0,747.0,822.0,823.0,824.0,838.0,863.0,879.0,892.0,900.0,903.0,905.0,998.0,
16.0,33.0,51.0,91.0,126.0,174.0,198.0,211.0,250.0,268.0,310.0,371.0,390.0,399.0,400.0,473.0,512.0,533.0,564.0,591.0,618.0,633.0,640.0,650.0,680.0,689.0,694.0,765.0,766.0,811.0,878.0,973.0,976.0,999.0,
19.0,42.0,54.0,67.0,69.0,87.0,90.0,97.0,109.0,207.0,238.0,263.0,283.0,326.0,364.0,364.0,402.0,411.0,430.0,458.0,482.0,484.0,510.0,519.0,547.0,631.0,637.0,641.0,657.0,685.0,689.0,739.0,750.0,753.0,757.0,788.0,809.0,814.0,832.0,841.0,911.0,914.0,963.0,994.0,
24.0,37.0,126.0,131.0,143.0,157.0,225.0,298.0,309.0,323.0,376.0,387.0,408.0,465.0,468.0,587.0,629.0,634.0,688.0,726.0,739.0,785.0,814.0,814.0,838.0,864.0,910.0,941.0,964.0,991.0,995.0,
11.0,11.0,45.0,62.0,89.0,135.0,197.0,199.0,241.0,253.0,272.0,339.0,588.0,590.0,620.0,628.0,734.0,739.0,748.0,983.0,
83.0,152.0,162.0,175.0,175.0,215.0,226.0,239.0,274.0,279.0,293.0,299.0,319.0,338.0,339.0,354.0,373.0,375.0,377.0,419.0,437.0,468.0,479.0,498.0,550.0,574.0,583.0,603.0,629.0,692.0,699.0,712.0,726.0,736.0,747.0,761.0,769.0,804.0,857.0,898.0,899.0,951.0,952.0,989.0,
19.0,64.0,74.0,107.0,132.0,140.0,141.0,167.0,167.0,218.0,223.0,250.0,267.0,393.0,414.0,475.0,509.0,518.0,579.0,592.0,596.0,600.0,614.0,630.0,655.0,703.0,712.0,781.0,812.0,832.0,849.0,881.0,884.0,889.0,919.0,919.0,926.0,933.0,975.0,979.0,
2.0,70.0,100.0,100.0,108.0,154.0,173.0,181.0,225.0,269.0,320.0,354.0,355.0,385.0,390.0,408.0,507.0,508.0,550.0,562.0,562.0,563.0,570.0,584.0,611.0,621.0,633.0,725.0,726.0,751.0,790.0,823.0,841.0,928.0,975.0,982.0,
46.0,123.0,207.0,296.0,347.0,361.0,365.0,409.0,453.0,563.0,634.0,646.0,718.0,787.0,838.0,848.0,874.0,924.0,954.0,955.0,996.0,
3.0,16.0,48.0,54.0,58.0,87.0,101.0,116.0,131.0,155.0,203.0,209.0,280.0,282.0,335.0,338.0,367.0,370.0,397.0,437.0,451.0,463.0,484.0,516.0,573.0,590.0,621.0,621.0,653.0,662.0,672.0,710.0,713.0,730.0,772.0,774.0,856.0,869.0,881.0,942.0,980.0,986.0,
19.0,50.0,80.0,106.0,171.0,199.0,232.0,238.0,257.0,269.0,269.0,275.0,304.0,304.0,334.0,339.0,364.0,383.0,402.0,421.0,423.0,425.0,463.0,471.0,475.0,478.0,491.0,520.0,522.0,580.0,642.0,772.0,784.0,832.0,857.0,897.0,917.0,966.0,969.0,
13.0,27.0,36.0,79.0,193.0,251.0,278.0,338.0,352.0,399.0,487.0,565.0,588.0,589.0,616.0,656.0,656.0,715.0,735.0,743.0,770.0,830.0,862.0,976.0,
110.0,156.0,181.0,202.0,215.0,227.0,275.0,300.0,311.0,343.0,385.0,389.0,410.0,443.0,517.0,718.0,730.0,746.0,781.0,803.0,812.0,834.0,842.0,848.0,851.0,882.0,905.0,930.0,947.0,974.0,
23.0,90.0,152.0,217.0,242.0,263.0,276.0,319.0,335.0,372.0,380.0,411.0,521.0,539.0,539.0,568.0,617.0,620.0,786.0,814.0,848.0,851.0,867.0,912.0,921.0,921.0,941.0,952.0,957.0,967.0,972.0,
62.0,126.0,207.0,218.0,230.0,253.0,287.0,339.0,342.0,356.0,379.0,394.0,412.0,412.0,425.0,454.0,483.0,488.0,613.0,638.0,642.0,646.0,688.0,690.0,700.0,708.0,713.0,716.0,747.0,748.0,754.0,772.0,776.0,792.0,832.0,856.0,884.0,942.0,973.0,
24.0,36.0,37.0,52.0,78.0,152.0,170.0,171.0,214.0,225.0,251.0,260.0,284.0,284.0,344.0,351.0,354.0,370.0,462.0,472.0,565.0,575.0,630.0,658.0,661.0,671.0,677.0,682.0,709.0,718.0,720.0,733.0,733.0,738.0,743.0,753.0,771.0,780.0,880.0,934.0,946.0,980.0,
3.0,27.0,28.0,34.0,56.0,179.0,199.0,211.0,216.0,242.0,246.0,289.0,324.0,340.0,360.0,366.0,405.0,411.0,422.0,445.0,461.0,461.0,496.0,502.0,516.0,528.0,591.0,632.0,700.0,712.0,755.0,782.0,798.0,862.0,892.0,
10.0,18.0,31.0,32.0,41.0,61.0,135.0,138.0,158.0,174.0,219.0,230.0,239.0,247.0,267.0,287.0,292.0,322.0,380.0,387.0,434.0,471.0,489.0,497.0,507.0,509.0,548.0,604.0,679.0,715.0,795.0,812.0,825.0,842.0,995.0,
19.0,23.0,62.0,69.0,84.0,95.0,168.0,205.0,208.0,213.0,244.0,278.0,298.0,313.0,319.0,340.0,443.0,496.0,499.0,526.0,533.0,562.0,624.0,678.0,679.0,683.0,700.0,717.0,745.0,818.0,821.0,844.0,847.0,849.0,853.0,884.0,897.0,926.0,
39.0,66.0,91.0,215.0,220.0,234.0,235.0,253.0,292.0,296.0,323.0,350.0,372.0,413.0,480.0,516.0,548.0,559.0,602.0,651.0,660.0,719.0,739.0,746.0,829.0,868.0,870.0,906.0,914.0,
73.0,127.0,160.0,163.0,191.0,192.0,262.0,269.0,299.0,307.0,310.0,313.0,318.0,319.0,366.0,368.0,383.0,390.0,403.0,421.0,426.0,443.0,468.0,493.0,500.0,507.0,519.0,560.0,580.0,596.0,633.0,642.0,654.0,669.0,709.0,712.0,751.0,756.0,779.0,809.0,866.0,931.0,977.0,991.0,
14.0,18.0,36.0,39.0,111.0,172.0,241.0,259.0,263.0,312.0,333.0,338.0,353.0,400.0,441.0,490.0,502.0,526.0,539.0,594.0,628.0,637.0,660.0,695.0,708.0,708.0,723.0,725.0,774.0,786.0,838.0,852.0,915.0,923.0,941.0,966.0,
17.0,94.0,103.0,159.0,173.0,210.0,242.0,258.0,274.0,298.0,321.0,329.0,347.0,435.0,467.0,468.0,497.0,504.0,522.0,527.0,530.0,532.0,535.0,554.0,558.0,559.0,581.0,605.0,607.0,638.0,650.0,668.0,689.0,704.0,723.0,746.0,752.0,825.0,838.0,858.0,900.0,923.0,968.0,
9.0,20.0,35.0,53.0,66.0,73.0,157.0,235.0,241.0,331.0,390.0,494.0,596.0,607.0,611.0,646.0,653.0,718.0,724.0,758.0,795.0,797.0,808.0,827.0,829.0,833.0,865.0,875.0,891.0,897.0,902.0,910.0,921.0,929.0,954.0,955.0,956.0,976.0,
42.0,61.0,88.0,106.0,107.0,115.0,124.0,161.0,195.0,200.0,245.0,281.0,292.0,360.0,381.0,408.0,455.0,486.0,509.0,535.0,554.0,585.0,593.0,621.0,666.0,696.0,817.0,827.0,861.0,881.0,908.0,947.0,999.0,1000.0,
5.0,23.0,23.0,124.0,135.0,146.0,149.0,185.0,186.0,204.0,233.0,271.0,278.0,280.0,367.0,391.0,403.0,406.0,427.0,435.0,454.0,456.0,497.0,530.0,572.0,573.0,627.0,628.0,644.0,698.0,698.0,708.0,721.0,750.0,777.0,781.0,790.0,798.0,813.0,834.0,846.0,850.0,868.0,889.0,907.0,908.0,920.0,941.0,970.0,988.0,
43.0,79.0,212.0,277.0,292.0,442.0,447.0,473.0,511.0,516.0,596.0,609.0,727.0,728.0,761.0,780.0,816.0,844.0,862.0,925.0,931.0,942.0,970.0,992.0,
21.0,45.0,55.0,64.0,65.0,78.0,122.0,140.0,167.0,178.0,196.0,204.0,229.0,232.0,264.0,282.0,324.0,397.0,409.0,459.0,459.0,479.0,493.0,497.0,542.0,552.0,556.0,560.0,592.0,606.0,619.0,664.0,666.0,667.0,675.0,677.0,690.0,696.0,699.0,710.0,721.0,758.0,758.0,766.0,887.0,911.0,965.0,
23.0,44.0,56.0,70.0,89.0,131.0,199.0,216.0,226.0,284.0,286.0,329.0,344.0,351.0,386.0,433.0,433.0,453.0,510.0,530.0,607.0,699.0,845.0,867.0,884.0,912.0,931.0,941.0,941.0,957.0,975.0,
15.0,61.0,64.0,73.0,102.0,109.0,122.0,161.0,170.0,238.0,266.0,290.0,330.0,404.0,412.0,469.0,476.0,487.0,499.0,499.0,508.0,607.0,617.0,655.0,664.0,685.0,699.0,704.0,716.0,736.0,753.0,831.0,836.0,863.0,878.0,914.0,927.0,941.0,986.0,994.0,
33.0,33.0,38.0,66.0,95.0,99.0,131.0,141.0,152.0,156.0,158.0,194.0,217.0,218.0,228.0,236.0,259.0,280.0,298.0,351.0,363.0,382.0,436.0,465.0,492.0,525.0,567.0,594.0,616.0,623.0,667.0,672.0,695.0,720.0,723.0,799.0,852.0,877.0,895.0,895.0,942.0,994.0,
3.0,36.0,38.0,59.0,63.0,82.0,104.0,164.0,207.0,209.0,228.0,270.0,275.0,350.0,354.0,421.0,477.0,546.0,552.0,558.0,591.0,650.0,654.0,692.0,693.0,699.0,737.0,766.0,771.0,802.0,840.0,842.0,886.0,889.0,897.0,903.0,924.0,
7.0,9.0,23.0,51.0,61.0,116.0,143.0,182.0,222.0,239.0,240.0,290.0,304.0,323.0,325.0,372.0,378.0,395.0,422.0,427.0,478.0,507.0,531.0,559.0,575.0,576.0,600.0,685.0,714.0,721.0,722.0,741.0,794.0,806.0,904.0,946.0,
14.0,19.0,59.0,90.0,91.0,93.0,104.0,132.0,136.0,174.0,383.0,386.0,401.0,409.0,432.0,467.0,474.0,475.0,490.0,501.0,504.0,531.0,540.0,591.0,612.0,617.0,697.0,750.0,762.0,770.0,792.0,848.0,920.0,922.0,954.0,
7.0,8.0,16.0,73.0,76.0,204.0,206.0,227.0,245.0,310.0,313.0,314.0,318.0,327.0,338.0,369.0,385.0,397.0,403.0,443.0,474.0,479.0,481.0,505.0,508.0,562.0,594.0,597.0,614.0,653.0,662.0,664.0,680.0,694.0,718.0,732.0,776.0,822.0,878.0,881.0,901.0,911.0,918.0,967.0,968.0,979.0,
5.0,94.0,122.0,130.0,164.0,166.0,182.0,194.0,230.0,240.0,240.0,251.0,325.0,365.0,439.0,440.0,456.0,536.0,546.0,558.0,587.0,638.0,689.0,693.0,712.0,738.0,745.0,745.0,780.0,807.0,822.0,823.0,836.0,873.0,875.0,930.0,975.0,992.0,
42.0,82.0,99.0,167.0,173.0,176.0,209.0,232.0,235.0,279.0,367.0,373.0,412.0,499.0,513.0,518.0,520.0,565.0,608.0,614.0,614.0,632.0,665.0,779.0,803.0,818.0,860.0,869.0,910.0,953.0,983.0,986.0,
43.0,45.0,94.0,110.0,122.0,123.0,126.0,172.0,193.0,219.0,269.0,320.0,330.0,342.0,383.0,421.0,442.0,455.0,481.0,598.0,616.0,634.0,655.0,683.0,687.0,728.0,789.0,806.0,848.0,882.0,905.0,942.0,962.0,987.0,
28.0,50.0,87.0,108.0,151.0,241.0,248.0,271.0,285.0,384.0,409.0,412.0,422.0,433.0,471.0,489.0,495.0,497.0,525.0,543.0,569.0,572.0,580.0,617.0,643.0,686.0,815.0,839.0,852.0,852.0,917.0,942.0,999.0,
8.0,39.0,72.0,101.0,142.0,154.0,157.0,164.0,186.0,226.0,231.0,239.0,248.0,290.0,323.0,331.0,334.0,345.0,423.0,505.0,529.0,537.0,560.0,566.0,594.0,599.0,601.0,613.0,656.0,666.0,673.0,676.0,708.0,783.0,790.0,847.0,855.0,876.0,894.0,921.0,929.0,932.0,934.0,954.0,973.0,980.0,984.0,
12.0,41.0,54.0,83.0,90.0,114.0,124.0,127.0,147.0,227.0,253.0,270.0,286.0,290.0,328.0,409.0,414.0,446.0,472.0,474.0,535.0,559.0,569.0,583.0,743.0,745.0,791.0,887.0,925.0,933.0,950.0,967.0,
3.0,37.0,115.0,118.0,155.0,164.0,183.0,203.0,305.0,330.0,372.0,430.0,467.0,516.0,521.0,528.0,550.0,574.0,621.0,631.0,662.0,682.0,732.0,745.0,777.0,835.0,840.0,848.0,850.0,856.0,865.0,877.0,878.0,892.0,925.0,
44.0,70.0,73.0,82.0,103.0,109.0,121.0,138.0,145.0,172.0,218.0,225.0,260.0,281.0,299.0,311.0,350.0,357.0,373.0,375.0,461.0,490.0,509.0,537.0,588.0,610.0,616.0,630.0,637.0,670.0,672.0,705.0,765.0,837.0,854.0,874.0,903.0,913.0,915.0,925.0,926.0,955.0,955.0,990.0,995.0,997.0,
19.0,28.0,141.0,174.0,194.0,209.0,235.0,260.0,297.0,301.0,324.0,335.0,338.0,354.0,365.0,511.0,535.0,581.0,589.0,595.0,601.0,628.0,648.0,686.0,708.0,715.0,734.0,800.0,855.0,855.0,876.0,974.0,982.0,
55.0,145.0,166.0,194.0,195.0,230.0,287.0,292.0,292.0,295.0,329.0,338.0,399.0,407.0,440.0,442.0,452.0,470.0,547.0,550.0,602.0,620.0,636.0,651.0,658.0,663.0,664.0,757.0,778.0,784.0,830.0,862.0,870.0,883.0,907.0,953.0,953.0,964.0,991.0,
12.0,49.0,50.0,95.0,98.0,110.0,128.0,130.0,164.0,243.0,305.0,339.0,386.0,394.0,398.0,420.0,427.0,442.0,460.0,554.0,570.0,622.0,658.0,663.0,668.0,685.0,758.0,770.0,790.0,805.0,812.0,884.0,895.0,997.0,
2.0,52.0,57.0,76.0,110.0,139.0,164.0,188.0,285.0,286.0,295.0,339.0,344.0,408.0,408.0,518.0,519.0,552.0,559.0,607.0,611.0,700.0,718.0,734.0,779.0,779.0,832.0,843.0,852.0,869.0,872.0,904.0,917.0,935.0,953.0,978.0,991.0,
5.0,12.0,29.0,53.0,64.0,91.0,103.0,142.0,184.0,206.0,207.0,241.0,274.0,280.0,347.0,396.0,400.0,405.0,430.0,453.0,456.0,565.0,567.0,613.0,619.0,621.0,649.0,653.0,708.0,726.0,740.0,747.0,772.0,785.0,798.0,805.0,812.0,841.0,911.0,993.0,
20.0,21.0,30.0,54.0,68.0,73.0,159.0,169.0,193.0,257.0,303.0,317.0,369.0,375.0,423.0,438.0,442.0,444.0,462.0,473.0,483.0,514.0,540.0,612.0,632.0,673.0,680.0,681.0,685.0,715.0,728.0,739.0,753.0,757.0,758.0,783.0,802.0,808.0,832.0,853.0,886.0,898.0,936.0,937.0,967.0,970.0,
63.0,81.0,129.0,213.0,234.0,268.0,336.0,360.0,367.0,381.0,442.0,507.0,516.0,522.0,531.0,534.0,550.0,561.0,571.0,594.0,598.0,604.0,624.0,629.0,646.0,653.0,677.0,678.0,715.0,725.0,732.0,788.0,850.0,874.0,1000.0,
63.0,80.0,104.0,115.0,122.0,124.0,135.0,136.0,179.0,188.0,220.0,226.0,232.0,260.0,271.0,308.0,312.0,317.0,337.0,358.0,388.0,436.0,495.0,525.0,589.0,630.0,642.0,683.0,705.0,707.0,720.0,732.0,743.0,762.0,780.0,809.0,815.0,826.0,832.0,888.0,911.0,964.0,981.0,
67.0,121.0,131.0,139.0,193.0,228.0,232.0,238.0,261.0,272.0,274.0,309.0,364.0,368.0,387.0,453.0,488.0,502.0,545.0,576.0,663.0,692.0,728.0,785.0,797.0,816.0,851.0,853.0,921.0,932.0,936.0,950.0,965.0,992.0,
12.0,41.0,43.0,85.0,109.0,117.0,132.0,132.0,244.0,291.0,343.0,379.0,427.0,500.0,529.0,537.0,544.0,553.0,555.0,556.0,572.0,582.0,585.0,586.0,590.0,598.0,622.0,630.0,633.0,634.0,648.0,659.0,659.0,662.0,667.0,670.0,670.0,678.0,680.0,701.0,712.0,714.0,718.0,729.0,747.0,752.0,754.0,757.0,768.0,791.0,795.0,799.0,801.0,803.0,810.0,814.0,814.0,819.0,819.0,840.0,847.0,851.0,876.0,881.0,885.0,893.0,907.0,908.0,915.0,919.0,928.0,945.0,963.0,967.0,968.0,977.0,978.0,
39.0,106.0,108.0,113.0,118.0,192.0,206.0,246.0,257.0,287.0,337.0,360.0,406.0,416.0,421.0,431.0,457.0,497.0,518.0,535.0,535.0,545.0,553.0,563.0,573.0,595.0,617.0,620.0,698.0,719.0,749.0,750.0,758.0,777.0,780.0,799.0,813.0,893.0,895.0,903.0,958.0,993.0,
32.0,39.0,42.0,51.0,74.0,79.0,113.0,190.0,248.0,283.0,323.0,366.0,400.0,436.0,517.0,549.0,558.0,610.0,620.0,662.0,665.0,671.0,679.0,688.0,698.0,767.0,804.0,817.0,826.0,831.0,835.0,862.0,883.0,890.0,938.0,959.0,982.0,
21.0,30.0,32.0,85.0,142.0,153.0,162.0,163.0,167.0,172.0,179.0,190.0,236.0,244.0,248.0,305.0,310.0,332.0,350.0,364.0,381.0,424.0,453.0,469.0,508.0,543.0,565.0,591.0,592.0,612.0,710.0,762.0,762.0,773.0,803.0,841.0,845.0,923.0,944.0,974.0,993.0,
35.0,50.0,63.0,78.0,115.0,191.0,214.0,242.0,393.0,430.0,455.0,479.0,514.0,580.0,612.0,613.0,619.0,623.0,659.0,673.0,676.0,677.0,690.0,694.0,807.0,860.0,871.0,880.0,958.0,965.0,
25.0,48.0,58.0,60.0,73.0,100.0,104.0,112.0,178.0,188.0,227.0,231.0,244.0,253.0,284.0,287.0,308.0,319.0,327.0,381.0,393.0,457.0,459.0,586.0,600.0,631.0,678.0,679.0,707.0,716.0,716.0,724.0,726.0,761.0,767.0,770.0,772.0,787.0,810.0,813.0,819.0,841.0,841.0,867.0,904.0,909.0,
30.0,58.0,59.0,75.0,112.0,162.0,216.0,238.0,248.0,324.0,328.0,377.0,394.0,423.0,437.0,453.0,525.0,677.0,684.0,690.0,803.0,804.0,831.0,871.0,880.0,984.0,
47.0,97.0,172.0,218.0,247.0,290.0,312.0,368.0,369.0,422.0,424.0,449.0,491.0,542.0,553.0,565.0,579.0,585.0,605.0,607.0,670.0,686.0,702.0,703.0,741.0,769.0,789.0,811.0,819.0,832.0,847.0,861.0,867.0,911.0,938.0,939.0,981.0,988.0,
4.0,12.0,32.0,33.0,80.0,162.0,209.0,221.0,263.0,271.0,300.0,318.0,331.0,357.0,414.0,491.0,507.0,519.0,528.0,534.0,554.0,586.0,586.0,627.0,636.0,649.0,691.0,693.0,748.0,754.0,771.0,773.0,806.0,897.0,907.0,907.0,958.0,973.0,975.0,1000.0,
74.0,82.0,86.0,96.0,103.0,109.0,159.0,160.0,161.0,213.0,222.0,227.0,234.0,283.0,371.0,381.0,390.0,391.0,439.0,484.0,491.0,508.0,616.0,623.0,674.0,713.0,744.0,785.0,814.0,851.0,872.0,977.0,
58.0,63.0,106.0,165.0,168.0,210.0,226.0,294.0,303.0,307.0,321.0,329.0,348.0,353.0,368.0,419.0,424.0,427.0,446.0,449.0,505.0,512.0,515.0,526.0,547.0,571.0,602.0,617.0,634.0,731.0,741.0,850.0,879.0,891.0,897.0,907.0,981.0,
15.0,32.0,68.0,73.0,77.0,117.0,126.0,131.0,137.0,152.0,167.0,188.0,248.0,267.0,274.0,281.0,317.0,354.0,356.0,363.0,380.0,427.0,452.0,480.0,499.0,520.0,541.0,553.0,562.0,574.0,576.0,591.0,626.0,647.0,664.0,689.0,706.0,821.0,821.0,835.0,899.0,944.0,994.0,
115.0,133.0,163.0,170.0,217.0,223.0,223.0,244.0,248.0,286.0,371.0,371.0,413.0,463.0,518.0,554.0,604.0,661.0,794.0,814.0,890.0,895.0,903.0,908.0,964.0,
23.0,56.0,73.0,92.0,171.0,185.0,259.0,284.0,291.0,305.0,327.0,334.0,348.0,371.0,512.0,673.0,728.0,794.0,810.0,818.0,832.0,896.0,937.0,963.0,970.0,985.0,990.0,998.0,1000.0,
53.0,79.0,82.0,105.0,114.0,119.0,126.0,155.0,169.0,195.0,195.0,200.0,223.0,231.0,265.0,291.0,308.0,331.0,339.0,345.0,358.0,377.0,402.0,434.0,455.0,472.0,485.0,535.0,580.0,611.0,615.0,655.0,709.0,710.0,735.0,776.0,782.0,782.0,790.0,793.0,794.0,815.0,816.0,870.0,918.0,935.0,983.0,991.0,
37.0,144.0,179.0,199.0,205.0,229.0,288.0,341.0,351.0,356.0,455.0,464.0,526.0,535.0,537.0,590.0,630.0,825.0,832.0,881.0,998.0,
4.0,16.0,23.0,80.0,97.0,111.0,123.0,126.0,194.0,204.0,258.0,287.0,311.0,311.0,336.0,396.0,404.0,412.0,444.0,449.0,487.0,554.0,619.0,647.0,653.0,657.0,702.0,723.0,733.0,771.0,850.0,876.0,900.0,916.0,933.0,969.0,
53.0,96.0,146.0,215.0,259.0,271.0,300.0,304.0,350.0,357.0,363.0,395.0,412.0,412.0,488.0,499.0,505.0,526.0,571.0,577.0,590.0,665.0,685.0,720.0,733.0,734.0,785.0,808.0,848.0,887.0,888.0,909.0,917.0,929.0,967.0,968.0,
3.0,40.0,118.0,236.0,240.0,252.0,258.0,259.0,361.0,386.0,405.0,482.0,493.0,499.0,551.0,581.0,637.0,638.0,651.0,664.0,700.0,713.0,716.0,723.0,738.0,740.0,753.0,806.0,807.0,809.0,828.0,840.0,850.0,961.0,966.0,
10.0,12.0,12.0,50.0,87.0,106.0,135.0,159.0,178.0,183.0,186.0,186.0,209.0,246.0,291.0,304.0,352.0,383.0,426.0,436.0,439.0,475.0,487.0,549.0,552.0,656.0,701.0,737.0,791.0,803.0,838.0,848.0,891.0,
8.0,52.0,105.0,115.0,120.0,173.0,208.0,239.0,243.0,313.0,380.0,414.0,423.0,429.0,447.0,557.0,662.0,667.0,680.0,711.0,745.0,751.0,868.0,909.0,937.0,999.0,
6.0,114.0,134.0,179.0,188.0,221.0,258.0,315.0,335.0,352.0,368.0,372.0,375.0,391.0,395.0,397.0,398.0,398.0,428.0,460.0,515.0,549.0,571.0,599.0,602.0,607.0,616.0,624.0,631.0,651.0,661.0,684.0,696.0,702.0,745.0,754.0,759.0,896.0,896.0,913.0,916.0,934.0,937.0,944.0,989.0,
13.0,31.0,31.0,102.0,109.0,115.0,120.0,131.0,179.0,183.0,204.0,248.0,252.0,285.0,335.0,376.0,384.0,385.0,395.0,403.0,414.0,427.0,427.0,469.0,474.0,493.0,558.0,584.0,622.0,633.0,643.0,652.0,664.0,706.0,743.0,748.0,759.0,772.0,781.0,802.0,817.0,823.0,827.0,834.0,862.0,892.0,953.0,960.0,980.0,992.0,
58.0,65.0,176.0,334.0,341.0,344.0,353.0,393.0,408.0,416.0,419.0,422.0,466.0,549.0,562.0,564.0,580.0,592.0,615.0,635.0,657.0,702.0,708.0,727.0,730.0,739.0,740.0,771.0,779.0,797.0,818.0,825.0,850.0,854.0,864.0,910.0,981.0,
89.0,112.0,150.0,168.0,175.0,207.0,226.0,226.0,249.0,260.0,292.0,320.0,334.0,365.0,441.0,452.0,502.0,526.0,534.0,536.0,580.0,596.0,614.0,700.0,736.0,772.0,781.0,913.0,940.0,995.0,
27.0,57.0,111.0,140.0,183.0,193.0,228.0,231.0,283.0,286.0,289.0,326.0,334.0,357.0,427.0,467.0,482.0,503.0,535.0,583.0,589.0,645.0,657.0,717.0,797.0,816.0,860.0,878.0,883.0,921.0,960.0,982.0,
4.0,20.0,103.0,136.0,184.0,198.0,239.0,360.0,453.0,460.0,466.0,482.0,483.0,489.0,491.0,525.0,528.0,580.0,587.0,601.0,604.0,634.0,634.0,645.0,654.0,743.0,773.0,789.0,789.0,791.0,807.0,835.0,864.0,880.0,929.0,953.0,
13.0,27.0,58.0,142.0,160.0,201.0,396.0,410.0,449.0,455.0,468.0,482.0,485.0,548.0,553.0,596.0,630.0,648.0,649.0,694.0,754.0,797.0,820.0,833.0,840.0,947.0,968.0,972.0,978.0,987.0,
68.0,83.0,132.0,144.0,155.0,181.0,189.0,190.0,202.0,204.0,225.0,250.0,258.0,268.0,340.0,346.0,368.0,377.0,382.0,413.0,414.0,425.0,430.0,486.0,503.0,540.0,555.0,560.0,564.0,584.0,602.0,621.0,625.0,640.0,723.0,724.0,826.0,842.0,846.0,932.0,963.0,
26.0,62.0,63.0,64.0,85.0,86.0,96.0,114.0,127.0,129.0,136.0,161.0,241.0,269.0,330.0,333.0,344.0,371.0,371.0,377.0,393.0,404.0,480.0,493.0,527.0,663.0,670.0,678.0,734.0,771.0,781.0,809.0,836.0,853.0,885.0,887.0,919.0,966.0,
70.0,91.0,131.0,170.0,191.0,212.0,255.0,370.0,392.0,409.0,455.0,459.0,477.0,515.0,572.0,576.0,594.0,611.0,625.0,659.0,674.0,720.0,807.0,823.0,879.0,914.0,918.0,966.0,985.0,
78.0,129.0,132.0,183.0,192.0,198.0,198.0,237.0,241.0,272.0,285.0,300.0,302.0,317.0,390.0,432.0,436.0,446.0,472.0,481.0,527.0,531.0,533.0,536.0,553.0,565.0,576.0,578.0,666.0,691.0,717.0,740.0,831.0,831.0,846.0,880.0,901.0,912.0,914.0,958.0,981.0,982.0,989.0,
6.0,39.0,59.0,68.0,82.0,105.0,123.0,132.0,187.0,199.0,224.0,237.0,237.0,265.0,380.0,398.0,401.0,402.0,434.0,438.0,445.0,456.0,457.0,470.0,475.0,503.0,515.0,525.0,531.0,549.0,566.0,611.0,619.0,630.0,727.0,742.0,781.0,807.0,819.0,859.0,902.0,902.0,995.0,
29.0,88.0,95.0,134.0,135.0,149.0,159.0,167.0,227.0,229.0,262.0,262.0,282.0,329.0,332.0,338.0,429.0,432.0,468.0,507.0,521.0,602.0,640.0,715.0,744.0,755.0,767.0,811.0,831.0,842.0,876.0,885.0,909.0,919.0,972.0,977.0,980.0,992.0,
17.0,21.0,52.0,114.0,129.0,152.0,177.0,193.0,220.0,220.0,254.0,283.0,291.0,300.0,300.0,311.0,318.0,335.0,344.0,345.0,345.0,449.0,468.0,557.0,582.0,583.0,586.0,610.0,617.0,628.0,642.0,702.0,702.0,705.0,726.0,748.0,756.0,760.0,781.0,783.0,789.0,811.0,826.0,925.0,930.0,964.0,989.0,
39.0,52.0,60.0,111.0,111.0,119.0,127.0,136.0,142.0,143.0,162.0,164.0,188.0,257.0,264.0,300.0,348.0,374.0,471.0,504.0,634.0,641.0,682.0,702.0,742.0,761.0,774.0,832.0,878.0,894.0,913.0,922.0,939.0,943.0,
10.0,15.0,104.0,121.0,175.0,220.0,243.0,265.0,271.0,314.0,318.0,337.0,381.0,386.0,397.0,401.0,456.0,484.0,542.0,601.0,628.0,681.0,752.0,761.0,811.0,824.0,833.0,842.0,884.0,953.0,958.0,997.0,
39.0,70.0,84.0,137.0,176.0,203.0,231.0,286.0,310.0,319.0,400.0,416.0,445.0,447.0,474.0,485.0,493.0,507.0,528.0,547.0,581.0,613.0,614.0,629.0,634.0,644.0,710.0,738.0,739.0,773.0,852.0,880.0,893.0,956.0,985.0,
78.0,83.0,107.0,109.0,149.0,161.0,168.0,175.0,238.0,291.0,336.0,343.0,347.0,371.0,392.0,404.0,405.0,462.0,480.0,486.0,540.0,562.0,562.0,563.0,567.0,574.0,584.0,634.0,701.0,701.0,704.0,709.0,751.0,772.0,820.0,884.0,899.0,903.0,909.0,915.0,916.0,924.0,930.0,981.0,
24.0,35.0,49.0,51.0,88.0,211.0,237.0,272.0,278.0,281.0,282.0,333.0,351.0,436.0,500.0,522.0,524.0,525.0,567.0,568.0,575.0,577.0,598.0,660.0,689.0,698.0,730.0,745.0,768.0,782.0,799.0,815.0,835.0,866.0,868.0,883.0,900.0,951.0,952.0,959.0,998.0,
121.0,133.0,139.0,162.0,163.0,196.0,291.0,292.0,305.0,325.0,359.0,370.0,377.0,406.0,413.0,421.0,493.0,493.0,504.0,532.0,612.0,614.0,617.0,653.0,670.0,673.0,708.0,714.0,716.0,726.0,732.0,738.0,744.0,798.0,810.0,815.0,836.0,930.0,943.0,943.0,943.0,970.0,
16.0,22.0,81.0,125.0,130.0,160.0,181.0,183.0,219.0,225.0,296.0,331.0,363.0,384.0,408.0,424.0,440.0,453.0,458.0,477.0,489.0,507.0,516.0,516.0,552.0,567.0,617.0,617.0,671.0,727.0,764.0,792.0,822.0,865.0,882.0,985.0,
29.0,60.0,100.0,201.0,203.0,262.0,304.0,304.0,369.0,434.0,446.0,472.0,475.0,499.0,526.0,651.0,657.0,674.0,785.0,787.0,837.0,856.0,862.0,913.0,
77.0,90.0,119.0,124.0,130.0,213.0,256.0,257.0,324.0,326.0,360.0,378.0,403.0,449.0,469.0,506.0,517.0,523.0,561.0,580.0,592.0,704.0,768.0,792.0,812.0,815.0,891.0,893.0,893.0,929.0,941.0,
20.0,43.0,45.0,46.0,47.0,47.0,54.0,64.0,74.0,129.0,143.0,191.0,206.0,273.0,297.0,312.0,348.0,409.0,416.0,428.0,458.0,482.0,503.0,506.0,540.0,574.0,611.0,621.0,660.0,676.0,689.0,698.0,701.0,715.0,766.0,767.0,837.0,869.0,889.0,907.0,917.0,
