67.0,124.0,150.0,207.0,219.0,240.0,268.0,296.0,347.0,372.0,375.0,404.0,422.0,423.0,440.0,462.0,468.0,479.0,482.0,497.0,498.0,518.0,592.0,608.0,640.0,724.0,775.0,832.0,835.0,847.0,890.0,921.0,970.0,983.0,994.0,
50.0,61.0,143.0,166.0,257.0,266.0,332.0,333.0,353.0,384.0,434.0,443.0,454.0,492.0,498.0,513.0,570.0,571.0,588.0,602.0,636.0,639.0,678.0,692.0,751.0,790.0,834.0,850.0,865.0,951.0,
52.0,99.0,106.0,122.0,186.0,216.0,235.0,271.0,289.0,300.0,300.0,333.0,336.0,348.0,374.0,419.0,439.0,452.0,454.0,455.0,462.0,465.0,470.0,526.0,550.0,639.0,652.0,664.0,705.0,727.0,761.0,768.0,782.0,814.0,818.0,902.0,912.0,912.0,942.0,989.0,999.0,
18.0,27.0,40.0,61.0,82.0,102.0,157.0,174.0,213.0,235.0,260.0,281.0,313.0,339.0,398.0,407.0,412.0,436.0,447.0,461.0,532.0,536.0,554.0,557.0,579.0,596.0,609.0,739.0,808.0,832.0,852.0,866.0,903.0,910.0,1000.0,
18.0,21.0,45.0,55.0,70.0,137.0,139.0,139.0,148.0,167.0,197.0,232.0,236.0,258.0,266.0,346.0,362.0,366.0,405.0,488.0,525.0,539.0,555.0,585.0,606.0,649.0,678.0,727.0,750.0,758.0,784.0,790.0,827.0,901.0,918.0,985.0,
24.0,40.0,42.0,44.0,67.0,70.0,106.0,120.0,141.0,196.0,198.0,217.0,264.0,265.0,274.0,288.0,298.0,326.0,328.0,336.0,338.0,389.0,411.0,446.0,459.0,545.0,548.0,548.0,581.0,590.0,595.0,623.0,672.0,736.0,751.0,800.0,853.0,868.0,878.0,881.0,885.0,922.0,962.0,975.0,993.0,
19.0,42.0,44.0,46.0,62.0,93.0,94.0,112.0,139.0,141.0,156.0,213.0,226.0,263.0,296.0,339.0,343.0,353.0,402.0,409.0,413.0,429.0,446.0,538.0,547.0,578.0,589.0,614.0,678.0,703.0,714.0,776.0,810.0,858.0,920.0,935.0,992.0,
33.0,39.0,43.0,73.0,128.0,150.0,159.0,170.0,270.0,317.0,331.0,344.0,349.0,365.0,383.0,405.0,413.0,439.0,527.0,531.0,538.0,553.0,586.0,621.0,626.0,642.0,694.0,727.0,728.0,733.0,766.0,771.0,845.0,869.0,892.0,931.0,944.0,982.0,
14.0,19.0,22.0,36.0,73.0,84.0,127.0,131.0,150.0,188.0,211.0,225.0,248.0,257.0,264.0,271.0,278.0,303.0,349.0,381.0,394.0,498.0,539.0,547.0,586.0,592.0,594.0,707.0,770.0,800.0,851.0,852.0,883.0,910.0,927.0,939.0,942.0,988.0,
46.0,83.0,165.0,197.0,237.0,272.0,275.0,310.0,310.0,346.0,363.0,369.0,397.0,451.0,462.0,504.0,531.0,585.0,612.0,676.0,724.0,725.0,757.0,810.0,836.0,841.0,849.0,918.0,953.0,982.0,985.0,
8.0,21.0,27.0,48.0,53.0,83.0,90.0,175.0,196.0,238.0,246.0,254.0,304.0,343.0,368.0,431.0,448.0,478.0,529.0,537.0,647.0,666.0,676.0,688.0,716.0,729.0,776.0,816.0,817.0,830.0,879.0,929.0,930.0,964.0,975.0,982.0,982.0,
15.0,16.0,54.0,109.0,135.0,146.0,183.0,187.0,194.0,220.0,251.0,283.0,297.0,330.0,415.0,434.0,442.0,490.0,518.0,536.0,536.0,648.0,655.0,689.0,724.0,760.0,764.0,782.0,793.0,818.0,818.0,827.0,844.0,847.0,876.0,891.0,893.0,912.0,951.0,966.0,
19.0,32.0,43.0,47.0,94.0,94.0,135.0,157.0,187.0,189.0,215.0,220.0,222.0,243.0,281.0,284.0,317.0,319.0,387.0,388.0,394.0,399.0,401.0,413.0,422.0,466.0,541.0,547.0,575.0,581.0,588.0,609.0,679.0,680.0,700.0,719.0,720.0,756.0,802.0,852.0,867.0,888.0,930.0,962.0,979.0,987.0,992.0,
8.0,12.0,33.0,36.0,40.0,85.0,90.0,113.0,130.0,196.0,206.0,218.0,254.0,267.0,353.0,415.0,435.0,491.0,547.0,559.0,573.0,607.0,607.0,661.0,662.0,684.0,689.0,716.0,734.0,742.0,760.0,773.0,800.0,806.0,866.0,870.0,889.0,923.0,928.0,
7.0,15.0,27.0,30.0,31.0,37.0,111.0,117.0,134.0,141.0,145.0,147.0,172.0,185.0,202.0,207.0,209.0,251.0,253.0,280.0,288.0,323.0,369.0,392.0,402.0,430.0,500.0,513.0,549.0,550.0,551.0,579.0,607.0,653.0,660.0,672.0,678.0,699.0,766.0,770.0,773.0,774.0,777.0,782.0,790.0,798.0,819.0,833.0,845.0,907.0,919.0,920.0,977.0,985.0,
142.0,221.0,259.0,307.0,321.0,391.0,554.0,569.0,589.0,697.0,701.0,732.0,844.0,877.0,906.0,951.0,955.0,966.0,
21.0,42.0,68.0,69.0,78.0,159.0,175.0,205.0,288.0,331.0,336.0,345.0,366.0,469.0,488.0,511.0,594.0,613.0,624.0,643.0,656.0,724.0,739.0,754.0,801.0,860.0,873.0,890.0,909.0,912.0,913.0,919.0,937.0,
25.0,32.0,43.0,73.0,103.0,104.0,128.0,161.0,262.0,263.0,291.0,314.0,326.0,389.0,394.0,410.0,418.0,421.0,433.0,510.0,585.0,588.0,659.0,660.0,675.0,691.0,721.0,749.0,766.0,811.0,881.0,996.0,
64.0,144.0,208.0,254.0,314.0,349.0,418.0,444.0,489.0,495.0,505.0,527.0,534.0,561.0,616.0,619.0,626.0,639.0,748.0,763.0,763.0,802.0,866.0,879.0,880.0,889.0,980.0,983.0,
12.0,14.0,32.0,102.0,141.0,215.0,238.0,242.0,270.0,271.0,294.0,295.0,373.0,419.0,454.0,470.0,478.0,523.0,534.0,564.0,569.0,580.0,601.0,608.0,676.0,842.0,856.0,870.0,895.0,929.0,937.0,941.0,949.0,995.0,
4.0,39.0,42.0,66.0,74.0,101.0,105.0,110.0,169.0,177.0,197.0,219.0,275.0,341.0,366.0,373.0,409.0,461.0,550.0,563.0,572.0,678.0,704.0,743.0,778.0,815.0,822.0,917.0,924.0,944.0,
48.0,48.0,69.0,87.0,151.0,188.0,342.0,352.0,363.0,417.0,433.0,438.0,450.0,470.0,539.0,581.0,602.0,633.0,676.0,677.0,678.0,706.0,745.0,798.0,805.0,857.0,875.0,924.0,994.0,
6.0,28.0,58.0,69.0,95.0,123.0,173.0,174.0,220.0,225.0,349.0,368.0,397.0,438.0,459.0,461.0,474.0,497.0,590.0,660.0,762.0,794.0,798.0,830.0,847.0,957.0,990.0,
13.0,15.0,29.0,104.0,205.0,208.0,212.0,217.0,235.0,251.0,270.0,345.0,364.0,384.0,416.0,421.0,437.0,460.0,473.0,485.0,486.0,498.0,514.0,532.0,538.0,555.0,565.0,611.0,613.0,676.0,682.0,726.0,797.0,802.0,815.0,819.0,870.0,873.0,914.0,980.0,
69.0,81.0,96.0,110.0,127.0,137.0,179.0,180.0,194.0,221.0,245.0,279.0,317.0,318.0,324.0,337.0,345.0,357.0,386.0,395.0,408.0,465.0,498.0,515.0,517.0,531.0,565.0,597.0,627.0,638.0,674.0,688.0,758.0,761.0,767.0,776.0,799.0,804.0,808.0,813.0,816.0,816.0,819.0,862.0,943.0,964.0,
41.0,58.0,93.0,105.0,110.0,128.0,201.0,226.0,244.0,274.0,301.0,337.0,374.0,406.0,428.0,435.0,485.0,487.0,492.0,497.0,505.0,524.0,594.0,606.0,640.0,651.0,684.0,702.0,726.0,783.0,804.0,812.0,826.0,837.0,837.0,872.0,882.0,893.0,925.0,930.0,
3.0,85.0,91.0,118.0,154.0,200.0,211.0,214.0,235.0,241.0,260.0,262.0,301.0,333.0,371.0,389.0,417.0,433.0,447.0,512.0,517.0,518.0,518.0,544.0,590.0,594.0,618.0,622.0,625.0,644.0,686.0,754.0,783.0,784.0,826.0,839.0,855.0,880.0,903.0,904.0,964.0,994.0,
34.0,81.0,84.0,101.0,118.0,133.0,228.0,246.0,258.0,271.0,302.0,374.0,422.0,427.0,429.0,441.0,446.0,450.0,462.0,465.0,541.0,546.0,557.0,582.0,614.0,634.0,649.0,672.0,675.0,681.0,717.0,736.0,754.0,770.0,801.0,819.0,849.0,866.0,907.0,938.0,969.0,970.0,987.0,
18.0,95.0,118.0,124.0,141.0,150.0,152.0,165.0,175.0,194.0,284.0,326.0,362.0,362.0,369.0,372.0,412.0,422.0,432.0,449.0,499.0,514.0,541.0,545.0,574.0,590.0,630.0,635.0,649.0,670.0,753.0,764.0,783.0,784.0,801.0,864.0,879.0,979.0,986.0,
29.0,37.0,72.0,93.0,214.0,313.0,323.0,326.0,360.0,378.0,398.0,408.0,421.0,426.0,515.0,536.0,571.0,598.0,601.0,608.0,633.0,688.0,715.0,716.0,726.0,732.0,739.0,764.0,771.0,836.0,855.0,872.0,891.0,908.0,947.0,955.0,
96.0,140.0,161.0,252.0,269.0,276.0,292.0,403.0,421.0,452.0,476.0,478.0,516.0,591.0,646.0,693.0,804.0,840.0,890.0,897.0,914.0,924.0,954.0,
60.0,88.0,94.0,110.0,114.0,132.0,250.0,271.0,272.0,289.0,292.0,295.0,308.0,308.0,356.0,361.0,376.0,416.0,507.0,546.0,573.0,732.0,791.0,792.0,795.0,798.0,807.0,817.0,839.0,842.0,867.0,886.0,902.0,923.0,932.0,933.0,935.0,949.0,995.0,
52.0,147.0,168.0,215.0,236.0,265.0,274.0,274.0,282.0,330.0,355.0,388.0,391.0,439.0,447.0,476.0,478.0,540.0,575.0,582.0,591.0,591.0,609.0,632.0,639.0,649.0,669.0,680.0,723.0,726.0,801.0,851.0,868.0,912.0,987.0,995.0,
17.0,72.0,87.0,100.0,177.0,205.0,214.0,231.0,283.0,314.0,421.0,424.0,486.0,559.0,567.0,633.0,640.0,649.0,679.0,683.0,775.0,811.0,883.0,887.0,907.0,922.0,942.0,968.0,969.0,1000.0,
18.0,38.0,76.0,88.0,156.0,181.0,186.0,195.0,204.0,215.0,217.0,233.0,239.0,274.0,278.0,307.0,315.0,326.0,361.0,364.0,394.0,453.0,468.0,488.0,490.0,491.0,513.0,514.0,526.0,527.0,558.0,559.0,614.0,672.0,691.0,694.0,712.0,725.0,764.0,780.0,787.0,796.0,810.0,817.0,828.0,833.0,843.0,847.0,867.0,908.0,916.0,938.0,948.0,959.0,968.0,991.0,994.0,
19.0,48.0,83.0,125.0,128.0,151.0,172.0,185.0,193.0,237.0,288.0,297.0,314.0,328.0,360.0,366.0,373.0,406.0,411.0,464.0,476.0,512.0,531.0,566.0,584.0,610.0,620.0,620.0,621.0,628.0,636.0,638.0,702.0,703.0,718.0,759.0,759.0,765.0,779.0,820.0,848.0,853.0,862.0,889.0,895.0,912.0,926.0,955.0,981.0,987.0,
6.0,37.0,38.0,132.0,261.0,261.0,276.0,300.0,318.0,342.0,364.0,380.0,383.0,385.0,395.0,416.0,420.0,425.0,454.0,455.0,462.0,499.0,505.0,589.0,590.0,602.0,622.0,633.0,651.0,679.0,680.0,681.0,722.0,729.0,733.0,757.0,855.0,953.0,979.0,
56.0,121.0,125.0,179.0,240.0,240.0,264.0,298.0,327.0,357.0,360.0,392.0,392.0,399.0,478.0,499.0,507.0,516.0,527.0,529.0,593.0,694.0,753.0,780.0,784.0,804.0,824.0,863.0,874.0,879.0,926.0,931.0,
39.0,40.0,81.0,171.0,178.0,203.0,220.0,233.0,240.0,257.0,302.0,303.0,304.0,334.0,340.0,367.0,435.0,478.0,493.0,528.0,536.0,539.0,552.0,552.0,554.0,601.0,616.0,617.0,688.0,702.0,720.0,752.0,806.0,815.0,818.0,821.0,841.0,844.0,886.0,898.0,904.0,933.0,999.0,
110.0,124.0,138.0,148.0,156.0,156.0,161.0,189.0,223.0,244.0,257.0,280.0,315.0,332.0,356.0,358.0,405.0,426.0,560.0,628.0,641.0,679.0,682.0,701.0,712.0,719.0,771.0,784.0,805.0,827.0,834.0,841.0,852.0,892.0,894.0,935.0,943.0,982.0,983.0,
68.0,93.0,99.0,174.0,185.0,188.0,197.0,264.0,308.0,324.0,369.0,380.0,393.0,404.0,412.0,412.0,436.0,489.0,550.0,605.0,617.0,655.0,658.0,721.0,740.0,750.0,809.0,867.0,896.0,929.0,
42.0,65.0,199.0,202.0,245.0,286.0,290.0,371.0,382.0,393.0,439.0,482.0,492.0,575.0,584.0,588.0,592.0,644.0,706.0,755.0,798.0,798.0,812.0,837.0,856.0,895.0,920.0,931.0,940.0,995.0,
42.0,46.0,121.0,125.0,139.0,180.0,196.0,202.0,202.0,219.0,232.0,249.0,324.0,324.0,381.0,391.0,396.0,470.0,520.0,547.0,557.0,602.0,635.0,648.0,649.0,687.0,694.0,752.0,834.0,860.0,865.0,896.0,909.0,948.0,965.0,987.0,
14.0,23.0,61.0,102.0,110.0,209.0,247.0,266.0,269.0,282.0,286.0,296.0,348.0,385.0,405.0,419.0,562.0,566.0,620.0,628.0,679.0,704.0,728.0,733.0,765.0,769.0,780.0,787.0,794.0,895.0,911.0,924.0,942.0,961.0,981.0,
3.0,9.0,19.0,21.0,22.0,41.0,56.0,78.0,94.0,103.0,110.0,122.0,161.0,220.0,226.0,247.0,303.0,304.0,328.0,328.0,331.0,351.0,388.0,423.0,448.0,463.0,468.0,652.0,715.0,741.0,806.0,836.0,929.0,955.0,
32.0,52.0,110.0,121.0,138.0,175.0,195.0,232.0,234.0,262.0,282.0,365.0,375.0,379.0,397.0,453.0,488.0,
8.0,52.0,53.0,90.0,113.0,143.0,145.0,171.0,175.0,185.0,187.0,204.0,217.0,227.0,234.0,295.0,314.0,345.0,359.0,421.0,482.0,503.0,504.0,718.0,732.0,955.0,
8.0,18.0,23.0,65.0,76.0,81.0,82.0,114.0,120.0,168.0,242.0,255.0,259.0,281.0,289.0,454.0,459.0,465.0,480.0,502.0,540.0,573.0,590.0,624.0,647.0,677.0,677.0,683.0,699.0,713.0,724.0,752.0,763.0,774.0,777.0,797.0,821.0,821.0,829.0,877.0,882.0,894.0,907.0,952.0,975.0,993.0,
35.0,60.0,96.0,101.0,107.0,126.0,150.0,190.0,241.0,261.0,279.0,301.0,359.0,397.0,433.0,438.0,456.0,472.0,488.0,495.0,535.0,578.0,587.0,598.0,636.0,655.0,660.0,748.0,801.0,838.0,850.0,851.0,852.0,864.0,898.0,913.0,990.0,
46.0,62.0,100.0,106.0,112.0,138.0,221.0,235.0,235.0,370.0,433.0,435.0,457.0,468.0,536.0,583.0,588.0,697.0,699.0,714.0,726.0,764.0,791.0,815.0,919.0,944.0,958.0,958.0,982.0,991.0,
28.0,40.0,59.0,67.0,109.0,112.0,114.0,127.0,132.0,177.0,179.0,182.0,273.0,292.0,301.0,354.0,362.0,389.0,400.0,421.0,428.0,459.0,485.0,498.0,536.0,539.0,539.0,637.0,669.0,689.0,721.0,723.0,762.0,809.0,813.0,828.0,843.0,867.0,947.0,955.0,980.0,983.0,
15.0,39.0,158.0,221.0,291.0,326.0,419.0,439.0,446.0,516.0,567.0,600.0,611.0,640.0,686.0,738.0,788.0,797.0,827.0,839.0,853.0,864.0,892.0,899.0,904.0,923.0,941.0,947.0,965.0,999.0,
40.0,71.0,72.0,73.0,81.0,98.0,103.0,118.0,136.0,142.0,264.0,312.0,360.0,383.0,484.0,502.0,508.0,567.0,597.0,623.0,670.0,690.0,711.0,734.0,768.0,813.0,827.0,870.0,887.0,902.0,903.0,904.0,909.0,
14.0,71.0,89.0,95.0,133.0,158.0,160.0,191.0,222.0,331.0,370.0,379.0,446.0,507.0,607.0,635.0,642.0,686.0,693.0,710.0,721.0,724.0,735.0,740.0,766.0,770.0,792.0,819.0,833.0,888.0,892.0,896.0,907.0,955.0,997.0,
14.0,39.0,44.0,73.0,137.0,156.0,157.0,182.0,190.0,205.0,213.0,221.0,291.0,311.0,322.0,328.0,358.0,483.0,
2.0,2.0,9.0,84.0,108.0,140.0,168.0,175.0,192.0,197.0,230.0,302.0,308.0,352.0,441.0,458.0,
37.0,52.0,54.0,96.0,97.0,149.0,212.0,223.0,303.0,314.0,336.0,338.0,348.0,349.0,352.0,375.0,394.0,407.0,417.0,441.0,459.0,472.0,488.0,492.0,
85.0,112.0,119.0,123.0,175.0,257.0,328.0,365.0,427.0,439.0,443.0,462.0,511.0,533.0,579.0,593.0,608.0,611.0,630.0,634.0,643.0,648.0,665.0,673.0,709.0,710.0,714.0,719.0,805.0,811.0,859.0,881.0,884.0,924.0,939.0,945.0,956.0,968.0,972.0,985.0,987.0,995.0,1000.0,1000.0,
5.0,80.0,96.0,103.0,107.0,150.0,157.0,158.0,159.0,253.0,254.0,259.0,281.0,286.0,305.0,336.0,366.0,440.0,444.0,471.0,489.0,493.0,511.0,520.0,525.0,567.0,576.0,583.0,599.0,605.0,665.0,679.0,706.0,748.0,748.0,765.0,850.0,871.0,885.0,894.0,898.0,908.0,922.0,924.0,933.0,958.0,968.0,979.0,983.0,984.0,986.0,1000.0,
73.0,122.0,150.0,200.0,201.0,219.0,281.0,301.0,307.0,311.0,316.0,322.0,363.0,398.0,466.0,470.0,471.0,496.0,499.0,564.0,581.0,601.0,639.0,643.0,650.0,660.0,661.0,703.0,706.0,712.0,821.0,874.0,886.0,919.0,930.0,942.0,948.0,968.0,981.0,985.0,986.0,
37.0,75.0,113.0,141.0,145.0,182.0,182.0,194.0,214.0,237.0,280.0,324.0,351.0,378.0,384.0,428.0,490.0,493.0,547.0,559.0,602.0,615.0,628.0,692.0,706.0,924.0,959.0,987.0,
24.0,42.0,65.0,74.0,75.0,148.0,156.0,242.0,300.0,317.0,339.0,367.0,437.0,442.0,449.0,463.0,476.0,522.0,527.0,539.0,623.0,645.0,710.0,737.0,748.0,777.0,819.0,871.0,873.0,878.0,892.0,899.0,920.0,985.0,
8.0,50.0,72.0,85.0,134.0,164.0,170.0,232.0,237.0,251.0,258.0,263.0,350.0,368.0,395.0,430.0,471.0,527.0,566.0,566.0,568.0,610.0,644.0,669.0,679.0,736.0,741.0,760.0,816.0,907.0,
13.0,14.0,39.0,60.0,108.0,128.0,221.0,227.0,284.0,300.0,341.0,357.0,370.0,389.0,427.0,441.0,476.0,479.0,512.0,531.0,653.0,663.0,669.0,670.0,679.0,696.0,704.0,739.0,759.0,776.0,801.0,810.0,811.0,822.0,839.0,883.0,885.0,892.0,914.0,916.0,919.0,930.0,947.0,948.0,987.0,
8.0,16.0,46.0,55.0,60.0,63.0,107.0,127.0,134.0,183.0,239.0,246.0,277.0,281.0,292.0,298.0,353.0,389.0,397.0,427.0,447.0,448.0,451.0,470.0,492.0,514.0,718.0,843.0,
42.0,62.0,158.0,169.0,198.0,216.0,315.0,370.0,406.0,432.0,509.0,
4.0,44.0,79.0,85.0,88.0,114.0,117.0,128.0,140.0,140.0,156.0,188.0,233.0,260.0,266.0,272.0,276.0,368.0,509.0,685.0,768.0,903.0,903.0,913.0,974.0,
76.0,100.0,136.0,190.0,218.0,329.0,337.0,443.0,459.0,501.0,508.0,518.0,577.0,608.0,611.0,612.0,633.0,633.0,645.0,685.0,702.0,708.0,725.0,760.0,765.0,796.0,806.0,815.0,822.0,840.0,849.0,863.0,882.0,907.0,993.0,
6.0,34.0,54.0,94.0,134.0,141.0,242.0,317.0,318.0,318.0,326.0,347.0,363.0,372.0,380.0,429.0,490.0,529.0,530.0,541.0,551.0,630.0,653.0,653.0,734.0,750.0,769.0,789.0,817.0,839.0,847.0,864.0,876.0,951.0,968.0,980.0,
7.0,14.0,36.0,68.0,77.0,85.0,123.0,185.0,217.0,221.0,261.0,424.0,444.0,453.0,455.0,457.0,484.0,508.0,555.0,624.0,684.0,744.0,784.0,816.0,829.0,845.0,862.0,863.0,962.0,973.0,980.0,999.0,
5.0,11.0,111.0,164.0,180.0,214.0,235.0,244.0,258.0,258.0,284.0,309.0,316.0,374.0,387.0,462.0,480.0,499.0,511.0,541.0,564.0,570.0,606.0,622.0,630.0,700.0,718.0,806.0,840.0,867.0,923.0,946.0,966.0,
23.0,56.0,86.0,135.0,235.0,276.0,338.0,353.0,373.0,380.0,395.0,430.0,477.0,486.0,491.0,495.0,497.0,513.0,521.0,523.0,560.0,596.0,620.0,621.0,650.0,657.0,674.0,682.0,704.0,711.0,773.0,802.0,813.0,890.0,945.0,980.0,
9.0,37.0,67.0,73.0,89.0,105.0,138.0,179.0,180.0,219.0,280.0,298.0,326.0,397.0,405.0,431.0,465.0,580.0,584.0,624.0,674.0,677.0,696.0,756.0,789.0,915.0,963.0,
12.0,37.0,72.0,195.0,227.0,253.0,336.0,363.0,396.0,420.0,432.0,444.0,494.0,504.0,526.0,564.0,611.0,671.0,717.0,717.0,726.0,729.0,764.0,765.0,769.0,818.0,819.0,819.0,839.0,870.0,896.0,929.0,945.0,958.0,964.0,967.0,
7.0,29.0,179.0,199.0,234.0,236.0,288.0,290.0,314.0,366.0,367.0,372.0,406.0,428.0,437.0,439.0,441.0,441.0,494.0,528.0,531.0,571.0,572.0,587.0,593.0,616.0,627.0,654.0,659.0,699.0,712.0,723.0,729.0,752.0,786.0,801.0,814.0,817.0,840.0,893.0,900.0,923.0,940.0,950.0,
37.0,68.0,95.0,102.0,103.0,135.0,138.0,150.0,163.0,208.0,270.0,292.0,332.0,342.0,411.0,414.0,420.0,446.0,468.0,477.0,490.0,542.0,546.0,550.0,584.0,636.0,639.0,641.0,693.0,702.0,734.0,743.0,820.0,829.0,853.0,857.0,859.0,896.0,905.0,913.0,918.0,921.0,953.0,958.0,959.0,
14.0,54.0,75.0,94.0,96.0,99.0,160.0,169.0,320.0,381.0,410.0,428.0,450.0,469.0,470.0,471.0,518.0,540.0,573.0,584.0,615.0,664.0,673.0,676.0,691.0,706.0,712.0,735.0,738.0,746.0,816.0,852.0,908.0,915.0,927.0,932.0,942.0,947.0,997.0,
14.0,22.0,23.0,42.0,46.0,107.0,155.0,162.0,182.0,228.0,250.0,277.0,278.0,302.0,360.0,371.0,371.0,382.0,394.0,466.0,481.0,486.0,489.0,528.0,578.0,597.0,631.0,634.0,636.0,638.0,650.0,696.0,702.0,759.0,775.0,792.0,797.0,809.0,815.0,822.0,909.0,911.0,920.0,927.0,972.0,
7.0,11.0,22.0,30.0,113.0,124.0,169.0,172.0,214.0,250.0,269.0,331.0,338.0,349.0,367.0,414.0,470.0,494.0,508.0,518.0,527.0,553.0,595.0,651.0,655.0,696.0,802.0,808.0,814.0,824.0,847.0,868.0,884.0,937.0,944.0,967.0,985.0,
2.0,52.0,79.0,160.0,169.0,172.0,228.0,247.0,266.0,280.0,293.0,394.0,514.0,557.0,564.0,566.0,579.0,626.0,697.0,742.0,781.0,790.0,836.0,867.0,875.0,900.0,906.0,934.0,942.0,991.0,995.0,
12.0,30.0,33.0,102.0,129.0,172.0,185.0,190.0,206.0,208.0,313.0,327.0,368.0,378.0,417.0,432.0,511.0,537.0,557.0,577.0,641.0,671.0,683.0,809.0,812.0,827.0,853.0,856.0,872.0,893.0,919.0,926.0,950.0,963.0,970.0,978.0,992.0,997.0,
2.0,64.0,111.0,132.0,135.0,144.0,148.0,162.0,261.0,334.0,340.0,436.0,455.0,467.0,486.0,538.0,615.0,615.0,690.0,701.0,702.0,730.0,756.0,758.0,874.0,902.0,922.0,953.0,961.0,968.0,995.0,
18.0,44.0,67.0,93.0,189.0,197.0,267.0,291.0,335.0,343.0,364.0,368.0,386.0,435.0,441.0,519.0,539.0,546.0,597.0,634.0,770.0,773.0,825.0,839.0,844.0,915.0,963.0,991.0,
89.0,140.0,140.0,161.0,210.0,216.0,247.0,250.0,267.0,326.0,336.0,344.0,403.0,470.0,482.0,524.0,574.0,578.0,606.0,633.0,715.0,728.0,748.0,757.0,776.0,783.0,812.0,857.0,960.0,
67.0,99.0,128.0,181.0,187.0,187.0,214.0,235.0,242.0,247.0,274.0,283.0,360.0,373.0,418.0,435.0,478.0,506.0,534.0,643.0,697.0,702.0,762.0,791.0,810.0,815.0,836.0,878.0,903.0,921.0,956.0,960.0,987.0,
6.0,16.0,51.0,74.0,140.0,150.0,162.0,167.0,183.0,275.0,307.0,340.0,353.0,415.0,415.0,433.0,452.0,458.0,461.0,501.0,504.0,510.0,522.0,534.0,558.0,567.0,576.0,629.0,638.0,660.0,689.0,717.0,717.0,768.0,769.0,771.0,789.0,795.0,812.0,822.0,826.0,858.0,902.0,915.0,916.0,948.0,995.0,
34.0,66.0,69.0,93.0,132.0,141.0,173.0,174.0,216.0,231.0,247.0,291.0,333.0,342.0,360.0,368.0,387.0,433.0,440.0,450.0,510.0,517.0,529.0,535.0,536.0,546.0,553.0,557.0,607.0,623.0,642.0,666.0,679.0,695.0,722.0,837.0,850.0,877.0,878.0,943.0,990.0,
3.0,4.0,5.0,14.0,89.0,102.0,138.0,202.0,225.0,230.0,257.0,267.0,277.0,279.0,301.0,316.0,324.0,329.0,336.0,366.0,374.0,407.0,412.0,427.0,449.0,514.0,525.0,527.0,539.0,542.0,621.0,635.0,645.0,657.0,666.0,667.0,685.0,702.0,704.0,749.0,822.0,837.0,842.0,851.0,853.0,859.0,877.0,
17.0,26.0,83.0,87.0,92.0,117.0,133.0,154.0,195.0,209.0,227.0,247.0,249.0,271.0,307.0,358.0,368.0,394.0,395.0,406.0,427.0,474.0,487.0,491.0,535.0,536.0,536.0,570.0,594.0,622.0,629.0,667.0,678.0,681.0,705.0,732.0,780.0,860.0,880.0,881.0,925.0,985.0,987.0,999.0,
14.0,82.0,137.0,150.0,195.0,210.0,223.0,225.0,253.0,259.0,316.0,321.0,341.0,363.0,428.0,445.0,487.0,527.0,702.0,706.0,707.0,720.0,725.0,752.0,768.0,782.0,797.0,817.0,826.0,826.0,835.0,854.0,918.0,926.0,926.0,938.0,939.0,958.0,958.0,978.0,985.0,995.0,
102.0,107.0,155.0,158.0,199.0,200.0,209.0,318.0,323.0,327.0,366.0,407.0,419.0,516.0,535.0,543.0,592.0,639.0,659.0,663.0,673.0,673.0,698.0,713.0,731.0,781.0,784.0,821.0,829.0,844.0,852.0,884.0,888.0,922.0,927.0,928.0,928.0,929.0,932.0,
31.0,45.0,61.0,87.0,108.0,115.0,171.0,207.0,210.0,223.0,281.0,295.0,304.0,399.0,474.0,488.0,501.0,514.0,514.0,527.0,579.0,612.0,628.0,711.0,727.0,742.0,746.0,886.0,894.0,901.0,902.0,937.0,951.0,951.0,
33.0,38.0,45.0,84.0,84.0,116.0,143.0,150.0,188.0,239.0,272.0,279.0,356.0,404.0,444.0,450.0,463.0,481.0,548.0,565.0,575.0,600.0,613.0,616.0,716.0,727.0,732.0,747.0,820.0,833.0,834.0,918.0,920.0,924.0,963.0,979.0,981.0,982.0,
14.0,49.0,52.0,71.0,113.0,119.0,126.0,127.0,129.0,172.0,190.0,194.0,224.0,233.0,265.0,289.0,324.0,339.0,355.0,370.0,413.0,421.0,498.0,512.0,519.0,570.0,577.0,613.0,622.0,675.0,680.0,693.0,693.0,706.0,744.0,798.0,808.0,827.0,843.0,870.0,931.0,943.0,969.0,986.0,
11.0,51.0,163.0,248.0,250.0,295.0,304.0,312.0,317.0,378.0,390.0,392.0,421.0,426.0,438.0,458.0,479.0,491.0,506.0,522.0,616.0,645.0,730.0,764.0,769.0,774.0,788.0,826.0,827.0,847.0,891.0,892.0,964.0,978.0,990.0,997.0,
47.0,66.0,71.0,74.0,83.0,98.0,119.0,124.0,136.0,226.0,234.0,320.0,336.0,366.0,372.0,450.0,476.0,488.0,496.0,502.0,540.0,556.0,558.0,586.0,599.0,607.0,613.0,659.0,670.0,671.0,680.0,691.0,740.0,742.0,811.0,823.0,832.0,833.0,842.0,883.0,899.0,973.0,
38.0,96.0,133.0,201.0,202.0,208.0,255.0,285.0,288.0,292.0,299.0,303.0,329.0,347.0,399.0,416.0,419.0,427.0,451.0,459.0,484.0,516.0,563.0,571.0,622.0,639.0,663.0,689.0,725.0,726.0,770.0,798.0,835.0,932.0,961.0,
89.0,153.0,213.0,214.0,218.0,240.0,241.0,280.0,298.0,308.0,319.0,347.0,427.0,435.0,483.0,540.0,542.0,570.0,631.0,673.0,674.0,682.0,691.0,739.0,770.0,771.0,817.0,844.0,881.0,884.0,894.0,894.0,897.0,989.0,
6.0,53.0,84.0,98.0,102.0,153.0,165.0,235.0,236.0,312.0,360.0,365.0,415.0,601.0,618.0,708.0,741.0,754.0,764.0,771.0,775.0,824.0,831.0,847.0,861.0,866.0,906.0,912.0,923.0,932.0,950.0,983.0,989.0,
50.0,76.0,95.0,122.0,166.0,205.0,216.0,223.0,232.0,242.0,244.0,245.0,259.0,270.0,298.0,311.0,319.0,324.0,430.0,442.0,476.0,515.0,534.0,536.0,546.0,591.0,600.0,617.0,636.0,648.0,681.0,681.0,739.0,751.0,780.0,810.0,825.0,853.0,906.0,957.0,966.0,
