7.0,25.0,90.0,114.0,119.0,198.0,245.0,256.0,294.0,308.0,319.0,322.0,327.0,327.0,341.0,357.0,374.0,402.0,476.0,476.0,499.0,521.0,533.0,546.0,561.0,579.0,585.0,595.0,595.0,706.0,797.0,833.0,859.0,861.0,874.0,884.0,890.0,902.0,938.0,947.0,954.0,996.0,
25.0,52.0,66.0,138.0,146.0,149.0,207.0,211.0,242.0,272.0,290.0,312.0,349.0,356.0,376.0,376.0,411.0,429.0,441.0,453.0,454.0,460.0,463.0,491.0,500.0,527.0,541.0,551.0,561.0,563.0,579.0,662.0,662.0,666.0,683.0,685.0,759.0,781.0,816.0,842.0,875.0,886.0,901.0,917.0,935.0,978.0,984.0,998.0,
34.0,42.0,67.0,126.0,138.0,139.0,154.0,155.0,173.0,199.0,232.0,328.0,331.0,338.0,359.0,372.0,393.0,426.0,429.0,454.0,457.0,462.0,491.0,522.0,548.0,592.0,655.0,656.0,657.0,660.0,700.0,703.0,707.0,758.0,760.0,765.0,785.0,854.0,866.0,872.0,966.0,
66.0,73.0,95.0,109.0,141.0,166.0,184.0,192.0,193.0,227.0,285.0,295.0,324.0,333.0,343.0,458.0,490.0,512.0,563.0,644.0,678.0,724.0,760.0,831.0,916.0,933.0,988.0,990.0,996.0,
14.0,27.0,50.0,62.0,74.0,123.0,153.0,163.0,236.0,237.0,266.0,267.0,307.0,333.0,360.0,365.0,382.0,447.0,511.0,593.0,603.0,609.0,682.0,698.0,727.0,779.0,780.0,782.0,804.0,874.0,881.0,897.0,934.0,950.0,995.0,
132.0,135.0,189.0,241.0,264.0,362.0,387.0,438.0,529.0,553.0,563.0,567.0,578.0,617.0,631.0,638.0,642.0,655.0,811.0,816.0,837.0,846.0,876.0,884.0,948.0,949.0,996.0,
14.0,20.0,70.0,106.0,139.0,169.0,195.0,202.0,280.0,294.0,325.0,329.0,452.0,574.0,590.0,639.0,640.0,708.0,719.0,740.0,761.0,790.0,818.0,822.0,841.0,843.0,863.0,866.0,957.0,966.0,966.0,967.0,980.0,998.0,
30.0,33.0,37.0,60.0,88.0,158.0,176.0,179.0,183.0,188.0,196.0,201.0,316.0,332.0,337.0,359.0,397.0,414.0,428.0,430.0,440.0,462.0,471.0,478.0,528.0,568.0,592.0,595.0,692.0,734.0,760.0,781.0,832.0,858.0,867.0,871.0,943.0,
7.0,12.0,27.0,31.0,81.0,200.0,225.0,259.0,273.0,305.0,306.0,320.0,366.0,401.0,418.0,430.0,483.0,512.0,528.0,613.0,622.0,634.0,659.0,662.0,662.0,664.0,681.0,689.0,702.0,712.0,722.0,722.0,758.0,761.0,795.0,803.0,834.0,892.0,900.0,912.0,933.0,972.0,984.0,986.0,
59.0,101.0,113.0,149.0,207.0,227.0,321.0,362.0,365.0,387.0,395.0,446.0,483.0,521.0,575.0,619.0,632.0,635.0,680.0,690.0,730.0,848.0,905.0,943.0,943.0,957.0,962.0,984.0,
74.0,91.0,92.0,94.0,144.0,146.0,262.0,305.0,318.0,332.0,354.0,379.0,407.0,418.0,474.0,514.0,533.0,535.0,557.0,580.0,609.0,642.0,664.0,712.0,735.0,792.0,800.0,832.0,837.0,885.0,935.0,977.0,
64.0,90.0,137.0,141.0,164.0,182.0,198.0,247.0,262.0,270.0,316.0,333.0,354.0,371.0,466.0,499.0,555.0,575.0,649.0,649.0,651.0,654.0,687.0,714.0,726.0,734.0,742.0,742.0,743.0,745.0,747.0,763.0,783.0,795.0,798.0,820.0,844.0,858.0,876.0,898.0,917.0,927.0,933.0,946.0,981.0,
38.0,64.0,76.0,93.0,95.0,147.0,164.0,195.0,197.0,205.0,213.0,225.0,238.0,255.0,286.0,296.0,306.0,306.0,323.0,331.0,397.0,423.0,506.0,543.0,619.0,642.0,648.0,660.0,663.0,715.0,722.0,787.0,806.0,823.0,830.0,845.0,859.0,859.0,871.0,881.0,893.0,928.0,979.0,
67.0,81.0,124.0,150.0,179.0,182.0,196.0,263.0,267.0,300.0,324.0,349.0,351.0,363.0,371.0,405.0,450.0,454.0,494.0,498.0,510.0,534.0,589.0,633.0,674.0,708.0,865.0,873.0,880.0,898.0,919.0,
25.0,61.0,86.0,110.0,122.0,125.0,143.0,161.0,199.0,256.0,290.0,296.0,298.0,299.0,359.0,376.0,386.0,415.0,507.0,523.0,586.0,607.0,637.0,637.0,644.0,645.0,685.0,711.0,729.0,750.0,771.0,781.0,814.0,827.0,885.0,905.0,915.0,915.0,931.0,988.0,997.0,
12.0,75.0,78.0,100.0,113.0,149.0,187.0,207.0,223.0,255.0,301.0,317.0,318.0,323.0,326.0,344.0,373.0,379.0,381.0,390.0,394.0,463.0,478.0,496.0,500.0,500.0,566.0,585.0,596.0,600.0,610.0,614.0,616.0,622.0,761.0,818.0,841.0,856.0,868.0,873.0,898.0,954.0,
45.0,73.0,103.0,105.0,122.0,186.0,197.0,291.0,323.0,338.0,349.0,375.0,397.0,416.0,426.0,552.0,579.0,584.0,588.0,636.0,681.0,744.0,825.0,851.0,877.0,887.0,898.0,963.0,998.0,
11.0,14.0,17.0,24.0,52.0,54.0,252.0,265.0,275.0,315.0,332.0,357.0,442.0,445.0,579.0,608.0,646.0,664.0,694.0,696.0,789.0,792.0,800.0,837.0,859.0,887.0,931.0,949.0,950.0,
16.0,20.0,79.0,236.0,295.0,339.0,422.0,424.0,429.0,445.0,450.0,453.0,462.0,472.0,512.0,561.0,561.0,562.0,605.0,611.0,641.0,657.0,665.0,666.0,674.0,682.0,698.0,738.0,780.0,826.0,831.0,887.0,926.0,930.0,935.0,941.0,982.0,990.0,
9.0,72.0,94.0,123.0,134.0,143.0,154.0,169.0,185.0,191.0,216.0,288.0,300.0,303.0,333.0,347.0,351.0,438.0,439.0,454.0,456.0,474.0,474.0,475.0,558.0,564.0,631.0,636.0,657.0,658.0,676.0,688.0,709.0,822.0,834.0,843.0,884.0,
5.0,10.0,36.0,50.0,59.0,76.0,84.0,89.0,107.0,114.0,157.0,166.0,202.0,226.0,263.0,271.0,289.0,336.0,354.0,407.0,408.0,425.0,425.0,432.0,441.0,487.0,505.0,517.0,570.0,586.0,589.0,590.0,634.0,642.0,669.0,711.0,748.0,759.0,765.0,779.0,801.0,870.0,886.0,907.0,933.0,976.0,981.0,987.0,1000.0,
28.0,46.0,48.0,68.0,77.0,98.0,124.0,137.0,153.0,160.0,165.0,210.0,228.0,286.0,294.0,333.0,366.0,383.0,402.0,423.0,439.0,481.0,482.0,513.0,516.0,567.0,570.0,611.0,617.0,658.0,673.0,701.0,724.0,738.0,749.0,794.0,802.0,815.0,909.0,922.0,950.0,959.0,966.0,
34.0,40.0,69.0,93.0,128.0,142.0,177.0,202.0,225.0,253.0,285.0,304.0,334.0,338.0,417.0,419.0,423.0,438.0,501.0,508.0,526.0,548.0,635.0,659.0,660.0,702.0,770.0,806.0,807.0,814.0,815.0,823.0,878.0,885.0,917.0,938.0,972.0,991.0,
29.0,44.0,79.0,80.0,87.0,121.0,156.0,161.0,249.0,263.0,264.0,293.0,333.0,350.0,382.0,437.0,481.0,494.0,499.0,509.0,515.0,523.0,526.0,535.0,602.0,602.0,617.0,658.0,689.0,697.0,708.0,712.0,733.0,750.0,774.0,803.0,816.0,861.0,872.0,916.0,919.0,930.0,932.0,960.0,982.0,
2.0,37.0,75.0,87.0,133.0,135.0,243.0,246.0,272.0,280.0,297.0,301.0,347.0,385.0,448.0,513.0,517.0,600.0,642.0,648.0,662.0,693.0,718.0,732.0,739.0,755.0,878.0,899.0,938.0,941.0,
3.0,3.0,41.0,62.0,75.0,83.0,146.0,162.0,172.0,174.0,234.0,242.0,272.0,314.0,314.0,338.0,369.0,369.0,391.0,402.0,444.0,451.0,458.0,465.0,494.0,502.0,502.0,518.0,525.0,525.0,540.0,587.0,659.0,686.0,707.0,724.0,726.0,743.0,774.0,779.0,827.0,864.0,886.0,891.0,901.0,906.0,906.0,945.0,978.0,985.0,989.0,
16.0,84.0,117.0,140.0,189.0,205.0,209.0,225.0,257.0,266.0,289.0,301.0,421.0,445.0,467.0,504.0,567.0,584.0,592.0,626.0,659.0,681.0,720.0,747.0,789.0,932.0,960.0,
14.0,14.0,40.0,74.0,83.0,94.0,115.0,253.0,269.0,280.0,322.0,336.0,340.0,344.0,355.0,373.0,454.0,456.0,487.0,517.0,567.0,609.0,644.0,644.0,696.0,696.0,735.0,780.0,797.0,800.0,814.0,818.0,901.0,913.0,914.0,917.0,923.0,934.0,949.0,970.0,995.0,
28.0,63.0,84.0,139.0,161.0,203.0,212.0,223.0,244.0,288.0,289.0,305.0,306.0,315.0,333.0,342.0,414.0,474.0,525.0,533.0,572.0,583.0,609.0,633.0,635.0,655.0,657.0,685.0,686.0,692.0,746.0,749.0,760.0,764.0,775.0,790.0,793.0,824.0,853.0,869.0,879.0,901.0,921.0,
36.0,67.0,76.0,245.0,307.0,333.0,334.0,391.0,399.0,477.0,495.0,521.0,523.0,582.0,611.0,640.0,726.0,734.0,744.0,768.0,798.0,800.0,829.0,883.0,920.0,950.0,974.0,983.0,
42.0,44.0,75.0,79.0,82.0,107.0,123.0,144.0,184.0,240.0,278.0,281.0,308.0,373.0,408.0,423.0,445.0,447.0,458.0,458.0,484.0,521.0,549.0,650.0,668.0,696.0,707.0,730.0,741.0,756.0,760.0,767.0,852.0,855.0,863.0,909.0,910.0,915.0,918.0,944.0,973.0,981.0,1000.0,
4.0,52.0,164.0,167.0,176.0,177.0,194.0,204.0,206.0,215.0,222.0,236.0,243.0,286.0,288.0,296.0,374.0,392.0,402.0,436.0,486.0,491.0,520.0,531.0,606.0,621.0,646.0,667.0,675.0,691.0,734.0,739.0,748.0,766.0,772.0,785.0,790.0,791.0,810.0,850.0,857.0,895.0,939.0,945.0,970.0,973.0,978.0,989.0,
14.0,50.0,109.0,120.0,149.0,218.0,230.0,245.0,289.0,357.0,385.0,389.0,426.0,455.0,477.0,494.0,501.0,556.0,593.0,634.0,647.0,719.0,778.0,803.0,812.0,843.0,873.0,882.0,907.0,913.0,919.0,970.0,
28.0,102.0,103.0,135.0,170.0,181.0,236.0,237.0,259.0,327.0,394.0,431.0,462.0,471.0,500.0,520.0,531.0,540.0,556.0,572.0,574.0,575.0,576.0,612.0,648.0,686.0,696.0,698.0,703.0,712.0,730.0,734.0,760.0,761.0,775.0,829.0,830.0,880.0,893.0,917.0,934.0,947.0,965.0,978.0,
18.0,52.0,92.0,139.0,141.0,148.0,217.0,291.0,358.0,378.0,390.0,400.0,404.0,475.0,525.0,549.0,559.0,586.0,603.0,611.0,629.0,702.0,708.0,719.0,723.0,775.0,787.0,815.0,832.0,848.0,854.0,873.0,897.0,989.0,
47.0,72.0,107.0,119.0,129.0,160.0,172.0,209.0,226.0,259.0,275.0,284.0,285.0,304.0,319.0,343.0,385.0,385.0,398.0,398.0,435.0,441.0,467.0,475.0,476.0,480.0,509.0,553.0,559.0,591.0,598.0,659.0,718.0,787.0,806.0,812.0,852.0,863.0,905.0,971.0,975.0,
3.0,8.0,15.0,114.0,142.0,155.0,192.0,228.0,260.0,298.0,309.0,347.0,371.0,377.0,451.0,464.0,478.0,488.0,519.0,615.0,616.0,729.0,731.0,744.0,748.0,758.0,822.0,841.0,848.0,925.0,948.0,964.0,
19.0,41.0,47.0,59.0,91.0,111.0,125.0,174.0,203.0,276.0,292.0,296.0,322.0,386.0,409.0,431.0,568.0,595.0,607.0,699.0,705.0,735.0,758.0,814.0,852.0,871.0,885.0,893.0,907.0,921.0,942.0,967.0,991.0,
12.0,81.0,140.0,143.0,178.0,213.0,248.0,259.0,280.0,281.0,305.0,327.0,332.0,345.0,355.0,367.0,368.0,416.0,438.0,458.0,468.0,483.0,495.0,560.0,576.0,580.0,646.0,647.0,652.0,660.0,670.0,686.0,707.0,769.0,799.0,852.0,891.0,898.0,902.0,903.0,946.0,982.0,983.0,983.0,983.0,1000.0,
35.0,49.0,55.0,125.0,172.0,177.0,207.0,250.0,261.0,295.0,299.0,309.0,341.0,379.0,382.0,390.0,454.0,468.0,485.0,527.0,548.0,613.0,632.0,664.0,698.0,710.0,723.0,753.0,771.0,781.0,781.0,823.0,824.0,835.0,835.0,848.0,868.0,900.0,915.0,965.0,976.0,999.0,
10.0,14.0,30.0,35.0,36.0,60.0,69.0,71.0,83.0,139.0,170.0,266.0,274.0,280.0,295.0,345.0,379.0,546.0,549.0,550.0,578.0,630.0,639.0,701.0,805.0,842.0,868.0,880.0,939.0,983.0,997.0,
7.0,33.0,92.0,93.0,113.0,115.0,123.0,126.0,150.0,221.0,246.0,257.0,263.0,287.0,300.0,333.0,396.0,400.0,442.0,450.0,543.0,556.0,603.0,672.0,677.0,678.0,695.0,714.0,751.0,778.0,787.0,831.0,850.0,852.0,869.0,883.0,944.0,951.0,951.0,968.0,979.0,
51.0,76.0,84.0,101.0,103.0,106.0,115.0,119.0,127.0,151.0,182.0,186.0,223.0,237.0,277.0,313.0,326.0,340.0,366.0,369.0,376.0,382.0,406.0,465.0,470.0,472.0,534.0,544.0,555.0,594.0,597.0,604.0,619.0,630.0,678.0,744.0,755.0,767.0,791.0,832.0,858.0,898.0,936.0,961.0,
103.0,227.0,254.0,289.0,294.0,304.0,317.0,325.0,360.0,421.0,423.0,426.0,430.0,437.0,468.0,501.0,510.0,511.0,537.0,583.0,649.0,661.0,667.0,692.0,697.0,698.0,700.0,710.0,725.0,783.0,798.0,800.0,887.0,894.0,920.0,941.0,957.0,993.0,
43.0,61.0,68.0,95.0,99.0,99.0,111.0,133.0,151.0,181.0,215.0,279.0,284.0,303.0,350.0,388.0,395.0,397.0,411.0,445.0,455.0,465.0,472.0,683.0,698.0,721.0,870.0,945.0,982.0,987.0,
8.0,43.0,61.0,64.0,86.0,123.0,162.0,167.0,186.0,193.0,221.0,235.0,245.0,246.0,336.0,376.0,400.0,413.0,419.0,435.0,440.0,450.0,
14.0,19.0,32.0,120.0,159.0,213.0,218.0,284.0,300.0,341.0,352.0,353.0,415.0,419.0,444.0,473.0,684.0,684.0,747.0,762.0,766.0,794.0,802.0,803.0,835.0,863.0,936.0,939.0,
13.0,47.0,50.0,123.0,125.0,136.0,174.0,179.0,189.0,193.0,205.0,219.0,233.0,299.0,310.0,334.0,388.0,433.0,446.0,450.0,452.0,453.0,464.0,473.0,509.0,526.0,530.0,543.0,557.0,592.0,602.0,644.0,646.0,672.0,686.0,719.0,744.0,745.0,819.0,833.0,854.0,860.0,867.0,884.0,884.0,887.0,892.0,903.0,
5.0,33.0,41.0,98.0,105.0,128.0,152.0,177.0,221.0,233.0,239.0,260.0,301.0,380.0,402.0,456.0,486.0,524.0,591.0,609.0,624.0,642.0,645.0,666.0,667.0,673.0,745.0,772.0,788.0,798.0,829.0,830.0,926.0,928.0,963.0,
80.0,100.0,102.0,123.0,135.0,182.0,201.0,208.0,240.0,258.0,303.0,331.0,385.0,437.0,475.0,477.0,515.0,532.0,565.0,605.0,613.0,626.0,687.0,729.0,743.0,782.0,785.0,801.0,818.0,833.0,842.0,855.0,868.0,885.0,985.0,
33.0,64.0,72.0,79.0,112.0,122.0,142.0,144.0,190.0,194.0,201.0,298.0,305.0,327.0,348.0,416.0,444.0,456.0,471.0,504.0,542.0,582.0,583.0,617.0,640.0,656.0,658.0,669.0,682.0,700.0,711.0,758.0,768.0,818.0,826.0,863.0,890.0,933.0,
90.0,124.0,128.0,144.0,146.0,149.0,242.0,254.0,324.0,364.0,403.0,412.0,416.0,460.0,461.0,464.0,523.0,552.0,554.0,560.0,566.0,570.0,574.0,640.0,690.0,716.0,735.0,752.0,762.0,763.0,776.0,840.0,896.0,898.0,913.0,979.0,
20.0,39.0,46.0,73.0,130.0,132.0,135.0,138.0,154.0,165.0,168.0,190.0,224.0,275.0,344.0,355.0,368.0,390.0,400.0,412.0,421.0,477.0,523.0,545.0,596.0,607.0,660.0,714.0,736.0,738.0,769.0,803.0,854.0,899.0,923.0,967.0,971.0,989.0,
10.0,18.0,39.0,61.0,65.0,112.0,139.0,156.0,161.0,162.0,165.0,182.0,199.0,253.0,272.0,336.0,367.0,420.0,462.0,464.0,476.0,488.0,515.0,552.0,615.0,631.0,636.0,653.0,655.0,722.0,743.0,744.0,755.0,783.0,809.0,883.0,895.0,903.0,
31.0,42.0,80.0,103.0,138.0,186.0,214.0,230.0,243.0,272.0,314.0,342.0,417.0,480.0,
4.0,54.0,75.0,91.0,152.0,154.0,163.0,174.0,206.0,297.0,313.0,314.0,354.0,376.0,400.0,463.0,504.0,
20.0,32.0,44.0,47.0,73.0,98.0,106.0,132.0,137.0,153.0,159.0,178.0,195.0,198.0,229.0,250.0,329.0,337.0,376.0,392.0,396.0,401.0,404.0,460.0,503.0,
37.0,52.0,59.0,72.0,80.0,122.0,151.0,162.0,213.0,229.0,321.0,355.0,367.0,402.0,429.0,442.0,450.0,458.0,480.0,494.0,501.0,509.0,527.0,632.0,671.0,701.0,720.0,722.0,722.0,749.0,751.0,783.0,783.0,800.0,802.0,803.0,860.0,892.0,947.0,979.0,986.0,
71.0,78.0,109.0,187.0,240.0,263.0,313.0,359.0,438.0,456.0,488.0,500.0,514.0,535.0,550.0,582.0,624.0,635.0,650.0,662.0,820.0,851.0,862.0,889.0,903.0,912.0,934.0,
18.0,23.0,58.0,61.0,111.0,129.0,164.0,181.0,184.0,214.0,219.0,252.0,275.0,306.0,324.0,332.0,395.0,494.0,511.0,539.0,560.0,610.0,623.0,648.0,669.0,701.0,713.0,747.0,755.0,755.0,825.0,863.0,866.0,871.0,915.0,947.0,951.0,956.0,977.0,989.0,995.0,996.0,996.0,
30.0,30.0,52.0,71.0,73.0,89.0,100.0,103.0,111.0,139.0,167.0,209.0,219.0,289.0,306.0,330.0,337.0,382.0,409.0,433.0,453.0,548.0,576.0,576.0,617.0,630.0,633.0,637.0,678.0,685.0,700.0,762.0,901.0,916.0,948.0,954.0,984.0,986.0,992.0,
18.0,20.0,48.0,59.0,143.0,164.0,196.0,227.0,237.0,256.0,260.0,272.0,273.0,279.0,287.0,311.0,336.0,336.0,346.0,376.0,391.0,431.0,488.0,500.0,518.0,522.0,523.0,548.0,636.0,649.0,653.0,707.0,711.0,742.0,743.0,758.0,768.0,818.0,843.0,871.0,902.0,940.0,941.0,
22.0,23.0,52.0,72.0,72.0,80.0,152.0,164.0,172.0,173.0,178.0,179.0,205.0,242.0,251.0,270.0,271.0,309.0,334.0,350.0,359.0,387.0,409.0,411.0,415.0,434.0,438.0,449.0,453.0,461.0,475.0,482.0,493.0,523.0,570.0,610.0,616.0,681.0,693.0,700.0,711.0,788.0,796.0,803.0,844.0,891.0,914.0,973.0,
15.0,18.0,26.0,34.0,85.0,117.0,121.0,169.0,251.0,274.0,277.0,287.0,289.0,292.0,326.0,356.0,396.0,430.0,492.0,499.0,521.0,529.0,529.0,531.0,594.0,595.0,626.0,646.0,649.0,682.0,692.0,705.0,722.0,722.0,747.0,802.0,821.0,823.0,828.0,846.0,868.0,879.0,886.0,928.0,957.0,960.0,
2.0,35.0,43.0,48.0,53.0,79.0,134.0,143.0,148.0,165.0,171.0,266.0,268.0,286.0,326.0,348.0,370.0,396.0,401.0,724.0,751.0,801.0,843.0,922.0,945.0,978.0,
31.0,44.0,136.0,141.0,229.0,258.0,265.0,298.0,305.0,306.0,331.0,349.0,392.0,394.0,396.0,424.0,427.0,436.0,457.0,459.0,496.0,
118.0,160.0,166.0,174.0,184.0,240.0,276.0,286.0,292.0,329.0,343.0,403.0,417.0,671.0,720.0,729.0,763.0,881.0,899.0,961.0,
68.0,107.0,137.0,138.0,145.0,147.0,174.0,233.0,255.0,339.0,394.0,418.0,428.0,433.0,448.0,465.0,518.0,580.0,642.0,675.0,688.0,742.0,762.0,781.0,850.0,856.0,913.0,914.0,945.0,965.0,
22.0,40.0,51.0,80.0,105.0,121.0,129.0,137.0,180.0,189.0,250.0,256.0,258.0,312.0,321.0,331.0,446.0,468.0,484.0,506.0,527.0,528.0,539.0,596.0,618.0,645.0,725.0,737.0,749.0,850.0,854.0,965.0,984.0,
9.0,10.0,23.0,29.0,72.0,78.0,104.0,108.0,147.0,183.0,227.0,243.0,248.0,258.0,282.0,298.0,298.0,411.0,471.0,499.0,552.0,615.0,645.0,699.0,719.0,728.0,767.0,793.0,804.0,890.0,965.0,974.0,999.0,
2.0,3.0,27.0,31.0,87.0,113.0,142.0,277.0,310.0,335.0,372.0,386.0,400.0,400.0,404.0,411.0,415.0,420.0,432.0,444.0,506.0,546.0,597.0,680.0,696.0,698.0,752.0,767.0,768.0,768.0,771.0,772.0,795.0,823.0,869.0,888.0,898.0,959.0,
2.0,33.0,91.0,105.0,110.0,131.0,195.0,196.0,278.0,301.0,314.0,353.0,397.0,474.0,480.0,498.0,550.0,566.0,596.0,607.0,610.0,638.0,641.0,658.0,743.0,746.0,751.0,801.0,808.0,903.0,921.0,938.0,999.0,
37.0,75.0,119.0,120.0,183.0,220.0,296.0,297.0,300.0,363.0,491.0,500.0,508.0,566.0,571.0,631.0,638.0,649.0,670.0,744.0,754.0,806.0,812.0,832.0,846.0,878.0,896.0,936.0,
12.0,37.0,56.0,94.0,191.0,222.0,286.0,298.0,300.0,312.0,351.0,359.0,376.0,451.0,455.0,514.0,589.0,649.0,650.0,653.0,687.0,690.0,695.0,699.0,736.0,804.0,851.0,887.0,906.0,922.0,960.0,965.0,
17.0,40.0,60.0,84.0,131.0,206.0,208.0,231.0,235.0,251.0,263.0,288.0,413.0,448.0,453.0,485.0,557.0,569.0,573.0,573.0,587.0,597.0,600.0,742.0,762.0,794.0,840.0,858.0,863.0,865.0,869.0,904.0,979.0,
19.0,25.0,63.0,78.0,123.0,141.0,198.0,212.0,213.0,249.0,287.0,301.0,337.0,362.0,366.0,374.0,408.0,422.0,433.0,460.0,523.0,562.0,567.0,578.0,628.0,651.0,652.0,661.0,672.0,681.0,721.0,757.0,796.0,826.0,830.0,839.0,844.0,850.0,855.0,856.0,894.0,911.0,968.0,970.0,
30.0,85.0,122.0,125.0,165.0,178.0,212.0,242.0,288.0,420.0,442.0,477.0,492.0,501.0,504.0,588.0,594.0,616.0,626.0,649.0,687.0,723.0,732.0,762.0,768.0,770.0,772.0,789.0,794.0,802.0,846.0,854.0,865.0,961.0,967.0,970.0,972.0,985.0,
59.0,64.0,86.0,87.0,92.0,94.0,98.0,108.0,116.0,123.0,151.0,162.0,199.0,232.0,332.0,349.0,397.0,453.0,515.0,547.0,572.0,574.0,593.0,598.0,624.0,645.0,657.0,682.0,713.0,746.0,784.0,791.0,802.0,896.0,990.0,992.0,
24.0,47.0,50.0,67.0,75.0,107.0,109.0,146.0,178.0,210.0,215.0,224.0,292.0,295.0,311.0,340.0,357.0,395.0,403.0,409.0,443.0,491.0,513.0,535.0,539.0,620.0,665.0,686.0,709.0,714.0,756.0,769.0,823.0,933.0,951.0,970.0,987.0,
34.0,58.0,125.0,194.0,202.0,269.0,280.0,293.0,299.0,346.0,347.0,385.0,417.0,451.0,467.0,469.0,519.0,628.0,630.0,640.0,644.0,666.0,725.0,742.0,747.0,791.0,803.0,810.0,931.0,943.0,964.0,971.0,974.0,975.0,975.0,
32.0,105.0,158.0,170.0,253.0,305.0,347.0,446.0,448.0,458.0,469.0,484.0,487.0,508.0,520.0,568.0,624.0,657.0,674.0,725.0,736.0,745.0,746.0,764.0,795.0,799.0,799.0,865.0,868.0,958.0,971.0,987.0,
24.0,34.0,48.0,113.0,224.0,226.0,248.0,250.0,288.0,384.0,395.0,408.0,424.0,432.0,452.0,466.0,469.0,493.0,495.0,514.0,520.0,540.0,553.0,556.0,599.0,612.0,620.0,695.0,697.0,721.0,731.0,774.0,793.0,815.0,819.0,828.0,836.0,845.0,853.0,854.0,951.0,952.0,974.0,986.0,995.0,
136.0,152.0,209.0,228.0,230.0,337.0,338.0,366.0,367.0,382.0,391.0,428.0,473.0,483.0,485.0,563.0,592.0,663.0,685.0,738.0,759.0,801.0,801.0,820.0,838.0,864.0,865.0,893.0,960.0,990.0,1000.0,
22.0,45.0,65.0,123.0,156.0,192.0,235.0,253.0,271.0,275.0,278.0,366.0,380.0,397.0,412.0,426.0,443.0,477.0,515.0,555.0,644.0,686.0,698.0,704.0,742.0,762.0,884.0,887.0,934.0,
42.0,146.0,166.0,167.0,199.0,256.0,323.0,367.0,379.0,401.0,409.0,424.0,441.0,484.0,522.0,539.0,548.0,563.0,590.0,614.0,621.0,667.0,670.0,743.0,747.0,756.0,759.0,762.0,782.0,836.0,848.0,856.0,887.0,926.0,
15.0,29.0,86.0,118.0,125.0,184.0,240.0,256.0,269.0,310.0,343.0,462.0,464.0,512.0,550.0,565.0,572.0,605.0,615.0,626.0,664.0,678.0,693.0,693.0,697.0,719.0,721.0,861.0,982.0,987.0,
20.0,72.0,80.0,165.0,180.0,239.0,332.0,362.0,393.0,402.0,448.0,461.0,472.0,488.0,533.0,594.0,610.0,622.0,622.0,638.0,702.0,800.0,871.0,903.0,915.0,942.0,958.0,977.0,
67.0,99.0,131.0,141.0,185.0,193.0,264.0,290.0,315.0,329.0,334.0,339.0,341.0,357.0,369.0,375.0,375.0,399.0,411.0,436.0,523.0,523.0,640.0,653.0,656.0,659.0,720.0,801.0,863.0,923.0,940.0,951.0,970.0,993.0,
6.0,11.0,47.0,76.0,122.0,126.0,148.0,182.0,207.0,249.0,291.0,296.0,384.0,385.0,429.0,446.0,461.0,466.0,484.0,568.0,599.0,617.0,644.0,692.0,782.0,815.0,832.0,946.0,977.0,
14.0,54.0,86.0,97.0,123.0,190.0,201.0,201.0,234.0,309.0,354.0,416.0,460.0,512.0,523.0,577.0,594.0,595.0,600.0,650.0,665.0,679.0,684.0,716.0,792.0,807.0,811.0,858.0,863.0,880.0,886.0,888.0,913.0,943.0,952.0,969.0,
48.0,67.0,73.0,74.0,110.0,110.0,130.0,139.0,164.0,175.0,189.0,227.0,261.0,281.0,286.0,336.0,340.0,343.0,354.0,360.0,390.0,418.0,418.0,419.0,446.0,468.0,473.0,528.0,543.0,547.0,555.0,567.0,583.0,615.0,618.0,705.0,765.0,791.0,806.0,838.0,874.0,911.0,939.0,980.0,987.0,
22.0,51.0,72.0,173.0,210.0,216.0,252.0,322.0,351.0,368.0,440.0,516.0,558.0,584.0,601.0,609.0,652.0,669.0,673.0,693.0,697.0,700.0,701.0,710.0,725.0,747.0,757.0,774.0,812.0,837.0,851.0,868.0,896.0,933.0,942.0,953.0,974.0,
4.0,8.0,33.0,152.0,190.0,210.0,251.0,311.0,318.0,361.0,362.0,366.0,457.0,465.0,470.0,485.0,587.0,663.0,663.0,664.0,666.0,676.0,721.0,748.0,757.0,820.0,905.0,928.0,945.0,982.0,986.0,993.0,
36.0,83.0,92.0,102.0,106.0,116.0,145.0,158.0,198.0,213.0,230.0,230.0,231.0,244.0,266.0,269.0,364.0,380.0,412.0,418.0,447.0,457.0,484.0,507.0,519.0,575.0,583.0,591.0,595.0,646.0,721.0,740.0,765.0,769.0,843.0,858.0,894.0,938.0,939.0,966.0,986.0,
21.0,30.0,108.0,110.0,150.0,173.0,177.0,237.0,249.0,290.0,321.0,322.0,327.0,382.0,384.0,389.0,422.0,438.0,446.0,460.0,499.0,504.0,525.0,548.0,548.0,576.0,595.0,622.0,700.0,725.0,746.0,785.0,788.0,797.0,811.0,813.0,857.0,861.0,878.0,882.0,893.0,956.0,958.0,964.0,968.0,973.0,981.0,
46.0,58.0,78.0,78.0,109.0,134.0,144.0,146.0,161.0,163.0,212.0,245.0,283.0,304.0,333.0,421.0,560.0,563.0,592.0,618.0,626.0,654.0,694.0,736.0,756.0,862.0,919.0,
38.0,184.0,200.0,254.0,285.0,315.0,342.0,347.0,379.0,405.0,410.0,418.0,452.0,465.0,497.0,503.0,521.0,526.0,551.0,584.0,599.0,609.0,634.0,653.0,669.0,674.0,697.0,756.0,770.0,788.0,837.0,844.0,888.0,895.0,939.0,964.0,969.0,984.0,985.0,997.0,
10.0,15.0,38.0,219.0,249.0,264.0,275.0,293.0,297.0,392.0,421.0,437.0,444.0,483.0,494.0,575.0,605.0,631.0,656.0,701.0,735.0,745.0,841.0,876.0,896.0,961.0,981.0,995.0,
54.0,64.0,64.0,70.0,82.0,101.0,202.0,205.0,233.0,322.0,338.0,393.0,409.0,443.0,493.0,514.0,551.0,588.0,598.0,612.0,700.0,715.0,838.0,857.0,874.0,906.0,927.0,940.0,971.0,979.0,989.0,
3.0,11.0,23.0,98.0,113.0,159.0,169.0,190.0,196.0,196.0,222.0,237.0,237.0,283.0,310.0,323.0,327.0,333.0,349.0,385.0,388.0,390.0,407.0,433.0,458.0,475.0,487.0,510.0,516.0,594.0,597.0,600.0,624.0,651.0,656.0,675.0,721.0,733.0,738.0,814.0,840.0,841.0,861.0,985.0,988.0,995.0,
