36.0,43.0,68.0,91.0,99.0,117.0,141.0,231.0,239.0,289.0,290.0,305.0,439.0,441.0,461.0,491.0,496.0,501.0,599.0,618.0,800.0,846.0,866.0,876.0,879.0,905.0,906.0,907.0,930.0,936.0,964.0,
11.0,36.0,53.0,56.0,76.0,88.0,107.0,114.0,133.0,138.0,148.0,215.0,232.0,274.0,276.0,276.0,295.0,306.0,369.0,388.0,473.0,481.0,493.0,574.0,603.0,618.0,660.0,661.0,662.0,688.0,718.0,758.0,765.0,785.0,815.0,819.0,842.0,921.0,934.0,937.0,946.0,961.0,
39.0,50.0,107.0,145.0,187.0,221.0,227.0,240.0,240.0,257.0,272.0,291.0,327.0,327.0,342.0,347.0,371.0,399.0,421.0,458.0,469.0,474.0,477.0,561.0,593.0,621.0,630.0,639.0,646.0,651.0,679.0,751.0,755.0,766.0,793.0,818.0,845.0,983.0,
30.0,89.0,91.0,167.0,272.0,280.0,314.0,357.0,423.0,433.0,458.0,520.0,544.0,575.0,577.0,578.0,592.0,607.0,620.0,626.0,709.0,754.0,756.0,764.0,895.0,925.0,943.0,980.0,993.0,996.0,
7.0,25.0,104.0,140.0,145.0,237.0,238.0,266.0,329.0,372.0,438.0,460.0,489.0,552.0,565.0,569.0,576.0,587.0,611.0,639.0,670.0,685.0,742.0,755.0,810.0,814.0,874.0,877.0,902.0,948.0,955.0,981.0,
5.0,23.0,30.0,35.0,53.0,178.0,185.0,209.0,209.0,219.0,220.0,234.0,238.0,240.0,262.0,338.0,349.0,365.0,378.0,384.0,392.0,392.0,394.0,426.0,460.0,490.0,496.0,530.0,534.0,563.0,581.0,601.0,680.0,686.0,697.0,703.0,771.0,778.0,802.0,814.0,822.0,854.0,862.0,863.0,892.0,903.0,994.0,
3.0,7.0,9.0,32.0,51.0,157.0,181.0,258.0,279.0,295.0,310.0,336.0,356.0,368.0,409.0,499.0,507.0,527.0,530.0,537.0,555.0,589.0,609.0,621.0,626.0,631.0,655.0,673.0,735.0,736.0,753.0,776.0,821.0,841.0,843.0,850.0,862.0,887.0,924.0,936.0,949.0,954.0,984.0,988.0,
2.0,68.0,216.0,237.0,240.0,266.0,304.0,346.0,387.0,434.0,481.0,495.0,506.0,510.0,527.0,531.0,651.0,696.0,702.0,751.0,761.0,799.0,822.0,825.0,859.0,877.0,897.0,928.0,968.0,987.0,
3.0,29.0,46.0,72.0,93.0,117.0,140.0,198.0,226.0,271.0,271.0,280.0,322.0,348.0,354.0,374.0,398.0,429.0,454.0,459.0,493.0,602.0,624.0,671.0,679.0,690.0,713.0,742.0,746.0,748.0,774.0,798.0,800.0,810.0,874.0,966.0,986.0,999.0,
20.0,61.0,66.0,83.0,102.0,119.0,123.0,150.0,187.0,202.0,218.0,221.0,221.0,230.0,235.0,238.0,277.0,291.0,321.0,363.0,369.0,380.0,399.0,402.0,424.0,431.0,464.0,472.0,543.0,572.0,580.0,627.0,638.0,638.0,725.0,759.0,824.0,856.0,885.0,896.0,909.0,914.0,919.0,950.0,967.0,971.0,972.0,973.0,979.0,985.0,
4.0,20.0,38.0,45.0,66.0,73.0,114.0,134.0,163.0,165.0,197.0,240.0,284.0,299.0,309.0,310.0,324.0,338.0,346.0,425.0,455.0,463.0,472.0,516.0,517.0,537.0,569.0,608.0,738.0,797.0,799.0,837.0,846.0,863.0,871.0,899.0,920.0,922.0,946.0,958.0,998.0,
68.0,82.0,88.0,100.0,127.0,200.0,222.0,229.0,273.0,298.0,314.0,340.0,342.0,452.0,474.0,504.0,505.0,550.0,595.0,613.0,647.0,648.0,661.0,663.0,666.0,699.0,727.0,737.0,797.0,855.0,892.0,894.0,925.0,926.0,987.0,
3.0,8.0,23.0,55.0,61.0,87.0,146.0,226.0,272.0,297.0,385.0,400.0,417.0,452.0,505.0,531.0,541.0,611.0,636.0,638.0,653.0,680.0,713.0,719.0,752.0,755.0,771.0,771.0,772.0,823.0,834.0,871.0,906.0,948.0,970.0,971.0,
45.0,83.0,125.0,151.0,151.0,168.0,180.0,185.0,322.0,325.0,335.0,351.0,407.0,412.0,416.0,460.0,477.0,504.0,558.0,577.0,582.0,583.0,594.0,626.0,631.0,632.0,636.0,642.0,653.0,683.0,703.0,711.0,730.0,734.0,749.0,756.0,760.0,778.0,872.0,897.0,937.0,977.0,996.0,
16.0,52.0,103.0,126.0,130.0,130.0,163.0,171.0,196.0,207.0,211.0,371.0,385.0,415.0,463.0,564.0,583.0,588.0,597.0,602.0,657.0,668.0,772.0,869.0,872.0,904.0,909.0,909.0,930.0,931.0,986.0,986.0,
23.0,48.0,76.0,77.0,86.0,106.0,108.0,132.0,191.0,204.0,212.0,216.0,220.0,235.0,335.0,539.0,540.0,544.0,560.0,583.0,625.0,625.0,645.0,659.0,715.0,719.0,723.0,751.0,780.0,791.0,802.0,861.0,888.0,952.0,
8.0,20.0,43.0,102.0,105.0,115.0,122.0,127.0,142.0,143.0,156.0,192.0,194.0,220.0,246.0,279.0,404.0,406.0,419.0,437.0,458.0,486.0,491.0,493.0,504.0,518.0,566.0,572.0,597.0,599.0,604.0,616.0,704.0,745.0,746.0,831.0,834.0,844.0,845.0,856.0,864.0,934.0,944.0,979.0,
24.0,29.0,31.0,90.0,103.0,132.0,182.0,195.0,225.0,312.0,326.0,327.0,338.0,353.0,408.0,450.0,452.0,571.0,608.0,665.0,695.0,781.0,809.0,814.0,832.0,836.0,840.0,922.0,938.0,964.0,966.0,968.0,974.0,988.0,
20.0,47.0,67.0,73.0,104.0,107.0,120.0,164.0,175.0,193.0,237.0,276.0,293.0,300.0,341.0,343.0,375.0,390.0,474.0,497.0,509.0,533.0,570.0,595.0,644.0,693.0,708.0,711.0,715.0,762.0,771.0,822.0,893.0,934.0,944.0,962.0,
2.0,6.0,38.0,88.0,88.0,141.0,156.0,190.0,236.0,254.0,266.0,321.0,355.0,363.0,421.0,454.0,478.0,512.0,526.0,569.0,585.0,620.0,662.0,691.0,698.0,738.0,769.0,778.0,781.0,838.0,862.0,877.0,881.0,907.0,924.0,965.0,
4.0,22.0,41.0,87.0,100.0,118.0,138.0,167.0,175.0,257.0,284.0,304.0,322.0,333.0,373.0,423.0,455.0,481.0,484.0,495.0,515.0,537.0,543.0,583.0,705.0,714.0,779.0,815.0,
15.0,113.0,123.0,127.0,136.0,149.0,195.0,226.0,245.0,248.0,273.0,304.0,310.0,390.0,410.0,415.0,442.0,447.0,461.0,462.0,464.0,535.0,546.0,572.0,587.0,631.0,653.0,666.0,674.0,684.0,706.0,708.0,728.0,741.0,752.0,760.0,769.0,792.0,795.0,808.0,825.0,831.0,874.0,998.0,999.0,
69.0,86.0,86.0,135.0,140.0,163.0,212.0,216.0,230.0,238.0,267.0,288.0,289.0,326.0,356.0,449.0,478.0,479.0,541.0,543.0,545.0,551.0,596.0,679.0,718.0,725.0,728.0,731.0,784.0,794.0,839.0,843.0,851.0,879.0,951.0,965.0,980.0,998.0,
49.0,56.0,89.0,104.0,192.0,227.0,271.0,271.0,280.0,302.0,315.0,327.0,332.0,349.0,378.0,402.0,416.0,421.0,440.0,465.0,530.0,593.0,615.0,630.0,634.0,691.0,724.0,736.0,763.0,842.0,879.0,908.0,925.0,993.0,
37.0,52.0,60.0,95.0,216.0,230.0,294.0,296.0,311.0,346.0,357.0,401.0,449.0,492.0,512.0,529.0,533.0,553.0,598.0,603.0,629.0,656.0,661.0,692.0,706.0,711.0,719.0,724.0,733.0,825.0,864.0,881.0,882.0,901.0,905.0,924.0,947.0,962.0,987.0,
51.0,256.0,271.0,334.0,396.0,429.0,434.0,437.0,466.0,468.0,472.0,474.0,491.0,496.0,513.0,522.0,534.0,544.0,564.0,631.0,638.0,659.0,665.0,667.0,704.0,704.0,706.0,718.0,723.0,731.0,746.0,753.0,773.0,818.0,870.0,875.0,932.0,947.0,954.0,956.0,968.0,
20.0,81.0,81.0,121.0,167.0,252.0,257.0,282.0,361.0,368.0,380.0,393.0,422.0,452.0,480.0,611.0,671.0,685.0,693.0,704.0,706.0,725.0,738.0,743.0,757.0,783.0,808.0,814.0,823.0,890.0,931.0,988.0,988.0,
10.0,28.0,61.0,67.0,111.0,195.0,244.0,255.0,303.0,314.0,315.0,330.0,356.0,388.0,396.0,407.0,443.0,449.0,451.0,509.0,530.0,612.0,639.0,643.0,644.0,696.0,716.0,765.0,785.0,795.0,805.0,846.0,850.0,854.0,869.0,910.0,921.0,928.0,938.0,955.0,
5.0,75.0,81.0,103.0,143.0,157.0,167.0,180.0,199.0,231.0,240.0,244.0,272.0,276.0,316.0,332.0,375.0,377.0,412.0,417.0,423.0,532.0,581.0,612.0,664.0,669.0,676.0,701.0,705.0,747.0,755.0,774.0,784.0,786.0,814.0,823.0,851.0,857.0,885.0,918.0,920.0,948.0,996.0,
4.0,65.0,66.0,109.0,160.0,174.0,176.0,235.0,279.0,290.0,321.0,347.0,371.0,424.0,459.0,477.0,506.0,596.0,642.0,699.0,706.0,725.0,766.0,796.0,803.0,870.0,900.0,900.0,916.0,930.0,944.0,
2.0,38.0,39.0,75.0,77.0,94.0,106.0,142.0,143.0,157.0,189.0,196.0,219.0,293.0,301.0,400.0,425.0,451.0,462.0,477.0,532.0,541.0,550.0,568.0,570.0,587.0,602.0,603.0,613.0,636.0,636.0,638.0,643.0,666.0,681.0,698.0,731.0,826.0,835.0,838.0,889.0,924.0,938.0,942.0,958.0,976.0,993.0,
46.0,47.0,50.0,63.0,91.0,137.0,138.0,153.0,203.0,215.0,262.0,268.0,269.0,385.0,389.0,403.0,405.0,473.0,493.0,577.0,625.0,626.0,643.0,671.0,689.0,713.0,727.0,735.0,772.0,792.0,795.0,806.0,877.0,900.0,902.0,912.0,923.0,942.0,946.0,
4.0,149.0,174.0,181.0,193.0,225.0,227.0,227.0,253.0,310.0,378.0,383.0,425.0,436.0,488.0,504.0,516.0,516.0,540.0,590.0,656.0,741.0,744.0,751.0,764.0,792.0,907.0,953.0,961.0,985.0,999.0,
17.0,80.0,161.0,211.0,257.0,297.0,381.0,413.0,463.0,481.0,488.0,516.0,519.0,522.0,557.0,588.0,588.0,643.0,675.0,680.0,692.0,712.0,724.0,729.0,755.0,788.0,792.0,816.0,819.0,841.0,842.0,845.0,861.0,879.0,901.0,909.0,
8.0,115.0,139.0,148.0,213.0,247.0,253.0,283.0,325.0,335.0,375.0,399.0,400.0,470.0,471.0,550.0,593.0,595.0,600.0,673.0,680.0,704.0,730.0,744.0,780.0,849.0,857.0,877.0,880.0,881.0,893.0,901.0,905.0,941.0,956.0,991.0,993.0,
2.0,20.0,47.0,81.0,119.0,138.0,182.0,183.0,218.0,236.0,244.0,254.0,275.0,350.0,371.0,373.0,397.0,487.0,488.0,488.0,615.0,632.0,671.0,676.0,728.0,740.0,762.0,788.0,814.0,834.0,836.0,839.0,881.0,887.0,951.0,968.0,
72.0,82.0,121.0,173.0,173.0,186.0,201.0,211.0,211.0,212.0,288.0,307.0,311.0,372.0,376.0,395.0,461.0,513.0,585.0,590.0,623.0,631.0,638.0,638.0,659.0,662.0,682.0,682.0,691.0,709.0,709.0,711.0,725.0,737.0,781.0,794.0,815.0,831.0,856.0,914.0,917.0,930.0,936.0,973.0,975.0,
75.0,99.0,177.0,197.0,208.0,213.0,213.0,228.0,303.0,372.0,422.0,461.0,513.0,513.0,519.0,624.0,673.0,680.0,703.0,784.0,795.0,814.0,831.0,865.0,904.0,924.0,925.0,944.0,959.0,
42.0,77.0,111.0,116.0,180.0,181.0,201.0,203.0,208.0,218.0,243.0,252.0,265.0,290.0,293.0,348.0,367.0,376.0,376.0,384.0,389.0,434.0,437.0,438.0,441.0,441.0,475.0,477.0,489.0,495.0,544.0,599.0,621.0,637.0,651.0,651.0,670.0,677.0,685.0,686.0,701.0,719.0,752.0,766.0,804.0,811.0,842.0,893.0,895.0,918.0,999.0,
96.0,123.0,131.0,224.0,290.0,339.0,351.0,374.0,395.0,397.0,413.0,481.0,494.0,517.0,540.0,557.0,575.0,580.0,625.0,646.0,661.0,672.0,681.0,714.0,727.0,745.0,899.0,954.0,960.0,975.0,988.0,
18.0,57.0,60.0,64.0,70.0,75.0,79.0,103.0,108.0,111.0,153.0,154.0,163.0,176.0,181.0,197.0,225.0,248.0,253.0,266.0,268.0,271.0,280.0,364.0,370.0,378.0,378.0,408.0,409.0,421.0,448.0,500.0,572.0,589.0,659.0,678.0,683.0,691.0,698.0,719.0,817.0,850.0,905.0,947.0,959.0,982.0,
38.0,93.0,95.0,98.0,121.0,209.0,213.0,240.0,241.0,248.0,260.0,272.0,284.0,298.0,315.0,321.0,349.0,359.0,359.0,397.0,404.0,406.0,439.0,449.0,454.0,536.0,639.0,645.0,672.0,683.0,734.0,825.0,827.0,846.0,868.0,882.0,907.0,948.0,986.0,
27.0,43.0,60.0,83.0,85.0,117.0,137.0,142.0,165.0,165.0,215.0,221.0,244.0,262.0,266.0,294.0,310.0,330.0,334.0,336.0,359.0,360.0,402.0,442.0,444.0,453.0,456.0,489.0,493.0,503.0,531.0,545.0,552.0,598.0,603.0,629.0,669.0,677.0,720.0,743.0,774.0,788.0,837.0,841.0,842.0,862.0,878.0,882.0,892.0,904.0,919.0,933.0,946.0,
12.0,68.0,136.0,148.0,151.0,215.0,246.0,266.0,270.0,283.0,287.0,294.0,328.0,364.0,381.0,389.0,419.0,464.0,468.0,554.0,577.0,578.0,581.0,584.0,660.0,687.0,692.0,726.0,726.0,737.0,738.0,772.0,786.0,805.0,836.0,851.0,859.0,888.0,929.0,938.0,956.0,974.0,
11.0,34.0,44.0,56.0,64.0,94.0,150.0,207.0,221.0,223.0,231.0,293.0,309.0,320.0,326.0,357.0,365.0,371.0,377.0,380.0,437.0,443.0,447.0,448.0,477.0,498.0,
34.0,133.0,183.0,204.0,227.0,233.0,236.0,241.0,242.0,246.0,304.0,312.0,340.0,342.0,357.0,403.0,436.0,459.0,464.0,470.0,
108.0,134.0,134.0,162.0,168.0,258.0,277.0,290.0,501.0,506.0,982.0,
3.0,10.0,17.0,22.0,56.0,63.0,160.0,197.0,199.0,209.0,211.0,223.0,309.0,321.0,407.0,418.0,460.0,476.0,486.0,502.0,504.0,536.0,548.0,583.0,589.0,607.0,612.0,618.0,643.0,646.0,667.0,718.0,730.0,764.0,842.0,860.0,870.0,871.0,960.0,985.0,
78.0,111.0,120.0,135.0,142.0,145.0,157.0,164.0,203.0,304.0,361.0,392.0,485.0,499.0,517.0,526.0,572.0,573.0,615.0,616.0,620.0,625.0,626.0,630.0,634.0,683.0,691.0,722.0,751.0,785.0,824.0,867.0,884.0,936.0,937.0,997.0,
10.0,12.0,37.0,48.0,62.0,133.0,139.0,144.0,161.0,169.0,180.0,199.0,290.0,303.0,314.0,353.0,356.0,429.0,454.0,460.0,472.0,482.0,497.0,529.0,552.0,643.0,672.0,697.0,722.0,726.0,754.0,786.0,806.0,834.0,840.0,840.0,886.0,935.0,955.0,969.0,989.0,
21.0,28.0,42.0,62.0,161.0,175.0,247.0,264.0,281.0,284.0,368.0,414.0,439.0,443.0,452.0,456.0,503.0,507.0,510.0,534.0,554.0,587.0,603.0,706.0,854.0,864.0,866.0,867.0,897.0,900.0,906.0,917.0,
14.0,25.0,39.0,104.0,124.0,129.0,224.0,253.0,331.0,360.0,428.0,437.0,472.0,474.0,493.0,506.0,546.0,584.0,593.0,603.0,637.0,646.0,657.0,675.0,691.0,711.0,773.0,829.0,835.0,861.0,871.0,881.0,952.0,989.0,
92.0,161.0,226.0,236.0,311.0,326.0,329.0,336.0,352.0,373.0,393.0,421.0,448.0,473.0,534.0,593.0,608.0,630.0,693.0,695.0,708.0,723.0,791.0,801.0,838.0,838.0,854.0,869.0,891.0,931.0,938.0,946.0,977.0,
14.0,37.0,55.0,60.0,72.0,73.0,84.0,88.0,100.0,138.0,171.0,216.0,228.0,266.0,299.0,330.0,356.0,370.0,389.0,397.0,399.0,405.0,435.0,445.0,448.0,489.0,600.0,649.0,657.0,670.0,691.0,717.0,718.0,732.0,741.0,770.0,787.0,818.0,827.0,841.0,867.0,885.0,894.0,911.0,937.0,992.0,
6.0,10.0,26.0,59.0,93.0,95.0,103.0,132.0,142.0,155.0,157.0,182.0,198.0,264.0,292.0,296.0,342.0,370.0,385.0,397.0,411.0,423.0,433.0,443.0,454.0,465.0,491.0,500.0,
9.0,71.0,95.0,120.0,129.0,138.0,187.0,325.0,420.0,436.0,443.0,495.0,
21.0,25.0,53.0,53.0,96.0,164.0,166.0,175.0,187.0,188.0,204.0,242.0,249.0,279.0,304.0,311.0,365.0,413.0,419.0,421.0,448.0,467.0,491.0,
23.0,46.0,79.0,96.0,98.0,142.0,168.0,192.0,208.0,233.0,304.0,333.0,385.0,397.0,406.0,478.0,481.0,580.0,611.0,649.0,662.0,708.0,743.0,801.0,801.0,804.0,816.0,900.0,958.0,
4.0,62.0,127.0,131.0,134.0,165.0,184.0,214.0,250.0,259.0,316.0,323.0,332.0,342.0,347.0,349.0,375.0,384.0,418.0,431.0,519.0,543.0,565.0,587.0,604.0,625.0,631.0,638.0,656.0,679.0,692.0,702.0,717.0,732.0,741.0,743.0,745.0,749.0,769.0,810.0,831.0,834.0,868.0,906.0,915.0,922.0,952.0,958.0,968.0,974.0,976.0,978.0,996.0,
8.0,40.0,43.0,60.0,79.0,82.0,117.0,153.0,155.0,159.0,197.0,210.0,219.0,248.0,285.0,301.0,332.0,344.0,377.0,400.0,450.0,574.0,592.0,617.0,654.0,688.0,689.0,692.0,708.0,714.0,730.0,829.0,830.0,834.0,892.0,941.0,963.0,980.0,981.0,
38.0,68.0,85.0,98.0,107.0,112.0,116.0,117.0,121.0,149.0,157.0,174.0,186.0,232.0,252.0,293.0,353.0,468.0,484.0,486.0,511.0,511.0,533.0,539.0,557.0,580.0,594.0,600.0,601.0,665.0,686.0,715.0,734.0,740.0,758.0,772.0,795.0,807.0,839.0,863.0,899.0,948.0,952.0,960.0,972.0,980.0,999.0,
41.0,85.0,90.0,100.0,106.0,135.0,154.0,164.0,164.0,207.0,268.0,319.0,343.0,354.0,432.0,451.0,470.0,539.0,567.0,580.0,656.0,674.0,716.0,801.0,942.0,
22.0,46.0,63.0,75.0,124.0,164.0,209.0,271.0,294.0,302.0,320.0,344.0,345.0,391.0,416.0,479.0,490.0,502.0,506.0,506.0,508.0,541.0,549.0,553.0,577.0,581.0,629.0,688.0,697.0,698.0,699.0,732.0,735.0,748.0,859.0,863.0,875.0,878.0,912.0,916.0,931.0,938.0,951.0,976.0,
11.0,20.0,36.0,52.0,60.0,67.0,100.0,147.0,152.0,192.0,247.0,268.0,275.0,310.0,344.0,368.0,371.0,404.0,454.0,462.0,507.0,582.0,586.0,629.0,638.0,721.0,726.0,790.0,834.0,959.0,994.0,
3.0,16.0,27.0,39.0,43.0,70.0,113.0,123.0,190.0,204.0,236.0,246.0,284.0,316.0,
18.0,45.0,56.0,64.0,94.0,173.0,187.0,188.0,200.0,284.0,313.0,317.0,342.0,383.0,389.0,411.0,419.0,439.0,449.0,
87.0,91.0,106.0,201.0,244.0,296.0,327.0,383.0,439.0,441.0,474.0,505.0,
5.0,37.0,59.0,80.0,108.0,116.0,122.0,140.0,214.0,260.0,287.0,313.0,313.0,466.0,466.0,469.0,471.0,549.0,559.0,566.0,589.0,589.0,602.0,612.0,621.0,642.0,642.0,656.0,659.0,680.0,703.0,707.0,712.0,724.0,807.0,924.0,936.0,993.0,
27.0,50.0,54.0,102.0,113.0,145.0,153.0,189.0,216.0,260.0,264.0,267.0,279.0,341.0,388.0,396.0,396.0,439.0,529.0,556.0,577.0,581.0,585.0,603.0,605.0,676.0,686.0,704.0,733.0,758.0,785.0,795.0,815.0,819.0,878.0,941.0,954.0,
24.0,28.0,33.0,60.0,87.0,107.0,157.0,163.0,184.0,188.0,258.0,275.0,338.0,379.0,427.0,444.0,447.0,449.0,473.0,510.0,587.0,594.0,610.0,612.0,649.0,670.0,672.0,677.0,685.0,737.0,757.0,805.0,855.0,865.0,887.0,889.0,894.0,911.0,972.0,983.0,
42.0,63.0,78.0,89.0,105.0,160.0,177.0,238.0,252.0,291.0,301.0,403.0,419.0,421.0,444.0,449.0,453.0,478.0,521.0,552.0,567.0,572.0,586.0,590.0,597.0,600.0,601.0,612.0,643.0,666.0,726.0,728.0,732.0,761.0,768.0,780.0,783.0,871.0,962.0,
8.0,13.0,43.0,65.0,71.0,77.0,79.0,108.0,151.0,158.0,286.0,305.0,321.0,347.0,352.0,380.0,457.0,483.0,510.0,512.0,538.0,543.0,546.0,570.0,577.0,581.0,607.0,636.0,681.0,682.0,687.0,719.0,742.0,743.0,753.0,756.0,811.0,858.0,882.0,892.0,900.0,916.0,928.0,935.0,
22.0,39.0,62.0,107.0,108.0,111.0,149.0,173.0,177.0,182.0,237.0,248.0,309.0,336.0,393.0,426.0,446.0,534.0,563.0,626.0,633.0,659.0,790.0,791.0,918.0,922.0,923.0,986.0,
32.0,51.0,91.0,139.0,178.0,219.0,230.0,246.0,247.0,258.0,262.0,369.0,369.0,390.0,397.0,450.0,465.0,478.0,502.0,576.0,586.0,592.0,641.0,648.0,650.0,662.0,681.0,681.0,688.0,691.0,693.0,718.0,773.0,784.0,789.0,802.0,868.0,922.0,938.0,941.0,972.0,974.0,
27.0,119.0,156.0,159.0,179.0,236.0,265.0,285.0,302.0,317.0,378.0,392.0,431.0,463.0,514.0,515.0,555.0,568.0,579.0,581.0,632.0,646.0,668.0,687.0,693.0,708.0,762.0,833.0,839.0,839.0,845.0,854.0,953.0,979.0,991.0,
5.0,30.0,67.0,109.0,141.0,172.0,180.0,252.0,255.0,272.0,293.0,328.0,335.0,440.0,497.0,654.0,659.0,695.0,749.0,767.0,797.0,816.0,817.0,887.0,902.0,960.0,977.0,981.0,983.0,
2.0,11.0,23.0,39.0,40.0,75.0,80.0,93.0,114.0,129.0,148.0,160.0,166.0,185.0,288.0,301.0,344.0,383.0,430.0,439.0,469.0,552.0,557.0,590.0,596.0,652.0,675.0,684.0,715.0,720.0,726.0,738.0,745.0,749.0,761.0,794.0,820.0,844.0,861.0,862.0,879.0,913.0,913.0,929.0,929.0,933.0,986.0,
22.0,33.0,63.0,112.0,124.0,139.0,160.0,206.0,210.0,243.0,248.0,274.0,281.0,311.0,329.0,330.0,360.0,380.0,468.0,475.0,494.0,513.0,544.0,559.0,589.0,590.0,594.0,596.0,615.0,618.0,646.0,659.0,671.0,679.0,725.0,769.0,779.0,784.0,795.0,796.0,809.0,812.0,844.0,845.0,850.0,852.0,894.0,911.0,
16.0,29.0,45.0,64.0,78.0,139.0,170.0,223.0,255.0,256.0,270.0,284.0,309.0,337.0,337.0,343.0,345.0,370.0,468.0,472.0,485.0,505.0,542.0,564.0,586.0,617.0,638.0,640.0,648.0,664.0,813.0,874.0,898.0,912.0,998.0,
23.0,35.0,70.0,76.0,90.0,118.0,154.0,165.0,221.0,227.0,247.0,253.0,270.0,286.0,303.0,313.0,345.0,372.0,399.0,400.0,450.0,497.0,506.0,528.0,531.0,581.0,600.0,625.0,631.0,632.0,639.0,656.0,658.0,661.0,664.0,690.0,695.0,752.0,807.0,813.0,849.0,884.0,925.0,987.0,
20.0,60.0,81.0,118.0,158.0,161.0,162.0,184.0,190.0,236.0,265.0,272.0,297.0,301.0,450.0,460.0,495.0,499.0,516.0,572.0,578.0,583.0,602.0,668.0,717.0,718.0,726.0,729.0,748.0,751.0,765.0,770.0,780.0,805.0,808.0,834.0,864.0,912.0,916.0,930.0,941.0,949.0,954.0,984.0,990.0,
54.0,62.0,64.0,67.0,70.0,74.0,89.0,100.0,140.0,242.0,268.0,296.0,319.0,363.0,366.0,367.0,383.0,413.0,496.0,504.0,524.0,567.0,593.0,614.0,627.0,678.0,680.0,681.0,686.0,698.0,702.0,740.0,747.0,765.0,793.0,810.0,844.0,876.0,906.0,924.0,926.0,930.0,958.0,978.0,996.0,
4.0,61.0,94.0,147.0,147.0,204.0,217.0,287.0,319.0,345.0,374.0,377.0,387.0,413.0,413.0,421.0,425.0,429.0,488.0,585.0,681.0,688.0,771.0,780.0,841.0,852.0,890.0,895.0,896.0,911.0,995.0,
11.0,12.0,20.0,77.0,86.0,149.0,194.0,279.0,314.0,318.0,326.0,350.0,367.0,385.0,416.0,526.0,526.0,547.0,571.0,610.0,674.0,714.0,758.0,769.0,772.0,793.0,817.0,844.0,858.0,882.0,898.0,902.0,916.0,918.0,921.0,922.0,977.0,
45.0,51.0,74.0,175.0,181.0,197.0,233.0,238.0,239.0,282.0,322.0,323.0,352.0,390.0,400.0,407.0,419.0,435.0,448.0,522.0,531.0,588.0,670.0,698.0,709.0,745.0,760.0,828.0,847.0,901.0,990.0,991.0,995.0,
60.0,124.0,142.0,149.0,182.0,197.0,227.0,294.0,320.0,369.0,400.0,454.0,478.0,526.0,533.0,539.0,542.0,542.0,562.0,593.0,597.0,616.0,619.0,653.0,653.0,668.0,686.0,708.0,739.0,743.0,746.0,746.0,765.0,784.0,792.0,882.0,941.0,947.0,963.0,984.0,984.0,999.0,
14.0,34.0,67.0,70.0,76.0,93.0,147.0,221.0,255.0,280.0,319.0,395.0,457.0,461.0,502.0,510.0,528.0,532.0,609.0,634.0,658.0,664.0,709.0,751.0,756.0,774.0,792.0,795.0,803.0,820.0,840.0,849.0,922.0,927.0,962.0,976.0,
31.0,34.0,44.0,56.0,64.0,69.0,135.0,149.0,169.0,179.0,205.0,205.0,222.0,222.0,222.0,236.0,236.0,247.0,248.0,313.0,314.0,322.0,326.0,368.0,385.0,410.0,528.0,531.0,554.0,583.0,613.0,628.0,645.0,671.0,686.0,694.0,729.0,741.0,770.0,777.0,778.0,796.0,845.0,857.0,858.0,878.0,894.0,949.0,985.0,
8.0,26.0,33.0,51.0,62.0,132.0,172.0,182.0,189.0,211.0,229.0,234.0,246.0,309.0,321.0,364.0,418.0,432.0,436.0,436.0,483.0,498.0,499.0,515.0,546.0,559.0,573.0,594.0,620.0,639.0,649.0,673.0,704.0,708.0,719.0,741.0,759.0,765.0,817.0,842.0,908.0,909.0,950.0,966.0,985.0,996.0,
34.0,35.0,36.0,45.0,61.0,61.0,64.0,65.0,87.0,107.0,139.0,158.0,196.0,225.0,245.0,257.0,267.0,274.0,327.0,407.0,425.0,477.0,483.0,497.0,534.0,537.0,566.0,595.0,678.0,717.0,719.0,732.0,859.0,874.0,910.0,916.0,989.0,
7.0,41.0,76.0,103.0,127.0,129.0,136.0,172.0,190.0,200.0,223.0,274.0,294.0,299.0,315.0,335.0,360.0,375.0,423.0,425.0,468.0,499.0,538.0,550.0,566.0,599.0,683.0,691.0,698.0,705.0,759.0,783.0,784.0,793.0,844.0,943.0,985.0,
31.0,203.0,210.0,253.0,256.0,260.0,262.0,331.0,334.0,436.0,470.0,497.0,598.0,611.0,664.0,668.0,707.0,714.0,727.0,806.0,816.0,855.0,864.0,939.0,963.0,990.0,
2.0,2.0,34.0,178.0,185.0,202.0,223.0,279.0,281.0,285.0,321.0,352.0,374.0,392.0,441.0,445.0,462.0,501.0,528.0,534.0,543.0,616.0,634.0,654.0,658.0,729.0,750.0,752.0,766.0,768.0,797.0,801.0,827.0,882.0,927.0,938.0,948.0,962.0,964.0,969.0,
76.0,104.0,163.0,169.0,182.0,194.0,213.0,253.0,329.0,339.0,353.0,380.0,391.0,413.0,426.0,435.0,486.0,496.0,536.0,588.0,594.0,611.0,639.0,674.0,679.0,685.0,726.0,804.0,820.0,829.0,830.0,887.0,982.0,1000.0,
5.0,8.0,17.0,23.0,40.0,45.0,63.0,103.0,151.0,153.0,176.0,224.0,228.0,238.0,311.0,374.0,392.0,448.0,455.0,460.0,483.0,504.0,505.0,509.0,536.0,536.0,552.0,560.0,568.0,599.0,630.0,717.0,724.0,736.0,780.0,784.0,787.0,838.0,855.0,868.0,871.0,877.0,921.0,930.0,961.0,974.0,976.0,999.0,
32.0,55.0,129.0,134.0,218.0,236.0,246.0,263.0,307.0,334.0,336.0,391.0,391.0,480.0,608.0,617.0,666.0,687.0,698.0,744.0,817.0,882.0,934.0,
73.0,138.0,146.0,172.0,198.0,252.0,281.0,288.0,312.0,421.0,450.0,483.0,499.0,513.0,613.0,625.0,650.0,685.0,711.0,752.0,783.0,888.0,976.0,
12.0,13.0,16.0,19.0,44.0,84.0,149.0,191.0,199.0,207.0,214.0,257.0,373.0,381.0,409.0,411.0,447.0,447.0,481.0,484.0,485.0,490.0,513.0,515.0,518.0,571.0,583.0,616.0,652.0,702.0,716.0,740.0,839.0,857.0,899.0,899.0,905.0,978.0,
27.0,31.0,34.0,135.0,135.0,176.0,177.0,180.0,193.0,286.0,290.0,357.0,377.0,387.0,417.0,432.0,461.0,468.0,470.0,489.0,534.0,549.0,568.0,596.0,623.0,625.0,644.0,688.0,706.0,749.0,805.0,826.0,963.0,964.0,972.0,977.0,997.0,
16.0,75.0,92.0,150.0,322.0,333.0,338.0,344.0,345.0,367.0,472.0,504.0,517.0,519.0,580.0,612.0,616.0,664.0,688.0,749.0,803.0,824.0,872.0,875.0,939.0,974.0,
