33.0,49.0,51.0,67.0,89.0,129.0,149.0,200.0,227.0,253.0,273.0,276.0,322.0,333.0,381.0,390.0,435.0,579.0,581.0,646.0,658.0,672.0,722.0,760.0,771.0,777.0,791.0,824.0,883.0,944.0,946.0,
152.0,179.0,188.0,244.0,339.0,394.0,422.0,525.0,554.0,569.0,579.0,608.0,629.0,716.0,774.0,809.0,837.0,847.0,870.0,879.0,956.0,966.0,
13.0,15.0,23.0,53.0,59.0,67.0,72.0,89.0,152.0,196.0,238.0,248.0,283.0,312.0,316.0,332.0,359.0,366.0,380.0,384.0,401.0,432.0,439.0,459.0,525.0,532.0,542.0,577.0,578.0,600.0,647.0,648.0,746.0,754.0,858.0,876.0,886.0,926.0,974.0,996.0,
12.0,33.0,63.0,95.0,104.0,122.0,169.0,180.0,189.0,193.0,200.0,204.0,226.0,237.0,265.0,289.0,297.0,394.0,434.0,441.0,499.0,508.0,582.0,600.0,606.0,612.0,682.0,690.0,717.0,724.0,769.0,778.0,798.0,845.0,876.0,917.0,919.0,928.0,937.0,950.0,989.0,990.0,
47.0,108.0,120.0,129.0,136.0,145.0,151.0,224.0,294.0,296.0,359.0,402.0,415.0,455.0,503.0,526.0,527.0,548.0,552.0,561.0,569.0,590.0,652.0,704.0,709.0,760.0,769.0,810.0,817.0,822.0,838.0,869.0,899.0,945.0,972.0,991.0,
7.0,33.0,52.0,63.0,72.0,100.0,106.0,118.0,119.0,155.0,162.0,220.0,254.0,288.0,326.0,330.0,351.0,374.0,423.0,434.0,442.0,503.0,531.0,563.0,581.0,598.0,603.0,626.0,669.0,676.0,682.0,682.0,694.0,724.0,750.0,779.0,807.0,810.0,837.0,875.0,898.0,906.0,951.0,954.0,964.0,970.0,
16.0,99.0,116.0,141.0,166.0,198.0,208.0,237.0,244.0,289.0,321.0,328.0,375.0,421.0,433.0,473.0,522.0,538.0,611.0,643.0,666.0,697.0,700.0,736.0,747.0,754.0,772.0,797.0,820.0,883.0,893.0,910.0,942.0,952.0,
54.0,57.0,61.0,63.0,77.0,110.0,209.0,209.0,215.0,287.0,300.0,360.0,367.0,372.0,399.0,401.0,423.0,455.0,479.0,538.0,567.0,592.0,595.0,608.0,612.0,652.0,728.0,735.0,739.0,747.0,834.0,864.0,880.0,889.0,891.0,998.0,
5.0,43.0,49.0,70.0,76.0,106.0,113.0,139.0,144.0,160.0,177.0,189.0,215.0,268.0,297.0,308.0,318.0,379.0,383.0,393.0,430.0,434.0,490.0,527.0,536.0,557.0,587.0,588.0,599.0,623.0,674.0,723.0,724.0,741.0,747.0,831.0,858.0,876.0,963.0,
5.0,12.0,16.0,48.0,56.0,76.0,103.0,132.0,143.0,143.0,143.0,166.0,168.0,193.0,193.0,226.0,240.0,249.0,279.0,305.0,323.0,343.0,363.0,377.0,398.0,414.0,417.0,430.0,433.0,469.0,545.0,564.0,570.0,603.0,713.0,720.0,747.0,762.0,773.0,800.0,823.0,859.0,866.0,908.0,918.0,996.0,
4.0,113.0,196.0,216.0,220.0,238.0,320.0,347.0,370.0,383.0,391.0,409.0,423.0,426.0,446.0,447.0,451.0,463.0,498.0,519.0,567.0,571.0,611.0,648.0,697.0,747.0,772.0,834.0,884.0,892.0,911.0,914.0,933.0,945.0,
14.0,43.0,65.0,69.0,70.0,169.0,170.0,192.0,199.0,212.0,245.0,248.0,287.0,301.0,426.0,455.0,460.0,460.0,471.0,482.0,509.0,511.0,535.0,557.0,561.0,572.0,578.0,604.0,632.0,638.0,650.0,712.0,734.0,763.0,788.0,809.0,845.0,880.0,921.0,966.0,984.0,
4.0,64.0,89.0,110.0,140.0,165.0,259.0,276.0,335.0,339.0,340.0,347.0,354.0,359.0,360.0,386.0,394.0,471.0,519.0,595.0,633.0,634.0,650.0,747.0,795.0,898.0,906.0,930.0,938.0,943.0,963.0,
7.0,14.0,32.0,49.0,61.0,66.0,124.0,135.0,155.0,181.0,189.0,200.0,207.0,243.0,252.0,309.0,466.0,472.0,488.0,510.0,518.0,542.0,573.0,670.0,711.0,720.0,720.0,732.0,770.0,811.0,816.0,838.0,880.0,907.0,910.0,937.0,966.0,971.0,992.0,
15.0,17.0,17.0,49.0,74.0,76.0,127.0,136.0,188.0,192.0,260.0,263.0,270.0,274.0,287.0,323.0,367.0,400.0,488.0,503.0,599.0,628.0,654.0,679.0,726.0,729.0,733.0,742.0,774.0,775.0,777.0,805.0,846.0,870.0,882.0,885.0,890.0,916.0,926.0,936.0,989.0,
26.0,28.0,61.0,62.0,72.0,98.0,113.0,127.0,138.0,147.0,149.0,166.0,181.0,215.0,274.0,289.0,312.0,353.0,391.0,394.0,426.0,433.0,451.0,490.0,520.0,520.0,527.0,574.0,651.0,654.0,673.0,702.0,735.0,797.0,799.0,836.0,927.0,930.0,939.0,993.0,
14.0,34.0,132.0,139.0,139.0,181.0,191.0,238.0,283.0,309.0,395.0,444.0,461.0,464.0,543.0,556.0,573.0,609.0,616.0,690.0,704.0,868.0,872.0,889.0,898.0,904.0,926.0,928.0,
7.0,24.0,35.0,103.0,105.0,202.0,233.0,252.0,270.0,325.0,332.0,341.0,410.0,506.0,523.0,551.0,554.0,663.0,665.0,671.0,676.0,697.0,709.0,807.0,870.0,890.0,898.0,902.0,
18.0,46.0,89.0,95.0,110.0,132.0,240.0,291.0,299.0,421.0,464.0,548.0,561.0,594.0,624.0,638.0,657.0,685.0,689.0,742.0,757.0,808.0,835.0,844.0,848.0,876.0,892.0,916.0,963.0,970.0,988.0,
38.0,48.0,50.0,73.0,95.0,129.0,147.0,186.0,187.0,249.0,274.0,298.0,373.0,375.0,379.0,402.0,454.0,456.0,497.0,536.0,632.0,649.0,660.0,712.0,740.0,752.0,771.0,806.0,823.0,899.0,926.0,929.0,935.0,962.0,965.0,986.0,1000.0,
41.0,61.0,120.0,166.0,175.0,220.0,222.0,259.0,266.0,286.0,302.0,307.0,314.0,314.0,345.0,371.0,406.0,431.0,433.0,469.0,481.0,498.0,542.0,552.0,559.0,583.0,592.0,645.0,653.0,660.0,662.0,693.0,708.0,723.0,782.0,789.0,836.0,922.0,949.0,961.0,
39.0,39.0,66.0,67.0,80.0,135.0,174.0,197.0,233.0,289.0,290.0,301.0,307.0,318.0,330.0,336.0,353.0,451.0,497.0,519.0,535.0,550.0,739.0,741.0,786.0,806.0,873.0,900.0,917.0,918.0,929.0,950.0,
29.0,48.0,65.0,83.0,97.0,116.0,129.0,211.0,223.0,252.0,261.0,265.0,291.0,313.0,338.0,341.0,445.0,493.0,523.0,556.0,558.0,633.0,657.0,694.0,709.0,712.0,716.0,721.0,724.0,748.0,791.0,815.0,842.0,896.0,926.0,967.0,975.0,978.0,987.0,989.0,
92.0,152.0,170.0,177.0,186.0,192.0,212.0,296.0,310.0,319.0,343.0,373.0,374.0,376.0,394.0,430.0,434.0,435.0,458.0,464.0,475.0,476.0,530.0,584.0,595.0,597.0,604.0,609.0,644.0,649.0,655.0,669.0,679.0,681.0,707.0,721.0,766.0,819.0,849.0,884.0,921.0,945.0,948.0,
42.0,45.0,64.0,104.0,105.0,118.0,143.0,145.0,192.0,193.0,254.0,267.0,284.0,284.0,291.0,385.0,541.0,643.0,749.0,811.0,818.0,820.0,853.0,870.0,887.0,921.0,940.0,968.0,
29.0,51.0,53.0,59.0,77.0,122.0,188.0,196.0,205.0,212.0,238.0,297.0,324.0,326.0,384.0,430.0,510.0,578.0,592.0,615.0,630.0,632.0,642.0,655.0,703.0,768.0,779.0,819.0,833.0,835.0,897.0,927.0,941.0,952.0,
20.0,26.0,32.0,35.0,72.0,79.0,87.0,129.0,161.0,211.0,215.0,223.0,317.0,347.0,350.0,350.0,350.0,351.0,353.0,390.0,391.0,427.0,451.0,476.0,511.0,512.0,548.0,558.0,588.0,598.0,616.0,627.0,630.0,644.0,680.0,724.0,749.0,751.0,754.0,760.0,780.0,792.0,832.0,838.0,853.0,885.0,980.0,980.0,
34.0,51.0,130.0,178.0,318.0,364.0,414.0,419.0,487.0,578.0,590.0,601.0,637.0,638.0,648.0,678.0,697.0,706.0,720.0,749.0,752.0,757.0,778.0,788.0,905.0,936.0,942.0,943.0,953.0,958.0,964.0,976.0,
11.0,11.0,19.0,76.0,102.0,145.0,169.0,184.0,201.0,228.0,234.0,272.0,272.0,349.0,353.0,383.0,453.0,466.0,470.0,480.0,484.0,493.0,508.0,512.0,550.0,570.0,592.0,597.0,638.0,644.0,652.0,654.0,669.0,689.0,702.0,720.0,758.0,761.0,810.0,811.0,813.0,841.0,870.0,875.0,879.0,892.0,955.0,970.0,
21.0,27.0,31.0,52.0,83.0,90.0,160.0,174.0,178.0,189.0,189.0,190.0,259.0,265.0,276.0,380.0,434.0,456.0,484.0,515.0,544.0,553.0,554.0,567.0,583.0,600.0,630.0,630.0,630.0,671.0,710.0,724.0,750.0,774.0,821.0,827.0,835.0,924.0,951.0,
27.0,64.0,83.0,102.0,160.0,177.0,237.0,241.0,278.0,311.0,359.0,359.0,379.0,544.0,616.0,617.0,646.0,653.0,697.0,792.0,816.0,845.0,938.0,943.0,961.0,961.0,993.0,
18.0,19.0,23.0,63.0,120.0,127.0,152.0,167.0,169.0,212.0,226.0,245.0,322.0,328.0,364.0,409.0,426.0,444.0,478.0,485.0,551.0,587.0,654.0,657.0,680.0,756.0,773.0,844.0,853.0,854.0,861.0,895.0,923.0,929.0,949.0,955.0,
38.0,59.0,87.0,87.0,103.0,128.0,133.0,188.0,235.0,245.0,247.0,307.0,375.0,389.0,419.0,487.0,497.0,497.0,531.0,556.0,586.0,601.0,609.0,611.0,615.0,723.0,756.0,782.0,788.0,817.0,832.0,868.0,875.0,915.0,973.0,984.0,
3.0,14.0,70.0,120.0,146.0,159.0,180.0,185.0,368.0,382.0,401.0,432.0,436.0,465.0,503.0,539.0,539.0,544.0,644.0,659.0,744.0,767.0,775.0,778.0,827.0,853.0,872.0,879.0,892.0,904.0,911.0,917.0,953.0,972.0,
53.0,168.0,172.0,191.0,204.0,247.0,272.0,278.0,292.0,367.0,399.0,412.0,433.0,471.0,519.0,571.0,594.0,624.0,657.0,702.0,733.0,773.0,784.0,789.0,817.0,845.0,875.0,897.0,897.0,898.0,915.0,915.0,981.0,
6.0,34.0,79.0,146.0,156.0,186.0,220.0,223.0,276.0,278.0,288.0,290.0,314.0,367.0,371.0,374.0,386.0,394.0,403.0,432.0,444.0,456.0,456.0,494.0,503.0,608.0,626.0,632.0,635.0,647.0,673.0,702.0,705.0,745.0,780.0,781.0,818.0,818.0,835.0,903.0,961.0,987.0,998.0,
9.0,11.0,131.0,140.0,182.0,231.0,329.0,335.0,341.0,372.0,403.0,407.0,470.0,597.0,604.0,624.0,634.0,650.0,651.0,675.0,695.0,697.0,764.0,771.0,780.0,792.0,874.0,917.0,987.0,
35.0,67.0,128.0,168.0,173.0,193.0,219.0,223.0,246.0,278.0,280.0,368.0,408.0,415.0,452.0,501.0,503.0,560.0,572.0,585.0,626.0,629.0,647.0,658.0,671.0,688.0,690.0,705.0,744.0,744.0,765.0,782.0,804.0,823.0,847.0,853.0,862.0,883.0,888.0,904.0,946.0,958.0,968.0,990.0,990.0,995.0,
3.0,13.0,16.0,30.0,36.0,82.0,117.0,135.0,144.0,176.0,176.0,197.0,215.0,240.0,339.0,400.0,460.0,472.0,533.0,540.0,577.0,592.0,681.0,732.0,765.0,768.0,801.0,808.0,842.0,905.0,978.0,987.0,988.0,
21.0,22.0,38.0,83.0,85.0,101.0,120.0,156.0,227.0,324.0,332.0,379.0,383.0,411.0,423.0,466.0,476.0,489.0,490.0,565.0,578.0,608.0,611.0,652.0,656.0,667.0,690.0,710.0,715.0,772.0,785.0,859.0,923.0,973.0,994.0,
8.0,17.0,66.0,108.0,130.0,131.0,160.0,197.0,201.0,203.0,221.0,250.0,252.0,304.0,332.0,356.0,366.0,447.0,464.0,466.0,475.0,506.0,563.0,588.0,589.0,608.0,694.0,719.0,747.0,805.0,860.0,878.0,902.0,933.0,945.0,960.0,980.0,
16.0,19.0,115.0,121.0,137.0,178.0,211.0,212.0,307.0,339.0,361.0,388.0,420.0,420.0,461.0,496.0,504.0,537.0,538.0,574.0,616.0,619.0,628.0,652.0,658.0,675.0,712.0,723.0,731.0,767.0,774.0,842.0,846.0,879.0,957.0,960.0,977.0,
46.0,109.0,112.0,131.0,184.0,195.0,233.0,262.0,270.0,281.0,287.0,333.0,365.0,394.0,399.0,406.0,424.0,436.0,476.0,514.0,523.0,571.0,603.0,614.0,623.0,624.0,629.0,653.0,660.0,674.0,681.0,695.0,698.0,710.0,754.0,764.0,816.0,821.0,825.0,867.0,871.0,902.0,908.0,915.0,926.0,969.0,978.0,984.0,
9.0,17.0,55.0,78.0,100.0,128.0,204.0,261.0,271.0,299.0,302.0,371.0,389.0,450.0,467.0,505.0,603.0,642.0,688.0,689.0,728.0,763.0,771.0,785.0,844.0,872.0,873.0,912.0,917.0,936.0,957.0,957.0,991.0,993.0,998.0,
36.0,40.0,51.0,68.0,91.0,102.0,161.0,161.0,206.0,213.0,259.0,276.0,298.0,315.0,330.0,353.0,397.0,399.0,403.0,415.0,434.0,470.0,474.0,
3.0,18.0,38.0,48.0,69.0,95.0,100.0,140.0,163.0,227.0,238.0,244.0,263.0,264.0,278.0,290.0,382.0,385.0,396.0,408.0,432.0,433.0,452.0,460.0,507.0,
36.0,43.0,47.0,97.0,218.0,242.0,284.0,302.0,318.0,345.0,347.0,444.0,444.0,451.0,499.0,
9.0,49.0,100.0,138.0,148.0,165.0,316.0,322.0,332.0,372.0,422.0,696.0,722.0,752.0,753.0,795.0,796.0,815.0,856.0,876.0,897.0,973.0,973.0,982.0,993.0,994.0,
39.0,43.0,78.0,82.0,85.0,120.0,140.0,148.0,227.0,242.0,277.0,294.0,323.0,357.0,360.0,393.0,500.0,526.0,549.0,565.0,602.0,624.0,629.0,639.0,653.0,663.0,665.0,679.0,712.0,715.0,735.0,752.0,767.0,856.0,898.0,917.0,957.0,965.0,971.0,975.0,976.0,980.0,986.0,991.0,
70.0,83.0,94.0,178.0,186.0,231.0,266.0,323.0,346.0,375.0,375.0,379.0,387.0,433.0,477.0,477.0,500.0,502.0,510.0,538.0,577.0,634.0,645.0,707.0,717.0,727.0,731.0,778.0,821.0,826.0,839.0,845.0,847.0,854.0,878.0,883.0,893.0,906.0,949.0,974.0,993.0,1000.0,
34.0,38.0,44.0,47.0,83.0,84.0,105.0,112.0,127.0,257.0,260.0,274.0,286.0,310.0,317.0,342.0,359.0,361.0,429.0,467.0,468.0,567.0,571.0,608.0,623.0,647.0,649.0,671.0,696.0,740.0,748.0,748.0,765.0,783.0,852.0,892.0,932.0,979.0,
3.0,9.0,18.0,112.0,130.0,151.0,166.0,170.0,218.0,233.0,246.0,251.0,252.0,262.0,266.0,295.0,307.0,330.0,344.0,360.0,376.0,390.0,406.0,481.0,503.0,553.0,554.0,565.0,575.0,594.0,615.0,627.0,630.0,640.0,642.0,654.0,657.0,660.0,692.0,725.0,748.0,756.0,766.0,784.0,804.0,848.0,857.0,881.0,881.0,903.0,946.0,948.0,994.0,
38.0,50.0,53.0,84.0,108.0,135.0,163.0,163.0,178.0,194.0,216.0,223.0,247.0,272.0,281.0,281.0,283.0,302.0,321.0,341.0,367.0,446.0,447.0,461.0,471.0,481.0,509.0,518.0,526.0,548.0,551.0,641.0,664.0,689.0,766.0,807.0,811.0,822.0,848.0,862.0,866.0,866.0,879.0,887.0,890.0,895.0,927.0,927.0,937.0,948.0,976.0,
18.0,38.0,92.0,145.0,164.0,175.0,214.0,220.0,238.0,253.0,253.0,265.0,297.0,342.0,386.0,426.0,439.0,482.0,512.0,627.0,635.0,642.0,647.0,653.0,664.0,671.0,681.0,721.0,781.0,828.0,948.0,949.0,965.0,
23.0,23.0,56.0,71.0,101.0,197.0,207.0,211.0,265.0,275.0,301.0,321.0,338.0,351.0,358.0,358.0,367.0,370.0,381.0,393.0,424.0,424.0,435.0,450.0,466.0,499.0,500.0,
50.0,100.0,101.0,117.0,120.0,135.0,136.0,155.0,167.0,182.0,209.0,218.0,226.0,232.0,250.0,271.0,281.0,341.0,393.0,415.0,502.0,
6.0,12.0,57.0,72.0,77.0,99.0,132.0,142.0,164.0,200.0,204.0,223.0,243.0,245.0,299.0,317.0,344.0,345.0,354.0,367.0,368.0,415.0,423.0,455.0,
6.0,11.0,22.0,69.0,107.0,150.0,154.0,164.0,173.0,274.0,303.0,311.0,618.0,633.0,659.0,669.0,674.0,675.0,696.0,741.0,791.0,875.0,890.0,909.0,917.0,921.0,922.0,961.0,964.0,982.0,986.0,
51.0,68.0,68.0,70.0,83.0,96.0,124.0,169.0,254.0,258.0,267.0,281.0,283.0,298.0,314.0,350.0,368.0,393.0,398.0,506.0,521.0,535.0,542.0,577.0,588.0,610.0,644.0,646.0,663.0,668.0,730.0,743.0,786.0,796.0,819.0,880.0,
33.0,41.0,97.0,136.0,137.0,144.0,172.0,210.0,217.0,255.0,261.0,267.0,275.0,298.0,319.0,347.0,439.0,445.0,455.0,482.0,499.0,508.0,561.0,567.0,609.0,610.0,648.0,661.0,717.0,720.0,744.0,784.0,834.0,887.0,916.0,
40.0,75.0,130.0,228.0,240.0,330.0,334.0,369.0,380.0,389.0,402.0,404.0,410.0,415.0,422.0,452.0,515.0,521.0,532.0,642.0,660.0,680.0,694.0,702.0,721.0,725.0,777.0,806.0,812.0,823.0,824.0,868.0,878.0,917.0,947.0,978.0,986.0,995.0,
27.0,63.0,75.0,92.0,105.0,158.0,167.0,169.0,204.0,210.0,246.0,247.0,282.0,300.0,305.0,316.0,352.0,372.0,397.0,438.0,457.0,483.0,506.0,512.0,543.0,550.0,562.0,584.0,657.0,668.0,771.0,805.0,849.0,908.0,924.0,972.0,996.0,
57.0,128.0,158.0,188.0,202.0,210.0,221.0,317.0,338.0,339.0,351.0,410.0,422.0,447.0,460.0,507.0,531.0,539.0,565.0,589.0,601.0,616.0,624.0,648.0,684.0,760.0,769.0,847.0,912.0,926.0,991.0,1000.0,
41.0,65.0,74.0,101.0,124.0,187.0,207.0,232.0,282.0,283.0,299.0,299.0,445.0,504.0,504.0,557.0,627.0,628.0,630.0,630.0,690.0,714.0,734.0,749.0,803.0,814.0,824.0,846.0,867.0,891.0,892.0,934.0,943.0,952.0,983.0,988.0,1000.0,
24.0,66.0,69.0,87.0,87.0,95.0,98.0,117.0,196.0,254.0,255.0,314.0,386.0,433.0,442.0,502.0,972.0,985.0,
30.0,55.0,80.0,125.0,127.0,145.0,147.0,149.0,163.0,222.0,233.0,242.0,267.0,274.0,292.0,302.0,329.0,331.0,371.0,431.0,493.0,499.0,503.0,
71.0,71.0,102.0,153.0,178.0,191.0,219.0,264.0,278.0,280.0,283.0,292.0,299.0,308.0,340.0,398.0,508.0,
4.0,11.0,15.0,15.0,72.0,139.0,184.0,189.0,203.0,223.0,235.0,268.0,286.0,303.0,307.0,318.0,336.0,361.0,390.0,440.0,442.0,517.0,534.0,580.0,604.0,611.0,621.0,657.0,663.0,681.0,705.0,712.0,713.0,713.0,741.0,741.0,742.0,764.0,774.0,777.0,846.0,865.0,865.0,894.0,914.0,958.0,973.0,
48.0,76.0,80.0,129.0,199.0,266.0,314.0,323.0,339.0,346.0,362.0,394.0,421.0,422.0,446.0,458.0,483.0,528.0,530.0,639.0,661.0,666.0,696.0,739.0,752.0,762.0,764.0,780.0,788.0,832.0,905.0,911.0,995.0,998.0,998.0,
7.0,39.0,42.0,45.0,49.0,143.0,256.0,283.0,297.0,306.0,309.0,393.0,402.0,412.0,442.0,452.0,462.0,468.0,472.0,505.0,519.0,519.0,530.0,582.0,599.0,614.0,685.0,704.0,708.0,733.0,743.0,755.0,771.0,833.0,840.0,849.0,865.0,921.0,938.0,951.0,959.0,998.0,
86.0,98.0,99.0,135.0,155.0,204.0,229.0,264.0,313.0,352.0,388.0,444.0,481.0,534.0,542.0,556.0,609.0,636.0,677.0,681.0,726.0,734.0,759.0,780.0,846.0,848.0,884.0,902.0,923.0,932.0,
53.0,77.0,109.0,135.0,138.0,194.0,252.0,255.0,258.0,270.0,273.0,308.0,311.0,317.0,318.0,330.0,346.0,425.0,437.0,438.0,440.0,477.0,567.0,620.0,654.0,694.0,709.0,736.0,748.0,750.0,758.0,759.0,777.0,801.0,833.0,845.0,889.0,924.0,944.0,949.0,979.0,
6.0,84.0,200.0,206.0,236.0,269.0,302.0,310.0,340.0,347.0,391.0,396.0,432.0,456.0,462.0,462.0,465.0,479.0,505.0,507.0,607.0,654.0,654.0,656.0,710.0,737.0,738.0,865.0,889.0,905.0,924.0,931.0,963.0,965.0,996.0,
61.0,66.0,79.0,108.0,115.0,127.0,128.0,130.0,163.0,183.0,219.0,229.0,234.0,254.0,282.0,282.0,312.0,313.0,358.0,358.0,380.0,386.0,425.0,440.0,464.0,466.0,471.0,593.0,606.0,610.0,615.0,618.0,619.0,634.0,649.0,694.0,712.0,713.0,722.0,726.0,766.0,801.0,804.0,829.0,841.0,883.0,886.0,920.0,930.0,937.0,943.0,946.0,950.0,950.0,979.0,
10.0,53.0,88.0,96.0,133.0,135.0,143.0,165.0,200.0,212.0,228.0,361.0,364.0,386.0,387.0,391.0,401.0,405.0,418.0,468.0,469.0,496.0,503.0,504.0,507.0,564.0,599.0,601.0,620.0,642.0,662.0,682.0,725.0,731.0,739.0,813.0,872.0,908.0,928.0,928.0,972.0,
3.0,11.0,14.0,53.0,88.0,96.0,128.0,171.0,183.0,184.0,208.0,224.0,246.0,264.0,277.0,299.0,327.0,362.0,373.0,388.0,388.0,390.0,391.0,457.0,464.0,465.0,510.0,592.0,821.0,839.0,861.0,937.0,970.0,987.0,
83.0,85.0,114.0,117.0,141.0,143.0,189.0,219.0,231.0,237.0,246.0,256.0,270.0,309.0,340.0,363.0,372.0,384.0,384.0,387.0,418.0,525.0,638.0,755.0,761.0,766.0,769.0,794.0,796.0,820.0,822.0,850.0,851.0,878.0,981.0,996.0,
30.0,63.0,169.0,219.0,230.0,230.0,237.0,242.0,256.0,310.0,333.0,352.0,417.0,480.0,499.0,502.0,515.0,537.0,642.0,643.0,683.0,711.0,721.0,727.0,795.0,804.0,815.0,827.0,853.0,876.0,902.0,906.0,963.0,
29.0,37.0,67.0,76.0,158.0,163.0,208.0,216.0,286.0,290.0,306.0,306.0,335.0,350.0,363.0,407.0,414.0,441.0,461.0,472.0,488.0,495.0,516.0,527.0,531.0,547.0,608.0,618.0,638.0,639.0,640.0,642.0,659.0,681.0,739.0,782.0,793.0,848.0,897.0,941.0,977.0,992.0,
10.0,14.0,31.0,79.0,89.0,168.0,169.0,170.0,204.0,209.0,255.0,274.0,338.0,453.0,511.0,519.0,555.0,561.0,599.0,600.0,622.0,645.0,662.0,702.0,706.0,710.0,711.0,745.0,745.0,770.0,774.0,778.0,817.0,829.0,847.0,870.0,926.0,934.0,937.0,959.0,975.0,976.0,991.0,
17.0,38.0,82.0,108.0,147.0,165.0,191.0,254.0,270.0,308.0,363.0,370.0,393.0,393.0,398.0,430.0,455.0,494.0,522.0,549.0,562.0,573.0,591.0,615.0,631.0,632.0,685.0,722.0,732.0,784.0,818.0,896.0,946.0,
17.0,28.0,47.0,54.0,74.0,88.0,118.0,142.0,150.0,162.0,183.0,188.0,218.0,242.0,274.0,285.0,325.0,326.0,332.0,340.0,341.0,359.0,368.0,404.0,411.0,429.0,454.0,461.0,531.0,544.0,571.0,572.0,598.0,609.0,659.0,683.0,695.0,714.0,725.0,777.0,802.0,827.0,861.0,895.0,933.0,972.0,977.0,
2.0,44.0,83.0,94.0,109.0,165.0,189.0,232.0,250.0,272.0,282.0,375.0,383.0,435.0,497.0,566.0,589.0,600.0,649.0,651.0,654.0,673.0,706.0,706.0,720.0,749.0,762.0,769.0,778.0,815.0,847.0,903.0,910.0,917.0,950.0,972.0,993.0,994.0,
6.0,12.0,20.0,33.0,62.0,64.0,70.0,85.0,119.0,147.0,154.0,220.0,242.0,300.0,330.0,339.0,373.0,407.0,422.0,439.0,446.0,447.0,505.0,544.0,577.0,594.0,625.0,627.0,653.0,666.0,677.0,704.0,716.0,797.0,799.0,829.0,882.0,899.0,944.0,1000.0,
4.0,58.0,61.0,74.0,97.0,97.0,111.0,131.0,146.0,151.0,176.0,178.0,181.0,181.0,293.0,332.0,336.0,356.0,370.0,388.0,433.0,526.0,597.0,602.0,629.0,650.0,768.0,866.0,876.0,880.0,902.0,916.0,933.0,936.0,947.0,948.0,975.0,991.0,1000.0,
49.0,70.0,86.0,120.0,147.0,174.0,229.0,284.0,333.0,341.0,342.0,357.0,372.0,391.0,393.0,400.0,496.0,531.0,542.0,576.0,601.0,609.0,653.0,653.0,654.0,664.0,682.0,718.0,764.0,766.0,778.0,782.0,795.0,818.0,826.0,866.0,869.0,882.0,920.0,960.0,
51.0,57.0,132.0,151.0,188.0,237.0,244.0,265.0,283.0,322.0,329.0,368.0,375.0,426.0,433.0,440.0,453.0,471.0,505.0,521.0,540.0,561.0,608.0,647.0,673.0,688.0,723.0,725.0,816.0,818.0,839.0,863.0,864.0,887.0,932.0,950.0,976.0,983.0,
23.0,23.0,45.0,77.0,100.0,104.0,149.0,149.0,176.0,197.0,230.0,245.0,358.0,362.0,391.0,443.0,503.0,573.0,582.0,593.0,606.0,623.0,696.0,724.0,835.0,846.0,860.0,868.0,878.0,925.0,934.0,934.0,951.0,968.0,988.0,1000.0,
35.0,69.0,73.0,105.0,113.0,113.0,206.0,305.0,347.0,348.0,416.0,422.0,472.0,477.0,478.0,503.0,512.0,515.0,516.0,537.0,558.0,570.0,583.0,602.0,612.0,621.0,647.0,784.0,817.0,820.0,873.0,884.0,888.0,909.0,933.0,959.0,974.0,
42.0,43.0,44.0,65.0,93.0,147.0,164.0,175.0,247.0,290.0,366.0,369.0,382.0,395.0,492.0,570.0,591.0,593.0,650.0,659.0,717.0,737.0,748.0,754.0,790.0,835.0,838.0,841.0,870.0,978.0,
5.0,40.0,42.0,46.0,91.0,108.0,126.0,192.0,216.0,279.0,328.0,368.0,426.0,469.0,510.0,528.0,533.0,555.0,565.0,575.0,614.0,687.0,812.0,839.0,841.0,856.0,876.0,887.0,923.0,936.0,954.0,959.0,967.0,992.0,
23.0,52.0,59.0,107.0,160.0,225.0,253.0,274.0,296.0,321.0,327.0,374.0,387.0,404.0,447.0,476.0,484.0,495.0,509.0,514.0,608.0,687.0,702.0,706.0,726.0,739.0,794.0,798.0,814.0,829.0,871.0,888.0,897.0,930.0,943.0,950.0,985.0,
35.0,57.0,59.0,252.0,295.0,297.0,361.0,378.0,390.0,402.0,417.0,480.0,483.0,497.0,548.0,549.0,581.0,583.0,587.0,601.0,623.0,624.0,637.0,638.0,699.0,724.0,740.0,742.0,789.0,883.0,909.0,912.0,942.0,979.0,
20.0,22.0,46.0,83.0,120.0,163.0,212.0,225.0,229.0,250.0,261.0,262.0,279.0,286.0,286.0,303.0,306.0,310.0,363.0,424.0,443.0,476.0,503.0,568.0,579.0,602.0,658.0,666.0,716.0,722.0,730.0,757.0,812.0,826.0,854.0,910.0,925.0,959.0,999.0,
29.0,33.0,46.0,70.0,71.0,73.0,90.0,127.0,127.0,155.0,174.0,177.0,187.0,199.0,200.0,225.0,233.0,327.0,338.0,357.0,442.0,471.0,475.0,545.0,568.0,576.0,598.0,602.0,606.0,647.0,703.0,713.0,763.0,763.0,779.0,783.0,841.0,853.0,886.0,892.0,
13.0,30.0,43.0,51.0,63.0,72.0,101.0,102.0,159.0,195.0,233.0,238.0,278.0,280.0,334.0,366.0,371.0,399.0,431.0,467.0,482.0,638.0,685.0,716.0,751.0,779.0,811.0,816.0,858.0,868.0,871.0,876.0,890.0,935.0,944.0,952.0,967.0,985.0,992.0,
76.0,106.0,156.0,200.0,216.0,353.0,360.0,376.0,456.0,579.0,591.0,616.0,640.0,674.0,694.0,703.0,721.0,733.0,738.0,749.0,803.0,908.0,949.0,963.0,973.0,
2.0,5.0,7.0,30.0,35.0,59.0,90.0,115.0,173.0,210.0,225.0,271.0,280.0,309.0,332.0,378.0,381.0,408.0,438.0,488.0,517.0,525.0,537.0,546.0,567.0,601.0,602.0,606.0,627.0,649.0,719.0,728.0,744.0,751.0,842.0,856.0,870.0,887.0,910.0,945.0,956.0,
87.0,141.0,180.0,192.0,252.0,253.0,291.0,317.0,328.0,397.0,426.0,428.0,491.0,496.0,568.0,572.0,580.0,610.0,612.0,650.0,654.0,689.0,693.0,832.0,857.0,887.0,910.0,964.0,984.0,
25.0,70.0,92.0,101.0,113.0,120.0,176.0,177.0,208.0,214.0,214.0,232.0,255.0,258.0,287.0,303.0,312.0,344.0,368.0,369.0,421.0,431.0,447.0,467.0,478.0,480.0,522.0,529.0,532.0,610.0,633.0,642.0,692.0,785.0,792.0,818.0,852.0,898.0,935.0,974.0,977.0,1000.0,
