9.0,80.0,94.0,150.0,176.0,181.0,229.0,241.0,249.0,278.0,281.0,315.0,330.0,345.0,356.0,407.0,444.0,455.0,499.0,521.0,522.0,534.0,557.0,682.0,693.0,709.0,764.0,806.0,819.0,955.0,999.0,
27.0,70.0,169.0,181.0,254.0,261.0,266.0,285.0,286.0,368.0,380.0,444.0,448.0,580.0,582.0,631.0,652.0,660.0,737.0,742.0,776.0,833.0,872.0,883.0,905.0,932.0,951.0,960.0,980.0,996.0,
22.0,50.0,98.0,202.0,275.0,285.0,285.0,298.0,307.0,309.0,332.0,349.0,374.0,430.0,449.0,551.0,555.0,638.0,644.0,728.0,784.0,788.0,824.0,847.0,921.0,962.0,977.0,982.0,986.0,989.0,
14.0,18.0,19.0,44.0,113.0,114.0,126.0,138.0,147.0,198.0,224.0,326.0,340.0,385.0,389.0,394.0,405.0,430.0,447.0,481.0,533.0,546.0,607.0,610.0,637.0,657.0,688.0,727.0,750.0,777.0,799.0,805.0,858.0,888.0,890.0,895.0,908.0,957.0,970.0,976.0,995.0,
30.0,168.0,173.0,198.0,214.0,269.0,282.0,282.0,320.0,339.0,367.0,392.0,436.0,447.0,470.0,482.0,486.0,488.0,524.0,600.0,640.0,680.0,716.0,729.0,739.0,739.0,740.0,747.0,773.0,834.0,836.0,836.0,837.0,922.0,939.0,956.0,968.0,980.0,986.0,987.0,
21.0,22.0,73.0,110.0,113.0,121.0,245.0,293.0,294.0,299.0,334.0,344.0,356.0,398.0,433.0,516.0,584.0,608.0,610.0,617.0,660.0,705.0,738.0,756.0,776.0,787.0,864.0,884.0,901.0,944.0,950.0,951.0,971.0,982.0,988.0,
2.0,8.0,52.0,100.0,124.0,148.0,192.0,202.0,217.0,246.0,259.0,284.0,289.0,397.0,402.0,415.0,440.0,441.0,451.0,482.0,513.0,530.0,549.0,550.0,564.0,586.0,659.0,716.0,748.0,772.0,831.0,867.0,874.0,888.0,896.0,948.0,957.0,961.0,971.0,
27.0,32.0,32.0,38.0,130.0,153.0,173.0,210.0,213.0,223.0,227.0,245.0,285.0,382.0,393.0,399.0,403.0,414.0,437.0,457.0,472.0,510.0,558.0,576.0,584.0,614.0,620.0,642.0,653.0,655.0,673.0,699.0,718.0,771.0,777.0,796.0,797.0,823.0,838.0,849.0,865.0,917.0,944.0,981.0,981.0,987.0,
42.0,44.0,51.0,193.0,194.0,201.0,228.0,282.0,286.0,304.0,315.0,325.0,337.0,404.0,430.0,462.0,479.0,503.0,520.0,573.0,589.0,621.0,678.0,769.0,778.0,796.0,881.0,886.0,915.0,961.0,998.0,
9.0,43.0,44.0,46.0,56.0,71.0,118.0,124.0,150.0,172.0,211.0,290.0,291.0,299.0,311.0,324.0,341.0,343.0,355.0,361.0,462.0,493.0,494.0,501.0,509.0,509.0,515.0,522.0,551.0,564.0,604.0,613.0,659.0,727.0,776.0,807.0,819.0,824.0,838.0,
9.0,143.0,156.0,233.0,237.0,263.0,280.0,281.0,288.0,333.0,370.0,428.0,435.0,458.0,473.0,492.0,556.0,567.0,610.0,614.0,628.0,645.0,682.0,710.0,758.0,810.0,819.0,827.0,830.0,842.0,848.0,896.0,923.0,948.0,972.0,991.0,
6.0,58.0,71.0,100.0,104.0,112.0,139.0,203.0,203.0,207.0,281.0,333.0,334.0,363.0,373.0,377.0,403.0,412.0,413.0,437.0,460.0,482.0,485.0,507.0,561.0,577.0,582.0,602.0,747.0,767.0,772.0,793.0,825.0,872.0,906.0,924.0,944.0,963.0,976.0,
19.0,21.0,36.0,78.0,82.0,102.0,139.0,166.0,179.0,191.0,226.0,256.0,261.0,438.0,500.0,514.0,515.0,570.0,593.0,601.0,609.0,642.0,648.0,684.0,740.0,782.0,822.0,837.0,878.0,938.0,979.0,
68.0,91.0,128.0,214.0,255.0,260.0,266.0,274.0,312.0,330.0,416.0,416.0,454.0,493.0,519.0,537.0,542.0,554.0,574.0,653.0,658.0,711.0,730.0,791.0,811.0,817.0,820.0,839.0,843.0,856.0,900.0,985.0,
27.0,33.0,66.0,108.0,121.0,227.0,237.0,281.0,307.0,326.0,362.0,370.0,373.0,388.0,389.0,426.0,437.0,500.0,575.0,596.0,667.0,719.0,724.0,731.0,735.0,750.0,784.0,800.0,824.0,849.0,855.0,858.0,880.0,886.0,928.0,941.0,954.0,990.0,
55.0,76.0,90.0,90.0,96.0,106.0,147.0,204.0,223.0,238.0,277.0,298.0,316.0,351.0,355.0,358.0,379.0,496.0,503.0,526.0,538.0,543.0,555.0,586.0,637.0,647.0,657.0,662.0,683.0,713.0,717.0,720.0,735.0,735.0,736.0,767.0,788.0,791.0,793.0,808.0,826.0,840.0,850.0,858.0,861.0,883.0,939.0,
19.0,65.0,72.0,93.0,96.0,97.0,97.0,101.0,105.0,106.0,121.0,122.0,125.0,129.0,153.0,213.0,215.0,236.0,239.0,264.0,291.0,293.0,302.0,305.0,327.0,331.0,386.0,402.0,425.0,491.0,504.0,520.0,544.0,552.0,595.0,598.0,602.0,632.0,695.0,728.0,746.0,778.0,779.0,864.0,923.0,930.0,931.0,956.0,
24.0,41.0,122.0,139.0,146.0,152.0,174.0,207.0,233.0,234.0,256.0,285.0,290.0,302.0,394.0,413.0,468.0,473.0,539.0,606.0,612.0,613.0,658.0,671.0,675.0,700.0,720.0,746.0,789.0,797.0,835.0,837.0,840.0,893.0,950.0,989.0,998.0,
48.0,117.0,125.0,160.0,188.0,219.0,251.0,258.0,289.0,291.0,332.0,348.0,391.0,411.0,412.0,418.0,449.0,469.0,506.0,511.0,517.0,539.0,548.0,552.0,576.0,618.0,624.0,663.0,720.0,758.0,766.0,770.0,770.0,820.0,837.0,855.0,872.0,874.0,966.0,981.0,989.0,
2.0,4.0,8.0,83.0,91.0,94.0,97.0,183.0,205.0,248.0,273.0,280.0,317.0,456.0,469.0,484.0,517.0,527.0,547.0,556.0,567.0,571.0,619.0,625.0,695.0,756.0,783.0,790.0,796.0,805.0,832.0,844.0,872.0,891.0,914.0,935.0,938.0,
27.0,31.0,131.0,158.0,174.0,185.0,191.0,268.0,279.0,405.0,431.0,446.0,461.0,476.0,486.0,533.0,567.0,584.0,642.0,692.0,758.0,772.0,875.0,878.0,892.0,905.0,905.0,934.0,942.0,965.0,
17.0,47.0,71.0,163.0,165.0,190.0,193.0,213.0,216.0,310.0,350.0,351.0,355.0,371.0,382.0,389.0,418.0,428.0,437.0,441.0,468.0,492.0,513.0,540.0,560.0,561.0,570.0,582.0,613.0,626.0,631.0,680.0,735.0,748.0,849.0,861.0,878.0,883.0,956.0,974.0,977.0,979.0,
39.0,48.0,51.0,140.0,165.0,175.0,182.0,194.0,254.0,257.0,258.0,308.0,324.0,324.0,348.0,352.0,363.0,411.0,424.0,428.0,488.0,494.0,525.0,583.0,619.0,649.0,660.0,678.0,731.0,760.0,760.0,786.0,843.0,868.0,871.0,884.0,944.0,
32.0,64.0,92.0,129.0,133.0,165.0,240.0,249.0,287.0,444.0,493.0,502.0,512.0,535.0,536.0,538.0,554.0,570.0,607.0,648.0,733.0,788.0,838.0,906.0,917.0,920.0,982.0,
20.0,40.0,82.0,88.0,93.0,113.0,127.0,155.0,180.0,189.0,220.0,227.0,260.0,338.0,340.0,371.0,382.0,410.0,424.0,455.0,504.0,511.0,511.0,517.0,518.0,536.0,579.0,587.0,602.0,605.0,612.0,677.0,689.0,689.0,738.0,754.0,778.0,795.0,810.0,818.0,827.0,829.0,836.0,864.0,912.0,913.0,949.0,981.0,
44.0,73.0,119.0,124.0,173.0,180.0,187.0,212.0,222.0,263.0,279.0,287.0,300.0,331.0,332.0,356.0,363.0,418.0,625.0,644.0,670.0,689.0,741.0,802.0,810.0,866.0,885.0,897.0,911.0,913.0,920.0,983.0,
81.0,89.0,143.0,145.0,162.0,238.0,286.0,302.0,310.0,330.0,396.0,436.0,437.0,467.0,557.0,618.0,650.0,663.0,672.0,731.0,818.0,822.0,874.0,895.0,911.0,921.0,987.0,999.0,
6.0,11.0,15.0,34.0,40.0,157.0,162.0,176.0,251.0,269.0,276.0,278.0,288.0,306.0,335.0,354.0,375.0,395.0,413.0,418.0,431.0,501.0,601.0,605.0,635.0,649.0,656.0,683.0,689.0,836.0,867.0,878.0,884.0,887.0,890.0,924.0,934.0,959.0,966.0,973.0,986.0,
24.0,90.0,101.0,139.0,195.0,216.0,222.0,231.0,246.0,253.0,339.0,368.0,406.0,430.0,450.0,534.0,536.0,604.0,620.0,626.0,719.0,745.0,751.0,754.0,813.0,929.0,973.0,
54.0,61.0,62.0,65.0,91.0,101.0,166.0,286.0,293.0,350.0,418.0,427.0,472.0,562.0,562.0,585.0,642.0,655.0,669.0,674.0,709.0,734.0,851.0,896.0,898.0,914.0,917.0,923.0,935.0,936.0,964.0,
9.0,31.0,185.0,213.0,217.0,219.0,228.0,244.0,266.0,297.0,329.0,384.0,395.0,467.0,478.0,516.0,526.0,536.0,545.0,548.0,556.0,586.0,651.0,663.0,683.0,718.0,746.0,755.0,761.0,766.0,766.0,771.0,791.0,801.0,806.0,815.0,816.0,855.0,893.0,902.0,917.0,928.0,
11.0,14.0,49.0,53.0,70.0,70.0,81.0,88.0,101.0,104.0,108.0,130.0,170.0,181.0,205.0,209.0,234.0,278.0,299.0,318.0,350.0,351.0,353.0,360.0,367.0,421.0,438.0,440.0,484.0,535.0,559.0,572.0,622.0,685.0,701.0,763.0,764.0,770.0,786.0,787.0,810.0,814.0,883.0,905.0,919.0,938.0,940.0,969.0,974.0,988.0,991.0,
7.0,20.0,29.0,30.0,58.0,62.0,63.0,162.0,193.0,228.0,239.0,240.0,276.0,333.0,387.0,393.0,408.0,436.0,468.0,503.0,510.0,530.0,539.0,545.0,556.0,577.0,591.0,600.0,655.0,670.0,678.0,691.0,755.0,804.0,864.0,908.0,920.0,
39.0,40.0,136.0,196.0,214.0,292.0,352.0,359.0,361.0,381.0,406.0,516.0,519.0,557.0,625.0,674.0,696.0,698.0,739.0,758.0,794.0,831.0,911.0,916.0,928.0,941.0,943.0,959.0,977.0,
7.0,27.0,59.0,68.0,147.0,202.0,219.0,248.0,276.0,299.0,334.0,382.0,400.0,401.0,425.0,428.0,434.0,457.0,502.0,502.0,555.0,580.0,580.0,580.0,605.0,644.0,656.0,680.0,724.0,729.0,748.0,751.0,763.0,763.0,776.0,789.0,808.0,815.0,845.0,862.0,874.0,897.0,944.0,955.0,
6.0,13.0,19.0,20.0,21.0,38.0,85.0,89.0,123.0,160.0,163.0,175.0,202.0,202.0,299.0,349.0,380.0,399.0,406.0,441.0,454.0,455.0,467.0,468.0,485.0,517.0,583.0,594.0,609.0,706.0,716.0,717.0,721.0,764.0,778.0,800.0,812.0,831.0,857.0,870.0,893.0,897.0,950.0,961.0,
2.0,25.0,103.0,152.0,238.0,241.0,291.0,323.0,348.0,351.0,359.0,400.0,412.0,412.0,429.0,471.0,504.0,504.0,539.0,539.0,548.0,593.0,616.0,625.0,676.0,687.0,705.0,710.0,714.0,728.0,810.0,838.0,864.0,865.0,872.0,892.0,919.0,957.0,
51.0,77.0,79.0,95.0,101.0,131.0,155.0,156.0,202.0,210.0,212.0,241.0,300.0,304.0,323.0,347.0,349.0,356.0,397.0,402.0,407.0,428.0,433.0,442.0,486.0,498.0,500.0,540.0,587.0,589.0,602.0,605.0,606.0,647.0,659.0,681.0,684.0,684.0,707.0,710.0,726.0,727.0,733.0,743.0,760.0,770.0,811.0,839.0,886.0,891.0,927.0,937.0,960.0,984.0,987.0,
9.0,16.0,33.0,76.0,78.0,94.0,128.0,136.0,172.0,179.0,211.0,230.0,251.0,266.0,269.0,269.0,272.0,280.0,282.0,312.0,360.0,455.0,480.0,487.0,490.0,490.0,491.0,560.0,622.0,642.0,652.0,665.0,670.0,709.0,752.0,798.0,809.0,811.0,831.0,849.0,885.0,890.0,901.0,919.0,958.0,977.0,
13.0,102.0,115.0,127.0,161.0,183.0,211.0,224.0,276.0,290.0,297.0,298.0,307.0,327.0,336.0,365.0,404.0,411.0,421.0,467.0,474.0,490.0,500.0,511.0,521.0,559.0,605.0,622.0,685.0,706.0,740.0,838.0,854.0,941.0,999.0,
15.0,35.0,67.0,84.0,94.0,95.0,210.0,216.0,270.0,305.0,323.0,344.0,437.0,455.0,468.0,487.0,499.0,536.0,565.0,580.0,584.0,650.0,695.0,700.0,723.0,743.0,758.0,784.0,836.0,904.0,927.0,937.0,944.0,964.0,987.0,992.0,
48.0,68.0,72.0,80.0,97.0,100.0,100.0,104.0,112.0,148.0,161.0,178.0,254.0,267.0,306.0,343.0,354.0,363.0,366.0,378.0,378.0,407.0,450.0,467.0,530.0,534.0,628.0,669.0,701.0,703.0,727.0,757.0,761.0,764.0,800.0,801.0,884.0,884.0,887.0,890.0,892.0,927.0,958.0,
4.0,53.0,84.0,111.0,156.0,169.0,171.0,207.0,272.0,290.0,338.0,357.0,377.0,412.0,478.0,503.0,520.0,531.0,564.0,582.0,582.0,585.0,598.0,601.0,645.0,666.0,674.0,676.0,686.0,700.0,776.0,783.0,831.0,880.0,933.0,944.0,953.0,974.0,
32.0,49.0,64.0,67.0,94.0,123.0,125.0,155.0,178.0,191.0,200.0,245.0,338.0,354.0,366.0,377.0,390.0,393.0,406.0,411.0,433.0,450.0,481.0,523.0,599.0,622.0,627.0,678.0,695.0,758.0,767.0,799.0,813.0,825.0,834.0,880.0,981.0,985.0,996.0,
3.0,39.0,52.0,62.0,169.0,197.0,214.0,266.0,289.0,394.0,440.0,461.0,463.0,466.0,494.0,501.0,641.0,670.0,697.0,702.0,817.0,859.0,887.0,896.0,932.0,957.0,
62.0,103.0,124.0,264.0,272.0,276.0,278.0,296.0,329.0,342.0,368.0,484.0,813.0,
23.0,61.0,140.0,177.0,192.0,205.0,231.0,271.0,277.0,298.0,311.0,388.0,472.0,510.0,610.0,627.0,666.0,673.0,715.0,722.0,729.0,788.0,932.0,
8.0,38.0,54.0,55.0,61.0,70.0,99.0,199.0,267.0,311.0,312.0,318.0,350.0,364.0,367.0,376.0,379.0,391.0,454.0,469.0,496.0,497.0,541.0,543.0,572.0,625.0,639.0,646.0,654.0,658.0,737.0,823.0,825.0,833.0,840.0,849.0,873.0,873.0,904.0,907.0,922.0,943.0,982.0,
27.0,28.0,46.0,49.0,51.0,63.0,126.0,131.0,134.0,203.0,240.0,284.0,309.0,343.0,345.0,350.0,404.0,430.0,455.0,497.0,557.0,570.0,591.0,652.0,680.0,681.0,705.0,730.0,743.0,769.0,800.0,840.0,841.0,866.0,897.0,900.0,910.0,914.0,924.0,954.0,960.0,966.0,976.0,978.0,979.0,986.0,
26.0,30.0,33.0,87.0,90.0,93.0,97.0,103.0,103.0,153.0,168.0,191.0,197.0,327.0,343.0,390.0,401.0,403.0,406.0,462.0,496.0,513.0,527.0,533.0,599.0,616.0,655.0,670.0,681.0,691.0,723.0,757.0,877.0,884.0,903.0,923.0,936.0,936.0,946.0,947.0,952.0,971.0,978.0,
14.0,54.0,85.0,172.0,227.0,357.0,398.0,407.0,444.0,475.0,539.0,540.0,543.0,568.0,642.0,739.0,824.0,865.0,906.0,953.0,960.0,969.0,
6.0,65.0,82.0,83.0,115.0,116.0,129.0,143.0,156.0,157.0,200.0,212.0,215.0,294.0,376.0,385.0,406.0,441.0,447.0,466.0,488.0,515.0,516.0,543.0,569.0,582.0,622.0,642.0,671.0,715.0,748.0,751.0,862.0,913.0,915.0,917.0,927.0,940.0,982.0,994.0,
28.0,38.0,86.0,100.0,158.0,162.0,220.0,222.0,239.0,242.0,249.0,252.0,266.0,299.0,303.0,319.0,357.0,365.0,372.0,372.0,405.0,425.0,451.0,460.0,557.0,560.0,566.0,573.0,603.0,605.0,621.0,624.0,631.0,637.0,671.0,693.0,697.0,718.0,729.0,745.0,745.0,752.0,778.0,796.0,828.0,833.0,886.0,923.0,939.0,959.0,962.0,979.0,
2.0,46.0,49.0,141.0,150.0,205.0,210.0,237.0,244.0,270.0,308.0,311.0,318.0,336.0,388.0,400.0,427.0,520.0,524.0,533.0,545.0,622.0,655.0,679.0,681.0,683.0,742.0,742.0,774.0,796.0,843.0,858.0,877.0,905.0,947.0,952.0,
20.0,33.0,42.0,49.0,68.0,76.0,96.0,133.0,185.0,245.0,260.0,328.0,342.0,345.0,345.0,358.0,369.0,394.0,455.0,479.0,502.0,
26.0,48.0,112.0,126.0,235.0,250.0,265.0,274.0,321.0,328.0,356.0,427.0,429.0,447.0,
52.0,136.0,165.0,296.0,368.0,394.0,416.0,436.0,480.0,
55.0,89.0,92.0,183.0,221.0,224.0,232.0,248.0,249.0,278.0,282.0,340.0,382.0,411.0,443.0,466.0,481.0,487.0,488.0,582.0,586.0,586.0,591.0,599.0,606.0,635.0,683.0,698.0,718.0,791.0,808.0,825.0,860.0,861.0,880.0,944.0,983.0,
67.0,81.0,113.0,224.0,229.0,230.0,233.0,276.0,301.0,329.0,336.0,357.0,368.0,372.0,397.0,461.0,504.0,552.0,555.0,565.0,586.0,731.0,771.0,772.0,815.0,832.0,835.0,857.0,895.0,908.0,909.0,958.0,963.0,966.0,
10.0,18.0,25.0,40.0,89.0,93.0,103.0,103.0,105.0,124.0,135.0,162.0,284.0,289.0,290.0,291.0,335.0,356.0,370.0,385.0,393.0,432.0,481.0,493.0,520.0,527.0,535.0,573.0,616.0,657.0,665.0,716.0,771.0,828.0,856.0,867.0,902.0,906.0,936.0,970.0,
17.0,26.0,41.0,45.0,141.0,204.0,228.0,231.0,258.0,270.0,301.0,373.0,412.0,445.0,446.0,449.0,457.0,468.0,506.0,526.0,547.0,549.0,556.0,621.0,710.0,738.0,785.0,843.0,857.0,868.0,885.0,929.0,933.0,975.0,976.0,
20.0,23.0,27.0,65.0,95.0,153.0,163.0,198.0,246.0,334.0,337.0,383.0,413.0,449.0,463.0,483.0,506.0,529.0,561.0,680.0,719.0,745.0,746.0,746.0,801.0,820.0,831.0,836.0,848.0,878.0,973.0,975.0,
38.0,68.0,118.0,143.0,203.0,215.0,226.0,257.0,276.0,277.0,336.0,345.0,352.0,353.0,456.0,492.0,542.0,545.0,554.0,610.0,612.0,729.0,733.0,770.0,776.0,813.0,824.0,890.0,965.0,966.0,984.0,
71.0,87.0,159.0,274.0,414.0,419.0,472.0,488.0,541.0,544.0,549.0,559.0,568.0,575.0,593.0,598.0,599.0,712.0,727.0,747.0,747.0,753.0,773.0,780.0,785.0,839.0,857.0,862.0,891.0,894.0,928.0,935.0,937.0,946.0,949.0,986.0,
28.0,57.0,80.0,98.0,103.0,139.0,152.0,193.0,199.0,202.0,210.0,241.0,243.0,251.0,283.0,320.0,424.0,472.0,514.0,660.0,676.0,678.0,684.0,771.0,794.0,817.0,820.0,883.0,960.0,962.0,971.0,
27.0,184.0,223.0,290.0,325.0,329.0,367.0,368.0,463.0,471.0,
15.0,34.0,90.0,95.0,113.0,149.0,157.0,277.0,295.0,306.0,336.0,345.0,381.0,397.0,429.0,445.0,514.0,517.0,756.0,795.0,801.0,826.0,861.0,909.0,912.0,
4.0,17.0,75.0,89.0,128.0,148.0,164.0,190.0,234.0,331.0,336.0,344.0,378.0,387.0,430.0,436.0,450.0,460.0,461.0,467.0,488.0,506.0,526.0,557.0,566.0,574.0,615.0,636.0,641.0,821.0,842.0,876.0,879.0,886.0,903.0,922.0,932.0,935.0,996.0,
30.0,85.0,111.0,115.0,231.0,279.0,286.0,295.0,297.0,311.0,389.0,432.0,439.0,485.0,497.0,651.0,741.0,831.0,920.0,955.0,974.0,998.0,
55.0,90.0,98.0,124.0,177.0,199.0,210.0,225.0,235.0,253.0,292.0,298.0,322.0,329.0,346.0,372.0,382.0,440.0,473.0,516.0,536.0,559.0,569.0,605.0,668.0,670.0,685.0,689.0,699.0,717.0,726.0,769.0,816.0,824.0,873.0,897.0,924.0,925.0,985.0,1000.0,
8.0,38.0,41.0,55.0,66.0,71.0,74.0,83.0,100.0,132.0,132.0,249.0,263.0,264.0,275.0,302.0,347.0,398.0,522.0,543.0,545.0,562.0,607.0,632.0,643.0,657.0,668.0,696.0,711.0,731.0,750.0,781.0,785.0,792.0,804.0,816.0,833.0,894.0,906.0,936.0,
2.0,37.0,49.0,53.0,66.0,122.0,175.0,213.0,254.0,263.0,297.0,320.0,325.0,336.0,339.0,355.0,406.0,422.0,454.0,454.0,481.0,509.0,522.0,545.0,570.0,578.0,583.0,596.0,601.0,608.0,611.0,664.0,669.0,670.0,674.0,721.0,726.0,729.0,812.0,873.0,932.0,969.0,978.0,993.0,
2.0,96.0,123.0,147.0,172.0,219.0,269.0,270.0,290.0,327.0,375.0,473.0,484.0,518.0,538.0,552.0,571.0,645.0,666.0,673.0,704.0,725.0,729.0,733.0,799.0,864.0,880.0,903.0,907.0,917.0,925.0,928.0,964.0,989.0,
9.0,137.0,161.0,196.0,246.0,261.0,307.0,325.0,386.0,413.0,413.0,441.0,452.0,457.0,461.0,462.0,493.0,552.0,623.0,627.0,629.0,662.0,680.0,711.0,719.0,725.0,768.0,789.0,801.0,828.0,931.0,931.0,
14.0,34.0,87.0,129.0,134.0,157.0,180.0,198.0,308.0,322.0,332.0,332.0,375.0,378.0,415.0,430.0,443.0,526.0,530.0,539.0,552.0,581.0,590.0,634.0,637.0,642.0,644.0,669.0,711.0,745.0,769.0,773.0,782.0,796.0,807.0,830.0,837.0,856.0,926.0,
26.0,35.0,53.0,84.0,89.0,116.0,162.0,164.0,236.0,239.0,288.0,297.0,330.0,345.0,353.0,379.0,437.0,437.0,456.0,479.0,495.0,591.0,607.0,632.0,651.0,655.0,683.0,721.0,732.0,744.0,772.0,803.0,829.0,836.0,843.0,854.0,863.0,881.0,919.0,950.0,969.0,977.0,979.0,992.0,
17.0,18.0,39.0,75.0,80.0,111.0,191.0,195.0,212.0,270.0,277.0,363.0,367.0,396.0,415.0,425.0,434.0,438.0,446.0,454.0,469.0,474.0,479.0,485.0,538.0,591.0,606.0,686.0,716.0,730.0,755.0,763.0,844.0,851.0,861.0,864.0,937.0,962.0,987.0,
2.0,52.0,57.0,79.0,85.0,103.0,179.0,208.0,208.0,243.0,277.0,288.0,308.0,380.0,457.0,482.0,491.0,514.0,527.0,571.0,620.0,622.0,629.0,718.0,733.0,747.0,757.0,770.0,796.0,810.0,865.0,873.0,890.0,977.0,
56.0,177.0,201.0,243.0,258.0,339.0,451.0,457.0,486.0,489.0,492.0,493.0,569.0,580.0,653.0,657.0,665.0,785.0,792.0,815.0,828.0,866.0,870.0,888.0,888.0,
40.0,162.0,200.0,342.0,369.0,379.0,395.0,435.0,462.0,485.0,520.0,527.0,541.0,595.0,650.0,743.0,791.0,797.0,827.0,854.0,901.0,910.0,945.0,983.0,993.0,
76.0,88.0,179.0,184.0,221.0,223.0,240.0,249.0,300.0,317.0,371.0,377.0,411.0,413.0,517.0,535.0,584.0,605.0,643.0,661.0,675.0,738.0,773.0,897.0,906.0,919.0,985.0,
33.0,44.0,64.0,144.0,151.0,165.0,168.0,252.0,286.0,304.0,326.0,328.0,335.0,355.0,378.0,385.0,487.0,488.0,493.0,523.0,526.0,526.0,537.0,666.0,690.0,691.0,694.0,720.0,741.0,757.0,760.0,797.0,805.0,825.0,850.0,909.0,933.0,939.0,947.0,984.0,991.0,
114.0,122.0,145.0,147.0,162.0,172.0,174.0,181.0,188.0,196.0,201.0,231.0,263.0,305.0,315.0,424.0,571.0,574.0,582.0,624.0,639.0,645.0,662.0,669.0,704.0,726.0,764.0,765.0,774.0,777.0,825.0,860.0,878.0,911.0,944.0,950.0,974.0,978.0,
40.0,46.0,80.0,92.0,130.0,135.0,178.0,182.0,192.0,210.0,333.0,397.0,486.0,527.0,576.0,605.0,609.0,648.0,655.0,683.0,694.0,699.0,752.0,796.0,845.0,870.0,882.0,953.0,959.0,972.0,975.0,
32.0,50.0,57.0,82.0,198.0,216.0,243.0,276.0,289.0,326.0,398.0,442.0,544.0,557.0,558.0,571.0,594.0,600.0,600.0,626.0,629.0,634.0,665.0,683.0,694.0,757.0,763.0,804.0,837.0,852.0,878.0,881.0,941.0,
5.0,55.0,60.0,75.0,98.0,139.0,157.0,196.0,196.0,242.0,250.0,262.0,363.0,393.0,399.0,410.0,438.0,468.0,515.0,582.0,610.0,645.0,659.0,677.0,679.0,738.0,789.0,796.0,818.0,829.0,867.0,872.0,905.0,937.0,955.0,
11.0,39.0,64.0,69.0,87.0,97.0,197.0,212.0,301.0,304.0,366.0,388.0,413.0,420.0,425.0,435.0,444.0,453.0,483.0,501.0,509.0,525.0,614.0,627.0,726.0,749.0,796.0,843.0,895.0,942.0,946.0,961.0,
45.0,52.0,67.0,81.0,134.0,135.0,137.0,140.0,148.0,158.0,177.0,209.0,230.0,298.0,315.0,510.0,510.0,522.0,544.0,552.0,637.0,683.0,690.0,693.0,709.0,714.0,726.0,779.0,809.0,816.0,826.0,835.0,835.0,842.0,860.0,880.0,941.0,960.0,967.0,991.0,
18.0,20.0,39.0,143.0,153.0,160.0,253.0,279.0,304.0,309.0,314.0,342.0,355.0,410.0,442.0,469.0,513.0,591.0,650.0,675.0,711.0,711.0,718.0,832.0,867.0,886.0,948.0,980.0,987.0,
24.0,60.0,125.0,150.0,181.0,196.0,254.0,259.0,297.0,322.0,327.0,346.0,355.0,408.0,414.0,425.0,478.0,499.0,504.0,517.0,555.0,566.0,570.0,574.0,588.0,629.0,660.0,663.0,668.0,716.0,733.0,742.0,775.0,799.0,856.0,870.0,918.0,922.0,933.0,987.0,996.0,
66.0,67.0,135.0,136.0,206.0,207.0,214.0,230.0,239.0,278.0,291.0,303.0,308.0,318.0,342.0,380.0,425.0,491.0,514.0,519.0,569.0,611.0,621.0,622.0,660.0,684.0,687.0,730.0,737.0,743.0,783.0,784.0,784.0,938.0,955.0,989.0,
11.0,21.0,22.0,62.0,94.0,111.0,121.0,135.0,207.0,306.0,319.0,330.0,333.0,343.0,390.0,401.0,409.0,424.0,466.0,552.0,570.0,626.0,626.0,672.0,684.0,688.0,721.0,750.0,773.0,787.0,833.0,844.0,893.0,909.0,965.0,970.0,982.0,
3.0,5.0,12.0,47.0,80.0,118.0,227.0,241.0,266.0,284.0,285.0,318.0,380.0,385.0,431.0,478.0,480.0,489.0,507.0,521.0,534.0,588.0,593.0,618.0,637.0,672.0,690.0,738.0,741.0,754.0,761.0,793.0,801.0,832.0,852.0,877.0,877.0,884.0,899.0,910.0,911.0,958.0,962.0,968.0,993.0,
18.0,36.0,98.0,203.0,253.0,255.0,315.0,321.0,362.0,370.0,384.0,440.0,468.0,470.0,483.0,510.0,550.0,556.0,588.0,593.0,596.0,697.0,700.0,708.0,720.0,800.0,827.0,894.0,907.0,909.0,954.0,
8.0,19.0,24.0,29.0,31.0,40.0,43.0,77.0,113.0,115.0,126.0,132.0,139.0,197.0,219.0,361.0,364.0,375.0,382.0,509.0,525.0,540.0,551.0,563.0,609.0,712.0,725.0,732.0,748.0,762.0,837.0,842.0,853.0,877.0,883.0,898.0,910.0,912.0,939.0,943.0,957.0,958.0,983.0,993.0,
48.0,96.0,135.0,155.0,196.0,220.0,233.0,278.0,297.0,313.0,351.0,370.0,414.0,425.0,484.0,521.0,531.0,582.0,588.0,654.0,691.0,706.0,732.0,770.0,775.0,864.0,898.0,967.0,972.0,
4.0,56.0,95.0,109.0,187.0,197.0,239.0,248.0,254.0,264.0,273.0,293.0,336.0,364.0,372.0,398.0,418.0,419.0,427.0,433.0,451.0,521.0,531.0,549.0,579.0,647.0,681.0,728.0,734.0,743.0,853.0,879.0,916.0,917.0,951.0,971.0,972.0,980.0,982.0,
6.0,9.0,78.0,98.0,104.0,181.0,184.0,198.0,200.0,235.0,251.0,285.0,294.0,307.0,325.0,333.0,341.0,365.0,371.0,376.0,479.0,484.0,485.0,496.0,540.0,548.0,621.0,650.0,657.0,706.0,728.0,748.0,757.0,849.0,882.0,921.0,934.0,998.0,
5.0,15.0,42.0,76.0,100.0,146.0,149.0,180.0,203.0,210.0,230.0,307.0,311.0,315.0,334.0,368.0,371.0,380.0,390.0,453.0,490.0,504.0,522.0,539.0,574.0,590.0,594.0,625.0,716.0,727.0,785.0,811.0,894.0,972.0,997.0,999.0,
37.0,50.0,50.0,62.0,121.0,174.0,182.0,205.0,220.0,224.0,273.0,304.0,314.0,337.0,341.0,364.0,365.0,368.0,415.0,424.0,440.0,508.0,592.0,635.0,652.0,712.0,738.0,764.0,770.0,815.0,825.0,887.0,901.0,987.0,
