18.0,20.0,26.0,91.0,106.0,136.0,136.0,180.0,197.0,268.0,277.0,397.0,410.0,448.0,467.0,500.0,577.0,647.0,664.0,677.0,678.0,709.0,781.0,814.0,815.0,822.0,888.0,974.0,978.0,
39.0,61.0,92.0,117.0,138.0,146.0,148.0,182.0,192.0,195.0,213.0,229.0,259.0,332.0,365.0,432.0,443.0,563.0,581.0,599.0,687.0,711.0,741.0,763.0,778.0,813.0,829.0,846.0,849.0,865.0,865.0,917.0,947.0,948.0,973.0,999.0,
168.0,201.0,201.0,202.0,204.0,272.0,278.0,286.0,323.0,472.0,491.0,493.0,526.0,579.0,639.0,641.0,655.0,657.0,764.0,799.0,828.0,894.0,896.0,903.0,907.0,914.0,919.0,950.0,996.0,999.0,
40.0,59.0,74.0,94.0,116.0,141.0,144.0,151.0,158.0,160.0,175.0,282.0,287.0,311.0,351.0,481.0,509.0,526.0,536.0,648.0,651.0,725.0,727.0,729.0,731.0,804.0,815.0,891.0,905.0,913.0,915.0,921.0,937.0,985.0,991.0,
56.0,73.0,190.0,214.0,214.0,216.0,265.0,266.0,285.0,300.0,326.0,332.0,346.0,455.0,467.0,473.0,517.0,533.0,536.0,541.0,608.0,662.0,693.0,794.0,929.0,942.0,963.0,975.0,
13.0,29.0,91.0,99.0,107.0,160.0,187.0,248.0,273.0,337.0,347.0,357.0,428.0,434.0,444.0,468.0,531.0,555.0,555.0,570.0,574.0,596.0,645.0,665.0,677.0,685.0,690.0,831.0,834.0,844.0,874.0,880.0,900.0,934.0,996.0,
28.0,65.0,127.0,209.0,242.0,242.0,253.0,267.0,281.0,284.0,291.0,333.0,368.0,376.0,394.0,429.0,457.0,488.0,522.0,618.0,664.0,680.0,687.0,696.0,741.0,756.0,806.0,866.0,887.0,902.0,908.0,943.0,955.0,
160.0,166.0,229.0,245.0,249.0,338.0,384.0,417.0,483.0,496.0,498.0,568.0,591.0,614.0,626.0,655.0,707.0,710.0,757.0,768.0,819.0,821.0,837.0,838.0,843.0,916.0,936.0,960.0,971.0,977.0,
56.0,63.0,76.0,183.0,193.0,193.0,193.0,227.0,249.0,299.0,339.0,353.0,390.0,398.0,444.0,445.0,450.0,486.0,531.0,549.0,549.0,563.0,620.0,625.0,640.0,767.0,801.0,821.0,830.0,832.0,842.0,852.0,895.0,928.0,959.0,985.0,999.0,
6.0,13.0,33.0,81.0,93.0,109.0,115.0,116.0,122.0,146.0,161.0,225.0,251.0,289.0,308.0,316.0,320.0,331.0,359.0,375.0,450.0,480.0,512.0,585.0,664.0,674.0,681.0,682.0,689.0,711.0,751.0,765.0,786.0,793.0,807.0,856.0,895.0,922.0,934.0,946.0,971.0,982.0,991.0,
15.0,31.0,33.0,70.0,143.0,146.0,168.0,176.0,187.0,218.0,284.0,307.0,357.0,367.0,416.0,423.0,441.0,453.0,483.0,511.0,515.0,555.0,572.0,573.0,714.0,724.0,733.0,775.0,796.0,816.0,855.0,876.0,906.0,975.0,978.0,992.0,
122.0,181.0,242.0,274.0,286.0,343.0,368.0,408.0,477.0,487.0,501.0,570.0,602.0,657.0,750.0,805.0,886.0,906.0,909.0,952.0,979.0,
29.0,70.0,76.0,103.0,122.0,127.0,171.0,177.0,178.0,187.0,197.0,215.0,232.0,251.0,259.0,275.0,284.0,295.0,303.0,322.0,362.0,400.0,403.0,445.0,447.0,471.0,493.0,497.0,505.0,510.0,521.0,524.0,552.0,576.0,584.0,616.0,631.0,636.0,651.0,652.0,662.0,713.0,755.0,779.0,785.0,785.0,832.0,834.0,835.0,846.0,851.0,901.0,907.0,911.0,920.0,967.0,979.0,994.0,
28.0,54.0,64.0,70.0,77.0,101.0,106.0,148.0,154.0,190.0,196.0,223.0,234.0,234.0,245.0,265.0,292.0,294.0,302.0,342.0,392.0,404.0,444.0,472.0,493.0,563.0,597.0,682.0,723.0,764.0,770.0,796.0,876.0,926.0,953.0,977.0,
26.0,38.0,80.0,92.0,93.0,147.0,162.0,221.0,226.0,340.0,348.0,358.0,363.0,364.0,369.0,379.0,384.0,408.0,458.0,488.0,501.0,519.0,544.0,561.0,569.0,600.0,614.0,618.0,628.0,675.0,718.0,735.0,770.0,861.0,896.0,902.0,958.0,992.0,
15.0,26.0,69.0,99.0,113.0,124.0,158.0,202.0,222.0,234.0,247.0,253.0,257.0,287.0,317.0,347.0,385.0,450.0,454.0,481.0,515.0,534.0,542.0,557.0,613.0,635.0,637.0,723.0,737.0,755.0,759.0,771.0,781.0,785.0,810.0,824.0,831.0,927.0,960.0,968.0,983.0,
17.0,82.0,87.0,90.0,120.0,156.0,168.0,194.0,194.0,199.0,207.0,270.0,276.0,341.0,400.0,417.0,429.0,441.0,459.0,461.0,496.0,499.0,519.0,571.0,615.0,616.0,729.0,830.0,864.0,868.0,899.0,922.0,923.0,936.0,950.0,974.0,985.0,986.0,991.0,992.0,
11.0,34.0,43.0,52.0,74.0,110.0,195.0,222.0,257.0,260.0,267.0,275.0,282.0,305.0,365.0,373.0,391.0,522.0,524.0,571.0,580.0,586.0,600.0,615.0,654.0,661.0,671.0,759.0,763.0,785.0,793.0,846.0,917.0,934.0,978.0,
9.0,34.0,87.0,150.0,166.0,174.0,226.0,229.0,275.0,332.0,337.0,345.0,345.0,347.0,380.0,400.0,481.0,504.0,518.0,538.0,538.0,539.0,637.0,638.0,648.0,671.0,671.0,705.0,753.0,756.0,801.0,855.0,918.0,924.0,930.0,941.0,
20.0,51.0,68.0,95.0,106.0,112.0,163.0,176.0,180.0,208.0,215.0,227.0,228.0,254.0,270.0,318.0,335.0,341.0,380.0,419.0,447.0,461.0,469.0,469.0,543.0,567.0,570.0,580.0,606.0,610.0,629.0,690.0,692.0,705.0,709.0,710.0,715.0,719.0,750.0,853.0,854.0,869.0,894.0,966.0,986.0,
6.0,29.0,38.0,65.0,98.0,120.0,127.0,134.0,156.0,179.0,230.0,264.0,329.0,334.0,338.0,371.0,372.0,415.0,456.0,459.0,518.0,588.0,589.0,633.0,644.0,677.0,786.0,822.0,858.0,882.0,885.0,888.0,894.0,913.0,951.0,
17.0,24.0,30.0,37.0,46.0,47.0,90.0,103.0,108.0,170.0,242.0,292.0,293.0,357.0,462.0,473.0,502.0,509.0,525.0,574.0,644.0,699.0,704.0,713.0,713.0,733.0,796.0,825.0,867.0,882.0,882.0,927.0,928.0,990.0,
7.0,44.0,190.0,209.0,219.0,240.0,250.0,257.0,286.0,294.0,301.0,302.0,305.0,322.0,325.0,334.0,346.0,357.0,362.0,377.0,379.0,406.0,410.0,426.0,430.0,439.0,478.0,504.0,508.0,556.0,566.0,581.0,593.0,629.0,646.0,658.0,684.0,700.0,703.0,707.0,737.0,744.0,752.0,761.0,764.0,775.0,775.0,788.0,861.0,869.0,941.0,944.0,956.0,976.0,997.0,
45.0,77.0,116.0,135.0,136.0,164.0,206.0,256.0,265.0,298.0,378.0,410.0,444.0,471.0,552.0,567.0,571.0,573.0,575.0,601.0,604.0,637.0,708.0,717.0,723.0,741.0,747.0,751.0,785.0,792.0,856.0,863.0,883.0,890.0,946.0,983.0,
9.0,72.0,98.0,129.0,134.0,187.0,196.0,198.0,200.0,200.0,261.0,272.0,322.0,366.0,397.0,409.0,457.0,458.0,514.0,568.0,626.0,681.0,695.0,703.0,711.0,751.0,761.0,800.0,809.0,842.0,848.0,862.0,885.0,899.0,931.0,935.0,
44.0,77.0,82.0,112.0,139.0,143.0,150.0,167.0,177.0,220.0,221.0,252.0,286.0,342.0,442.0,519.0,535.0,580.0,603.0,630.0,631.0,665.0,682.0,733.0,741.0,745.0,760.0,764.0,856.0,902.0,912.0,944.0,949.0,952.0,970.0,978.0,
6.0,23.0,45.0,57.0,84.0,90.0,145.0,308.0,312.0,363.0,412.0,431.0,434.0,454.0,478.0,516.0,530.0,547.0,548.0,549.0,572.0,575.0,602.0,616.0,633.0,635.0,659.0,690.0,712.0,721.0,769.0,776.0,818.0,819.0,847.0,866.0,901.0,902.0,981.0,986.0,
22.0,28.0,130.0,199.0,206.0,229.0,240.0,368.0,370.0,418.0,437.0,439.0,461.0,473.0,486.0,533.0,671.0,672.0,676.0,824.0,826.0,872.0,874.0,920.0,965.0,
21.0,22.0,29.0,31.0,56.0,113.0,116.0,125.0,146.0,173.0,210.0,227.0,239.0,249.0,270.0,285.0,300.0,328.0,403.0,408.0,466.0,477.0,488.0,517.0,583.0,600.0,703.0,823.0,863.0,882.0,886.0,961.0,972.0,988.0,
11.0,13.0,51.0,73.0,131.0,134.0,241.0,247.0,252.0,282.0,312.0,340.0,393.0,407.0,410.0,415.0,463.0,466.0,486.0,607.0,649.0,758.0,758.0,880.0,901.0,907.0,908.0,914.0,943.0,
18.0,32.0,48.0,53.0,65.0,118.0,151.0,179.0,200.0,201.0,211.0,235.0,236.0,268.0,346.0,349.0,374.0,376.0,455.0,469.0,506.0,515.0,531.0,534.0,540.0,570.0,572.0,592.0,602.0,656.0,701.0,718.0,825.0,827.0,887.0,925.0,946.0,965.0,992.0,
32.0,107.0,217.0,226.0,287.0,309.0,465.0,483.0,500.0,501.0,533.0,538.0,576.0,580.0,595.0,616.0,619.0,634.0,674.0,713.0,766.0,788.0,830.0,831.0,880.0,928.0,964.0,969.0,976.0,
13.0,20.0,47.0,75.0,138.0,141.0,171.0,215.0,222.0,231.0,257.0,273.0,347.0,362.0,386.0,405.0,409.0,410.0,415.0,420.0,437.0,439.0,452.0,467.0,503.0,550.0,568.0,591.0,592.0,605.0,609.0,638.0,656.0,734.0,836.0,924.0,928.0,937.0,996.0,997.0,997.0,
55.0,73.0,98.0,138.0,158.0,203.0,216.0,218.0,247.0,253.0,295.0,334.0,382.0,392.0,420.0,422.0,431.0,433.0,439.0,469.0,483.0,611.0,636.0,666.0,704.0,706.0,711.0,713.0,728.0,730.0,742.0,778.0,829.0,841.0,847.0,853.0,870.0,913.0,993.0,
2.0,8.0,84.0,111.0,118.0,127.0,212.0,219.0,223.0,238.0,270.0,360.0,362.0,475.0,485.0,503.0,528.0,543.0,549.0,587.0,609.0,618.0,643.0,708.0,724.0,735.0,751.0,775.0,779.0,783.0,818.0,826.0,828.0,867.0,891.0,892.0,900.0,974.0,
5.0,81.0,82.0,105.0,144.0,176.0,306.0,449.0,480.0,487.0,510.0,551.0,558.0,571.0,610.0,616.0,618.0,658.0,676.0,681.0,683.0,703.0,706.0,709.0,741.0,750.0,764.0,799.0,801.0,802.0,805.0,830.0,849.0,862.0,879.0,890.0,894.0,895.0,899.0,956.0,
11.0,150.0,185.0,186.0,230.0,231.0,262.0,281.0,352.0,426.0,471.0,476.0,482.0,545.0,556.0,586.0,587.0,596.0,632.0,660.0,661.0,661.0,679.0,693.0,700.0,735.0,751.0,816.0,836.0,839.0,848.0,880.0,889.0,908.0,936.0,955.0,972.0,990.0,998.0,
29.0,49.0,97.0,149.0,162.0,165.0,195.0,261.0,277.0,289.0,377.0,422.0,431.0,483.0,495.0,548.0,559.0,586.0,607.0,614.0,630.0,636.0,649.0,671.0,686.0,690.0,708.0,709.0,724.0,754.0,768.0,786.0,802.0,822.0,823.0,830.0,842.0,843.0,844.0,864.0,882.0,885.0,897.0,914.0,919.0,953.0,980.0,986.0,
64.0,116.0,118.0,127.0,177.0,240.0,272.0,337.0,344.0,415.0,433.0,502.0,514.0,546.0,564.0,578.0,613.0,629.0,656.0,675.0,734.0,784.0,815.0,921.0,934.0,
30.0,69.0,102.0,143.0,162.0,174.0,261.0,298.0,482.0,491.0,517.0,522.0,542.0,549.0,563.0,565.0,613.0,641.0,660.0,712.0,745.0,747.0,809.0,843.0,868.0,880.0,897.0,900.0,900.0,905.0,910.0,934.0,960.0,
60.0,69.0,80.0,86.0,95.0,107.0,121.0,143.0,150.0,167.0,176.0,211.0,213.0,215.0,251.0,264.0,302.0,326.0,338.0,385.0,400.0,436.0,464.0,504.0,535.0,573.0,667.0,676.0,776.0,778.0,794.0,852.0,931.0,998.0,
17.0,64.0,68.0,69.0,70.0,91.0,126.0,130.0,137.0,158.0,222.0,232.0,250.0,273.0,331.0,342.0,342.0,393.0,417.0,450.0,490.0,548.0,566.0,587.0,630.0,660.0,666.0,681.0,686.0,697.0,705.0,744.0,762.0,819.0,841.0,843.0,859.0,888.0,888.0,891.0,966.0,982.0,989.0,
46.0,71.0,109.0,138.0,149.0,170.0,172.0,239.0,240.0,251.0,256.0,266.0,298.0,308.0,334.0,351.0,352.0,353.0,368.0,426.0,447.0,469.0,483.0,511.0,542.0,656.0,677.0,689.0,727.0,742.0,788.0,801.0,804.0,853.0,870.0,871.0,893.0,903.0,904.0,908.0,963.0,989.0,
45.0,49.0,86.0,112.0,149.0,164.0,292.0,326.0,330.0,331.0,410.0,446.0,473.0,475.0,477.0,509.0,566.0,580.0,583.0,589.0,593.0,616.0,630.0,633.0,633.0,669.0,682.0,701.0,730.0,748.0,827.0,833.0,838.0,844.0,845.0,856.0,871.0,897.0,
23.0,28.0,36.0,105.0,142.0,190.0,205.0,214.0,220.0,300.0,357.0,369.0,392.0,410.0,425.0,619.0,627.0,632.0,751.0,781.0,814.0,891.0,900.0,903.0,917.0,977.0,
77.0,95.0,102.0,276.0,335.0,337.0,357.0,359.0,368.0,371.0,378.0,380.0,381.0,401.0,413.0,420.0,446.0,461.0,503.0,506.0,
29.0,55.0,72.0,193.0,205.0,215.0,276.0,311.0,317.0,325.0,350.0,387.0,415.0,445.0,445.0,450.0,474.0,480.0,665.0,670.0,689.0,723.0,796.0,819.0,821.0,832.0,844.0,848.0,854.0,960.0,992.0,
14.0,29.0,33.0,59.0,80.0,94.0,109.0,121.0,137.0,150.0,161.0,205.0,222.0,244.0,244.0,252.0,266.0,358.0,384.0,422.0,453.0,474.0,547.0,551.0,562.0,585.0,587.0,594.0,622.0,630.0,633.0,654.0,715.0,717.0,757.0,768.0,778.0,796.0,797.0,808.0,831.0,867.0,915.0,919.0,943.0,946.0,965.0,980.0,
19.0,39.0,107.0,112.0,147.0,179.0,181.0,253.0,257.0,265.0,273.0,276.0,279.0,296.0,348.0,354.0,485.0,554.0,573.0,592.0,627.0,632.0,636.0,644.0,660.0,683.0,701.0,782.0,870.0,880.0,927.0,928.0,
14.0,21.0,29.0,41.0,100.0,139.0,170.0,200.0,286.0,336.0,381.0,383.0,390.0,423.0,449.0,499.0,552.0,571.0,578.0,598.0,623.0,668.0,700.0,706.0,744.0,760.0,766.0,906.0,908.0,931.0,
17.0,43.0,82.0,116.0,129.0,219.0,286.0,320.0,383.0,399.0,458.0,552.0,570.0,602.0,646.0,648.0,650.0,661.0,664.0,679.0,680.0,700.0,740.0,754.0,779.0,782.0,803.0,839.0,956.0,
22.0,76.0,92.0,125.0,130.0,252.0,266.0,281.0,281.0,289.0,310.0,312.0,357.0,392.0,439.0,473.0,486.0,488.0,513.0,536.0,557.0,665.0,675.0,725.0,752.0,756.0,761.0,767.0,781.0,791.0,852.0,886.0,992.0,999.0,
7.0,9.0,31.0,38.0,66.0,115.0,131.0,162.0,174.0,178.0,197.0,211.0,215.0,217.0,254.0,258.0,369.0,384.0,391.0,461.0,469.0,483.0,486.0,503.0,571.0,608.0,617.0,619.0,624.0,654.0,663.0,708.0,818.0,893.0,936.0,975.0,976.0,
32.0,49.0,57.0,61.0,93.0,135.0,262.0,265.0,311.0,330.0,359.0,379.0,429.0,481.0,485.0,489.0,492.0,512.0,554.0,607.0,614.0,621.0,646.0,657.0,695.0,695.0,728.0,745.0,779.0,782.0,795.0,819.0,823.0,877.0,877.0,887.0,900.0,938.0,941.0,
40.0,45.0,107.0,111.0,123.0,124.0,140.0,171.0,172.0,177.0,208.0,208.0,223.0,235.0,282.0,301.0,302.0,323.0,334.0,358.0,364.0,450.0,
18.0,18.0,24.0,116.0,118.0,150.0,154.0,156.0,272.0,273.0,290.0,305.0,314.0,327.0,331.0,349.0,363.0,374.0,375.0,415.0,421.0,440.0,480.0,486.0,489.0,
45.0,49.0,84.0,153.0,164.0,195.0,199.0,220.0,275.0,379.0,418.0,423.0,426.0,437.0,476.0,979.0,
17.0,37.0,85.0,93.0,96.0,122.0,132.0,164.0,206.0,286.0,308.0,342.0,403.0,485.0,538.0,544.0,560.0,565.0,581.0,587.0,617.0,627.0,632.0,667.0,675.0,682.0,726.0,744.0,752.0,771.0,774.0,779.0,801.0,823.0,825.0,856.0,883.0,887.0,893.0,944.0,953.0,955.0,992.0,
11.0,12.0,16.0,55.0,59.0,73.0,200.0,214.0,266.0,289.0,305.0,308.0,339.0,365.0,440.0,466.0,569.0,677.0,680.0,705.0,713.0,852.0,852.0,933.0,993.0,
24.0,75.0,94.0,111.0,112.0,116.0,140.0,161.0,260.0,276.0,280.0,296.0,304.0,334.0,391.0,501.0,511.0,525.0,578.0,652.0,658.0,672.0,678.0,825.0,845.0,881.0,901.0,903.0,908.0,911.0,938.0,951.0,973.0,974.0,
21.0,64.0,66.0,86.0,101.0,139.0,149.0,200.0,227.0,268.0,286.0,343.0,345.0,386.0,419.0,434.0,479.0,488.0,562.0,617.0,667.0,709.0,742.0,745.0,809.0,822.0,831.0,845.0,870.0,872.0,900.0,928.0,953.0,956.0,
3.0,6.0,58.0,62.0,82.0,94.0,113.0,143.0,268.0,322.0,348.0,435.0,453.0,491.0,494.0,545.0,576.0,578.0,606.0,666.0,678.0,700.0,702.0,718.0,763.0,772.0,841.0,917.0,920.0,947.0,951.0,961.0,988.0,988.0,
42.0,63.0,82.0,109.0,114.0,139.0,259.0,266.0,441.0,452.0,467.0,478.0,495.0,496.0,503.0,554.0,560.0,579.0,609.0,618.0,751.0,759.0,759.0,811.0,815.0,877.0,890.0,
31.0,74.0,90.0,130.0,138.0,142.0,163.0,171.0,188.0,220.0,231.0,247.0,254.0,317.0,329.0,338.0,365.0,380.0,445.0,464.0,492.0,500.0,523.0,554.0,561.0,613.0,624.0,637.0,658.0,660.0,688.0,697.0,753.0,764.0,841.0,883.0,949.0,972.0,973.0,986.0,998.0,
44.0,89.0,138.0,180.0,271.0,292.0,300.0,346.0,347.0,353.0,368.0,386.0,431.0,473.0,633.0,646.0,679.0,695.0,719.0,736.0,782.0,788.0,802.0,825.0,849.0,893.0,912.0,941.0,942.0,960.0,962.0,993.0,
8.0,10.0,118.0,131.0,202.0,219.0,250.0,313.0,337.0,406.0,413.0,469.0,477.0,
30.0,67.0,100.0,130.0,156.0,160.0,170.0,170.0,209.0,214.0,214.0,217.0,241.0,246.0,274.0,330.0,340.0,384.0,396.0,488.0,596.0,662.0,668.0,673.0,736.0,740.0,801.0,808.0,823.0,857.0,897.0,901.0,933.0,962.0,963.0,
28.0,67.0,87.0,118.0,121.0,157.0,164.0,176.0,193.0,214.0,233.0,263.0,281.0,332.0,337.0,376.0,385.0,388.0,433.0,439.0,480.0,588.0,627.0,645.0,663.0,675.0,717.0,747.0,755.0,782.0,792.0,798.0,811.0,812.0,834.0,874.0,920.0,988.0,990.0,994.0,996.0,
18.0,42.0,72.0,113.0,160.0,186.0,210.0,246.0,247.0,248.0,248.0,255.0,279.0,299.0,325.0,333.0,510.0,535.0,541.0,553.0,583.0,612.0,617.0,654.0,674.0,687.0,720.0,745.0,752.0,778.0,851.0,857.0,949.0,953.0,
20.0,48.0,91.0,129.0,145.0,159.0,176.0,181.0,182.0,194.0,197.0,225.0,235.0,318.0,361.0,362.0,370.0,429.0,443.0,481.0,485.0,562.0,572.0,591.0,597.0,600.0,651.0,711.0,799.0,827.0,871.0,893.0,919.0,999.0,
16.0,29.0,55.0,68.0,84.0,86.0,108.0,175.0,188.0,210.0,264.0,272.0,347.0,379.0,495.0,503.0,604.0,659.0,728.0,730.0,758.0,829.0,841.0,852.0,877.0,924.0,936.0,936.0,958.0,
20.0,36.0,80.0,98.0,98.0,106.0,143.0,192.0,211.0,218.0,229.0,240.0,257.0,258.0,290.0,328.0,368.0,432.0,462.0,527.0,571.0,600.0,660.0,702.0,723.0,740.0,768.0,820.0,849.0,896.0,971.0,997.0,
56.0,63.0,70.0,102.0,105.0,156.0,173.0,180.0,191.0,236.0,264.0,280.0,293.0,317.0,346.0,351.0,352.0,379.0,410.0,424.0,424.0,426.0,430.0,436.0,472.0,480.0,487.0,531.0,541.0,543.0,565.0,674.0,676.0,753.0,885.0,
8.0,15.0,60.0,123.0,137.0,174.0,182.0,236.0,239.0,267.0,277.0,319.0,324.0,355.0,370.0,415.0,417.0,447.0,447.0,467.0,501.0,542.0,580.0,631.0,634.0,647.0,663.0,664.0,678.0,729.0,768.0,783.0,786.0,829.0,839.0,843.0,850.0,867.0,960.0,
22.0,24.0,25.0,33.0,53.0,120.0,145.0,205.0,224.0,265.0,270.0,324.0,338.0,357.0,367.0,368.0,372.0,497.0,516.0,531.0,540.0,577.0,579.0,608.0,613.0,619.0,649.0,657.0,666.0,677.0,738.0,751.0,757.0,767.0,784.0,786.0,801.0,801.0,806.0,807.0,813.0,815.0,892.0,909.0,932.0,950.0,960.0,990.0,
36.0,85.0,97.0,99.0,118.0,152.0,166.0,170.0,174.0,185.0,186.0,191.0,292.0,300.0,307.0,391.0,412.0,431.0,465.0,506.0,524.0,576.0,612.0,648.0,680.0,728.0,731.0,769.0,792.0,815.0,824.0,831.0,833.0,884.0,910.0,937.0,998.0,
2.0,90.0,111.0,113.0,119.0,139.0,212.0,277.0,321.0,326.0,339.0,349.0,372.0,379.0,402.0,434.0,450.0,554.0,577.0,626.0,630.0,631.0,634.0,659.0,694.0,702.0,719.0,743.0,778.0,809.0,823.0,832.0,850.0,931.0,951.0,956.0,962.0,982.0,989.0,
5.0,66.0,79.0,134.0,155.0,204.0,217.0,229.0,307.0,322.0,434.0,440.0,475.0,547.0,611.0,615.0,616.0,635.0,635.0,655.0,676.0,689.0,710.0,739.0,740.0,775.0,798.0,801.0,860.0,863.0,864.0,876.0,905.0,906.0,927.0,976.0,
31.0,36.0,52.0,74.0,84.0,87.0,91.0,94.0,135.0,136.0,173.0,191.0,210.0,220.0,225.0,314.0,326.0,331.0,338.0,367.0,460.0,488.0,530.0,534.0,559.0,563.0,620.0,654.0,684.0,702.0,729.0,759.0,804.0,809.0,843.0,857.0,859.0,887.0,919.0,923.0,923.0,948.0,970.0,981.0,
6.0,41.0,44.0,52.0,71.0,124.0,206.0,240.0,280.0,298.0,309.0,310.0,326.0,327.0,359.0,388.0,401.0,407.0,419.0,430.0,434.0,460.0,476.0,505.0,520.0,549.0,579.0,581.0,589.0,611.0,619.0,645.0,719.0,761.0,787.0,801.0,834.0,869.0,929.0,951.0,
3.0,18.0,41.0,59.0,64.0,183.0,207.0,265.0,300.0,347.0,348.0,365.0,385.0,463.0,499.0,504.0,542.0,580.0,605.0,649.0,765.0,820.0,855.0,
30.0,32.0,39.0,99.0,123.0,156.0,203.0,210.0,212.0,214.0,323.0,356.0,379.0,398.0,430.0,435.0,436.0,506.0,533.0,540.0,549.0,549.0,586.0,601.0,609.0,626.0,638.0,693.0,712.0,752.0,760.0,786.0,805.0,847.0,870.0,890.0,918.0,941.0,964.0,971.0,978.0,
4.0,48.0,57.0,125.0,205.0,217.0,236.0,239.0,300.0,324.0,344.0,353.0,382.0,453.0,460.0,464.0,508.0,513.0,619.0,636.0,644.0,648.0,656.0,658.0,660.0,693.0,723.0,765.0,837.0,845.0,857.0,889.0,889.0,964.0,998.0,
23.0,47.0,91.0,115.0,152.0,155.0,211.0,212.0,222.0,230.0,234.0,238.0,241.0,263.0,333.0,351.0,367.0,400.0,444.0,455.0,623.0,654.0,755.0,821.0,875.0,941.0,953.0,
5.0,17.0,35.0,42.0,47.0,68.0,118.0,120.0,227.0,268.0,269.0,277.0,298.0,299.0,357.0,372.0,391.0,414.0,417.0,496.0,529.0,660.0,708.0,718.0,833.0,845.0,935.0,937.0,996.0,999.0,
5.0,28.0,40.0,51.0,132.0,158.0,182.0,215.0,219.0,243.0,244.0,245.0,283.0,303.0,318.0,336.0,337.0,385.0,387.0,415.0,424.0,532.0,627.0,653.0,669.0,680.0,718.0,723.0,861.0,902.0,933.0,945.0,966.0,981.0,981.0,989.0,990.0,
55.0,77.0,153.0,204.0,210.0,236.0,256.0,280.0,347.0,372.0,376.0,378.0,423.0,435.0,444.0,456.0,522.0,567.0,606.0,698.0,703.0,714.0,734.0,822.0,844.0,912.0,942.0,958.0,976.0,985.0,994.0,
7.0,22.0,121.0,160.0,188.0,195.0,210.0,253.0,262.0,272.0,290.0,440.0,485.0,504.0,507.0,520.0,535.0,544.0,546.0,577.0,599.0,609.0,634.0,643.0,665.0,703.0,730.0,761.0,784.0,785.0,812.0,835.0,904.0,944.0,946.0,967.0,976.0,
67.0,69.0,76.0,94.0,265.0,300.0,344.0,403.0,450.0,479.0,491.0,497.0,582.0,591.0,617.0,623.0,653.0,659.0,769.0,781.0,803.0,803.0,866.0,894.0,911.0,926.0,934.0,944.0,949.0,957.0,990.0,999.0,
11.0,65.0,85.0,109.0,142.0,145.0,146.0,150.0,173.0,178.0,192.0,201.0,221.0,248.0,259.0,315.0,368.0,402.0,403.0,440.0,466.0,466.0,522.0,537.0,552.0,578.0,660.0,688.0,715.0,716.0,782.0,802.0,838.0,900.0,913.0,942.0,968.0,999.0,
119.0,147.0,170.0,204.0,214.0,234.0,240.0,280.0,339.0,362.0,369.0,447.0,477.0,489.0,530.0,559.0,592.0,662.0,675.0,715.0,745.0,755.0,791.0,813.0,840.0,891.0,948.0,
22.0,32.0,38.0,75.0,87.0,145.0,154.0,219.0,234.0,247.0,277.0,283.0,287.0,363.0,367.0,368.0,378.0,420.0,425.0,434.0,449.0,495.0,517.0,518.0,527.0,538.0,541.0,542.0,552.0,613.0,657.0,662.0,668.0,674.0,683.0,686.0,704.0,751.0,787.0,794.0,807.0,855.0,866.0,959.0,
51.0,98.0,130.0,155.0,192.0,221.0,230.0,237.0,240.0,286.0,313.0,373.0,380.0,406.0,442.0,477.0,497.0,507.0,533.0,539.0,592.0,619.0,631.0,642.0,644.0,659.0,682.0,734.0,841.0,859.0,895.0,939.0,940.0,
9.0,19.0,30.0,35.0,133.0,166.0,185.0,206.0,240.0,251.0,283.0,311.0,319.0,356.0,357.0,380.0,385.0,396.0,415.0,441.0,441.0,450.0,452.0,477.0,492.0,504.0,510.0,526.0,550.0,550.0,567.0,572.0,579.0,583.0,590.0,712.0,752.0,780.0,804.0,813.0,830.0,841.0,891.0,921.0,963.0,965.0,977.0,
9.0,26.0,28.0,44.0,45.0,55.0,114.0,118.0,147.0,149.0,154.0,161.0,176.0,205.0,206.0,221.0,236.0,240.0,315.0,328.0,344.0,356.0,368.0,421.0,431.0,520.0,557.0,567.0,579.0,605.0,619.0,624.0,654.0,656.0,679.0,737.0,739.0,745.0,846.0,863.0,882.0,935.0,946.0,982.0,995.0,
58.0,77.0,233.0,257.0,402.0,450.0,472.0,475.0,486.0,597.0,610.0,623.0,639.0,641.0,663.0,695.0,727.0,731.0,732.0,783.0,784.0,785.0,854.0,917.0,921.0,964.0,1000.0,
2.0,14.0,20.0,60.0,60.0,71.0,73.0,116.0,130.0,153.0,185.0,216.0,225.0,233.0,248.0,277.0,317.0,318.0,348.0,348.0,396.0,454.0,473.0,521.0,524.0,548.0,554.0,567.0,626.0,723.0,762.0,780.0,908.0,918.0,924.0,957.0,981.0,989.0,994.0,
5.0,6.0,37.0,77.0,89.0,108.0,165.0,183.0,291.0,304.0,306.0,314.0,350.0,366.0,379.0,394.0,459.0,460.0,463.0,565.0,566.0,642.0,725.0,738.0,784.0,808.0,838.0,868.0,885.0,892.0,909.0,969.0,994.0,
4.0,8.0,52.0,58.0,63.0,88.0,96.0,99.0,157.0,171.0,232.0,257.0,307.0,337.0,361.0,366.0,396.0,409.0,446.0,546.0,574.0,595.0,597.0,633.0,664.0,723.0,755.0,816.0,826.0,829.0,847.0,901.0,929.0,939.0,946.0,971.0,
16.0,37.0,86.0,137.0,207.0,213.0,226.0,304.0,314.0,316.0,323.0,332.0,337.0,354.0,375.0,405.0,410.0,421.0,428.0,430.0,501.0,506.0,515.0,522.0,621.0,624.0,696.0,726.0,758.0,803.0,810.0,812.0,832.0,833.0,844.0,864.0,868.0,868.0,943.0,962.0,966.0,976.0,982.0,999.0,
