167.0,191.0,202.0,227.0,230.0,238.0,264.0,266.0,279.0,292.0,308.0,361.0,365.0,440.0,451.0,456.0,459.0,482.0,503.0,506.0,551.0,568.0,575.0,588.0,611.0,615.0,620.0,623.0,670.0,677.0,719.0,724.0,728.0,822.0,841.0,878.0,919.0,922.0,939.0,952.0,961.0,994.0,
22.0,127.0,271.0,273.0,287.0,300.0,320.0,363.0,370.0,375.0,415.0,415.0,457.0,521.0,530.0,551.0,581.0,587.0,593.0,615.0,617.0,634.0,636.0,636.0,701.0,806.0,853.0,874.0,886.0,896.0,917.0,918.0,923.0,966.0,972.0,
18.0,31.0,39.0,68.0,87.0,199.0,212.0,225.0,260.0,349.0,368.0,384.0,388.0,428.0,547.0,561.0,571.0,636.0,659.0,682.0,687.0,771.0,774.0,837.0,842.0,874.0,921.0,937.0,946.0,986.0,996.0,
8.0,73.0,83.0,85.0,96.0,100.0,124.0,142.0,149.0,152.0,154.0,157.0,182.0,214.0,253.0,283.0,297.0,359.0,363.0,416.0,427.0,428.0,433.0,461.0,477.0,482.0,527.0,561.0,572.0,586.0,599.0,604.0,613.0,647.0,657.0,671.0,697.0,722.0,731.0,736.0,744.0,814.0,851.0,870.0,871.0,889.0,900.0,956.0,991.0,
13.0,46.0,87.0,125.0,129.0,146.0,156.0,156.0,159.0,191.0,258.0,357.0,361.0,415.0,453.0,470.0,479.0,557.0,563.0,591.0,610.0,629.0,660.0,735.0,746.0,748.0,796.0,798.0,803.0,822.0,825.0,843.0,850.0,851.0,871.0,898.0,905.0,910.0,932.0,935.0,
43.0,53.0,60.0,84.0,110.0,171.0,277.0,350.0,492.0,527.0,536.0,553.0,559.0,565.0,573.0,601.0,611.0,638.0,658.0,679.0,697.0,702.0,716.0,716.0,770.0,772.0,789.0,831.0,840.0,913.0,
7.0,61.0,76.0,83.0,147.0,165.0,190.0,194.0,234.0,235.0,249.0,252.0,267.0,326.0,330.0,407.0,421.0,466.0,478.0,507.0,554.0,569.0,580.0,611.0,630.0,651.0,652.0,671.0,683.0,690.0,691.0,691.0,701.0,702.0,708.0,750.0,778.0,783.0,827.0,845.0,854.0,906.0,907.0,917.0,953.0,987.0,
23.0,42.0,57.0,64.0,68.0,93.0,129.0,133.0,159.0,260.0,279.0,297.0,297.0,308.0,317.0,455.0,471.0,488.0,515.0,531.0,553.0,568.0,586.0,594.0,610.0,614.0,634.0,639.0,671.0,684.0,684.0,709.0,716.0,720.0,728.0,732.0,786.0,792.0,808.0,815.0,834.0,857.0,870.0,892.0,910.0,969.0,
18.0,85.0,105.0,121.0,128.0,131.0,138.0,224.0,269.0,275.0,365.0,379.0,420.0,422.0,456.0,527.0,527.0,544.0,546.0,556.0,569.0,611.0,626.0,646.0,680.0,693.0,696.0,715.0,743.0,743.0,773.0,791.0,843.0,846.0,856.0,862.0,871.0,887.0,892.0,937.0,943.0,964.0,
9.0,10.0,34.0,104.0,140.0,152.0,166.0,183.0,195.0,204.0,204.0,222.0,261.0,346.0,379.0,385.0,391.0,393.0,403.0,418.0,506.0,519.0,572.0,629.0,659.0,680.0,698.0,733.0,742.0,773.0,773.0,819.0,836.0,892.0,903.0,916.0,929.0,
7.0,54.0,93.0,98.0,100.0,104.0,107.0,171.0,199.0,259.0,295.0,339.0,352.0,355.0,370.0,380.0,425.0,467.0,498.0,525.0,533.0,553.0,568.0,627.0,636.0,637.0,645.0,648.0,702.0,728.0,733.0,742.0,843.0,853.0,879.0,893.0,898.0,917.0,936.0,949.0,966.0,994.0,
16.0,39.0,47.0,92.0,105.0,110.0,113.0,168.0,201.0,243.0,272.0,288.0,408.0,445.0,477.0,531.0,548.0,565.0,569.0,634.0,649.0,662.0,720.0,742.0,760.0,803.0,807.0,818.0,851.0,864.0,891.0,900.0,917.0,920.0,955.0,971.0,981.0,990.0,
43.0,74.0,89.0,143.0,220.0,234.0,239.0,240.0,263.0,269.0,277.0,292.0,325.0,336.0,386.0,398.0,414.0,497.0,504.0,529.0,547.0,609.0,684.0,696.0,703.0,733.0,751.0,765.0,783.0,800.0,869.0,873.0,892.0,910.0,925.0,931.0,942.0,966.0,967.0,983.0,998.0,
38.0,39.0,48.0,63.0,75.0,99.0,116.0,120.0,185.0,193.0,197.0,210.0,218.0,221.0,261.0,263.0,345.0,350.0,383.0,440.0,449.0,450.0,662.0,683.0,695.0,725.0,792.0,796.0,823.0,855.0,881.0,916.0,944.0,969.0,970.0,
3.0,35.0,61.0,62.0,81.0,102.0,132.0,169.0,175.0,253.0,280.0,322.0,334.0,372.0,402.0,453.0,462.0,489.0,506.0,926.0,934.0,964.0,
12.0,28.0,71.0,86.0,105.0,120.0,144.0,146.0,158.0,169.0,187.0,189.0,240.0,261.0,361.0,407.0,450.0,482.0,483.0,483.0,489.0,496.0,501.0,
8.0,22.0,55.0,101.0,104.0,129.0,150.0,151.0,161.0,169.0,200.0,209.0,315.0,334.0,369.0,412.0,495.0,931.0,939.0,
37.0,53.0,66.0,94.0,108.0,131.0,217.0,221.0,251.0,260.0,261.0,285.0,292.0,312.0,322.0,347.0,386.0,397.0,399.0,404.0,417.0,468.0,469.0,481.0,605.0,647.0,667.0,700.0,704.0,743.0,753.0,756.0,764.0,867.0,872.0,902.0,924.0,951.0,991.0,
21.0,104.0,113.0,139.0,157.0,157.0,161.0,206.0,215.0,228.0,231.0,245.0,272.0,276.0,288.0,390.0,392.0,398.0,511.0,542.0,560.0,573.0,578.0,620.0,639.0,643.0,661.0,704.0,759.0,775.0,800.0,832.0,843.0,847.0,931.0,932.0,965.0,982.0,991.0,
67.0,74.0,78.0,96.0,118.0,133.0,135.0,195.0,216.0,313.0,337.0,399.0,427.0,513.0,518.0,526.0,556.0,594.0,612.0,633.0,709.0,713.0,721.0,730.0,771.0,773.0,828.0,896.0,920.0,921.0,935.0,951.0,974.0,992.0,994.0,
45.0,67.0,132.0,209.0,235.0,253.0,272.0,285.0,308.0,321.0,323.0,325.0,332.0,343.0,352.0,427.0,428.0,532.0,561.0,573.0,605.0,628.0,646.0,724.0,738.0,771.0,790.0,839.0,852.0,859.0,868.0,894.0,933.0,935.0,962.0,972.0,
16.0,23.0,24.0,44.0,71.0,89.0,110.0,173.0,210.0,235.0,236.0,252.0,259.0,287.0,299.0,344.0,346.0,396.0,417.0,434.0,436.0,460.0,477.0,504.0,523.0,528.0,545.0,553.0,560.0,589.0,595.0,609.0,622.0,630.0,652.0,652.0,658.0,677.0,678.0,684.0,691.0,691.0,728.0,728.0,742.0,763.0,766.0,823.0,829.0,849.0,869.0,913.0,965.0,994.0,
33.0,37.0,50.0,65.0,70.0,78.0,84.0,90.0,100.0,118.0,170.0,172.0,173.0,228.0,266.0,287.0,298.0,344.0,433.0,442.0,806.0,881.0,926.0,937.0,943.0,
26.0,70.0,96.0,102.0,163.0,178.0,190.0,258.0,277.0,282.0,289.0,297.0,372.0,377.0,427.0,476.0,
4.0,21.0,40.0,47.0,56.0,57.0,88.0,99.0,102.0,147.0,182.0,185.0,203.0,217.0,222.0,246.0,255.0,272.0,284.0,333.0,344.0,351.0,357.0,362.0,400.0,415.0,427.0,498.0,500.0,956.0,
18.0,75.0,130.0,137.0,172.0,173.0,173.0,185.0,212.0,217.0,236.0,253.0,255.0,282.0,314.0,367.0,375.0,381.0,400.0,494.0,818.0,896.0,
90.0,138.0,143.0,144.0,207.0,209.0,217.0,248.0,274.0,368.0,496.0,
18.0,27.0,48.0,87.0,105.0,118.0,134.0,223.0,239.0,239.0,269.0,277.0,308.0,340.0,363.0,377.0,386.0,386.0,422.0,449.0,477.0,
182.0,216.0,218.0,258.0,274.0,285.0,286.0,312.0,345.0,478.0,485.0,487.0,492.0,682.0,694.0,765.0,773.0,936.0,944.0,996.0,
21.0,23.0,31.0,103.0,128.0,132.0,142.0,167.0,168.0,191.0,192.0,214.0,220.0,288.0,296.0,312.0,350.0,387.0,437.0,510.0,510.0,550.0,605.0,610.0,638.0,658.0,677.0,746.0,802.0,875.0,876.0,889.0,890.0,996.0,
58.0,185.0,193.0,223.0,237.0,264.0,304.0,353.0,402.0,431.0,461.0,474.0,474.0,493.0,500.0,556.0,598.0,609.0,620.0,639.0,642.0,652.0,673.0,673.0,708.0,773.0,776.0,798.0,801.0,843.0,880.0,894.0,902.0,
53.0,54.0,65.0,115.0,301.0,402.0,434.0,469.0,590.0,645.0,745.0,754.0,760.0,872.0,974.0,978.0,993.0,
14.0,18.0,34.0,44.0,71.0,75.0,92.0,93.0,100.0,123.0,134.0,150.0,151.0,217.0,290.0,421.0,437.0,443.0,455.0,
12.0,34.0,51.0,57.0,68.0,80.0,92.0,105.0,113.0,114.0,185.0,190.0,269.0,278.0,278.0,304.0,327.0,327.0,357.0,407.0,451.0,843.0,929.0,939.0,
44.0,77.0,161.0,186.0,203.0,258.0,295.0,317.0,341.0,764.0,772.0,836.0,904.0,907.0,
52.0,82.0,96.0,105.0,157.0,158.0,191.0,208.0,223.0,238.0,261.0,382.0,385.0,740.0,904.0,
39.0,47.0,55.0,58.0,62.0,80.0,89.0,94.0,135.0,151.0,179.0,205.0,263.0,332.0,344.0,349.0,374.0,418.0,419.0,421.0,
24.0,30.0,64.0,126.0,149.0,196.0,299.0,300.0,300.0,371.0,372.0,390.0,392.0,438.0,485.0,485.0,828.0,935.0,
17.0,23.0,62.0,69.0,72.0,75.0,105.0,122.0,130.0,135.0,181.0,187.0,198.0,201.0,255.0,270.0,293.0,337.0,372.0,373.0,384.0,448.0,462.0,485.0,
92.0,121.0,179.0,220.0,283.0,314.0,335.0,412.0,424.0,438.0,443.0,455.0,480.0,618.0,654.0,718.0,816.0,829.0,855.0,858.0,863.0,879.0,914.0,914.0,929.0,943.0,999.0,
17.0,18.0,27.0,63.0,70.0,93.0,95.0,123.0,135.0,158.0,208.0,210.0,210.0,274.0,286.0,300.0,302.0,329.0,362.0,377.0,427.0,441.0,467.0,468.0,470.0,477.0,587.0,625.0,656.0,674.0,702.0,709.0,711.0,784.0,804.0,805.0,838.0,852.0,870.0,876.0,891.0,917.0,944.0,974.0,
37.0,124.0,187.0,208.0,238.0,264.0,276.0,312.0,325.0,330.0,351.0,352.0,362.0,369.0,387.0,394.0,397.0,456.0,460.0,727.0,935.0,
22.0,41.0,54.0,64.0,69.0,103.0,135.0,159.0,166.0,170.0,214.0,219.0,230.0,235.0,247.0,284.0,288.0,354.0,396.0,397.0,461.0,
12.0,36.0,70.0,73.0,78.0,111.0,115.0,126.0,140.0,195.0,206.0,207.0,264.0,275.0,276.0,320.0,325.0,350.0,378.0,404.0,407.0,409.0,433.0,444.0,453.0,464.0,472.0,491.0,930.0,952.0,978.0,
17.0,29.0,106.0,190.0,201.0,205.0,217.0,223.0,267.0,312.0,321.0,365.0,368.0,390.0,393.0,415.0,424.0,437.0,445.0,463.0,469.0,476.0,843.0,923.0,952.0,980.0,
62.0,67.0,94.0,120.0,120.0,159.0,163.0,178.0,181.0,199.0,281.0,335.0,347.0,358.0,392.0,411.0,419.0,438.0,450.0,459.0,463.0,468.0,777.0,825.0,865.0,943.0,
81.0,117.0,120.0,176.0,200.0,230.0,304.0,321.0,326.0,356.0,472.0,492.0,712.0,799.0,897.0,981.0,
17.0,37.0,52.0,66.0,69.0,84.0,90.0,120.0,148.0,158.0,171.0,190.0,211.0,221.0,322.0,377.0,382.0,406.0,416.0,466.0,810.0,813.0,840.0,865.0,
21.0,35.0,79.0,119.0,154.0,166.0,255.0,339.0,365.0,484.0,496.0,821.0,
88.0,147.0,149.0,183.0,233.0,259.0,267.0,346.0,411.0,426.0,484.0,497.0,499.0,784.0,872.0,937.0,
44.0,78.0,85.0,89.0,155.0,195.0,196.0,233.0,248.0,268.0,309.0,310.0,369.0,396.0,426.0,463.0,494.0,518.0,522.0,560.0,561.0,568.0,578.0,580.0,586.0,600.0,611.0,620.0,632.0,638.0,643.0,695.0,714.0,718.0,743.0,748.0,754.0,763.0,771.0,775.0,788.0,816.0,859.0,898.0,943.0,956.0,990.0,994.0,997.0,
48.0,68.0,69.0,89.0,152.0,173.0,191.0,213.0,245.0,252.0,255.0,295.0,308.0,369.0,378.0,390.0,410.0,453.0,462.0,465.0,473.0,960.0,
29.0,78.0,88.0,89.0,95.0,96.0,98.0,99.0,101.0,158.0,158.0,169.0,262.0,267.0,322.0,328.0,374.0,378.0,398.0,442.0,481.0,485.0,497.0,796.0,919.0,931.0,932.0,
5.0,28.0,37.0,58.0,67.0,78.0,94.0,114.0,128.0,215.0,232.0,262.0,276.0,334.0,344.0,367.0,410.0,446.0,456.0,479.0,491.0,831.0,847.0,856.0,922.0,
39.0,68.0,84.0,99.0,120.0,144.0,164.0,167.0,194.0,199.0,225.0,269.0,452.0,474.0,475.0,497.0,768.0,786.0,828.0,883.0,884.0,954.0,
13.0,64.0,139.0,215.0,301.0,303.0,332.0,337.0,349.0,377.0,429.0,706.0,720.0,892.0,910.0,
54.0,58.0,91.0,108.0,118.0,148.0,178.0,238.0,240.0,244.0,261.0,288.0,376.0,408.0,486.0,871.0,918.0,994.0,
14.0,66.0,83.0,99.0,131.0,160.0,183.0,216.0,219.0,226.0,238.0,247.0,258.0,269.0,289.0,291.0,318.0,321.0,328.0,342.0,351.0,358.0,364.0,368.0,386.0,408.0,437.0,836.0,848.0,861.0,888.0,940.0,966.0,976.0,
23.0,35.0,48.0,62.0,66.0,81.0,151.0,151.0,195.0,204.0,213.0,241.0,257.0,267.0,301.0,339.0,405.0,505.0,781.0,808.0,893.0,897.0,932.0,
53.0,71.0,81.0,101.0,110.0,113.0,156.0,211.0,277.0,289.0,292.0,304.0,308.0,313.0,317.0,343.0,466.0,487.0,
14.0,20.0,33.0,37.0,61.0,63.0,122.0,199.0,219.0,258.0,261.0,265.0,272.0,360.0,410.0,421.0,471.0,471.0,472.0,484.0,521.0,530.0,544.0,555.0,577.0,593.0,597.0,598.0,599.0,600.0,684.0,685.0,705.0,766.0,795.0,805.0,808.0,857.0,881.0,931.0,938.0,964.0,983.0,
76.0,110.0,143.0,195.0,216.0,217.0,235.0,295.0,307.0,415.0,491.0,751.0,888.0,899.0,990.0,
75.0,82.0,100.0,202.0,207.0,219.0,253.0,299.0,304.0,308.0,344.0,361.0,427.0,439.0,492.0,852.0,944.0,
6.0,45.0,108.0,150.0,169.0,177.0,205.0,216.0,224.0,225.0,248.0,249.0,262.0,270.0,273.0,285.0,333.0,382.0,393.0,402.0,438.0,464.0,483.0,907.0,925.0,971.0,
5.0,31.0,39.0,109.0,166.0,248.0,249.0,302.0,348.0,366.0,380.0,454.0,457.0,732.0,888.0,993.0,
33.0,43.0,68.0,83.0,140.0,148.0,173.0,194.0,219.0,223.0,249.0,296.0,300.0,309.0,317.0,333.0,374.0,390.0,401.0,411.0,417.0,444.0,482.0,499.0,919.0,945.0,
49.0,71.0,119.0,141.0,158.0,180.0,190.0,212.0,238.0,275.0,322.0,352.0,354.0,414.0,472.0,476.0,497.0,502.0,759.0,852.0,876.0,
17.0,83.0,193.0,207.0,273.0,317.0,379.0,382.0,406.0,451.0,498.0,877.0,938.0,960.0,
12.0,45.0,58.0,153.0,200.0,231.0,242.0,256.0,262.0,267.0,294.0,311.0,333.0,355.0,401.0,415.0,421.0,451.0,454.0,509.0,
15.0,33.0,49.0,132.0,147.0,149.0,152.0,164.0,192.0,305.0,414.0,440.0,460.0,486.0,486.0,798.0,878.0,904.0,954.0,972.0,
52.0,76.0,104.0,120.0,171.0,175.0,187.0,227.0,232.0,277.0,298.0,314.0,335.0,335.0,350.0,373.0,391.0,417.0,453.0,468.0,476.0,552.0,565.0,570.0,612.0,625.0,633.0,669.0,680.0,691.0,713.0,717.0,718.0,729.0,730.0,751.0,836.0,873.0,923.0,929.0,933.0,974.0,
13.0,53.0,85.0,96.0,136.0,138.0,144.0,164.0,184.0,188.0,202.0,246.0,267.0,306.0,311.0,329.0,350.0,422.0,477.0,595.0,758.0,765.0,838.0,884.0,889.0,907.0,922.0,925.0,928.0,983.0,
14.0,33.0,73.0,93.0,97.0,123.0,135.0,181.0,195.0,213.0,216.0,345.0,361.0,365.0,367.0,390.0,419.0,460.0,489.0,507.0,
14.0,50.0,94.0,98.0,101.0,145.0,174.0,199.0,234.0,278.0,343.0,367.0,386.0,439.0,442.0,478.0,493.0,904.0,
4.0,50.0,60.0,86.0,110.0,110.0,135.0,143.0,161.0,169.0,184.0,191.0,246.0,249.0,256.0,263.0,389.0,412.0,433.0,484.0,894.0,895.0,906.0,966.0,970.0,
6.0,8.0,36.0,183.0,211.0,224.0,227.0,248.0,252.0,257.0,260.0,275.0,357.0,400.0,895.0,947.0,
55.0,72.0,82.0,192.0,199.0,208.0,217.0,220.0,302.0,341.0,390.0,403.0,432.0,433.0,433.0,451.0,458.0,483.0,999.0,
7.0,9.0,26.0,53.0,85.0,119.0,141.0,164.0,170.0,219.0,252.0,271.0,291.0,310.0,359.0,369.0,396.0,403.0,404.0,428.0,433.0,447.0,471.0,508.0,885.0,932.0,939.0,
8.0,19.0,33.0,51.0,75.0,87.0,91.0,114.0,120.0,131.0,151.0,205.0,219.0,284.0,342.0,357.0,412.0,415.0,431.0,457.0,458.0,469.0,490.0,
51.0,93.0,191.0,203.0,206.0,230.0,231.0,233.0,256.0,338.0,397.0,440.0,454.0,491.0,671.0,704.0,725.0,791.0,834.0,844.0,846.0,901.0,903.0,906.0,907.0,927.0,946.0,949.0,
50.0,72.0,136.0,173.0,196.0,202.0,224.0,237.0,251.0,266.0,311.0,337.0,358.0,379.0,383.0,430.0,434.0,453.0,456.0,462.0,476.0,518.0,524.0,552.0,563.0,628.0,656.0,666.0,731.0,734.0,737.0,783.0,806.0,813.0,820.0,842.0,856.0,865.0,886.0,901.0,915.0,950.0,956.0,958.0,969.0,
3.0,44.0,103.0,103.0,126.0,131.0,159.0,164.0,172.0,221.0,298.0,328.0,369.0,371.0,406.0,428.0,431.0,457.0,489.0,503.0,513.0,535.0,544.0,558.0,559.0,574.0,577.0,598.0,633.0,657.0,676.0,678.0,701.0,719.0,722.0,741.0,754.0,809.0,827.0,833.0,839.0,853.0,862.0,887.0,899.0,928.0,940.0,967.0,971.0,973.0,979.0,
47.0,53.0,82.0,90.0,131.0,140.0,141.0,145.0,177.0,199.0,214.0,232.0,244.0,260.0,282.0,321.0,323.0,328.0,344.0,348.0,358.0,407.0,425.0,426.0,498.0,749.0,811.0,858.0,924.0,
3.0,51.0,54.0,119.0,123.0,168.0,170.0,207.0,277.0,303.0,325.0,334.0,342.0,351.0,358.0,369.0,370.0,373.0,382.0,416.0,425.0,463.0,476.0,507.0,
15.0,22.0,44.0,48.0,78.0,100.0,102.0,172.0,246.0,255.0,256.0,330.0,343.0,373.0,
46.0,51.0,76.0,84.0,111.0,119.0,126.0,191.0,238.0,248.0,254.0,261.0,288.0,305.0,327.0,331.0,343.0,359.0,403.0,416.0,419.0,455.0,457.0,483.0,813.0,843.0,864.0,950.0,
55.0,81.0,147.0,204.0,258.0,345.0,357.0,395.0,420.0,426.0,442.0,453.0,458.0,487.0,510.0,908.0,
30.0,106.0,110.0,149.0,224.0,281.0,321.0,324.0,417.0,425.0,434.0,436.0,457.0,498.0,504.0,
20.0,20.0,31.0,33.0,64.0,81.0,82.0,122.0,128.0,144.0,146.0,219.0,245.0,348.0,391.0,404.0,448.0,453.0,455.0,456.0,471.0,845.0,865.0,937.0,962.0,
49.0,78.0,110.0,117.0,127.0,160.0,160.0,223.0,252.0,264.0,387.0,396.0,463.0,465.0,469.0,477.0,496.0,600.0,620.0,621.0,626.0,628.0,646.0,692.0,749.0,765.0,778.0,904.0,977.0,986.0,
23.0,53.0,77.0,85.0,104.0,121.0,132.0,144.0,164.0,180.0,188.0,354.0,384.0,386.0,397.0,414.0,470.0,538.0,550.0,551.0,632.0,690.0,735.0,756.0,781.0,815.0,838.0,841.0,873.0,882.0,883.0,958.0,996.0,
19.0,63.0,135.0,161.0,219.0,238.0,276.0,282.0,296.0,315.0,346.0,367.0,371.0,415.0,422.0,431.0,435.0,456.0,490.0,506.0,511.0,594.0,599.0,617.0,653.0,656.0,674.0,711.0,721.0,764.0,809.0,814.0,817.0,886.0,942.0,953.0,956.0,
37.0,60.0,74.0,107.0,118.0,198.0,238.0,244.0,249.0,264.0,291.0,306.0,309.0,315.0,334.0,384.0,404.0,419.0,431.0,441.0,463.0,555.0,588.0,593.0,629.0,668.0,709.0,737.0,750.0,785.0,790.0,801.0,801.0,836.0,841.0,854.0,871.0,915.0,926.0,950.0,974.0,983.0,988.0,989.0,
15.0,21.0,28.0,59.0,70.0,128.0,145.0,158.0,169.0,277.0,308.0,309.0,325.0,326.0,331.0,355.0,442.0,445.0,468.0,473.0,486.0,606.0,681.0,837.0,843.0,865.0,871.0,883.0,885.0,892.0,893.0,902.0,953.0,992.0,
4.0,15.0,36.0,47.0,71.0,179.0,181.0,198.0,243.0,270.0,286.0,318.0,337.0,340.0,362.0,395.0,479.0,488.0,497.0,
78.0,101.0,106.0,162.0,162.0,174.0,193.0,290.0,310.0,354.0,355.0,374.0,419.0,432.0,461.0,498.0,507.0,
2.0,63.0,80.0,95.0,213.0,233.0,237.0,262.0,280.0,312.0,331.0,335.0,399.0,421.0,451.0,482.0,483.0,484.0,488.0,501.0,729.0,850.0,
50.0,54.0,73.0,86.0,110.0,118.0,146.0,176.0,289.0,319.0,331.0,338.0,389.0,396.0,401.0,402.0,411.0,442.0,494.0,508.0,597.0,602.0,658.0,687.0,696.0,704.0,754.0,764.0,856.0,919.0,923.0,940.0,946.0,978.0,
13.0,37.0,115.0,155.0,200.0,211.0,266.0,295.0,328.0,334.0,338.0,352.0,368.0,430.0,439.0,442.0,469.0,542.0,571.0,573.0,578.0,601.0,622.0,697.0,723.0,724.0,729.0,790.0,791.0,797.0,812.0,816.0,858.0,915.0,935.0,957.0,964.0,981.0,987.0,992.0,995.0,
2.0,29.0,80.0,82.0,86.0,86.0,197.0,235.0,282.0,306.0,314.0,339.0,341.0,366.0,457.0,522.0,531.0,577.0,616.0,625.0,626.0,637.0,702.0,719.0,730.0,741.0,750.0,761.0,786.0,840.0,862.0,912.0,921.0,921.0,927.0,941.0,952.0,985.0,995.0,
