3.0,7.0,51.0,76.0,103.0,126.0,139.0,144.0,175.0,391.0,411.0,416.0,447.0,492.0,501.0,542.0,578.0,636.0,637.0,668.0,680.0,683.0,706.0,707.0,749.0,783.0,784.0,788.0,
3.0,19.0,19.0,28.0,67.0,74.0,83.0,125.0,134.0,221.0,228.0,234.0,237.0,269.0,295.0,344.0,360.0,386.0,393.0,400.0,400.0,403.0,403.0,476.0,484.0,517.0,531.0,534.0,544.0,618.0,676.0,695.0,721.0,724.0,761.0,768.0,805.0,820.0,847.0,867.0,881.0,883.0,890.0,898.0,900.0,916.0,951.0,968.0,
18.0,31.0,58.0,75.0,85.0,159.0,164.0,227.0,268.0,288.0,315.0,326.0,327.0,352.0,383.0,390.0,476.0,481.0,492.0,526.0,532.0,539.0,546.0,548.0,617.0,649.0,677.0,689.0,689.0,727.0,734.0,768.0,804.0,815.0,872.0,884.0,894.0,899.0,918.0,960.0,969.0,974.0,
5.0,17.0,30.0,37.0,42.0,54.0,68.0,95.0,96.0,271.0,277.0,322.0,344.0,382.0,393.0,404.0,434.0,452.0,475.0,478.0,499.0,524.0,554.0,574.0,598.0,612.0,633.0,664.0,668.0,690.0,690.0,696.0,708.0,738.0,768.0,805.0,820.0,854.0,875.0,921.0,931.0,939.0,943.0,960.0,962.0,
38.0,58.0,125.0,137.0,177.0,231.0,237.0,269.0,341.0,387.0,389.0,414.0,473.0,502.0,506.0,523.0,566.0,628.0,644.0,644.0,707.0,715.0,748.0,816.0,930.0,936.0,962.0,997.0,
21.0,31.0,54.0,59.0,76.0,87.0,109.0,118.0,134.0,174.0,220.0,234.0,235.0,237.0,301.0,309.0,330.0,353.0,369.0,374.0,374.0,381.0,425.0,426.0,452.0,482.0,494.0,514.0,515.0,523.0,553.0,556.0,562.0,602.0,607.0,609.0,627.0,646.0,662.0,682.0,691.0,743.0,771.0,777.0,784.0,808.0,828.0,877.0,887.0,962.0,
58.0,109.0,114.0,129.0,136.0,143.0,150.0,240.0,249.0,262.0,289.0,302.0,326.0,375.0,429.0,429.0,439.0,490.0,520.0,530.0,531.0,601.0,612.0,621.0,655.0,661.0,685.0,694.0,719.0,724.0,727.0,737.0,750.0,758.0,763.0,792.0,837.0,838.0,878.0,889.0,893.0,896.0,899.0,914.0,923.0,963.0,
184.0,185.0,192.0,200.0,212.0,215.0,277.0,279.0,330.0,347.0,353.0,356.0,389.0,396.0,464.0,493.0,514.0,576.0,621.0,631.0,649.0,752.0,803.0,829.0,847.0,899.0,976.0,
54.0,70.0,111.0,155.0,171.0,175.0,186.0,191.0,208.0,249.0,306.0,336.0,445.0,446.0,446.0,455.0,458.0,486.0,499.0,538.0,551.0,562.0,653.0,656.0,667.0,678.0,679.0,710.0,713.0,716.0,720.0,754.0,762.0,788.0,790.0,793.0,797.0,825.0,833.0,834.0,851.0,865.0,873.0,882.0,906.0,912.0,935.0,945.0,964.0,993.0,1000.0,
15.0,39.0,49.0,89.0,111.0,165.0,230.0,255.0,271.0,296.0,313.0,339.0,347.0,401.0,424.0,428.0,453.0,463.0,482.0,491.0,572.0,591.0,627.0,667.0,682.0,687.0,692.0,697.0,718.0,743.0,778.0,823.0,831.0,849.0,894.0,901.0,911.0,927.0,940.0,961.0,
45.0,83.0,114.0,198.0,208.0,238.0,247.0,250.0,256.0,291.0,317.0,326.0,334.0,344.0,357.0,390.0,458.0,492.0,526.0,581.0,626.0,639.0,642.0,660.0,662.0,667.0,678.0,722.0,732.0,820.0,873.0,876.0,882.0,886.0,894.0,910.0,942.0,957.0,958.0,972.0,
6.0,11.0,16.0,18.0,19.0,103.0,111.0,112.0,117.0,130.0,143.0,180.0,188.0,224.0,247.0,267.0,272.0,291.0,334.0,350.0,420.0,433.0,471.0,483.0,483.0,527.0,532.0,566.0,587.0,590.0,609.0,657.0,672.0,721.0,723.0,728.0,792.0,827.0,829.0,846.0,859.0,877.0,889.0,891.0,954.0,955.0,991.0,992.0,997.0,
12.0,43.0,64.0,83.0,101.0,126.0,129.0,141.0,157.0,199.0,207.0,272.0,361.0,362.0,365.0,380.0,388.0,446.0,451.0,467.0,491.0,494.0,534.0,561.0,567.0,572.0,612.0,613.0,678.0,704.0,772.0,782.0,791.0,800.0,803.0,812.0,837.0,892.0,895.0,931.0,934.0,946.0,
6.0,7.0,12.0,20.0,73.0,90.0,154.0,212.0,213.0,327.0,336.0,374.0,389.0,395.0,421.0,484.0,506.0,651.0,691.0,742.0,774.0,786.0,811.0,887.0,939.0,958.0,
21.0,37.0,70.0,148.0,171.0,262.0,280.0,284.0,296.0,343.0,363.0,459.0,470.0,495.0,503.0,974.0,
26.0,68.0,91.0,98.0,116.0,120.0,178.0,211.0,287.0,305.0,351.0,425.0,471.0,883.0,
2.0,9.0,13.0,32.0,50.0,60.0,83.0,140.0,143.0,154.0,156.0,157.0,260.0,266.0,291.0,305.0,308.0,312.0,317.0,328.0,372.0,464.0,497.0,498.0,499.0,762.0,970.0,986.0,
12.0,73.0,77.0,94.0,134.0,202.0,208.0,321.0,381.0,386.0,395.0,406.0,482.0,599.0,618.0,664.0,691.0,749.0,760.0,763.0,784.0,835.0,861.0,870.0,871.0,941.0,
59.0,144.0,169.0,183.0,208.0,215.0,223.0,243.0,245.0,332.0,348.0,365.0,380.0,419.0,432.0,451.0,503.0,505.0,549.0,595.0,640.0,654.0,731.0,746.0,764.0,779.0,780.0,791.0,803.0,818.0,854.0,862.0,872.0,882.0,890.0,929.0,929.0,942.0,953.0,972.0,981.0,989.0,
25.0,44.0,100.0,119.0,200.0,215.0,259.0,293.0,302.0,312.0,320.0,323.0,347.0,347.0,372.0,382.0,383.0,410.0,544.0,556.0,614.0,624.0,625.0,650.0,656.0,703.0,746.0,752.0,796.0,881.0,894.0,895.0,923.0,950.0,966.0,973.0,979.0,
58.0,74.0,148.0,154.0,166.0,185.0,246.0,263.0,311.0,312.0,351.0,366.0,396.0,407.0,419.0,497.0,504.0,546.0,595.0,600.0,605.0,616.0,628.0,692.0,695.0,708.0,739.0,777.0,787.0,795.0,801.0,834.0,845.0,883.0,932.0,937.0,960.0,977.0,985.0,
12.0,51.0,78.0,141.0,181.0,203.0,250.0,251.0,302.0,407.0,430.0,433.0,465.0,465.0,492.0,578.0,590.0,646.0,650.0,667.0,668.0,681.0,704.0,711.0,717.0,722.0,739.0,749.0,779.0,823.0,824.0,827.0,833.0,849.0,861.0,884.0,895.0,898.0,904.0,
71.0,129.0,145.0,146.0,150.0,161.0,163.0,164.0,194.0,242.0,255.0,290.0,308.0,332.0,341.0,347.0,349.0,376.0,377.0,400.0,410.0,450.0,455.0,475.0,746.0,750.0,920.0,952.0,
2.0,18.0,30.0,79.0,84.0,92.0,113.0,127.0,145.0,150.0,182.0,183.0,185.0,195.0,201.0,221.0,239.0,255.0,313.0,349.0,356.0,370.0,374.0,409.0,484.0,487.0,489.0,
4.0,14.0,55.0,63.0,93.0,96.0,107.0,110.0,130.0,132.0,190.0,194.0,231.0,254.0,260.0,350.0,435.0,436.0,444.0,455.0,946.0,
16.0,34.0,52.0,84.0,88.0,150.0,161.0,175.0,182.0,183.0,197.0,220.0,236.0,242.0,267.0,268.0,272.0,297.0,332.0,360.0,382.0,390.0,428.0,475.0,489.0,865.0,909.0,
77.0,140.0,147.0,204.0,238.0,286.0,369.0,418.0,425.0,467.0,479.0,865.0,
86.0,137.0,189.0,191.0,193.0,202.0,211.0,214.0,236.0,377.0,405.0,409.0,441.0,442.0,507.0,
25.0,55.0,138.0,138.0,158.0,158.0,164.0,173.0,220.0,220.0,222.0,247.0,263.0,267.0,274.0,351.0,446.0,478.0,762.0,777.0,868.0,899.0,902.0,975.0,983.0,
45.0,71.0,150.0,175.0,189.0,206.0,260.0,287.0,345.0,397.0,416.0,449.0,466.0,467.0,477.0,514.0,560.0,603.0,612.0,623.0,641.0,644.0,663.0,699.0,700.0,736.0,742.0,767.0,796.0,826.0,849.0,852.0,862.0,869.0,875.0,914.0,992.0,
37.0,53.0,64.0,90.0,115.0,124.0,174.0,179.0,179.0,237.0,263.0,284.0,303.0,311.0,346.0,383.0,395.0,447.0,484.0,550.0,581.0,602.0,603.0,670.0,678.0,705.0,713.0,757.0,801.0,808.0,820.0,826.0,882.0,904.0,912.0,912.0,947.0,961.0,966.0,
21.0,30.0,49.0,53.0,98.0,126.0,136.0,144.0,152.0,161.0,179.0,183.0,232.0,244.0,253.0,327.0,638.0,674.0,685.0,702.0,720.0,752.0,770.0,802.0,802.0,804.0,885.0,910.0,926.0,990.0,
15.0,70.0,142.0,161.0,191.0,198.0,254.0,292.0,322.0,341.0,355.0,394.0,407.0,481.0,
25.0,31.0,57.0,68.0,178.0,188.0,193.0,229.0,236.0,244.0,267.0,319.0,370.0,381.0,468.0,822.0,891.0,902.0,
17.0,25.0,26.0,122.0,149.0,175.0,202.0,225.0,292.0,316.0,325.0,326.0,408.0,454.0,839.0,856.0,
2.0,2.0,5.0,65.0,71.0,106.0,150.0,174.0,200.0,275.0,385.0,428.0,431.0,440.0,463.0,481.0,718.0,739.0,782.0,856.0,871.0,912.0,937.0,
64.0,71.0,110.0,132.0,147.0,217.0,217.0,221.0,280.0,351.0,389.0,409.0,412.0,491.0,501.0,832.0,863.0,895.0,
33.0,42.0,54.0,98.0,130.0,131.0,200.0,235.0,242.0,276.0,277.0,327.0,332.0,334.0,369.0,419.0,445.0,469.0,483.0,490.0,888.0,948.0,984.0,
62.0,70.0,102.0,126.0,143.0,172.0,183.0,191.0,255.0,301.0,304.0,306.0,315.0,361.0,404.0,449.0,477.0,505.0,
24.0,44.0,48.0,74.0,140.0,142.0,155.0,177.0,234.0,245.0,295.0,315.0,318.0,323.0,323.0,345.0,405.0,419.0,445.0,488.0,506.0,675.0,681.0,682.0,711.0,753.0,761.0,764.0,774.0,808.0,836.0,845.0,861.0,910.0,986.0,
4.0,85.0,158.0,167.0,222.0,253.0,260.0,294.0,320.0,341.0,352.0,398.0,410.0,457.0,462.0,535.0,535.0,628.0,633.0,638.0,643.0,671.0,691.0,703.0,714.0,720.0,808.0,831.0,834.0,898.0,907.0,916.0,916.0,957.0,966.0,970.0,
126.0,129.0,136.0,158.0,179.0,265.0,300.0,349.0,384.0,402.0,409.0,418.0,448.0,487.0,500.0,952.0,
15.0,19.0,24.0,34.0,39.0,43.0,49.0,60.0,110.0,155.0,180.0,185.0,197.0,198.0,232.0,251.0,287.0,292.0,347.0,358.0,442.0,445.0,454.0,480.0,501.0,
13.0,44.0,70.0,110.0,146.0,177.0,203.0,215.0,221.0,273.0,309.0,351.0,476.0,794.0,815.0,996.0,999.0,
91.0,128.0,129.0,129.0,130.0,156.0,168.0,233.0,337.0,393.0,401.0,417.0,428.0,457.0,462.0,821.0,837.0,840.0,878.0,902.0,
22.0,107.0,148.0,159.0,163.0,181.0,182.0,190.0,191.0,197.0,299.0,302.0,331.0,336.0,348.0,352.0,460.0,486.0,770.0,824.0,846.0,885.0,886.0,950.0,
83.0,91.0,111.0,217.0,295.0,361.0,380.0,388.0,395.0,399.0,420.0,440.0,458.0,484.0,486.0,491.0,501.0,834.0,844.0,884.0,926.0,968.0,
26.0,50.0,63.0,69.0,78.0,78.0,79.0,114.0,115.0,130.0,156.0,158.0,159.0,193.0,202.0,227.0,228.0,230.0,250.0,273.0,320.0,320.0,321.0,337.0,353.0,373.0,392.0,484.0,492.0,497.0,875.0,894.0,948.0,
4.0,57.0,59.0,63.0,84.0,87.0,88.0,98.0,109.0,113.0,129.0,133.0,186.0,298.0,302.0,322.0,394.0,410.0,411.0,423.0,473.0,488.0,490.0,
17.0,61.0,84.0,88.0,90.0,101.0,194.0,208.0,257.0,291.0,317.0,322.0,333.0,334.0,347.0,385.0,476.0,725.0,779.0,801.0,929.0,958.0,
41.0,44.0,104.0,106.0,154.0,159.0,201.0,247.0,272.0,316.0,363.0,449.0,462.0,498.0,526.0,537.0,553.0,563.0,568.0,617.0,640.0,682.0,697.0,710.0,771.0,789.0,797.0,840.0,884.0,926.0,949.0,950.0,
47.0,82.0,185.0,185.0,196.0,234.0,253.0,276.0,301.0,320.0,332.0,334.0,357.0,376.0,378.0,384.0,412.0,422.0,447.0,499.0,891.0,938.0,952.0,983.0,
127.0,157.0,182.0,218.0,228.0,256.0,273.0,287.0,324.0,339.0,351.0,355.0,367.0,377.0,393.0,394.0,442.0,485.0,
3.0,31.0,51.0,60.0,69.0,78.0,91.0,114.0,117.0,157.0,160.0,161.0,164.0,175.0,186.0,219.0,240.0,240.0,243.0,255.0,257.0,311.0,315.0,326.0,328.0,348.0,349.0,356.0,448.0,452.0,485.0,488.0,498.0,746.0,799.0,918.0,950.0,
33.0,34.0,79.0,86.0,116.0,126.0,148.0,153.0,179.0,194.0,240.0,253.0,258.0,261.0,284.0,296.0,305.0,314.0,322.0,331.0,342.0,348.0,354.0,363.0,410.0,454.0,869.0,916.0,980.0,
10.0,93.0,113.0,118.0,126.0,167.0,183.0,225.0,239.0,246.0,263.0,281.0,301.0,352.0,362.0,381.0,442.0,444.0,453.0,484.0,717.0,739.0,759.0,806.0,845.0,872.0,928.0,965.0,
10.0,25.0,36.0,44.0,89.0,125.0,151.0,265.0,268.0,285.0,300.0,320.0,365.0,372.0,406.0,443.0,472.0,846.0,893.0,905.0,964.0,969.0,
62.0,91.0,108.0,114.0,169.0,185.0,263.0,371.0,381.0,457.0,458.0,882.0,917.0,921.0,935.0,947.0,966.0,
19.0,43.0,47.0,66.0,93.0,167.0,227.0,230.0,307.0,345.0,349.0,371.0,374.0,380.0,388.0,422.0,465.0,491.0,498.0,
5.0,18.0,21.0,173.0,187.0,193.0,241.0,301.0,321.0,351.0,377.0,444.0,847.0,944.0,977.0,
16.0,61.0,66.0,66.0,67.0,90.0,117.0,126.0,127.0,160.0,200.0,219.0,251.0,332.0,353.0,431.0,457.0,473.0,497.0,518.0,547.0,558.0,585.0,595.0,605.0,608.0,617.0,630.0,634.0,663.0,686.0,702.0,734.0,796.0,834.0,835.0,844.0,876.0,917.0,920.0,924.0,927.0,954.0,957.0,968.0,
101.0,174.0,228.0,295.0,330.0,339.0,409.0,458.0,497.0,502.0,507.0,833.0,849.0,855.0,856.0,
47.0,115.0,117.0,131.0,146.0,155.0,176.0,189.0,199.0,205.0,276.0,295.0,365.0,377.0,384.0,384.0,413.0,450.0,471.0,976.0,
88.0,92.0,127.0,131.0,143.0,233.0,237.0,262.0,287.0,296.0,305.0,341.0,397.0,425.0,436.0,450.0,937.0,961.0,987.0,
39.0,88.0,90.0,123.0,143.0,161.0,166.0,224.0,296.0,317.0,333.0,445.0,479.0,482.0,499.0,503.0,506.0,841.0,899.0,928.0,
5.0,24.0,45.0,118.0,156.0,170.0,172.0,189.0,199.0,206.0,294.0,303.0,324.0,332.0,345.0,376.0,447.0,464.0,473.0,479.0,480.0,727.0,814.0,836.0,914.0,949.0,
4.0,48.0,62.0,78.0,110.0,121.0,152.0,188.0,188.0,242.0,250.0,332.0,358.0,380.0,418.0,429.0,456.0,457.0,480.0,488.0,721.0,775.0,845.0,869.0,934.0,980.0,
79.0,84.0,97.0,178.0,191.0,241.0,256.0,271.0,282.0,318.0,321.0,358.0,362.0,378.0,401.0,417.0,440.0,757.0,925.0,967.0,
52.0,64.0,74.0,85.0,108.0,115.0,121.0,122.0,130.0,156.0,157.0,216.0,236.0,248.0,306.0,347.0,351.0,369.0,411.0,466.0,503.0,506.0,
115.0,127.0,138.0,165.0,252.0,261.0,300.0,347.0,393.0,398.0,466.0,488.0,843.0,894.0,997.0,
10.0,47.0,50.0,62.0,69.0,70.0,103.0,126.0,146.0,166.0,251.0,253.0,261.0,298.0,354.0,375.0,382.0,396.0,432.0,445.0,513.0,528.0,529.0,577.0,582.0,587.0,625.0,644.0,689.0,695.0,726.0,729.0,755.0,821.0,831.0,855.0,917.0,923.0,934.0,963.0,973.0,
40.0,109.0,123.0,171.0,176.0,190.0,191.0,228.0,229.0,230.0,242.0,342.0,367.0,629.0,661.0,747.0,769.0,778.0,789.0,810.0,830.0,837.0,850.0,853.0,883.0,903.0,904.0,939.0,
25.0,88.0,139.0,170.0,191.0,204.0,292.0,298.0,363.0,463.0,471.0,509.0,
2.0,90.0,168.0,196.0,208.0,213.0,281.0,334.0,343.0,371.0,378.0,384.0,393.0,458.0,923.0,
7.0,38.0,58.0,102.0,240.0,303.0,346.0,352.0,366.0,391.0,417.0,443.0,485.0,818.0,891.0,980.0,
10.0,33.0,38.0,78.0,99.0,111.0,141.0,154.0,166.0,202.0,229.0,243.0,297.0,298.0,319.0,352.0,390.0,393.0,399.0,413.0,414.0,440.0,452.0,464.0,471.0,473.0,490.0,761.0,772.0,816.0,961.0,
65.0,131.0,134.0,150.0,150.0,168.0,181.0,210.0,226.0,247.0,260.0,283.0,286.0,343.0,356.0,382.0,481.0,483.0,783.0,834.0,905.0,915.0,947.0,
55.0,59.0,75.0,141.0,145.0,170.0,170.0,234.0,271.0,285.0,308.0,322.0,369.0,407.0,410.0,455.0,462.0,471.0,506.0,811.0,
37.0,50.0,54.0,93.0,104.0,112.0,119.0,127.0,136.0,153.0,164.0,189.0,214.0,245.0,314.0,417.0,419.0,429.0,431.0,462.0,478.0,
110.0,142.0,156.0,169.0,211.0,244.0,265.0,321.0,322.0,329.0,408.0,423.0,429.0,434.0,439.0,458.0,470.0,490.0,650.0,697.0,715.0,767.0,778.0,811.0,831.0,856.0,866.0,885.0,912.0,945.0,957.0,975.0,977.0,999.0,
28.0,32.0,45.0,85.0,109.0,120.0,129.0,238.0,275.0,291.0,292.0,295.0,295.0,323.0,332.0,378.0,408.0,427.0,431.0,458.0,465.0,466.0,485.0,486.0,532.0,603.0,681.0,720.0,732.0,740.0,744.0,785.0,786.0,820.0,827.0,858.0,880.0,938.0,985.0,
3.0,22.0,39.0,71.0,96.0,105.0,137.0,199.0,203.0,209.0,240.0,268.0,320.0,332.0,381.0,435.0,464.0,467.0,478.0,500.0,510.0,572.0,584.0,648.0,676.0,707.0,712.0,715.0,734.0,774.0,791.0,796.0,803.0,857.0,860.0,879.0,886.0,896.0,915.0,931.0,974.0,975.0,981.0,989.0,
6.0,11.0,27.0,66.0,81.0,98.0,98.0,103.0,141.0,158.0,159.0,177.0,230.0,242.0,313.0,324.0,445.0,446.0,459.0,460.0,470.0,702.0,734.0,757.0,804.0,822.0,862.0,973.0,
43.0,47.0,52.0,56.0,61.0,82.0,114.0,121.0,157.0,176.0,178.0,184.0,236.0,239.0,244.0,271.0,276.0,287.0,295.0,317.0,367.0,371.0,387.0,
70.0,83.0,238.0,248.0,249.0,254.0,265.0,302.0,320.0,361.0,969.0,
24.0,34.0,43.0,56.0,57.0,192.0,235.0,267.0,279.0,296.0,311.0,325.0,337.0,369.0,423.0,430.0,435.0,442.0,457.0,487.0,502.0,
53.0,190.0,194.0,200.0,211.0,213.0,215.0,224.0,249.0,255.0,257.0,283.0,391.0,402.0,443.0,468.0,504.0,863.0,966.0,
2.0,5.0,41.0,69.0,130.0,149.0,151.0,180.0,250.0,289.0,294.0,304.0,339.0,361.0,405.0,442.0,443.0,453.0,
32.0,89.0,97.0,114.0,150.0,165.0,171.0,201.0,221.0,222.0,280.0,308.0,310.0,314.0,320.0,361.0,430.0,431.0,447.0,454.0,458.0,458.0,462.0,490.0,492.0,500.0,693.0,708.0,775.0,842.0,872.0,
79.0,147.0,274.0,287.0,314.0,340.0,360.0,410.0,418.0,540.0,546.0,634.0,674.0,681.0,741.0,758.0,787.0,835.0,843.0,883.0,886.0,896.0,902.0,913.0,973.0,
17.0,17.0,17.0,36.0,82.0,104.0,129.0,171.0,218.0,241.0,262.0,268.0,273.0,345.0,375.0,384.0,424.0,497.0,498.0,525.0,525.0,645.0,685.0,702.0,744.0,757.0,857.0,870.0,
3.0,13.0,36.0,89.0,128.0,132.0,158.0,173.0,198.0,212.0,235.0,252.0,259.0,272.0,276.0,316.0,326.0,470.0,618.0,622.0,668.0,724.0,732.0,765.0,801.0,850.0,893.0,922.0,962.0,1000.0,
22.0,25.0,29.0,108.0,116.0,164.0,204.0,218.0,311.0,358.0,372.0,374.0,381.0,385.0,446.0,483.0,509.0,551.0,572.0,574.0,582.0,651.0,676.0,719.0,722.0,729.0,736.0,759.0,763.0,768.0,791.0,813.0,814.0,817.0,821.0,833.0,833.0,901.0,907.0,908.0,911.0,925.0,937.0,986.0,992.0,994.0,999.0,
6.0,11.0,17.0,45.0,59.0,60.0,68.0,94.0,110.0,144.0,159.0,240.0,252.0,320.0,346.0,397.0,402.0,412.0,422.0,453.0,484.0,514.0,603.0,604.0,609.0,622.0,627.0,685.0,709.0,732.0,739.0,765.0,812.0,873.0,884.0,913.0,940.0,956.0,959.0,970.0,973.0,982.0,
2.0,3.0,21.0,83.0,115.0,214.0,215.0,248.0,252.0,292.0,297.0,338.0,394.0,401.0,451.0,901.0,
4.0,23.0,79.0,88.0,94.0,124.0,127.0,137.0,139.0,177.0,215.0,220.0,233.0,246.0,271.0,328.0,335.0,337.0,362.0,446.0,453.0,467.0,781.0,832.0,927.0,
57.0,144.0,151.0,167.0,177.0,220.0,238.0,241.0,278.0,295.0,316.0,321.0,343.0,348.0,396.0,400.0,408.0,430.0,454.0,466.0,753.0,819.0,957.0,
28.0,35.0,64.0,67.0,76.0,79.0,94.0,96.0,111.0,118.0,119.0,184.0,245.0,249.0,277.0,385.0,415.0,457.0,459.0,464.0,467.0,496.0,688.0,691.0,719.0,757.0,775.0,800.0,856.0,948.0,966.0,983.0,
61.0,63.0,106.0,155.0,210.0,241.0,246.0,253.0,272.0,283.0,312.0,329.0,338.0,357.0,382.0,398.0,402.0,464.0,467.0,483.0,510.0,536.0,543.0,635.0,660.0,664.0,666.0,674.0,675.0,715.0,721.0,738.0,762.0,767.0,780.0,783.0,846.0,874.0,930.0,953.0,965.0,980.0,
34.0,44.0,49.0,53.0,79.0,115.0,142.0,250.0,253.0,279.0,283.0,340.0,340.0,359.0,379.0,449.0,455.0,462.0,532.0,539.0,540.0,581.0,593.0,654.0,654.0,669.0,674.0,702.0,724.0,733.0,765.0,769.0,785.0,787.0,828.0,876.0,877.0,881.0,909.0,
