50.0,79.0,92.0,109.0,129.0,134.0,203.0,216.0,229.0,242.0,373.0,391.0,421.0,429.0,453.0,482.0,486.0,488.0,510.0,515.0,523.0,620.0,633.0,648.0,655.0,706.0,717.0,774.0,810.0,811.0,860.0,879.0,891.0,905.0,932.0,
32.0,67.0,77.0,114.0,129.0,145.0,148.0,164.0,211.0,217.0,222.0,247.0,249.0,275.0,285.0,288.0,341.0,352.0,369.0,386.0,414.0,439.0,441.0,472.0,489.0,562.0,615.0,627.0,649.0,676.0,695.0,701.0,799.0,815.0,839.0,854.0,858.0,878.0,905.0,935.0,959.0,995.0,
30.0,31.0,54.0,60.0,75.0,77.0,85.0,122.0,180.0,193.0,195.0,197.0,199.0,308.0,314.0,344.0,374.0,423.0,481.0,491.0,564.0,588.0,621.0,621.0,647.0,656.0,691.0,697.0,709.0,721.0,736.0,802.0,822.0,864.0,919.0,954.0,957.0,
27.0,50.0,72.0,103.0,106.0,109.0,112.0,113.0,126.0,133.0,137.0,151.0,177.0,180.0,225.0,246.0,304.0,371.0,387.0,414.0,444.0,445.0,521.0,588.0,604.0,611.0,642.0,686.0,708.0,816.0,827.0,964.0,989.0,
19.0,21.0,46.0,95.0,100.0,130.0,169.0,183.0,246.0,256.0,281.0,300.0,342.0,347.0,352.0,381.0,422.0,527.0,543.0,633.0,635.0,646.0,662.0,713.0,734.0,741.0,758.0,777.0,801.0,825.0,837.0,849.0,859.0,904.0,935.0,936.0,945.0,945.0,971.0,
36.0,65.0,80.0,171.0,186.0,187.0,235.0,287.0,333.0,343.0,365.0,365.0,385.0,406.0,421.0,438.0,482.0,523.0,529.0,533.0,538.0,543.0,574.0,576.0,612.0,613.0,630.0,702.0,723.0,735.0,820.0,873.0,874.0,884.0,911.0,927.0,938.0,944.0,979.0,
4.0,15.0,130.0,170.0,174.0,238.0,253.0,267.0,331.0,357.0,439.0,480.0,480.0,489.0,519.0,569.0,615.0,653.0,680.0,687.0,710.0,762.0,764.0,789.0,802.0,863.0,863.0,876.0,965.0,999.0,
5.0,7.0,11.0,16.0,23.0,61.0,69.0,76.0,77.0,103.0,165.0,250.0,269.0,293.0,298.0,328.0,333.0,333.0,365.0,389.0,435.0,436.0,457.0,519.0,525.0,562.0,579.0,592.0,598.0,636.0,641.0,662.0,673.0,702.0,721.0,737.0,798.0,800.0,812.0,814.0,825.0,921.0,925.0,928.0,988.0,
12.0,48.0,70.0,151.0,151.0,283.0,285.0,294.0,306.0,321.0,413.0,505.0,509.0,530.0,572.0,577.0,610.0,652.0,704.0,719.0,824.0,872.0,877.0,883.0,888.0,890.0,890.0,975.0,
16.0,88.0,94.0,130.0,140.0,154.0,165.0,200.0,203.0,203.0,235.0,242.0,277.0,295.0,381.0,385.0,417.0,423.0,447.0,470.0,481.0,493.0,498.0,500.0,511.0,529.0,531.0,532.0,546.0,660.0,709.0,735.0,739.0,762.0,770.0,820.0,824.0,844.0,991.0,991.0,
5.0,22.0,66.0,77.0,164.0,182.0,220.0,268.0,321.0,323.0,426.0,467.0,479.0,499.0,543.0,553.0,569.0,593.0,611.0,665.0,675.0,757.0,777.0,801.0,812.0,831.0,907.0,918.0,938.0,949.0,
44.0,57.0,162.0,190.0,197.0,199.0,199.0,302.0,341.0,424.0,449.0,452.0,457.0,506.0,526.0,561.0,584.0,596.0,619.0,643.0,647.0,692.0,708.0,727.0,754.0,770.0,799.0,837.0,837.0,986.0,
8.0,18.0,40.0,152.0,164.0,199.0,208.0,211.0,228.0,232.0,276.0,315.0,341.0,348.0,350.0,377.0,380.0,393.0,413.0,424.0,427.0,529.0,593.0,605.0,609.0,628.0,636.0,651.0,663.0,681.0,701.0,709.0,711.0,717.0,766.0,798.0,816.0,856.0,879.0,899.0,929.0,939.0,951.0,967.0,974.0,981.0,984.0,988.0,
4.0,64.0,79.0,82.0,93.0,96.0,116.0,136.0,141.0,145.0,177.0,192.0,250.0,301.0,304.0,314.0,316.0,439.0,447.0,468.0,475.0,496.0,500.0,509.0,511.0,516.0,587.0,590.0,606.0,617.0,628.0,671.0,711.0,732.0,744.0,786.0,811.0,816.0,828.0,832.0,841.0,897.0,898.0,927.0,986.0,994.0,998.0,
53.0,64.0,75.0,87.0,152.0,167.0,179.0,290.0,308.0,331.0,356.0,374.0,377.0,379.0,453.0,514.0,518.0,554.0,591.0,591.0,645.0,755.0,773.0,775.0,778.0,814.0,833.0,842.0,866.0,899.0,910.0,934.0,977.0,991.0,994.0,
23.0,51.0,55.0,60.0,75.0,76.0,201.0,258.0,268.0,274.0,278.0,309.0,311.0,356.0,384.0,390.0,401.0,429.0,488.0,511.0,528.0,558.0,585.0,619.0,651.0,658.0,667.0,687.0,693.0,719.0,748.0,756.0,762.0,773.0,788.0,796.0,800.0,830.0,836.0,878.0,881.0,883.0,883.0,917.0,941.0,956.0,957.0,962.0,964.0,
36.0,89.0,139.0,170.0,187.0,202.0,247.0,332.0,364.0,380.0,415.0,484.0,525.0,618.0,628.0,675.0,711.0,734.0,737.0,745.0,793.0,824.0,837.0,840.0,873.0,889.0,960.0,966.0,972.0,977.0,988.0,993.0,
7.0,11.0,51.0,63.0,211.0,220.0,256.0,262.0,289.0,309.0,331.0,357.0,368.0,422.0,437.0,453.0,481.0,638.0,651.0,660.0,687.0,691.0,785.0,798.0,837.0,848.0,863.0,917.0,938.0,983.0,986.0,
8.0,18.0,23.0,27.0,27.0,48.0,92.0,110.0,175.0,313.0,419.0,486.0,497.0,498.0,525.0,554.0,604.0,611.0,675.0,778.0,824.0,826.0,852.0,857.0,872.0,907.0,919.0,
3.0,16.0,43.0,46.0,54.0,114.0,147.0,172.0,178.0,215.0,280.0,315.0,330.0,343.0,343.0,343.0,355.0,357.0,363.0,374.0,380.0,383.0,389.0,433.0,437.0,457.0,487.0,575.0,598.0,598.0,604.0,637.0,641.0,648.0,727.0,732.0,753.0,762.0,764.0,794.0,796.0,802.0,805.0,817.0,845.0,955.0,956.0,968.0,972.0,974.0,
36.0,40.0,59.0,75.0,76.0,95.0,105.0,117.0,132.0,227.0,234.0,249.0,263.0,290.0,302.0,306.0,383.0,436.0,461.0,488.0,508.0,533.0,574.0,609.0,617.0,639.0,676.0,692.0,727.0,773.0,793.0,808.0,809.0,812.0,816.0,844.0,856.0,879.0,889.0,917.0,929.0,
2.0,82.0,84.0,103.0,113.0,114.0,151.0,199.0,202.0,207.0,239.0,299.0,302.0,307.0,338.0,350.0,362.0,388.0,461.0,479.0,497.0,506.0,521.0,544.0,593.0,615.0,625.0,647.0,687.0,707.0,743.0,751.0,795.0,802.0,807.0,834.0,932.0,986.0,992.0,
109.0,126.0,127.0,225.0,234.0,257.0,315.0,326.0,355.0,389.0,493.0,513.0,524.0,525.0,535.0,537.0,552.0,556.0,557.0,564.0,579.0,602.0,675.0,712.0,730.0,780.0,786.0,861.0,867.0,896.0,922.0,973.0,983.0,
17.0,54.0,80.0,109.0,216.0,227.0,235.0,246.0,257.0,283.0,308.0,315.0,358.0,360.0,404.0,438.0,469.0,489.0,500.0,534.0,558.0,585.0,590.0,593.0,596.0,602.0,608.0,610.0,663.0,696.0,717.0,736.0,768.0,789.0,801.0,837.0,881.0,896.0,913.0,926.0,982.0,995.0,
7.0,33.0,48.0,118.0,173.0,193.0,226.0,238.0,262.0,279.0,287.0,320.0,402.0,405.0,414.0,434.0,467.0,551.0,583.0,608.0,672.0,675.0,708.0,764.0,765.0,768.0,780.0,853.0,855.0,858.0,872.0,888.0,894.0,980.0,982.0,986.0,
19.0,61.0,72.0,119.0,140.0,151.0,152.0,173.0,226.0,258.0,294.0,326.0,355.0,364.0,382.0,387.0,390.0,392.0,427.0,448.0,451.0,481.0,628.0,655.0,691.0,706.0,708.0,724.0,830.0,868.0,928.0,938.0,992.0,
5.0,15.0,31.0,33.0,39.0,41.0,54.0,73.0,122.0,126.0,217.0,257.0,299.0,303.0,368.0,370.0,375.0,439.0,475.0,511.0,518.0,538.0,544.0,560.0,573.0,621.0,629.0,644.0,719.0,722.0,749.0,750.0,754.0,759.0,796.0,832.0,884.0,921.0,959.0,
88.0,103.0,106.0,125.0,148.0,212.0,312.0,464.0,468.0,483.0,488.0,545.0,549.0,564.0,644.0,652.0,667.0,680.0,704.0,720.0,758.0,766.0,802.0,803.0,807.0,827.0,867.0,908.0,914.0,917.0,984.0,998.0,
53.0,98.0,98.0,103.0,154.0,236.0,277.0,278.0,307.0,310.0,322.0,344.0,356.0,400.0,429.0,431.0,473.0,505.0,510.0,543.0,598.0,602.0,618.0,633.0,644.0,649.0,663.0,675.0,709.0,789.0,800.0,913.0,920.0,943.0,959.0,
20.0,57.0,59.0,78.0,109.0,129.0,153.0,171.0,184.0,204.0,281.0,369.0,378.0,440.0,454.0,510.0,527.0,589.0,590.0,592.0,684.0,742.0,747.0,843.0,892.0,969.0,970.0,972.0,
52.0,73.0,87.0,88.0,100.0,164.0,282.0,290.0,293.0,294.0,296.0,301.0,327.0,351.0,391.0,396.0,416.0,451.0,458.0,467.0,477.0,507.0,518.0,528.0,636.0,654.0,691.0,708.0,735.0,800.0,827.0,845.0,848.0,848.0,931.0,994.0,
30.0,63.0,85.0,154.0,255.0,271.0,378.0,435.0,439.0,471.0,499.0,614.0,648.0,672.0,691.0,699.0,733.0,796.0,824.0,825.0,832.0,833.0,834.0,855.0,865.0,929.0,949.0,997.0,
64.0,80.0,109.0,114.0,133.0,140.0,179.0,194.0,258.0,262.0,293.0,297.0,317.0,329.0,342.0,360.0,394.0,397.0,413.0,429.0,521.0,548.0,548.0,561.0,575.0,588.0,601.0,621.0,633.0,661.0,665.0,678.0,694.0,720.0,822.0,829.0,832.0,913.0,923.0,995.0,
26.0,50.0,75.0,115.0,143.0,157.0,204.0,212.0,218.0,241.0,328.0,369.0,409.0,425.0,426.0,461.0,482.0,534.0,568.0,610.0,676.0,692.0,724.0,733.0,752.0,785.0,788.0,793.0,800.0,810.0,821.0,904.0,943.0,966.0,
29.0,105.0,113.0,125.0,160.0,167.0,193.0,216.0,225.0,230.0,239.0,254.0,255.0,262.0,280.0,303.0,339.0,339.0,345.0,387.0,511.0,560.0,582.0,635.0,646.0,675.0,691.0,693.0,705.0,758.0,782.0,880.0,904.0,911.0,931.0,951.0,
41.0,57.0,61.0,77.0,88.0,134.0,166.0,276.0,302.0,304.0,378.0,413.0,444.0,452.0,468.0,508.0,511.0,527.0,536.0,546.0,619.0,653.0,676.0,698.0,709.0,713.0,718.0,775.0,801.0,803.0,863.0,878.0,904.0,912.0,920.0,
74.0,122.0,155.0,200.0,221.0,232.0,256.0,282.0,300.0,337.0,373.0,376.0,386.0,396.0,414.0,439.0,462.0,462.0,485.0,486.0,495.0,498.0,547.0,562.0,573.0,635.0,647.0,667.0,684.0,788.0,792.0,812.0,902.0,903.0,944.0,946.0,954.0,974.0,
31.0,72.0,188.0,205.0,207.0,208.0,234.0,237.0,239.0,279.0,322.0,326.0,337.0,494.0,535.0,561.0,651.0,685.0,692.0,695.0,719.0,814.0,823.0,824.0,855.0,920.0,927.0,999.0,
15.0,58.0,102.0,103.0,126.0,136.0,148.0,153.0,163.0,169.0,188.0,201.0,229.0,245.0,324.0,365.0,382.0,383.0,399.0,401.0,430.0,469.0,525.0,546.0,557.0,576.0,578.0,590.0,603.0,612.0,618.0,625.0,679.0,700.0,707.0,727.0,834.0,838.0,890.0,947.0,
14.0,24.0,58.0,68.0,100.0,148.0,235.0,240.0,279.0,414.0,429.0,466.0,471.0,475.0,494.0,504.0,529.0,614.0,617.0,618.0,666.0,679.0,706.0,738.0,748.0,771.0,787.0,825.0,865.0,866.0,867.0,903.0,944.0,948.0,949.0,
82.0,157.0,158.0,176.0,188.0,232.0,289.0,303.0,363.0,364.0,406.0,441.0,466.0,580.0,606.0,695.0,700.0,758.0,771.0,803.0,808.0,890.0,912.0,912.0,915.0,921.0,922.0,978.0,998.0,
3.0,62.0,90.0,128.0,156.0,184.0,224.0,232.0,269.0,283.0,319.0,333.0,349.0,403.0,414.0,436.0,499.0,545.0,626.0,636.0,663.0,668.0,752.0,778.0,804.0,807.0,825.0,834.0,865.0,869.0,886.0,922.0,931.0,946.0,
14.0,32.0,47.0,85.0,109.0,112.0,118.0,161.0,171.0,176.0,181.0,186.0,188.0,196.0,230.0,253.0,261.0,287.0,318.0,325.0,334.0,354.0,384.0,532.0,537.0,540.0,614.0,634.0,644.0,660.0,674.0,686.0,697.0,714.0,744.0,846.0,860.0,872.0,872.0,909.0,999.0,
79.0,80.0,93.0,94.0,103.0,112.0,118.0,129.0,145.0,224.0,241.0,241.0,244.0,350.0,398.0,410.0,422.0,488.0,493.0,570.0,574.0,575.0,578.0,600.0,619.0,652.0,733.0,738.0,740.0,789.0,808.0,814.0,868.0,897.0,898.0,909.0,913.0,956.0,972.0,992.0,
8.0,28.0,66.0,85.0,128.0,172.0,178.0,213.0,283.0,333.0,342.0,402.0,452.0,475.0,503.0,505.0,509.0,602.0,636.0,670.0,692.0,758.0,835.0,844.0,879.0,882.0,892.0,924.0,957.0,983.0,999.0,
42.0,43.0,53.0,118.0,125.0,154.0,179.0,231.0,237.0,244.0,310.0,332.0,346.0,370.0,432.0,481.0,497.0,529.0,574.0,685.0,699.0,699.0,711.0,736.0,743.0,752.0,842.0,845.0,856.0,865.0,912.0,925.0,961.0,989.0,992.0,
35.0,112.0,115.0,120.0,134.0,144.0,161.0,211.0,332.0,334.0,351.0,401.0,425.0,466.0,519.0,551.0,612.0,633.0,658.0,695.0,740.0,772.0,778.0,816.0,891.0,908.0,
96.0,98.0,107.0,139.0,164.0,197.0,200.0,213.0,267.0,306.0,316.0,335.0,339.0,347.0,379.0,459.0,459.0,465.0,475.0,490.0,519.0,530.0,533.0,638.0,647.0,656.0,661.0,668.0,688.0,732.0,737.0,746.0,797.0,942.0,945.0,
27.0,40.0,56.0,104.0,107.0,110.0,123.0,153.0,160.0,164.0,164.0,175.0,199.0,212.0,230.0,231.0,267.0,330.0,332.0,353.0,370.0,390.0,392.0,404.0,425.0,426.0,450.0,480.0,553.0,603.0,701.0,713.0,752.0,769.0,770.0,888.0,930.0,952.0,972.0,982.0,996.0,1000.0,
2.0,5.0,19.0,23.0,64.0,74.0,103.0,113.0,133.0,208.0,241.0,242.0,250.0,340.0,428.0,560.0,562.0,602.0,645.0,662.0,685.0,707.0,723.0,754.0,805.0,851.0,879.0,974.0,
38.0,59.0,106.0,111.0,157.0,234.0,243.0,256.0,266.0,269.0,346.0,346.0,367.0,372.0,380.0,384.0,384.0,400.0,455.0,455.0,458.0,472.0,486.0,492.0,514.0,539.0,594.0,594.0,625.0,631.0,703.0,799.0,828.0,903.0,950.0,985.0,
13.0,66.0,100.0,110.0,154.0,181.0,184.0,193.0,205.0,220.0,263.0,274.0,285.0,286.0,296.0,338.0,350.0,351.0,371.0,371.0,372.0,422.0,447.0,490.0,493.0,528.0,575.0,678.0,691.0,717.0,771.0,846.0,847.0,866.0,911.0,912.0,964.0,979.0,981.0,
34.0,117.0,193.0,310.0,399.0,414.0,450.0,518.0,569.0,639.0,644.0,651.0,662.0,708.0,737.0,744.0,760.0,786.0,787.0,799.0,828.0,859.0,865.0,872.0,875.0,964.0,970.0,
124.0,129.0,185.0,191.0,211.0,216.0,237.0,316.0,330.0,352.0,374.0,380.0,382.0,420.0,434.0,462.0,472.0,505.0,528.0,571.0,574.0,682.0,709.0,711.0,719.0,774.0,777.0,806.0,813.0,827.0,843.0,889.0,906.0,995.0,
58.0,77.0,99.0,130.0,148.0,172.0,192.0,196.0,227.0,280.0,281.0,291.0,310.0,332.0,360.0,391.0,434.0,467.0,491.0,506.0,549.0,563.0,587.0,621.0,623.0,686.0,732.0,736.0,759.0,761.0,764.0,774.0,810.0,837.0,900.0,919.0,942.0,948.0,978.0,984.0,
22.0,36.0,124.0,140.0,159.0,160.0,161.0,163.0,173.0,200.0,201.0,236.0,285.0,353.0,377.0,417.0,425.0,464.0,530.0,549.0,550.0,553.0,563.0,564.0,582.0,627.0,641.0,647.0,648.0,648.0,729.0,729.0,752.0,759.0,784.0,833.0,870.0,870.0,884.0,895.0,900.0,922.0,944.0,962.0,989.0,
2.0,57.0,90.0,107.0,201.0,254.0,258.0,282.0,484.0,486.0,487.0,501.0,525.0,551.0,566.0,586.0,592.0,620.0,628.0,652.0,697.0,710.0,736.0,771.0,776.0,807.0,825.0,826.0,849.0,855.0,874.0,909.0,923.0,934.0,937.0,
35.0,39.0,238.0,246.0,256.0,274.0,286.0,302.0,356.0,378.0,384.0,434.0,468.0,480.0,482.0,550.0,561.0,623.0,683.0,707.0,774.0,824.0,840.0,861.0,881.0,
5.0,8.0,9.0,11.0,82.0,89.0,97.0,139.0,200.0,252.0,308.0,406.0,436.0,440.0,479.0,569.0,602.0,617.0,656.0,690.0,738.0,738.0,760.0,770.0,786.0,793.0,823.0,855.0,857.0,867.0,896.0,915.0,924.0,926.0,927.0,946.0,959.0,
30.0,87.0,108.0,133.0,137.0,153.0,170.0,203.0,208.0,217.0,245.0,275.0,302.0,318.0,333.0,364.0,367.0,402.0,433.0,436.0,465.0,482.0,496.0,499.0,502.0,508.0,546.0,626.0,642.0,693.0,693.0,769.0,794.0,796.0,809.0,834.0,849.0,856.0,891.0,905.0,914.0,924.0,936.0,967.0,
4.0,18.0,29.0,35.0,59.0,85.0,93.0,121.0,129.0,150.0,183.0,258.0,274.0,398.0,443.0,468.0,470.0,483.0,497.0,546.0,567.0,618.0,633.0,652.0,667.0,673.0,703.0,707.0,771.0,773.0,775.0,793.0,802.0,803.0,828.0,845.0,900.0,927.0,940.0,951.0,955.0,958.0,
4.0,43.0,71.0,72.0,76.0,97.0,109.0,142.0,151.0,196.0,203.0,238.0,268.0,271.0,283.0,321.0,328.0,338.0,389.0,421.0,428.0,508.0,513.0,529.0,542.0,549.0,639.0,641.0,657.0,715.0,746.0,749.0,755.0,765.0,771.0,793.0,795.0,809.0,810.0,813.0,838.0,854.0,856.0,883.0,886.0,901.0,931.0,
38.0,86.0,201.0,210.0,221.0,225.0,227.0,231.0,253.0,298.0,367.0,381.0,394.0,412.0,420.0,482.0,515.0,609.0,629.0,633.0,670.0,851.0,875.0,877.0,903.0,940.0,954.0,
15.0,44.0,48.0,67.0,101.0,125.0,136.0,140.0,187.0,201.0,220.0,257.0,289.0,362.0,387.0,392.0,477.0,496.0,524.0,565.0,612.0,652.0,655.0,674.0,696.0,699.0,728.0,730.0,799.0,812.0,833.0,834.0,849.0,884.0,898.0,900.0,928.0,940.0,946.0,
6.0,28.0,64.0,78.0,130.0,185.0,206.0,308.0,325.0,401.0,436.0,445.0,498.0,517.0,558.0,587.0,636.0,687.0,689.0,721.0,738.0,774.0,809.0,870.0,891.0,922.0,937.0,941.0,953.0,978.0,978.0,991.0,
25.0,39.0,112.0,145.0,158.0,275.0,283.0,379.0,380.0,402.0,414.0,422.0,453.0,509.0,513.0,527.0,551.0,560.0,604.0,651.0,673.0,733.0,734.0,745.0,745.0,748.0,762.0,774.0,785.0,794.0,823.0,830.0,847.0,866.0,875.0,896.0,912.0,972.0,
31.0,48.0,60.0,66.0,88.0,94.0,94.0,100.0,106.0,146.0,202.0,294.0,300.0,304.0,329.0,341.0,373.0,377.0,393.0,429.0,457.0,475.0,496.0,498.0,515.0,539.0,552.0,593.0,633.0,669.0,689.0,702.0,735.0,739.0,750.0,792.0,815.0,914.0,
3.0,9.0,73.0,144.0,177.0,196.0,240.0,260.0,270.0,272.0,291.0,359.0,369.0,418.0,421.0,424.0,453.0,526.0,555.0,564.0,596.0,600.0,666.0,690.0,699.0,717.0,717.0,732.0,765.0,773.0,884.0,955.0,957.0,965.0,
23.0,24.0,36.0,61.0,69.0,69.0,92.0,93.0,94.0,94.0,99.0,206.0,310.0,333.0,337.0,346.0,364.0,370.0,380.0,449.0,450.0,456.0,495.0,501.0,523.0,550.0,558.0,571.0,578.0,580.0,587.0,605.0,620.0,626.0,701.0,713.0,732.0,790.0,818.0,887.0,896.0,914.0,990.0,
34.0,56.0,97.0,136.0,154.0,155.0,227.0,229.0,279.0,314.0,317.0,320.0,334.0,364.0,366.0,391.0,416.0,438.0,448.0,471.0,471.0,500.0,501.0,546.0,567.0,586.0,634.0,653.0,725.0,726.0,814.0,821.0,826.0,854.0,857.0,883.0,908.0,950.0,969.0,981.0,
16.0,56.0,68.0,154.0,207.0,223.0,239.0,288.0,307.0,418.0,454.0,463.0,477.0,567.0,601.0,609.0,628.0,635.0,637.0,647.0,649.0,663.0,664.0,685.0,689.0,708.0,711.0,831.0,888.0,902.0,913.0,943.0,970.0,
8.0,60.0,168.0,173.0,194.0,200.0,205.0,228.0,250.0,265.0,275.0,307.0,355.0,362.0,371.0,389.0,395.0,410.0,425.0,425.0,434.0,542.0,589.0,633.0,661.0,693.0,700.0,763.0,794.0,816.0,821.0,848.0,897.0,905.0,953.0,983.0,
2.0,2.0,15.0,19.0,20.0,51.0,53.0,129.0,152.0,176.0,182.0,210.0,258.0,317.0,329.0,377.0,433.0,461.0,515.0,530.0,565.0,655.0,674.0,686.0,785.0,828.0,843.0,869.0,901.0,922.0,936.0,964.0,971.0,989.0,993.0,996.0,
3.0,58.0,75.0,84.0,87.0,90.0,96.0,212.0,289.0,307.0,312.0,314.0,348.0,353.0,356.0,381.0,411.0,462.0,468.0,496.0,502.0,513.0,515.0,559.0,569.0,618.0,620.0,634.0,651.0,658.0,700.0,716.0,751.0,757.0,817.0,824.0,832.0,834.0,850.0,850.0,863.0,890.0,929.0,932.0,988.0,991.0,
34.0,59.0,97.0,101.0,104.0,116.0,122.0,208.0,212.0,220.0,246.0,266.0,278.0,400.0,439.0,444.0,444.0,519.0,546.0,625.0,707.0,707.0,716.0,787.0,806.0,814.0,873.0,928.0,982.0,
28.0,36.0,67.0,74.0,93.0,104.0,185.0,203.0,244.0,248.0,251.0,254.0,363.0,396.0,411.0,447.0,480.0,496.0,517.0,560.0,587.0,602.0,625.0,629.0,640.0,646.0,696.0,744.0,769.0,809.0,815.0,832.0,839.0,874.0,
85.0,114.0,124.0,131.0,148.0,197.0,252.0,280.0,285.0,291.0,298.0,323.0,373.0,374.0,398.0,412.0,435.0,439.0,441.0,458.0,490.0,495.0,523.0,552.0,575.0,616.0,622.0,628.0,681.0,684.0,689.0,694.0,729.0,735.0,753.0,762.0,776.0,785.0,811.0,856.0,860.0,901.0,922.0,926.0,960.0,994.0,
25.0,77.0,119.0,152.0,171.0,254.0,291.0,365.0,395.0,403.0,472.0,482.0,508.0,514.0,522.0,559.0,573.0,607.0,665.0,677.0,686.0,706.0,767.0,769.0,794.0,807.0,836.0,874.0,876.0,900.0,930.0,951.0,991.0,
10.0,25.0,37.0,60.0,61.0,69.0,99.0,116.0,194.0,205.0,274.0,276.0,302.0,324.0,374.0,401.0,433.0,455.0,496.0,526.0,571.0,572.0,601.0,618.0,753.0,791.0,806.0,821.0,892.0,899.0,906.0,939.0,951.0,
16.0,17.0,29.0,83.0,127.0,151.0,189.0,190.0,201.0,202.0,270.0,285.0,313.0,314.0,319.0,353.0,374.0,391.0,410.0,428.0,449.0,453.0,480.0,526.0,529.0,548.0,612.0,740.0,745.0,773.0,794.0,801.0,833.0,896.0,905.0,954.0,979.0,981.0,
102.0,168.0,175.0,229.0,256.0,268.0,276.0,351.0,368.0,428.0,437.0,496.0,525.0,562.0,615.0,657.0,692.0,713.0,733.0,758.0,770.0,802.0,934.0,980.0,
61.0,98.0,107.0,111.0,118.0,119.0,152.0,218.0,223.0,227.0,270.0,336.0,356.0,411.0,472.0,524.0,526.0,638.0,639.0,669.0,678.0,707.0,716.0,738.0,766.0,784.0,806.0,809.0,830.0,848.0,859.0,867.0,894.0,919.0,919.0,928.0,
74.0,153.0,156.0,164.0,170.0,178.0,197.0,231.0,268.0,381.0,410.0,414.0,432.0,448.0,536.0,567.0,582.0,595.0,619.0,668.0,675.0,686.0,699.0,712.0,729.0,740.0,804.0,843.0,851.0,859.0,879.0,883.0,915.0,952.0,983.0,
30.0,32.0,55.0,115.0,146.0,163.0,165.0,167.0,183.0,251.0,270.0,294.0,310.0,325.0,368.0,429.0,455.0,475.0,535.0,546.0,639.0,719.0,725.0,862.0,876.0,887.0,899.0,963.0,980.0,984.0,
7.0,7.0,19.0,78.0,98.0,101.0,109.0,140.0,158.0,179.0,210.0,306.0,329.0,433.0,437.0,439.0,578.0,592.0,640.0,674.0,704.0,722.0,755.0,790.0,796.0,867.0,868.0,871.0,881.0,883.0,886.0,892.0,
7.0,10.0,48.0,72.0,102.0,108.0,127.0,169.0,185.0,247.0,306.0,314.0,327.0,337.0,362.0,390.0,393.0,408.0,417.0,425.0,468.0,532.0,534.0,539.0,544.0,582.0,619.0,635.0,636.0,656.0,699.0,711.0,761.0,841.0,841.0,843.0,853.0,859.0,898.0,928.0,933.0,987.0,
33.0,131.0,135.0,163.0,210.0,235.0,276.0,314.0,377.0,513.0,521.0,577.0,671.0,712.0,749.0,751.0,780.0,806.0,817.0,827.0,843.0,866.0,887.0,902.0,907.0,910.0,924.0,940.0,954.0,
47.0,105.0,141.0,157.0,192.0,217.0,254.0,324.0,358.0,396.0,400.0,441.0,448.0,465.0,509.0,513.0,527.0,570.0,591.0,659.0,678.0,697.0,736.0,774.0,797.0,797.0,817.0,857.0,860.0,866.0,873.0,947.0,971.0,972.0,
43.0,71.0,80.0,114.0,148.0,174.0,204.0,254.0,283.0,307.0,324.0,401.0,452.0,522.0,553.0,564.0,574.0,680.0,692.0,693.0,693.0,696.0,697.0,772.0,777.0,844.0,904.0,942.0,946.0,947.0,966.0,992.0,996.0,
33.0,40.0,77.0,97.0,146.0,151.0,214.0,285.0,302.0,339.0,343.0,387.0,421.0,500.0,540.0,565.0,597.0,666.0,684.0,765.0,849.0,868.0,898.0,904.0,971.0,
90.0,107.0,113.0,118.0,125.0,238.0,242.0,286.0,332.0,351.0,355.0,386.0,409.0,409.0,435.0,439.0,456.0,483.0,519.0,587.0,619.0,628.0,646.0,651.0,658.0,728.0,753.0,761.0,813.0,877.0,906.0,953.0,
2.0,17.0,20.0,22.0,72.0,122.0,151.0,151.0,213.0,232.0,258.0,269.0,322.0,369.0,383.0,405.0,457.0,476.0,487.0,492.0,574.0,597.0,599.0,646.0,654.0,671.0,671.0,700.0,762.0,764.0,805.0,877.0,885.0,890.0,982.0,
20.0,33.0,37.0,55.0,141.0,163.0,218.0,242.0,302.0,342.0,442.0,458.0,462.0,471.0,475.0,508.0,518.0,518.0,537.0,560.0,591.0,606.0,634.0,671.0,672.0,724.0,776.0,782.0,784.0,809.0,817.0,819.0,844.0,852.0,874.0,895.0,902.0,913.0,967.0,990.0,
11.0,12.0,39.0,60.0,101.0,119.0,124.0,142.0,160.0,172.0,187.0,197.0,201.0,208.0,238.0,255.0,287.0,322.0,323.0,328.0,341.0,364.0,436.0,460.0,482.0,495.0,541.0,582.0,607.0,611.0,625.0,635.0,664.0,682.0,786.0,822.0,836.0,865.0,879.0,909.0,914.0,921.0,930.0,944.0,948.0,965.0,
64.0,65.0,79.0,107.0,125.0,136.0,180.0,215.0,215.0,231.0,305.0,309.0,323.0,367.0,389.0,451.0,485.0,493.0,530.0,546.0,562.0,585.0,616.0,630.0,661.0,674.0,701.0,708.0,711.0,737.0,756.0,772.0,773.0,795.0,848.0,858.0,873.0,889.0,898.0,905.0,908.0,912.0,961.0,992.0,
16.0,110.0,143.0,160.0,175.0,190.0,195.0,232.0,232.0,240.0,242.0,319.0,339.0,343.0,439.0,487.0,509.0,514.0,535.0,559.0,617.0,625.0,640.0,670.0,698.0,704.0,708.0,740.0,839.0,849.0,893.0,936.0,938.0,945.0,947.0,
16.0,34.0,80.0,120.0,144.0,188.0,197.0,200.0,203.0,209.0,245.0,274.0,294.0,352.0,369.0,393.0,395.0,424.0,473.0,486.0,498.0,511.0,526.0,530.0,541.0,542.0,602.0,606.0,628.0,648.0,670.0,741.0,744.0,749.0,796.0,798.0,844.0,848.0,928.0,
29.0,55.0,89.0,130.0,169.0,221.0,261.0,263.0,279.0,285.0,300.0,328.0,350.0,351.0,385.0,406.0,414.0,419.0,434.0,488.0,521.0,546.0,563.0,573.0,609.0,611.0,653.0,659.0,698.0,714.0,779.0,807.0,812.0,909.0,910.0,923.0,937.0,964.0,
33.0,79.0,100.0,130.0,132.0,160.0,243.0,265.0,280.0,329.0,356.0,422.0,445.0,462.0,466.0,482.0,487.0,525.0,560.0,592.0,612.0,652.0,733.0,754.0,755.0,846.0,859.0,881.0,931.0,961.0,963.0,
47.0,55.0,132.0,221.0,273.0,279.0,310.0,338.0,345.0,356.0,374.0,395.0,398.0,525.0,538.0,568.0,640.0,664.0,720.0,782.0,829.0,839.0,852.0,886.0,905.0,
