62.0,89.0,105.0,114.0,141.0,146.0,159.0,187.0,195.0,253.0,297.0,301.0,469.0,499.0,511.0,539.0,557.0,580.0,597.0,623.0,682.0,735.0,747.0,782.0,806.0,951.0,975.0,
24.0,54.0,65.0,84.0,169.0,208.0,267.0,347.0,368.0,373.0,379.0,403.0,538.0,542.0,551.0,584.0,588.0,617.0,630.0,666.0,738.0,744.0,785.0,792.0,801.0,850.0,852.0,876.0,892.0,989.0,
64.0,66.0,95.0,103.0,105.0,134.0,135.0,136.0,163.0,176.0,187.0,208.0,223.0,252.0,295.0,370.0,386.0,401.0,441.0,501.0,509.0,577.0,583.0,595.0,724.0,738.0,746.0,764.0,767.0,779.0,791.0,810.0,838.0,844.0,860.0,864.0,867.0,906.0,908.0,912.0,965.0,981.0,996.0,
16.0,85.0,99.0,184.0,186.0,205.0,236.0,244.0,253.0,267.0,296.0,350.0,352.0,362.0,363.0,420.0,435.0,475.0,482.0,494.0,546.0,558.0,574.0,584.0,594.0,637.0,641.0,679.0,757.0,793.0,809.0,845.0,925.0,930.0,952.0,959.0,967.0,
14.0,41.0,43.0,128.0,150.0,168.0,169.0,191.0,204.0,204.0,213.0,238.0,243.0,246.0,278.0,281.0,317.0,318.0,325.0,375.0,386.0,386.0,512.0,577.0,579.0,607.0,616.0,663.0,664.0,666.0,694.0,707.0,715.0,740.0,750.0,751.0,786.0,793.0,826.0,850.0,862.0,901.0,
68.0,73.0,97.0,131.0,156.0,207.0,219.0,275.0,275.0,293.0,329.0,336.0,337.0,342.0,345.0,383.0,390.0,393.0,393.0,465.0,504.0,518.0,539.0,581.0,614.0,630.0,645.0,682.0,707.0,778.0,796.0,834.0,871.0,948.0,956.0,978.0,
2.0,6.0,18.0,21.0,25.0,28.0,54.0,68.0,87.0,138.0,140.0,146.0,168.0,187.0,194.0,236.0,243.0,272.0,301.0,303.0,306.0,397.0,478.0,481.0,492.0,554.0,582.0,599.0,603.0,608.0,629.0,680.0,693.0,706.0,708.0,758.0,790.0,804.0,837.0,846.0,894.0,900.0,912.0,912.0,918.0,925.0,950.0,982.0,
55.0,59.0,64.0,118.0,128.0,148.0,154.0,183.0,227.0,248.0,256.0,257.0,318.0,332.0,363.0,366.0,401.0,413.0,496.0,500.0,513.0,530.0,536.0,548.0,560.0,598.0,632.0,639.0,732.0,780.0,815.0,828.0,832.0,841.0,844.0,846.0,876.0,901.0,906.0,957.0,998.0,1000.0,
22.0,27.0,39.0,65.0,114.0,162.0,164.0,176.0,211.0,215.0,230.0,323.0,357.0,368.0,389.0,398.0,411.0,412.0,522.0,541.0,553.0,610.0,762.0,785.0,809.0,835.0,836.0,838.0,850.0,854.0,894.0,898.0,905.0,944.0,
17.0,20.0,33.0,72.0,72.0,73.0,85.0,94.0,102.0,166.0,205.0,268.0,279.0,294.0,297.0,319.0,326.0,374.0,431.0,458.0,461.0,480.0,523.0,547.0,605.0,606.0,662.0,701.0,710.0,747.0,783.0,808.0,812.0,847.0,883.0,887.0,902.0,905.0,957.0,988.0,
70.0,123.0,126.0,128.0,139.0,215.0,231.0,253.0,265.0,269.0,308.0,327.0,380.0,462.0,465.0,517.0,561.0,573.0,584.0,585.0,620.0,627.0,654.0,681.0,695.0,725.0,767.0,783.0,835.0,889.0,907.0,929.0,936.0,
45.0,67.0,90.0,137.0,147.0,203.0,235.0,258.0,277.0,299.0,326.0,330.0,369.0,369.0,394.0,400.0,425.0,426.0,456.0,480.0,510.0,541.0,548.0,552.0,568.0,575.0,575.0,586.0,609.0,618.0,635.0,635.0,665.0,854.0,888.0,888.0,902.0,
71.0,114.0,119.0,119.0,157.0,158.0,199.0,202.0,234.0,239.0,266.0,312.0,334.0,388.0,389.0,414.0,415.0,423.0,425.0,446.0,464.0,543.0,563.0,592.0,592.0,597.0,601.0,636.0,645.0,715.0,726.0,747.0,761.0,767.0,768.0,792.0,859.0,880.0,913.0,913.0,937.0,
19.0,25.0,177.0,183.0,216.0,307.0,315.0,321.0,330.0,333.0,340.0,351.0,385.0,414.0,419.0,421.0,459.0,472.0,479.0,508.0,570.0,605.0,630.0,670.0,713.0,724.0,725.0,758.0,809.0,814.0,827.0,848.0,856.0,859.0,863.0,900.0,910.0,932.0,967.0,973.0,
8.0,15.0,19.0,25.0,53.0,53.0,71.0,118.0,123.0,165.0,246.0,262.0,265.0,273.0,467.0,486.0,494.0,501.0,531.0,534.0,550.0,566.0,730.0,752.0,763.0,790.0,814.0,852.0,892.0,908.0,931.0,965.0,999.0,
26.0,39.0,42.0,78.0,96.0,116.0,152.0,221.0,237.0,296.0,319.0,356.0,359.0,443.0,448.0,509.0,525.0,546.0,556.0,572.0,576.0,636.0,682.0,691.0,709.0,748.0,779.0,905.0,933.0,937.0,974.0,985.0,
50.0,121.0,145.0,145.0,156.0,221.0,260.0,304.0,328.0,357.0,376.0,379.0,440.0,443.0,467.0,489.0,508.0,517.0,527.0,544.0,548.0,552.0,552.0,554.0,554.0,563.0,564.0,623.0,624.0,639.0,726.0,753.0,757.0,783.0,825.0,843.0,882.0,899.0,
18.0,59.0,61.0,63.0,109.0,145.0,157.0,209.0,294.0,294.0,299.0,304.0,309.0,344.0,354.0,396.0,406.0,446.0,472.0,498.0,506.0,523.0,590.0,620.0,655.0,808.0,820.0,850.0,888.0,893.0,965.0,970.0,
88.0,99.0,150.0,193.0,341.0,345.0,397.0,479.0,484.0,491.0,536.0,566.0,582.0,584.0,643.0,672.0,690.0,736.0,759.0,775.0,813.0,822.0,847.0,875.0,926.0,961.0,972.0,999.0,
40.0,116.0,193.0,256.0,283.0,299.0,310.0,337.0,397.0,444.0,448.0,477.0,491.0,508.0,543.0,555.0,581.0,583.0,600.0,602.0,602.0,622.0,628.0,629.0,634.0,642.0,648.0,667.0,672.0,675.0,699.0,729.0,747.0,764.0,810.0,842.0,889.0,923.0,936.0,951.0,
8.0,11.0,12.0,161.0,207.0,326.0,383.0,403.0,438.0,457.0,475.0,478.0,492.0,506.0,509.0,512.0,568.0,573.0,603.0,752.0,753.0,758.0,782.0,787.0,789.0,851.0,940.0,945.0,968.0,988.0,
58.0,74.0,101.0,152.0,167.0,178.0,193.0,204.0,220.0,259.0,287.0,300.0,375.0,528.0,528.0,532.0,540.0,542.0,551.0,555.0,567.0,567.0,589.0,615.0,679.0,737.0,741.0,800.0,846.0,866.0,885.0,891.0,985.0,994.0,995.0,
39.0,64.0,150.0,218.0,234.0,256.0,258.0,284.0,301.0,304.0,359.0,381.0,388.0,482.0,502.0,603.0,645.0,677.0,707.0,712.0,749.0,781.0,786.0,821.0,931.0,992.0,
31.0,38.0,126.0,127.0,137.0,189.0,229.0,238.0,249.0,261.0,265.0,272.0,295.0,307.0,371.0,376.0,406.0,440.0,444.0,474.0,580.0,586.0,586.0,591.0,600.0,604.0,608.0,715.0,741.0,748.0,911.0,934.0,940.0,940.0,988.0,
22.0,34.0,54.0,158.0,216.0,230.0,241.0,261.0,275.0,277.0,296.0,327.0,376.0,383.0,390.0,402.0,407.0,408.0,422.0,424.0,440.0,462.0,479.0,486.0,490.0,541.0,547.0,659.0,678.0,729.0,757.0,791.0,842.0,
12.0,82.0,91.0,164.0,184.0,294.0,313.0,336.0,355.0,372.0,378.0,381.0,382.0,444.0,458.0,479.0,485.0,526.0,561.0,692.0,696.0,696.0,707.0,710.0,711.0,776.0,822.0,830.0,834.0,842.0,845.0,854.0,915.0,936.0,946.0,957.0,959.0,963.0,982.0,996.0,
22.0,33.0,83.0,97.0,106.0,111.0,126.0,170.0,209.0,237.0,242.0,339.0,349.0,367.0,370.0,399.0,402.0,470.0,485.0,492.0,500.0,555.0,564.0,573.0,586.0,673.0,694.0,694.0,734.0,757.0,890.0,905.0,922.0,931.0,937.0,996.0,
109.0,125.0,128.0,138.0,233.0,240.0,242.0,266.0,317.0,332.0,349.0,366.0,375.0,390.0,444.0,495.0,536.0,569.0,592.0,607.0,622.0,807.0,809.0,820.0,852.0,901.0,941.0,963.0,972.0,982.0,997.0,
21.0,53.0,75.0,95.0,103.0,116.0,122.0,150.0,155.0,170.0,177.0,203.0,218.0,282.0,319.0,347.0,393.0,396.0,401.0,433.0,463.0,552.0,614.0,626.0,640.0,650.0,692.0,721.0,775.0,793.0,799.0,831.0,838.0,858.0,859.0,876.0,952.0,959.0,
20.0,121.0,130.0,149.0,213.0,244.0,253.0,267.0,270.0,272.0,283.0,310.0,315.0,321.0,329.0,354.0,370.0,374.0,441.0,457.0,507.0,528.0,536.0,552.0,569.0,574.0,579.0,592.0,600.0,641.0,659.0,759.0,779.0,808.0,824.0,842.0,856.0,882.0,933.0,934.0,972.0,991.0,1000.0,
30.0,35.0,104.0,146.0,178.0,205.0,238.0,274.0,287.0,290.0,309.0,320.0,380.0,381.0,396.0,397.0,428.0,439.0,464.0,537.0,564.0,574.0,580.0,609.0,675.0,687.0,708.0,718.0,723.0,740.0,751.0,774.0,800.0,810.0,840.0,857.0,916.0,991.0,
20.0,41.0,48.0,72.0,108.0,129.0,173.0,207.0,220.0,287.0,308.0,356.0,368.0,387.0,393.0,409.0,432.0,476.0,549.0,552.0,568.0,591.0,593.0,614.0,627.0,738.0,744.0,763.0,773.0,842.0,872.0,873.0,922.0,952.0,955.0,
18.0,23.0,65.0,69.0,85.0,153.0,175.0,188.0,222.0,236.0,243.0,245.0,301.0,330.0,334.0,375.0,431.0,438.0,511.0,574.0,626.0,654.0,655.0,684.0,767.0,771.0,793.0,804.0,961.0,962.0,980.0,
9.0,42.0,108.0,113.0,130.0,151.0,211.0,276.0,285.0,310.0,369.0,380.0,418.0,428.0,430.0,446.0,461.0,462.0,480.0,569.0,599.0,612.0,677.0,693.0,693.0,760.0,766.0,787.0,862.0,915.0,940.0,975.0,978.0,
2.0,41.0,51.0,101.0,151.0,223.0,250.0,286.0,334.0,401.0,420.0,420.0,455.0,581.0,583.0,598.0,603.0,618.0,626.0,644.0,797.0,813.0,820.0,824.0,863.0,886.0,917.0,934.0,968.0,995.0,
32.0,46.0,84.0,91.0,99.0,113.0,115.0,139.0,146.0,227.0,251.0,283.0,328.0,346.0,388.0,425.0,464.0,585.0,593.0,679.0,684.0,700.0,706.0,729.0,776.0,848.0,880.0,919.0,927.0,
17.0,20.0,57.0,57.0,71.0,86.0,96.0,132.0,203.0,278.0,307.0,311.0,336.0,340.0,341.0,390.0,454.0,470.0,503.0,550.0,560.0,587.0,597.0,693.0,784.0,834.0,839.0,927.0,956.0,
23.0,70.0,106.0,257.0,313.0,359.0,370.0,391.0,393.0,417.0,571.0,594.0,637.0,663.0,682.0,754.0,760.0,763.0,799.0,817.0,860.0,863.0,883.0,930.0,954.0,970.0,
43.0,81.0,93.0,113.0,191.0,222.0,238.0,240.0,278.0,298.0,305.0,369.0,380.0,386.0,392.0,424.0,426.0,439.0,472.0,501.0,508.0,523.0,531.0,553.0,570.0,573.0,579.0,588.0,615.0,616.0,619.0,648.0,655.0,659.0,719.0,734.0,736.0,753.0,771.0,780.0,787.0,807.0,812.0,817.0,850.0,907.0,917.0,917.0,962.0,973.0,
6.0,21.0,42.0,81.0,84.0,136.0,148.0,156.0,167.0,187.0,228.0,229.0,240.0,285.0,293.0,306.0,311.0,319.0,338.0,415.0,421.0,423.0,427.0,477.0,486.0,544.0,569.0,583.0,655.0,697.0,717.0,773.0,819.0,823.0,823.0,836.0,889.0,921.0,932.0,947.0,975.0,984.0,
104.0,119.0,134.0,159.0,160.0,247.0,267.0,311.0,339.0,460.0,465.0,472.0,493.0,511.0,545.0,565.0,602.0,626.0,643.0,688.0,739.0,764.0,792.0,809.0,826.0,836.0,857.0,930.0,931.0,994.0,996.0,
35.0,51.0,146.0,195.0,313.0,318.0,343.0,354.0,484.0,504.0,516.0,573.0,586.0,590.0,620.0,621.0,645.0,698.0,708.0,734.0,757.0,770.0,783.0,821.0,871.0,876.0,920.0,923.0,962.0,
25.0,92.0,96.0,134.0,179.0,192.0,326.0,331.0,365.0,366.0,440.0,450.0,476.0,534.0,539.0,545.0,616.0,618.0,620.0,621.0,622.0,629.0,699.0,714.0,725.0,736.0,828.0,830.0,933.0,953.0,970.0,
2.0,6.0,12.0,77.0,141.0,151.0,163.0,209.0,214.0,223.0,245.0,275.0,326.0,344.0,373.0,379.0,385.0,401.0,409.0,414.0,415.0,423.0,460.0,491.0,500.0,500.0,524.0,538.0,541.0,555.0,820.0,890.0,950.0,
32.0,57.0,67.0,84.0,107.0,129.0,134.0,135.0,138.0,199.0,233.0,273.0,304.0,305.0,308.0,342.0,375.0,489.0,549.0,561.0,568.0,586.0,721.0,788.0,851.0,868.0,879.0,945.0,947.0,980.0,
14.0,60.0,143.0,174.0,185.0,212.0,220.0,234.0,239.0,296.0,326.0,351.0,361.0,365.0,382.0,405.0,446.0,499.0,510.0,513.0,529.0,573.0,576.0,584.0,590.0,598.0,636.0,662.0,704.0,709.0,717.0,747.0,758.0,777.0,789.0,890.0,908.0,948.0,952.0,
32.0,106.0,155.0,173.0,245.0,274.0,303.0,309.0,413.0,420.0,422.0,441.0,464.0,523.0,534.0,573.0,630.0,647.0,687.0,716.0,728.0,748.0,760.0,804.0,819.0,848.0,873.0,980.0,998.0,
11.0,31.0,50.0,95.0,208.0,246.0,266.0,276.0,281.0,314.0,317.0,334.0,380.0,423.0,424.0,434.0,442.0,450.0,483.0,499.0,522.0,540.0,635.0,653.0,654.0,666.0,672.0,700.0,704.0,737.0,762.0,817.0,884.0,910.0,983.0,990.0,
86.0,98.0,134.0,169.0,177.0,183.0,186.0,194.0,211.0,253.0,259.0,286.0,309.0,336.0,361.0,455.0,479.0,492.0,512.0,539.0,541.0,555.0,565.0,569.0,580.0,655.0,657.0,672.0,697.0,710.0,734.0,756.0,772.0,775.0,815.0,888.0,892.0,909.0,940.0,956.0,970.0,970.0,
42.0,86.0,92.0,100.0,219.0,277.0,299.0,317.0,325.0,414.0,417.0,422.0,429.0,439.0,581.0,585.0,618.0,626.0,637.0,652.0,686.0,723.0,761.0,775.0,810.0,841.0,842.0,843.0,851.0,864.0,909.0,915.0,957.0,993.0,
3.0,13.0,49.0,55.0,56.0,66.0,74.0,76.0,76.0,77.0,121.0,136.0,153.0,171.0,185.0,203.0,232.0,236.0,245.0,246.0,253.0,264.0,301.0,381.0,396.0,428.0,468.0,490.0,516.0,573.0,583.0,609.0,611.0,622.0,640.0,663.0,711.0,718.0,720.0,721.0,781.0,799.0,839.0,840.0,847.0,860.0,939.0,958.0,985.0,
3.0,9.0,12.0,25.0,32.0,49.0,57.0,65.0,77.0,78.0,149.0,168.0,207.0,216.0,217.0,222.0,294.0,338.0,347.0,409.0,418.0,441.0,442.0,498.0,502.0,522.0,528.0,531.0,575.0,578.0,628.0,642.0,648.0,663.0,669.0,743.0,748.0,752.0,800.0,822.0,876.0,916.0,948.0,974.0,981.0,999.0,
75.0,183.0,193.0,203.0,206.0,206.0,207.0,238.0,279.0,286.0,333.0,333.0,355.0,408.0,443.0,453.0,489.0,535.0,549.0,553.0,584.0,674.0,712.0,744.0,745.0,753.0,762.0,817.0,894.0,895.0,922.0,944.0,964.0,
34.0,45.0,72.0,80.0,117.0,248.0,278.0,293.0,329.0,362.0,388.0,429.0,452.0,509.0,509.0,514.0,527.0,538.0,601.0,646.0,658.0,736.0,750.0,763.0,837.0,931.0,945.0,962.0,999.0,
3.0,3.0,8.0,61.0,63.0,66.0,71.0,147.0,180.0,198.0,211.0,260.0,273.0,299.0,310.0,319.0,344.0,357.0,359.0,406.0,410.0,480.0,502.0,548.0,590.0,618.0,640.0,650.0,656.0,702.0,710.0,758.0,786.0,871.0,882.0,888.0,894.0,898.0,995.0,
9.0,53.0,65.0,78.0,111.0,184.0,186.0,210.0,250.0,316.0,366.0,399.0,464.0,481.0,496.0,502.0,507.0,526.0,540.0,541.0,547.0,576.0,578.0,596.0,614.0,622.0,632.0,649.0,703.0,714.0,722.0,724.0,745.0,782.0,788.0,793.0,799.0,808.0,823.0,831.0,833.0,836.0,853.0,869.0,881.0,889.0,892.0,904.0,915.0,926.0,949.0,970.0,990.0,
50.0,81.0,88.0,149.0,181.0,205.0,227.0,238.0,258.0,310.0,335.0,336.0,355.0,361.0,412.0,443.0,449.0,509.0,521.0,531.0,553.0,579.0,590.0,619.0,704.0,711.0,739.0,752.0,753.0,787.0,838.0,880.0,907.0,917.0,973.0,992.0,
3.0,8.0,18.0,52.0,72.0,133.0,168.0,169.0,199.0,204.0,220.0,224.0,232.0,235.0,249.0,269.0,285.0,318.0,326.0,340.0,344.0,420.0,422.0,463.0,464.0,506.0,522.0,527.0,532.0,574.0,582.0,593.0,597.0,600.0,614.0,633.0,681.0,705.0,712.0,745.0,777.0,806.0,810.0,815.0,816.0,867.0,926.0,938.0,938.0,939.0,985.0,
7.0,32.0,71.0,112.0,154.0,173.0,254.0,282.0,317.0,345.0,347.0,363.0,381.0,383.0,391.0,405.0,419.0,458.0,483.0,495.0,597.0,607.0,613.0,631.0,634.0,659.0,691.0,695.0,752.0,757.0,775.0,798.0,924.0,941.0,969.0,977.0,984.0,990.0,
5.0,122.0,131.0,133.0,175.0,207.0,222.0,227.0,241.0,247.0,270.0,295.0,411.0,428.0,452.0,456.0,459.0,476.0,489.0,502.0,523.0,528.0,556.0,557.0,602.0,616.0,618.0,637.0,673.0,697.0,779.0,793.0,885.0,889.0,910.0,913.0,917.0,963.0,
3.0,5.0,33.0,75.0,84.0,89.0,103.0,146.0,178.0,212.0,251.0,270.0,320.0,337.0,341.0,385.0,419.0,481.0,503.0,553.0,573.0,575.0,603.0,615.0,622.0,629.0,636.0,642.0,677.0,706.0,745.0,760.0,780.0,801.0,832.0,850.0,865.0,866.0,874.0,874.0,885.0,887.0,888.0,905.0,906.0,912.0,937.0,949.0,958.0,964.0,998.0,
63.0,102.0,148.0,166.0,244.0,255.0,256.0,276.0,285.0,334.0,342.0,379.0,402.0,403.0,451.0,474.0,485.0,500.0,627.0,637.0,651.0,718.0,724.0,734.0,784.0,832.0,852.0,929.0,973.0,999.0,
13.0,15.0,79.0,145.0,161.0,169.0,181.0,209.0,251.0,272.0,347.0,356.0,381.0,383.0,491.0,543.0,563.0,616.0,640.0,731.0,753.0,757.0,777.0,824.0,838.0,887.0,961.0,974.0,988.0,
49.0,75.0,88.0,126.0,130.0,164.0,227.0,269.0,382.0,425.0,425.0,510.0,525.0,547.0,549.0,574.0,608.0,619.0,646.0,790.0,842.0,852.0,881.0,915.0,923.0,923.0,982.0,985.0,
8.0,34.0,57.0,59.0,106.0,109.0,130.0,136.0,164.0,176.0,179.0,195.0,252.0,294.0,299.0,340.0,360.0,381.0,431.0,435.0,437.0,438.0,447.0,492.0,511.0,560.0,564.0,614.0,646.0,686.0,707.0,786.0,792.0,794.0,915.0,924.0,926.0,941.0,945.0,984.0,
15.0,17.0,18.0,107.0,109.0,127.0,209.0,252.0,265.0,304.0,304.0,311.0,316.0,335.0,349.0,361.0,448.0,546.0,576.0,625.0,652.0,656.0,753.0,759.0,827.0,828.0,830.0,836.0,844.0,879.0,888.0,927.0,
42.0,52.0,73.0,105.0,106.0,111.0,134.0,139.0,174.0,235.0,242.0,244.0,246.0,271.0,301.0,320.0,327.0,347.0,390.0,414.0,462.0,505.0,517.0,522.0,535.0,544.0,644.0,685.0,718.0,721.0,745.0,827.0,834.0,842.0,935.0,
15.0,32.0,97.0,110.0,156.0,163.0,187.0,229.0,323.0,325.0,353.0,368.0,384.0,405.0,417.0,454.0,458.0,538.0,545.0,580.0,593.0,626.0,626.0,640.0,682.0,754.0,773.0,776.0,831.0,840.0,853.0,857.0,879.0,902.0,979.0,982.0,
36.0,54.0,91.0,96.0,98.0,98.0,141.0,159.0,164.0,178.0,187.0,189.0,195.0,198.0,202.0,204.0,211.0,250.0,254.0,259.0,342.0,361.0,370.0,406.0,416.0,427.0,443.0,487.0,601.0,602.0,674.0,702.0,728.0,743.0,775.0,776.0,872.0,955.0,961.0,991.0,
29.0,83.0,103.0,113.0,154.0,154.0,156.0,203.0,212.0,218.0,235.0,263.0,272.0,281.0,312.0,329.0,342.0,400.0,462.0,471.0,475.0,477.0,527.0,545.0,551.0,571.0,611.0,654.0,662.0,685.0,746.0,750.0,761.0,764.0,779.0,831.0,855.0,928.0,985.0,988.0,992.0,
27.0,29.0,42.0,46.0,51.0,72.0,196.0,199.0,209.0,225.0,252.0,327.0,331.0,333.0,343.0,379.0,398.0,415.0,420.0,443.0,472.0,478.0,501.0,525.0,577.0,580.0,649.0,679.0,693.0,713.0,771.0,772.0,794.0,847.0,850.0,852.0,905.0,931.0,943.0,994.0,995.0,
73.0,78.0,98.0,130.0,142.0,157.0,161.0,199.0,207.0,208.0,272.0,290.0,292.0,330.0,356.0,412.0,448.0,462.0,479.0,544.0,546.0,570.0,637.0,685.0,735.0,772.0,813.0,850.0,867.0,881.0,959.0,
19.0,24.0,27.0,28.0,60.0,68.0,112.0,120.0,196.0,241.0,266.0,277.0,298.0,315.0,347.0,394.0,442.0,466.0,473.0,489.0,586.0,589.0,589.0,589.0,601.0,602.0,606.0,633.0,652.0,674.0,698.0,746.0,756.0,810.0,844.0,844.0,845.0,847.0,867.0,874.0,882.0,887.0,913.0,944.0,970.0,975.0,
10.0,54.0,140.0,160.0,218.0,225.0,233.0,323.0,371.0,374.0,394.0,406.0,408.0,412.0,422.0,422.0,451.0,454.0,489.0,524.0,575.0,582.0,614.0,650.0,659.0,698.0,808.0,815.0,816.0,853.0,861.0,889.0,897.0,905.0,987.0,987.0,
50.0,57.0,70.0,86.0,94.0,129.0,141.0,160.0,168.0,215.0,220.0,238.0,247.0,251.0,251.0,258.0,266.0,279.0,314.0,354.0,360.0,391.0,450.0,485.0,492.0,499.0,510.0,563.0,574.0,591.0,595.0,629.0,671.0,689.0,734.0,753.0,754.0,770.0,821.0,825.0,899.0,900.0,947.0,948.0,956.0,
62.0,168.0,209.0,220.0,224.0,224.0,261.0,341.0,358.0,391.0,394.0,395.0,474.0,516.0,535.0,546.0,548.0,549.0,588.0,602.0,673.0,676.0,689.0,760.0,767.0,820.0,875.0,914.0,928.0,
15.0,31.0,34.0,50.0,63.0,73.0,77.0,83.0,110.0,122.0,181.0,233.0,269.0,308.0,331.0,363.0,369.0,386.0,401.0,436.0,472.0,490.0,507.0,517.0,545.0,575.0,627.0,640.0,675.0,696.0,697.0,698.0,704.0,706.0,710.0,779.0,854.0,862.0,901.0,
24.0,39.0,43.0,50.0,62.0,66.0,89.0,165.0,182.0,189.0,261.0,293.0,371.0,378.0,384.0,399.0,403.0,415.0,424.0,523.0,568.0,578.0,675.0,680.0,714.0,739.0,784.0,787.0,817.0,918.0,923.0,924.0,957.0,
5.0,34.0,53.0,64.0,108.0,143.0,168.0,186.0,204.0,209.0,210.0,247.0,261.0,297.0,303.0,312.0,313.0,352.0,356.0,376.0,422.0,449.0,468.0,474.0,504.0,508.0,531.0,531.0,533.0,562.0,583.0,608.0,658.0,697.0,734.0,743.0,770.0,786.0,789.0,880.0,884.0,897.0,912.0,964.0,984.0,995.0,997.0,
3.0,8.0,10.0,39.0,63.0,78.0,136.0,141.0,166.0,167.0,184.0,207.0,212.0,213.0,238.0,270.0,288.0,300.0,316.0,335.0,348.0,386.0,396.0,401.0,449.0,457.0,463.0,463.0,464.0,477.0,542.0,561.0,572.0,586.0,613.0,617.0,645.0,662.0,667.0,701.0,724.0,751.0,755.0,811.0,888.0,930.0,930.0,945.0,950.0,965.0,991.0,
2.0,10.0,85.0,119.0,123.0,169.0,260.0,264.0,308.0,327.0,347.0,387.0,391.0,420.0,423.0,427.0,485.0,492.0,494.0,504.0,593.0,624.0,665.0,706.0,734.0,827.0,906.0,922.0,958.0,961.0,
66.0,105.0,154.0,155.0,170.0,237.0,251.0,301.0,304.0,305.0,326.0,337.0,344.0,361.0,366.0,386.0,391.0,408.0,439.0,586.0,607.0,623.0,655.0,661.0,687.0,731.0,751.0,775.0,814.0,829.0,829.0,860.0,887.0,915.0,919.0,965.0,998.0,
9.0,31.0,59.0,83.0,90.0,106.0,114.0,157.0,171.0,181.0,200.0,200.0,203.0,210.0,239.0,251.0,259.0,379.0,457.0,464.0,470.0,498.0,505.0,507.0,526.0,536.0,552.0,564.0,588.0,617.0,644.0,689.0,699.0,707.0,710.0,736.0,736.0,775.0,795.0,817.0,870.0,946.0,955.0,964.0,
2.0,23.0,51.0,94.0,119.0,149.0,157.0,177.0,201.0,288.0,295.0,312.0,335.0,336.0,360.0,362.0,383.0,387.0,425.0,430.0,442.0,538.0,569.0,647.0,678.0,732.0,753.0,764.0,772.0,809.0,825.0,887.0,887.0,892.0,901.0,908.0,926.0,938.0,959.0,978.0,
30.0,31.0,35.0,65.0,81.0,82.0,110.0,177.0,215.0,277.0,366.0,427.0,437.0,465.0,643.0,665.0,677.0,777.0,786.0,840.0,841.0,844.0,844.0,875.0,880.0,902.0,923.0,953.0,992.0,997.0,
26.0,80.0,97.0,101.0,112.0,115.0,160.0,189.0,259.0,267.0,286.0,296.0,302.0,328.0,377.0,393.0,436.0,478.0,479.0,479.0,498.0,547.0,561.0,575.0,584.0,654.0,693.0,707.0,758.0,762.0,812.0,853.0,861.0,862.0,902.0,928.0,942.0,949.0,961.0,978.0,
9.0,14.0,36.0,67.0,70.0,85.0,137.0,156.0,174.0,201.0,248.0,267.0,288.0,317.0,326.0,342.0,361.0,368.0,372.0,385.0,389.0,465.0,545.0,563.0,624.0,660.0,664.0,674.0,679.0,692.0,695.0,705.0,720.0,809.0,814.0,854.0,873.0,902.0,918.0,944.0,990.0,990.0,
5.0,23.0,67.0,71.0,74.0,155.0,202.0,203.0,210.0,211.0,234.0,246.0,275.0,299.0,313.0,319.0,328.0,384.0,384.0,385.0,403.0,418.0,460.0,719.0,842.0,869.0,869.0,909.0,945.0,955.0,985.0,
18.0,72.0,76.0,107.0,120.0,132.0,136.0,150.0,158.0,165.0,180.0,193.0,251.0,287.0,373.0,394.0,413.0,421.0,434.0,529.0,540.0,549.0,592.0,605.0,606.0,634.0,646.0,703.0,704.0,805.0,855.0,862.0,868.0,877.0,890.0,904.0,908.0,945.0,985.0,998.0,
50.0,72.0,73.0,99.0,107.0,151.0,171.0,211.0,215.0,234.0,274.0,284.0,317.0,370.0,377.0,410.0,427.0,453.0,485.0,491.0,494.0,535.0,620.0,643.0,661.0,662.0,663.0,682.0,700.0,728.0,733.0,734.0,778.0,780.0,795.0,831.0,851.0,854.0,865.0,921.0,946.0,959.0,975.0,
3.0,45.0,87.0,122.0,133.0,144.0,170.0,173.0,204.0,205.0,241.0,310.0,339.0,360.0,361.0,504.0,511.0,585.0,607.0,640.0,667.0,672.0,715.0,786.0,823.0,826.0,832.0,842.0,848.0,872.0,932.0,975.0,975.0,995.0,998.0,
29.0,104.0,143.0,145.0,150.0,246.0,272.0,274.0,283.0,298.0,335.0,353.0,363.0,372.0,378.0,399.0,440.0,441.0,486.0,506.0,537.0,572.0,603.0,613.0,667.0,712.0,736.0,756.0,764.0,801.0,814.0,850.0,851.0,862.0,888.0,911.0,920.0,939.0,962.0,
75.0,121.0,152.0,279.0,285.0,309.0,342.0,358.0,393.0,442.0,461.0,487.0,535.0,595.0,628.0,686.0,693.0,696.0,698.0,700.0,724.0,745.0,776.0,787.0,864.0,933.0,944.0,
43.0,54.0,86.0,150.0,178.0,199.0,232.0,271.0,313.0,315.0,450.0,488.0,580.0,597.0,620.0,643.0,677.0,679.0,683.0,692.0,748.0,774.0,808.0,815.0,861.0,867.0,917.0,
16.0,29.0,78.0,118.0,122.0,132.0,165.0,209.0,231.0,233.0,273.0,298.0,336.0,366.0,412.0,439.0,449.0,477.0,557.0,580.0,605.0,609.0,614.0,616.0,638.0,643.0,651.0,684.0,719.0,774.0,803.0,825.0,875.0,897.0,918.0,941.0,976.0,985.0,
41.0,49.0,66.0,84.0,136.0,146.0,162.0,192.0,331.0,368.0,373.0,391.0,465.0,474.0,487.0,511.0,538.0,543.0,546.0,600.0,601.0,606.0,612.0,689.0,701.0,706.0,709.0,737.0,738.0,778.0,802.0,830.0,846.0,883.0,894.0,947.0,957.0,958.0,
2.0,18.0,60.0,122.0,127.0,150.0,161.0,187.0,222.0,225.0,234.0,279.0,335.0,408.0,492.0,506.0,518.0,525.0,538.0,546.0,558.0,598.0,680.0,707.0,711.0,727.0,756.0,793.0,832.0,836.0,849.0,861.0,877.0,934.0,935.0,945.0,955.0,965.0,983.0,
32.0,82.0,88.0,97.0,98.0,105.0,164.0,196.0,221.0,253.0,316.0,317.0,352.0,410.0,440.0,475.0,477.0,479.0,537.0,566.0,586.0,618.0,624.0,682.0,697.0,718.0,746.0,758.0,779.0,792.0,803.0,837.0,840.0,842.0,856.0,864.0,905.0,952.0,971.0,973.0,974.0,999.0,1000.0,
2.0,4.0,27.0,32.0,59.0,63.0,63.0,86.0,104.0,165.0,190.0,273.0,276.0,296.0,318.0,341.0,351.0,380.0,389.0,393.0,419.0,433.0,437.0,445.0,448.0,451.0,472.0,538.0,556.0,567.0,606.0,623.0,681.0,683.0,728.0,783.0,810.0,841.0,898.0,911.0,932.0,985.0,
22.0,24.0,31.0,131.0,145.0,155.0,158.0,161.0,204.0,211.0,269.0,319.0,336.0,341.0,342.0,361.0,377.0,411.0,465.0,481.0,502.0,536.0,553.0,555.0,561.0,596.0,619.0,652.0,667.0,684.0,734.0,755.0,796.0,866.0,882.0,888.0,949.0,955.0,957.0,966.0,
