2.0,32.0,42.0,104.0,149.0,176.0,178.0,202.0,224.0,247.0,287.0,288.0,309.0,383.0,413.0,422.0,425.0,502.0,539.0,544.0,563.0,592.0,614.0,637.0,652.0,661.0,722.0,774.0,820.0,845.0,846.0,897.0,898.0,945.0,975.0,976.0,982.0,997.0,998.0,
15.0,24.0,69.0,84.0,117.0,131.0,156.0,175.0,257.0,271.0,315.0,361.0,381.0,444.0,486.0,509.0,511.0,555.0,564.0,579.0,582.0,601.0,603.0,659.0,722.0,730.0,754.0,779.0,801.0,809.0,838.0,941.0,942.0,951.0,954.0,957.0,994.0,
42.0,69.0,87.0,123.0,131.0,163.0,200.0,299.0,340.0,365.0,376.0,415.0,427.0,438.0,488.0,511.0,568.0,569.0,574.0,609.0,623.0,628.0,632.0,635.0,636.0,710.0,762.0,770.0,797.0,826.0,889.0,901.0,909.0,916.0,921.0,956.0,956.0,
6.0,12.0,32.0,43.0,58.0,62.0,114.0,126.0,138.0,158.0,161.0,167.0,192.0,193.0,211.0,212.0,219.0,261.0,307.0,320.0,338.0,373.0,382.0,390.0,417.0,457.0,470.0,490.0,500.0,583.0,611.0,625.0,643.0,654.0,666.0,695.0,701.0,738.0,797.0,836.0,858.0,900.0,977.0,998.0,
63.0,129.0,150.0,204.0,227.0,233.0,259.0,315.0,322.0,372.0,390.0,416.0,464.0,473.0,493.0,515.0,531.0,548.0,583.0,598.0,609.0,657.0,664.0,677.0,755.0,806.0,826.0,830.0,878.0,951.0,954.0,968.0,996.0,
54.0,77.0,117.0,125.0,191.0,220.0,270.0,283.0,326.0,367.0,369.0,372.0,443.0,470.0,514.0,515.0,625.0,645.0,645.0,673.0,689.0,731.0,741.0,791.0,816.0,890.0,899.0,908.0,909.0,966.0,999.0,
22.0,23.0,50.0,152.0,154.0,186.0,212.0,237.0,259.0,273.0,285.0,307.0,345.0,431.0,471.0,501.0,523.0,528.0,538.0,540.0,595.0,605.0,637.0,674.0,676.0,687.0,711.0,723.0,768.0,793.0,827.0,838.0,856.0,890.0,910.0,934.0,
24.0,36.0,80.0,95.0,105.0,140.0,152.0,176.0,181.0,196.0,212.0,237.0,240.0,258.0,349.0,352.0,367.0,373.0,405.0,522.0,617.0,618.0,653.0,673.0,709.0,719.0,732.0,776.0,793.0,844.0,886.0,895.0,934.0,945.0,980.0,
31.0,53.0,88.0,119.0,158.0,184.0,191.0,244.0,267.0,285.0,311.0,317.0,359.0,386.0,403.0,406.0,426.0,470.0,479.0,509.0,514.0,522.0,528.0,562.0,563.0,576.0,632.0,635.0,681.0,703.0,805.0,837.0,851.0,859.0,885.0,993.0,
18.0,24.0,86.0,106.0,144.0,272.0,308.0,317.0,353.0,365.0,374.0,396.0,416.0,429.0,463.0,463.0,464.0,475.0,500.0,500.0,545.0,603.0,631.0,636.0,648.0,744.0,780.0,780.0,786.0,794.0,796.0,812.0,820.0,838.0,844.0,866.0,885.0,899.0,901.0,924.0,956.0,
14.0,41.0,94.0,139.0,145.0,211.0,216.0,236.0,281.0,331.0,356.0,385.0,429.0,467.0,489.0,493.0,521.0,532.0,552.0,568.0,572.0,578.0,586.0,712.0,744.0,754.0,757.0,778.0,791.0,830.0,869.0,929.0,958.0,984.0,
6.0,24.0,92.0,94.0,114.0,164.0,174.0,175.0,196.0,236.0,264.0,270.0,284.0,333.0,348.0,355.0,380.0,386.0,434.0,435.0,459.0,497.0,503.0,514.0,524.0,564.0,570.0,598.0,671.0,705.0,718.0,733.0,764.0,798.0,804.0,842.0,861.0,895.0,898.0,945.0,958.0,974.0,
43.0,126.0,144.0,181.0,255.0,301.0,305.0,308.0,351.0,412.0,434.0,437.0,461.0,462.0,491.0,491.0,495.0,520.0,553.0,571.0,571.0,572.0,591.0,605.0,609.0,614.0,622.0,686.0,738.0,756.0,769.0,782.0,804.0,848.0,875.0,879.0,888.0,893.0,900.0,912.0,937.0,961.0,979.0,
54.0,59.0,70.0,88.0,160.0,161.0,173.0,193.0,196.0,201.0,319.0,351.0,358.0,411.0,471.0,494.0,532.0,547.0,577.0,607.0,609.0,633.0,653.0,665.0,676.0,682.0,725.0,731.0,732.0,736.0,739.0,775.0,800.0,889.0,897.0,908.0,942.0,954.0,990.0,998.0,
36.0,54.0,56.0,65.0,84.0,90.0,111.0,135.0,143.0,152.0,187.0,230.0,337.0,341.0,350.0,371.0,373.0,388.0,396.0,433.0,445.0,461.0,492.0,539.0,548.0,557.0,594.0,723.0,727.0,759.0,766.0,793.0,796.0,812.0,830.0,836.0,844.0,892.0,917.0,960.0,995.0,
17.0,22.0,67.0,117.0,177.0,194.0,195.0,241.0,252.0,339.0,365.0,398.0,410.0,413.0,445.0,461.0,526.0,535.0,563.0,584.0,707.0,746.0,750.0,762.0,785.0,811.0,941.0,944.0,976.0,990.0,
3.0,90.0,97.0,150.0,153.0,210.0,231.0,317.0,336.0,350.0,441.0,525.0,556.0,556.0,576.0,593.0,677.0,711.0,714.0,750.0,753.0,754.0,791.0,791.0,843.0,843.0,847.0,913.0,916.0,930.0,934.0,962.0,
4.0,19.0,28.0,36.0,78.0,94.0,107.0,117.0,120.0,148.0,165.0,168.0,192.0,303.0,345.0,350.0,354.0,379.0,410.0,511.0,555.0,660.0,685.0,698.0,736.0,737.0,745.0,747.0,750.0,801.0,809.0,810.0,831.0,837.0,841.0,846.0,846.0,876.0,882.0,937.0,990.0,
46.0,73.0,98.0,109.0,133.0,141.0,185.0,187.0,188.0,201.0,239.0,253.0,262.0,269.0,344.0,419.0,424.0,504.0,525.0,587.0,648.0,654.0,698.0,755.0,860.0,877.0,878.0,881.0,905.0,
20.0,22.0,32.0,35.0,55.0,112.0,116.0,151.0,154.0,179.0,240.0,256.0,294.0,315.0,331.0,341.0,356.0,367.0,375.0,379.0,394.0,411.0,444.0,453.0,457.0,480.0,505.0,561.0,583.0,597.0,603.0,678.0,688.0,704.0,765.0,767.0,774.0,776.0,782.0,790.0,793.0,797.0,807.0,916.0,918.0,924.0,949.0,958.0,960.0,
28.0,125.0,175.0,277.0,294.0,326.0,336.0,373.0,374.0,423.0,467.0,479.0,497.0,499.0,560.0,593.0,650.0,680.0,695.0,718.0,735.0,756.0,773.0,775.0,817.0,868.0,876.0,
27.0,39.0,65.0,67.0,86.0,116.0,128.0,130.0,132.0,169.0,177.0,178.0,190.0,197.0,225.0,239.0,242.0,285.0,378.0,387.0,394.0,412.0,452.0,454.0,467.0,484.0,504.0,522.0,576.0,733.0,736.0,744.0,750.0,787.0,811.0,845.0,881.0,901.0,930.0,932.0,936.0,952.0,996.0,
6.0,112.0,191.0,215.0,226.0,229.0,317.0,326.0,339.0,339.0,348.0,351.0,356.0,386.0,400.0,405.0,447.0,462.0,468.0,566.0,595.0,647.0,695.0,697.0,721.0,769.0,819.0,825.0,834.0,882.0,916.0,
10.0,18.0,39.0,42.0,51.0,89.0,94.0,98.0,105.0,109.0,140.0,185.0,282.0,374.0,457.0,580.0,616.0,681.0,682.0,714.0,725.0,736.0,760.0,761.0,799.0,816.0,834.0,841.0,866.0,867.0,927.0,933.0,984.0,990.0,995.0,
21.0,75.0,85.0,104.0,141.0,159.0,160.0,168.0,171.0,189.0,223.0,232.0,256.0,313.0,374.0,418.0,456.0,485.0,494.0,505.0,509.0,547.0,575.0,598.0,618.0,634.0,655.0,662.0,670.0,710.0,717.0,725.0,765.0,830.0,871.0,908.0,912.0,941.0,956.0,976.0,981.0,991.0,
74.0,293.0,349.0,447.0,448.0,520.0,576.0,578.0,595.0,620.0,624.0,654.0,665.0,749.0,794.0,801.0,844.0,847.0,854.0,946.0,958.0,962.0,
36.0,70.0,108.0,115.0,116.0,134.0,137.0,148.0,167.0,195.0,213.0,214.0,226.0,237.0,259.0,318.0,363.0,365.0,379.0,414.0,423.0,430.0,472.0,472.0,485.0,494.0,533.0,555.0,564.0,571.0,587.0,610.0,612.0,624.0,656.0,686.0,745.0,782.0,793.0,825.0,844.0,865.0,877.0,917.0,926.0,929.0,946.0,989.0,
101.0,115.0,179.0,186.0,230.0,235.0,250.0,278.0,283.0,294.0,408.0,433.0,454.0,478.0,529.0,577.0,600.0,622.0,653.0,665.0,667.0,673.0,702.0,763.0,770.0,777.0,823.0,851.0,877.0,892.0,950.0,952.0,990.0,
12.0,17.0,33.0,51.0,105.0,119.0,122.0,151.0,168.0,180.0,229.0,233.0,257.0,334.0,336.0,348.0,361.0,396.0,418.0,452.0,502.0,505.0,572.0,589.0,647.0,650.0,725.0,794.0,817.0,820.0,820.0,823.0,881.0,907.0,914.0,921.0,931.0,949.0,975.0,
18.0,21.0,36.0,44.0,52.0,73.0,82.0,102.0,127.0,189.0,193.0,220.0,333.0,358.0,370.0,402.0,413.0,427.0,448.0,461.0,465.0,479.0,483.0,506.0,521.0,582.0,616.0,629.0,636.0,644.0,649.0,713.0,733.0,788.0,803.0,814.0,831.0,
15.0,107.0,128.0,236.0,277.0,307.0,322.0,340.0,345.0,349.0,353.0,371.0,387.0,400.0,444.0,474.0,501.0,504.0,512.0,529.0,550.0,584.0,592.0,605.0,670.0,681.0,697.0,701.0,702.0,716.0,758.0,760.0,814.0,895.0,897.0,962.0,966.0,969.0,996.0,
44.0,53.0,54.0,57.0,59.0,72.0,72.0,91.0,123.0,136.0,144.0,185.0,187.0,217.0,219.0,231.0,304.0,325.0,330.0,390.0,454.0,470.0,489.0,493.0,536.0,578.0,616.0,640.0,668.0,683.0,714.0,731.0,748.0,785.0,802.0,850.0,891.0,899.0,906.0,934.0,935.0,963.0,966.0,975.0,981.0,989.0,
14.0,76.0,130.0,145.0,150.0,171.0,192.0,205.0,236.0,328.0,335.0,383.0,412.0,436.0,490.0,505.0,513.0,565.0,608.0,610.0,664.0,686.0,727.0,730.0,780.0,788.0,797.0,799.0,829.0,839.0,874.0,972.0,1000.0,
11.0,90.0,109.0,128.0,132.0,145.0,148.0,224.0,230.0,266.0,276.0,458.0,516.0,535.0,563.0,591.0,594.0,615.0,624.0,639.0,661.0,706.0,772.0,774.0,782.0,793.0,822.0,828.0,898.0,920.0,927.0,960.0,982.0,986.0,
75.0,81.0,99.0,118.0,207.0,217.0,240.0,240.0,279.0,281.0,315.0,406.0,435.0,506.0,554.0,559.0,572.0,607.0,638.0,649.0,782.0,795.0,821.0,868.0,957.0,993.0,
2.0,23.0,100.0,116.0,134.0,147.0,175.0,178.0,215.0,223.0,229.0,248.0,291.0,311.0,312.0,340.0,343.0,394.0,400.0,412.0,492.0,504.0,514.0,514.0,529.0,543.0,602.0,622.0,647.0,679.0,720.0,772.0,820.0,867.0,879.0,882.0,897.0,911.0,974.0,996.0,
15.0,71.0,79.0,79.0,189.0,209.0,217.0,231.0,232.0,270.0,308.0,320.0,351.0,425.0,444.0,465.0,470.0,526.0,577.0,613.0,614.0,618.0,618.0,621.0,626.0,633.0,646.0,653.0,669.0,737.0,766.0,777.0,793.0,796.0,909.0,910.0,937.0,956.0,956.0,
40.0,66.0,135.0,145.0,154.0,204.0,249.0,255.0,301.0,320.0,353.0,374.0,375.0,423.0,446.0,507.0,533.0,565.0,579.0,606.0,613.0,632.0,707.0,709.0,775.0,868.0,902.0,909.0,925.0,933.0,957.0,979.0,993.0,
20.0,52.0,55.0,86.0,118.0,124.0,128.0,130.0,139.0,184.0,239.0,242.0,252.0,269.0,292.0,311.0,335.0,341.0,356.0,361.0,431.0,431.0,445.0,451.0,476.0,504.0,510.0,558.0,583.0,609.0,635.0,681.0,681.0,695.0,707.0,738.0,833.0,878.0,922.0,942.0,954.0,963.0,
48.0,50.0,63.0,78.0,122.0,140.0,146.0,175.0,191.0,220.0,223.0,244.0,254.0,326.0,334.0,384.0,409.0,419.0,428.0,435.0,445.0,461.0,510.0,518.0,569.0,621.0,664.0,670.0,681.0,698.0,708.0,746.0,794.0,804.0,853.0,864.0,869.0,869.0,871.0,883.0,893.0,951.0,
43.0,59.0,77.0,138.0,152.0,155.0,158.0,162.0,162.0,183.0,203.0,227.0,230.0,270.0,301.0,307.0,351.0,399.0,486.0,517.0,562.0,591.0,592.0,610.0,639.0,644.0,666.0,704.0,721.0,736.0,778.0,794.0,813.0,827.0,844.0,
14.0,23.0,27.0,86.0,96.0,112.0,115.0,120.0,167.0,168.0,217.0,220.0,228.0,246.0,289.0,301.0,305.0,311.0,341.0,353.0,354.0,365.0,383.0,429.0,433.0,493.0,526.0,559.0,586.0,592.0,595.0,603.0,638.0,652.0,737.0,789.0,802.0,809.0,942.0,969.0,
31.0,79.0,144.0,152.0,156.0,162.0,167.0,170.0,189.0,217.0,218.0,220.0,233.0,292.0,316.0,326.0,354.0,364.0,380.0,419.0,452.0,458.0,482.0,484.0,500.0,517.0,524.0,568.0,663.0,667.0,710.0,733.0,764.0,781.0,787.0,792.0,870.0,914.0,1000.0,
4.0,100.0,113.0,116.0,116.0,123.0,133.0,148.0,165.0,226.0,242.0,323.0,327.0,327.0,451.0,471.0,494.0,511.0,515.0,517.0,528.0,589.0,593.0,619.0,619.0,623.0,646.0,749.0,753.0,754.0,758.0,760.0,783.0,810.0,816.0,908.0,931.0,942.0,
33.0,54.0,123.0,154.0,160.0,168.0,196.0,236.0,254.0,264.0,267.0,268.0,293.0,361.0,391.0,425.0,491.0,499.0,502.0,513.0,573.0,673.0,675.0,780.0,806.0,828.0,851.0,877.0,878.0,894.0,904.0,915.0,923.0,973.0,
34.0,37.0,101.0,149.0,176.0,231.0,231.0,242.0,263.0,264.0,295.0,336.0,341.0,357.0,370.0,394.0,431.0,432.0,461.0,473.0,510.0,515.0,522.0,583.0,631.0,639.0,646.0,679.0,698.0,756.0,783.0,848.0,860.0,862.0,885.0,890.0,898.0,942.0,944.0,973.0,
18.0,51.0,52.0,67.0,90.0,94.0,106.0,110.0,202.0,219.0,243.0,278.0,329.0,330.0,339.0,341.0,361.0,363.0,373.0,392.0,406.0,417.0,433.0,450.0,477.0,480.0,492.0,524.0,527.0,546.0,551.0,622.0,626.0,729.0,752.0,756.0,790.0,819.0,840.0,863.0,865.0,946.0,952.0,960.0,967.0,
30.0,96.0,137.0,142.0,185.0,198.0,257.0,261.0,283.0,293.0,312.0,331.0,384.0,405.0,409.0,446.0,493.0,507.0,522.0,523.0,533.0,552.0,664.0,707.0,717.0,721.0,724.0,725.0,732.0,748.0,752.0,796.0,803.0,872.0,893.0,911.0,927.0,938.0,940.0,982.0,990.0,
15.0,41.0,49.0,55.0,119.0,130.0,143.0,189.0,199.0,218.0,227.0,244.0,271.0,295.0,316.0,338.0,361.0,380.0,390.0,451.0,463.0,600.0,634.0,709.0,722.0,726.0,735.0,786.0,787.0,854.0,898.0,912.0,926.0,931.0,944.0,982.0,999.0,
108.0,129.0,140.0,141.0,258.0,291.0,298.0,349.0,492.0,524.0,539.0,559.0,658.0,663.0,665.0,712.0,715.0,726.0,740.0,787.0,845.0,878.0,888.0,923.0,926.0,934.0,944.0,944.0,949.0,950.0,958.0,981.0,985.0,
45.0,133.0,174.0,232.0,283.0,301.0,310.0,331.0,346.0,408.0,408.0,412.0,427.0,433.0,440.0,441.0,458.0,499.0,516.0,578.0,606.0,607.0,635.0,663.0,667.0,669.0,721.0,737.0,758.0,760.0,766.0,815.0,929.0,945.0,
40.0,41.0,44.0,79.0,90.0,92.0,150.0,157.0,175.0,195.0,204.0,219.0,224.0,234.0,280.0,283.0,339.0,357.0,368.0,381.0,394.0,440.0,472.0,481.0,489.0,495.0,503.0,511.0,550.0,552.0,693.0,718.0,755.0,796.0,828.0,839.0,875.0,888.0,908.0,919.0,926.0,943.0,975.0,981.0,990.0,
44.0,100.0,117.0,134.0,147.0,169.0,174.0,185.0,217.0,274.0,279.0,285.0,327.0,354.0,454.0,459.0,472.0,477.0,488.0,537.0,550.0,591.0,599.0,659.0,661.0,675.0,677.0,709.0,773.0,815.0,823.0,823.0,836.0,842.0,879.0,934.0,937.0,961.0,973.0,
17.0,58.0,103.0,157.0,159.0,295.0,307.0,330.0,408.0,427.0,460.0,497.0,548.0,554.0,557.0,581.0,583.0,617.0,617.0,642.0,656.0,691.0,710.0,711.0,714.0,717.0,758.0,759.0,774.0,779.0,844.0,844.0,863.0,882.0,893.0,898.0,918.0,943.0,961.0,969.0,
9.0,33.0,72.0,107.0,111.0,176.0,185.0,187.0,242.0,321.0,350.0,362.0,487.0,494.0,518.0,552.0,574.0,575.0,587.0,618.0,644.0,661.0,664.0,671.0,712.0,720.0,748.0,788.0,825.0,848.0,887.0,904.0,920.0,
45.0,113.0,148.0,153.0,279.0,280.0,298.0,318.0,363.0,449.0,457.0,459.0,480.0,490.0,498.0,530.0,531.0,543.0,557.0,562.0,576.0,577.0,592.0,598.0,601.0,609.0,633.0,661.0,668.0,674.0,707.0,709.0,722.0,727.0,729.0,733.0,743.0,764.0,765.0,772.0,785.0,793.0,807.0,829.0,836.0,877.0,884.0,885.0,886.0,900.0,940.0,950.0,965.0,974.0,979.0,
52.0,118.0,196.0,202.0,224.0,235.0,269.0,332.0,404.0,410.0,437.0,447.0,489.0,509.0,525.0,558.0,597.0,621.0,641.0,663.0,730.0,741.0,748.0,764.0,791.0,893.0,897.0,906.0,924.0,928.0,954.0,971.0,974.0,
4.0,8.0,58.0,102.0,166.0,175.0,187.0,196.0,212.0,227.0,244.0,254.0,299.0,307.0,327.0,330.0,351.0,390.0,398.0,463.0,498.0,509.0,512.0,600.0,608.0,656.0,682.0,686.0,735.0,784.0,803.0,821.0,908.0,929.0,968.0,988.0,989.0,
39.0,49.0,75.0,92.0,149.0,150.0,177.0,238.0,281.0,282.0,290.0,333.0,335.0,373.0,375.0,386.0,397.0,411.0,418.0,439.0,451.0,494.0,513.0,531.0,539.0,559.0,575.0,631.0,647.0,663.0,686.0,706.0,708.0,710.0,785.0,815.0,816.0,834.0,913.0,916.0,961.0,963.0,
10.0,24.0,49.0,60.0,196.0,206.0,266.0,289.0,295.0,311.0,318.0,335.0,352.0,372.0,398.0,408.0,419.0,428.0,503.0,536.0,572.0,590.0,604.0,617.0,654.0,722.0,765.0,792.0,821.0,842.0,871.0,877.0,894.0,972.0,975.0,984.0,987.0,
38.0,44.0,48.0,52.0,69.0,108.0,118.0,118.0,123.0,150.0,163.0,186.0,228.0,231.0,257.0,283.0,324.0,332.0,365.0,414.0,516.0,572.0,573.0,577.0,589.0,592.0,618.0,629.0,645.0,649.0,660.0,662.0,666.0,708.0,717.0,722.0,780.0,825.0,828.0,901.0,910.0,915.0,917.0,933.0,944.0,963.0,991.0,
10.0,19.0,22.0,132.0,140.0,150.0,152.0,154.0,187.0,194.0,201.0,235.0,291.0,297.0,309.0,328.0,363.0,380.0,403.0,404.0,423.0,425.0,444.0,475.0,535.0,542.0,572.0,575.0,643.0,667.0,668.0,679.0,687.0,836.0,894.0,895.0,896.0,929.0,941.0,958.0,962.0,991.0,999.0,
41.0,59.0,65.0,120.0,127.0,128.0,153.0,192.0,196.0,216.0,221.0,224.0,238.0,280.0,290.0,318.0,344.0,381.0,405.0,443.0,466.0,466.0,478.0,538.0,539.0,576.0,595.0,601.0,681.0,838.0,838.0,873.0,942.0,995.0,
9.0,232.0,274.0,284.0,305.0,310.0,393.0,468.0,479.0,519.0,527.0,556.0,627.0,638.0,640.0,662.0,712.0,721.0,871.0,919.0,923.0,933.0,955.0,
4.0,16.0,31.0,46.0,63.0,84.0,89.0,104.0,132.0,174.0,175.0,210.0,218.0,258.0,286.0,323.0,386.0,395.0,433.0,479.0,513.0,526.0,533.0,550.0,550.0,555.0,635.0,640.0,752.0,758.0,767.0,800.0,800.0,827.0,860.0,883.0,996.0,
16.0,34.0,69.0,69.0,85.0,109.0,139.0,155.0,159.0,207.0,219.0,225.0,231.0,258.0,306.0,326.0,327.0,391.0,394.0,413.0,471.0,508.0,540.0,631.0,650.0,695.0,706.0,712.0,735.0,741.0,745.0,771.0,779.0,845.0,867.0,872.0,927.0,987.0,
30.0,43.0,86.0,118.0,121.0,140.0,144.0,168.0,178.0,236.0,239.0,289.0,309.0,342.0,352.0,358.0,398.0,398.0,420.0,428.0,446.0,447.0,449.0,498.0,500.0,508.0,530.0,532.0,539.0,601.0,603.0,610.0,616.0,667.0,700.0,749.0,809.0,862.0,880.0,932.0,932.0,962.0,991.0,
6.0,84.0,102.0,143.0,301.0,387.0,413.0,423.0,429.0,431.0,434.0,436.0,465.0,466.0,478.0,503.0,613.0,696.0,721.0,751.0,761.0,777.0,842.0,893.0,948.0,950.0,996.0,
12.0,36.0,44.0,84.0,127.0,130.0,132.0,140.0,207.0,208.0,237.0,268.0,421.0,422.0,447.0,492.0,524.0,529.0,561.0,578.0,601.0,601.0,623.0,643.0,671.0,680.0,696.0,708.0,734.0,747.0,770.0,772.0,777.0,784.0,826.0,988.0,995.0,
7.0,32.0,68.0,69.0,88.0,159.0,174.0,240.0,244.0,245.0,263.0,270.0,361.0,380.0,387.0,528.0,546.0,569.0,635.0,652.0,657.0,674.0,737.0,743.0,769.0,797.0,797.0,801.0,836.0,840.0,865.0,878.0,898.0,902.0,926.0,949.0,983.0,985.0,994.0,
7.0,23.0,32.0,54.0,64.0,69.0,80.0,157.0,159.0,187.0,194.0,200.0,202.0,222.0,233.0,251.0,326.0,331.0,336.0,356.0,374.0,388.0,392.0,401.0,407.0,462.0,488.0,499.0,543.0,561.0,576.0,581.0,588.0,629.0,659.0,723.0,764.0,765.0,781.0,825.0,849.0,906.0,948.0,949.0,983.0,
15.0,80.0,125.0,198.0,236.0,245.0,248.0,257.0,312.0,320.0,350.0,398.0,512.0,512.0,524.0,534.0,535.0,540.0,554.0,559.0,585.0,589.0,610.0,661.0,690.0,691.0,752.0,801.0,814.0,844.0,879.0,971.0,977.0,990.0,
2.0,6.0,10.0,26.0,46.0,86.0,161.0,168.0,215.0,239.0,245.0,270.0,302.0,368.0,385.0,469.0,503.0,525.0,549.0,565.0,572.0,581.0,673.0,687.0,713.0,739.0,759.0,793.0,850.0,860.0,871.0,903.0,905.0,909.0,916.0,936.0,981.0,990.0,
3.0,27.0,46.0,101.0,115.0,119.0,149.0,170.0,230.0,320.0,334.0,337.0,381.0,437.0,440.0,497.0,517.0,638.0,695.0,734.0,767.0,787.0,801.0,840.0,894.0,918.0,979.0,
5.0,42.0,44.0,46.0,76.0,122.0,176.0,240.0,266.0,317.0,319.0,329.0,337.0,356.0,356.0,380.0,395.0,430.0,433.0,453.0,485.0,502.0,516.0,566.0,568.0,570.0,581.0,598.0,650.0,702.0,790.0,814.0,820.0,821.0,842.0,865.0,910.0,918.0,926.0,970.0,
53.0,191.0,205.0,244.0,247.0,252.0,268.0,392.0,419.0,429.0,450.0,467.0,470.0,633.0,636.0,673.0,729.0,788.0,807.0,811.0,826.0,860.0,883.0,911.0,931.0,949.0,957.0,966.0,966.0,966.0,970.0,
18.0,24.0,80.0,110.0,125.0,127.0,128.0,132.0,150.0,160.0,235.0,307.0,313.0,322.0,369.0,414.0,428.0,479.0,479.0,489.0,493.0,517.0,523.0,529.0,541.0,683.0,787.0,808.0,831.0,924.0,941.0,956.0,
35.0,36.0,85.0,179.0,201.0,226.0,307.0,308.0,330.0,336.0,353.0,364.0,380.0,411.0,514.0,557.0,568.0,605.0,641.0,704.0,713.0,727.0,757.0,757.0,821.0,840.0,849.0,884.0,887.0,899.0,949.0,997.0,1000.0,
2.0,35.0,43.0,51.0,90.0,148.0,156.0,161.0,187.0,196.0,198.0,201.0,278.0,288.0,290.0,324.0,358.0,412.0,427.0,452.0,495.0,520.0,528.0,537.0,560.0,568.0,691.0,770.0,773.0,786.0,848.0,924.0,927.0,992.0,998.0,
51.0,61.0,81.0,196.0,200.0,209.0,229.0,248.0,285.0,296.0,361.0,362.0,421.0,428.0,437.0,440.0,444.0,458.0,462.0,488.0,607.0,656.0,674.0,711.0,791.0,821.0,844.0,880.0,906.0,930.0,938.0,970.0,988.0,
2.0,40.0,59.0,65.0,87.0,124.0,205.0,210.0,233.0,262.0,281.0,319.0,325.0,346.0,436.0,458.0,555.0,582.0,623.0,641.0,719.0,729.0,730.0,731.0,784.0,831.0,875.0,921.0,941.0,951.0,957.0,
46.0,75.0,135.0,181.0,196.0,212.0,249.0,277.0,317.0,318.0,372.0,372.0,381.0,407.0,416.0,419.0,446.0,453.0,468.0,498.0,516.0,518.0,521.0,570.0,599.0,601.0,674.0,684.0,710.0,757.0,760.0,810.0,847.0,850.0,861.0,870.0,911.0,926.0,937.0,967.0,989.0,
22.0,66.0,226.0,260.0,265.0,277.0,284.0,291.0,343.0,413.0,432.0,505.0,517.0,533.0,602.0,604.0,607.0,639.0,696.0,717.0,729.0,745.0,753.0,842.0,849.0,867.0,876.0,891.0,920.0,931.0,947.0,953.0,974.0,989.0,
14.0,70.0,85.0,149.0,157.0,168.0,169.0,214.0,244.0,286.0,292.0,322.0,332.0,366.0,418.0,421.0,451.0,476.0,486.0,524.0,545.0,583.0,674.0,681.0,800.0,801.0,815.0,861.0,880.0,916.0,944.0,951.0,
21.0,31.0,39.0,41.0,80.0,112.0,153.0,166.0,181.0,194.0,197.0,218.0,228.0,444.0,513.0,535.0,589.0,624.0,681.0,705.0,830.0,905.0,908.0,953.0,957.0,979.0,
34.0,37.0,46.0,58.0,73.0,75.0,85.0,110.0,140.0,163.0,182.0,190.0,205.0,228.0,232.0,244.0,290.0,297.0,362.0,378.0,392.0,415.0,418.0,424.0,520.0,543.0,548.0,556.0,566.0,574.0,594.0,609.0,616.0,626.0,637.0,638.0,646.0,651.0,706.0,708.0,714.0,733.0,750.0,754.0,758.0,769.0,777.0,790.0,821.0,844.0,870.0,881.0,902.0,902.0,964.0,
17.0,18.0,99.0,114.0,128.0,130.0,158.0,190.0,207.0,285.0,303.0,403.0,473.0,480.0,574.0,586.0,633.0,638.0,671.0,701.0,710.0,752.0,755.0,760.0,797.0,838.0,838.0,850.0,862.0,887.0,900.0,906.0,926.0,964.0,995.0,997.0,
20.0,21.0,26.0,32.0,53.0,106.0,226.0,248.0,256.0,291.0,325.0,325.0,361.0,454.0,491.0,536.0,540.0,573.0,595.0,612.0,616.0,664.0,684.0,739.0,763.0,787.0,836.0,847.0,880.0,918.0,928.0,944.0,963.0,
8.0,29.0,59.0,64.0,118.0,189.0,215.0,289.0,304.0,321.0,324.0,343.0,377.0,398.0,437.0,453.0,499.0,567.0,625.0,701.0,732.0,735.0,736.0,796.0,805.0,818.0,821.0,834.0,846.0,852.0,891.0,930.0,949.0,996.0,
31.0,56.0,57.0,77.0,90.0,145.0,171.0,194.0,195.0,209.0,213.0,252.0,292.0,335.0,390.0,397.0,400.0,418.0,425.0,438.0,514.0,530.0,533.0,559.0,595.0,653.0,656.0,723.0,742.0,773.0,777.0,808.0,808.0,873.0,881.0,888.0,921.0,952.0,953.0,964.0,972.0,999.0,
64.0,209.0,335.0,336.0,361.0,410.0,446.0,484.0,496.0,500.0,605.0,630.0,659.0,669.0,705.0,712.0,763.0,810.0,813.0,851.0,867.0,928.0,985.0,
4.0,8.0,43.0,45.0,52.0,60.0,77.0,145.0,156.0,157.0,265.0,295.0,307.0,324.0,333.0,339.0,343.0,357.0,363.0,383.0,414.0,416.0,493.0,496.0,503.0,526.0,550.0,583.0,602.0,608.0,632.0,650.0,652.0,680.0,713.0,719.0,749.0,751.0,806.0,836.0,868.0,876.0,938.0,959.0,
42.0,61.0,82.0,123.0,130.0,132.0,176.0,236.0,240.0,274.0,331.0,344.0,394.0,436.0,448.0,455.0,496.0,498.0,510.0,528.0,600.0,636.0,690.0,696.0,794.0,818.0,994.0,
13.0,107.0,157.0,231.0,234.0,244.0,252.0,307.0,344.0,392.0,392.0,434.0,458.0,544.0,544.0,554.0,576.0,597.0,602.0,609.0,614.0,619.0,670.0,762.0,842.0,877.0,889.0,957.0,998.0,
66.0,93.0,94.0,95.0,114.0,156.0,180.0,211.0,260.0,281.0,293.0,365.0,374.0,401.0,412.0,430.0,476.0,485.0,505.0,516.0,527.0,537.0,579.0,592.0,596.0,616.0,617.0,619.0,642.0,656.0,700.0,709.0,746.0,837.0,961.0,
10.0,39.0,54.0,84.0,93.0,156.0,162.0,195.0,202.0,249.0,249.0,274.0,283.0,315.0,357.0,364.0,397.0,467.0,477.0,504.0,546.0,588.0,652.0,666.0,701.0,708.0,708.0,719.0,724.0,803.0,812.0,842.0,858.0,888.0,892.0,917.0,923.0,936.0,946.0,994.0,
3.0,5.0,143.0,147.0,149.0,189.0,189.0,230.0,278.0,284.0,308.0,322.0,332.0,386.0,397.0,444.0,494.0,525.0,545.0,591.0,602.0,613.0,629.0,651.0,659.0,728.0,749.0,752.0,767.0,780.0,797.0,806.0,831.0,872.0,876.0,890.0,909.0,969.0,972.0,1000.0,
38.0,42.0,56.0,68.0,87.0,98.0,102.0,128.0,144.0,248.0,283.0,293.0,301.0,311.0,315.0,343.0,345.0,397.0,411.0,428.0,429.0,452.0,478.0,501.0,508.0,533.0,538.0,554.0,575.0,577.0,586.0,637.0,637.0,693.0,694.0,695.0,697.0,708.0,713.0,761.0,766.0,806.0,816.0,829.0,904.0,934.0,962.0,987.0,
67.0,90.0,108.0,114.0,138.0,154.0,179.0,221.0,222.0,251.0,337.0,380.0,381.0,381.0,396.0,466.0,474.0,529.0,606.0,642.0,649.0,659.0,736.0,804.0,998.0,
159.0,169.0,192.0,199.0,214.0,226.0,247.0,342.0,353.0,360.0,368.0,372.0,385.0,395.0,467.0,589.0,678.0,694.0,745.0,817.0,875.0,901.0,928.0,937.0,947.0,
