80.0,112.0,146.0,208.0,220.0,245.0,246.0,303.0,312.0,340.0,351.0,380.0,511.0,551.0,552.0,566.0,585.0,587.0,599.0,609.0,664.0,709.0,715.0,726.0,780.0,809.0,828.0,890.0,916.0,933.0,938.0,942.0,951.0,982.0,
8.0,22.0,57.0,129.0,146.0,220.0,231.0,259.0,299.0,350.0,351.0,354.0,359.0,378.0,449.0,456.0,472.0,492.0,503.0,504.0,513.0,526.0,529.0,584.0,620.0,630.0,655.0,655.0,692.0,699.0,710.0,771.0,799.0,861.0,872.0,894.0,906.0,935.0,939.0,958.0,976.0,982.0,
15.0,31.0,95.0,131.0,142.0,144.0,159.0,210.0,247.0,305.0,406.0,444.0,457.0,497.0,579.0,620.0,631.0,665.0,681.0,744.0,806.0,870.0,887.0,928.0,
51.0,92.0,102.0,104.0,170.0,226.0,228.0,230.0,240.0,273.0,311.0,357.0,465.0,486.0,516.0,528.0,549.0,597.0,611.0,613.0,614.0,614.0,626.0,662.0,681.0,684.0,763.0,771.0,773.0,785.0,789.0,802.0,827.0,860.0,892.0,898.0,908.0,929.0,943.0,962.0,966.0,967.0,983.0,993.0,998.0,
7.0,29.0,44.0,47.0,50.0,82.0,102.0,110.0,114.0,132.0,177.0,207.0,211.0,228.0,236.0,324.0,366.0,394.0,435.0,456.0,522.0,550.0,567.0,569.0,586.0,595.0,615.0,656.0,689.0,715.0,716.0,735.0,738.0,743.0,748.0,759.0,792.0,813.0,861.0,893.0,895.0,946.0,965.0,
2.0,40.0,41.0,60.0,92.0,127.0,176.0,204.0,206.0,228.0,240.0,243.0,262.0,294.0,312.0,321.0,363.0,372.0,386.0,428.0,525.0,538.0,550.0,570.0,608.0,657.0,681.0,694.0,737.0,800.0,820.0,839.0,919.0,944.0,948.0,967.0,978.0,
7.0,15.0,20.0,64.0,124.0,128.0,141.0,178.0,194.0,259.0,266.0,329.0,337.0,373.0,407.0,408.0,416.0,419.0,427.0,489.0,489.0,498.0,524.0,558.0,582.0,592.0,609.0,612.0,627.0,635.0,728.0,732.0,881.0,881.0,890.0,939.0,966.0,976.0,991.0,
45.0,63.0,138.0,151.0,173.0,186.0,203.0,274.0,286.0,306.0,365.0,484.0,499.0,538.0,560.0,567.0,584.0,588.0,605.0,615.0,623.0,669.0,691.0,694.0,707.0,779.0,783.0,823.0,841.0,872.0,895.0,918.0,967.0,973.0,996.0,
2.0,87.0,87.0,137.0,165.0,171.0,174.0,180.0,217.0,349.0,377.0,391.0,396.0,415.0,438.0,577.0,611.0,634.0,635.0,651.0,652.0,671.0,672.0,837.0,880.0,884.0,901.0,921.0,930.0,950.0,
132.0,143.0,156.0,213.0,230.0,241.0,275.0,278.0,290.0,297.0,334.0,337.0,364.0,422.0,448.0,482.0,505.0,519.0,535.0,589.0,596.0,618.0,628.0,632.0,642.0,666.0,668.0,693.0,726.0,794.0,811.0,813.0,873.0,897.0,904.0,920.0,937.0,
3.0,17.0,30.0,101.0,117.0,144.0,150.0,193.0,200.0,200.0,211.0,216.0,380.0,518.0,537.0,565.0,573.0,579.0,657.0,679.0,711.0,818.0,851.0,852.0,852.0,906.0,948.0,972.0,976.0,
131.0,166.0,175.0,202.0,215.0,255.0,303.0,333.0,380.0,435.0,439.0,467.0,553.0,623.0,626.0,635.0,707.0,757.0,759.0,770.0,861.0,892.0,908.0,917.0,928.0,953.0,
7.0,35.0,65.0,106.0,116.0,129.0,145.0,194.0,204.0,231.0,262.0,263.0,288.0,297.0,356.0,360.0,361.0,385.0,417.0,434.0,488.0,513.0,551.0,569.0,598.0,609.0,618.0,641.0,650.0,665.0,684.0,731.0,734.0,735.0,757.0,800.0,842.0,910.0,921.0,940.0,950.0,973.0,993.0,
9.0,113.0,132.0,154.0,157.0,166.0,179.0,182.0,218.0,290.0,329.0,387.0,432.0,451.0,467.0,468.0,509.0,541.0,636.0,676.0,684.0,706.0,777.0,798.0,917.0,921.0,952.0,969.0,989.0,
9.0,18.0,43.0,84.0,199.0,240.0,249.0,274.0,338.0,338.0,452.0,470.0,484.0,563.0,607.0,633.0,637.0,662.0,666.0,677.0,688.0,714.0,787.0,812.0,832.0,834.0,846.0,875.0,908.0,921.0,934.0,943.0,968.0,968.0,978.0,980.0,
54.0,147.0,163.0,172.0,239.0,253.0,282.0,290.0,301.0,319.0,327.0,494.0,506.0,582.0,582.0,593.0,604.0,613.0,622.0,640.0,698.0,877.0,908.0,920.0,926.0,942.0,967.0,985.0,988.0,995.0,
6.0,9.0,89.0,193.0,205.0,274.0,282.0,295.0,317.0,343.0,370.0,391.0,392.0,419.0,513.0,523.0,549.0,555.0,580.0,648.0,741.0,748.0,799.0,808.0,936.0,
50.0,90.0,91.0,102.0,118.0,148.0,164.0,165.0,210.0,214.0,222.0,300.0,309.0,319.0,397.0,432.0,443.0,471.0,521.0,578.0,585.0,651.0,664.0,775.0,794.0,809.0,823.0,853.0,
43.0,96.0,141.0,155.0,172.0,176.0,223.0,224.0,229.0,229.0,305.0,335.0,349.0,388.0,410.0,417.0,421.0,432.0,474.0,516.0,534.0,583.0,601.0,614.0,665.0,672.0,708.0,743.0,747.0,776.0,805.0,815.0,910.0,944.0,980.0,997.0,
36.0,39.0,79.0,97.0,114.0,132.0,138.0,168.0,182.0,201.0,257.0,316.0,326.0,329.0,379.0,415.0,516.0,557.0,568.0,599.0,605.0,657.0,717.0,719.0,744.0,766.0,779.0,786.0,801.0,802.0,805.0,815.0,870.0,886.0,917.0,981.0,
36.0,61.0,90.0,137.0,160.0,217.0,266.0,433.0,464.0,475.0,528.0,543.0,555.0,562.0,572.0,593.0,625.0,657.0,672.0,743.0,781.0,804.0,935.0,935.0,
19.0,51.0,53.0,95.0,98.0,102.0,131.0,134.0,217.0,236.0,252.0,263.0,331.0,342.0,366.0,379.0,399.0,406.0,431.0,446.0,456.0,506.0,609.0,623.0,634.0,679.0,692.0,696.0,698.0,707.0,728.0,769.0,812.0,822.0,881.0,905.0,919.0,936.0,951.0,954.0,
75.0,85.0,86.0,110.0,128.0,156.0,184.0,196.0,269.0,291.0,302.0,321.0,405.0,481.0,521.0,544.0,567.0,597.0,661.0,664.0,695.0,696.0,905.0,906.0,938.0,968.0,
87.0,91.0,108.0,113.0,121.0,195.0,198.0,202.0,304.0,306.0,327.0,330.0,333.0,338.0,397.0,420.0,477.0,497.0,568.0,605.0,614.0,647.0,649.0,711.0,751.0,769.0,819.0,833.0,854.0,856.0,867.0,874.0,874.0,909.0,968.0,980.0,
3.0,16.0,51.0,71.0,172.0,172.0,174.0,210.0,252.0,273.0,390.0,393.0,470.0,480.0,511.0,544.0,677.0,735.0,800.0,816.0,838.0,900.0,907.0,974.0,
28.0,59.0,76.0,94.0,142.0,254.0,289.0,329.0,366.0,387.0,467.0,481.0,484.0,492.0,499.0,507.0,513.0,535.0,569.0,642.0,725.0,746.0,763.0,805.0,867.0,896.0,919.0,958.0,962.0,973.0,981.0,
51.0,113.0,230.0,255.0,309.0,324.0,334.0,358.0,379.0,382.0,384.0,411.0,420.0,558.0,558.0,562.0,577.0,579.0,592.0,597.0,604.0,613.0,617.0,648.0,679.0,693.0,700.0,777.0,797.0,800.0,808.0,818.0,855.0,885.0,886.0,891.0,911.0,911.0,934.0,939.0,953.0,953.0,969.0,984.0,
9.0,20.0,26.0,31.0,39.0,40.0,112.0,139.0,171.0,188.0,207.0,231.0,239.0,278.0,292.0,441.0,451.0,451.0,465.0,501.0,522.0,542.0,552.0,559.0,570.0,582.0,585.0,602.0,608.0,629.0,655.0,662.0,669.0,683.0,695.0,709.0,714.0,762.0,762.0,767.0,775.0,802.0,807.0,839.0,909.0,935.0,939.0,946.0,951.0,968.0,980.0,
25.0,65.0,88.0,88.0,180.0,189.0,222.0,231.0,243.0,250.0,264.0,308.0,325.0,337.0,365.0,435.0,446.0,457.0,545.0,559.0,599.0,600.0,620.0,642.0,664.0,682.0,712.0,714.0,730.0,734.0,775.0,807.0,820.0,821.0,828.0,848.0,877.0,934.0,963.0,981.0,992.0,998.0,
42.0,78.0,81.0,95.0,131.0,194.0,196.0,203.0,249.0,290.0,292.0,345.0,352.0,388.0,404.0,444.0,485.0,502.0,568.0,569.0,587.0,621.0,637.0,654.0,692.0,700.0,727.0,767.0,771.0,804.0,808.0,809.0,814.0,850.0,852.0,890.0,899.0,901.0,913.0,992.0,
4.0,30.0,48.0,104.0,141.0,143.0,160.0,179.0,184.0,191.0,231.0,234.0,253.0,254.0,260.0,270.0,298.0,306.0,330.0,337.0,390.0,411.0,426.0,436.0,458.0,533.0,560.0,587.0,588.0,639.0,640.0,682.0,694.0,750.0,808.0,826.0,846.0,883.0,884.0,918.0,1000.0,
27.0,79.0,83.0,95.0,108.0,173.0,176.0,208.0,210.0,239.0,253.0,275.0,304.0,369.0,375.0,398.0,428.0,428.0,431.0,433.0,435.0,460.0,487.0,517.0,529.0,531.0,569.0,592.0,644.0,654.0,654.0,726.0,777.0,802.0,832.0,845.0,854.0,857.0,881.0,913.0,915.0,925.0,926.0,933.0,936.0,938.0,945.0,
3.0,49.0,99.0,119.0,193.0,202.0,281.0,287.0,299.0,321.0,340.0,355.0,360.0,401.0,444.0,451.0,459.0,463.0,481.0,516.0,524.0,535.0,547.0,555.0,560.0,595.0,596.0,613.0,619.0,620.0,623.0,638.0,648.0,730.0,745.0,761.0,802.0,816.0,829.0,860.0,952.0,964.0,969.0,
31.0,62.0,63.0,124.0,124.0,131.0,144.0,204.0,215.0,266.0,334.0,353.0,417.0,475.0,493.0,583.0,601.0,648.0,650.0,704.0,722.0,723.0,749.0,790.0,802.0,802.0,809.0,839.0,899.0,924.0,
21.0,39.0,93.0,101.0,108.0,119.0,198.0,229.0,300.0,304.0,371.0,376.0,393.0,420.0,463.0,469.0,492.0,542.0,552.0,556.0,563.0,620.0,630.0,636.0,638.0,661.0,671.0,692.0,704.0,704.0,729.0,776.0,819.0,827.0,828.0,886.0,903.0,973.0,991.0,
10.0,10.0,52.0,84.0,193.0,211.0,296.0,321.0,398.0,399.0,460.0,475.0,501.0,503.0,596.0,626.0,631.0,644.0,647.0,663.0,711.0,733.0,768.0,775.0,821.0,826.0,867.0,899.0,903.0,906.0,946.0,
39.0,43.0,85.0,89.0,110.0,148.0,161.0,177.0,191.0,248.0,269.0,273.0,276.0,298.0,329.0,360.0,398.0,407.0,419.0,426.0,454.0,465.0,497.0,502.0,520.0,526.0,529.0,529.0,608.0,631.0,657.0,684.0,707.0,728.0,729.0,747.0,750.0,789.0,888.0,912.0,918.0,937.0,939.0,940.0,941.0,963.0,978.0,
16.0,44.0,52.0,71.0,100.0,106.0,155.0,161.0,196.0,236.0,249.0,294.0,338.0,413.0,413.0,419.0,435.0,445.0,454.0,457.0,459.0,460.0,463.0,481.0,484.0,511.0,512.0,550.0,635.0,651.0,664.0,665.0,683.0,724.0,760.0,783.0,809.0,816.0,855.0,922.0,970.0,977.0,
7.0,29.0,75.0,84.0,100.0,109.0,112.0,132.0,142.0,152.0,163.0,167.0,190.0,193.0,233.0,270.0,295.0,311.0,355.0,365.0,376.0,405.0,406.0,407.0,467.0,481.0,500.0,548.0,554.0,591.0,622.0,704.0,800.0,809.0,823.0,839.0,861.0,881.0,909.0,914.0,915.0,931.0,995.0,
53.0,59.0,67.0,71.0,72.0,94.0,107.0,108.0,111.0,152.0,163.0,198.0,203.0,205.0,215.0,260.0,265.0,276.0,319.0,390.0,398.0,415.0,431.0,464.0,498.0,543.0,574.0,584.0,585.0,589.0,593.0,593.0,691.0,729.0,760.0,782.0,791.0,805.0,813.0,873.0,889.0,900.0,921.0,963.0,988.0,
6.0,26.0,42.0,44.0,82.0,145.0,146.0,287.0,313.0,326.0,341.0,364.0,427.0,427.0,463.0,470.0,471.0,511.0,572.0,588.0,595.0,603.0,608.0,619.0,633.0,686.0,719.0,731.0,739.0,742.0,790.0,822.0,847.0,864.0,921.0,924.0,935.0,963.0,965.0,970.0,990.0,
76.0,78.0,102.0,103.0,103.0,104.0,121.0,186.0,188.0,206.0,267.0,314.0,366.0,378.0,456.0,476.0,482.0,562.0,566.0,590.0,631.0,649.0,654.0,659.0,660.0,684.0,685.0,751.0,805.0,827.0,847.0,869.0,882.0,897.0,911.0,930.0,977.0,
23.0,32.0,40.0,61.0,68.0,85.0,118.0,230.0,232.0,234.0,265.0,266.0,275.0,276.0,282.0,306.0,334.0,352.0,360.0,365.0,369.0,370.0,382.0,406.0,446.0,483.0,487.0,499.0,520.0,568.0,574.0,584.0,613.0,614.0,624.0,722.0,742.0,787.0,857.0,885.0,939.0,951.0,964.0,
19.0,25.0,113.0,179.0,204.0,210.0,213.0,244.0,264.0,277.0,303.0,308.0,357.0,361.0,388.0,397.0,452.0,491.0,627.0,629.0,647.0,693.0,694.0,707.0,724.0,742.0,798.0,807.0,824.0,832.0,848.0,936.0,950.0,953.0,963.0,
6.0,51.0,98.0,121.0,134.0,147.0,156.0,173.0,183.0,203.0,226.0,236.0,275.0,309.0,343.0,384.0,408.0,460.0,472.0,474.0,492.0,510.0,583.0,678.0,702.0,738.0,753.0,857.0,864.0,868.0,891.0,892.0,897.0,973.0,
19.0,36.0,45.0,45.0,57.0,64.0,87.0,129.0,179.0,186.0,198.0,223.0,269.0,270.0,317.0,386.0,396.0,423.0,425.0,437.0,694.0,747.0,837.0,839.0,874.0,898.0,954.0,988.0,
22.0,24.0,44.0,49.0,56.0,70.0,97.0,120.0,196.0,229.0,247.0,258.0,274.0,285.0,287.0,328.0,329.0,332.0,417.0,421.0,483.0,502.0,514.0,520.0,546.0,580.0,598.0,607.0,612.0,634.0,641.0,672.0,678.0,681.0,735.0,737.0,754.0,758.0,786.0,859.0,862.0,897.0,898.0,913.0,938.0,947.0,969.0,992.0,
2.0,7.0,31.0,39.0,69.0,113.0,123.0,124.0,165.0,167.0,182.0,233.0,272.0,306.0,307.0,316.0,349.0,380.0,400.0,424.0,436.0,442.0,459.0,473.0,475.0,489.0,506.0,514.0,539.0,557.0,584.0,624.0,649.0,662.0,692.0,704.0,714.0,735.0,740.0,744.0,750.0,774.0,825.0,837.0,853.0,882.0,910.0,922.0,922.0,954.0,964.0,
64.0,74.0,98.0,122.0,128.0,154.0,157.0,171.0,183.0,185.0,195.0,203.0,210.0,241.0,369.0,376.0,386.0,447.0,450.0,450.0,539.0,548.0,551.0,558.0,607.0,619.0,635.0,636.0,648.0,732.0,776.0,827.0,832.0,864.0,868.0,905.0,917.0,960.0,970.0,
34.0,37.0,72.0,115.0,256.0,274.0,295.0,354.0,358.0,360.0,447.0,560.0,612.0,623.0,630.0,638.0,748.0,780.0,782.0,855.0,874.0,879.0,974.0,995.0,
19.0,39.0,45.0,71.0,113.0,177.0,218.0,222.0,236.0,308.0,330.0,351.0,353.0,355.0,362.0,394.0,401.0,432.0,496.0,510.0,515.0,523.0,593.0,598.0,612.0,622.0,624.0,626.0,703.0,738.0,741.0,743.0,807.0,821.0,826.0,872.0,893.0,907.0,938.0,964.0,
8.0,36.0,71.0,72.0,99.0,126.0,144.0,158.0,163.0,165.0,168.0,177.0,237.0,239.0,247.0,258.0,285.0,307.0,360.0,414.0,421.0,441.0,442.0,452.0,455.0,463.0,472.0,475.0,495.0,506.0,522.0,523.0,603.0,622.0,700.0,712.0,720.0,740.0,754.0,766.0,843.0,907.0,940.0,945.0,
24.0,29.0,46.0,100.0,187.0,189.0,196.0,221.0,303.0,308.0,312.0,336.0,390.0,392.0,431.0,478.0,483.0,537.0,554.0,584.0,588.0,592.0,602.0,611.0,816.0,842.0,844.0,854.0,873.0,899.0,907.0,914.0,923.0,969.0,984.0,991.0,
15.0,101.0,147.0,159.0,234.0,244.0,250.0,251.0,260.0,260.0,286.0,335.0,385.0,511.0,515.0,570.0,592.0,601.0,645.0,646.0,646.0,683.0,687.0,690.0,722.0,774.0,788.0,831.0,904.0,942.0,
5.0,6.0,46.0,50.0,79.0,81.0,167.0,244.0,248.0,255.0,282.0,299.0,334.0,360.0,362.0,385.0,395.0,424.0,642.0,771.0,889.0,917.0,923.0,964.0,965.0,979.0,
5.0,77.0,95.0,160.0,192.0,210.0,230.0,252.0,271.0,294.0,389.0,396.0,404.0,487.0,492.0,503.0,
51.0,80.0,81.0,92.0,192.0,198.0,199.0,211.0,255.0,262.0,352.0,360.0,430.0,440.0,483.0,674.0,691.0,693.0,768.0,775.0,779.0,818.0,884.0,900.0,946.0,
8.0,50.0,56.0,90.0,150.0,207.0,223.0,239.0,274.0,329.0,363.0,423.0,428.0,460.0,477.0,581.0,667.0,675.0,703.0,713.0,716.0,762.0,776.0,789.0,790.0,857.0,889.0,930.0,933.0,944.0,944.0,
18.0,52.0,60.0,62.0,114.0,124.0,153.0,154.0,180.0,226.0,231.0,247.0,255.0,288.0,314.0,315.0,356.0,372.0,373.0,378.0,415.0,423.0,448.0,459.0,483.0,491.0,503.0,557.0,574.0,583.0,586.0,587.0,623.0,650.0,686.0,687.0,708.0,711.0,714.0,739.0,805.0,837.0,912.0,925.0,956.0,956.0,
21.0,25.0,59.0,267.0,400.0,410.0,478.0,488.0,528.0,530.0,544.0,571.0,585.0,702.0,706.0,736.0,747.0,821.0,866.0,895.0,968.0,972.0,980.0,980.0,
14.0,37.0,45.0,74.0,120.0,140.0,176.0,208.0,235.0,345.0,350.0,387.0,430.0,432.0,433.0,479.0,502.0,521.0,523.0,557.0,559.0,601.0,690.0,714.0,768.0,830.0,856.0,863.0,881.0,895.0,922.0,931.0,980.0,981.0,991.0,
24.0,34.0,52.0,109.0,143.0,145.0,195.0,227.0,228.0,251.0,316.0,336.0,357.0,367.0,395.0,499.0,539.0,556.0,574.0,574.0,589.0,597.0,650.0,791.0,813.0,824.0,847.0,868.0,894.0,913.0,937.0,958.0,
62.0,70.0,96.0,119.0,173.0,246.0,248.0,272.0,291.0,299.0,331.0,335.0,368.0,374.0,406.0,421.0,427.0,428.0,477.0,499.0,560.0,575.0,635.0,650.0,694.0,750.0,773.0,817.0,818.0,849.0,874.0,875.0,890.0,894.0,898.0,909.0,
4.0,28.0,102.0,266.0,325.0,343.0,379.0,432.0,462.0,468.0,506.0,557.0,681.0,742.0,758.0,833.0,853.0,853.0,869.0,878.0,922.0,925.0,938.0,948.0,976.0,980.0,986.0,
13.0,20.0,61.0,86.0,101.0,156.0,164.0,195.0,205.0,263.0,317.0,333.0,357.0,417.0,479.0,531.0,567.0,594.0,600.0,615.0,628.0,649.0,652.0,659.0,688.0,715.0,747.0,753.0,759.0,764.0,782.0,800.0,831.0,891.0,896.0,911.0,928.0,945.0,946.0,981.0,997.0,1000.0,
18.0,73.0,75.0,203.0,243.0,253.0,279.0,336.0,357.0,384.0,400.0,438.0,444.0,458.0,465.0,467.0,480.0,485.0,486.0,503.0,505.0,683.0,701.0,741.0,811.0,849.0,880.0,972.0,
20.0,32.0,50.0,56.0,75.0,90.0,92.0,157.0,194.0,229.0,307.0,405.0,407.0,408.0,451.0,493.0,591.0,597.0,612.0,668.0,680.0,711.0,717.0,729.0,782.0,795.0,861.0,885.0,926.0,933.0,940.0,992.0,
92.0,99.0,128.0,137.0,140.0,176.0,193.0,222.0,226.0,228.0,238.0,370.0,418.0,493.0,555.0,618.0,622.0,633.0,637.0,646.0,728.0,739.0,783.0,789.0,823.0,831.0,839.0,863.0,870.0,875.0,879.0,887.0,921.0,983.0,993.0,996.0,
19.0,32.0,45.0,111.0,128.0,133.0,252.0,252.0,280.0,297.0,340.0,341.0,370.0,379.0,412.0,438.0,451.0,484.0,487.0,503.0,508.0,511.0,518.0,527.0,533.0,541.0,591.0,625.0,638.0,638.0,756.0,770.0,857.0,874.0,898.0,913.0,914.0,
120.0,125.0,143.0,203.0,249.0,249.0,335.0,356.0,379.0,380.0,404.0,549.0,608.0,612.0,639.0,640.0,736.0,742.0,754.0,778.0,876.0,886.0,912.0,924.0,938.0,
11.0,16.0,45.0,46.0,96.0,117.0,140.0,155.0,164.0,193.0,198.0,217.0,221.0,310.0,357.0,388.0,395.0,401.0,408.0,420.0,457.0,463.0,474.0,490.0,512.0,569.0,581.0,621.0,640.0,663.0,699.0,721.0,734.0,763.0,899.0,936.0,936.0,945.0,952.0,963.0,979.0,980.0,984.0,
13.0,134.0,149.0,152.0,180.0,217.0,221.0,232.0,244.0,289.0,308.0,351.0,372.0,385.0,388.0,421.0,431.0,465.0,474.0,492.0,495.0,518.0,566.0,636.0,719.0,754.0,793.0,798.0,805.0,814.0,832.0,966.0,997.0,
3.0,25.0,66.0,113.0,113.0,123.0,135.0,158.0,177.0,201.0,265.0,322.0,358.0,424.0,456.0,485.0,499.0,583.0,591.0,596.0,612.0,621.0,623.0,624.0,686.0,692.0,785.0,823.0,836.0,855.0,882.0,888.0,916.0,937.0,945.0,959.0,999.0,
3.0,21.0,51.0,53.0,53.0,76.0,158.0,203.0,240.0,298.0,312.0,330.0,340.0,351.0,351.0,372.0,380.0,382.0,383.0,400.0,527.0,562.0,576.0,597.0,600.0,603.0,610.0,632.0,652.0,684.0,684.0,689.0,693.0,708.0,726.0,754.0,803.0,810.0,834.0,857.0,899.0,950.0,962.0,976.0,
9.0,57.0,76.0,111.0,132.0,177.0,198.0,277.0,290.0,298.0,328.0,369.0,380.0,424.0,469.0,511.0,545.0,546.0,577.0,622.0,733.0,783.0,786.0,797.0,798.0,800.0,810.0,873.0,887.0,895.0,902.0,922.0,927.0,938.0,940.0,976.0,995.0,
34.0,36.0,40.0,62.0,63.0,67.0,74.0,81.0,100.0,109.0,119.0,155.0,215.0,249.0,282.0,289.0,290.0,307.0,387.0,406.0,408.0,440.0,465.0,474.0,496.0,514.0,519.0,552.0,554.0,569.0,586.0,593.0,618.0,630.0,752.0,766.0,810.0,876.0,883.0,904.0,957.0,967.0,988.0,991.0,999.0,
2.0,44.0,51.0,66.0,71.0,74.0,90.0,104.0,114.0,117.0,118.0,179.0,181.0,182.0,193.0,218.0,224.0,243.0,243.0,244.0,261.0,263.0,332.0,334.0,375.0,380.0,410.0,450.0,460.0,464.0,467.0,468.0,472.0,482.0,538.0,551.0,591.0,630.0,636.0,658.0,691.0,746.0,748.0,770.0,781.0,795.0,800.0,841.0,857.0,885.0,889.0,968.0,982.0,988.0,990.0,
7.0,10.0,12.0,62.0,82.0,105.0,112.0,157.0,176.0,195.0,213.0,238.0,246.0,329.0,335.0,356.0,378.0,389.0,462.0,484.0,484.0,536.0,540.0,547.0,565.0,581.0,590.0,632.0,638.0,658.0,802.0,831.0,857.0,857.0,888.0,896.0,925.0,933.0,934.0,935.0,946.0,989.0,
11.0,40.0,67.0,74.0,110.0,121.0,165.0,178.0,204.0,220.0,224.0,244.0,277.0,301.0,459.0,461.0,496.0,526.0,575.0,627.0,644.0,662.0,686.0,711.0,724.0,757.0,766.0,776.0,778.0,784.0,800.0,812.0,832.0,890.0,909.0,915.0,947.0,948.0,986.0,994.0,1000.0,
3.0,14.0,17.0,72.0,74.0,83.0,115.0,208.0,246.0,277.0,303.0,317.0,322.0,349.0,350.0,373.0,379.0,387.0,418.0,439.0,452.0,503.0,553.0,642.0,734.0,800.0,818.0,945.0,949.0,
7.0,27.0,61.0,87.0,95.0,124.0,198.0,234.0,253.0,289.0,337.0,378.0,391.0,444.0,528.0,540.0,549.0,612.0,648.0,652.0,787.0,814.0,836.0,856.0,976.0,979.0,
45.0,84.0,153.0,183.0,236.0,295.0,304.0,335.0,369.0,432.0,452.0,490.0,519.0,522.0,528.0,585.0,593.0,648.0,659.0,664.0,677.0,711.0,717.0,729.0,738.0,749.0,779.0,831.0,856.0,859.0,874.0,894.0,900.0,901.0,912.0,980.0,
38.0,47.0,79.0,87.0,113.0,186.0,204.0,206.0,239.0,243.0,244.0,284.0,342.0,361.0,365.0,416.0,428.0,540.0,599.0,609.0,618.0,618.0,718.0,728.0,733.0,799.0,838.0,838.0,840.0,842.0,847.0,956.0,971.0,972.0,988.0,
3.0,9.0,47.0,144.0,157.0,175.0,188.0,190.0,212.0,315.0,389.0,401.0,416.0,429.0,470.0,499.0,529.0,536.0,573.0,612.0,618.0,621.0,673.0,689.0,733.0,754.0,765.0,770.0,894.0,927.0,937.0,938.0,
58.0,61.0,74.0,91.0,160.0,188.0,264.0,287.0,327.0,347.0,433.0,519.0,546.0,676.0,695.0,731.0,748.0,781.0,785.0,850.0,864.0,870.0,904.0,909.0,912.0,946.0,954.0,958.0,962.0,964.0,975.0,982.0,996.0,
17.0,33.0,70.0,82.0,99.0,116.0,131.0,139.0,152.0,152.0,188.0,198.0,242.0,250.0,266.0,299.0,315.0,377.0,378.0,380.0,405.0,428.0,466.0,512.0,516.0,536.0,545.0,650.0,651.0,708.0,724.0,730.0,745.0,764.0,800.0,805.0,809.0,819.0,820.0,924.0,937.0,
3.0,17.0,46.0,52.0,60.0,68.0,78.0,102.0,114.0,155.0,169.0,172.0,186.0,289.0,290.0,336.0,345.0,371.0,401.0,457.0,462.0,493.0,513.0,608.0,621.0,643.0,645.0,722.0,725.0,798.0,842.0,850.0,883.0,917.0,919.0,925.0,957.0,972.0,974.0,980.0,
11.0,29.0,35.0,44.0,76.0,153.0,161.0,187.0,240.0,272.0,287.0,335.0,340.0,349.0,356.0,375.0,389.0,404.0,457.0,471.0,516.0,527.0,530.0,534.0,557.0,590.0,600.0,623.0,725.0,776.0,812.0,821.0,855.0,920.0,923.0,944.0,989.0,
6.0,35.0,46.0,187.0,191.0,211.0,218.0,220.0,226.0,297.0,304.0,329.0,337.0,375.0,406.0,425.0,437.0,444.0,450.0,465.0,507.0,544.0,611.0,632.0,684.0,687.0,709.0,709.0,759.0,886.0,910.0,921.0,968.0,
65.0,111.0,129.0,135.0,141.0,210.0,277.0,298.0,305.0,321.0,360.0,388.0,441.0,473.0,550.0,583.0,594.0,598.0,602.0,650.0,655.0,657.0,679.0,679.0,732.0,764.0,849.0,921.0,
75.0,102.0,118.0,148.0,197.0,215.0,244.0,292.0,298.0,318.0,326.0,398.0,446.0,474.0,494.0,496.0,522.0,537.0,565.0,633.0,647.0,689.0,712.0,721.0,765.0,782.0,833.0,838.0,864.0,893.0,904.0,945.0,956.0,
4.0,13.0,36.0,38.0,46.0,68.0,96.0,96.0,118.0,149.0,166.0,203.0,244.0,318.0,334.0,345.0,352.0,367.0,374.0,379.0,402.0,431.0,436.0,444.0,475.0,487.0,544.0,576.0,608.0,620.0,639.0,652.0,749.0,830.0,859.0,886.0,888.0,946.0,953.0,954.0,977.0,988.0,
39.0,170.0,188.0,201.0,215.0,236.0,242.0,246.0,252.0,296.0,342.0,357.0,382.0,452.0,482.0,555.0,560.0,566.0,581.0,591.0,609.0,636.0,654.0,687.0,704.0,737.0,739.0,791.0,804.0,861.0,864.0,893.0,924.0,960.0,972.0,
7.0,40.0,105.0,166.0,185.0,197.0,201.0,221.0,222.0,284.0,319.0,345.0,430.0,444.0,448.0,456.0,561.0,562.0,580.0,629.0,650.0,662.0,705.0,715.0,719.0,725.0,764.0,765.0,773.0,816.0,855.0,883.0,965.0,995.0,997.0,
22.0,73.0,101.0,118.0,118.0,161.0,186.0,190.0,217.0,257.0,301.0,302.0,346.0,401.0,406.0,442.0,510.0,555.0,590.0,591.0,606.0,623.0,666.0,672.0,705.0,719.0,722.0,722.0,731.0,808.0,814.0,840.0,881.0,889.0,892.0,909.0,952.0,992.0,995.0,
82.0,108.0,128.0,130.0,135.0,152.0,218.0,220.0,325.0,363.0,375.0,400.0,487.0,524.0,549.0,553.0,554.0,604.0,611.0,630.0,646.0,663.0,674.0,689.0,728.0,858.0,909.0,925.0,928.0,929.0,970.0,994.0,
25.0,38.0,65.0,198.0,245.0,303.0,321.0,346.0,361.0,389.0,410.0,413.0,454.0,504.0,504.0,530.0,537.0,572.0,577.0,619.0,716.0,726.0,745.0,776.0,864.0,879.0,890.0,890.0,920.0,940.0,962.0,964.0,
5.0,18.0,19.0,57.0,59.0,69.0,140.0,179.0,179.0,181.0,318.0,323.0,432.0,501.0,520.0,569.0,644.0,666.0,674.0,758.0,768.0,775.0,804.0,886.0,910.0,954.0,954.0,994.0,
98.0,128.0,128.0,269.0,270.0,316.0,356.0,439.0,477.0,491.0,512.0,529.0,534.0,538.0,539.0,539.0,541.0,564.0,575.0,592.0,618.0,660.0,686.0,716.0,752.0,789.0,810.0,818.0,819.0,824.0,846.0,934.0,980.0,
135.0,144.0,152.0,175.0,250.0,256.0,345.0,346.0,396.0,396.0,417.0,456.0,473.0,514.0,514.0,524.0,562.0,616.0,654.0,654.0,655.0,713.0,750.0,759.0,863.0,875.0,911.0,921.0,922.0,937.0,970.0,
