8.0,80.0,123.0,153.0,165.0,169.0,260.0,280.0,358.0,401.0,406.0,438.0,459.0,507.0,518.0,530.0,598.0,612.0,612.0,615.0,636.0,642.0,653.0,827.0,859.0,893.0,916.0,987.0,995.0,
7.0,7.0,11.0,49.0,68.0,99.0,104.0,118.0,241.0,242.0,247.0,285.0,299.0,319.0,365.0,389.0,416.0,441.0,442.0,468.0,481.0,493.0,504.0,560.0,594.0,598.0,630.0,639.0,678.0,748.0,765.0,773.0,779.0,790.0,802.0,814.0,871.0,939.0,946.0,983.0,
20.0,37.0,87.0,99.0,113.0,119.0,147.0,168.0,174.0,180.0,202.0,227.0,264.0,285.0,289.0,425.0,431.0,452.0,488.0,489.0,493.0,493.0,506.0,518.0,525.0,531.0,532.0,539.0,555.0,556.0,590.0,592.0,599.0,600.0,645.0,696.0,713.0,724.0,742.0,779.0,784.0,831.0,841.0,853.0,878.0,899.0,925.0,926.0,939.0,940.0,987.0,996.0,
19.0,36.0,53.0,54.0,70.0,121.0,176.0,186.0,212.0,231.0,338.0,374.0,385.0,428.0,441.0,451.0,465.0,475.0,499.0,512.0,521.0,560.0,562.0,572.0,580.0,595.0,692.0,695.0,701.0,731.0,754.0,789.0,791.0,831.0,906.0,926.0,950.0,967.0,
7.0,14.0,46.0,77.0,90.0,170.0,220.0,290.0,303.0,311.0,313.0,357.0,364.0,380.0,396.0,428.0,449.0,464.0,476.0,478.0,510.0,531.0,537.0,641.0,656.0,736.0,792.0,804.0,821.0,839.0,893.0,910.0,932.0,967.0,
10.0,49.0,95.0,97.0,162.0,165.0,190.0,199.0,241.0,243.0,273.0,300.0,325.0,336.0,371.0,378.0,391.0,404.0,451.0,516.0,519.0,538.0,543.0,679.0,692.0,697.0,742.0,747.0,751.0,780.0,786.0,810.0,847.0,855.0,880.0,907.0,965.0,
14.0,23.0,26.0,60.0,86.0,94.0,106.0,110.0,161.0,185.0,201.0,209.0,211.0,215.0,220.0,222.0,236.0,322.0,337.0,349.0,387.0,409.0,416.0,461.0,486.0,493.0,494.0,502.0,512.0,566.0,638.0,659.0,825.0,
22.0,80.0,81.0,93.0,136.0,141.0,185.0,186.0,200.0,236.0,248.0,255.0,334.0,358.0,450.0,474.0,479.0,491.0,492.0,501.0,507.0,568.0,664.0,675.0,683.0,696.0,713.0,724.0,751.0,757.0,798.0,801.0,814.0,828.0,860.0,954.0,970.0,994.0,
40.0,45.0,48.0,78.0,104.0,115.0,126.0,138.0,170.0,281.0,346.0,373.0,389.0,408.0,424.0,436.0,453.0,483.0,547.0,563.0,565.0,701.0,721.0,736.0,756.0,791.0,813.0,834.0,841.0,887.0,916.0,917.0,917.0,952.0,
15.0,18.0,45.0,46.0,57.0,70.0,98.0,98.0,117.0,192.0,205.0,216.0,232.0,237.0,245.0,245.0,249.0,275.0,298.0,334.0,357.0,358.0,503.0,503.0,541.0,646.0,708.0,746.0,779.0,791.0,830.0,873.0,970.0,972.0,996.0,
3.0,7.0,26.0,77.0,119.0,134.0,150.0,153.0,189.0,201.0,225.0,244.0,284.0,301.0,312.0,361.0,369.0,390.0,432.0,474.0,505.0,617.0,680.0,762.0,783.0,794.0,834.0,855.0,862.0,874.0,876.0,906.0,970.0,976.0,978.0,980.0,
165.0,213.0,222.0,255.0,276.0,298.0,320.0,355.0,435.0,444.0,645.0,666.0,697.0,697.0,743.0,778.0,815.0,844.0,846.0,860.0,888.0,900.0,935.0,951.0,
112.0,129.0,133.0,203.0,219.0,238.0,294.0,297.0,325.0,351.0,370.0,398.0,400.0,416.0,419.0,422.0,444.0,499.0,521.0,555.0,569.0,642.0,697.0,714.0,792.0,798.0,802.0,804.0,837.0,866.0,885.0,930.0,
98.0,105.0,109.0,114.0,140.0,168.0,175.0,191.0,194.0,208.0,215.0,216.0,284.0,287.0,324.0,330.0,336.0,344.0,351.0,383.0,402.0,404.0,415.0,437.0,452.0,456.0,469.0,477.0,500.0,514.0,536.0,583.0,602.0,612.0,614.0,617.0,646.0,646.0,669.0,676.0,702.0,702.0,723.0,786.0,791.0,803.0,826.0,831.0,870.0,897.0,904.0,907.0,944.0,
48.0,82.0,106.0,111.0,147.0,149.0,186.0,190.0,199.0,202.0,208.0,233.0,372.0,378.0,393.0,396.0,407.0,432.0,444.0,457.0,476.0,535.0,580.0,665.0,686.0,690.0,694.0,712.0,729.0,765.0,772.0,778.0,798.0,801.0,815.0,819.0,840.0,847.0,881.0,896.0,935.0,961.0,974.0,975.0,
37.0,45.0,72.0,111.0,133.0,133.0,160.0,258.0,283.0,300.0,314.0,369.0,370.0,376.0,412.0,474.0,476.0,546.0,554.0,622.0,662.0,864.0,905.0,912.0,956.0,968.0,
14.0,29.0,43.0,55.0,75.0,76.0,99.0,153.0,195.0,217.0,241.0,286.0,307.0,314.0,336.0,355.0,356.0,397.0,442.0,461.0,469.0,555.0,567.0,626.0,670.0,726.0,737.0,745.0,790.0,838.0,867.0,868.0,869.0,915.0,931.0,946.0,953.0,989.0,
6.0,52.0,151.0,193.0,238.0,257.0,273.0,281.0,331.0,353.0,379.0,381.0,409.0,424.0,431.0,467.0,480.0,567.0,581.0,593.0,596.0,611.0,623.0,690.0,737.0,747.0,782.0,792.0,792.0,855.0,857.0,858.0,866.0,886.0,907.0,933.0,972.0,977.0,
4.0,50.0,66.0,67.0,117.0,148.0,151.0,162.0,179.0,212.0,219.0,220.0,235.0,285.0,313.0,313.0,319.0,319.0,326.0,333.0,343.0,352.0,427.0,430.0,431.0,463.0,492.0,564.0,590.0,647.0,761.0,764.0,800.0,848.0,855.0,911.0,
13.0,54.0,73.0,85.0,96.0,138.0,146.0,161.0,184.0,188.0,196.0,201.0,201.0,250.0,373.0,399.0,431.0,511.0,539.0,557.0,581.0,620.0,628.0,637.0,669.0,675.0,679.0,684.0,687.0,694.0,736.0,761.0,811.0,861.0,870.0,914.0,969.0,975.0,998.0,
22.0,71.0,163.0,270.0,283.0,294.0,389.0,408.0,420.0,459.0,482.0,492.0,499.0,505.0,519.0,577.0,612.0,637.0,649.0,673.0,676.0,687.0,767.0,773.0,826.0,830.0,835.0,854.0,860.0,868.0,886.0,906.0,965.0,987.0,
15.0,59.0,66.0,95.0,114.0,165.0,174.0,216.0,249.0,303.0,305.0,339.0,340.0,402.0,422.0,433.0,456.0,595.0,630.0,648.0,736.0,758.0,760.0,787.0,815.0,852.0,939.0,
37.0,85.0,101.0,111.0,114.0,131.0,197.0,214.0,222.0,229.0,257.0,265.0,269.0,271.0,287.0,326.0,337.0,448.0,451.0,464.0,472.0,496.0,505.0,648.0,676.0,692.0,733.0,749.0,786.0,821.0,870.0,875.0,880.0,884.0,890.0,901.0,967.0,
12.0,49.0,49.0,50.0,56.0,65.0,95.0,130.0,159.0,193.0,194.0,200.0,212.0,287.0,326.0,331.0,353.0,428.0,466.0,468.0,476.0,482.0,524.0,564.0,564.0,566.0,658.0,665.0,816.0,860.0,878.0,909.0,932.0,979.0,993.0,993.0,
12.0,19.0,32.0,63.0,107.0,125.0,139.0,141.0,171.0,184.0,205.0,240.0,284.0,291.0,303.0,306.0,368.0,372.0,395.0,441.0,491.0,508.0,553.0,566.0,590.0,593.0,668.0,682.0,696.0,714.0,764.0,767.0,771.0,821.0,826.0,840.0,890.0,909.0,914.0,971.0,982.0,
6.0,26.0,47.0,58.0,148.0,156.0,165.0,199.0,199.0,234.0,235.0,244.0,247.0,253.0,261.0,269.0,276.0,299.0,305.0,348.0,367.0,369.0,398.0,408.0,474.0,489.0,567.0,576.0,597.0,651.0,667.0,678.0,698.0,731.0,774.0,879.0,914.0,954.0,959.0,
3.0,100.0,104.0,112.0,128.0,130.0,165.0,191.0,210.0,221.0,266.0,307.0,307.0,337.0,355.0,357.0,359.0,370.0,379.0,397.0,405.0,408.0,423.0,520.0,535.0,543.0,580.0,645.0,654.0,677.0,870.0,912.0,995.0,
32.0,56.0,59.0,83.0,91.0,97.0,188.0,232.0,250.0,325.0,332.0,356.0,446.0,462.0,521.0,523.0,532.0,549.0,591.0,592.0,614.0,624.0,635.0,646.0,666.0,672.0,692.0,698.0,706.0,725.0,758.0,814.0,861.0,884.0,893.0,906.0,942.0,973.0,995.0,995.0,
15.0,71.0,141.0,144.0,153.0,182.0,229.0,252.0,312.0,321.0,333.0,383.0,480.0,531.0,550.0,550.0,577.0,611.0,636.0,709.0,714.0,716.0,741.0,807.0,816.0,849.0,920.0,
3.0,30.0,45.0,62.0,89.0,104.0,121.0,143.0,220.0,224.0,242.0,254.0,283.0,295.0,323.0,390.0,397.0,407.0,475.0,489.0,507.0,524.0,555.0,564.0,573.0,576.0,579.0,598.0,672.0,693.0,699.0,705.0,713.0,815.0,894.0,935.0,942.0,
57.0,157.0,172.0,180.0,196.0,201.0,220.0,264.0,295.0,306.0,317.0,403.0,405.0,464.0,505.0,525.0,533.0,553.0,562.0,565.0,576.0,665.0,677.0,717.0,727.0,777.0,780.0,792.0,852.0,863.0,863.0,875.0,891.0,
7.0,12.0,48.0,54.0,92.0,98.0,141.0,155.0,180.0,215.0,227.0,253.0,285.0,291.0,306.0,347.0,348.0,380.0,390.0,453.0,468.0,481.0,482.0,495.0,504.0,575.0,584.0,593.0,610.0,676.0,687.0,714.0,716.0,799.0,916.0,924.0,961.0,988.0,992.0,
48.0,50.0,126.0,138.0,173.0,177.0,182.0,202.0,228.0,238.0,266.0,266.0,277.0,317.0,318.0,333.0,348.0,437.0,448.0,476.0,486.0,500.0,518.0,519.0,525.0,563.0,570.0,633.0,648.0,662.0,701.0,736.0,751.0,775.0,832.0,863.0,868.0,905.0,966.0,
25.0,36.0,55.0,100.0,106.0,146.0,169.0,180.0,195.0,274.0,313.0,357.0,384.0,389.0,393.0,404.0,433.0,465.0,483.0,611.0,652.0,685.0,693.0,736.0,790.0,806.0,872.0,874.0,878.0,908.0,948.0,959.0,991.0,
49.0,57.0,58.0,68.0,87.0,95.0,99.0,138.0,156.0,185.0,213.0,214.0,239.0,250.0,256.0,265.0,267.0,272.0,288.0,297.0,300.0,301.0,365.0,369.0,373.0,395.0,422.0,468.0,485.0,515.0,539.0,554.0,582.0,594.0,602.0,615.0,662.0,667.0,678.0,688.0,728.0,775.0,797.0,803.0,811.0,907.0,968.0,
17.0,26.0,31.0,118.0,120.0,123.0,158.0,209.0,274.0,310.0,327.0,334.0,343.0,348.0,361.0,365.0,374.0,409.0,418.0,464.0,545.0,547.0,561.0,569.0,602.0,651.0,664.0,670.0,717.0,724.0,735.0,747.0,783.0,803.0,844.0,864.0,879.0,886.0,902.0,955.0,985.0,
20.0,48.0,54.0,87.0,115.0,132.0,160.0,171.0,176.0,179.0,179.0,203.0,212.0,221.0,230.0,272.0,325.0,392.0,408.0,447.0,447.0,496.0,504.0,506.0,516.0,536.0,575.0,587.0,608.0,610.0,657.0,663.0,669.0,675.0,688.0,693.0,705.0,738.0,799.0,811.0,870.0,877.0,951.0,960.0,981.0,982.0,
7.0,12.0,41.0,42.0,117.0,139.0,156.0,278.0,321.0,323.0,338.0,360.0,409.0,540.0,608.0,609.0,617.0,623.0,631.0,637.0,641.0,689.0,751.0,767.0,772.0,841.0,848.0,863.0,865.0,891.0,918.0,942.0,948.0,987.0,
68.0,99.0,125.0,173.0,228.0,298.0,324.0,332.0,372.0,407.0,444.0,455.0,461.0,479.0,539.0,552.0,561.0,594.0,643.0,673.0,676.0,692.0,696.0,735.0,755.0,765.0,786.0,794.0,795.0,851.0,879.0,903.0,913.0,964.0,987.0,
50.0,62.0,78.0,110.0,162.0,187.0,191.0,221.0,240.0,246.0,292.0,344.0,355.0,385.0,405.0,409.0,419.0,432.0,489.0,492.0,504.0,512.0,515.0,526.0,532.0,573.0,610.0,683.0,703.0,713.0,718.0,766.0,768.0,777.0,833.0,842.0,860.0,883.0,885.0,964.0,990.0,
3.0,5.0,7.0,45.0,125.0,174.0,207.0,227.0,237.0,306.0,309.0,356.0,412.0,422.0,447.0,471.0,544.0,552.0,607.0,638.0,662.0,698.0,742.0,755.0,762.0,777.0,827.0,831.0,876.0,939.0,956.0,
10.0,14.0,56.0,124.0,193.0,195.0,199.0,264.0,325.0,339.0,344.0,349.0,362.0,475.0,493.0,504.0,514.0,518.0,530.0,544.0,567.0,647.0,661.0,665.0,680.0,696.0,738.0,768.0,867.0,890.0,896.0,927.0,
80.0,80.0,103.0,111.0,167.0,175.0,188.0,198.0,246.0,249.0,289.0,295.0,306.0,347.0,435.0,493.0,514.0,516.0,540.0,560.0,568.0,569.0,630.0,651.0,669.0,708.0,774.0,797.0,802.0,805.0,834.0,882.0,890.0,962.0,965.0,966.0,966.0,970.0,986.0,
53.0,70.0,100.0,109.0,133.0,159.0,161.0,177.0,186.0,214.0,220.0,271.0,322.0,403.0,463.0,482.0,533.0,539.0,550.0,571.0,583.0,612.0,624.0,640.0,747.0,752.0,759.0,779.0,834.0,836.0,858.0,888.0,930.0,934.0,960.0,973.0,996.0,
46.0,56.0,92.0,106.0,168.0,214.0,252.0,256.0,261.0,261.0,272.0,348.0,362.0,379.0,392.0,401.0,416.0,446.0,508.0,563.0,573.0,613.0,620.0,626.0,642.0,663.0,669.0,689.0,710.0,744.0,747.0,748.0,781.0,803.0,811.0,841.0,889.0,895.0,909.0,972.0,
51.0,51.0,63.0,72.0,91.0,92.0,193.0,304.0,346.0,349.0,376.0,394.0,407.0,450.0,515.0,738.0,797.0,806.0,814.0,900.0,916.0,
5.0,6.0,27.0,51.0,78.0,100.0,121.0,138.0,157.0,179.0,235.0,287.0,290.0,337.0,343.0,350.0,400.0,401.0,482.0,530.0,605.0,626.0,634.0,658.0,682.0,709.0,741.0,784.0,795.0,872.0,879.0,884.0,896.0,921.0,921.0,926.0,947.0,986.0,
64.0,64.0,72.0,112.0,131.0,187.0,196.0,288.0,307.0,319.0,335.0,352.0,358.0,360.0,369.0,388.0,389.0,407.0,462.0,511.0,526.0,546.0,559.0,571.0,684.0,692.0,709.0,717.0,726.0,763.0,781.0,807.0,811.0,819.0,857.0,876.0,902.0,909.0,969.0,1000.0,
36.0,45.0,105.0,120.0,129.0,211.0,212.0,221.0,227.0,232.0,244.0,269.0,297.0,328.0,383.0,424.0,451.0,478.0,492.0,565.0,591.0,602.0,646.0,656.0,842.0,867.0,908.0,912.0,916.0,918.0,923.0,
63.0,75.0,91.0,97.0,143.0,165.0,179.0,189.0,266.0,278.0,302.0,310.0,403.0,405.0,415.0,417.0,436.0,442.0,463.0,514.0,515.0,523.0,538.0,546.0,557.0,566.0,581.0,643.0,646.0,727.0,729.0,732.0,744.0,770.0,772.0,888.0,898.0,910.0,911.0,915.0,940.0,946.0,983.0,1000.0,
62.0,68.0,69.0,82.0,140.0,142.0,208.0,216.0,221.0,221.0,366.0,368.0,377.0,397.0,433.0,499.0,514.0,523.0,585.0,596.0,663.0,732.0,785.0,789.0,789.0,871.0,886.0,913.0,924.0,947.0,995.0,
55.0,60.0,63.0,103.0,175.0,178.0,190.0,197.0,224.0,337.0,396.0,437.0,449.0,481.0,485.0,524.0,581.0,602.0,616.0,660.0,670.0,677.0,683.0,686.0,702.0,706.0,706.0,712.0,728.0,823.0,877.0,940.0,948.0,950.0,983.0,
12.0,43.0,51.0,139.0,168.0,239.0,249.0,269.0,296.0,323.0,324.0,362.0,434.0,445.0,502.0,504.0,517.0,527.0,527.0,578.0,580.0,585.0,586.0,623.0,633.0,690.0,728.0,729.0,738.0,747.0,795.0,812.0,816.0,842.0,872.0,929.0,960.0,967.0,
141.0,145.0,161.0,173.0,217.0,262.0,273.0,298.0,299.0,319.0,328.0,369.0,394.0,410.0,411.0,428.0,437.0,453.0,484.0,540.0,570.0,576.0,628.0,634.0,648.0,656.0,659.0,717.0,751.0,768.0,868.0,887.0,903.0,971.0,994.0,
65.0,76.0,99.0,129.0,168.0,185.0,215.0,237.0,363.0,410.0,413.0,426.0,426.0,433.0,470.0,498.0,659.0,734.0,775.0,779.0,797.0,807.0,919.0,966.0,989.0,
29.0,36.0,64.0,84.0,133.0,156.0,161.0,168.0,206.0,247.0,260.0,344.0,352.0,388.0,412.0,422.0,476.0,504.0,
19.0,61.0,70.0,85.0,104.0,136.0,136.0,156.0,164.0,176.0,183.0,202.0,255.0,273.0,292.0,296.0,328.0,342.0,357.0,401.0,451.0,489.0,497.0,687.0,752.0,796.0,834.0,959.0,964.0,970.0,
8.0,48.0,122.0,296.0,361.0,385.0,465.0,472.0,480.0,487.0,525.0,530.0,542.0,568.0,575.0,575.0,640.0,648.0,713.0,717.0,720.0,745.0,776.0,777.0,784.0,855.0,861.0,862.0,934.0,935.0,953.0,980.0,
5.0,42.0,74.0,135.0,234.0,236.0,251.0,257.0,280.0,325.0,338.0,402.0,452.0,457.0,461.0,505.0,533.0,555.0,569.0,581.0,646.0,663.0,676.0,727.0,774.0,811.0,831.0,856.0,859.0,908.0,915.0,926.0,950.0,982.0,991.0,
19.0,54.0,60.0,100.0,143.0,158.0,193.0,331.0,346.0,352.0,353.0,513.0,570.0,599.0,628.0,636.0,639.0,663.0,668.0,710.0,778.0,833.0,859.0,901.0,909.0,915.0,995.0,
117.0,142.0,148.0,163.0,226.0,299.0,307.0,312.0,327.0,353.0,372.0,450.0,476.0,554.0,575.0,589.0,590.0,619.0,638.0,717.0,735.0,779.0,780.0,789.0,835.0,867.0,981.0,992.0,
67.0,88.0,97.0,133.0,168.0,179.0,183.0,237.0,253.0,309.0,350.0,397.0,404.0,454.0,470.0,521.0,529.0,534.0,551.0,559.0,561.0,570.0,594.0,599.0,604.0,617.0,635.0,650.0,680.0,687.0,730.0,757.0,757.0,760.0,773.0,780.0,822.0,823.0,848.0,849.0,858.0,914.0,919.0,951.0,952.0,955.0,996.0,
9.0,49.0,119.0,151.0,198.0,207.0,291.0,368.0,396.0,446.0,489.0,580.0,628.0,675.0,688.0,702.0,735.0,750.0,817.0,827.0,835.0,889.0,891.0,934.0,942.0,
31.0,34.0,111.0,117.0,134.0,159.0,212.0,224.0,231.0,231.0,289.0,375.0,381.0,397.0,407.0,450.0,457.0,487.0,492.0,528.0,536.0,539.0,564.0,580.0,619.0,637.0,647.0,674.0,683.0,713.0,767.0,778.0,783.0,807.0,842.0,919.0,920.0,969.0,989.0,1000.0,
25.0,28.0,38.0,72.0,97.0,105.0,111.0,129.0,141.0,194.0,252.0,256.0,262.0,357.0,413.0,420.0,423.0,476.0,478.0,483.0,491.0,501.0,510.0,519.0,525.0,532.0,578.0,581.0,583.0,633.0,745.0,793.0,801.0,805.0,819.0,820.0,853.0,874.0,876.0,882.0,883.0,900.0,919.0,929.0,
5.0,14.0,37.0,60.0,177.0,200.0,247.0,319.0,348.0,351.0,397.0,399.0,421.0,471.0,480.0,481.0,504.0,710.0,844.0,866.0,924.0,927.0,963.0,
11.0,21.0,55.0,84.0,98.0,115.0,128.0,194.0,264.0,310.0,319.0,344.0,350.0,368.0,417.0,425.0,490.0,494.0,581.0,644.0,665.0,709.0,729.0,735.0,777.0,802.0,813.0,818.0,829.0,846.0,853.0,863.0,864.0,865.0,876.0,943.0,979.0,1000.0,
43.0,47.0,56.0,76.0,202.0,208.0,217.0,218.0,256.0,273.0,293.0,306.0,344.0,357.0,369.0,373.0,373.0,390.0,413.0,481.0,521.0,523.0,530.0,580.0,582.0,613.0,633.0,698.0,723.0,726.0,741.0,744.0,777.0,793.0,799.0,799.0,823.0,868.0,896.0,943.0,946.0,984.0,990.0,991.0,
28.0,58.0,62.0,73.0,88.0,95.0,131.0,145.0,266.0,305.0,349.0,432.0,475.0,483.0,495.0,552.0,556.0,586.0,605.0,613.0,635.0,653.0,671.0,697.0,714.0,762.0,777.0,801.0,883.0,897.0,926.0,952.0,991.0,
10.0,18.0,37.0,41.0,48.0,72.0,101.0,121.0,176.0,190.0,194.0,279.0,289.0,338.0,369.0,433.0,458.0,462.0,464.0,473.0,480.0,503.0,506.0,530.0,536.0,590.0,615.0,727.0,737.0,783.0,798.0,886.0,906.0,911.0,930.0,977.0,
21.0,39.0,58.0,106.0,129.0,141.0,144.0,154.0,158.0,173.0,187.0,209.0,243.0,258.0,339.0,363.0,382.0,386.0,410.0,439.0,441.0,499.0,505.0,528.0,542.0,561.0,669.0,693.0,702.0,715.0,734.0,742.0,743.0,795.0,835.0,841.0,851.0,856.0,895.0,921.0,927.0,936.0,953.0,979.0,987.0,
55.0,78.0,132.0,139.0,152.0,178.0,181.0,189.0,255.0,259.0,287.0,294.0,336.0,361.0,373.0,381.0,381.0,420.0,469.0,491.0,500.0,514.0,560.0,580.0,625.0,659.0,732.0,761.0,781.0,800.0,813.0,824.0,831.0,842.0,859.0,864.0,906.0,930.0,953.0,960.0,
7.0,16.0,30.0,49.0,59.0,79.0,176.0,178.0,179.0,195.0,227.0,245.0,263.0,292.0,306.0,316.0,361.0,364.0,366.0,374.0,390.0,403.0,461.0,484.0,536.0,563.0,585.0,627.0,657.0,659.0,718.0,779.0,809.0,811.0,841.0,861.0,872.0,876.0,877.0,897.0,898.0,902.0,903.0,970.0,983.0,
88.0,102.0,140.0,151.0,175.0,201.0,208.0,240.0,277.0,305.0,307.0,483.0,513.0,536.0,598.0,711.0,760.0,775.0,806.0,815.0,903.0,921.0,931.0,944.0,958.0,
7.0,16.0,63.0,86.0,94.0,109.0,218.0,223.0,260.0,263.0,322.0,347.0,378.0,434.0,449.0,460.0,559.0,564.0,570.0,577.0,586.0,588.0,617.0,635.0,783.0,791.0,799.0,830.0,835.0,842.0,844.0,857.0,894.0,911.0,921.0,927.0,
30.0,63.0,94.0,121.0,147.0,148.0,190.0,232.0,271.0,293.0,302.0,326.0,333.0,358.0,410.0,417.0,476.0,483.0,504.0,514.0,528.0,551.0,555.0,631.0,645.0,700.0,709.0,785.0,831.0,840.0,857.0,862.0,897.0,933.0,938.0,956.0,961.0,987.0,
5.0,47.0,62.0,87.0,103.0,110.0,152.0,172.0,175.0,180.0,181.0,207.0,216.0,277.0,426.0,482.0,546.0,573.0,582.0,598.0,612.0,638.0,649.0,654.0,683.0,747.0,789.0,801.0,832.0,838.0,847.0,861.0,901.0,904.0,911.0,924.0,954.0,974.0,979.0,980.0,990.0,
7.0,7.0,36.0,61.0,62.0,74.0,82.0,86.0,102.0,218.0,248.0,259.0,328.0,344.0,363.0,404.0,445.0,450.0,467.0,515.0,515.0,516.0,522.0,595.0,617.0,657.0,665.0,691.0,708.0,710.0,732.0,748.0,760.0,760.0,760.0,771.0,856.0,871.0,890.0,898.0,943.0,947.0,948.0,973.0,
25.0,49.0,51.0,54.0,60.0,125.0,185.0,207.0,301.0,308.0,331.0,354.0,356.0,360.0,375.0,393.0,454.0,475.0,619.0,737.0,785.0,797.0,801.0,808.0,827.0,840.0,874.0,877.0,878.0,964.0,968.0,983.0,1000.0,
55.0,87.0,138.0,143.0,157.0,162.0,192.0,253.0,314.0,353.0,362.0,378.0,397.0,439.0,443.0,450.0,483.0,489.0,507.0,551.0,572.0,572.0,587.0,591.0,592.0,607.0,619.0,658.0,661.0,678.0,695.0,725.0,734.0,738.0,762.0,793.0,801.0,858.0,881.0,888.0,922.0,929.0,930.0,950.0,956.0,985.0,986.0,
66.0,67.0,112.0,126.0,132.0,150.0,166.0,176.0,183.0,187.0,220.0,230.0,240.0,243.0,262.0,265.0,272.0,280.0,295.0,297.0,302.0,303.0,307.0,336.0,378.0,384.0,389.0,422.0,510.0,537.0,550.0,552.0,594.0,630.0,640.0,642.0,670.0,735.0,836.0,850.0,867.0,892.0,927.0,949.0,986.0,
4.0,38.0,60.0,67.0,74.0,76.0,113.0,117.0,130.0,136.0,163.0,173.0,177.0,193.0,272.0,284.0,332.0,390.0,400.0,412.0,420.0,423.0,452.0,469.0,561.0,565.0,572.0,587.0,625.0,636.0,667.0,669.0,675.0,690.0,690.0,712.0,741.0,772.0,800.0,882.0,886.0,892.0,919.0,921.0,975.0,994.0,
43.0,54.0,59.0,76.0,79.0,91.0,92.0,137.0,151.0,185.0,231.0,244.0,246.0,286.0,341.0,391.0,397.0,412.0,432.0,472.0,519.0,571.0,601.0,603.0,657.0,675.0,676.0,721.0,792.0,951.0,
3.0,91.0,125.0,131.0,149.0,157.0,169.0,190.0,245.0,292.0,315.0,332.0,346.0,400.0,426.0,442.0,486.0,498.0,501.0,506.0,525.0,564.0,564.0,631.0,678.0,682.0,699.0,715.0,733.0,784.0,788.0,792.0,844.0,858.0,906.0,909.0,935.0,942.0,959.0,992.0,
26.0,57.0,79.0,107.0,137.0,144.0,157.0,202.0,223.0,260.0,316.0,323.0,381.0,385.0,391.0,471.0,490.0,508.0,551.0,558.0,627.0,642.0,655.0,699.0,706.0,727.0,796.0,803.0,836.0,913.0,933.0,937.0,955.0,961.0,
33.0,39.0,93.0,96.0,165.0,183.0,210.0,216.0,233.0,311.0,354.0,410.0,428.0,456.0,493.0,573.0,629.0,645.0,660.0,669.0,673.0,760.0,822.0,877.0,879.0,940.0,955.0,962.0,1000.0,
6.0,55.0,105.0,110.0,121.0,141.0,158.0,192.0,235.0,292.0,316.0,318.0,318.0,404.0,411.0,419.0,507.0,537.0,540.0,555.0,560.0,587.0,608.0,617.0,619.0,620.0,656.0,661.0,682.0,726.0,738.0,739.0,759.0,773.0,784.0,791.0,829.0,910.0,912.0,923.0,927.0,941.0,992.0,
15.0,94.0,125.0,139.0,173.0,198.0,223.0,251.0,257.0,257.0,268.0,280.0,284.0,417.0,438.0,492.0,518.0,524.0,550.0,562.0,584.0,607.0,675.0,681.0,722.0,758.0,761.0,772.0,787.0,799.0,823.0,848.0,862.0,864.0,948.0,989.0,
11.0,16.0,64.0,69.0,99.0,127.0,137.0,181.0,197.0,228.0,237.0,249.0,284.0,306.0,317.0,327.0,335.0,360.0,436.0,497.0,504.0,577.0,591.0,606.0,613.0,621.0,645.0,691.0,709.0,727.0,742.0,751.0,771.0,821.0,884.0,918.0,972.0,976.0,
4.0,4.0,9.0,32.0,48.0,48.0,63.0,107.0,175.0,253.0,365.0,366.0,377.0,400.0,429.0,463.0,467.0,478.0,539.0,577.0,601.0,623.0,638.0,641.0,689.0,690.0,744.0,804.0,834.0,
24.0,72.0,86.0,216.0,221.0,246.0,254.0,254.0,297.0,308.0,312.0,316.0,353.0,359.0,367.0,396.0,461.0,509.0,574.0,650.0,659.0,696.0,709.0,714.0,769.0,775.0,796.0,803.0,860.0,861.0,871.0,883.0,891.0,891.0,894.0,902.0,916.0,920.0,925.0,926.0,966.0,
55.0,107.0,109.0,126.0,127.0,252.0,293.0,354.0,356.0,370.0,431.0,454.0,465.0,493.0,500.0,524.0,532.0,558.0,582.0,607.0,626.0,633.0,660.0,664.0,736.0,755.0,761.0,775.0,794.0,799.0,801.0,811.0,821.0,945.0,953.0,
34.0,41.0,84.0,91.0,108.0,143.0,154.0,166.0,181.0,197.0,231.0,251.0,254.0,299.0,300.0,310.0,403.0,414.0,430.0,475.0,493.0,533.0,535.0,537.0,538.0,540.0,583.0,617.0,617.0,625.0,669.0,670.0,676.0,705.0,708.0,715.0,841.0,922.0,955.0,
2.0,15.0,38.0,48.0,58.0,60.0,66.0,82.0,91.0,96.0,100.0,183.0,245.0,278.0,336.0,337.0,345.0,403.0,469.0,493.0,518.0,536.0,552.0,554.0,569.0,573.0,575.0,631.0,644.0,652.0,659.0,731.0,770.0,778.0,790.0,849.0,889.0,892.0,921.0,937.0,966.0,969.0,978.0,983.0,
25.0,57.0,94.0,162.0,163.0,188.0,194.0,251.0,296.0,351.0,356.0,363.0,401.0,405.0,414.0,425.0,464.0,471.0,476.0,529.0,561.0,564.0,565.0,579.0,631.0,667.0,677.0,682.0,722.0,770.0,771.0,850.0,861.0,863.0,882.0,882.0,891.0,935.0,944.0,956.0,998.0,998.0,999.0,
9.0,36.0,41.0,86.0,119.0,136.0,168.0,178.0,192.0,219.0,242.0,243.0,256.0,275.0,330.0,342.0,343.0,405.0,419.0,428.0,437.0,456.0,464.0,479.0,493.0,522.0,567.0,584.0,621.0,641.0,646.0,661.0,671.0,680.0,695.0,703.0,707.0,718.0,742.0,748.0,811.0,873.0,883.0,897.0,922.0,992.0,997.0,
53.0,96.0,155.0,197.0,230.0,241.0,250.0,304.0,374.0,379.0,407.0,425.0,433.0,437.0,444.0,492.0,536.0,552.0,577.0,587.0,600.0,608.0,611.0,670.0,737.0,776.0,802.0,837.0,840.0,872.0,898.0,932.0,948.0,
20.0,38.0,71.0,87.0,95.0,137.0,149.0,163.0,172.0,173.0,230.0,231.0,236.0,243.0,246.0,280.0,362.0,393.0,424.0,470.0,498.0,523.0,525.0,545.0,567.0,608.0,619.0,665.0,704.0,725.0,757.0,842.0,925.0,985.0,999.0,
18.0,34.0,64.0,139.0,148.0,175.0,202.0,280.0,290.0,317.0,325.0,343.0,365.0,397.0,419.0,496.0,508.0,514.0,558.0,559.0,559.0,564.0,574.0,583.0,585.0,596.0,608.0,638.0,643.0,711.0,727.0,753.0,762.0,765.0,765.0,775.0,834.0,846.0,870.0,924.0,998.0,
7.0,30.0,58.0,63.0,135.0,203.0,204.0,249.0,267.0,291.0,349.0,361.0,386.0,433.0,482.0,483.0,485.0,490.0,503.0,511.0,527.0,531.0,685.0,690.0,708.0,759.0,784.0,865.0,879.0,902.0,909.0,918.0,931.0,
