11.0,12.0,23.0,39.0,47.0,64.0,85.0,133.0,136.0,157.0,170.0,210.0,218.0,221.0,222.0,262.0,313.0,325.0,366.0,367.0,369.0,371.0,392.0,418.0,439.0,488.0,501.0,517.0,556.0,560.0,598.0,620.0,626.0,664.0,668.0,669.0,715.0,725.0,739.0,836.0,868.0,869.0,919.0,991.0,
13.0,27.0,28.0,103.0,121.0,158.0,239.0,313.0,318.0,372.0,423.0,451.0,530.0,547.0,629.0,630.0,654.0,729.0,742.0,756.0,808.0,815.0,832.0,852.0,884.0,886.0,910.0,910.0,928.0,947.0,967.0,978.0,
39.0,61.0,79.0,88.0,140.0,247.0,247.0,252.0,270.0,316.0,323.0,350.0,371.0,387.0,410.0,459.0,482.0,527.0,543.0,559.0,569.0,572.0,669.0,670.0,688.0,701.0,706.0,715.0,754.0,754.0,764.0,778.0,824.0,826.0,835.0,887.0,898.0,939.0,964.0,
2.0,33.0,146.0,147.0,187.0,197.0,316.0,319.0,336.0,346.0,389.0,415.0,449.0,454.0,464.0,485.0,561.0,564.0,645.0,697.0,733.0,759.0,767.0,774.0,776.0,780.0,787.0,816.0,819.0,841.0,869.0,895.0,928.0,958.0,982.0,
68.0,99.0,124.0,134.0,191.0,203.0,217.0,227.0,351.0,363.0,371.0,430.0,443.0,487.0,491.0,507.0,514.0,547.0,550.0,582.0,627.0,641.0,644.0,680.0,726.0,738.0,757.0,765.0,775.0,791.0,801.0,822.0,858.0,861.0,918.0,983.0,
8.0,46.0,96.0,121.0,193.0,199.0,228.0,230.0,232.0,303.0,314.0,316.0,361.0,381.0,524.0,544.0,567.0,575.0,609.0,620.0,630.0,667.0,706.0,804.0,857.0,
19.0,30.0,72.0,92.0,102.0,127.0,139.0,168.0,207.0,217.0,221.0,222.0,232.0,240.0,264.0,275.0,283.0,332.0,345.0,349.0,359.0,360.0,395.0,428.0,472.0,512.0,520.0,522.0,532.0,572.0,599.0,609.0,625.0,668.0,697.0,708.0,714.0,722.0,792.0,798.0,831.0,859.0,870.0,912.0,921.0,933.0,958.0,961.0,969.0,
5.0,9.0,22.0,60.0,89.0,132.0,171.0,185.0,190.0,261.0,270.0,314.0,327.0,364.0,369.0,412.0,415.0,426.0,440.0,441.0,451.0,524.0,665.0,671.0,704.0,706.0,781.0,960.0,
10.0,13.0,14.0,50.0,77.0,81.0,122.0,143.0,195.0,215.0,226.0,269.0,276.0,278.0,279.0,283.0,290.0,294.0,303.0,306.0,333.0,334.0,406.0,436.0,474.0,496.0,521.0,583.0,589.0,609.0,687.0,715.0,727.0,811.0,830.0,830.0,854.0,867.0,891.0,944.0,998.0,
3.0,51.0,86.0,98.0,120.0,152.0,153.0,219.0,267.0,268.0,295.0,297.0,299.0,339.0,348.0,357.0,415.0,453.0,505.0,516.0,520.0,532.0,567.0,576.0,630.0,703.0,709.0,714.0,730.0,770.0,786.0,810.0,830.0,873.0,888.0,967.0,1000.0,
25.0,64.0,110.0,124.0,143.0,203.0,237.0,271.0,274.0,299.0,301.0,308.0,342.0,348.0,376.0,436.0,471.0,471.0,524.0,543.0,547.0,548.0,561.0,570.0,622.0,685.0,707.0,739.0,754.0,785.0,809.0,839.0,844.0,879.0,895.0,917.0,923.0,932.0,947.0,
20.0,51.0,105.0,116.0,116.0,179.0,193.0,206.0,216.0,243.0,263.0,268.0,279.0,340.0,389.0,399.0,412.0,473.0,478.0,485.0,511.0,571.0,576.0,586.0,592.0,619.0,624.0,659.0,705.0,715.0,764.0,769.0,788.0,790.0,795.0,827.0,833.0,868.0,890.0,893.0,908.0,910.0,953.0,992.0,998.0,
38.0,76.0,91.0,95.0,114.0,145.0,156.0,179.0,184.0,198.0,209.0,209.0,222.0,309.0,328.0,337.0,366.0,371.0,374.0,414.0,446.0,466.0,531.0,533.0,534.0,551.0,553.0,554.0,616.0,632.0,650.0,650.0,704.0,741.0,770.0,812.0,842.0,846.0,961.0,986.0,
9.0,27.0,81.0,89.0,99.0,100.0,116.0,175.0,242.0,306.0,352.0,400.0,422.0,522.0,527.0,539.0,553.0,554.0,563.0,593.0,621.0,639.0,640.0,659.0,661.0,668.0,760.0,839.0,879.0,887.0,915.0,918.0,991.0,
31.0,135.0,206.0,228.0,256.0,259.0,263.0,289.0,296.0,312.0,348.0,364.0,410.0,437.0,454.0,576.0,587.0,593.0,596.0,609.0,621.0,636.0,655.0,663.0,767.0,781.0,805.0,854.0,879.0,906.0,980.0,
3.0,26.0,39.0,46.0,82.0,104.0,125.0,148.0,165.0,184.0,190.0,219.0,232.0,234.0,302.0,316.0,352.0,354.0,358.0,359.0,359.0,382.0,398.0,406.0,414.0,443.0,590.0,616.0,654.0,702.0,758.0,809.0,835.0,908.0,965.0,
19.0,41.0,53.0,85.0,97.0,101.0,103.0,131.0,138.0,219.0,231.0,256.0,272.0,276.0,279.0,305.0,317.0,317.0,323.0,411.0,441.0,468.0,500.0,505.0,511.0,551.0,554.0,574.0,592.0,629.0,630.0,736.0,789.0,797.0,800.0,812.0,817.0,824.0,847.0,871.0,892.0,896.0,900.0,918.0,949.0,957.0,961.0,
38.0,79.0,85.0,86.0,117.0,149.0,153.0,200.0,210.0,211.0,248.0,257.0,277.0,303.0,310.0,349.0,390.0,401.0,407.0,410.0,442.0,455.0,458.0,471.0,547.0,599.0,657.0,665.0,673.0,676.0,742.0,749.0,755.0,770.0,777.0,862.0,927.0,949.0,964.0,988.0,995.0,
3.0,15.0,54.0,60.0,92.0,115.0,180.0,181.0,269.0,274.0,365.0,379.0,398.0,398.0,424.0,516.0,538.0,619.0,630.0,651.0,707.0,711.0,715.0,746.0,792.0,804.0,807.0,810.0,823.0,825.0,857.0,909.0,918.0,
19.0,26.0,28.0,28.0,50.0,56.0,63.0,103.0,110.0,112.0,120.0,125.0,128.0,133.0,137.0,213.0,243.0,263.0,313.0,321.0,342.0,345.0,359.0,422.0,428.0,433.0,456.0,471.0,519.0,547.0,557.0,625.0,637.0,682.0,747.0,757.0,777.0,778.0,808.0,839.0,841.0,846.0,888.0,889.0,900.0,922.0,924.0,932.0,979.0,
22.0,153.0,154.0,183.0,187.0,199.0,205.0,231.0,257.0,261.0,276.0,292.0,294.0,301.0,306.0,317.0,332.0,376.0,384.0,421.0,455.0,511.0,516.0,580.0,642.0,754.0,795.0,819.0,882.0,945.0,977.0,
5.0,31.0,51.0,129.0,134.0,146.0,148.0,156.0,158.0,160.0,186.0,194.0,204.0,216.0,256.0,261.0,299.0,305.0,314.0,315.0,323.0,330.0,344.0,358.0,398.0,465.0,484.0,498.0,573.0,574.0,654.0,656.0,690.0,735.0,823.0,823.0,835.0,841.0,847.0,904.0,922.0,923.0,960.0,
2.0,6.0,164.0,180.0,252.0,272.0,345.0,363.0,371.0,378.0,386.0,404.0,486.0,547.0,547.0,591.0,678.0,691.0,711.0,755.0,799.0,893.0,897.0,939.0,945.0,952.0,
36.0,47.0,69.0,86.0,135.0,138.0,141.0,158.0,158.0,244.0,248.0,282.0,287.0,355.0,391.0,410.0,461.0,466.0,487.0,559.0,572.0,602.0,612.0,630.0,643.0,733.0,787.0,808.0,810.0,820.0,855.0,863.0,868.0,870.0,871.0,901.0,933.0,973.0,988.0,995.0,
21.0,81.0,91.0,98.0,111.0,160.0,163.0,187.0,218.0,224.0,232.0,238.0,255.0,319.0,334.0,355.0,391.0,403.0,465.0,480.0,487.0,511.0,519.0,576.0,612.0,618.0,660.0,714.0,717.0,720.0,810.0,821.0,833.0,841.0,879.0,899.0,906.0,916.0,918.0,963.0,974.0,979.0,980.0,991.0,
50.0,51.0,67.0,76.0,114.0,127.0,130.0,165.0,198.0,257.0,287.0,306.0,320.0,337.0,345.0,387.0,391.0,395.0,396.0,408.0,439.0,490.0,534.0,535.0,538.0,612.0,621.0,634.0,694.0,742.0,754.0,804.0,819.0,852.0,863.0,897.0,910.0,929.0,937.0,940.0,966.0,979.0,
22.0,27.0,82.0,93.0,115.0,179.0,188.0,196.0,203.0,217.0,330.0,379.0,389.0,399.0,419.0,493.0,497.0,681.0,695.0,711.0,763.0,765.0,796.0,823.0,846.0,881.0,884.0,890.0,951.0,965.0,969.0,982.0,996.0,
36.0,42.0,48.0,54.0,67.0,91.0,105.0,117.0,155.0,175.0,305.0,376.0,396.0,404.0,409.0,419.0,433.0,455.0,483.0,542.0,561.0,585.0,589.0,612.0,632.0,649.0,665.0,672.0,714.0,730.0,743.0,760.0,765.0,772.0,797.0,811.0,812.0,825.0,842.0,856.0,883.0,895.0,923.0,965.0,985.0,993.0,
18.0,18.0,40.0,48.0,54.0,79.0,93.0,106.0,116.0,136.0,183.0,202.0,223.0,226.0,324.0,360.0,389.0,406.0,420.0,452.0,479.0,568.0,609.0,685.0,692.0,765.0,768.0,772.0,808.0,844.0,857.0,891.0,957.0,977.0,980.0,985.0,998.0,
19.0,43.0,93.0,97.0,97.0,136.0,157.0,179.0,180.0,235.0,241.0,276.0,286.0,307.0,345.0,347.0,351.0,353.0,377.0,382.0,416.0,463.0,485.0,488.0,500.0,518.0,539.0,558.0,574.0,593.0,595.0,691.0,722.0,762.0,766.0,796.0,801.0,822.0,871.0,878.0,914.0,921.0,923.0,930.0,934.0,938.0,
21.0,23.0,49.0,62.0,78.0,92.0,120.0,122.0,126.0,206.0,226.0,241.0,315.0,407.0,437.0,437.0,440.0,451.0,477.0,523.0,544.0,547.0,554.0,657.0,674.0,749.0,782.0,786.0,850.0,874.0,885.0,918.0,927.0,934.0,943.0,
15.0,19.0,29.0,77.0,121.0,136.0,147.0,148.0,150.0,158.0,160.0,163.0,219.0,232.0,235.0,287.0,306.0,335.0,374.0,409.0,436.0,461.0,483.0,636.0,645.0,648.0,658.0,662.0,689.0,736.0,744.0,762.0,782.0,807.0,847.0,865.0,872.0,917.0,928.0,939.0,992.0,
15.0,30.0,40.0,41.0,51.0,65.0,65.0,97.0,138.0,182.0,208.0,231.0,245.0,253.0,285.0,290.0,315.0,341.0,364.0,437.0,494.0,523.0,526.0,591.0,598.0,603.0,671.0,736.0,742.0,754.0,803.0,823.0,854.0,886.0,889.0,928.0,
52.0,58.0,65.0,84.0,108.0,109.0,120.0,164.0,175.0,181.0,193.0,194.0,299.0,311.0,317.0,329.0,406.0,438.0,470.0,550.0,583.0,595.0,695.0,755.0,825.0,834.0,840.0,869.0,889.0,951.0,970.0,1000.0,
33.0,59.0,66.0,162.0,179.0,214.0,217.0,222.0,234.0,246.0,249.0,255.0,301.0,320.0,353.0,373.0,381.0,388.0,425.0,447.0,511.0,512.0,548.0,565.0,649.0,678.0,683.0,735.0,736.0,772.0,775.0,811.0,811.0,845.0,847.0,855.0,887.0,896.0,986.0,
20.0,53.0,53.0,100.0,135.0,151.0,169.0,177.0,238.0,277.0,304.0,357.0,407.0,408.0,491.0,632.0,633.0,641.0,680.0,724.0,748.0,757.0,867.0,901.0,
28.0,43.0,72.0,81.0,85.0,85.0,88.0,89.0,95.0,126.0,134.0,208.0,300.0,317.0,330.0,338.0,384.0,476.0,498.0,534.0,537.0,624.0,640.0,678.0,702.0,772.0,797.0,874.0,900.0,924.0,942.0,
6.0,45.0,54.0,57.0,65.0,97.0,107.0,115.0,129.0,171.0,210.0,239.0,261.0,295.0,320.0,323.0,405.0,429.0,446.0,450.0,456.0,462.0,477.0,483.0,533.0,556.0,630.0,666.0,692.0,760.0,762.0,851.0,878.0,930.0,996.0,
8.0,13.0,27.0,59.0,78.0,95.0,133.0,163.0,234.0,242.0,256.0,336.0,405.0,440.0,463.0,463.0,470.0,489.0,512.0,517.0,631.0,703.0,741.0,753.0,839.0,892.0,911.0,939.0,974.0,985.0,
11.0,33.0,63.0,118.0,128.0,173.0,176.0,216.0,227.0,284.0,313.0,352.0,353.0,376.0,381.0,523.0,593.0,604.0,625.0,634.0,640.0,643.0,668.0,726.0,779.0,830.0,872.0,877.0,890.0,893.0,923.0,925.0,
46.0,59.0,67.0,90.0,265.0,279.0,312.0,334.0,335.0,345.0,346.0,462.0,507.0,560.0,576.0,585.0,645.0,654.0,654.0,659.0,693.0,733.0,734.0,759.0,760.0,800.0,821.0,911.0,
31.0,40.0,49.0,72.0,88.0,134.0,221.0,224.0,270.0,297.0,356.0,374.0,440.0,467.0,490.0,532.0,560.0,577.0,654.0,662.0,735.0,746.0,747.0,748.0,757.0,779.0,865.0,869.0,899.0,916.0,970.0,988.0,993.0,
9.0,25.0,44.0,45.0,65.0,66.0,173.0,198.0,221.0,234.0,284.0,290.0,310.0,370.0,386.0,397.0,399.0,433.0,509.0,525.0,526.0,537.0,590.0,603.0,613.0,669.0,694.0,784.0,789.0,859.0,885.0,923.0,969.0,
34.0,81.0,136.0,157.0,216.0,413.0,416.0,453.0,497.0,504.0,509.0,519.0,545.0,570.0,585.0,593.0,660.0,722.0,737.0,754.0,756.0,757.0,777.0,823.0,836.0,881.0,933.0,957.0,986.0,
30.0,35.0,56.0,136.0,190.0,213.0,213.0,257.0,263.0,271.0,272.0,278.0,294.0,305.0,320.0,323.0,331.0,352.0,356.0,357.0,376.0,381.0,386.0,393.0,417.0,430.0,434.0,517.0,518.0,546.0,553.0,589.0,602.0,615.0,628.0,632.0,651.0,689.0,711.0,763.0,769.0,856.0,892.0,895.0,905.0,926.0,940.0,951.0,1000.0,
11.0,89.0,135.0,234.0,260.0,266.0,284.0,291.0,314.0,336.0,344.0,358.0,360.0,400.0,416.0,425.0,441.0,442.0,454.0,458.0,470.0,493.0,497.0,510.0,512.0,528.0,552.0,552.0,555.0,561.0,561.0,563.0,567.0,573.0,574.0,575.0,575.0,578.0,578.0,579.0,581.0,615.0,624.0,630.0,637.0,645.0,647.0,647.0,655.0,659.0,676.0,681.0,686.0,702.0,706.0,728.0,744.0,751.0,754.0,761.0,774.0,774.0,832.0,859.0,954.0,954.0,965.0,972.0,996.0,
7.0,30.0,53.0,77.0,127.0,159.0,168.0,199.0,203.0,207.0,208.0,218.0,236.0,250.0,269.0,284.0,297.0,298.0,326.0,343.0,365.0,372.0,387.0,425.0,441.0,441.0,463.0,471.0,474.0,526.0,544.0,555.0,559.0,582.0,584.0,596.0,632.0,640.0,680.0,762.0,776.0,817.0,820.0,866.0,869.0,880.0,880.0,884.0,896.0,897.0,941.0,963.0,977.0,983.0,988.0,
5.0,32.0,76.0,147.0,251.0,264.0,266.0,289.0,318.0,337.0,377.0,396.0,403.0,423.0,463.0,503.0,523.0,610.0,611.0,613.0,640.0,786.0,791.0,806.0,826.0,836.0,879.0,917.0,999.0,
27.0,45.0,48.0,106.0,123.0,175.0,223.0,260.0,269.0,271.0,324.0,336.0,396.0,399.0,414.0,422.0,432.0,438.0,451.0,457.0,500.0,503.0,530.0,534.0,540.0,588.0,604.0,631.0,651.0,652.0,660.0,667.0,745.0,765.0,797.0,846.0,913.0,930.0,934.0,935.0,954.0,970.0,981.0,
10.0,12.0,26.0,29.0,70.0,113.0,170.0,177.0,182.0,196.0,197.0,204.0,208.0,235.0,250.0,322.0,345.0,348.0,371.0,409.0,418.0,426.0,438.0,442.0,457.0,463.0,469.0,539.0,564.0,623.0,716.0,794.0,827.0,839.0,853.0,902.0,908.0,947.0,966.0,
108.0,141.0,150.0,162.0,192.0,208.0,212.0,224.0,257.0,371.0,378.0,415.0,427.0,427.0,440.0,448.0,490.0,491.0,519.0,558.0,567.0,603.0,621.0,660.0,670.0,683.0,743.0,761.0,769.0,817.0,824.0,921.0,980.0,
5.0,41.0,72.0,80.0,108.0,123.0,164.0,240.0,255.0,273.0,316.0,368.0,422.0,458.0,458.0,459.0,467.0,566.0,579.0,602.0,609.0,617.0,655.0,660.0,782.0,783.0,795.0,872.0,875.0,904.0,930.0,945.0,962.0,977.0,980.0,992.0,
6.0,54.0,63.0,64.0,98.0,155.0,164.0,182.0,195.0,198.0,210.0,268.0,311.0,344.0,411.0,443.0,513.0,547.0,585.0,623.0,654.0,657.0,712.0,724.0,727.0,759.0,761.0,789.0,801.0,844.0,937.0,937.0,982.0,997.0,
16.0,33.0,89.0,108.0,168.0,191.0,195.0,231.0,243.0,252.0,262.0,285.0,348.0,356.0,387.0,389.0,390.0,400.0,409.0,413.0,431.0,472.0,507.0,525.0,582.0,697.0,708.0,713.0,718.0,724.0,757.0,797.0,828.0,892.0,962.0,
50.0,52.0,70.0,91.0,107.0,112.0,121.0,132.0,159.0,279.0,384.0,406.0,470.0,497.0,501.0,512.0,525.0,536.0,538.0,538.0,539.0,539.0,540.0,540.0,545.0,548.0,553.0,565.0,566.0,570.0,571.0,575.0,584.0,587.0,589.0,595.0,606.0,610.0,617.0,619.0,625.0,630.0,637.0,656.0,657.0,663.0,667.0,668.0,680.0,721.0,725.0,728.0,731.0,748.0,771.0,782.0,814.0,818.0,819.0,820.0,840.0,873.0,885.0,895.0,924.0,933.0,933.0,950.0,966.0,976.0,983.0,
22.0,29.0,37.0,40.0,79.0,139.0,144.0,147.0,177.0,201.0,223.0,250.0,250.0,275.0,282.0,310.0,315.0,320.0,337.0,377.0,460.0,516.0,521.0,526.0,527.0,528.0,529.0,531.0,535.0,544.0,545.0,545.0,548.0,550.0,559.0,567.0,585.0,592.0,595.0,595.0,597.0,619.0,625.0,628.0,635.0,638.0,638.0,640.0,646.0,648.0,669.0,674.0,681.0,684.0,685.0,688.0,694.0,698.0,710.0,745.0,747.0,760.0,766.0,769.0,789.0,789.0,791.0,792.0,801.0,811.0,813.0,820.0,821.0,839.0,845.0,848.0,858.0,858.0,869.0,870.0,873.0,882.0,905.0,906.0,917.0,922.0,924.0,926.0,937.0,937.0,942.0,955.0,961.0,967.0,969.0,972.0,987.0,987.0,993.0,997.0,
34.0,43.0,72.0,164.0,193.0,196.0,272.0,346.0,346.0,346.0,354.0,407.0,417.0,434.0,448.0,454.0,456.0,474.0,478.0,504.0,525.0,526.0,536.0,547.0,550.0,552.0,553.0,563.0,585.0,597.0,605.0,611.0,618.0,623.0,638.0,642.0,660.0,662.0,680.0,712.0,723.0,727.0,788.0,799.0,820.0,821.0,823.0,826.0,838.0,845.0,863.0,872.0,874.0,877.0,890.0,890.0,892.0,905.0,910.0,958.0,979.0,994.0,998.0,
72.0,84.0,109.0,120.0,270.0,280.0,284.0,290.0,334.0,337.0,349.0,362.0,430.0,454.0,458.0,475.0,477.0,520.0,607.0,643.0,702.0,705.0,732.0,827.0,846.0,865.0,926.0,946.0,977.0,978.0,
51.0,58.0,73.0,127.0,136.0,177.0,214.0,221.0,246.0,250.0,257.0,275.0,310.0,410.0,463.0,547.0,573.0,583.0,618.0,638.0,658.0,747.0,761.0,794.0,875.0,895.0,910.0,915.0,917.0,944.0,953.0,995.0,
14.0,83.0,86.0,131.0,139.0,143.0,201.0,272.0,277.0,334.0,339.0,370.0,388.0,414.0,425.0,439.0,450.0,565.0,583.0,592.0,597.0,609.0,718.0,740.0,778.0,856.0,902.0,933.0,943.0,956.0,982.0,994.0,
26.0,34.0,84.0,102.0,103.0,224.0,239.0,286.0,365.0,369.0,429.0,433.0,459.0,478.0,560.0,651.0,666.0,686.0,719.0,733.0,738.0,816.0,903.0,970.0,976.0,981.0,
44.0,87.0,112.0,190.0,216.0,219.0,234.0,346.0,351.0,404.0,408.0,414.0,436.0,437.0,444.0,507.0,520.0,524.0,575.0,619.0,656.0,700.0,765.0,774.0,778.0,790.0,810.0,817.0,825.0,837.0,907.0,972.0,
8.0,11.0,18.0,34.0,113.0,176.0,200.0,206.0,211.0,218.0,254.0,264.0,267.0,300.0,327.0,340.0,346.0,371.0,415.0,454.0,473.0,476.0,478.0,483.0,502.0,520.0,537.0,602.0,625.0,637.0,664.0,671.0,702.0,787.0,797.0,807.0,818.0,835.0,836.0,853.0,888.0,919.0,929.0,942.0,968.0,997.0,
8.0,11.0,35.0,37.0,88.0,105.0,119.0,121.0,171.0,179.0,255.0,256.0,294.0,320.0,335.0,340.0,402.0,411.0,421.0,446.0,462.0,472.0,548.0,550.0,662.0,844.0,877.0,920.0,940.0,
2.0,87.0,94.0,98.0,102.0,187.0,228.0,268.0,274.0,342.0,343.0,348.0,364.0,371.0,390.0,394.0,431.0,435.0,442.0,450.0,460.0,472.0,477.0,503.0,505.0,508.0,512.0,538.0,539.0,541.0,544.0,556.0,579.0,590.0,619.0,619.0,653.0,673.0,742.0,747.0,754.0,778.0,779.0,780.0,781.0,787.0,791.0,794.0,798.0,848.0,848.0,848.0,851.0,862.0,877.0,898.0,906.0,947.0,979.0,
12.0,22.0,38.0,103.0,111.0,113.0,135.0,211.0,250.0,254.0,258.0,330.0,362.0,388.0,388.0,401.0,423.0,441.0,441.0,445.0,457.0,463.0,499.0,518.0,535.0,542.0,548.0,574.0,583.0,587.0,590.0,592.0,592.0,598.0,599.0,604.0,609.0,610.0,618.0,628.0,630.0,645.0,697.0,702.0,725.0,733.0,743.0,754.0,756.0,760.0,776.0,808.0,810.0,832.0,851.0,860.0,867.0,875.0,917.0,921.0,927.0,946.0,956.0,982.0,999.0,1000.0,
88.0,93.0,109.0,127.0,138.0,139.0,245.0,294.0,308.0,325.0,369.0,417.0,435.0,454.0,461.0,495.0,516.0,530.0,532.0,558.0,594.0,597.0,636.0,643.0,730.0,737.0,743.0,760.0,764.0,781.0,782.0,787.0,795.0,857.0,865.0,935.0,945.0,953.0,969.0,
12.0,30.0,69.0,82.0,96.0,128.0,168.0,190.0,202.0,253.0,260.0,262.0,355.0,360.0,364.0,414.0,423.0,469.0,508.0,508.0,542.0,617.0,621.0,623.0,680.0,784.0,809.0,827.0,833.0,836.0,919.0,988.0,994.0,
40.0,53.0,169.0,196.0,210.0,227.0,254.0,266.0,292.0,335.0,335.0,424.0,470.0,518.0,541.0,553.0,588.0,615.0,618.0,642.0,646.0,673.0,702.0,716.0,765.0,837.0,847.0,853.0,857.0,858.0,894.0,917.0,957.0,
2.0,21.0,24.0,26.0,52.0,70.0,72.0,78.0,158.0,187.0,190.0,216.0,255.0,277.0,301.0,302.0,411.0,412.0,421.0,441.0,476.0,476.0,497.0,528.0,541.0,567.0,620.0,622.0,669.0,707.0,772.0,814.0,815.0,885.0,918.0,969.0,989.0,
38.0,52.0,110.0,148.0,153.0,192.0,200.0,234.0,242.0,252.0,275.0,280.0,320.0,321.0,383.0,428.0,471.0,480.0,502.0,510.0,543.0,600.0,647.0,675.0,684.0,721.0,733.0,735.0,765.0,784.0,785.0,786.0,842.0,867.0,883.0,922.0,930.0,963.0,965.0,987.0,
2.0,18.0,22.0,62.0,62.0,66.0,81.0,91.0,106.0,128.0,144.0,155.0,180.0,224.0,244.0,253.0,344.0,383.0,390.0,409.0,447.0,457.0,485.0,499.0,518.0,519.0,537.0,554.0,596.0,669.0,673.0,693.0,702.0,801.0,850.0,882.0,939.0,974.0,976.0,
7.0,14.0,25.0,27.0,36.0,40.0,96.0,107.0,131.0,145.0,174.0,194.0,278.0,279.0,319.0,328.0,350.0,369.0,393.0,428.0,429.0,438.0,461.0,577.0,602.0,628.0,652.0,762.0,764.0,782.0,783.0,787.0,801.0,843.0,870.0,931.0,975.0,
89.0,89.0,95.0,100.0,121.0,130.0,144.0,170.0,232.0,235.0,252.0,252.0,300.0,353.0,372.0,402.0,407.0,416.0,417.0,428.0,448.0,450.0,464.0,479.0,513.0,546.0,550.0,579.0,645.0,653.0,660.0,681.0,733.0,752.0,814.0,852.0,876.0,895.0,916.0,916.0,941.0,978.0,995.0,
21.0,64.0,82.0,93.0,109.0,125.0,130.0,170.0,250.0,309.0,323.0,351.0,393.0,421.0,513.0,544.0,556.0,610.0,635.0,668.0,722.0,784.0,800.0,814.0,844.0,881.0,917.0,936.0,959.0,
32.0,33.0,49.0,72.0,128.0,143.0,152.0,175.0,207.0,256.0,268.0,355.0,438.0,472.0,481.0,491.0,507.0,514.0,529.0,539.0,562.0,626.0,651.0,696.0,700.0,702.0,764.0,852.0,867.0,900.0,930.0,
8.0,26.0,39.0,78.0,109.0,119.0,147.0,168.0,185.0,276.0,288.0,302.0,323.0,339.0,347.0,380.0,428.0,433.0,449.0,450.0,465.0,506.0,526.0,535.0,593.0,642.0,654.0,680.0,731.0,747.0,846.0,899.0,908.0,
10.0,44.0,46.0,56.0,78.0,162.0,196.0,225.0,227.0,234.0,238.0,264.0,275.0,365.0,377.0,386.0,391.0,415.0,542.0,551.0,555.0,568.0,612.0,622.0,649.0,778.0,789.0,791.0,798.0,838.0,883.0,892.0,899.0,907.0,917.0,920.0,923.0,926.0,931.0,939.0,945.0,969.0,
35.0,150.0,177.0,202.0,214.0,215.0,229.0,255.0,285.0,324.0,329.0,341.0,343.0,356.0,409.0,431.0,433.0,504.0,514.0,521.0,555.0,559.0,568.0,631.0,637.0,642.0,659.0,668.0,674.0,797.0,818.0,892.0,897.0,955.0,959.0,
14.0,46.0,71.0,86.0,89.0,98.0,117.0,150.0,180.0,219.0,247.0,265.0,267.0,305.0,336.0,352.0,353.0,389.0,409.0,439.0,511.0,535.0,579.0,588.0,629.0,648.0,679.0,694.0,775.0,796.0,822.0,879.0,898.0,906.0,
36.0,58.0,99.0,122.0,131.0,146.0,159.0,187.0,211.0,255.0,304.0,314.0,431.0,433.0,481.0,482.0,498.0,536.0,594.0,605.0,614.0,647.0,663.0,663.0,697.0,756.0,771.0,799.0,820.0,839.0,847.0,852.0,891.0,894.0,901.0,957.0,958.0,
99.0,100.0,123.0,169.0,208.0,248.0,257.0,288.0,298.0,359.0,362.0,364.0,403.0,454.0,465.0,534.0,546.0,547.0,561.0,627.0,725.0,784.0,800.0,862.0,872.0,898.0,950.0,956.0,994.0,
46.0,55.0,61.0,146.0,231.0,258.0,309.0,314.0,374.0,403.0,440.0,475.0,549.0,550.0,590.0,662.0,680.0,728.0,747.0,755.0,770.0,774.0,789.0,808.0,809.0,840.0,883.0,930.0,934.0,975.0,
6.0,112.0,138.0,203.0,226.0,226.0,234.0,236.0,270.0,276.0,304.0,310.0,332.0,382.0,431.0,433.0,436.0,455.0,458.0,488.0,502.0,506.0,506.0,548.0,580.0,608.0,695.0,699.0,714.0,717.0,781.0,796.0,814.0,814.0,905.0,919.0,938.0,962.0,964.0,978.0,993.0,993.0,
14.0,20.0,23.0,31.0,60.0,113.0,140.0,175.0,187.0,197.0,225.0,257.0,270.0,285.0,371.0,408.0,453.0,472.0,492.0,529.0,562.0,578.0,630.0,665.0,725.0,737.0,737.0,756.0,847.0,868.0,902.0,989.0,
16.0,43.0,60.0,65.0,78.0,122.0,158.0,166.0,184.0,222.0,232.0,277.0,293.0,320.0,361.0,388.0,425.0,433.0,450.0,458.0,478.0,552.0,582.0,583.0,600.0,627.0,669.0,791.0,815.0,915.0,943.0,948.0,951.0,963.0,
5.0,70.0,82.0,138.0,138.0,161.0,179.0,209.0,249.0,296.0,298.0,317.0,393.0,396.0,408.0,411.0,423.0,425.0,474.0,567.0,593.0,597.0,621.0,629.0,670.0,689.0,692.0,738.0,789.0,811.0,888.0,909.0,934.0,963.0,977.0,1000.0,
5.0,8.0,38.0,66.0,148.0,172.0,229.0,295.0,348.0,358.0,373.0,380.0,394.0,434.0,499.0,521.0,522.0,553.0,563.0,573.0,574.0,608.0,679.0,680.0,749.0,793.0,896.0,920.0,971.0,
71.0,79.0,91.0,125.0,126.0,152.0,160.0,160.0,217.0,221.0,253.0,254.0,259.0,293.0,297.0,303.0,314.0,350.0,368.0,370.0,388.0,388.0,454.0,467.0,523.0,538.0,567.0,571.0,596.0,663.0,690.0,697.0,738.0,751.0,755.0,764.0,765.0,778.0,784.0,830.0,920.0,938.0,970.0,999.0,
59.0,64.0,79.0,86.0,129.0,203.0,218.0,232.0,269.0,296.0,322.0,371.0,389.0,428.0,440.0,458.0,552.0,607.0,607.0,621.0,640.0,655.0,685.0,686.0,714.0,716.0,743.0,810.0,813.0,829.0,837.0,851.0,887.0,893.0,927.0,
41.0,43.0,53.0,74.0,117.0,137.0,139.0,164.0,166.0,196.0,245.0,267.0,285.0,297.0,300.0,309.0,324.0,361.0,367.0,432.0,455.0,466.0,493.0,501.0,512.0,553.0,636.0,672.0,720.0,726.0,747.0,802.0,839.0,855.0,918.0,948.0,956.0,
16.0,42.0,64.0,80.0,111.0,115.0,158.0,181.0,184.0,213.0,247.0,249.0,270.0,294.0,332.0,397.0,431.0,433.0,527.0,532.0,538.0,574.0,606.0,628.0,667.0,754.0,838.0,840.0,856.0,959.0,994.0,997.0,
7.0,10.0,33.0,69.0,118.0,128.0,134.0,150.0,205.0,248.0,267.0,284.0,290.0,340.0,370.0,442.0,456.0,469.0,519.0,541.0,746.0,779.0,781.0,803.0,804.0,832.0,867.0,881.0,904.0,923.0,925.0,943.0,
30.0,47.0,117.0,121.0,225.0,267.0,293.0,296.0,318.0,354.0,433.0,469.0,480.0,486.0,488.0,514.0,518.0,524.0,526.0,569.0,599.0,629.0,638.0,687.0,735.0,856.0,891.0,904.0,906.0,910.0,939.0,948.0,968.0,978.0,980.0,993.0,
27.0,47.0,62.0,73.0,85.0,134.0,171.0,254.0,269.0,311.0,329.0,436.0,454.0,474.0,532.0,548.0,553.0,566.0,598.0,679.0,764.0,786.0,801.0,821.0,895.0,904.0,933.0,979.0,
9.0,34.0,39.0,97.0,126.0,134.0,158.0,172.0,174.0,211.0,211.0,261.0,282.0,285.0,365.0,366.0,374.0,377.0,390.0,404.0,437.0,478.0,526.0,576.0,583.0,628.0,638.0,676.0,694.0,698.0,700.0,775.0,779.0,837.0,840.0,864.0,871.0,875.0,898.0,900.0,
68.0,70.0,100.0,108.0,183.0,233.0,254.0,309.0,336.0,350.0,358.0,381.0,416.0,431.0,444.0,444.0,460.0,463.0,469.0,494.0,630.0,642.0,657.0,696.0,697.0,785.0,802.0,808.0,871.0,886.0,901.0,
24.0,34.0,40.0,70.0,106.0,146.0,167.0,191.0,192.0,266.0,311.0,312.0,368.0,399.0,412.0,412.0,457.0,470.0,501.0,543.0,547.0,550.0,554.0,579.0,595.0,705.0,707.0,716.0,747.0,755.0,758.0,758.0,782.0,925.0,945.0,971.0,981.0,
15.0,17.0,21.0,25.0,32.0,54.0,62.0,93.0,107.0,108.0,158.0,163.0,206.0,235.0,310.0,316.0,324.0,336.0,356.0,378.0,393.0,411.0,432.0,440.0,462.0,480.0,480.0,528.0,537.0,546.0,619.0,648.0,681.0,687.0,739.0,758.0,769.0,783.0,794.0,799.0,808.0,856.0,884.0,961.0,979.0,981.0,
145.0,199.0,200.0,220.0,233.0,298.0,437.0,445.0,465.0,467.0,482.0,561.0,562.0,592.0,632.0,662.0,691.0,714.0,722.0,777.0,787.0,807.0,863.0,869.0,881.0,899.0,923.0,939.0,957.0,998.0,
