42.0,58.0,165.0,170.0,180.0,193.0,235.0,241.0,249.0,257.0,260.0,287.0,296.0,300.0,336.0,370.0,466.0,527.0,548.0,565.0,612.0,666.0,716.0,759.0,772.0,774.0,823.0,857.0,868.0,950.0,951.0,
28.0,44.0,45.0,201.0,289.0,318.0,370.0,386.0,393.0,455.0,523.0,544.0,545.0,580.0,609.0,622.0,669.0,677.0,703.0,747.0,754.0,817.0,823.0,847.0,904.0,911.0,912.0,954.0,981.0,985.0,1000.0,
51.0,66.0,82.0,95.0,96.0,97.0,126.0,195.0,202.0,258.0,276.0,317.0,330.0,393.0,443.0,521.0,572.0,617.0,619.0,630.0,660.0,706.0,803.0,818.0,823.0,842.0,849.0,851.0,863.0,943.0,960.0,992.0,997.0,
29.0,42.0,55.0,73.0,92.0,111.0,129.0,158.0,160.0,161.0,212.0,219.0,235.0,235.0,255.0,266.0,284.0,314.0,352.0,383.0,431.0,432.0,488.0,510.0,518.0,533.0,547.0,572.0,577.0,592.0,593.0,611.0,709.0,757.0,767.0,773.0,821.0,821.0,852.0,860.0,880.0,887.0,918.0,919.0,980.0,
22.0,39.0,94.0,163.0,193.0,197.0,211.0,235.0,236.0,299.0,315.0,343.0,371.0,398.0,403.0,408.0,445.0,466.0,497.0,555.0,581.0,600.0,630.0,633.0,652.0,707.0,736.0,743.0,791.0,849.0,888.0,934.0,948.0,963.0,
39.0,110.0,123.0,157.0,170.0,177.0,198.0,203.0,209.0,237.0,254.0,267.0,310.0,315.0,332.0,385.0,416.0,447.0,466.0,490.0,491.0,541.0,581.0,605.0,612.0,627.0,641.0,660.0,661.0,675.0,704.0,737.0,752.0,762.0,764.0,789.0,815.0,834.0,837.0,888.0,893.0,
10.0,31.0,45.0,94.0,96.0,102.0,114.0,122.0,124.0,135.0,136.0,167.0,168.0,172.0,175.0,184.0,279.0,287.0,296.0,306.0,330.0,356.0,379.0,381.0,383.0,391.0,413.0,427.0,456.0,460.0,562.0,605.0,624.0,670.0,684.0,743.0,774.0,840.0,901.0,911.0,925.0,952.0,954.0,
45.0,45.0,56.0,65.0,136.0,162.0,169.0,181.0,234.0,291.0,294.0,306.0,330.0,353.0,361.0,389.0,397.0,404.0,448.0,517.0,540.0,577.0,633.0,701.0,727.0,743.0,748.0,751.0,839.0,856.0,933.0,947.0,955.0,956.0,
12.0,56.0,65.0,163.0,180.0,186.0,208.0,223.0,252.0,328.0,344.0,344.0,353.0,368.0,443.0,471.0,523.0,530.0,547.0,640.0,673.0,735.0,754.0,864.0,943.0,945.0,979.0,
6.0,14.0,18.0,111.0,138.0,189.0,193.0,210.0,222.0,224.0,333.0,385.0,445.0,458.0,471.0,492.0,529.0,611.0,647.0,649.0,652.0,653.0,663.0,672.0,675.0,677.0,717.0,721.0,726.0,737.0,770.0,873.0,886.0,887.0,895.0,944.0,946.0,969.0,970.0,
24.0,47.0,66.0,85.0,94.0,113.0,134.0,140.0,166.0,188.0,264.0,264.0,273.0,305.0,317.0,322.0,352.0,398.0,481.0,550.0,571.0,583.0,589.0,597.0,600.0,657.0,673.0,758.0,760.0,762.0,769.0,793.0,849.0,884.0,891.0,929.0,943.0,988.0,
18.0,58.0,59.0,91.0,122.0,140.0,166.0,189.0,208.0,245.0,277.0,296.0,388.0,389.0,424.0,428.0,481.0,514.0,557.0,560.0,564.0,576.0,579.0,586.0,602.0,635.0,635.0,714.0,727.0,753.0,795.0,827.0,831.0,858.0,881.0,900.0,954.0,992.0,
57.0,75.0,182.0,213.0,270.0,298.0,397.0,421.0,611.0,654.0,670.0,677.0,788.0,790.0,828.0,873.0,879.0,888.0,917.0,931.0,938.0,949.0,954.0,954.0,967.0,994.0,1000.0,1000.0,
28.0,54.0,63.0,122.0,123.0,171.0,226.0,246.0,260.0,285.0,313.0,320.0,337.0,435.0,447.0,454.0,458.0,509.0,510.0,546.0,615.0,621.0,631.0,725.0,742.0,753.0,754.0,800.0,802.0,812.0,824.0,878.0,885.0,923.0,925.0,926.0,960.0,990.0,
8.0,167.0,180.0,184.0,249.0,250.0,260.0,320.0,326.0,344.0,348.0,350.0,358.0,365.0,419.0,438.0,460.0,541.0,557.0,567.0,634.0,638.0,685.0,693.0,708.0,710.0,723.0,743.0,785.0,804.0,806.0,851.0,902.0,937.0,958.0,969.0,990.0,
17.0,91.0,125.0,176.0,179.0,196.0,202.0,212.0,226.0,228.0,244.0,262.0,277.0,302.0,310.0,351.0,401.0,420.0,436.0,452.0,474.0,478.0,501.0,506.0,512.0,568.0,585.0,597.0,623.0,633.0,658.0,692.0,696.0,728.0,736.0,788.0,803.0,833.0,856.0,862.0,926.0,946.0,966.0,979.0,984.0,
18.0,20.0,31.0,33.0,44.0,48.0,101.0,106.0,121.0,137.0,161.0,161.0,162.0,174.0,245.0,285.0,309.0,340.0,380.0,381.0,394.0,398.0,433.0,513.0,519.0,521.0,522.0,560.0,597.0,600.0,655.0,670.0,773.0,788.0,805.0,857.0,895.0,972.0,982.0,984.0,
118.0,157.0,195.0,224.0,238.0,301.0,350.0,403.0,416.0,428.0,488.0,509.0,523.0,525.0,613.0,614.0,615.0,616.0,663.0,665.0,705.0,721.0,735.0,744.0,767.0,783.0,823.0,826.0,848.0,850.0,923.0,930.0,941.0,993.0,
6.0,22.0,42.0,68.0,196.0,209.0,216.0,232.0,287.0,300.0,311.0,316.0,359.0,361.0,383.0,416.0,427.0,500.0,510.0,519.0,520.0,535.0,536.0,551.0,554.0,570.0,640.0,655.0,664.0,672.0,728.0,734.0,737.0,797.0,801.0,819.0,831.0,867.0,889.0,952.0,962.0,
21.0,37.0,51.0,85.0,115.0,129.0,177.0,225.0,255.0,390.0,513.0,536.0,582.0,618.0,676.0,686.0,710.0,722.0,737.0,787.0,795.0,816.0,848.0,889.0,916.0,
20.0,23.0,24.0,60.0,60.0,63.0,92.0,149.0,158.0,187.0,226.0,250.0,289.0,295.0,334.0,362.0,405.0,454.0,455.0,546.0,697.0,754.0,808.0,927.0,928.0,963.0,965.0,985.0,
69.0,101.0,143.0,145.0,197.0,229.0,229.0,275.0,275.0,284.0,310.0,320.0,328.0,358.0,466.0,496.0,534.0,549.0,657.0,666.0,672.0,724.0,728.0,740.0,804.0,848.0,871.0,884.0,896.0,897.0,938.0,959.0,966.0,990.0,
95.0,104.0,121.0,158.0,187.0,265.0,327.0,354.0,389.0,461.0,471.0,479.0,565.0,567.0,592.0,603.0,642.0,669.0,726.0,744.0,778.0,808.0,860.0,869.0,881.0,882.0,891.0,892.0,914.0,969.0,984.0,993.0,
28.0,64.0,83.0,125.0,157.0,206.0,235.0,257.0,265.0,280.0,290.0,297.0,345.0,353.0,415.0,422.0,461.0,479.0,480.0,521.0,527.0,552.0,586.0,698.0,729.0,797.0,811.0,888.0,899.0,901.0,923.0,989.0,
51.0,97.0,102.0,113.0,114.0,132.0,184.0,197.0,214.0,229.0,231.0,244.0,247.0,261.0,263.0,289.0,289.0,296.0,301.0,308.0,352.0,415.0,430.0,431.0,460.0,467.0,467.0,475.0,501.0,512.0,610.0,614.0,619.0,622.0,692.0,734.0,741.0,754.0,772.0,788.0,791.0,812.0,871.0,883.0,965.0,970.0,
46.0,48.0,140.0,144.0,173.0,198.0,222.0,225.0,227.0,237.0,250.0,305.0,414.0,436.0,562.0,607.0,648.0,650.0,654.0,655.0,672.0,735.0,735.0,797.0,812.0,821.0,860.0,871.0,875.0,933.0,937.0,948.0,979.0,990.0,
27.0,49.0,54.0,97.0,111.0,129.0,133.0,133.0,161.0,171.0,179.0,197.0,215.0,256.0,281.0,336.0,370.0,396.0,396.0,401.0,406.0,431.0,449.0,453.0,458.0,479.0,546.0,558.0,572.0,621.0,648.0,743.0,751.0,775.0,775.0,812.0,842.0,858.0,897.0,908.0,916.0,937.0,948.0,966.0,
4.0,6.0,8.0,68.0,74.0,93.0,114.0,173.0,187.0,197.0,229.0,261.0,312.0,423.0,426.0,435.0,481.0,493.0,495.0,524.0,599.0,642.0,652.0,662.0,671.0,679.0,739.0,757.0,795.0,822.0,904.0,925.0,994.0,
18.0,23.0,126.0,192.0,194.0,206.0,210.0,212.0,219.0,256.0,258.0,373.0,389.0,444.0,473.0,478.0,496.0,499.0,516.0,570.0,585.0,613.0,618.0,629.0,644.0,665.0,712.0,715.0,724.0,773.0,783.0,870.0,925.0,966.0,1000.0,
36.0,47.0,67.0,104.0,111.0,126.0,175.0,217.0,230.0,270.0,299.0,332.0,353.0,384.0,393.0,406.0,454.0,455.0,484.0,499.0,515.0,522.0,533.0,563.0,566.0,576.0,587.0,622.0,655.0,655.0,684.0,688.0,728.0,864.0,901.0,909.0,927.0,958.0,970.0,
28.0,37.0,52.0,59.0,61.0,93.0,95.0,160.0,205.0,244.0,413.0,434.0,453.0,459.0,475.0,488.0,509.0,543.0,555.0,592.0,594.0,595.0,716.0,772.0,775.0,780.0,805.0,805.0,814.0,869.0,922.0,923.0,988.0,
25.0,27.0,77.0,106.0,123.0,158.0,169.0,181.0,218.0,231.0,236.0,262.0,292.0,326.0,353.0,361.0,363.0,371.0,397.0,422.0,455.0,506.0,540.0,558.0,567.0,647.0,712.0,720.0,741.0,749.0,771.0,796.0,836.0,866.0,883.0,892.0,912.0,930.0,958.0,959.0,960.0,961.0,
18.0,41.0,74.0,92.0,99.0,134.0,140.0,145.0,160.0,201.0,210.0,289.0,306.0,310.0,317.0,452.0,471.0,475.0,547.0,590.0,611.0,672.0,697.0,831.0,905.0,948.0,955.0,971.0,
12.0,51.0,101.0,109.0,126.0,237.0,256.0,269.0,302.0,319.0,345.0,346.0,435.0,450.0,533.0,549.0,564.0,586.0,618.0,621.0,680.0,681.0,770.0,788.0,820.0,836.0,904.0,906.0,906.0,910.0,969.0,990.0,997.0,
12.0,19.0,28.0,44.0,49.0,52.0,165.0,244.0,268.0,320.0,326.0,330.0,349.0,439.0,455.0,455.0,459.0,476.0,478.0,484.0,491.0,497.0,516.0,523.0,551.0,575.0,590.0,644.0,673.0,720.0,742.0,762.0,800.0,831.0,904.0,935.0,939.0,968.0,984.0,995.0,
79.0,204.0,209.0,211.0,215.0,217.0,232.0,250.0,258.0,268.0,276.0,295.0,327.0,360.0,370.0,455.0,485.0,510.0,522.0,536.0,543.0,559.0,565.0,566.0,599.0,600.0,607.0,688.0,736.0,771.0,822.0,824.0,829.0,874.0,898.0,911.0,974.0,
22.0,55.0,77.0,78.0,82.0,122.0,150.0,238.0,245.0,246.0,266.0,302.0,304.0,308.0,361.0,407.0,407.0,408.0,417.0,418.0,447.0,481.0,481.0,513.0,538.0,629.0,635.0,648.0,679.0,693.0,755.0,765.0,766.0,792.0,805.0,826.0,826.0,843.0,845.0,890.0,929.0,938.0,954.0,956.0,982.0,
11.0,17.0,164.0,165.0,182.0,188.0,200.0,232.0,242.0,260.0,314.0,329.0,430.0,436.0,467.0,485.0,494.0,518.0,547.0,581.0,607.0,620.0,681.0,684.0,699.0,708.0,727.0,742.0,789.0,803.0,809.0,846.0,854.0,883.0,912.0,929.0,961.0,
3.0,48.0,113.0,113.0,121.0,155.0,181.0,186.0,194.0,230.0,251.0,276.0,281.0,362.0,385.0,388.0,452.0,473.0,478.0,488.0,505.0,530.0,532.0,558.0,559.0,563.0,645.0,651.0,723.0,758.0,830.0,838.0,859.0,859.0,880.0,888.0,912.0,915.0,929.0,991.0,997.0,999.0,
6.0,21.0,59.0,59.0,91.0,129.0,149.0,202.0,225.0,250.0,282.0,304.0,363.0,378.0,397.0,421.0,423.0,458.0,502.0,519.0,559.0,578.0,614.0,620.0,654.0,689.0,692.0,709.0,738.0,753.0,796.0,834.0,880.0,995.0,
20.0,95.0,120.0,123.0,135.0,181.0,193.0,196.0,265.0,343.0,364.0,368.0,442.0,457.0,511.0,517.0,518.0,551.0,564.0,568.0,625.0,735.0,779.0,796.0,858.0,873.0,880.0,894.0,916.0,940.0,969.0,
18.0,83.0,100.0,137.0,174.0,200.0,202.0,215.0,227.0,229.0,230.0,271.0,273.0,278.0,287.0,304.0,305.0,321.0,324.0,335.0,376.0,398.0,420.0,430.0,431.0,676.0,693.0,745.0,760.0,795.0,822.0,909.0,924.0,928.0,
52.0,62.0,89.0,97.0,112.0,114.0,125.0,154.0,178.0,228.0,244.0,314.0,377.0,390.0,419.0,433.0,467.0,537.0,649.0,656.0,664.0,684.0,689.0,693.0,717.0,740.0,743.0,784.0,814.0,819.0,842.0,855.0,904.0,909.0,924.0,930.0,953.0,970.0,999.0,
13.0,44.0,55.0,87.0,125.0,133.0,138.0,193.0,204.0,249.0,319.0,323.0,393.0,536.0,536.0,564.0,565.0,620.0,629.0,774.0,886.0,897.0,944.0,959.0,964.0,970.0,988.0,
92.0,120.0,157.0,162.0,194.0,201.0,243.0,257.0,276.0,280.0,373.0,383.0,391.0,395.0,437.0,465.0,531.0,531.0,534.0,555.0,599.0,606.0,631.0,644.0,658.0,666.0,687.0,702.0,759.0,766.0,784.0,790.0,804.0,812.0,834.0,919.0,927.0,971.0,997.0,998.0,
11.0,21.0,68.0,75.0,108.0,132.0,159.0,198.0,199.0,244.0,254.0,273.0,302.0,314.0,323.0,323.0,344.0,408.0,441.0,461.0,465.0,492.0,492.0,516.0,517.0,526.0,527.0,544.0,547.0,564.0,566.0,573.0,577.0,587.0,599.0,606.0,612.0,626.0,627.0,641.0,666.0,682.0,683.0,687.0,709.0,716.0,729.0,782.0,797.0,812.0,831.0,841.0,850.0,851.0,895.0,903.0,930.0,939.0,944.0,955.0,960.0,962.0,979.0,984.0,994.0,995.0,
3.0,5.0,37.0,131.0,203.0,236.0,253.0,255.0,265.0,364.0,399.0,428.0,435.0,438.0,458.0,468.0,505.0,509.0,511.0,552.0,559.0,560.0,562.0,568.0,578.0,586.0,599.0,609.0,642.0,654.0,675.0,719.0,737.0,755.0,769.0,790.0,800.0,856.0,888.0,940.0,945.0,954.0,976.0,
4.0,8.0,78.0,108.0,202.0,216.0,221.0,244.0,248.0,277.0,291.0,323.0,394.0,430.0,459.0,463.0,511.0,534.0,551.0,585.0,593.0,617.0,678.0,730.0,771.0,780.0,796.0,814.0,902.0,950.0,985.0,
27.0,93.0,115.0,161.0,172.0,177.0,192.0,203.0,241.0,242.0,261.0,266.0,288.0,350.0,382.0,420.0,447.0,459.0,475.0,518.0,542.0,574.0,579.0,614.0,618.0,640.0,700.0,713.0,735.0,741.0,798.0,817.0,892.0,940.0,955.0,981.0,
39.0,41.0,43.0,114.0,168.0,183.0,188.0,252.0,342.0,357.0,369.0,380.0,389.0,394.0,406.0,449.0,466.0,480.0,499.0,524.0,595.0,616.0,627.0,638.0,665.0,716.0,770.0,794.0,857.0,863.0,872.0,890.0,905.0,907.0,928.0,937.0,937.0,986.0,
4.0,5.0,16.0,18.0,56.0,57.0,89.0,95.0,98.0,108.0,160.0,169.0,282.0,288.0,289.0,296.0,375.0,427.0,435.0,459.0,482.0,489.0,563.0,581.0,593.0,608.0,671.0,673.0,705.0,709.0,721.0,768.0,795.0,814.0,826.0,872.0,927.0,932.0,963.0,
121.0,122.0,138.0,201.0,306.0,311.0,349.0,358.0,369.0,488.0,502.0,516.0,552.0,582.0,626.0,644.0,668.0,677.0,688.0,719.0,734.0,758.0,774.0,774.0,785.0,791.0,807.0,813.0,819.0,877.0,891.0,891.0,908.0,971.0,976.0,985.0,991.0,993.0,
8.0,53.0,67.0,90.0,137.0,194.0,238.0,292.0,296.0,296.0,302.0,430.0,453.0,477.0,512.0,519.0,536.0,569.0,613.0,621.0,626.0,638.0,732.0,751.0,761.0,762.0,765.0,773.0,804.0,823.0,825.0,859.0,875.0,888.0,931.0,985.0,996.0,
6.0,6.0,37.0,72.0,97.0,113.0,115.0,140.0,171.0,197.0,229.0,256.0,337.0,353.0,377.0,413.0,458.0,480.0,502.0,512.0,604.0,609.0,609.0,618.0,641.0,662.0,693.0,731.0,876.0,893.0,944.0,976.0,
11.0,83.0,91.0,121.0,133.0,234.0,261.0,325.0,359.0,364.0,369.0,472.0,473.0,511.0,514.0,536.0,537.0,543.0,555.0,556.0,570.0,588.0,592.0,605.0,622.0,629.0,640.0,641.0,649.0,669.0,671.0,688.0,702.0,712.0,750.0,759.0,778.0,778.0,788.0,791.0,814.0,838.0,858.0,881.0,907.0,923.0,929.0,945.0,973.0,974.0,976.0,976.0,977.0,983.0,993.0,
28.0,40.0,137.0,138.0,175.0,180.0,182.0,190.0,198.0,225.0,225.0,236.0,268.0,281.0,310.0,316.0,330.0,340.0,382.0,410.0,444.0,471.0,489.0,509.0,521.0,527.0,527.0,530.0,530.0,534.0,539.0,544.0,549.0,551.0,552.0,553.0,553.0,559.0,569.0,570.0,573.0,576.0,578.0,579.0,581.0,597.0,598.0,600.0,602.0,610.0,623.0,626.0,639.0,657.0,660.0,668.0,683.0,687.0,691.0,691.0,715.0,744.0,751.0,753.0,759.0,767.0,781.0,796.0,822.0,837.0,854.0,871.0,874.0,886.0,924.0,929.0,955.0,960.0,976.0,978.0,986.0,993.0,993.0,
8.0,36.0,150.0,179.0,182.0,245.0,271.0,307.0,373.0,379.0,380.0,397.0,414.0,436.0,445.0,494.0,500.0,515.0,532.0,539.0,548.0,553.0,554.0,560.0,561.0,564.0,568.0,572.0,605.0,615.0,621.0,630.0,645.0,647.0,661.0,668.0,677.0,687.0,699.0,709.0,720.0,732.0,775.0,818.0,841.0,876.0,886.0,886.0,901.0,953.0,959.0,968.0,993.0,
60.0,104.0,108.0,195.0,232.0,265.0,289.0,344.0,366.0,436.0,454.0,466.0,507.0,558.0,586.0,607.0,620.0,644.0,660.0,665.0,688.0,701.0,799.0,895.0,940.0,
4.0,5.0,23.0,49.0,54.0,66.0,69.0,73.0,108.0,127.0,162.0,164.0,169.0,177.0,186.0,227.0,230.0,240.0,254.0,307.0,322.0,325.0,327.0,377.0,416.0,417.0,458.0,465.0,471.0,507.0,567.0,597.0,623.0,643.0,656.0,670.0,723.0,756.0,761.0,842.0,846.0,888.0,937.0,938.0,
48.0,53.0,161.0,199.0,254.0,289.0,291.0,310.0,338.0,399.0,405.0,415.0,417.0,489.0,556.0,583.0,585.0,616.0,620.0,620.0,624.0,627.0,630.0,660.0,682.0,699.0,712.0,748.0,774.0,832.0,862.0,902.0,953.0,994.0,997.0,
81.0,99.0,130.0,255.0,285.0,328.0,405.0,420.0,438.0,441.0,445.0,481.0,531.0,555.0,578.0,606.0,637.0,653.0,656.0,680.0,686.0,697.0,765.0,791.0,888.0,895.0,907.0,940.0,954.0,956.0,988.0,
31.0,81.0,151.0,156.0,161.0,166.0,211.0,214.0,219.0,236.0,275.0,297.0,337.0,375.0,434.0,465.0,471.0,484.0,520.0,531.0,552.0,559.0,586.0,605.0,642.0,711.0,761.0,777.0,799.0,810.0,815.0,835.0,851.0,875.0,904.0,924.0,963.0,983.0,997.0,
11.0,39.0,41.0,192.0,244.0,344.0,441.0,471.0,472.0,487.0,503.0,523.0,532.0,535.0,564.0,569.0,657.0,679.0,679.0,705.0,772.0,782.0,789.0,798.0,830.0,862.0,866.0,868.0,868.0,869.0,873.0,901.0,932.0,937.0,956.0,969.0,998.0,
4.0,26.0,32.0,78.0,82.0,95.0,112.0,198.0,228.0,249.0,262.0,293.0,317.0,343.0,393.0,464.0,593.0,619.0,690.0,716.0,719.0,794.0,817.0,818.0,824.0,928.0,968.0,983.0,
3.0,59.0,63.0,89.0,104.0,141.0,173.0,178.0,214.0,277.0,278.0,295.0,299.0,382.0,440.0,473.0,484.0,540.0,549.0,558.0,560.0,568.0,573.0,577.0,594.0,635.0,638.0,642.0,671.0,698.0,709.0,744.0,750.0,750.0,752.0,791.0,820.0,830.0,835.0,840.0,846.0,858.0,864.0,914.0,937.0,942.0,950.0,954.0,971.0,974.0,
2.0,60.0,97.0,137.0,214.0,225.0,245.0,277.0,289.0,329.0,367.0,386.0,407.0,462.0,484.0,493.0,516.0,532.0,536.0,537.0,542.0,543.0,556.0,557.0,559.0,566.0,582.0,585.0,600.0,604.0,606.0,617.0,634.0,643.0,661.0,664.0,678.0,692.0,692.0,703.0,704.0,746.0,748.0,748.0,764.0,770.0,808.0,820.0,825.0,832.0,879.0,899.0,899.0,902.0,902.0,905.0,906.0,917.0,946.0,969.0,974.0,978.0,982.0,984.0,
58.0,63.0,93.0,190.0,192.0,224.0,263.0,298.0,330.0,358.0,365.0,365.0,369.0,369.0,371.0,374.0,378.0,398.0,459.0,476.0,482.0,508.0,511.0,512.0,520.0,531.0,533.0,535.0,545.0,549.0,556.0,576.0,582.0,606.0,637.0,691.0,744.0,768.0,852.0,876.0,890.0,898.0,976.0,
23.0,42.0,50.0,93.0,103.0,196.0,221.0,259.0,266.0,282.0,334.0,342.0,369.0,395.0,415.0,464.0,471.0,489.0,493.0,497.0,505.0,516.0,552.0,600.0,624.0,685.0,693.0,709.0,710.0,751.0,763.0,880.0,955.0,984.0,
12.0,79.0,90.0,114.0,123.0,161.0,172.0,178.0,197.0,225.0,302.0,371.0,379.0,384.0,403.0,427.0,433.0,433.0,483.0,504.0,511.0,530.0,550.0,553.0,604.0,643.0,656.0,659.0,660.0,788.0,808.0,815.0,860.0,866.0,889.0,936.0,942.0,969.0,996.0,
25.0,33.0,49.0,51.0,88.0,91.0,121.0,149.0,164.0,165.0,178.0,179.0,244.0,255.0,270.0,287.0,317.0,329.0,344.0,385.0,438.0,450.0,484.0,524.0,557.0,607.0,607.0,642.0,657.0,715.0,728.0,746.0,754.0,764.0,774.0,804.0,834.0,848.0,867.0,879.0,886.0,930.0,956.0,961.0,
15.0,24.0,53.0,63.0,106.0,152.0,210.0,245.0,247.0,250.0,258.0,287.0,360.0,368.0,380.0,392.0,435.0,439.0,450.0,457.0,463.0,488.0,494.0,519.0,521.0,542.0,543.0,570.0,585.0,626.0,627.0,677.0,702.0,703.0,741.0,780.0,813.0,862.0,903.0,929.0,988.0,990.0,
3.0,7.0,52.0,163.0,207.0,276.0,309.0,313.0,332.0,381.0,419.0,441.0,465.0,481.0,579.0,580.0,587.0,603.0,604.0,619.0,627.0,648.0,678.0,728.0,757.0,795.0,844.0,855.0,858.0,870.0,874.0,959.0,973.0,976.0,979.0,
13.0,36.0,117.0,131.0,142.0,159.0,165.0,172.0,215.0,236.0,384.0,386.0,396.0,400.0,434.0,498.0,515.0,585.0,601.0,610.0,619.0,693.0,757.0,788.0,797.0,801.0,812.0,813.0,816.0,817.0,818.0,824.0,856.0,934.0,941.0,945.0,972.0,997.0,
8.0,14.0,36.0,118.0,242.0,267.0,308.0,347.0,366.0,367.0,383.0,390.0,393.0,413.0,418.0,429.0,521.0,539.0,540.0,545.0,571.0,595.0,604.0,606.0,631.0,632.0,635.0,666.0,674.0,705.0,764.0,802.0,812.0,822.0,846.0,850.0,907.0,973.0,983.0,996.0,
10.0,23.0,50.0,106.0,108.0,130.0,145.0,149.0,170.0,197.0,240.0,244.0,246.0,265.0,292.0,305.0,368.0,412.0,425.0,425.0,432.0,447.0,451.0,457.0,461.0,486.0,514.0,518.0,531.0,538.0,550.0,560.0,624.0,656.0,658.0,708.0,738.0,745.0,774.0,812.0,826.0,832.0,882.0,896.0,904.0,
84.0,128.0,159.0,170.0,244.0,263.0,286.0,295.0,355.0,358.0,358.0,368.0,405.0,427.0,485.0,518.0,545.0,549.0,562.0,583.0,588.0,599.0,660.0,671.0,672.0,792.0,819.0,880.0,934.0,962.0,974.0,996.0,1000.0,
161.0,177.0,244.0,262.0,323.0,330.0,375.0,375.0,377.0,378.0,394.0,418.0,445.0,456.0,516.0,535.0,549.0,565.0,580.0,602.0,604.0,675.0,706.0,706.0,711.0,736.0,770.0,772.0,795.0,802.0,
40.0,86.0,112.0,114.0,120.0,129.0,221.0,256.0,258.0,282.0,292.0,401.0,434.0,469.0,494.0,558.0,567.0,579.0,616.0,629.0,674.0,716.0,723.0,763.0,785.0,786.0,790.0,808.0,824.0,871.0,904.0,937.0,
12.0,23.0,29.0,124.0,158.0,165.0,173.0,188.0,197.0,254.0,268.0,271.0,339.0,392.0,433.0,436.0,489.0,495.0,511.0,514.0,528.0,572.0,653.0,664.0,680.0,708.0,729.0,746.0,755.0,779.0,846.0,854.0,857.0,868.0,880.0,906.0,923.0,946.0,967.0,993.0,
33.0,51.0,59.0,71.0,102.0,144.0,171.0,196.0,212.0,223.0,249.0,288.0,298.0,336.0,371.0,414.0,450.0,636.0,649.0,781.0,804.0,834.0,881.0,905.0,908.0,931.0,975.0,984.0,
105.0,106.0,108.0,161.0,225.0,246.0,252.0,264.0,349.0,401.0,436.0,461.0,462.0,469.0,481.0,486.0,497.0,510.0,512.0,527.0,530.0,542.0,562.0,593.0,612.0,615.0,640.0,645.0,650.0,665.0,784.0,801.0,814.0,835.0,838.0,866.0,868.0,883.0,892.0,914.0,959.0,965.0,
6.0,43.0,88.0,93.0,137.0,146.0,238.0,246.0,250.0,275.0,290.0,360.0,360.0,370.0,378.0,397.0,411.0,550.0,571.0,610.0,616.0,682.0,708.0,718.0,726.0,738.0,806.0,855.0,880.0,899.0,903.0,968.0,983.0,
4.0,30.0,50.0,76.0,78.0,166.0,183.0,189.0,210.0,226.0,272.0,275.0,279.0,281.0,282.0,310.0,324.0,350.0,362.0,451.0,489.0,604.0,611.0,646.0,690.0,719.0,766.0,820.0,950.0,952.0,
9.0,23.0,42.0,89.0,103.0,223.0,228.0,236.0,256.0,263.0,270.0,316.0,366.0,455.0,481.0,494.0,516.0,536.0,620.0,677.0,709.0,726.0,742.0,751.0,809.0,819.0,850.0,862.0,864.0,878.0,878.0,883.0,919.0,933.0,992.0,
26.0,53.0,63.0,83.0,102.0,111.0,144.0,190.0,229.0,278.0,283.0,286.0,295.0,366.0,379.0,413.0,491.0,524.0,530.0,533.0,565.0,586.0,652.0,722.0,843.0,869.0,875.0,881.0,885.0,918.0,964.0,979.0,987.0,999.0,
3.0,6.0,74.0,89.0,157.0,181.0,184.0,209.0,265.0,274.0,319.0,343.0,420.0,439.0,470.0,486.0,532.0,571.0,617.0,640.0,679.0,785.0,817.0,839.0,880.0,908.0,935.0,942.0,976.0,979.0,981.0,984.0,987.0,
26.0,55.0,108.0,237.0,271.0,274.0,334.0,377.0,385.0,441.0,464.0,491.0,522.0,533.0,534.0,564.0,575.0,578.0,598.0,615.0,646.0,666.0,698.0,734.0,749.0,755.0,773.0,871.0,878.0,899.0,953.0,999.0,
32.0,63.0,75.0,121.0,127.0,190.0,201.0,220.0,410.0,428.0,438.0,457.0,486.0,506.0,530.0,538.0,555.0,555.0,564.0,567.0,586.0,641.0,663.0,664.0,667.0,699.0,712.0,713.0,737.0,742.0,750.0,780.0,801.0,862.0,891.0,905.0,909.0,966.0,978.0,
7.0,46.0,50.0,76.0,146.0,165.0,192.0,209.0,262.0,309.0,319.0,325.0,351.0,365.0,372.0,382.0,468.0,496.0,515.0,523.0,598.0,620.0,639.0,660.0,698.0,700.0,779.0,785.0,838.0,854.0,858.0,859.0,929.0,936.0,966.0,982.0,
15.0,52.0,73.0,73.0,101.0,207.0,216.0,258.0,263.0,306.0,326.0,333.0,346.0,377.0,403.0,421.0,433.0,479.0,508.0,582.0,585.0,589.0,612.0,620.0,624.0,639.0,663.0,713.0,769.0,856.0,873.0,930.0,950.0,967.0,988.0,
8.0,55.0,82.0,92.0,99.0,128.0,143.0,156.0,179.0,185.0,214.0,229.0,237.0,279.0,284.0,294.0,305.0,320.0,327.0,404.0,419.0,442.0,578.0,588.0,618.0,634.0,654.0,684.0,721.0,738.0,839.0,859.0,873.0,931.0,990.0,
25.0,70.0,143.0,308.0,341.0,349.0,385.0,456.0,468.0,476.0,520.0,580.0,584.0,597.0,606.0,702.0,735.0,833.0,886.0,922.0,922.0,926.0,950.0,988.0,
23.0,32.0,50.0,73.0,130.0,192.0,212.0,220.0,247.0,427.0,494.0,497.0,522.0,545.0,550.0,550.0,558.0,600.0,620.0,711.0,750.0,766.0,786.0,868.0,903.0,906.0,919.0,925.0,946.0,948.0,
20.0,24.0,40.0,44.0,72.0,86.0,94.0,122.0,132.0,133.0,152.0,153.0,214.0,223.0,246.0,257.0,267.0,286.0,298.0,329.0,546.0,573.0,582.0,633.0,662.0,708.0,938.0,995.0,
5.0,21.0,26.0,48.0,72.0,77.0,105.0,169.0,208.0,212.0,224.0,228.0,274.0,333.0,334.0,364.0,366.0,494.0,563.0,568.0,616.0,648.0,648.0,662.0,676.0,682.0,732.0,735.0,744.0,764.0,775.0,874.0,881.0,912.0,957.0,968.0,993.0,
20.0,44.0,69.0,94.0,100.0,105.0,108.0,157.0,179.0,191.0,221.0,229.0,265.0,298.0,477.0,501.0,531.0,538.0,544.0,548.0,561.0,568.0,673.0,688.0,688.0,697.0,724.0,778.0,781.0,811.0,850.0,867.0,880.0,890.0,918.0,934.0,948.0,964.0,
8.0,28.0,30.0,59.0,66.0,110.0,114.0,136.0,158.0,196.0,220.0,255.0,282.0,290.0,320.0,363.0,387.0,431.0,433.0,492.0,501.0,517.0,564.0,652.0,681.0,683.0,778.0,778.0,795.0,856.0,895.0,897.0,912.0,922.0,968.0,
38.0,52.0,89.0,103.0,114.0,154.0,156.0,196.0,207.0,211.0,233.0,267.0,352.0,385.0,391.0,403.0,426.0,433.0,460.0,487.0,497.0,509.0,575.0,578.0,644.0,678.0,683.0,687.0,707.0,723.0,792.0,807.0,837.0,881.0,891.0,923.0,929.0,944.0,998.0,
15.0,55.0,59.0,79.0,120.0,153.0,154.0,166.0,243.0,244.0,263.0,282.0,321.0,384.0,395.0,399.0,399.0,404.0,414.0,439.0,514.0,518.0,555.0,567.0,589.0,647.0,764.0,790.0,802.0,806.0,857.0,889.0,899.0,944.0,995.0,
46.0,99.0,148.0,168.0,208.0,259.0,261.0,265.0,303.0,317.0,348.0,393.0,418.0,425.0,520.0,533.0,736.0,751.0,751.0,784.0,799.0,800.0,836.0,852.0,887.0,896.0,911.0,916.0,936.0,940.0,945.0,993.0,996.0,
