16.0,56.0,74.0,85.0,105.0,124.0,178.0,180.0,198.0,211.0,225.0,228.0,232.0,267.0,274.0,277.0,279.0,416.0,437.0,442.0,495.0,514.0,535.0,589.0,592.0,661.0,665.0,706.0,710.0,763.0,806.0,817.0,833.0,868.0,980.0,
10.0,58.0,64.0,71.0,98.0,182.0,187.0,227.0,282.0,282.0,285.0,296.0,328.0,378.0,428.0,458.0,460.0,470.0,485.0,543.0,562.0,565.0,589.0,669.0,684.0,695.0,727.0,743.0,819.0,826.0,839.0,839.0,841.0,842.0,846.0,916.0,921.0,
12.0,34.0,53.0,55.0,63.0,66.0,160.0,194.0,310.0,333.0,333.0,363.0,368.0,427.0,435.0,447.0,457.0,473.0,539.0,607.0,610.0,637.0,646.0,763.0,782.0,836.0,851.0,865.0,906.0,1000.0,
32.0,36.0,37.0,72.0,81.0,82.0,109.0,138.0,209.0,212.0,215.0,228.0,342.0,351.0,473.0,475.0,480.0,507.0,507.0,565.0,639.0,648.0,676.0,751.0,755.0,775.0,789.0,848.0,850.0,874.0,904.0,914.0,925.0,950.0,977.0,996.0,
82.0,93.0,122.0,127.0,143.0,149.0,151.0,221.0,273.0,274.0,291.0,301.0,310.0,312.0,350.0,373.0,467.0,473.0,481.0,489.0,562.0,586.0,592.0,609.0,646.0,655.0,779.0,791.0,819.0,843.0,873.0,942.0,944.0,950.0,950.0,954.0,980.0,
19.0,51.0,56.0,109.0,127.0,148.0,152.0,157.0,165.0,196.0,201.0,210.0,225.0,231.0,331.0,346.0,358.0,377.0,385.0,428.0,438.0,452.0,476.0,536.0,548.0,562.0,611.0,630.0,655.0,669.0,729.0,731.0,780.0,826.0,853.0,855.0,866.0,878.0,913.0,922.0,972.0,
15.0,28.0,33.0,46.0,89.0,111.0,120.0,121.0,133.0,171.0,187.0,194.0,203.0,231.0,237.0,251.0,279.0,280.0,286.0,302.0,305.0,313.0,320.0,325.0,357.0,369.0,410.0,574.0,584.0,591.0,605.0,654.0,690.0,700.0,700.0,859.0,864.0,866.0,974.0,991.0,
33.0,61.0,149.0,164.0,170.0,260.0,288.0,348.0,375.0,407.0,460.0,461.0,471.0,520.0,543.0,564.0,569.0,583.0,627.0,658.0,677.0,678.0,759.0,807.0,862.0,923.0,924.0,943.0,974.0,
23.0,36.0,71.0,72.0,101.0,104.0,142.0,151.0,187.0,252.0,306.0,357.0,386.0,393.0,403.0,416.0,468.0,480.0,490.0,495.0,578.0,593.0,597.0,600.0,621.0,663.0,700.0,703.0,720.0,751.0,778.0,878.0,901.0,908.0,914.0,915.0,974.0,981.0,
24.0,47.0,73.0,99.0,108.0,135.0,217.0,224.0,282.0,292.0,332.0,335.0,404.0,425.0,443.0,462.0,466.0,467.0,485.0,539.0,568.0,575.0,641.0,642.0,741.0,773.0,790.0,792.0,830.0,912.0,915.0,916.0,976.0,994.0,
13.0,22.0,35.0,62.0,86.0,89.0,91.0,91.0,144.0,150.0,165.0,178.0,202.0,233.0,249.0,288.0,309.0,313.0,343.0,384.0,387.0,405.0,420.0,429.0,457.0,472.0,480.0,493.0,520.0,548.0,563.0,565.0,579.0,584.0,585.0,597.0,628.0,688.0,696.0,720.0,728.0,756.0,767.0,810.0,824.0,831.0,843.0,851.0,861.0,866.0,883.0,885.0,888.0,896.0,910.0,957.0,971.0,978.0,983.0,995.0,997.0,
46.0,68.0,79.0,79.0,80.0,84.0,89.0,137.0,243.0,263.0,273.0,312.0,315.0,316.0,345.0,359.0,401.0,404.0,405.0,514.0,563.0,582.0,592.0,611.0,629.0,672.0,682.0,721.0,745.0,793.0,793.0,807.0,878.0,892.0,921.0,940.0,963.0,
40.0,55.0,112.0,113.0,127.0,127.0,136.0,136.0,158.0,186.0,191.0,199.0,220.0,267.0,267.0,279.0,285.0,291.0,291.0,292.0,320.0,329.0,336.0,339.0,400.0,424.0,432.0,465.0,473.0,476.0,492.0,499.0,507.0,530.0,536.0,544.0,548.0,551.0,591.0,598.0,658.0,658.0,678.0,723.0,741.0,754.0,784.0,912.0,922.0,
42.0,64.0,88.0,95.0,128.0,167.0,187.0,231.0,244.0,264.0,316.0,378.0,384.0,391.0,417.0,437.0,446.0,479.0,517.0,537.0,688.0,801.0,832.0,869.0,892.0,942.0,995.0,
25.0,69.0,90.0,115.0,133.0,143.0,145.0,198.0,237.0,242.0,252.0,294.0,323.0,346.0,353.0,362.0,395.0,406.0,487.0,515.0,524.0,544.0,545.0,548.0,566.0,575.0,579.0,596.0,663.0,667.0,671.0,677.0,679.0,744.0,757.0,764.0,789.0,849.0,850.0,860.0,887.0,914.0,922.0,937.0,971.0,990.0,995.0,
33.0,42.0,52.0,58.0,74.0,84.0,95.0,110.0,126.0,138.0,159.0,172.0,179.0,220.0,263.0,287.0,289.0,294.0,317.0,328.0,328.0,343.0,348.0,394.0,402.0,412.0,422.0,441.0,504.0,510.0,518.0,528.0,530.0,545.0,554.0,556.0,578.0,594.0,601.0,610.0,667.0,672.0,675.0,677.0,680.0,716.0,737.0,753.0,772.0,820.0,901.0,921.0,923.0,935.0,953.0,954.0,
13.0,54.0,62.0,78.0,89.0,98.0,176.0,189.0,192.0,202.0,246.0,279.0,294.0,306.0,318.0,356.0,401.0,404.0,441.0,457.0,457.0,464.0,474.0,500.0,506.0,510.0,515.0,545.0,571.0,581.0,582.0,584.0,646.0,659.0,677.0,678.0,692.0,759.0,770.0,878.0,906.0,949.0,953.0,
55.0,63.0,149.0,177.0,200.0,225.0,255.0,279.0,342.0,343.0,434.0,464.0,484.0,499.0,554.0,640.0,671.0,760.0,788.0,812.0,909.0,921.0,928.0,
7.0,28.0,29.0,32.0,42.0,44.0,99.0,177.0,180.0,194.0,238.0,263.0,269.0,373.0,385.0,385.0,397.0,419.0,426.0,466.0,480.0,498.0,516.0,536.0,542.0,569.0,592.0,639.0,662.0,721.0,751.0,808.0,839.0,841.0,843.0,879.0,893.0,921.0,926.0,945.0,975.0,
54.0,55.0,131.0,133.0,151.0,310.0,353.0,380.0,449.0,482.0,511.0,530.0,557.0,569.0,586.0,603.0,612.0,635.0,660.0,670.0,687.0,701.0,770.0,801.0,836.0,916.0,948.0,996.0,
3.0,41.0,65.0,71.0,76.0,91.0,112.0,143.0,157.0,171.0,186.0,216.0,220.0,321.0,363.0,373.0,375.0,420.0,427.0,590.0,616.0,647.0,654.0,662.0,693.0,703.0,764.0,770.0,803.0,807.0,809.0,835.0,839.0,864.0,881.0,902.0,915.0,
8.0,15.0,48.0,49.0,52.0,84.0,98.0,168.0,184.0,219.0,256.0,273.0,279.0,285.0,289.0,316.0,330.0,332.0,342.0,430.0,484.0,629.0,642.0,642.0,680.0,861.0,887.0,915.0,966.0,968.0,
2.0,23.0,78.0,82.0,114.0,124.0,131.0,142.0,238.0,278.0,297.0,324.0,336.0,338.0,364.0,448.0,493.0,511.0,521.0,535.0,554.0,584.0,596.0,597.0,623.0,666.0,677.0,703.0,708.0,713.0,743.0,760.0,833.0,859.0,890.0,927.0,955.0,
24.0,50.0,122.0,139.0,162.0,214.0,239.0,316.0,379.0,390.0,405.0,454.0,473.0,489.0,545.0,545.0,546.0,548.0,559.0,562.0,563.0,577.0,581.0,584.0,604.0,605.0,613.0,622.0,627.0,633.0,649.0,664.0,666.0,674.0,677.0,688.0,718.0,740.0,742.0,751.0,754.0,772.0,807.0,830.0,877.0,884.0,928.0,932.0,935.0,938.0,950.0,986.0,996.0,
4.0,12.0,19.0,22.0,60.0,68.0,74.0,80.0,110.0,125.0,126.0,190.0,250.0,254.0,278.0,297.0,339.0,366.0,415.0,503.0,510.0,517.0,517.0,520.0,532.0,537.0,540.0,564.0,567.0,575.0,578.0,584.0,590.0,594.0,599.0,600.0,600.0,601.0,604.0,604.0,630.0,642.0,645.0,663.0,696.0,712.0,723.0,724.0,745.0,756.0,761.0,765.0,787.0,802.0,805.0,852.0,860.0,878.0,883.0,884.0,887.0,896.0,900.0,912.0,915.0,938.0,940.0,944.0,970.0,975.0,977.0,
30.0,36.0,48.0,53.0,58.0,75.0,111.0,134.0,158.0,175.0,184.0,187.0,212.0,231.0,272.0,320.0,335.0,338.0,342.0,350.0,362.0,426.0,439.0,538.0,540.0,556.0,565.0,568.0,572.0,575.0,576.0,592.0,593.0,604.0,605.0,607.0,612.0,615.0,617.0,618.0,622.0,637.0,659.0,662.0,676.0,685.0,686.0,698.0,714.0,738.0,771.0,773.0,783.0,801.0,807.0,813.0,820.0,830.0,836.0,850.0,859.0,884.0,902.0,908.0,911.0,921.0,923.0,983.0,
62.0,69.0,74.0,84.0,103.0,154.0,161.0,212.0,230.0,307.0,323.0,325.0,351.0,364.0,376.0,384.0,388.0,406.0,413.0,463.0,499.0,518.0,519.0,527.0,529.0,530.0,533.0,539.0,544.0,544.0,546.0,564.0,572.0,574.0,575.0,580.0,583.0,586.0,591.0,598.0,598.0,611.0,613.0,620.0,620.0,627.0,642.0,646.0,647.0,663.0,675.0,685.0,699.0,710.0,710.0,711.0,729.0,739.0,755.0,762.0,765.0,778.0,794.0,797.0,804.0,837.0,843.0,848.0,858.0,869.0,879.0,894.0,895.0,897.0,925.0,931.0,936.0,941.0,957.0,
7.0,41.0,55.0,62.0,63.0,74.0,75.0,77.0,81.0,97.0,129.0,149.0,167.0,200.0,247.0,257.0,258.0,262.0,296.0,331.0,348.0,381.0,386.0,415.0,431.0,478.0,496.0,544.0,544.0,545.0,552.0,561.0,564.0,570.0,575.0,597.0,600.0,622.0,624.0,632.0,632.0,634.0,667.0,677.0,705.0,708.0,718.0,729.0,732.0,755.0,759.0,761.0,762.0,765.0,766.0,784.0,786.0,787.0,796.0,802.0,809.0,821.0,835.0,835.0,844.0,854.0,885.0,886.0,891.0,900.0,906.0,914.0,923.0,934.0,940.0,955.0,971.0,980.0,
146.0,156.0,174.0,175.0,228.0,233.0,284.0,297.0,373.0,384.0,397.0,483.0,490.0,492.0,507.0,523.0,542.0,544.0,551.0,552.0,553.0,554.0,558.0,568.0,572.0,592.0,595.0,605.0,609.0,628.0,672.0,675.0,686.0,729.0,744.0,756.0,780.0,821.0,824.0,857.0,917.0,945.0,978.0,
22.0,97.0,163.0,176.0,235.0,239.0,249.0,286.0,288.0,290.0,332.0,378.0,387.0,426.0,436.0,440.0,481.0,489.0,494.0,643.0,781.0,789.0,791.0,800.0,960.0,
70.0,92.0,153.0,155.0,200.0,218.0,221.0,264.0,280.0,318.0,337.0,371.0,412.0,423.0,435.0,448.0,457.0,485.0,495.0,541.0,596.0,621.0,636.0,675.0,690.0,698.0,701.0,734.0,752.0,758.0,764.0,831.0,959.0,992.0,
18.0,19.0,23.0,61.0,80.0,89.0,120.0,137.0,155.0,173.0,176.0,210.0,269.0,273.0,282.0,291.0,294.0,355.0,377.0,461.0,492.0,546.0,576.0,600.0,658.0,665.0,797.0,817.0,828.0,846.0,876.0,876.0,884.0,897.0,934.0,979.0,
41.0,42.0,52.0,83.0,84.0,116.0,125.0,157.0,171.0,184.0,194.0,197.0,201.0,220.0,235.0,258.0,259.0,260.0,302.0,313.0,392.0,434.0,472.0,477.0,486.0,535.0,538.0,539.0,539.0,541.0,541.0,547.0,547.0,552.0,559.0,559.0,560.0,572.0,574.0,583.0,585.0,602.0,618.0,625.0,627.0,634.0,636.0,654.0,654.0,657.0,658.0,659.0,664.0,676.0,682.0,691.0,697.0,706.0,707.0,732.0,760.0,770.0,791.0,797.0,816.0,816.0,821.0,827.0,838.0,853.0,896.0,921.0,943.0,953.0,960.0,997.0,
2.0,13.0,23.0,50.0,74.0,96.0,125.0,149.0,159.0,173.0,209.0,266.0,270.0,279.0,280.0,297.0,300.0,319.0,329.0,357.0,370.0,395.0,441.0,485.0,506.0,507.0,508.0,518.0,534.0,535.0,539.0,540.0,541.0,543.0,550.0,550.0,556.0,557.0,558.0,563.0,565.0,574.0,574.0,579.0,582.0,590.0,603.0,617.0,633.0,635.0,642.0,653.0,654.0,655.0,665.0,667.0,688.0,695.0,699.0,703.0,720.0,761.0,784.0,825.0,857.0,864.0,882.0,896.0,913.0,941.0,944.0,947.0,951.0,952.0,979.0,989.0,995.0,
10.0,18.0,71.0,122.0,123.0,183.0,200.0,245.0,294.0,357.0,367.0,370.0,373.0,405.0,429.0,441.0,464.0,489.0,507.0,509.0,529.0,543.0,544.0,553.0,554.0,560.0,563.0,567.0,573.0,573.0,574.0,576.0,580.0,604.0,618.0,648.0,648.0,673.0,686.0,688.0,695.0,695.0,735.0,754.0,772.0,774.0,778.0,796.0,806.0,807.0,822.0,840.0,849.0,856.0,877.0,907.0,952.0,968.0,980.0,
73.0,90.0,109.0,171.0,178.0,189.0,196.0,299.0,305.0,305.0,330.0,350.0,359.0,400.0,445.0,455.0,457.0,473.0,477.0,502.0,507.0,520.0,521.0,526.0,529.0,543.0,544.0,547.0,550.0,555.0,557.0,580.0,580.0,581.0,588.0,593.0,601.0,605.0,619.0,638.0,640.0,641.0,644.0,648.0,658.0,691.0,701.0,725.0,730.0,783.0,806.0,807.0,813.0,833.0,851.0,855.0,866.0,870.0,878.0,916.0,945.0,953.0,953.0,980.0,
19.0,32.0,33.0,51.0,58.0,64.0,91.0,98.0,111.0,141.0,172.0,190.0,203.0,228.0,243.0,268.0,289.0,357.0,430.0,479.0,511.0,519.0,524.0,527.0,532.0,534.0,537.0,540.0,560.0,567.0,569.0,573.0,573.0,575.0,585.0,587.0,589.0,598.0,599.0,601.0,610.0,610.0,612.0,613.0,613.0,621.0,636.0,647.0,648.0,658.0,672.0,698.0,704.0,723.0,748.0,803.0,828.0,843.0,846.0,851.0,872.0,880.0,881.0,888.0,895.0,904.0,969.0,973.0,974.0,985.0,990.0,994.0,
33.0,211.0,270.0,278.0,302.0,365.0,420.0,478.0,507.0,514.0,520.0,525.0,528.0,529.0,530.0,534.0,538.0,540.0,542.0,544.0,544.0,550.0,556.0,566.0,568.0,569.0,569.0,577.0,584.0,587.0,588.0,590.0,599.0,600.0,607.0,611.0,617.0,620.0,626.0,633.0,637.0,652.0,657.0,664.0,680.0,690.0,730.0,777.0,779.0,785.0,796.0,814.0,838.0,840.0,848.0,861.0,890.0,895.0,908.0,947.0,957.0,980.0,984.0,993.0,
6.0,11.0,14.0,31.0,50.0,50.0,67.0,101.0,140.0,147.0,197.0,228.0,237.0,241.0,255.0,277.0,285.0,325.0,361.0,420.0,429.0,450.0,470.0,508.0,519.0,522.0,525.0,526.0,528.0,530.0,530.0,543.0,547.0,549.0,550.0,570.0,571.0,573.0,576.0,584.0,586.0,586.0,587.0,589.0,594.0,594.0,608.0,610.0,633.0,638.0,686.0,699.0,707.0,713.0,713.0,716.0,744.0,755.0,768.0,771.0,773.0,781.0,783.0,787.0,794.0,802.0,827.0,846.0,850.0,850.0,859.0,882.0,904.0,931.0,989.0,999.0,
14.0,75.0,110.0,115.0,154.0,179.0,217.0,228.0,236.0,314.0,342.0,347.0,365.0,370.0,372.0,378.0,449.0,451.0,531.0,546.0,607.0,757.0,764.0,776.0,973.0,
70.0,79.0,86.0,93.0,106.0,123.0,123.0,149.0,158.0,188.0,222.0,225.0,226.0,230.0,243.0,253.0,260.0,283.0,332.0,368.0,371.0,387.0,389.0,404.0,466.0,504.0,593.0,612.0,654.0,654.0,660.0,673.0,787.0,788.0,794.0,803.0,902.0,942.0,989.0,
25.0,133.0,152.0,176.0,189.0,217.0,240.0,272.0,275.0,307.0,366.0,368.0,439.0,453.0,499.0,509.0,548.0,549.0,549.0,550.0,555.0,565.0,565.0,586.0,587.0,591.0,617.0,635.0,737.0,755.0,789.0,800.0,813.0,815.0,826.0,845.0,857.0,890.0,902.0,942.0,958.0,
8.0,51.0,93.0,98.0,101.0,182.0,236.0,271.0,311.0,410.0,411.0,421.0,442.0,443.0,453.0,487.0,490.0,493.0,493.0,525.0,525.0,529.0,534.0,535.0,542.0,542.0,545.0,548.0,554.0,561.0,566.0,567.0,567.0,575.0,581.0,598.0,599.0,600.0,603.0,614.0,616.0,621.0,647.0,656.0,657.0,658.0,659.0,665.0,668.0,670.0,674.0,681.0,690.0,705.0,717.0,719.0,729.0,734.0,736.0,745.0,746.0,747.0,750.0,779.0,789.0,793.0,796.0,801.0,806.0,823.0,829.0,830.0,845.0,846.0,850.0,852.0,855.0,878.0,905.0,926.0,934.0,974.0,975.0,
7.0,11.0,29.0,55.0,73.0,84.0,93.0,122.0,181.0,203.0,239.0,347.0,376.0,396.0,413.0,456.0,508.0,519.0,521.0,522.0,533.0,540.0,553.0,554.0,554.0,557.0,561.0,566.0,569.0,569.0,569.0,585.0,588.0,594.0,594.0,598.0,604.0,612.0,636.0,641.0,657.0,658.0,659.0,664.0,676.0,687.0,689.0,710.0,730.0,778.0,813.0,840.0,846.0,856.0,870.0,876.0,895.0,902.0,909.0,926.0,934.0,945.0,968.0,975.0,989.0,
3.0,32.0,41.0,42.0,51.0,113.0,152.0,192.0,194.0,216.0,235.0,274.0,328.0,353.0,370.0,385.0,404.0,417.0,485.0,493.0,518.0,521.0,522.0,523.0,530.0,533.0,534.0,542.0,543.0,560.0,565.0,567.0,567.0,568.0,571.0,573.0,574.0,579.0,593.0,594.0,601.0,638.0,644.0,647.0,658.0,675.0,684.0,685.0,700.0,711.0,731.0,743.0,746.0,780.0,810.0,812.0,827.0,842.0,842.0,852.0,853.0,856.0,867.0,871.0,891.0,
72.0,156.0,162.0,237.0,278.0,307.0,321.0,374.0,421.0,422.0,442.0,521.0,549.0,555.0,559.0,560.0,581.0,587.0,594.0,596.0,625.0,634.0,646.0,665.0,684.0,731.0,736.0,754.0,759.0,764.0,770.0,856.0,875.0,877.0,888.0,889.0,906.0,910.0,929.0,937.0,949.0,998.0,
11.0,16.0,16.0,35.0,56.0,145.0,151.0,153.0,156.0,182.0,188.0,202.0,249.0,271.0,478.0,513.0,523.0,525.0,544.0,548.0,555.0,559.0,566.0,591.0,624.0,626.0,632.0,633.0,636.0,640.0,650.0,655.0,659.0,705.0,707.0,711.0,714.0,716.0,730.0,735.0,753.0,758.0,774.0,786.0,797.0,803.0,804.0,819.0,843.0,863.0,910.0,920.0,929.0,936.0,980.0,984.0,
13.0,57.0,88.0,99.0,118.0,124.0,133.0,175.0,230.0,243.0,277.0,302.0,307.0,334.0,336.0,340.0,405.0,416.0,442.0,486.0,488.0,496.0,504.0,517.0,521.0,527.0,527.0,530.0,530.0,530.0,532.0,534.0,541.0,541.0,556.0,562.0,564.0,574.0,577.0,583.0,592.0,592.0,598.0,600.0,607.0,667.0,682.0,689.0,691.0,734.0,739.0,760.0,783.0,785.0,812.0,820.0,820.0,827.0,834.0,848.0,873.0,883.0,928.0,928.0,930.0,932.0,935.0,956.0,974.0,977.0,980.0,990.0,
43.0,48.0,88.0,115.0,162.0,196.0,290.0,290.0,309.0,405.0,409.0,411.0,526.0,533.0,533.0,536.0,537.0,540.0,543.0,551.0,554.0,557.0,560.0,560.0,577.0,584.0,591.0,614.0,632.0,646.0,647.0,664.0,677.0,684.0,699.0,715.0,721.0,721.0,725.0,745.0,798.0,820.0,834.0,835.0,861.0,861.0,864.0,868.0,874.0,884.0,885.0,897.0,906.0,908.0,916.0,916.0,924.0,947.0,969.0,985.0,986.0,1000.0,
6.0,51.0,84.0,132.0,138.0,171.0,216.0,228.0,258.0,293.0,366.0,371.0,406.0,414.0,421.0,437.0,457.0,458.0,491.0,519.0,521.0,524.0,527.0,536.0,536.0,550.0,566.0,570.0,574.0,574.0,575.0,597.0,608.0,608.0,613.0,618.0,650.0,664.0,690.0,690.0,723.0,761.0,810.0,859.0,866.0,897.0,980.0,998.0,
27.0,62.0,68.0,74.0,147.0,152.0,176.0,225.0,236.0,281.0,317.0,328.0,331.0,341.0,365.0,427.0,449.0,460.0,461.0,469.0,523.0,529.0,534.0,542.0,551.0,565.0,594.0,626.0,760.0,767.0,787.0,805.0,854.0,914.0,923.0,990.0,
2.0,2.0,15.0,44.0,89.0,113.0,122.0,164.0,179.0,249.0,250.0,255.0,282.0,386.0,430.0,447.0,452.0,466.0,478.0,513.0,520.0,524.0,525.0,526.0,534.0,536.0,543.0,583.0,591.0,608.0,610.0,652.0,659.0,696.0,703.0,728.0,728.0,730.0,746.0,749.0,806.0,815.0,858.0,867.0,913.0,933.0,944.0,977.0,
4.0,6.0,36.0,49.0,158.0,205.0,285.0,326.0,367.0,401.0,419.0,428.0,467.0,468.0,492.0,501.0,509.0,524.0,525.0,525.0,525.0,528.0,529.0,534.0,536.0,542.0,547.0,548.0,552.0,559.0,561.0,573.0,575.0,592.0,603.0,606.0,619.0,619.0,624.0,626.0,627.0,687.0,688.0,691.0,701.0,701.0,707.0,714.0,717.0,733.0,744.0,757.0,770.0,787.0,789.0,837.0,878.0,888.0,895.0,902.0,907.0,916.0,917.0,925.0,953.0,972.0,988.0,998.0,
26.0,28.0,56.0,59.0,59.0,68.0,73.0,123.0,169.0,172.0,176.0,198.0,202.0,219.0,248.0,274.0,291.0,323.0,357.0,367.0,438.0,453.0,517.0,531.0,532.0,550.0,552.0,566.0,566.0,573.0,574.0,575.0,578.0,587.0,599.0,619.0,622.0,628.0,754.0,770.0,771.0,774.0,775.0,809.0,811.0,813.0,830.0,839.0,848.0,878.0,881.0,888.0,901.0,935.0,956.0,982.0,
90.0,90.0,115.0,116.0,141.0,153.0,173.0,188.0,225.0,263.0,283.0,334.0,347.0,358.0,377.0,436.0,455.0,455.0,480.0,508.0,527.0,528.0,534.0,537.0,542.0,547.0,553.0,553.0,555.0,558.0,562.0,564.0,567.0,572.0,585.0,594.0,599.0,609.0,609.0,617.0,629.0,635.0,655.0,675.0,689.0,695.0,701.0,721.0,728.0,735.0,748.0,752.0,753.0,755.0,768.0,775.0,783.0,796.0,807.0,835.0,877.0,901.0,920.0,946.0,949.0,959.0,999.0,
33.0,156.0,188.0,271.0,286.0,324.0,331.0,334.0,345.0,378.0,386.0,388.0,418.0,438.0,457.0,488.0,514.0,525.0,527.0,539.0,541.0,551.0,554.0,558.0,559.0,560.0,562.0,567.0,571.0,574.0,587.0,588.0,589.0,615.0,634.0,635.0,644.0,645.0,655.0,659.0,669.0,672.0,706.0,729.0,733.0,742.0,747.0,796.0,831.0,859.0,885.0,911.0,917.0,929.0,937.0,963.0,974.0,
3.0,6.0,34.0,36.0,62.0,137.0,223.0,225.0,301.0,331.0,393.0,423.0,441.0,444.0,474.0,478.0,483.0,494.0,513.0,518.0,519.0,525.0,526.0,529.0,538.0,548.0,554.0,563.0,585.0,590.0,604.0,607.0,610.0,618.0,622.0,629.0,635.0,648.0,648.0,659.0,676.0,730.0,741.0,748.0,752.0,771.0,777.0,806.0,810.0,837.0,876.0,888.0,908.0,912.0,940.0,948.0,957.0,976.0,979.0,
24.0,27.0,101.0,118.0,131.0,144.0,175.0,201.0,232.0,235.0,264.0,275.0,322.0,363.0,387.0,394.0,419.0,441.0,464.0,470.0,518.0,525.0,526.0,529.0,533.0,533.0,535.0,544.0,549.0,559.0,560.0,564.0,568.0,571.0,581.0,592.0,606.0,606.0,608.0,625.0,633.0,635.0,641.0,648.0,663.0,674.0,675.0,681.0,681.0,686.0,720.0,747.0,763.0,796.0,814.0,818.0,834.0,855.0,862.0,870.0,871.0,873.0,878.0,887.0,933.0,958.0,968.0,981.0,
2.0,42.0,104.0,128.0,143.0,176.0,210.0,224.0,237.0,249.0,314.0,369.0,400.0,415.0,479.0,488.0,491.0,505.0,521.0,521.0,524.0,524.0,525.0,525.0,527.0,533.0,534.0,535.0,538.0,539.0,544.0,548.0,556.0,563.0,571.0,579.0,589.0,597.0,599.0,609.0,618.0,622.0,631.0,633.0,638.0,641.0,642.0,643.0,652.0,673.0,723.0,747.0,754.0,771.0,772.0,773.0,784.0,812.0,819.0,821.0,824.0,826.0,850.0,873.0,885.0,894.0,898.0,924.0,930.0,934.0,935.0,945.0,952.0,959.0,964.0,996.0,999.0,
57.0,62.0,63.0,77.0,79.0,89.0,119.0,129.0,130.0,165.0,213.0,224.0,245.0,252.0,252.0,310.0,329.0,333.0,351.0,367.0,395.0,431.0,437.0,481.0,513.0,527.0,532.0,534.0,545.0,563.0,567.0,574.0,581.0,592.0,614.0,625.0,627.0,681.0,691.0,741.0,757.0,762.0,763.0,791.0,834.0,891.0,897.0,940.0,941.0,946.0,962.0,967.0,
20.0,35.0,36.0,99.0,107.0,132.0,155.0,162.0,181.0,210.0,218.0,227.0,258.0,321.0,338.0,414.0,421.0,455.0,471.0,475.0,484.0,485.0,489.0,510.0,522.0,523.0,538.0,558.0,639.0,643.0,698.0,709.0,719.0,763.0,772.0,779.0,798.0,801.0,889.0,895.0,913.0,931.0,934.0,974.0,
16.0,59.0,65.0,87.0,95.0,127.0,143.0,154.0,161.0,172.0,177.0,211.0,241.0,262.0,273.0,365.0,367.0,490.0,513.0,521.0,524.0,537.0,545.0,556.0,558.0,571.0,591.0,617.0,618.0,644.0,645.0,705.0,734.0,754.0,764.0,792.0,812.0,817.0,866.0,912.0,951.0,
29.0,36.0,61.0,77.0,105.0,109.0,170.0,189.0,204.0,224.0,245.0,299.0,330.0,337.0,378.0,384.0,402.0,407.0,473.0,494.0,506.0,521.0,521.0,528.0,529.0,535.0,537.0,538.0,538.0,543.0,550.0,554.0,555.0,561.0,561.0,561.0,564.0,567.0,573.0,580.0,581.0,582.0,584.0,588.0,597.0,601.0,601.0,604.0,615.0,615.0,619.0,623.0,625.0,632.0,633.0,646.0,653.0,653.0,656.0,656.0,668.0,678.0,683.0,701.0,703.0,745.0,747.0,800.0,821.0,837.0,875.0,891.0,906.0,932.0,933.0,
2.0,33.0,42.0,91.0,172.0,190.0,285.0,354.0,392.0,422.0,424.0,447.0,449.0,477.0,520.0,522.0,529.0,537.0,539.0,548.0,549.0,556.0,563.0,573.0,573.0,574.0,581.0,583.0,585.0,587.0,601.0,612.0,617.0,637.0,653.0,658.0,684.0,685.0,691.0,693.0,694.0,727.0,736.0,738.0,738.0,742.0,755.0,762.0,781.0,787.0,795.0,822.0,901.0,904.0,932.0,941.0,974.0,988.0,
28.0,30.0,35.0,53.0,86.0,104.0,149.0,149.0,176.0,208.0,237.0,238.0,267.0,268.0,284.0,300.0,350.0,375.0,385.0,391.0,423.0,427.0,447.0,461.0,513.0,521.0,536.0,539.0,540.0,544.0,548.0,551.0,558.0,561.0,564.0,572.0,578.0,594.0,596.0,605.0,612.0,619.0,627.0,637.0,678.0,682.0,692.0,783.0,784.0,796.0,830.0,860.0,864.0,865.0,891.0,910.0,913.0,937.0,945.0,950.0,960.0,
10.0,37.0,45.0,84.0,128.0,134.0,138.0,151.0,161.0,191.0,247.0,325.0,329.0,362.0,369.0,422.0,425.0,433.0,438.0,449.0,451.0,477.0,477.0,506.0,518.0,529.0,535.0,539.0,539.0,541.0,541.0,542.0,543.0,548.0,548.0,549.0,550.0,551.0,551.0,554.0,555.0,558.0,560.0,577.0,605.0,690.0,710.0,711.0,720.0,720.0,733.0,760.0,772.0,783.0,785.0,799.0,810.0,811.0,812.0,822.0,835.0,840.0,845.0,866.0,867.0,886.0,926.0,930.0,930.0,972.0,994.0,
18.0,144.0,226.0,230.0,236.0,262.0,371.0,435.0,441.0,505.0,541.0,556.0,556.0,559.0,571.0,573.0,574.0,577.0,577.0,579.0,585.0,590.0,590.0,591.0,593.0,599.0,600.0,603.0,613.0,626.0,633.0,633.0,635.0,649.0,669.0,669.0,680.0,685.0,697.0,720.0,751.0,759.0,760.0,771.0,815.0,823.0,824.0,826.0,844.0,856.0,921.0,931.0,938.0,943.0,974.0,977.0,993.0,
8.0,23.0,26.0,48.0,56.0,71.0,72.0,161.0,195.0,197.0,223.0,247.0,280.0,286.0,297.0,362.0,389.0,412.0,417.0,480.0,494.0,504.0,510.0,521.0,521.0,522.0,525.0,539.0,548.0,549.0,552.0,553.0,554.0,567.0,573.0,577.0,582.0,593.0,593.0,598.0,613.0,614.0,618.0,643.0,647.0,652.0,668.0,723.0,734.0,735.0,747.0,756.0,760.0,766.0,788.0,793.0,798.0,812.0,861.0,863.0,871.0,912.0,924.0,939.0,940.0,957.0,962.0,985.0,989.0,
10.0,42.0,61.0,93.0,120.0,150.0,155.0,168.0,175.0,210.0,246.0,250.0,286.0,291.0,302.0,322.0,362.0,373.0,424.0,429.0,445.0,462.0,467.0,470.0,487.0,502.0,527.0,531.0,537.0,538.0,544.0,545.0,551.0,560.0,563.0,564.0,573.0,578.0,578.0,585.0,586.0,609.0,611.0,618.0,624.0,626.0,633.0,636.0,655.0,670.0,676.0,678.0,682.0,689.0,692.0,695.0,700.0,701.0,715.0,735.0,737.0,740.0,750.0,775.0,839.0,840.0,843.0,855.0,859.0,885.0,922.0,923.0,952.0,968.0,981.0,985.0,
7.0,43.0,52.0,58.0,69.0,91.0,118.0,130.0,139.0,209.0,370.0,412.0,430.0,540.0,553.0,563.0,577.0,580.0,613.0,625.0,627.0,669.0,677.0,702.0,703.0,770.0,794.0,822.0,861.0,883.0,959.0,965.0,966.0,
79.0,85.0,112.0,145.0,376.0,391.0,418.0,424.0,464.0,470.0,517.0,534.0,535.0,547.0,553.0,563.0,648.0,651.0,661.0,664.0,668.0,691.0,714.0,730.0,763.0,786.0,812.0,820.0,
16.0,30.0,36.0,99.0,112.0,115.0,141.0,183.0,208.0,288.0,317.0,333.0,347.0,361.0,364.0,377.0,387.0,409.0,411.0,453.0,468.0,523.0,533.0,543.0,560.0,642.0,649.0,650.0,662.0,769.0,771.0,823.0,827.0,852.0,888.0,888.0,920.0,983.0,988.0,992.0,
26.0,43.0,44.0,55.0,120.0,160.0,164.0,177.0,200.0,237.0,264.0,268.0,392.0,449.0,460.0,471.0,476.0,505.0,515.0,522.0,524.0,532.0,534.0,538.0,545.0,561.0,567.0,574.0,574.0,574.0,583.0,587.0,588.0,589.0,605.0,614.0,623.0,641.0,649.0,652.0,654.0,654.0,664.0,669.0,683.0,689.0,705.0,722.0,727.0,740.0,764.0,769.0,773.0,785.0,790.0,794.0,808.0,818.0,833.0,867.0,870.0,875.0,890.0,904.0,937.0,939.0,956.0,978.0,
60.0,68.0,75.0,96.0,102.0,157.0,160.0,202.0,226.0,244.0,290.0,298.0,299.0,307.0,320.0,400.0,429.0,459.0,462.0,519.0,522.0,523.0,525.0,527.0,527.0,528.0,531.0,536.0,544.0,552.0,553.0,557.0,563.0,566.0,568.0,568.0,578.0,582.0,585.0,587.0,601.0,604.0,604.0,605.0,618.0,621.0,623.0,625.0,628.0,643.0,663.0,706.0,710.0,718.0,727.0,739.0,742.0,754.0,792.0,805.0,810.0,826.0,844.0,852.0,867.0,918.0,928.0,938.0,950.0,953.0,965.0,974.0,
37.0,85.0,106.0,119.0,124.0,232.0,233.0,237.0,237.0,263.0,263.0,328.0,341.0,389.0,395.0,485.0,518.0,529.0,537.0,539.0,540.0,541.0,546.0,548.0,549.0,551.0,553.0,554.0,566.0,566.0,567.0,575.0,577.0,577.0,582.0,584.0,600.0,603.0,606.0,621.0,624.0,630.0,646.0,653.0,661.0,665.0,670.0,688.0,760.0,772.0,780.0,790.0,796.0,799.0,825.0,859.0,871.0,876.0,890.0,895.0,940.0,
32.0,40.0,56.0,67.0,76.0,91.0,105.0,121.0,121.0,157.0,163.0,168.0,209.0,210.0,213.0,241.0,304.0,344.0,386.0,387.0,391.0,399.0,453.0,454.0,496.0,504.0,508.0,519.0,524.0,525.0,530.0,531.0,536.0,536.0,541.0,542.0,546.0,547.0,549.0,549.0,568.0,581.0,585.0,596.0,599.0,613.0,621.0,638.0,652.0,663.0,664.0,665.0,701.0,716.0,728.0,737.0,760.0,784.0,788.0,797.0,797.0,826.0,858.0,871.0,907.0,969.0,
11.0,13.0,66.0,82.0,92.0,93.0,114.0,128.0,187.0,189.0,195.0,196.0,220.0,253.0,273.0,304.0,315.0,342.0,345.0,348.0,410.0,446.0,482.0,514.0,526.0,534.0,535.0,550.0,552.0,554.0,554.0,556.0,560.0,561.0,581.0,586.0,589.0,609.0,615.0,616.0,621.0,622.0,634.0,635.0,638.0,640.0,650.0,655.0,664.0,668.0,677.0,685.0,697.0,708.0,710.0,806.0,814.0,825.0,831.0,875.0,913.0,930.0,987.0,994.0,
32.0,116.0,117.0,136.0,146.0,161.0,170.0,172.0,203.0,226.0,236.0,249.0,258.0,276.0,328.0,406.0,496.0,507.0,507.0,514.0,524.0,525.0,531.0,542.0,549.0,552.0,554.0,562.0,569.0,570.0,574.0,581.0,583.0,591.0,593.0,593.0,593.0,600.0,601.0,602.0,618.0,656.0,665.0,679.0,720.0,743.0,758.0,764.0,765.0,770.0,792.0,808.0,811.0,823.0,889.0,902.0,909.0,911.0,927.0,936.0,936.0,940.0,940.0,946.0,948.0,967.0,969.0,
2.0,80.0,141.0,168.0,173.0,179.0,202.0,221.0,231.0,251.0,331.0,427.0,453.0,522.0,522.0,527.0,530.0,534.0,535.0,538.0,540.0,545.0,555.0,564.0,569.0,586.0,587.0,594.0,608.0,627.0,646.0,656.0,658.0,681.0,685.0,698.0,718.0,725.0,726.0,728.0,733.0,772.0,773.0,792.0,816.0,835.0,837.0,845.0,882.0,904.0,916.0,929.0,
4.0,99.0,131.0,283.0,333.0,355.0,358.0,362.0,392.0,398.0,443.0,471.0,476.0,487.0,533.0,536.0,557.0,561.0,564.0,568.0,651.0,673.0,675.0,755.0,781.0,797.0,855.0,860.0,865.0,881.0,898.0,924.0,933.0,
14.0,94.0,124.0,128.0,157.0,182.0,250.0,254.0,323.0,328.0,329.0,446.0,489.0,596.0,678.0,683.0,713.0,758.0,779.0,789.0,797.0,801.0,846.0,856.0,860.0,872.0,894.0,898.0,929.0,935.0,938.0,969.0,975.0,
35.0,59.0,103.0,105.0,148.0,166.0,173.0,177.0,223.0,270.0,278.0,305.0,315.0,320.0,325.0,331.0,331.0,373.0,397.0,442.0,511.0,561.0,597.0,610.0,623.0,628.0,670.0,673.0,698.0,728.0,755.0,763.0,802.0,835.0,849.0,938.0,961.0,
90.0,151.0,153.0,210.0,233.0,238.0,330.0,437.0,452.0,471.0,475.0,485.0,500.0,517.0,525.0,552.0,554.0,572.0,581.0,597.0,617.0,634.0,675.0,719.0,729.0,733.0,765.0,789.0,799.0,825.0,827.0,858.0,874.0,964.0,965.0,985.0,
88.0,126.0,149.0,166.0,202.0,281.0,286.0,314.0,344.0,385.0,390.0,423.0,457.0,495.0,526.0,526.0,528.0,533.0,541.0,542.0,580.0,580.0,588.0,591.0,595.0,599.0,603.0,606.0,615.0,637.0,638.0,646.0,655.0,658.0,674.0,681.0,691.0,709.0,711.0,713.0,721.0,740.0,755.0,764.0,764.0,790.0,815.0,833.0,884.0,948.0,955.0,961.0,965.0,988.0,993.0,
17.0,22.0,25.0,69.0,101.0,187.0,252.0,307.0,308.0,347.0,355.0,395.0,494.0,514.0,514.0,522.0,527.0,530.0,532.0,534.0,539.0,541.0,543.0,551.0,553.0,558.0,561.0,573.0,588.0,593.0,595.0,609.0,609.0,609.0,612.0,618.0,618.0,620.0,621.0,633.0,634.0,635.0,635.0,636.0,650.0,665.0,679.0,680.0,684.0,689.0,689.0,714.0,718.0,732.0,734.0,739.0,749.0,760.0,813.0,822.0,836.0,868.0,878.0,880.0,883.0,905.0,905.0,918.0,924.0,953.0,969.0,979.0,
3.0,47.0,64.0,69.0,96.0,96.0,108.0,114.0,192.0,199.0,225.0,228.0,268.0,294.0,355.0,373.0,383.0,385.0,473.0,510.0,525.0,528.0,530.0,534.0,540.0,546.0,571.0,578.0,579.0,580.0,583.0,583.0,585.0,586.0,589.0,611.0,626.0,631.0,642.0,654.0,671.0,684.0,689.0,714.0,717.0,729.0,736.0,760.0,760.0,779.0,782.0,783.0,801.0,818.0,820.0,823.0,827.0,842.0,844.0,847.0,850.0,854.0,891.0,897.0,901.0,906.0,926.0,941.0,953.0,970.0,980.0,
2.0,32.0,34.0,37.0,54.0,59.0,101.0,147.0,166.0,171.0,191.0,196.0,225.0,278.0,302.0,306.0,308.0,311.0,348.0,350.0,381.0,433.0,444.0,450.0,473.0,493.0,511.0,526.0,526.0,533.0,538.0,540.0,541.0,541.0,543.0,543.0,543.0,548.0,553.0,554.0,555.0,557.0,558.0,560.0,574.0,582.0,583.0,588.0,588.0,589.0,589.0,605.0,606.0,610.0,613.0,617.0,621.0,636.0,640.0,645.0,653.0,656.0,662.0,676.0,682.0,689.0,691.0,696.0,730.0,770.0,772.0,793.0,807.0,819.0,828.0,859.0,861.0,888.0,889.0,905.0,927.0,938.0,953.0,956.0,970.0,991.0,1000.0,
24.0,47.0,67.0,70.0,90.0,117.0,128.0,148.0,196.0,233.0,241.0,273.0,275.0,321.0,334.0,341.0,375.0,388.0,436.0,474.0,474.0,475.0,481.0,514.0,522.0,526.0,532.0,537.0,539.0,540.0,543.0,547.0,550.0,554.0,557.0,562.0,589.0,591.0,593.0,597.0,613.0,617.0,621.0,669.0,678.0,688.0,693.0,694.0,727.0,738.0,749.0,768.0,770.0,771.0,792.0,801.0,819.0,840.0,845.0,856.0,912.0,915.0,937.0,945.0,952.0,955.0,959.0,965.0,977.0,978.0,986.0,996.0,1000.0,
47.0,75.0,91.0,139.0,164.0,191.0,214.0,233.0,280.0,294.0,297.0,313.0,333.0,340.0,367.0,386.0,438.0,453.0,480.0,491.0,544.0,561.0,584.0,593.0,593.0,595.0,607.0,612.0,672.0,684.0,723.0,725.0,762.0,802.0,812.0,858.0,866.0,886.0,954.0,
2.0,89.0,176.0,182.0,204.0,217.0,228.0,251.0,286.0,326.0,329.0,408.0,423.0,496.0,600.0,689.0,701.0,766.0,790.0,848.0,864.0,880.0,903.0,942.0,
6.0,15.0,20.0,29.0,56.0,61.0,132.0,152.0,158.0,181.0,189.0,204.0,247.0,258.0,280.0,299.0,308.0,322.0,341.0,399.0,420.0,421.0,453.0,453.0,454.0,459.0,469.0,479.0,571.0,590.0,605.0,607.0,616.0,663.0,693.0,700.0,727.0,771.0,787.0,821.0,827.0,831.0,880.0,935.0,
48.0,67.0,127.0,143.0,167.0,168.0,217.0,248.0,258.0,265.0,322.0,431.0,454.0,461.0,466.0,467.0,498.0,574.0,578.0,599.0,630.0,638.0,640.0,661.0,671.0,723.0,856.0,865.0,870.0,871.0,899.0,983.0,997.0,
17.0,26.0,71.0,108.0,114.0,131.0,197.0,213.0,224.0,241.0,265.0,270.0,294.0,311.0,319.0,337.0,372.0,412.0,421.0,427.0,460.0,494.0,582.0,583.0,595.0,616.0,737.0,749.0,801.0,804.0,822.0,963.0,970.0,976.0,
110.0,116.0,132.0,149.0,161.0,162.0,182.0,206.0,211.0,228.0,235.0,237.0,244.0,258.0,268.0,294.0,338.0,343.0,400.0,421.0,424.0,429.0,469.0,470.0,511.0,539.0,555.0,573.0,599.0,663.0,704.0,746.0,755.0,784.0,850.0,920.0,937.0,942.0,947.0,971.0,
51.0,60.0,103.0,115.0,147.0,149.0,161.0,198.0,316.0,338.0,341.0,345.0,406.0,469.0,482.0,519.0,544.0,549.0,556.0,563.0,571.0,573.0,584.0,584.0,589.0,608.0,642.0,685.0,688.0,689.0,693.0,719.0,720.0,725.0,730.0,776.0,780.0,798.0,803.0,809.0,837.0,883.0,906.0,926.0,929.0,930.0,1000.0,
45.0,65.0,72.0,83.0,94.0,95.0,101.0,109.0,124.0,132.0,178.0,184.0,212.0,250.0,320.0,367.0,437.0,456.0,468.0,473.0,473.0,504.0,506.0,526.0,535.0,538.0,545.0,552.0,553.0,569.0,570.0,571.0,571.0,573.0,588.0,609.0,615.0,622.0,626.0,705.0,710.0,719.0,792.0,794.0,797.0,800.0,828.0,848.0,855.0,895.0,907.0,935.0,977.0,
34.0,34.0,35.0,45.0,179.0,224.0,273.0,289.0,303.0,325.0,327.0,366.0,423.0,516.0,521.0,527.0,529.0,533.0,536.0,552.0,557.0,560.0,563.0,564.0,569.0,579.0,619.0,630.0,644.0,690.0,716.0,773.0,809.0,830.0,836.0,898.0,937.0,944.0,948.0,960.0,970.0,991.0,
109.0,197.0,204.0,209.0,303.0,324.0,328.0,340.0,355.0,361.0,388.0,423.0,633.0,655.0,718.0,738.0,784.0,979.0,
3.0,40.0,104.0,131.0,189.0,223.0,244.0,259.0,260.0,356.0,386.0,392.0,427.0,475.0,505.0,520.0,547.0,632.0,633.0,688.0,741.0,800.0,822.0,886.0,905.0,924.0,
43.0,92.0,183.0,195.0,199.0,274.0,285.0,374.0,384.0,454.0,480.0,489.0,525.0,536.0,540.0,615.0,620.0,627.0,719.0,785.0,787.0,833.0,849.0,909.0,914.0,933.0,969.0,973.0,977.0,
