2.0,6.0,28.0,52.0,69.0,103.0,163.0,179.0,188.0,244.0,282.0,289.0,305.0,317.0,380.0,384.0,394.0,404.0,462.0,491.0,530.0,551.0,565.0,581.0,639.0,641.0,684.0,693.0,699.0,704.0,731.0,738.0,745.0,825.0,839.0,926.0,950.0,994.0,999.0,
33.0,36.0,41.0,67.0,86.0,99.0,139.0,139.0,164.0,282.0,284.0,313.0,333.0,344.0,382.0,429.0,435.0,458.0,517.0,517.0,552.0,604.0,683.0,784.0,807.0,814.0,822.0,824.0,830.0,845.0,856.0,863.0,883.0,889.0,893.0,943.0,1000.0,
5.0,92.0,99.0,144.0,219.0,246.0,262.0,270.0,293.0,294.0,295.0,328.0,335.0,335.0,349.0,387.0,441.0,454.0,484.0,521.0,600.0,607.0,623.0,628.0,690.0,690.0,804.0,823.0,849.0,890.0,892.0,903.0,912.0,922.0,956.0,962.0,971.0,
22.0,35.0,52.0,57.0,58.0,74.0,80.0,92.0,98.0,102.0,126.0,200.0,202.0,222.0,314.0,352.0,353.0,359.0,380.0,413.0,436.0,447.0,467.0,476.0,525.0,545.0,546.0,617.0,666.0,668.0,719.0,747.0,760.0,804.0,818.0,839.0,878.0,879.0,883.0,917.0,948.0,956.0,983.0,
45.0,63.0,73.0,74.0,135.0,165.0,199.0,206.0,220.0,249.0,272.0,285.0,297.0,327.0,333.0,380.0,442.0,445.0,459.0,479.0,515.0,543.0,552.0,603.0,625.0,690.0,714.0,743.0,841.0,873.0,964.0,
11.0,19.0,63.0,89.0,145.0,164.0,215.0,230.0,239.0,304.0,305.0,367.0,369.0,377.0,394.0,397.0,410.0,455.0,467.0,491.0,504.0,523.0,525.0,532.0,538.0,538.0,581.0,606.0,620.0,649.0,649.0,687.0,713.0,717.0,765.0,767.0,788.0,825.0,835.0,869.0,962.0,995.0,
28.0,33.0,43.0,69.0,76.0,82.0,130.0,143.0,156.0,172.0,176.0,183.0,265.0,346.0,348.0,353.0,378.0,379.0,440.0,445.0,449.0,462.0,464.0,485.0,500.0,506.0,522.0,608.0,679.0,769.0,807.0,829.0,844.0,866.0,891.0,892.0,905.0,982.0,
3.0,21.0,26.0,76.0,79.0,142.0,169.0,179.0,179.0,273.0,314.0,322.0,322.0,336.0,351.0,355.0,374.0,413.0,415.0,451.0,464.0,479.0,489.0,536.0,553.0,557.0,583.0,631.0,635.0,661.0,673.0,675.0,697.0,716.0,742.0,755.0,855.0,857.0,869.0,890.0,936.0,944.0,950.0,981.0,987.0,989.0,997.0,
3.0,10.0,64.0,75.0,134.0,159.0,181.0,224.0,249.0,259.0,278.0,291.0,301.0,327.0,374.0,416.0,417.0,427.0,449.0,459.0,486.0,494.0,518.0,531.0,532.0,532.0,549.0,630.0,633.0,659.0,737.0,754.0,788.0,788.0,793.0,806.0,807.0,858.0,922.0,958.0,
25.0,42.0,65.0,76.0,97.0,135.0,192.0,200.0,202.0,219.0,236.0,245.0,277.0,279.0,303.0,367.0,404.0,408.0,435.0,513.0,526.0,539.0,543.0,544.0,606.0,607.0,629.0,651.0,656.0,657.0,670.0,736.0,737.0,789.0,827.0,873.0,912.0,929.0,958.0,976.0,989.0,
7.0,34.0,36.0,40.0,112.0,115.0,145.0,146.0,169.0,172.0,300.0,329.0,337.0,339.0,360.0,373.0,373.0,378.0,379.0,387.0,390.0,413.0,473.0,502.0,529.0,548.0,553.0,614.0,633.0,685.0,692.0,744.0,756.0,779.0,783.0,801.0,822.0,844.0,854.0,879.0,907.0,920.0,921.0,939.0,975.0,986.0,
7.0,62.0,63.0,79.0,95.0,105.0,118.0,119.0,163.0,186.0,224.0,278.0,294.0,296.0,311.0,312.0,353.0,355.0,366.0,369.0,377.0,392.0,422.0,425.0,483.0,492.0,495.0,495.0,500.0,543.0,556.0,584.0,737.0,751.0,771.0,797.0,811.0,946.0,966.0,
50.0,72.0,100.0,120.0,240.0,262.0,263.0,265.0,311.0,345.0,350.0,365.0,376.0,391.0,437.0,455.0,533.0,672.0,736.0,753.0,837.0,911.0,949.0,956.0,
26.0,64.0,84.0,96.0,193.0,227.0,238.0,308.0,314.0,421.0,429.0,513.0,528.0,561.0,653.0,662.0,721.0,877.0,
76.0,92.0,104.0,187.0,196.0,246.0,260.0,271.0,286.0,286.0,369.0,388.0,391.0,474.0,475.0,483.0,509.0,532.0,546.0,558.0,571.0,573.0,579.0,633.0,660.0,683.0,684.0,688.0,695.0,710.0,745.0,761.0,776.0,788.0,821.0,851.0,868.0,916.0,993.0,
81.0,83.0,169.0,189.0,195.0,200.0,251.0,251.0,268.0,273.0,295.0,296.0,297.0,304.0,323.0,421.0,444.0,463.0,485.0,487.0,504.0,512.0,520.0,534.0,557.0,588.0,588.0,602.0,606.0,612.0,616.0,650.0,663.0,666.0,675.0,685.0,748.0,755.0,826.0,840.0,870.0,871.0,882.0,927.0,985.0,1000.0,
20.0,50.0,73.0,167.0,271.0,274.0,286.0,293.0,312.0,341.0,386.0,453.0,469.0,481.0,491.0,510.0,515.0,535.0,540.0,551.0,555.0,560.0,568.0,574.0,603.0,624.0,633.0,652.0,663.0,689.0,730.0,733.0,739.0,760.0,801.0,813.0,825.0,894.0,897.0,908.0,925.0,928.0,
43.0,81.0,108.0,132.0,141.0,184.0,199.0,286.0,292.0,298.0,300.0,327.0,352.0,374.0,382.0,385.0,391.0,392.0,394.0,398.0,416.0,466.0,482.0,495.0,508.0,554.0,571.0,627.0,651.0,713.0,757.0,801.0,823.0,935.0,979.0,992.0,
44.0,86.0,92.0,110.0,184.0,192.0,196.0,218.0,273.0,279.0,283.0,289.0,341.0,358.0,405.0,426.0,462.0,536.0,543.0,561.0,599.0,657.0,659.0,664.0,702.0,747.0,803.0,894.0,903.0,905.0,913.0,950.0,955.0,970.0,982.0,996.0,
21.0,145.0,181.0,197.0,226.0,286.0,340.0,353.0,356.0,421.0,471.0,473.0,500.0,502.0,578.0,598.0,659.0,714.0,724.0,766.0,860.0,860.0,897.0,912.0,914.0,937.0,958.0,977.0,
5.0,44.0,101.0,119.0,167.0,167.0,200.0,204.0,298.0,308.0,309.0,310.0,335.0,345.0,356.0,385.0,393.0,402.0,543.0,549.0,569.0,584.0,601.0,627.0,651.0,658.0,684.0,696.0,698.0,700.0,715.0,763.0,782.0,791.0,799.0,804.0,819.0,867.0,883.0,891.0,925.0,934.0,980.0,982.0,985.0,
58.0,70.0,72.0,80.0,173.0,179.0,181.0,198.0,207.0,208.0,258.0,261.0,263.0,268.0,279.0,291.0,316.0,328.0,356.0,372.0,428.0,441.0,444.0,475.0,499.0,512.0,520.0,522.0,612.0,627.0,643.0,730.0,813.0,836.0,898.0,920.0,
53.0,77.0,98.0,120.0,144.0,171.0,253.0,310.0,383.0,438.0,451.0,488.0,517.0,528.0,552.0,554.0,565.0,625.0,645.0,665.0,856.0,908.0,
20.0,60.0,86.0,122.0,128.0,179.0,182.0,195.0,234.0,289.0,338.0,344.0,345.0,345.0,367.0,387.0,392.0,431.0,455.0,483.0,522.0,534.0,535.0,538.0,538.0,540.0,541.0,542.0,544.0,545.0,547.0,552.0,558.0,564.0,569.0,577.0,581.0,595.0,596.0,612.0,621.0,626.0,641.0,642.0,649.0,650.0,660.0,661.0,682.0,709.0,714.0,717.0,727.0,732.0,733.0,738.0,762.0,790.0,799.0,814.0,824.0,827.0,856.0,856.0,884.0,899.0,903.0,918.0,926.0,931.0,935.0,962.0,963.0,973.0,996.0,
18.0,40.0,57.0,58.0,88.0,103.0,130.0,140.0,152.0,158.0,161.0,164.0,218.0,225.0,249.0,253.0,273.0,292.0,345.0,378.0,415.0,532.0,537.0,539.0,547.0,549.0,549.0,550.0,559.0,564.0,568.0,577.0,579.0,580.0,585.0,585.0,586.0,605.0,609.0,633.0,637.0,643.0,644.0,644.0,645.0,655.0,656.0,692.0,694.0,767.0,840.0,849.0,876.0,926.0,943.0,956.0,1000.0,
117.0,158.0,160.0,162.0,181.0,217.0,217.0,256.0,267.0,286.0,309.0,340.0,364.0,394.0,411.0,432.0,477.0,485.0,518.0,521.0,525.0,527.0,528.0,533.0,537.0,539.0,540.0,540.0,542.0,542.0,545.0,546.0,546.0,548.0,551.0,552.0,552.0,557.0,567.0,568.0,569.0,576.0,580.0,591.0,611.0,620.0,630.0,649.0,665.0,667.0,673.0,676.0,678.0,714.0,715.0,754.0,758.0,774.0,791.0,811.0,814.0,831.0,851.0,896.0,909.0,935.0,942.0,964.0,973.0,982.0,983.0,984.0,997.0,
51.0,57.0,58.0,61.0,70.0,215.0,246.0,259.0,292.0,293.0,301.0,339.0,343.0,347.0,372.0,393.0,428.0,430.0,433.0,503.0,523.0,525.0,539.0,539.0,541.0,556.0,563.0,578.0,585.0,592.0,597.0,600.0,602.0,612.0,618.0,620.0,621.0,623.0,629.0,637.0,637.0,640.0,652.0,658.0,676.0,679.0,682.0,685.0,690.0,691.0,711.0,718.0,734.0,752.0,761.0,783.0,800.0,815.0,850.0,886.0,903.0,906.0,906.0,910.0,922.0,926.0,935.0,941.0,957.0,963.0,979.0,
25.0,42.0,56.0,62.0,80.0,93.0,114.0,127.0,173.0,174.0,198.0,202.0,220.0,228.0,265.0,283.0,327.0,338.0,351.0,392.0,404.0,421.0,441.0,447.0,502.0,509.0,529.0,530.0,539.0,542.0,543.0,555.0,557.0,558.0,562.0,566.0,595.0,595.0,596.0,596.0,601.0,602.0,602.0,610.0,617.0,619.0,623.0,636.0,645.0,662.0,702.0,711.0,716.0,718.0,725.0,733.0,734.0,739.0,759.0,774.0,805.0,833.0,846.0,872.0,875.0,877.0,883.0,890.0,892.0,901.0,976.0,987.0,990.0,
16.0,41.0,41.0,52.0,88.0,124.0,153.0,164.0,176.0,188.0,255.0,264.0,281.0,335.0,360.0,389.0,409.0,423.0,439.0,457.0,479.0,506.0,538.0,539.0,549.0,550.0,563.0,568.0,590.0,609.0,613.0,627.0,632.0,677.0,704.0,752.0,774.0,799.0,868.0,901.0,908.0,946.0,946.0,960.0,962.0,963.0,
22.0,33.0,62.0,83.0,185.0,238.0,271.0,310.0,446.0,463.0,507.0,632.0,647.0,673.0,722.0,742.0,753.0,760.0,766.0,827.0,855.0,861.0,883.0,933.0,995.0,
5.0,19.0,41.0,46.0,74.0,93.0,103.0,104.0,142.0,183.0,192.0,218.0,229.0,240.0,242.0,244.0,309.0,336.0,471.0,485.0,491.0,542.0,568.0,576.0,582.0,700.0,714.0,770.0,836.0,856.0,933.0,978.0,986.0,987.0,996.0,
105.0,181.0,183.0,216.0,280.0,331.0,332.0,343.0,348.0,470.0,529.0,531.0,536.0,567.0,587.0,617.0,737.0,766.0,806.0,880.0,898.0,
10.0,24.0,48.0,62.0,74.0,96.0,120.0,128.0,155.0,185.0,214.0,256.0,283.0,287.0,335.0,343.0,392.0,434.0,459.0,470.0,503.0,505.0,515.0,517.0,525.0,538.0,539.0,540.0,555.0,555.0,556.0,557.0,560.0,568.0,570.0,575.0,577.0,589.0,590.0,611.0,616.0,627.0,629.0,631.0,635.0,647.0,654.0,664.0,665.0,684.0,698.0,709.0,730.0,773.0,813.0,840.0,841.0,847.0,878.0,942.0,973.0,984.0,
59.0,70.0,138.0,151.0,199.0,265.0,265.0,305.0,325.0,329.0,330.0,363.0,376.0,380.0,386.0,407.0,413.0,430.0,458.0,461.0,464.0,465.0,477.0,484.0,524.0,525.0,527.0,530.0,530.0,531.0,535.0,539.0,541.0,548.0,551.0,562.0,566.0,567.0,572.0,572.0,579.0,585.0,595.0,596.0,605.0,618.0,627.0,633.0,645.0,660.0,677.0,686.0,688.0,721.0,730.0,734.0,741.0,743.0,746.0,751.0,763.0,763.0,778.0,779.0,786.0,809.0,826.0,830.0,857.0,858.0,868.0,877.0,883.0,884.0,894.0,973.0,975.0,992.0,
83.0,101.0,152.0,157.0,173.0,181.0,212.0,237.0,263.0,320.0,323.0,334.0,378.0,407.0,497.0,529.0,529.0,536.0,539.0,540.0,546.0,548.0,559.0,560.0,562.0,576.0,577.0,581.0,588.0,591.0,592.0,601.0,610.0,622.0,626.0,630.0,638.0,676.0,677.0,677.0,678.0,682.0,695.0,709.0,709.0,712.0,720.0,735.0,748.0,768.0,776.0,794.0,833.0,859.0,872.0,878.0,888.0,894.0,896.0,919.0,930.0,996.0,1000.0,1000.0,
28.0,45.0,56.0,85.0,102.0,103.0,110.0,113.0,153.0,167.0,173.0,176.0,196.0,227.0,257.0,267.0,311.0,324.0,352.0,386.0,404.0,439.0,449.0,464.0,515.0,524.0,527.0,533.0,538.0,539.0,539.0,564.0,573.0,576.0,577.0,585.0,587.0,588.0,619.0,621.0,629.0,634.0,637.0,641.0,645.0,679.0,680.0,685.0,691.0,712.0,722.0,728.0,736.0,743.0,749.0,796.0,814.0,857.0,857.0,862.0,875.0,877.0,877.0,881.0,907.0,928.0,936.0,961.0,962.0,984.0,
22.0,25.0,88.0,189.0,306.0,320.0,370.0,423.0,493.0,500.0,529.0,543.0,544.0,551.0,556.0,567.0,568.0,571.0,572.0,578.0,583.0,585.0,588.0,597.0,602.0,618.0,634.0,641.0,641.0,652.0,658.0,659.0,669.0,673.0,679.0,684.0,686.0,687.0,708.0,714.0,751.0,791.0,800.0,808.0,817.0,825.0,836.0,839.0,860.0,908.0,940.0,946.0,950.0,960.0,971.0,
11.0,32.0,37.0,43.0,50.0,62.0,114.0,124.0,154.0,161.0,185.0,298.0,365.0,380.0,387.0,389.0,408.0,421.0,429.0,434.0,479.0,522.0,532.0,533.0,533.0,537.0,539.0,542.0,563.0,565.0,573.0,575.0,575.0,590.0,596.0,597.0,601.0,624.0,644.0,646.0,652.0,662.0,671.0,673.0,673.0,706.0,758.0,766.0,766.0,781.0,782.0,796.0,807.0,814.0,884.0,890.0,894.0,894.0,901.0,903.0,917.0,927.0,927.0,937.0,946.0,967.0,967.0,982.0,987.0,987.0,
43.0,60.0,68.0,187.0,223.0,232.0,257.0,298.0,327.0,328.0,357.0,368.0,399.0,447.0,455.0,457.0,526.0,535.0,538.0,545.0,555.0,556.0,559.0,563.0,564.0,565.0,569.0,574.0,595.0,603.0,605.0,613.0,615.0,630.0,643.0,646.0,676.0,683.0,694.0,694.0,703.0,736.0,774.0,789.0,801.0,827.0,852.0,913.0,924.0,932.0,933.0,938.0,955.0,963.0,
4.0,26.0,43.0,46.0,51.0,61.0,83.0,110.0,112.0,119.0,119.0,122.0,158.0,160.0,169.0,170.0,188.0,191.0,300.0,322.0,323.0,366.0,382.0,386.0,405.0,452.0,520.0,532.0,552.0,639.0,658.0,742.0,753.0,805.0,845.0,852.0,893.0,
16.0,29.0,54.0,93.0,105.0,110.0,129.0,134.0,173.0,174.0,186.0,189.0,191.0,205.0,217.0,323.0,373.0,401.0,502.0,523.0,536.0,541.0,541.0,611.0,653.0,704.0,725.0,746.0,755.0,776.0,988.0,
16.0,26.0,38.0,97.0,135.0,136.0,137.0,152.0,291.0,298.0,305.0,323.0,367.0,392.0,416.0,428.0,468.0,501.0,504.0,541.0,545.0,643.0,664.0,670.0,696.0,730.0,733.0,796.0,829.0,831.0,880.0,893.0,
4.0,14.0,20.0,54.0,68.0,87.0,89.0,91.0,184.0,205.0,217.0,249.0,304.0,338.0,375.0,388.0,404.0,409.0,416.0,492.0,520.0,521.0,530.0,534.0,543.0,548.0,552.0,553.0,556.0,557.0,558.0,560.0,560.0,561.0,565.0,568.0,570.0,594.0,596.0,602.0,607.0,620.0,621.0,640.0,644.0,651.0,666.0,669.0,674.0,675.0,679.0,694.0,701.0,707.0,732.0,733.0,767.0,785.0,788.0,792.0,803.0,808.0,811.0,853.0,854.0,870.0,877.0,889.0,892.0,896.0,905.0,905.0,909.0,917.0,936.0,972.0,973.0,977.0,
46.0,74.0,97.0,102.0,147.0,185.0,201.0,234.0,240.0,254.0,284.0,301.0,314.0,348.0,366.0,368.0,372.0,383.0,416.0,419.0,434.0,453.0,495.0,513.0,518.0,520.0,523.0,532.0,545.0,546.0,547.0,547.0,550.0,553.0,555.0,562.0,565.0,568.0,573.0,576.0,583.0,586.0,589.0,592.0,597.0,602.0,606.0,628.0,630.0,631.0,703.0,716.0,722.0,752.0,753.0,760.0,771.0,832.0,853.0,854.0,870.0,873.0,928.0,955.0,959.0,979.0,980.0,
23.0,29.0,46.0,79.0,80.0,88.0,235.0,276.0,286.0,357.0,386.0,400.0,408.0,418.0,429.0,486.0,511.0,519.0,519.0,526.0,527.0,535.0,545.0,547.0,552.0,553.0,555.0,555.0,565.0,566.0,575.0,579.0,580.0,581.0,583.0,584.0,586.0,590.0,595.0,595.0,600.0,602.0,603.0,619.0,620.0,632.0,683.0,686.0,689.0,691.0,718.0,728.0,729.0,733.0,748.0,764.0,768.0,776.0,777.0,780.0,827.0,874.0,885.0,932.0,939.0,942.0,943.0,944.0,980.0,999.0,
5.0,15.0,33.0,43.0,45.0,76.0,100.0,161.0,164.0,228.0,278.0,292.0,330.0,355.0,362.0,364.0,372.0,376.0,390.0,395.0,429.0,534.0,538.0,541.0,547.0,548.0,551.0,554.0,563.0,583.0,585.0,592.0,600.0,603.0,619.0,620.0,631.0,641.0,643.0,654.0,706.0,714.0,728.0,737.0,752.0,764.0,828.0,843.0,849.0,870.0,901.0,931.0,948.0,953.0,970.0,976.0,986.0,
14.0,32.0,34.0,89.0,100.0,104.0,164.0,180.0,231.0,264.0,276.0,276.0,286.0,296.0,342.0,353.0,355.0,398.0,402.0,415.0,415.0,423.0,424.0,443.0,458.0,523.0,539.0,544.0,557.0,559.0,560.0,561.0,562.0,567.0,588.0,591.0,591.0,598.0,603.0,609.0,626.0,628.0,630.0,634.0,640.0,656.0,659.0,671.0,682.0,684.0,693.0,704.0,714.0,745.0,753.0,763.0,799.0,806.0,836.0,837.0,935.0,952.0,973.0,988.0,
13.0,51.0,77.0,97.0,135.0,153.0,222.0,242.0,327.0,399.0,400.0,425.0,439.0,483.0,505.0,518.0,523.0,526.0,529.0,530.0,541.0,547.0,555.0,566.0,567.0,567.0,567.0,569.0,573.0,582.0,598.0,605.0,607.0,620.0,621.0,626.0,631.0,645.0,649.0,650.0,660.0,660.0,678.0,736.0,741.0,749.0,783.0,790.0,809.0,848.0,895.0,896.0,897.0,906.0,913.0,930.0,945.0,972.0,991.0,1000.0,
19.0,82.0,92.0,102.0,121.0,195.0,199.0,207.0,254.0,257.0,268.0,274.0,283.0,381.0,384.0,392.0,402.0,407.0,420.0,433.0,453.0,486.0,501.0,513.0,514.0,525.0,525.0,527.0,532.0,535.0,538.0,541.0,543.0,548.0,548.0,549.0,557.0,558.0,559.0,561.0,577.0,579.0,586.0,588.0,593.0,593.0,594.0,598.0,606.0,615.0,618.0,620.0,623.0,624.0,628.0,634.0,658.0,662.0,664.0,672.0,674.0,699.0,702.0,712.0,739.0,754.0,763.0,781.0,814.0,820.0,832.0,838.0,848.0,860.0,860.0,866.0,871.0,877.0,879.0,901.0,902.0,917.0,929.0,952.0,965.0,969.0,984.0,990.0,
4.0,30.0,107.0,124.0,128.0,176.0,259.0,287.0,290.0,336.0,371.0,379.0,383.0,404.0,408.0,423.0,427.0,430.0,435.0,468.0,471.0,485.0,514.0,521.0,547.0,548.0,549.0,578.0,581.0,605.0,624.0,625.0,633.0,649.0,662.0,698.0,735.0,786.0,793.0,802.0,808.0,814.0,815.0,842.0,864.0,867.0,870.0,876.0,945.0,962.0,970.0,987.0,
15.0,41.0,66.0,74.0,83.0,106.0,195.0,203.0,220.0,220.0,252.0,270.0,271.0,294.0,296.0,369.0,392.0,397.0,423.0,447.0,449.0,495.0,525.0,539.0,562.0,585.0,617.0,662.0,713.0,739.0,800.0,824.0,835.0,882.0,882.0,899.0,963.0,
19.0,42.0,120.0,159.0,162.0,171.0,182.0,196.0,199.0,229.0,282.0,294.0,323.0,357.0,365.0,500.0,517.0,519.0,538.0,549.0,559.0,564.0,622.0,627.0,630.0,638.0,640.0,727.0,759.0,771.0,786.0,808.0,826.0,829.0,860.0,862.0,867.0,880.0,914.0,950.0,977.0,
70.0,79.0,93.0,99.0,136.0,182.0,199.0,200.0,240.0,248.0,259.0,271.0,287.0,372.0,390.0,439.0,456.0,470.0,516.0,546.0,546.0,552.0,561.0,562.0,562.0,564.0,565.0,580.0,586.0,588.0,593.0,594.0,604.0,622.0,622.0,632.0,680.0,681.0,716.0,723.0,762.0,795.0,811.0,831.0,870.0,875.0,880.0,881.0,906.0,912.0,913.0,918.0,927.0,937.0,970.0,997.0,
23.0,35.0,60.0,76.0,77.0,205.0,249.0,263.0,271.0,273.0,288.0,335.0,340.0,352.0,356.0,361.0,368.0,389.0,395.0,449.0,450.0,478.0,492.0,511.0,511.0,518.0,520.0,522.0,536.0,541.0,545.0,561.0,561.0,581.0,582.0,598.0,600.0,604.0,610.0,611.0,616.0,623.0,626.0,637.0,669.0,685.0,702.0,713.0,730.0,735.0,747.0,752.0,760.0,772.0,780.0,783.0,783.0,784.0,788.0,788.0,794.0,813.0,819.0,837.0,873.0,930.0,959.0,960.0,964.0,966.0,979.0,984.0,
14.0,37.0,81.0,94.0,95.0,107.0,148.0,153.0,157.0,171.0,214.0,234.0,239.0,250.0,310.0,393.0,398.0,444.0,446.0,490.0,525.0,528.0,530.0,536.0,540.0,544.0,545.0,546.0,555.0,562.0,565.0,569.0,569.0,578.0,579.0,597.0,601.0,603.0,613.0,626.0,633.0,636.0,636.0,638.0,641.0,644.0,654.0,661.0,666.0,666.0,674.0,691.0,692.0,700.0,732.0,745.0,751.0,752.0,753.0,776.0,805.0,829.0,835.0,840.0,846.0,858.0,873.0,874.0,882.0,900.0,914.0,922.0,936.0,936.0,939.0,941.0,944.0,959.0,995.0,
26.0,64.0,65.0,109.0,136.0,182.0,191.0,212.0,236.0,280.0,297.0,383.0,411.0,513.0,538.0,545.0,546.0,546.0,548.0,549.0,550.0,550.0,554.0,555.0,563.0,567.0,568.0,571.0,574.0,590.0,590.0,594.0,609.0,612.0,624.0,625.0,631.0,632.0,638.0,638.0,646.0,650.0,651.0,653.0,658.0,660.0,661.0,665.0,681.0,690.0,735.0,848.0,849.0,870.0,885.0,893.0,908.0,912.0,925.0,931.0,940.0,946.0,952.0,958.0,975.0,977.0,977.0,980.0,
8.0,51.0,53.0,111.0,116.0,123.0,139.0,154.0,166.0,180.0,247.0,272.0,304.0,321.0,389.0,398.0,418.0,455.0,461.0,471.0,486.0,526.0,537.0,539.0,542.0,548.0,550.0,553.0,554.0,557.0,560.0,560.0,579.0,587.0,593.0,594.0,601.0,612.0,615.0,627.0,652.0,655.0,655.0,661.0,677.0,681.0,687.0,691.0,693.0,705.0,717.0,728.0,747.0,824.0,847.0,899.0,926.0,933.0,966.0,984.0,987.0,998.0,
9.0,24.0,27.0,29.0,49.0,84.0,106.0,107.0,226.0,231.0,240.0,274.0,327.0,378.0,481.0,490.0,509.0,523.0,523.0,526.0,529.0,534.0,543.0,545.0,546.0,549.0,553.0,557.0,560.0,561.0,567.0,570.0,572.0,596.0,601.0,603.0,620.0,623.0,637.0,638.0,693.0,699.0,705.0,711.0,728.0,744.0,753.0,800.0,804.0,811.0,830.0,851.0,853.0,859.0,892.0,963.0,
79.0,87.0,114.0,221.0,225.0,277.0,289.0,300.0,310.0,318.0,343.0,346.0,363.0,380.0,422.0,506.0,523.0,527.0,527.0,531.0,531.0,539.0,539.0,552.0,556.0,563.0,568.0,570.0,581.0,582.0,584.0,617.0,617.0,622.0,622.0,623.0,642.0,646.0,663.0,665.0,666.0,685.0,703.0,708.0,709.0,714.0,766.0,772.0,790.0,791.0,796.0,796.0,823.0,825.0,833.0,850.0,860.0,877.0,884.0,899.0,911.0,932.0,951.0,954.0,956.0,981.0,987.0,991.0,995.0,1000.0,
61.0,105.0,125.0,141.0,143.0,147.0,152.0,157.0,208.0,215.0,236.0,240.0,251.0,252.0,262.0,265.0,285.0,287.0,318.0,323.0,363.0,393.0,396.0,396.0,519.0,530.0,536.0,540.0,542.0,543.0,548.0,574.0,591.0,598.0,616.0,637.0,641.0,646.0,651.0,658.0,666.0,676.0,709.0,719.0,727.0,766.0,768.0,824.0,847.0,871.0,885.0,902.0,941.0,957.0,
9.0,10.0,132.0,157.0,170.0,200.0,215.0,220.0,228.0,234.0,255.0,288.0,308.0,328.0,348.0,407.0,413.0,423.0,456.0,457.0,459.0,479.0,574.0,650.0,693.0,807.0,863.0,971.0,976.0,
20.0,23.0,58.0,81.0,81.0,90.0,131.0,192.0,202.0,300.0,311.0,326.0,362.0,378.0,383.0,408.0,429.0,461.0,539.0,539.0,547.0,548.0,553.0,554.0,557.0,574.0,580.0,611.0,650.0,716.0,730.0,732.0,739.0,747.0,761.0,771.0,858.0,893.0,943.0,952.0,957.0,
39.0,61.0,107.0,132.0,167.0,177.0,209.0,214.0,243.0,251.0,266.0,299.0,344.0,348.0,357.0,413.0,470.0,479.0,529.0,533.0,541.0,542.0,542.0,548.0,551.0,552.0,559.0,570.0,587.0,593.0,613.0,621.0,626.0,639.0,660.0,663.0,663.0,665.0,666.0,672.0,685.0,685.0,693.0,700.0,709.0,719.0,737.0,752.0,762.0,826.0,854.0,865.0,909.0,911.0,931.0,946.0,969.0,980.0,987.0,988.0,
13.0,89.0,98.0,130.0,133.0,166.0,167.0,170.0,199.0,274.0,276.0,315.0,323.0,349.0,361.0,435.0,447.0,477.0,519.0,521.0,522.0,532.0,535.0,537.0,542.0,544.0,553.0,554.0,557.0,559.0,565.0,577.0,580.0,582.0,590.0,599.0,599.0,604.0,606.0,619.0,639.0,646.0,675.0,676.0,679.0,693.0,694.0,694.0,700.0,735.0,740.0,754.0,777.0,794.0,808.0,841.0,881.0,885.0,898.0,908.0,912.0,925.0,936.0,946.0,979.0,981.0,
40.0,45.0,202.0,207.0,211.0,244.0,245.0,274.0,277.0,328.0,334.0,416.0,421.0,493.0,501.0,522.0,525.0,526.0,533.0,533.0,535.0,538.0,542.0,552.0,557.0,558.0,560.0,570.0,574.0,575.0,578.0,584.0,584.0,587.0,588.0,592.0,596.0,605.0,617.0,619.0,639.0,658.0,670.0,676.0,677.0,680.0,702.0,707.0,769.0,771.0,779.0,787.0,805.0,807.0,810.0,817.0,835.0,856.0,874.0,878.0,908.0,916.0,949.0,952.0,970.0,974.0,979.0,
59.0,70.0,136.0,149.0,155.0,200.0,234.0,263.0,292.0,307.0,329.0,358.0,442.0,478.0,487.0,518.0,536.0,537.0,539.0,539.0,551.0,559.0,559.0,573.0,576.0,581.0,582.0,582.0,594.0,603.0,604.0,619.0,623.0,631.0,635.0,636.0,649.0,653.0,663.0,673.0,685.0,690.0,690.0,703.0,703.0,708.0,711.0,726.0,768.0,803.0,821.0,827.0,853.0,872.0,883.0,893.0,942.0,943.0,952.0,967.0,971.0,
2.0,89.0,90.0,96.0,101.0,114.0,194.0,204.0,248.0,258.0,288.0,351.0,351.0,361.0,373.0,377.0,388.0,468.0,469.0,481.0,481.0,517.0,530.0,530.0,541.0,546.0,552.0,553.0,554.0,557.0,558.0,560.0,570.0,575.0,577.0,584.0,584.0,588.0,590.0,603.0,605.0,610.0,617.0,624.0,626.0,639.0,641.0,645.0,647.0,650.0,654.0,655.0,659.0,663.0,668.0,669.0,689.0,699.0,716.0,737.0,750.0,765.0,778.0,781.0,825.0,830.0,833.0,849.0,850.0,854.0,854.0,865.0,886.0,913.0,923.0,958.0,
8.0,22.0,52.0,71.0,76.0,121.0,157.0,158.0,161.0,170.0,182.0,191.0,204.0,207.0,209.0,236.0,240.0,315.0,316.0,335.0,339.0,349.0,389.0,447.0,448.0,451.0,456.0,460.0,511.0,511.0,517.0,524.0,530.0,537.0,540.0,543.0,561.0,561.0,567.0,577.0,592.0,594.0,617.0,622.0,622.0,645.0,647.0,655.0,656.0,661.0,679.0,684.0,688.0,703.0,730.0,761.0,782.0,793.0,816.0,840.0,863.0,888.0,895.0,907.0,922.0,945.0,1000.0,
43.0,43.0,69.0,125.0,139.0,160.0,192.0,269.0,349.0,436.0,464.0,486.0,501.0,510.0,515.0,530.0,534.0,537.0,543.0,543.0,553.0,554.0,555.0,564.0,575.0,576.0,600.0,603.0,611.0,612.0,614.0,618.0,629.0,645.0,648.0,653.0,667.0,686.0,690.0,695.0,704.0,710.0,718.0,733.0,744.0,746.0,760.0,761.0,764.0,767.0,778.0,789.0,791.0,804.0,808.0,811.0,811.0,839.0,851.0,853.0,857.0,868.0,884.0,891.0,896.0,939.0,946.0,957.0,960.0,986.0,
57.0,72.0,88.0,101.0,115.0,124.0,140.0,146.0,147.0,170.0,248.0,316.0,349.0,353.0,370.0,371.0,377.0,391.0,405.0,467.0,478.0,481.0,482.0,510.0,550.0,552.0,562.0,571.0,614.0,626.0,631.0,648.0,651.0,662.0,744.0,748.0,756.0,777.0,801.0,820.0,823.0,863.0,895.0,900.0,908.0,930.0,
67.0,87.0,158.0,163.0,167.0,168.0,249.0,270.0,279.0,291.0,298.0,329.0,352.0,419.0,487.0,497.0,520.0,536.0,607.0,756.0,807.0,870.0,877.0,899.0,915.0,944.0,955.0,974.0,
8.0,138.0,141.0,161.0,166.0,170.0,251.0,336.0,378.0,387.0,426.0,444.0,460.0,481.0,501.0,520.0,538.0,547.0,567.0,588.0,605.0,720.0,840.0,878.0,910.0,912.0,975.0,
26.0,51.0,90.0,134.0,202.0,205.0,239.0,260.0,261.0,273.0,337.0,341.0,357.0,410.0,413.0,448.0,450.0,466.0,475.0,483.0,492.0,492.0,510.0,530.0,535.0,535.0,539.0,543.0,547.0,549.0,550.0,556.0,556.0,561.0,566.0,571.0,578.0,585.0,593.0,594.0,604.0,610.0,611.0,621.0,624.0,628.0,657.0,663.0,666.0,692.0,694.0,722.0,784.0,785.0,797.0,804.0,828.0,851.0,889.0,908.0,931.0,938.0,952.0,993.0,999.0,
26.0,47.0,95.0,108.0,108.0,136.0,157.0,161.0,269.0,281.0,300.0,306.0,309.0,403.0,442.0,449.0,470.0,509.0,519.0,531.0,532.0,533.0,533.0,533.0,537.0,539.0,541.0,549.0,558.0,566.0,571.0,574.0,578.0,585.0,587.0,588.0,605.0,617.0,620.0,621.0,625.0,628.0,638.0,661.0,680.0,680.0,690.0,691.0,716.0,723.0,727.0,749.0,752.0,756.0,769.0,772.0,790.0,815.0,851.0,863.0,864.0,917.0,957.0,958.0,972.0,983.0,985.0,987.0,993.0,
5.0,35.0,77.0,92.0,97.0,121.0,123.0,142.0,145.0,155.0,201.0,237.0,242.0,260.0,261.0,274.0,386.0,394.0,425.0,467.0,524.0,535.0,538.0,539.0,541.0,542.0,546.0,548.0,548.0,549.0,550.0,554.0,562.0,565.0,566.0,574.0,578.0,580.0,581.0,588.0,595.0,604.0,606.0,607.0,608.0,609.0,617.0,618.0,657.0,668.0,691.0,722.0,725.0,729.0,751.0,787.0,791.0,793.0,794.0,825.0,837.0,848.0,876.0,879.0,882.0,885.0,888.0,903.0,938.0,945.0,951.0,964.0,973.0,
59.0,72.0,93.0,107.0,145.0,147.0,153.0,158.0,236.0,236.0,273.0,280.0,286.0,311.0,367.0,445.0,512.0,514.0,518.0,527.0,532.0,535.0,536.0,537.0,537.0,538.0,539.0,541.0,553.0,556.0,557.0,562.0,564.0,575.0,583.0,592.0,595.0,597.0,610.0,612.0,621.0,636.0,641.0,647.0,650.0,651.0,665.0,667.0,671.0,672.0,688.0,706.0,718.0,730.0,743.0,761.0,769.0,779.0,781.0,791.0,799.0,808.0,827.0,834.0,855.0,871.0,907.0,914.0,918.0,932.0,947.0,948.0,955.0,995.0,
20.0,32.0,51.0,54.0,59.0,75.0,78.0,142.0,147.0,151.0,154.0,180.0,185.0,241.0,282.0,336.0,381.0,389.0,402.0,419.0,452.0,460.0,462.0,501.0,510.0,522.0,529.0,536.0,543.0,545.0,545.0,549.0,550.0,552.0,563.0,565.0,567.0,568.0,571.0,573.0,575.0,595.0,597.0,603.0,609.0,613.0,617.0,625.0,636.0,649.0,657.0,680.0,691.0,692.0,703.0,706.0,744.0,749.0,767.0,768.0,778.0,796.0,821.0,860.0,862.0,871.0,885.0,897.0,899.0,909.0,915.0,926.0,948.0,955.0,961.0,978.0,997.0,999.0,
18.0,44.0,62.0,63.0,74.0,93.0,123.0,226.0,268.0,363.0,363.0,452.0,475.0,515.0,521.0,523.0,542.0,547.0,555.0,565.0,585.0,586.0,586.0,605.0,627.0,633.0,634.0,657.0,668.0,674.0,675.0,681.0,684.0,691.0,720.0,727.0,735.0,736.0,744.0,753.0,772.0,775.0,842.0,846.0,854.0,862.0,868.0,879.0,915.0,921.0,934.0,938.0,940.0,952.0,953.0,983.0,986.0,991.0,
23.0,24.0,64.0,74.0,84.0,145.0,191.0,208.0,212.0,222.0,223.0,225.0,267.0,278.0,286.0,323.0,327.0,367.0,387.0,434.0,454.0,468.0,487.0,515.0,527.0,529.0,538.0,540.0,561.0,570.0,577.0,580.0,583.0,585.0,589.0,599.0,600.0,601.0,602.0,614.0,618.0,625.0,631.0,638.0,639.0,643.0,693.0,742.0,752.0,757.0,807.0,840.0,876.0,910.0,920.0,923.0,926.0,939.0,979.0,979.0,
63.0,87.0,92.0,119.0,189.0,222.0,226.0,256.0,272.0,316.0,355.0,358.0,395.0,440.0,465.0,479.0,484.0,499.0,513.0,527.0,547.0,547.0,549.0,549.0,550.0,578.0,593.0,612.0,632.0,669.0,672.0,678.0,688.0,755.0,841.0,850.0,859.0,880.0,
176.0,188.0,193.0,216.0,226.0,256.0,277.0,316.0,367.0,379.0,405.0,461.0,476.0,500.0,511.0,545.0,558.0,602.0,605.0,631.0,733.0,762.0,765.0,808.0,903.0,904.0,922.0,956.0,959.0,976.0,
18.0,35.0,102.0,204.0,237.0,251.0,259.0,267.0,300.0,336.0,385.0,468.0,488.0,512.0,540.0,568.0,602.0,623.0,688.0,844.0,886.0,889.0,913.0,985.0,
12.0,24.0,37.0,163.0,163.0,176.0,233.0,289.0,296.0,307.0,331.0,354.0,399.0,414.0,545.0,558.0,577.0,607.0,634.0,681.0,750.0,776.0,799.0,820.0,832.0,854.0,862.0,879.0,909.0,940.0,970.0,
12.0,14.0,28.0,44.0,142.0,166.0,180.0,197.0,199.0,262.0,307.0,310.0,381.0,384.0,399.0,435.0,439.0,475.0,500.0,520.0,526.0,531.0,533.0,537.0,537.0,538.0,539.0,555.0,555.0,558.0,560.0,564.0,565.0,566.0,570.0,587.0,589.0,590.0,607.0,612.0,641.0,651.0,651.0,666.0,670.0,687.0,687.0,709.0,718.0,738.0,751.0,755.0,756.0,780.0,789.0,801.0,804.0,810.0,813.0,814.0,820.0,839.0,888.0,911.0,934.0,963.0,984.0,985.0,992.0,
22.0,32.0,48.0,79.0,80.0,81.0,94.0,139.0,139.0,143.0,157.0,179.0,189.0,249.0,268.0,307.0,320.0,332.0,350.0,367.0,380.0,386.0,394.0,401.0,429.0,435.0,466.0,470.0,478.0,485.0,522.0,525.0,527.0,533.0,550.0,559.0,561.0,564.0,566.0,573.0,579.0,581.0,586.0,589.0,596.0,600.0,602.0,604.0,606.0,610.0,623.0,631.0,634.0,647.0,653.0,659.0,660.0,675.0,682.0,683.0,689.0,749.0,751.0,761.0,768.0,773.0,789.0,800.0,807.0,874.0,886.0,899.0,902.0,904.0,958.0,960.0,982.0,988.0,991.0,
14.0,16.0,48.0,48.0,61.0,108.0,196.0,215.0,229.0,321.0,331.0,436.0,452.0,492.0,498.0,521.0,526.0,527.0,536.0,538.0,543.0,560.0,561.0,563.0,563.0,572.0,573.0,578.0,579.0,586.0,587.0,588.0,590.0,590.0,599.0,599.0,608.0,609.0,612.0,615.0,642.0,645.0,646.0,651.0,652.0,667.0,681.0,683.0,691.0,701.0,703.0,712.0,734.0,736.0,740.0,746.0,758.0,778.0,815.0,817.0,856.0,861.0,864.0,868.0,883.0,891.0,900.0,932.0,948.0,954.0,956.0,960.0,968.0,972.0,984.0,
13.0,30.0,39.0,121.0,148.0,186.0,190.0,197.0,199.0,209.0,234.0,264.0,320.0,323.0,361.0,367.0,386.0,410.0,462.0,476.0,489.0,513.0,519.0,522.0,523.0,527.0,528.0,528.0,536.0,538.0,540.0,547.0,550.0,552.0,565.0,571.0,576.0,581.0,582.0,586.0,591.0,592.0,592.0,603.0,607.0,610.0,612.0,621.0,621.0,623.0,657.0,664.0,666.0,671.0,695.0,718.0,724.0,743.0,743.0,753.0,768.0,775.0,779.0,791.0,798.0,819.0,822.0,825.0,885.0,910.0,912.0,912.0,937.0,946.0,964.0,981.0,984.0,991.0,
31.0,36.0,75.0,100.0,107.0,143.0,188.0,192.0,226.0,237.0,253.0,332.0,351.0,396.0,402.0,437.0,452.0,470.0,485.0,486.0,506.0,532.0,534.0,538.0,544.0,550.0,556.0,560.0,566.0,575.0,583.0,584.0,592.0,600.0,612.0,621.0,634.0,644.0,645.0,654.0,676.0,680.0,682.0,689.0,689.0,733.0,768.0,873.0,916.0,928.0,957.0,986.0,987.0,
48.0,131.0,198.0,274.0,341.0,372.0,470.0,519.0,567.0,570.0,576.0,579.0,593.0,602.0,687.0,732.0,782.0,783.0,784.0,792.0,857.0,905.0,917.0,950.0,974.0,
5.0,8.0,113.0,125.0,162.0,212.0,215.0,231.0,243.0,257.0,306.0,367.0,372.0,438.0,447.0,466.0,528.0,545.0,546.0,566.0,567.0,576.0,664.0,664.0,692.0,745.0,771.0,789.0,814.0,916.0,945.0,
47.0,59.0,96.0,124.0,180.0,181.0,289.0,294.0,298.0,403.0,417.0,421.0,438.0,475.0,477.0,519.0,565.0,573.0,603.0,674.0,695.0,797.0,802.0,818.0,887.0,889.0,915.0,932.0,954.0,973.0,
4.0,39.0,99.0,106.0,107.0,134.0,168.0,181.0,204.0,230.0,280.0,281.0,291.0,310.0,377.0,402.0,404.0,434.0,467.0,473.0,514.0,519.0,521.0,546.0,573.0,593.0,605.0,620.0,635.0,679.0,695.0,727.0,731.0,765.0,805.0,823.0,849.0,853.0,949.0,958.0,974.0,979.0,986.0,
22.0,53.0,56.0,68.0,93.0,106.0,160.0,182.0,190.0,225.0,250.0,292.0,294.0,318.0,326.0,327.0,337.0,362.0,409.0,430.0,469.0,476.0,487.0,501.0,504.0,510.0,511.0,532.0,569.0,604.0,648.0,762.0,783.0,786.0,810.0,824.0,831.0,845.0,962.0,970.0,975.0,
4.0,17.0,67.0,69.0,87.0,101.0,112.0,113.0,121.0,137.0,143.0,160.0,218.0,253.0,373.0,433.0,479.0,507.0,510.0,514.0,538.0,637.0,650.0,698.0,700.0,702.0,813.0,868.0,904.0,907.0,943.0,979.0,
15.0,49.0,84.0,90.0,114.0,154.0,188.0,201.0,203.0,215.0,221.0,236.0,249.0,264.0,273.0,292.0,325.0,366.0,405.0,423.0,478.0,486.0,533.0,533.0,534.0,552.0,552.0,558.0,574.0,589.0,624.0,635.0,638.0,690.0,695.0,720.0,739.0,746.0,798.0,842.0,903.0,908.0,923.0,935.0,
10.0,29.0,64.0,76.0,90.0,91.0,163.0,175.0,213.0,237.0,295.0,314.0,317.0,349.0,363.0,380.0,421.0,428.0,506.0,520.0,525.0,530.0,537.0,547.0,582.0,601.0,609.0,620.0,709.0,727.0,759.0,784.0,810.0,824.0,828.0,831.0,902.0,913.0,935.0,955.0,959.0,965.0,980.0,982.0,
30.0,54.0,85.0,176.0,183.0,248.0,258.0,259.0,262.0,285.0,299.0,300.0,316.0,336.0,355.0,376.0,396.0,401.0,403.0,410.0,446.0,484.0,486.0,517.0,533.0,540.0,541.0,552.0,556.0,616.0,642.0,649.0,658.0,776.0,812.0,829.0,853.0,877.0,899.0,903.0,916.0,918.0,941.0,
41.0,44.0,69.0,73.0,103.0,115.0,119.0,126.0,229.0,243.0,272.0,340.0,360.0,385.0,390.0,422.0,433.0,492.0,495.0,509.0,549.0,550.0,552.0,568.0,590.0,595.0,618.0,649.0,662.0,697.0,719.0,751.0,789.0,792.0,804.0,864.0,927.0,
29.0,81.0,112.0,120.0,120.0,156.0,160.0,167.0,241.0,249.0,291.0,341.0,409.0,487.0,516.0,537.0,543.0,586.0,590.0,630.0,630.0,669.0,674.0,700.0,724.0,802.0,807.0,807.0,847.0,850.0,859.0,864.0,876.0,1000.0,
7.0,54.0,60.0,96.0,153.0,201.0,217.0,238.0,243.0,377.0,377.0,378.0,390.0,473.0,473.0,506.0,538.0,542.0,545.0,579.0,584.0,617.0,629.0,649.0,742.0,775.0,785.0,800.0,857.0,863.0,873.0,874.0,881.0,897.0,921.0,937.0,980.0,
