14.0,57.0,58.0,138.0,153.0,198.0,201.0,220.0,266.0,329.0,359.0,362.0,386.0,436.0,437.0,448.0,449.0,467.0,549.0,585.0,601.0,620.0,681.0,755.0,808.0,895.0,898.0,922.0,972.0,983.0,986.0,987.0,996.0,
27.0,46.0,58.0,112.0,151.0,162.0,189.0,211.0,227.0,242.0,248.0,262.0,264.0,273.0,333.0,373.0,378.0,457.0,469.0,478.0,502.0,531.0,547.0,548.0,562.0,568.0,622.0,680.0,704.0,727.0,781.0,826.0,867.0,919.0,950.0,
10.0,57.0,70.0,75.0,80.0,146.0,165.0,165.0,171.0,184.0,297.0,314.0,329.0,356.0,402.0,404.0,430.0,441.0,520.0,533.0,541.0,544.0,571.0,638.0,670.0,678.0,731.0,749.0,773.0,777.0,798.0,824.0,837.0,877.0,886.0,906.0,941.0,955.0,962.0,
3.0,47.0,49.0,123.0,178.0,207.0,229.0,267.0,284.0,317.0,322.0,373.0,382.0,403.0,404.0,412.0,424.0,501.0,526.0,540.0,549.0,563.0,570.0,571.0,628.0,777.0,791.0,919.0,946.0,968.0,994.0,
17.0,19.0,34.0,83.0,92.0,119.0,124.0,127.0,154.0,184.0,192.0,197.0,207.0,222.0,223.0,231.0,300.0,353.0,365.0,368.0,380.0,404.0,406.0,407.0,425.0,430.0,452.0,454.0,525.0,538.0,553.0,612.0,664.0,704.0,726.0,788.0,791.0,881.0,890.0,928.0,951.0,955.0,
14.0,22.0,73.0,75.0,79.0,96.0,101.0,144.0,155.0,179.0,225.0,290.0,299.0,317.0,324.0,336.0,364.0,395.0,415.0,435.0,461.0,480.0,516.0,518.0,529.0,545.0,564.0,583.0,593.0,655.0,670.0,741.0,741.0,743.0,803.0,807.0,815.0,835.0,848.0,855.0,866.0,917.0,956.0,957.0,987.0,987.0,
10.0,97.0,126.0,159.0,161.0,161.0,177.0,203.0,292.0,304.0,377.0,399.0,422.0,449.0,469.0,473.0,497.0,518.0,524.0,550.0,561.0,569.0,585.0,587.0,632.0,636.0,640.0,673.0,680.0,686.0,699.0,707.0,776.0,792.0,793.0,829.0,845.0,849.0,877.0,972.0,993.0,
4.0,8.0,58.0,62.0,133.0,193.0,236.0,238.0,246.0,349.0,359.0,389.0,412.0,418.0,421.0,439.0,555.0,587.0,591.0,717.0,750.0,804.0,838.0,840.0,847.0,919.0,939.0,959.0,961.0,988.0,
43.0,52.0,86.0,86.0,90.0,140.0,152.0,189.0,217.0,223.0,232.0,262.0,262.0,272.0,273.0,286.0,363.0,365.0,369.0,374.0,378.0,382.0,387.0,417.0,423.0,487.0,514.0,543.0,557.0,581.0,591.0,653.0,724.0,727.0,751.0,773.0,823.0,833.0,838.0,856.0,895.0,923.0,934.0,965.0,
3.0,64.0,65.0,115.0,118.0,119.0,122.0,156.0,164.0,222.0,237.0,297.0,307.0,334.0,337.0,339.0,351.0,372.0,375.0,421.0,486.0,532.0,592.0,602.0,603.0,627.0,662.0,668.0,705.0,718.0,762.0,798.0,835.0,857.0,877.0,884.0,939.0,995.0,
7.0,154.0,181.0,183.0,186.0,188.0,203.0,210.0,213.0,244.0,268.0,325.0,374.0,388.0,493.0,512.0,512.0,521.0,541.0,613.0,646.0,653.0,672.0,701.0,761.0,794.0,795.0,841.0,846.0,851.0,873.0,877.0,884.0,943.0,946.0,953.0,963.0,976.0,992.0,
8.0,109.0,122.0,157.0,174.0,195.0,196.0,263.0,287.0,321.0,331.0,335.0,368.0,370.0,395.0,399.0,407.0,415.0,432.0,444.0,444.0,527.0,563.0,585.0,594.0,597.0,607.0,614.0,645.0,650.0,677.0,699.0,761.0,772.0,827.0,843.0,844.0,875.0,924.0,945.0,954.0,976.0,
11.0,32.0,39.0,46.0,80.0,88.0,88.0,102.0,106.0,197.0,207.0,212.0,238.0,278.0,323.0,365.0,373.0,440.0,485.0,485.0,524.0,540.0,558.0,648.0,668.0,743.0,778.0,820.0,878.0,934.0,946.0,964.0,966.0,995.0,
95.0,128.0,181.0,218.0,224.0,235.0,245.0,284.0,295.0,302.0,320.0,355.0,396.0,515.0,517.0,523.0,534.0,540.0,552.0,553.0,559.0,573.0,581.0,583.0,589.0,593.0,606.0,607.0,612.0,613.0,623.0,628.0,635.0,648.0,659.0,673.0,674.0,679.0,688.0,690.0,693.0,752.0,772.0,851.0,862.0,862.0,864.0,868.0,884.0,901.0,928.0,928.0,929.0,942.0,963.0,968.0,969.0,987.0,
40.0,45.0,54.0,100.0,107.0,142.0,223.0,265.0,330.0,427.0,430.0,504.0,513.0,517.0,527.0,528.0,532.0,559.0,560.0,561.0,564.0,565.0,572.0,575.0,578.0,578.0,580.0,585.0,586.0,591.0,595.0,597.0,602.0,605.0,608.0,612.0,614.0,617.0,628.0,646.0,663.0,664.0,668.0,674.0,677.0,680.0,684.0,685.0,686.0,686.0,687.0,712.0,716.0,718.0,723.0,727.0,734.0,738.0,760.0,795.0,812.0,825.0,834.0,840.0,862.0,891.0,929.0,945.0,963.0,964.0,990.0,
50.0,96.0,116.0,164.0,212.0,279.0,294.0,317.0,336.0,394.0,500.0,527.0,527.0,536.0,537.0,540.0,542.0,543.0,544.0,547.0,556.0,558.0,560.0,561.0,566.0,574.0,574.0,576.0,580.0,594.0,603.0,604.0,605.0,627.0,638.0,689.0,716.0,725.0,727.0,731.0,735.0,740.0,743.0,774.0,831.0,901.0,917.0,919.0,937.0,938.0,948.0,959.0,965.0,969.0,978.0,989.0,
58.0,135.0,160.0,185.0,271.0,334.0,402.0,409.0,441.0,497.0,498.0,508.0,521.0,532.0,534.0,534.0,540.0,542.0,552.0,554.0,560.0,568.0,571.0,574.0,576.0,578.0,583.0,586.0,587.0,592.0,606.0,628.0,635.0,646.0,651.0,655.0,663.0,667.0,669.0,682.0,698.0,704.0,716.0,726.0,732.0,736.0,742.0,756.0,769.0,776.0,783.0,806.0,809.0,815.0,816.0,816.0,819.0,824.0,832.0,847.0,854.0,879.0,881.0,908.0,916.0,924.0,943.0,949.0,950.0,977.0,
5.0,38.0,51.0,171.0,172.0,195.0,212.0,257.0,300.0,300.0,346.0,349.0,361.0,383.0,389.0,465.0,499.0,520.0,526.0,560.0,561.0,562.0,591.0,598.0,611.0,657.0,677.0,679.0,681.0,704.0,750.0,759.0,769.0,787.0,811.0,827.0,834.0,838.0,895.0,901.0,984.0,985.0,986.0,999.0,
29.0,35.0,39.0,40.0,69.0,106.0,131.0,148.0,168.0,218.0,227.0,255.0,316.0,391.0,450.0,451.0,478.0,506.0,513.0,525.0,547.0,566.0,570.0,588.0,604.0,607.0,625.0,698.0,731.0,737.0,767.0,861.0,874.0,918.0,920.0,937.0,977.0,
14.0,38.0,113.0,140.0,167.0,199.0,208.0,245.0,267.0,339.0,446.0,481.0,509.0,586.0,620.0,630.0,708.0,710.0,748.0,822.0,847.0,856.0,905.0,998.0,
5.0,13.0,21.0,56.0,75.0,101.0,136.0,152.0,161.0,195.0,206.0,280.0,281.0,312.0,341.0,356.0,458.0,460.0,504.0,529.0,587.0,669.0,675.0,684.0,699.0,713.0,739.0,772.0,852.0,856.0,875.0,881.0,937.0,943.0,944.0,979.0,
28.0,60.0,185.0,222.0,243.0,261.0,331.0,349.0,423.0,451.0,464.0,471.0,517.0,522.0,529.0,545.0,579.0,597.0,608.0,614.0,624.0,635.0,635.0,678.0,695.0,703.0,703.0,739.0,744.0,744.0,760.0,814.0,889.0,913.0,931.0,972.0,
17.0,58.0,63.0,79.0,100.0,142.0,144.0,175.0,181.0,210.0,265.0,379.0,477.0,497.0,528.0,534.0,536.0,538.0,538.0,545.0,546.0,550.0,556.0,557.0,563.0,563.0,569.0,571.0,575.0,591.0,594.0,601.0,612.0,616.0,631.0,643.0,650.0,661.0,669.0,714.0,731.0,733.0,733.0,753.0,773.0,794.0,798.0,813.0,819.0,836.0,840.0,857.0,874.0,878.0,905.0,914.0,940.0,982.0,984.0,985.0,990.0,992.0,
103.0,116.0,199.0,226.0,258.0,273.0,388.0,419.0,467.0,524.0,529.0,530.0,531.0,531.0,532.0,540.0,549.0,556.0,561.0,564.0,569.0,571.0,583.0,585.0,585.0,597.0,602.0,618.0,619.0,628.0,632.0,647.0,668.0,682.0,711.0,716.0,728.0,729.0,730.0,739.0,761.0,764.0,774.0,784.0,790.0,839.0,842.0,873.0,882.0,891.0,893.0,916.0,926.0,929.0,959.0,966.0,988.0,992.0,
5.0,14.0,27.0,53.0,93.0,96.0,101.0,189.0,232.0,267.0,301.0,366.0,384.0,442.0,467.0,476.0,499.0,515.0,515.0,519.0,530.0,536.0,543.0,547.0,547.0,559.0,563.0,565.0,573.0,574.0,576.0,577.0,584.0,587.0,590.0,599.0,603.0,613.0,635.0,654.0,664.0,664.0,679.0,698.0,699.0,701.0,702.0,711.0,755.0,771.0,773.0,775.0,823.0,825.0,839.0,860.0,866.0,875.0,881.0,896.0,902.0,912.0,923.0,931.0,932.0,936.0,939.0,947.0,
57.0,59.0,59.0,71.0,79.0,204.0,249.0,271.0,289.0,294.0,294.0,313.0,356.0,393.0,417.0,417.0,516.0,543.0,546.0,551.0,551.0,555.0,557.0,560.0,569.0,583.0,584.0,590.0,601.0,614.0,616.0,640.0,649.0,685.0,707.0,715.0,716.0,723.0,766.0,789.0,789.0,795.0,799.0,823.0,831.0,836.0,838.0,868.0,894.0,899.0,906.0,908.0,927.0,930.0,936.0,937.0,941.0,
37.0,47.0,57.0,70.0,78.0,134.0,139.0,148.0,179.0,179.0,193.0,202.0,230.0,248.0,284.0,297.0,306.0,310.0,397.0,398.0,420.0,421.0,433.0,475.0,501.0,520.0,525.0,525.0,527.0,533.0,534.0,535.0,540.0,543.0,546.0,546.0,547.0,556.0,561.0,566.0,566.0,567.0,575.0,586.0,588.0,590.0,601.0,607.0,613.0,619.0,627.0,631.0,633.0,638.0,663.0,675.0,690.0,694.0,695.0,711.0,729.0,752.0,761.0,775.0,805.0,809.0,829.0,830.0,832.0,840.0,881.0,886.0,909.0,928.0,939.0,970.0,980.0,994.0,
25.0,26.0,26.0,40.0,82.0,91.0,92.0,94.0,125.0,126.0,141.0,165.0,253.0,253.0,262.0,303.0,307.0,312.0,336.0,344.0,345.0,375.0,377.0,433.0,444.0,448.0,480.0,514.0,517.0,518.0,520.0,529.0,533.0,535.0,553.0,555.0,557.0,569.0,569.0,574.0,576.0,580.0,582.0,586.0,590.0,591.0,591.0,593.0,599.0,611.0,614.0,616.0,641.0,648.0,651.0,651.0,653.0,668.0,682.0,698.0,703.0,716.0,732.0,735.0,771.0,772.0,776.0,791.0,799.0,816.0,822.0,865.0,867.0,873.0,875.0,875.0,877.0,889.0,923.0,926.0,930.0,952.0,990.0,
14.0,21.0,27.0,65.0,104.0,123.0,135.0,137.0,208.0,213.0,259.0,341.0,350.0,382.0,403.0,407.0,417.0,418.0,478.0,495.0,526.0,528.0,529.0,531.0,550.0,558.0,563.0,563.0,569.0,576.0,578.0,588.0,588.0,601.0,607.0,610.0,630.0,631.0,633.0,636.0,637.0,665.0,677.0,684.0,689.0,694.0,711.0,754.0,758.0,764.0,802.0,818.0,830.0,837.0,853.0,862.0,867.0,868.0,873.0,876.0,877.0,906.0,916.0,939.0,956.0,959.0,971.0,972.0,999.0,
32.0,58.0,80.0,82.0,85.0,90.0,91.0,101.0,115.0,133.0,220.0,273.0,289.0,303.0,316.0,327.0,339.0,366.0,396.0,401.0,429.0,450.0,454.0,483.0,499.0,519.0,527.0,577.0,596.0,601.0,647.0,661.0,697.0,707.0,708.0,859.0,861.0,869.0,916.0,920.0,959.0,995.0,
27.0,125.0,128.0,136.0,248.0,286.0,434.0,485.0,489.0,531.0,539.0,540.0,569.0,585.0,585.0,605.0,606.0,650.0,667.0,714.0,728.0,923.0,923.0,928.0,
16.0,91.0,93.0,102.0,113.0,114.0,179.0,232.0,232.0,253.0,259.0,320.0,322.0,405.0,423.0,424.0,461.0,504.0,532.0,534.0,538.0,539.0,551.0,551.0,552.0,558.0,559.0,572.0,577.0,578.0,607.0,610.0,610.0,619.0,620.0,621.0,621.0,654.0,660.0,663.0,674.0,678.0,678.0,688.0,723.0,726.0,780.0,786.0,795.0,795.0,830.0,843.0,850.0,898.0,907.0,907.0,918.0,931.0,941.0,943.0,949.0,
2.0,23.0,64.0,151.0,207.0,230.0,244.0,260.0,264.0,268.0,270.0,276.0,303.0,327.0,345.0,371.0,411.0,412.0,419.0,447.0,511.0,521.0,524.0,528.0,531.0,538.0,541.0,542.0,544.0,545.0,548.0,567.0,574.0,575.0,580.0,580.0,583.0,598.0,604.0,604.0,605.0,628.0,633.0,634.0,661.0,668.0,681.0,713.0,713.0,714.0,716.0,718.0,730.0,747.0,758.0,775.0,799.0,804.0,805.0,833.0,846.0,850.0,870.0,873.0,882.0,904.0,909.0,925.0,931.0,966.0,989.0,
11.0,27.0,138.0,147.0,278.0,297.0,324.0,335.0,364.0,368.0,368.0,378.0,458.0,486.0,491.0,511.0,515.0,518.0,521.0,527.0,529.0,532.0,533.0,537.0,539.0,545.0,566.0,572.0,572.0,574.0,588.0,595.0,596.0,598.0,608.0,616.0,624.0,652.0,659.0,667.0,668.0,677.0,683.0,687.0,715.0,743.0,751.0,752.0,798.0,810.0,820.0,830.0,850.0,858.0,863.0,872.0,874.0,876.0,934.0,951.0,978.0,980.0,985.0,995.0,996.0,1000.0,
24.0,35.0,47.0,79.0,176.0,179.0,182.0,185.0,218.0,220.0,220.0,243.0,263.0,273.0,318.0,341.0,358.0,365.0,370.0,385.0,404.0,415.0,472.0,473.0,480.0,499.0,515.0,519.0,519.0,519.0,522.0,525.0,529.0,529.0,530.0,546.0,547.0,562.0,577.0,578.0,579.0,589.0,610.0,611.0,612.0,615.0,621.0,636.0,642.0,645.0,649.0,692.0,696.0,730.0,760.0,766.0,767.0,772.0,773.0,829.0,838.0,863.0,864.0,906.0,917.0,946.0,947.0,978.0,
53.0,78.0,89.0,183.0,194.0,227.0,238.0,250.0,275.0,276.0,284.0,310.0,320.0,328.0,355.0,369.0,385.0,444.0,476.0,506.0,529.0,530.0,541.0,545.0,545.0,546.0,554.0,562.0,563.0,568.0,568.0,571.0,586.0,604.0,618.0,627.0,637.0,660.0,678.0,688.0,715.0,721.0,744.0,744.0,753.0,768.0,794.0,810.0,812.0,818.0,839.0,864.0,866.0,876.0,880.0,886.0,939.0,967.0,991.0,992.0,998.0,
13.0,43.0,49.0,63.0,67.0,76.0,80.0,87.0,89.0,103.0,141.0,186.0,186.0,200.0,320.0,320.0,335.0,352.0,383.0,467.0,505.0,508.0,511.0,526.0,531.0,534.0,536.0,538.0,566.0,568.0,570.0,576.0,577.0,584.0,584.0,592.0,592.0,608.0,622.0,625.0,627.0,629.0,631.0,640.0,645.0,647.0,656.0,658.0,682.0,722.0,735.0,738.0,741.0,754.0,755.0,756.0,760.0,786.0,793.0,814.0,827.0,856.0,856.0,873.0,882.0,884.0,899.0,908.0,942.0,943.0,946.0,947.0,957.0,959.0,976.0,999.0,
44.0,50.0,54.0,75.0,144.0,150.0,166.0,205.0,209.0,218.0,254.0,358.0,360.0,364.0,391.0,430.0,456.0,478.0,500.0,502.0,508.0,524.0,527.0,534.0,536.0,540.0,540.0,540.0,541.0,548.0,553.0,557.0,558.0,558.0,564.0,567.0,574.0,581.0,587.0,587.0,595.0,602.0,646.0,646.0,650.0,652.0,659.0,664.0,666.0,668.0,672.0,674.0,698.0,698.0,719.0,734.0,736.0,737.0,741.0,754.0,763.0,786.0,822.0,871.0,872.0,903.0,912.0,913.0,946.0,961.0,971.0,
20.0,42.0,56.0,83.0,143.0,183.0,185.0,190.0,233.0,234.0,245.0,245.0,294.0,310.0,331.0,332.0,349.0,385.0,395.0,421.0,478.0,503.0,516.0,536.0,537.0,544.0,549.0,549.0,556.0,560.0,564.0,569.0,569.0,570.0,572.0,579.0,586.0,588.0,596.0,605.0,606.0,608.0,608.0,613.0,622.0,631.0,633.0,634.0,638.0,648.0,652.0,666.0,669.0,672.0,673.0,686.0,705.0,736.0,781.0,801.0,817.0,822.0,840.0,843.0,859.0,883.0,889.0,890.0,892.0,896.0,904.0,904.0,926.0,956.0,963.0,975.0,997.0,
43.0,56.0,59.0,61.0,130.0,148.0,174.0,209.0,221.0,302.0,315.0,362.0,375.0,391.0,392.0,400.0,411.0,426.0,427.0,431.0,451.0,512.0,523.0,527.0,528.0,533.0,537.0,546.0,549.0,552.0,553.0,554.0,555.0,556.0,565.0,567.0,570.0,571.0,571.0,578.0,580.0,592.0,595.0,599.0,608.0,609.0,613.0,628.0,630.0,630.0,639.0,640.0,655.0,665.0,694.0,700.0,702.0,711.0,718.0,726.0,731.0,756.0,758.0,797.0,816.0,846.0,888.0,899.0,964.0,975.0,996.0,1000.0,
16.0,70.0,101.0,111.0,240.0,292.0,301.0,307.0,317.0,329.0,337.0,348.0,355.0,382.0,426.0,449.0,492.0,523.0,539.0,547.0,548.0,592.0,596.0,619.0,678.0,703.0,772.0,787.0,863.0,878.0,884.0,905.0,906.0,932.0,951.0,956.0,963.0,990.0,
107.0,134.0,181.0,204.0,208.0,222.0,235.0,260.0,287.0,290.0,294.0,304.0,342.0,390.0,423.0,429.0,434.0,435.0,449.0,462.0,498.0,513.0,523.0,529.0,535.0,540.0,542.0,546.0,547.0,550.0,551.0,565.0,566.0,590.0,600.0,601.0,614.0,619.0,623.0,623.0,623.0,625.0,626.0,635.0,652.0,655.0,655.0,671.0,674.0,684.0,696.0,703.0,717.0,745.0,748.0,761.0,783.0,795.0,828.0,832.0,837.0,841.0,849.0,851.0,857.0,876.0,893.0,934.0,938.0,940.0,961.0,970.0,992.0,
4.0,14.0,21.0,22.0,105.0,115.0,118.0,130.0,135.0,141.0,173.0,209.0,212.0,269.0,339.0,339.0,355.0,364.0,423.0,479.0,480.0,494.0,507.0,516.0,534.0,547.0,548.0,551.0,555.0,581.0,582.0,583.0,585.0,596.0,606.0,637.0,639.0,646.0,656.0,714.0,721.0,732.0,766.0,800.0,820.0,832.0,848.0,859.0,870.0,874.0,907.0,936.0,948.0,956.0,957.0,980.0,
16.0,18.0,47.0,59.0,119.0,137.0,154.0,175.0,186.0,190.0,199.0,215.0,248.0,248.0,306.0,312.0,320.0,365.0,388.0,407.0,436.0,449.0,450.0,457.0,475.0,486.0,493.0,503.0,514.0,523.0,529.0,561.0,564.0,565.0,565.0,567.0,572.0,573.0,579.0,589.0,591.0,600.0,601.0,638.0,639.0,642.0,694.0,696.0,718.0,730.0,742.0,757.0,786.0,798.0,801.0,812.0,844.0,845.0,850.0,853.0,860.0,891.0,894.0,910.0,919.0,929.0,934.0,937.0,940.0,947.0,955.0,971.0,
13.0,21.0,66.0,81.0,82.0,150.0,165.0,183.0,246.0,257.0,261.0,307.0,323.0,363.0,367.0,430.0,440.0,449.0,486.0,506.0,516.0,517.0,521.0,525.0,530.0,533.0,534.0,535.0,539.0,540.0,543.0,545.0,553.0,556.0,567.0,577.0,578.0,580.0,583.0,615.0,618.0,632.0,633.0,652.0,655.0,670.0,679.0,697.0,698.0,699.0,714.0,717.0,725.0,736.0,749.0,760.0,782.0,805.0,910.0,951.0,976.0,983.0,
12.0,17.0,17.0,34.0,59.0,67.0,69.0,71.0,77.0,170.0,183.0,201.0,203.0,220.0,226.0,257.0,262.0,267.0,291.0,297.0,339.0,340.0,343.0,396.0,483.0,491.0,505.0,521.0,525.0,535.0,546.0,548.0,562.0,566.0,571.0,571.0,587.0,593.0,594.0,594.0,597.0,598.0,600.0,610.0,633.0,643.0,663.0,673.0,692.0,693.0,709.0,717.0,748.0,785.0,786.0,796.0,796.0,798.0,812.0,817.0,830.0,832.0,852.0,875.0,893.0,953.0,959.0,960.0,962.0,978.0,987.0,995.0,
26.0,43.0,70.0,116.0,123.0,125.0,149.0,175.0,224.0,291.0,416.0,433.0,468.0,487.0,508.0,527.0,527.0,532.0,549.0,550.0,550.0,550.0,557.0,560.0,564.0,566.0,572.0,576.0,577.0,578.0,601.0,601.0,607.0,613.0,618.0,622.0,634.0,655.0,659.0,683.0,690.0,698.0,721.0,726.0,735.0,748.0,751.0,760.0,773.0,790.0,807.0,836.0,844.0,847.0,909.0,925.0,932.0,941.0,943.0,956.0,960.0,976.0,
66.0,79.0,81.0,83.0,167.0,169.0,178.0,188.0,208.0,215.0,259.0,279.0,335.0,340.0,377.0,393.0,455.0,471.0,502.0,509.0,512.0,518.0,529.0,535.0,535.0,536.0,540.0,552.0,560.0,566.0,582.0,585.0,586.0,592.0,598.0,608.0,612.0,616.0,620.0,628.0,644.0,648.0,655.0,657.0,676.0,698.0,707.0,722.0,787.0,808.0,855.0,903.0,942.0,
29.0,66.0,67.0,76.0,102.0,120.0,127.0,146.0,147.0,152.0,161.0,192.0,194.0,429.0,473.0,499.0,519.0,521.0,521.0,529.0,532.0,539.0,540.0,541.0,541.0,550.0,550.0,557.0,573.0,579.0,593.0,600.0,616.0,619.0,668.0,677.0,695.0,698.0,698.0,723.0,732.0,734.0,778.0,794.0,807.0,808.0,811.0,822.0,823.0,840.0,843.0,849.0,853.0,873.0,883.0,890.0,893.0,912.0,937.0,945.0,971.0,975.0,
47.0,77.0,107.0,118.0,131.0,168.0,202.0,211.0,214.0,267.0,310.0,330.0,347.0,358.0,398.0,401.0,501.0,508.0,519.0,531.0,533.0,535.0,536.0,544.0,566.0,568.0,573.0,577.0,580.0,587.0,596.0,597.0,625.0,635.0,635.0,644.0,654.0,655.0,660.0,678.0,680.0,681.0,684.0,689.0,695.0,729.0,764.0,764.0,771.0,774.0,824.0,830.0,831.0,889.0,896.0,897.0,925.0,928.0,938.0,943.0,950.0,951.0,963.0,968.0,996.0,
92.0,103.0,195.0,270.0,273.0,290.0,312.0,335.0,343.0,377.0,414.0,443.0,450.0,462.0,523.0,554.0,568.0,568.0,583.0,616.0,616.0,620.0,641.0,686.0,743.0,802.0,913.0,938.0,
9.0,33.0,40.0,40.0,99.0,124.0,184.0,207.0,249.0,249.0,297.0,343.0,346.0,368.0,410.0,419.0,419.0,423.0,502.0,508.0,513.0,523.0,527.0,528.0,536.0,545.0,553.0,554.0,561.0,572.0,572.0,580.0,589.0,593.0,614.0,617.0,623.0,624.0,629.0,636.0,641.0,647.0,648.0,649.0,654.0,656.0,674.0,682.0,682.0,689.0,704.0,741.0,747.0,751.0,763.0,765.0,776.0,777.0,781.0,784.0,784.0,790.0,802.0,804.0,825.0,905.0,922.0,934.0,948.0,955.0,970.0,995.0,1000.0,
10.0,44.0,65.0,74.0,110.0,132.0,159.0,176.0,219.0,242.0,295.0,330.0,381.0,454.0,484.0,519.0,527.0,527.0,529.0,530.0,538.0,541.0,545.0,549.0,550.0,551.0,552.0,557.0,561.0,562.0,563.0,579.0,579.0,581.0,587.0,599.0,602.0,607.0,620.0,645.0,653.0,678.0,690.0,705.0,709.0,714.0,721.0,733.0,769.0,776.0,798.0,814.0,832.0,855.0,881.0,899.0,899.0,981.0,991.0,
52.0,62.0,72.0,81.0,82.0,136.0,161.0,171.0,192.0,199.0,206.0,216.0,322.0,325.0,345.0,369.0,389.0,414.0,429.0,458.0,460.0,488.0,497.0,510.0,524.0,533.0,538.0,545.0,549.0,549.0,550.0,556.0,561.0,568.0,568.0,572.0,575.0,579.0,594.0,598.0,602.0,603.0,610.0,619.0,630.0,634.0,640.0,642.0,644.0,648.0,650.0,687.0,716.0,721.0,732.0,733.0,790.0,793.0,796.0,813.0,843.0,869.0,885.0,893.0,899.0,908.0,922.0,945.0,
10.0,17.0,56.0,98.0,203.0,205.0,213.0,235.0,269.0,410.0,470.0,484.0,507.0,520.0,527.0,535.0,551.0,551.0,559.0,562.0,562.0,564.0,571.0,594.0,604.0,623.0,635.0,649.0,652.0,736.0,754.0,757.0,757.0,761.0,770.0,770.0,787.0,802.0,825.0,831.0,840.0,856.0,890.0,892.0,896.0,897.0,916.0,953.0,997.0,
6.0,67.0,104.0,106.0,114.0,123.0,127.0,130.0,169.0,238.0,253.0,273.0,278.0,317.0,400.0,454.0,464.0,468.0,474.0,506.0,521.0,524.0,531.0,539.0,542.0,542.0,548.0,551.0,554.0,557.0,563.0,574.0,580.0,582.0,591.0,597.0,601.0,604.0,608.0,612.0,617.0,619.0,623.0,625.0,628.0,649.0,649.0,675.0,676.0,713.0,721.0,757.0,761.0,794.0,800.0,804.0,813.0,830.0,857.0,881.0,892.0,893.0,901.0,906.0,933.0,934.0,934.0,946.0,960.0,976.0,982.0,987.0,
58.0,136.0,171.0,227.0,264.0,281.0,297.0,316.0,317.0,322.0,401.0,426.0,443.0,482.0,504.0,518.0,525.0,526.0,527.0,530.0,542.0,552.0,555.0,556.0,557.0,580.0,584.0,588.0,606.0,615.0,617.0,626.0,628.0,633.0,698.0,705.0,719.0,725.0,737.0,799.0,836.0,837.0,839.0,885.0,895.0,930.0,937.0,952.0,966.0,971.0,
2.0,96.0,156.0,215.0,233.0,262.0,428.0,434.0,477.0,511.0,520.0,521.0,528.0,532.0,533.0,534.0,536.0,536.0,540.0,542.0,548.0,572.0,584.0,588.0,591.0,602.0,607.0,608.0,613.0,619.0,632.0,634.0,635.0,638.0,651.0,672.0,678.0,691.0,734.0,757.0,768.0,770.0,798.0,803.0,804.0,810.0,826.0,827.0,846.0,860.0,862.0,900.0,908.0,914.0,925.0,926.0,931.0,976.0,992.0,
106.0,199.0,247.0,268.0,276.0,330.0,425.0,448.0,459.0,510.0,514.0,524.0,524.0,528.0,535.0,536.0,539.0,544.0,557.0,563.0,569.0,572.0,576.0,579.0,581.0,584.0,586.0,596.0,609.0,617.0,620.0,624.0,627.0,634.0,634.0,652.0,664.0,672.0,691.0,741.0,744.0,750.0,764.0,809.0,810.0,813.0,818.0,825.0,826.0,840.0,861.0,874.0,914.0,917.0,980.0,
35.0,37.0,39.0,97.0,129.0,153.0,162.0,184.0,196.0,267.0,295.0,361.0,381.0,389.0,415.0,517.0,531.0,533.0,536.0,537.0,537.0,542.0,548.0,551.0,552.0,558.0,561.0,577.0,583.0,595.0,605.0,611.0,623.0,624.0,651.0,666.0,668.0,671.0,687.0,696.0,721.0,728.0,758.0,764.0,786.0,790.0,840.0,847.0,860.0,863.0,870.0,884.0,894.0,894.0,918.0,927.0,933.0,944.0,946.0,954.0,961.0,995.0,
6.0,19.0,105.0,216.0,270.0,395.0,408.0,452.0,555.0,576.0,578.0,582.0,592.0,595.0,653.0,678.0,682.0,742.0,752.0,796.0,797.0,922.0,968.0,
8.0,10.0,75.0,79.0,115.0,139.0,168.0,297.0,304.0,324.0,386.0,416.0,452.0,460.0,511.0,516.0,544.0,546.0,548.0,549.0,551.0,552.0,559.0,571.0,575.0,584.0,587.0,587.0,593.0,595.0,601.0,609.0,614.0,615.0,626.0,634.0,638.0,640.0,654.0,656.0,672.0,677.0,681.0,706.0,715.0,717.0,727.0,728.0,731.0,737.0,744.0,754.0,771.0,785.0,806.0,825.0,832.0,835.0,840.0,848.0,859.0,902.0,903.0,936.0,950.0,972.0,
24.0,34.0,68.0,83.0,159.0,186.0,229.0,230.0,232.0,285.0,290.0,299.0,319.0,325.0,379.0,395.0,410.0,498.0,531.0,533.0,550.0,555.0,555.0,557.0,561.0,572.0,590.0,590.0,597.0,600.0,603.0,620.0,634.0,639.0,674.0,676.0,683.0,710.0,731.0,784.0,794.0,808.0,873.0,894.0,922.0,959.0,995.0,
8.0,56.0,85.0,86.0,102.0,137.0,141.0,190.0,219.0,290.0,306.0,322.0,357.0,393.0,506.0,519.0,523.0,530.0,540.0,541.0,541.0,544.0,550.0,558.0,577.0,587.0,590.0,605.0,607.0,610.0,631.0,653.0,655.0,656.0,675.0,697.0,714.0,728.0,750.0,796.0,829.0,833.0,908.0,960.0,963.0,
7.0,13.0,18.0,44.0,54.0,64.0,77.0,87.0,97.0,114.0,145.0,230.0,261.0,355.0,355.0,358.0,367.0,372.0,402.0,412.0,428.0,447.0,457.0,474.0,499.0,503.0,510.0,526.0,530.0,531.0,532.0,536.0,543.0,552.0,557.0,557.0,561.0,576.0,602.0,624.0,630.0,652.0,653.0,668.0,691.0,691.0,705.0,738.0,747.0,767.0,775.0,800.0,802.0,805.0,812.0,821.0,827.0,861.0,866.0,878.0,880.0,890.0,903.0,920.0,936.0,954.0,982.0,
20.0,40.0,60.0,63.0,96.0,112.0,142.0,147.0,301.0,352.0,400.0,416.0,417.0,430.0,434.0,437.0,439.0,447.0,452.0,453.0,464.0,472.0,500.0,503.0,535.0,539.0,543.0,543.0,554.0,555.0,555.0,559.0,563.0,566.0,581.0,582.0,595.0,600.0,609.0,609.0,612.0,615.0,617.0,620.0,621.0,637.0,660.0,662.0,675.0,678.0,695.0,699.0,702.0,703.0,736.0,745.0,746.0,811.0,817.0,822.0,846.0,857.0,862.0,876.0,885.0,921.0,934.0,944.0,955.0,991.0,
6.0,18.0,55.0,84.0,102.0,144.0,161.0,171.0,215.0,216.0,224.0,246.0,254.0,310.0,401.0,402.0,410.0,418.0,460.0,460.0,461.0,476.0,515.0,530.0,536.0,548.0,562.0,569.0,575.0,590.0,597.0,609.0,614.0,617.0,639.0,650.0,654.0,679.0,685.0,730.0,731.0,731.0,747.0,764.0,816.0,834.0,841.0,845.0,848.0,864.0,873.0,892.0,903.0,951.0,
26.0,61.0,105.0,151.0,235.0,271.0,311.0,323.0,350.0,360.0,378.0,451.0,481.0,486.0,522.0,530.0,540.0,551.0,551.0,559.0,560.0,561.0,561.0,568.0,570.0,578.0,579.0,583.0,586.0,612.0,617.0,633.0,638.0,640.0,644.0,648.0,670.0,709.0,738.0,740.0,748.0,762.0,770.0,777.0,797.0,819.0,834.0,853.0,857.0,876.0,878.0,880.0,920.0,925.0,926.0,949.0,962.0,964.0,999.0,
16.0,76.0,91.0,94.0,101.0,110.0,132.0,144.0,160.0,161.0,217.0,270.0,274.0,292.0,318.0,318.0,384.0,387.0,418.0,473.0,479.0,508.0,513.0,518.0,525.0,529.0,530.0,534.0,537.0,553.0,563.0,565.0,566.0,572.0,578.0,592.0,593.0,598.0,605.0,631.0,638.0,640.0,642.0,656.0,661.0,662.0,679.0,692.0,703.0,708.0,743.0,753.0,772.0,777.0,780.0,793.0,806.0,822.0,856.0,862.0,880.0,942.0,955.0,959.0,976.0,976.0,
15.0,45.0,62.0,133.0,224.0,285.0,304.0,372.0,392.0,393.0,405.0,415.0,492.0,498.0,521.0,521.0,530.0,534.0,534.0,536.0,538.0,540.0,548.0,553.0,555.0,566.0,568.0,569.0,571.0,577.0,580.0,582.0,590.0,595.0,603.0,604.0,608.0,611.0,615.0,617.0,620.0,634.0,642.0,665.0,669.0,677.0,678.0,680.0,689.0,691.0,697.0,712.0,730.0,732.0,732.0,745.0,753.0,787.0,799.0,828.0,835.0,860.0,921.0,923.0,939.0,942.0,991.0,998.0,
33.0,53.0,83.0,91.0,100.0,121.0,131.0,133.0,147.0,184.0,200.0,204.0,264.0,276.0,288.0,316.0,365.0,412.0,441.0,484.0,489.0,541.0,542.0,546.0,588.0,612.0,659.0,674.0,786.0,797.0,883.0,889.0,968.0,995.0,
10.0,17.0,32.0,35.0,72.0,73.0,84.0,96.0,136.0,152.0,161.0,167.0,184.0,207.0,216.0,236.0,245.0,316.0,350.0,361.0,368.0,369.0,376.0,388.0,454.0,462.0,467.0,511.0,527.0,532.0,533.0,533.0,540.0,551.0,554.0,565.0,570.0,577.0,588.0,604.0,605.0,618.0,638.0,639.0,644.0,651.0,663.0,664.0,664.0,674.0,677.0,678.0,681.0,696.0,703.0,710.0,710.0,712.0,718.0,753.0,759.0,761.0,769.0,829.0,849.0,863.0,869.0,887.0,923.0,936.0,938.0,940.0,964.0,969.0,976.0,981.0,1000.0,
41.0,44.0,59.0,76.0,78.0,103.0,149.0,176.0,209.0,211.0,228.0,255.0,280.0,304.0,306.0,311.0,313.0,325.0,356.0,404.0,408.0,411.0,420.0,428.0,474.0,480.0,492.0,520.0,521.0,525.0,530.0,536.0,543.0,543.0,545.0,549.0,549.0,549.0,557.0,560.0,566.0,579.0,581.0,588.0,591.0,592.0,593.0,609.0,624.0,629.0,635.0,636.0,651.0,663.0,664.0,683.0,704.0,712.0,719.0,730.0,745.0,753.0,753.0,754.0,763.0,779.0,797.0,797.0,847.0,855.0,855.0,865.0,906.0,908.0,919.0,
11.0,28.0,87.0,88.0,98.0,100.0,164.0,167.0,205.0,231.0,291.0,292.0,292.0,292.0,365.0,368.0,369.0,369.0,400.0,419.0,433.0,446.0,450.0,534.0,535.0,540.0,542.0,546.0,552.0,556.0,558.0,561.0,568.0,570.0,571.0,572.0,576.0,579.0,582.0,597.0,618.0,631.0,632.0,661.0,662.0,665.0,667.0,676.0,685.0,687.0,692.0,719.0,723.0,726.0,744.0,778.0,778.0,788.0,802.0,824.0,829.0,838.0,845.0,859.0,911.0,912.0,927.0,927.0,948.0,973.0,974.0,985.0,992.0,
24.0,27.0,37.0,47.0,63.0,109.0,139.0,144.0,158.0,304.0,354.0,385.0,410.0,435.0,492.0,520.0,527.0,528.0,528.0,530.0,536.0,538.0,542.0,550.0,555.0,565.0,569.0,569.0,573.0,578.0,580.0,635.0,636.0,638.0,663.0,666.0,676.0,679.0,684.0,696.0,709.0,721.0,724.0,742.0,765.0,812.0,836.0,864.0,864.0,868.0,900.0,904.0,917.0,932.0,942.0,946.0,990.0,
11.0,39.0,60.0,64.0,115.0,117.0,150.0,156.0,219.0,268.0,281.0,283.0,295.0,315.0,350.0,365.0,376.0,396.0,399.0,417.0,426.0,441.0,458.0,502.0,517.0,518.0,536.0,537.0,540.0,548.0,551.0,554.0,570.0,577.0,579.0,580.0,593.0,593.0,598.0,620.0,626.0,632.0,643.0,656.0,665.0,672.0,683.0,761.0,768.0,797.0,810.0,811.0,820.0,866.0,869.0,869.0,882.0,900.0,929.0,929.0,995.0,
6.0,17.0,26.0,32.0,144.0,162.0,189.0,212.0,225.0,256.0,284.0,311.0,376.0,391.0,399.0,408.0,421.0,450.0,485.0,510.0,513.0,513.0,515.0,530.0,540.0,546.0,548.0,550.0,550.0,552.0,552.0,554.0,556.0,558.0,559.0,562.0,566.0,567.0,571.0,573.0,577.0,591.0,594.0,618.0,619.0,623.0,631.0,636.0,636.0,646.0,646.0,647.0,648.0,655.0,672.0,677.0,688.0,701.0,703.0,711.0,721.0,730.0,759.0,760.0,787.0,793.0,829.0,833.0,847.0,872.0,909.0,910.0,923.0,941.0,955.0,966.0,
24.0,35.0,36.0,42.0,75.0,170.0,186.0,203.0,227.0,249.0,292.0,303.0,311.0,322.0,352.0,380.0,398.0,417.0,421.0,506.0,517.0,521.0,523.0,528.0,536.0,541.0,546.0,546.0,549.0,556.0,560.0,564.0,565.0,569.0,572.0,574.0,579.0,581.0,589.0,590.0,596.0,600.0,610.0,614.0,618.0,629.0,642.0,669.0,670.0,685.0,686.0,704.0,707.0,718.0,721.0,721.0,723.0,732.0,746.0,752.0,767.0,773.0,791.0,819.0,848.0,870.0,873.0,890.0,912.0,923.0,923.0,925.0,939.0,949.0,971.0,989.0,
54.0,63.0,65.0,146.0,153.0,281.0,344.0,350.0,416.0,420.0,429.0,435.0,454.0,485.0,512.0,518.0,522.0,534.0,552.0,562.0,566.0,567.0,573.0,575.0,578.0,587.0,588.0,588.0,602.0,606.0,614.0,614.0,628.0,647.0,689.0,694.0,709.0,722.0,736.0,751.0,771.0,804.0,806.0,807.0,825.0,825.0,896.0,896.0,918.0,932.0,935.0,954.0,955.0,962.0,967.0,972.0,983.0,988.0,
34.0,84.0,97.0,123.0,139.0,154.0,173.0,182.0,182.0,188.0,190.0,196.0,276.0,321.0,348.0,443.0,513.0,545.0,552.0,552.0,556.0,568.0,574.0,575.0,578.0,579.0,581.0,585.0,589.0,595.0,608.0,615.0,618.0,624.0,627.0,628.0,635.0,652.0,662.0,693.0,703.0,716.0,739.0,788.0,794.0,803.0,810.0,820.0,824.0,826.0,842.0,852.0,863.0,864.0,870.0,875.0,877.0,880.0,882.0,886.0,900.0,912.0,917.0,947.0,974.0,981.0,992.0,998.0,
4.0,23.0,35.0,63.0,78.0,113.0,133.0,182.0,222.0,270.0,340.0,434.0,492.0,513.0,541.0,682.0,684.0,714.0,763.0,782.0,882.0,917.0,955.0,975.0,
70.0,159.0,166.0,170.0,173.0,173.0,174.0,196.0,244.0,258.0,285.0,312.0,336.0,340.0,343.0,344.0,358.0,371.0,379.0,432.0,436.0,447.0,478.0,504.0,547.0,621.0,636.0,636.0,645.0,651.0,654.0,668.0,713.0,809.0,858.0,865.0,909.0,910.0,956.0,959.0,976.0,
23.0,26.0,32.0,90.0,145.0,150.0,159.0,171.0,181.0,214.0,235.0,248.0,267.0,277.0,281.0,293.0,294.0,295.0,296.0,351.0,455.0,513.0,519.0,531.0,532.0,535.0,551.0,551.0,554.0,559.0,563.0,578.0,581.0,583.0,586.0,595.0,602.0,611.0,611.0,633.0,645.0,650.0,653.0,659.0,670.0,690.0,728.0,738.0,740.0,741.0,755.0,762.0,776.0,783.0,809.0,862.0,872.0,874.0,876.0,887.0,897.0,929.0,937.0,944.0,951.0,961.0,976.0,989.0,997.0,1000.0,
29.0,71.0,113.0,176.0,192.0,237.0,271.0,290.0,348.0,354.0,377.0,521.0,525.0,528.0,548.0,548.0,555.0,559.0,560.0,563.0,565.0,571.0,577.0,589.0,592.0,608.0,634.0,637.0,643.0,645.0,656.0,656.0,663.0,666.0,675.0,681.0,738.0,742.0,765.0,804.0,806.0,845.0,874.0,910.0,914.0,919.0,969.0,973.0,993.0,993.0,999.0,
20.0,21.0,30.0,31.0,57.0,69.0,69.0,70.0,77.0,138.0,151.0,174.0,179.0,185.0,207.0,252.0,440.0,442.0,527.0,529.0,529.0,533.0,533.0,546.0,551.0,555.0,558.0,560.0,567.0,581.0,584.0,591.0,600.0,621.0,642.0,687.0,710.0,735.0,737.0,777.0,800.0,807.0,814.0,820.0,827.0,830.0,839.0,840.0,851.0,858.0,887.0,
54.0,186.0,234.0,250.0,310.0,343.0,365.0,438.0,446.0,468.0,491.0,501.0,517.0,518.0,530.0,533.0,534.0,534.0,539.0,544.0,547.0,549.0,554.0,555.0,561.0,564.0,570.0,574.0,586.0,586.0,587.0,597.0,601.0,603.0,612.0,618.0,618.0,618.0,618.0,620.0,621.0,627.0,628.0,629.0,659.0,661.0,671.0,673.0,683.0,686.0,694.0,696.0,701.0,720.0,742.0,743.0,746.0,770.0,799.0,799.0,816.0,823.0,825.0,896.0,948.0,961.0,
6.0,27.0,54.0,67.0,84.0,100.0,157.0,194.0,196.0,216.0,230.0,262.0,294.0,297.0,308.0,328.0,345.0,398.0,447.0,508.0,519.0,519.0,527.0,534.0,538.0,539.0,541.0,551.0,558.0,561.0,563.0,566.0,570.0,573.0,583.0,588.0,591.0,596.0,599.0,617.0,619.0,632.0,638.0,643.0,648.0,650.0,655.0,662.0,680.0,691.0,704.0,705.0,707.0,711.0,727.0,780.0,789.0,794.0,808.0,817.0,819.0,821.0,847.0,850.0,859.0,882.0,886.0,900.0,913.0,929.0,937.0,999.0,
18.0,52.0,92.0,100.0,138.0,141.0,176.0,181.0,228.0,231.0,237.0,277.0,278.0,287.0,291.0,434.0,486.0,519.0,523.0,525.0,533.0,538.0,539.0,540.0,551.0,553.0,554.0,574.0,576.0,580.0,596.0,597.0,605.0,627.0,638.0,665.0,665.0,666.0,678.0,711.0,716.0,740.0,742.0,808.0,823.0,831.0,834.0,837.0,843.0,845.0,849.0,867.0,875.0,889.0,890.0,908.0,919.0,929.0,934.0,951.0,961.0,964.0,991.0,993.0,997.0,
20.0,36.0,38.0,79.0,125.0,151.0,236.0,252.0,284.0,306.0,325.0,333.0,389.0,409.0,416.0,429.0,429.0,462.0,466.0,471.0,493.0,496.0,497.0,521.0,527.0,528.0,532.0,535.0,542.0,545.0,547.0,548.0,558.0,563.0,563.0,569.0,572.0,578.0,592.0,595.0,614.0,621.0,626.0,637.0,655.0,683.0,685.0,694.0,703.0,711.0,728.0,751.0,785.0,787.0,795.0,796.0,808.0,808.0,813.0,849.0,869.0,881.0,927.0,930.0,942.0,953.0,960.0,981.0,992.0,994.0,
8.0,9.0,26.0,32.0,39.0,46.0,102.0,102.0,104.0,123.0,128.0,172.0,183.0,189.0,240.0,246.0,258.0,261.0,282.0,337.0,361.0,369.0,373.0,384.0,404.0,418.0,425.0,508.0,511.0,518.0,525.0,527.0,544.0,580.0,595.0,662.0,697.0,706.0,763.0,795.0,800.0,805.0,822.0,840.0,856.0,858.0,927.0,940.0,946.0,963.0,
87.0,122.0,159.0,168.0,193.0,198.0,215.0,221.0,269.0,278.0,279.0,362.0,394.0,489.0,507.0,561.0,571.0,656.0,702.0,725.0,747.0,757.0,777.0,781.0,816.0,830.0,885.0,887.0,888.0,964.0,
102.0,170.0,197.0,198.0,217.0,258.0,267.0,268.0,287.0,306.0,349.0,360.0,371.0,382.0,396.0,412.0,452.0,461.0,483.0,490.0,521.0,528.0,586.0,609.0,610.0,613.0,662.0,772.0,777.0,788.0,829.0,884.0,898.0,
20.0,24.0,40.0,46.0,59.0,75.0,120.0,126.0,126.0,161.0,167.0,172.0,176.0,204.0,411.0,475.0,497.0,519.0,523.0,556.0,564.0,568.0,596.0,602.0,613.0,619.0,625.0,637.0,652.0,655.0,665.0,826.0,851.0,997.0,
38.0,59.0,85.0,126.0,141.0,175.0,225.0,254.0,305.0,309.0,314.0,339.0,374.0,379.0,394.0,411.0,435.0,442.0,538.0,542.0,547.0,563.0,566.0,572.0,583.0,586.0,589.0,597.0,613.0,619.0,620.0,633.0,641.0,648.0,657.0,713.0,738.0,752.0,760.0,769.0,775.0,790.0,791.0,802.0,811.0,820.0,827.0,833.0,833.0,841.0,855.0,881.0,888.0,896.0,948.0,950.0,959.0,963.0,967.0,982.0,982.0,999.0,
4.0,99.0,143.0,206.0,227.0,229.0,318.0,318.0,331.0,414.0,477.0,503.0,511.0,522.0,523.0,536.0,540.0,550.0,551.0,552.0,558.0,571.0,584.0,585.0,594.0,595.0,596.0,597.0,603.0,619.0,634.0,671.0,673.0,701.0,701.0,724.0,725.0,743.0,749.0,799.0,809.0,817.0,830.0,851.0,855.0,864.0,870.0,873.0,887.0,888.0,889.0,898.0,899.0,912.0,912.0,943.0,946.0,965.0,977.0,1000.0,
17.0,32.0,67.0,104.0,120.0,206.0,248.0,269.0,285.0,288.0,319.0,346.0,353.0,366.0,468.0,491.0,505.0,523.0,525.0,525.0,526.0,535.0,536.0,537.0,556.0,560.0,570.0,570.0,575.0,575.0,576.0,577.0,578.0,578.0,584.0,590.0,597.0,601.0,610.0,612.0,628.0,638.0,640.0,658.0,658.0,719.0,733.0,738.0,754.0,762.0,764.0,777.0,795.0,838.0,848.0,870.0,878.0,895.0,913.0,913.0,942.0,949.0,979.0,993.0,
56.0,65.0,74.0,81.0,91.0,98.0,105.0,117.0,123.0,167.0,270.0,345.0,357.0,379.0,399.0,417.0,427.0,438.0,491.0,497.0,516.0,536.0,538.0,543.0,552.0,553.0,555.0,561.0,566.0,567.0,569.0,572.0,573.0,583.0,587.0,588.0,595.0,597.0,600.0,602.0,610.0,615.0,617.0,620.0,621.0,628.0,632.0,652.0,665.0,689.0,692.0,696.0,725.0,738.0,739.0,760.0,773.0,796.0,846.0,854.0,861.0,861.0,880.0,890.0,892.0,899.0,900.0,922.0,950.0,970.0,971.0,977.0,986.0,
26.0,54.0,148.0,216.0,234.0,274.0,296.0,313.0,326.0,346.0,388.0,413.0,419.0,439.0,492.0,524.0,531.0,532.0,542.0,546.0,577.0,589.0,590.0,609.0,609.0,612.0,619.0,626.0,626.0,634.0,642.0,669.0,671.0,676.0,683.0,691.0,691.0,696.0,697.0,712.0,724.0,737.0,740.0,745.0,776.0,777.0,787.0,791.0,794.0,826.0,827.0,832.0,857.0,876.0,894.0,900.0,908.0,933.0,953.0,953.0,987.0,989.0,997.0,
9.0,29.0,129.0,130.0,174.0,251.0,285.0,315.0,350.0,364.0,369.0,381.0,387.0,436.0,464.0,469.0,505.0,516.0,521.0,531.0,531.0,549.0,550.0,581.0,585.0,666.0,694.0,705.0,724.0,910.0,967.0,979.0,988.0,
64.0,88.0,133.0,135.0,148.0,216.0,224.0,226.0,249.0,277.0,291.0,338.0,344.0,400.0,414.0,418.0,421.0,431.0,477.0,481.0,497.0,506.0,514.0,608.0,638.0,654.0,694.0,727.0,761.0,787.0,796.0,
