18.0,51.0,63.0,148.0,153.0,178.0,216.0,237.0,247.0,293.0,301.0,337.0,361.0,395.0,406.0,414.0,439.0,544.0,613.0,670.0,702.0,703.0,719.0,722.0,795.0,821.0,824.0,830.0,861.0,890.0,940.0,
30.0,31.0,36.0,70.0,172.0,199.0,203.0,234.0,234.0,251.0,253.0,277.0,299.0,406.0,414.0,464.0,499.0,522.0,526.0,533.0,587.0,662.0,674.0,698.0,705.0,722.0,739.0,744.0,807.0,810.0,827.0,840.0,860.0,916.0,920.0,974.0,
41.0,75.0,101.0,127.0,133.0,220.0,255.0,287.0,292.0,319.0,325.0,334.0,373.0,461.0,462.0,542.0,572.0,680.0,708.0,867.0,872.0,917.0,932.0,
10.0,27.0,57.0,115.0,125.0,139.0,160.0,207.0,219.0,252.0,260.0,471.0,521.0,675.0,743.0,798.0,849.0,875.0,876.0,902.0,906.0,942.0,959.0,
18.0,76.0,119.0,136.0,194.0,286.0,296.0,408.0,414.0,463.0,467.0,510.0,520.0,524.0,561.0,567.0,581.0,584.0,606.0,638.0,648.0,657.0,715.0,722.0,793.0,809.0,859.0,955.0,
80.0,88.0,111.0,158.0,193.0,200.0,204.0,238.0,285.0,334.0,341.0,411.0,438.0,441.0,482.0,496.0,515.0,539.0,541.0,547.0,553.0,562.0,587.0,619.0,623.0,626.0,638.0,643.0,668.0,674.0,727.0,759.0,776.0,782.0,785.0,888.0,
25.0,47.0,66.0,111.0,134.0,163.0,173.0,174.0,187.0,203.0,206.0,230.0,261.0,272.0,282.0,294.0,297.0,301.0,314.0,344.0,368.0,501.0,504.0,505.0,532.0,535.0,561.0,565.0,568.0,570.0,632.0,633.0,687.0,764.0,765.0,779.0,789.0,837.0,946.0,
51.0,68.0,125.0,170.0,187.0,256.0,292.0,292.0,310.0,317.0,431.0,465.0,476.0,512.0,541.0,565.0,586.0,593.0,593.0,625.0,648.0,683.0,699.0,734.0,757.0,770.0,801.0,808.0,998.0,
29.0,38.0,145.0,159.0,176.0,199.0,203.0,295.0,351.0,411.0,433.0,434.0,491.0,496.0,553.0,587.0,624.0,704.0,722.0,782.0,788.0,894.0,924.0,941.0,978.0,
19.0,51.0,59.0,83.0,143.0,161.0,167.0,175.0,188.0,317.0,319.0,325.0,346.0,356.0,414.0,420.0,438.0,447.0,455.0,463.0,480.0,625.0,660.0,673.0,748.0,757.0,758.0,765.0,791.0,799.0,842.0,919.0,948.0,960.0,
9.0,27.0,84.0,87.0,135.0,161.0,193.0,208.0,271.0,277.0,280.0,281.0,307.0,408.0,439.0,445.0,467.0,469.0,511.0,527.0,549.0,581.0,587.0,596.0,637.0,666.0,702.0,712.0,752.0,757.0,775.0,787.0,797.0,806.0,837.0,868.0,936.0,
14.0,15.0,30.0,81.0,85.0,86.0,141.0,146.0,166.0,189.0,215.0,236.0,241.0,249.0,285.0,304.0,352.0,392.0,398.0,400.0,421.0,422.0,429.0,431.0,495.0,509.0,609.0,650.0,657.0,693.0,698.0,797.0,926.0,927.0,941.0,977.0,
58.0,80.0,80.0,116.0,167.0,202.0,217.0,221.0,236.0,289.0,308.0,345.0,409.0,418.0,427.0,481.0,515.0,530.0,569.0,594.0,616.0,651.0,703.0,728.0,758.0,800.0,800.0,811.0,849.0,853.0,863.0,916.0,932.0,
16.0,19.0,33.0,47.0,72.0,163.0,166.0,207.0,217.0,226.0,255.0,261.0,273.0,330.0,359.0,370.0,372.0,395.0,416.0,419.0,422.0,446.0,463.0,473.0,480.0,519.0,521.0,528.0,541.0,547.0,557.0,558.0,564.0,566.0,571.0,573.0,585.0,585.0,586.0,591.0,594.0,595.0,605.0,612.0,624.0,625.0,632.0,634.0,646.0,659.0,683.0,687.0,691.0,695.0,701.0,706.0,725.0,733.0,769.0,793.0,844.0,857.0,925.0,932.0,977.0,984.0,986.0,990.0,
12.0,16.0,20.0,60.0,96.0,125.0,145.0,151.0,175.0,178.0,198.0,221.0,264.0,274.0,303.0,335.0,401.0,422.0,439.0,439.0,484.0,488.0,529.0,530.0,537.0,541.0,545.0,546.0,550.0,552.0,556.0,565.0,565.0,572.0,573.0,597.0,600.0,603.0,604.0,606.0,609.0,615.0,616.0,628.0,636.0,648.0,660.0,669.0,676.0,684.0,691.0,695.0,710.0,734.0,736.0,743.0,759.0,785.0,815.0,824.0,832.0,883.0,902.0,917.0,935.0,990.0,
14.0,103.0,131.0,132.0,133.0,150.0,183.0,194.0,197.0,207.0,284.0,286.0,287.0,293.0,302.0,366.0,370.0,421.0,424.0,432.0,455.0,471.0,471.0,472.0,474.0,516.0,521.0,523.0,525.0,532.0,536.0,538.0,545.0,545.0,551.0,556.0,562.0,562.0,562.0,564.0,574.0,576.0,586.0,597.0,598.0,598.0,605.0,618.0,631.0,639.0,648.0,651.0,687.0,693.0,720.0,755.0,758.0,761.0,766.0,767.0,777.0,787.0,789.0,806.0,827.0,856.0,863.0,911.0,931.0,950.0,951.0,973.0,977.0,998.0,
12.0,20.0,30.0,34.0,59.0,85.0,97.0,112.0,127.0,141.0,146.0,278.0,285.0,291.0,321.0,362.0,373.0,376.0,377.0,377.0,419.0,434.0,440.0,462.0,475.0,500.0,522.0,526.0,534.0,541.0,548.0,556.0,560.0,561.0,563.0,575.0,584.0,593.0,604.0,604.0,606.0,607.0,621.0,629.0,635.0,655.0,659.0,659.0,668.0,676.0,677.0,682.0,709.0,719.0,719.0,723.0,745.0,766.0,822.0,846.0,859.0,901.0,924.0,936.0,937.0,940.0,941.0,949.0,961.0,981.0,992.0,998.0,998.0,1000.0,
55.0,66.0,71.0,127.0,151.0,184.0,193.0,261.0,288.0,306.0,342.0,352.0,409.0,415.0,430.0,448.0,453.0,454.0,518.0,528.0,536.0,541.0,541.0,559.0,564.0,590.0,606.0,609.0,614.0,619.0,695.0,722.0,751.0,751.0,760.0,776.0,776.0,799.0,806.0,809.0,814.0,824.0,847.0,850.0,858.0,865.0,881.0,895.0,899.0,912.0,915.0,922.0,960.0,978.0,980.0,999.0,
25.0,29.0,39.0,49.0,58.0,62.0,103.0,116.0,131.0,153.0,163.0,197.0,211.0,229.0,230.0,245.0,246.0,261.0,268.0,269.0,276.0,369.0,420.0,432.0,437.0,438.0,500.0,523.0,534.0,541.0,545.0,548.0,554.0,568.0,588.0,593.0,613.0,651.0,653.0,660.0,696.0,715.0,758.0,771.0,782.0,814.0,868.0,878.0,982.0,993.0,
25.0,39.0,56.0,63.0,80.0,110.0,118.0,123.0,126.0,145.0,167.0,187.0,206.0,209.0,225.0,226.0,264.0,273.0,288.0,292.0,312.0,353.0,356.0,378.0,383.0,410.0,412.0,487.0,501.0,557.0,595.0,648.0,754.0,812.0,894.0,901.0,926.0,976.0,
39.0,47.0,123.0,261.0,288.0,289.0,300.0,353.0,377.0,419.0,491.0,495.0,556.0,581.0,581.0,611.0,762.0,831.0,930.0,935.0,936.0,956.0,971.0,971.0,991.0,
13.0,46.0,68.0,77.0,133.0,158.0,175.0,216.0,229.0,297.0,322.0,332.0,354.0,370.0,372.0,399.0,419.0,437.0,438.0,486.0,518.0,520.0,529.0,529.0,531.0,550.0,557.0,578.0,585.0,610.0,643.0,659.0,673.0,685.0,692.0,706.0,712.0,720.0,725.0,751.0,751.0,770.0,787.0,841.0,866.0,890.0,904.0,926.0,956.0,999.0,
58.0,132.0,134.0,158.0,178.0,187.0,217.0,226.0,245.0,251.0,259.0,306.0,353.0,377.0,401.0,404.0,425.0,442.0,465.0,504.0,527.0,528.0,528.0,530.0,532.0,533.0,535.0,536.0,540.0,542.0,551.0,558.0,559.0,560.0,573.0,574.0,580.0,608.0,616.0,618.0,621.0,623.0,634.0,636.0,640.0,643.0,647.0,650.0,669.0,671.0,677.0,694.0,695.0,709.0,734.0,761.0,765.0,767.0,767.0,769.0,772.0,803.0,806.0,809.0,812.0,817.0,835.0,836.0,896.0,899.0,974.0,980.0,
13.0,42.0,62.0,63.0,68.0,72.0,73.0,89.0,131.0,143.0,157.0,195.0,215.0,241.0,287.0,309.0,365.0,386.0,395.0,407.0,417.0,512.0,523.0,527.0,527.0,534.0,537.0,541.0,542.0,549.0,551.0,553.0,557.0,557.0,561.0,569.0,570.0,572.0,581.0,583.0,585.0,598.0,610.0,615.0,616.0,626.0,633.0,655.0,656.0,670.0,672.0,681.0,689.0,704.0,755.0,786.0,790.0,791.0,803.0,827.0,849.0,871.0,873.0,897.0,933.0,939.0,989.0,
84.0,211.0,216.0,235.0,245.0,269.0,287.0,343.0,410.0,457.0,458.0,464.0,468.0,474.0,488.0,505.0,522.0,529.0,531.0,535.0,536.0,539.0,547.0,553.0,554.0,555.0,570.0,571.0,582.0,583.0,585.0,590.0,592.0,594.0,604.0,607.0,615.0,619.0,621.0,630.0,632.0,635.0,657.0,684.0,694.0,702.0,706.0,710.0,711.0,758.0,760.0,762.0,777.0,820.0,835.0,837.0,839.0,893.0,900.0,925.0,926.0,937.0,972.0,
66.0,91.0,113.0,130.0,178.0,187.0,260.0,353.0,363.0,410.0,424.0,431.0,480.0,489.0,507.0,516.0,522.0,533.0,533.0,533.0,534.0,538.0,544.0,544.0,552.0,553.0,562.0,563.0,564.0,570.0,593.0,616.0,630.0,630.0,640.0,644.0,669.0,673.0,675.0,685.0,688.0,689.0,702.0,707.0,728.0,751.0,812.0,815.0,841.0,845.0,858.0,862.0,881.0,886.0,891.0,898.0,908.0,933.0,970.0,998.0,
47.0,107.0,135.0,253.0,255.0,298.0,327.0,346.0,366.0,380.0,504.0,512.0,521.0,527.0,537.0,543.0,543.0,547.0,549.0,551.0,551.0,557.0,568.0,573.0,577.0,596.0,604.0,613.0,656.0,688.0,702.0,712.0,712.0,731.0,735.0,763.0,780.0,793.0,798.0,805.0,812.0,815.0,818.0,828.0,854.0,876.0,885.0,885.0,885.0,890.0,906.0,916.0,941.0,970.0,983.0,
36.0,73.0,103.0,123.0,126.0,175.0,217.0,221.0,227.0,244.0,315.0,354.0,363.0,404.0,420.0,440.0,470.0,487.0,517.0,537.0,538.0,548.0,550.0,561.0,561.0,562.0,566.0,579.0,588.0,590.0,591.0,592.0,605.0,626.0,632.0,632.0,633.0,635.0,645.0,664.0,674.0,679.0,698.0,709.0,711.0,724.0,736.0,749.0,756.0,756.0,804.0,819.0,849.0,866.0,873.0,893.0,894.0,903.0,908.0,911.0,925.0,945.0,961.0,978.0,999.0,
24.0,28.0,35.0,62.0,134.0,153.0,166.0,184.0,207.0,215.0,269.0,277.0,293.0,339.0,381.0,405.0,454.0,515.0,523.0,528.0,531.0,534.0,540.0,547.0,563.0,563.0,568.0,572.0,586.0,592.0,598.0,599.0,611.0,617.0,625.0,639.0,650.0,659.0,667.0,671.0,682.0,685.0,734.0,743.0,744.0,750.0,751.0,775.0,776.0,786.0,820.0,823.0,830.0,839.0,847.0,856.0,857.0,860.0,872.0,897.0,919.0,944.0,960.0,
35.0,52.0,63.0,72.0,121.0,149.0,168.0,194.0,260.0,338.0,364.0,380.0,406.0,446.0,488.0,488.0,501.0,527.0,528.0,536.0,539.0,547.0,548.0,591.0,672.0,776.0,820.0,842.0,846.0,934.0,947.0,
26.0,70.0,95.0,95.0,97.0,110.0,135.0,135.0,237.0,259.0,278.0,303.0,304.0,308.0,323.0,355.0,364.0,369.0,372.0,436.0,438.0,466.0,474.0,536.0,573.0,666.0,674.0,689.0,714.0,770.0,790.0,803.0,939.0,985.0,989.0,
7.0,53.0,126.0,127.0,197.0,207.0,225.0,288.0,292.0,308.0,309.0,346.0,354.0,369.0,375.0,428.0,488.0,491.0,507.0,529.0,531.0,532.0,533.0,539.0,544.0,550.0,559.0,561.0,567.0,568.0,573.0,573.0,576.0,609.0,624.0,634.0,644.0,648.0,662.0,666.0,721.0,732.0,736.0,818.0,824.0,848.0,916.0,919.0,944.0,947.0,955.0,
20.0,48.0,114.0,139.0,194.0,204.0,280.0,292.0,337.0,367.0,382.0,437.0,437.0,469.0,469.0,485.0,515.0,518.0,528.0,537.0,555.0,557.0,563.0,564.0,565.0,568.0,573.0,581.0,587.0,588.0,590.0,592.0,600.0,609.0,611.0,628.0,630.0,632.0,638.0,650.0,654.0,656.0,664.0,678.0,683.0,692.0,694.0,698.0,722.0,726.0,732.0,736.0,765.0,775.0,806.0,809.0,813.0,816.0,825.0,838.0,846.0,848.0,850.0,851.0,858.0,876.0,903.0,944.0,945.0,949.0,960.0,967.0,970.0,
18.0,122.0,207.0,224.0,237.0,281.0,284.0,311.0,348.0,369.0,392.0,405.0,437.0,492.0,525.0,525.0,527.0,532.0,534.0,537.0,553.0,553.0,554.0,556.0,567.0,569.0,571.0,577.0,580.0,583.0,589.0,589.0,597.0,604.0,612.0,634.0,634.0,640.0,650.0,655.0,678.0,708.0,715.0,735.0,748.0,757.0,762.0,775.0,780.0,782.0,788.0,793.0,823.0,828.0,876.0,916.0,942.0,959.0,964.0,979.0,985.0,992.0,
6.0,26.0,104.0,108.0,138.0,184.0,185.0,189.0,206.0,255.0,289.0,290.0,298.0,344.0,355.0,366.0,424.0,432.0,523.0,531.0,540.0,541.0,562.0,566.0,571.0,580.0,581.0,581.0,584.0,591.0,598.0,598.0,613.0,613.0,616.0,617.0,630.0,639.0,649.0,651.0,654.0,658.0,659.0,689.0,693.0,694.0,711.0,719.0,722.0,732.0,747.0,752.0,762.0,777.0,794.0,795.0,804.0,809.0,824.0,833.0,842.0,855.0,870.0,890.0,909.0,927.0,947.0,978.0,
2.0,23.0,34.0,90.0,204.0,236.0,252.0,284.0,341.0,355.0,385.0,399.0,437.0,510.0,518.0,531.0,537.0,542.0,545.0,546.0,547.0,549.0,550.0,556.0,556.0,575.0,581.0,587.0,590.0,592.0,607.0,607.0,610.0,621.0,638.0,646.0,653.0,662.0,676.0,679.0,719.0,720.0,753.0,765.0,765.0,766.0,808.0,824.0,863.0,891.0,912.0,926.0,950.0,979.0,999.0,
48.0,70.0,81.0,87.0,90.0,96.0,105.0,118.0,142.0,161.0,210.0,230.0,289.0,366.0,369.0,376.0,421.0,441.0,469.0,478.0,518.0,524.0,527.0,528.0,531.0,531.0,537.0,538.0,543.0,548.0,560.0,561.0,564.0,569.0,584.0,593.0,595.0,603.0,608.0,609.0,612.0,645.0,645.0,649.0,654.0,661.0,662.0,664.0,668.0,685.0,696.0,709.0,720.0,727.0,764.0,768.0,777.0,794.0,796.0,834.0,876.0,877.0,899.0,900.0,902.0,905.0,911.0,932.0,938.0,940.0,953.0,963.0,974.0,992.0,999.0,1000.0,
8.0,23.0,64.0,73.0,88.0,88.0,136.0,139.0,148.0,167.0,169.0,176.0,189.0,205.0,218.0,228.0,298.0,322.0,328.0,333.0,388.0,401.0,402.0,409.0,430.0,436.0,458.0,512.0,528.0,536.0,536.0,538.0,542.0,543.0,548.0,552.0,554.0,560.0,566.0,575.0,576.0,592.0,600.0,625.0,626.0,633.0,634.0,635.0,637.0,640.0,642.0,643.0,663.0,670.0,691.0,701.0,703.0,715.0,718.0,732.0,741.0,754.0,772.0,778.0,783.0,809.0,816.0,838.0,848.0,905.0,909.0,915.0,949.0,980.0,
21.0,41.0,58.0,58.0,147.0,152.0,186.0,209.0,219.0,321.0,381.0,387.0,419.0,450.0,470.0,507.0,515.0,528.0,529.0,531.0,537.0,539.0,555.0,559.0,563.0,563.0,564.0,568.0,581.0,594.0,594.0,608.0,613.0,619.0,619.0,619.0,633.0,636.0,660.0,662.0,671.0,681.0,698.0,699.0,703.0,753.0,757.0,785.0,795.0,843.0,844.0,844.0,846.0,851.0,853.0,884.0,887.0,899.0,931.0,935.0,937.0,969.0,976.0,
92.0,94.0,100.0,130.0,165.0,207.0,247.0,276.0,295.0,305.0,406.0,424.0,452.0,469.0,495.0,529.0,544.0,544.0,544.0,545.0,556.0,557.0,561.0,568.0,571.0,573.0,586.0,592.0,594.0,602.0,602.0,645.0,647.0,648.0,679.0,758.0,770.0,790.0,796.0,864.0,881.0,900.0,940.0,944.0,963.0,981.0,
7.0,12.0,63.0,133.0,265.0,293.0,320.0,323.0,332.0,374.0,470.0,523.0,537.0,545.0,548.0,594.0,594.0,671.0,735.0,764.0,800.0,852.0,869.0,881.0,896.0,922.0,956.0,993.0,
17.0,37.0,88.0,98.0,116.0,122.0,158.0,176.0,188.0,227.0,271.0,285.0,304.0,314.0,323.0,340.0,347.0,374.0,418.0,418.0,463.0,470.0,473.0,494.0,515.0,532.0,538.0,548.0,551.0,555.0,559.0,560.0,569.0,574.0,578.0,583.0,594.0,594.0,610.0,636.0,672.0,676.0,690.0,718.0,718.0,732.0,747.0,750.0,762.0,776.0,779.0,782.0,791.0,822.0,831.0,839.0,853.0,854.0,854.0,860.0,878.0,918.0,921.0,935.0,949.0,961.0,964.0,965.0,966.0,980.0,
5.0,6.0,14.0,36.0,47.0,129.0,169.0,215.0,379.0,382.0,448.0,451.0,483.0,512.0,516.0,518.0,520.0,523.0,523.0,531.0,531.0,536.0,539.0,542.0,542.0,542.0,542.0,544.0,548.0,549.0,553.0,557.0,564.0,571.0,580.0,581.0,584.0,585.0,586.0,588.0,590.0,592.0,595.0,599.0,614.0,628.0,632.0,636.0,639.0,640.0,644.0,659.0,693.0,701.0,706.0,737.0,737.0,743.0,745.0,746.0,771.0,787.0,789.0,805.0,818.0,824.0,827.0,847.0,916.0,917.0,928.0,955.0,959.0,964.0,970.0,
3.0,4.0,21.0,36.0,78.0,103.0,107.0,129.0,133.0,224.0,263.0,297.0,331.0,369.0,374.0,443.0,490.0,516.0,518.0,519.0,520.0,535.0,536.0,537.0,546.0,546.0,551.0,553.0,559.0,559.0,561.0,565.0,577.0,586.0,590.0,600.0,605.0,606.0,616.0,629.0,630.0,637.0,639.0,639.0,640.0,643.0,647.0,653.0,655.0,666.0,666.0,673.0,678.0,707.0,722.0,750.0,751.0,753.0,770.0,775.0,859.0,872.0,883.0,884.0,901.0,907.0,911.0,936.0,
14.0,29.0,52.0,60.0,113.0,114.0,141.0,195.0,253.0,262.0,279.0,316.0,341.0,348.0,393.0,416.0,424.0,467.0,498.0,513.0,523.0,526.0,527.0,531.0,532.0,534.0,538.0,540.0,553.0,553.0,553.0,559.0,560.0,562.0,564.0,570.0,570.0,572.0,584.0,588.0,599.0,608.0,620.0,622.0,623.0,632.0,640.0,640.0,649.0,659.0,665.0,668.0,677.0,692.0,696.0,711.0,733.0,791.0,803.0,809.0,839.0,850.0,864.0,938.0,968.0,994.0,
18.0,60.0,71.0,93.0,196.0,213.0,227.0,256.0,296.0,303.0,323.0,346.0,365.0,369.0,379.0,417.0,442.0,488.0,523.0,530.0,530.0,531.0,532.0,538.0,539.0,544.0,547.0,549.0,551.0,555.0,556.0,556.0,561.0,576.0,580.0,586.0,607.0,609.0,622.0,636.0,637.0,639.0,645.0,657.0,657.0,669.0,676.0,687.0,697.0,729.0,732.0,735.0,777.0,790.0,917.0,965.0,970.0,986.0,990.0,
13.0,30.0,45.0,132.0,140.0,178.0,199.0,222.0,267.0,281.0,304.0,313.0,337.0,389.0,402.0,455.0,498.0,515.0,534.0,551.0,557.0,559.0,559.0,565.0,566.0,594.0,600.0,603.0,604.0,610.0,629.0,639.0,681.0,682.0,693.0,699.0,713.0,716.0,724.0,734.0,740.0,750.0,763.0,768.0,845.0,864.0,885.0,898.0,899.0,910.0,921.0,928.0,941.0,942.0,946.0,956.0,960.0,
47.0,54.0,72.0,72.0,76.0,113.0,138.0,163.0,230.0,251.0,257.0,286.0,335.0,337.0,397.0,411.0,436.0,467.0,493.0,497.0,514.0,517.0,521.0,522.0,527.0,538.0,540.0,541.0,541.0,547.0,558.0,565.0,570.0,573.0,580.0,587.0,600.0,617.0,620.0,624.0,637.0,652.0,683.0,684.0,688.0,724.0,738.0,746.0,749.0,769.0,810.0,843.0,848.0,854.0,860.0,881.0,893.0,903.0,906.0,933.0,945.0,948.0,961.0,968.0,
10.0,51.0,104.0,109.0,112.0,126.0,137.0,158.0,196.0,199.0,207.0,241.0,308.0,319.0,321.0,364.0,397.0,458.0,517.0,524.0,525.0,525.0,533.0,535.0,536.0,543.0,553.0,554.0,562.0,567.0,573.0,580.0,581.0,581.0,581.0,584.0,590.0,598.0,599.0,601.0,624.0,637.0,637.0,639.0,656.0,658.0,661.0,662.0,680.0,700.0,708.0,741.0,748.0,761.0,768.0,769.0,784.0,793.0,825.0,844.0,848.0,918.0,923.0,928.0,953.0,986.0,987.0,
12.0,42.0,54.0,55.0,62.0,64.0,68.0,77.0,149.0,178.0,192.0,240.0,268.0,315.0,396.0,452.0,459.0,500.0,508.0,511.0,520.0,525.0,531.0,541.0,553.0,569.0,572.0,580.0,584.0,590.0,594.0,596.0,597.0,608.0,613.0,618.0,646.0,652.0,658.0,674.0,676.0,683.0,686.0,693.0,693.0,694.0,699.0,701.0,704.0,710.0,715.0,715.0,723.0,756.0,762.0,768.0,770.0,793.0,810.0,856.0,857.0,859.0,880.0,881.0,906.0,910.0,926.0,930.0,931.0,953.0,989.0,
103.0,217.0,240.0,306.0,310.0,372.0,416.0,441.0,443.0,447.0,454.0,493.0,508.0,522.0,540.0,541.0,549.0,598.0,601.0,606.0,633.0,635.0,643.0,654.0,654.0,664.0,679.0,715.0,742.0,765.0,776.0,784.0,792.0,804.0,806.0,828.0,863.0,906.0,937.0,959.0,995.0,
17.0,25.0,61.0,89.0,110.0,119.0,144.0,170.0,220.0,243.0,245.0,255.0,262.0,277.0,280.0,356.0,378.0,435.0,497.0,508.0,520.0,524.0,530.0,539.0,540.0,547.0,550.0,552.0,559.0,562.0,562.0,572.0,583.0,586.0,588.0,592.0,596.0,603.0,612.0,619.0,632.0,637.0,639.0,644.0,666.0,670.0,676.0,684.0,715.0,721.0,726.0,732.0,744.0,759.0,781.0,782.0,804.0,926.0,933.0,939.0,944.0,948.0,973.0,974.0,
25.0,34.0,87.0,95.0,95.0,121.0,143.0,155.0,210.0,233.0,304.0,315.0,350.0,358.0,456.0,471.0,474.0,518.0,523.0,527.0,536.0,536.0,538.0,538.0,543.0,544.0,549.0,549.0,551.0,551.0,551.0,559.0,560.0,561.0,564.0,565.0,566.0,567.0,568.0,569.0,574.0,576.0,599.0,606.0,610.0,620.0,627.0,635.0,638.0,638.0,677.0,686.0,690.0,698.0,707.0,709.0,717.0,722.0,761.0,771.0,774.0,777.0,889.0,917.0,936.0,955.0,956.0,989.0,991.0,996.0,
9.0,20.0,39.0,65.0,79.0,102.0,114.0,146.0,204.0,214.0,216.0,222.0,256.0,280.0,347.0,367.0,404.0,411.0,413.0,418.0,439.0,475.0,511.0,514.0,520.0,530.0,533.0,539.0,542.0,546.0,553.0,558.0,566.0,566.0,568.0,572.0,580.0,591.0,609.0,610.0,618.0,626.0,640.0,641.0,642.0,644.0,648.0,649.0,651.0,651.0,655.0,672.0,679.0,680.0,719.0,728.0,735.0,749.0,768.0,814.0,848.0,865.0,879.0,899.0,907.0,924.0,952.0,970.0,986.0,
52.0,65.0,65.0,68.0,104.0,153.0,175.0,182.0,230.0,234.0,293.0,305.0,334.0,372.0,373.0,423.0,448.0,478.0,502.0,505.0,529.0,531.0,532.0,537.0,540.0,541.0,548.0,549.0,555.0,557.0,559.0,564.0,566.0,568.0,568.0,573.0,577.0,580.0,581.0,583.0,587.0,604.0,605.0,606.0,619.0,648.0,651.0,653.0,657.0,672.0,687.0,698.0,707.0,726.0,729.0,768.0,784.0,801.0,806.0,807.0,813.0,834.0,835.0,842.0,859.0,907.0,918.0,920.0,921.0,925.0,956.0,979.0,
21.0,101.0,127.0,139.0,154.0,165.0,189.0,210.0,247.0,262.0,279.0,298.0,312.0,356.0,371.0,383.0,412.0,418.0,426.0,436.0,458.0,511.0,519.0,523.0,536.0,536.0,539.0,540.0,540.0,545.0,547.0,548.0,549.0,555.0,564.0,564.0,575.0,580.0,582.0,585.0,589.0,606.0,607.0,619.0,626.0,628.0,635.0,648.0,661.0,689.0,694.0,701.0,704.0,717.0,720.0,731.0,732.0,736.0,738.0,742.0,765.0,772.0,825.0,877.0,911.0,916.0,924.0,946.0,958.0,
6.0,9.0,27.0,152.0,188.0,237.0,255.0,261.0,335.0,368.0,403.0,477.0,513.0,520.0,525.0,529.0,533.0,539.0,544.0,545.0,552.0,561.0,563.0,569.0,572.0,587.0,601.0,601.0,606.0,613.0,617.0,642.0,655.0,663.0,681.0,686.0,691.0,702.0,704.0,717.0,725.0,733.0,734.0,752.0,753.0,777.0,780.0,813.0,829.0,836.0,869.0,900.0,907.0,922.0,957.0,961.0,970.0,970.0,975.0,
9.0,15.0,72.0,90.0,113.0,141.0,222.0,226.0,233.0,233.0,263.0,280.0,286.0,307.0,369.0,434.0,472.0,485.0,499.0,505.0,518.0,526.0,529.0,529.0,532.0,552.0,561.0,564.0,566.0,567.0,573.0,574.0,577.0,587.0,594.0,595.0,599.0,604.0,625.0,631.0,636.0,658.0,684.0,695.0,699.0,720.0,724.0,731.0,741.0,743.0,782.0,804.0,816.0,818.0,869.0,892.0,907.0,936.0,942.0,952.0,957.0,969.0,
19.0,108.0,127.0,162.0,189.0,222.0,232.0,233.0,244.0,247.0,280.0,296.0,336.0,344.0,345.0,391.0,420.0,423.0,428.0,456.0,520.0,528.0,534.0,546.0,556.0,562.0,563.0,570.0,575.0,577.0,579.0,581.0,593.0,595.0,605.0,607.0,611.0,623.0,625.0,634.0,652.0,671.0,671.0,671.0,694.0,709.0,759.0,772.0,778.0,780.0,870.0,876.0,876.0,929.0,989.0,
4.0,8.0,29.0,59.0,63.0,76.0,92.0,122.0,173.0,176.0,179.0,207.0,245.0,288.0,309.0,337.0,344.0,351.0,374.0,386.0,407.0,413.0,439.0,457.0,467.0,486.0,491.0,527.0,534.0,544.0,545.0,545.0,563.0,569.0,572.0,574.0,580.0,609.0,616.0,621.0,628.0,630.0,632.0,656.0,667.0,728.0,745.0,768.0,777.0,813.0,813.0,838.0,852.0,856.0,872.0,874.0,885.0,900.0,910.0,951.0,955.0,
7.0,8.0,23.0,38.0,58.0,63.0,83.0,98.0,153.0,212.0,220.0,247.0,252.0,359.0,395.0,423.0,441.0,487.0,525.0,578.0,588.0,613.0,629.0,638.0,642.0,745.0,750.0,759.0,780.0,796.0,885.0,937.0,945.0,983.0,994.0,995.0,
69.0,75.0,119.0,220.0,247.0,313.0,340.0,346.0,365.0,425.0,428.0,433.0,461.0,470.0,512.0,525.0,527.0,531.0,533.0,536.0,543.0,564.0,572.0,576.0,582.0,586.0,587.0,590.0,592.0,622.0,623.0,629.0,637.0,645.0,649.0,654.0,688.0,689.0,694.0,727.0,735.0,750.0,770.0,775.0,785.0,818.0,825.0,829.0,877.0,891.0,906.0,919.0,942.0,957.0,967.0,967.0,978.0,979.0,992.0,994.0,997.0,
8.0,35.0,36.0,46.0,65.0,85.0,87.0,87.0,153.0,180.0,195.0,263.0,321.0,376.0,385.0,424.0,424.0,435.0,449.0,455.0,467.0,521.0,524.0,524.0,531.0,535.0,538.0,541.0,543.0,549.0,554.0,554.0,561.0,581.0,589.0,590.0,593.0,604.0,606.0,614.0,621.0,637.0,640.0,654.0,672.0,701.0,725.0,753.0,763.0,765.0,774.0,798.0,807.0,809.0,871.0,875.0,877.0,891.0,917.0,939.0,948.0,954.0,959.0,
10.0,26.0,29.0,106.0,114.0,116.0,130.0,166.0,182.0,193.0,195.0,277.0,303.0,329.0,332.0,349.0,371.0,371.0,377.0,403.0,410.0,416.0,423.0,427.0,448.0,474.0,484.0,487.0,531.0,532.0,535.0,536.0,541.0,555.0,556.0,556.0,569.0,571.0,573.0,580.0,582.0,586.0,588.0,588.0,591.0,601.0,619.0,625.0,626.0,645.0,658.0,662.0,663.0,675.0,698.0,703.0,703.0,765.0,787.0,788.0,789.0,810.0,822.0,823.0,828.0,832.0,845.0,847.0,856.0,862.0,876.0,881.0,894.0,913.0,917.0,960.0,984.0,
23.0,70.0,111.0,119.0,121.0,133.0,164.0,207.0,214.0,238.0,255.0,255.0,275.0,365.0,369.0,379.0,387.0,391.0,397.0,403.0,451.0,494.0,507.0,529.0,530.0,533.0,552.0,554.0,558.0,562.0,565.0,575.0,576.0,578.0,581.0,581.0,583.0,584.0,587.0,589.0,594.0,595.0,600.0,604.0,620.0,623.0,628.0,632.0,632.0,634.0,637.0,674.0,686.0,699.0,724.0,776.0,778.0,800.0,847.0,856.0,870.0,928.0,931.0,931.0,951.0,978.0,990.0,1000.0,
21.0,50.0,59.0,163.0,186.0,188.0,281.0,324.0,350.0,355.0,367.0,412.0,421.0,434.0,505.0,515.0,521.0,523.0,523.0,528.0,530.0,537.0,539.0,541.0,544.0,555.0,557.0,557.0,558.0,560.0,560.0,561.0,562.0,564.0,566.0,566.0,566.0,574.0,589.0,594.0,604.0,605.0,607.0,619.0,620.0,651.0,651.0,666.0,676.0,677.0,679.0,680.0,692.0,705.0,718.0,720.0,727.0,729.0,735.0,756.0,782.0,792.0,803.0,823.0,823.0,824.0,829.0,841.0,882.0,885.0,891.0,906.0,919.0,946.0,975.0,975.0,977.0,979.0,
37.0,86.0,90.0,104.0,126.0,127.0,156.0,189.0,192.0,211.0,224.0,237.0,255.0,287.0,309.0,446.0,474.0,517.0,539.0,541.0,545.0,545.0,552.0,552.0,552.0,555.0,555.0,557.0,558.0,567.0,583.0,583.0,584.0,589.0,609.0,619.0,640.0,646.0,672.0,680.0,689.0,724.0,733.0,743.0,744.0,760.0,787.0,808.0,842.0,867.0,932.0,936.0,947.0,949.0,973.0,981.0,
9.0,16.0,35.0,46.0,69.0,98.0,102.0,157.0,179.0,183.0,188.0,197.0,214.0,215.0,327.0,346.0,357.0,380.0,429.0,460.0,523.0,525.0,535.0,538.0,538.0,545.0,553.0,558.0,559.0,560.0,566.0,577.0,578.0,583.0,586.0,591.0,599.0,608.0,611.0,617.0,629.0,634.0,636.0,646.0,647.0,661.0,664.0,702.0,702.0,714.0,720.0,726.0,732.0,737.0,746.0,777.0,792.0,800.0,803.0,840.0,844.0,858.0,862.0,879.0,884.0,896.0,916.0,925.0,943.0,948.0,972.0,
14.0,67.0,87.0,259.0,265.0,322.0,393.0,395.0,407.0,462.0,462.0,524.0,533.0,539.0,546.0,549.0,552.0,562.0,568.0,573.0,584.0,586.0,586.0,587.0,589.0,592.0,592.0,594.0,617.0,619.0,638.0,656.0,662.0,669.0,680.0,683.0,692.0,726.0,794.0,828.0,829.0,840.0,886.0,899.0,907.0,908.0,913.0,924.0,938.0,
16.0,18.0,40.0,53.0,59.0,63.0,151.0,204.0,223.0,243.0,288.0,293.0,373.0,381.0,389.0,392.0,420.0,462.0,478.0,484.0,492.0,514.0,521.0,521.0,545.0,548.0,551.0,554.0,562.0,571.0,591.0,594.0,615.0,640.0,656.0,657.0,660.0,664.0,678.0,689.0,712.0,716.0,725.0,726.0,774.0,799.0,802.0,830.0,849.0,873.0,897.0,901.0,917.0,939.0,944.0,988.0,
56.0,78.0,244.0,313.0,336.0,387.0,387.0,388.0,409.0,418.0,435.0,437.0,484.0,506.0,519.0,521.0,524.0,544.0,547.0,616.0,703.0,784.0,928.0,953.0,982.0,
16.0,37.0,97.0,149.0,153.0,159.0,161.0,167.0,195.0,202.0,259.0,262.0,305.0,309.0,345.0,373.0,373.0,401.0,411.0,418.0,425.0,459.0,467.0,488.0,502.0,527.0,532.0,542.0,545.0,547.0,548.0,549.0,561.0,563.0,573.0,586.0,588.0,597.0,597.0,611.0,622.0,634.0,647.0,650.0,674.0,711.0,739.0,756.0,763.0,775.0,777.0,793.0,798.0,804.0,807.0,849.0,867.0,905.0,924.0,940.0,940.0,943.0,975.0,995.0,
6.0,7.0,56.0,95.0,123.0,147.0,196.0,224.0,290.0,295.0,307.0,324.0,339.0,344.0,379.0,420.0,454.0,488.0,541.0,543.0,557.0,566.0,572.0,575.0,581.0,600.0,607.0,618.0,631.0,636.0,638.0,647.0,650.0,662.0,663.0,676.0,679.0,683.0,694.0,729.0,736.0,758.0,764.0,772.0,781.0,790.0,793.0,795.0,799.0,814.0,841.0,845.0,850.0,867.0,878.0,888.0,925.0,958.0,977.0,
93.0,123.0,131.0,154.0,174.0,240.0,328.0,332.0,370.0,387.0,411.0,428.0,452.0,456.0,510.0,513.0,530.0,537.0,548.0,550.0,552.0,560.0,562.0,573.0,595.0,595.0,601.0,605.0,607.0,609.0,623.0,642.0,647.0,702.0,724.0,739.0,786.0,805.0,819.0,869.0,878.0,878.0,894.0,904.0,918.0,928.0,966.0,987.0,
4.0,135.0,151.0,172.0,182.0,214.0,215.0,223.0,249.0,287.0,303.0,306.0,338.0,380.0,387.0,415.0,527.0,528.0,534.0,546.0,553.0,560.0,566.0,566.0,567.0,572.0,572.0,578.0,584.0,593.0,603.0,625.0,628.0,630.0,642.0,662.0,664.0,712.0,727.0,729.0,731.0,764.0,816.0,867.0,873.0,906.0,907.0,948.0,969.0,973.0,981.0,994.0,
87.0,130.0,188.0,214.0,230.0,243.0,283.0,287.0,292.0,308.0,356.0,406.0,429.0,445.0,467.0,493.0,519.0,524.0,526.0,527.0,535.0,540.0,541.0,547.0,550.0,557.0,565.0,569.0,572.0,578.0,583.0,604.0,605.0,605.0,610.0,646.0,649.0,657.0,670.0,674.0,713.0,735.0,735.0,742.0,743.0,745.0,775.0,818.0,828.0,846.0,875.0,883.0,954.0,962.0,987.0,999.0,
4.0,11.0,30.0,43.0,44.0,50.0,86.0,187.0,188.0,205.0,211.0,214.0,219.0,328.0,349.0,372.0,388.0,410.0,474.0,477.0,530.0,532.0,547.0,557.0,557.0,567.0,575.0,577.0,582.0,593.0,594.0,602.0,603.0,606.0,613.0,617.0,623.0,636.0,654.0,656.0,667.0,698.0,709.0,735.0,739.0,741.0,751.0,770.0,794.0,818.0,826.0,836.0,836.0,838.0,851.0,863.0,935.0,943.0,949.0,958.0,986.0,997.0,
19.0,26.0,30.0,54.0,258.0,282.0,288.0,298.0,299.0,338.0,342.0,352.0,368.0,370.0,403.0,449.0,474.0,489.0,492.0,517.0,522.0,524.0,529.0,529.0,530.0,534.0,545.0,549.0,560.0,561.0,569.0,570.0,576.0,581.0,587.0,600.0,606.0,619.0,654.0,663.0,669.0,675.0,675.0,677.0,679.0,685.0,686.0,692.0,697.0,770.0,772.0,785.0,793.0,815.0,823.0,833.0,839.0,856.0,874.0,883.0,897.0,924.0,928.0,971.0,972.0,973.0,
35.0,106.0,118.0,170.0,231.0,255.0,279.0,322.0,337.0,407.0,441.0,460.0,474.0,512.0,515.0,515.0,521.0,521.0,529.0,531.0,536.0,536.0,542.0,548.0,549.0,550.0,558.0,562.0,566.0,572.0,572.0,573.0,585.0,598.0,608.0,621.0,631.0,634.0,653.0,655.0,670.0,676.0,679.0,697.0,707.0,748.0,752.0,758.0,758.0,763.0,771.0,773.0,785.0,788.0,797.0,797.0,810.0,824.0,831.0,850.0,857.0,858.0,872.0,910.0,918.0,919.0,940.0,961.0,963.0,974.0,
8.0,21.0,32.0,122.0,128.0,133.0,140.0,164.0,169.0,179.0,198.0,201.0,211.0,223.0,265.0,266.0,284.0,352.0,377.0,415.0,429.0,448.0,453.0,519.0,520.0,523.0,540.0,545.0,545.0,548.0,554.0,580.0,594.0,614.0,620.0,638.0,640.0,647.0,672.0,693.0,716.0,723.0,728.0,788.0,794.0,802.0,815.0,817.0,861.0,911.0,932.0,946.0,970.0,977.0,1000.0,
2.0,8.0,15.0,28.0,34.0,43.0,141.0,156.0,165.0,166.0,172.0,172.0,214.0,216.0,272.0,289.0,349.0,350.0,362.0,367.0,410.0,437.0,459.0,488.0,497.0,529.0,560.0,582.0,585.0,600.0,608.0,612.0,698.0,706.0,755.0,772.0,832.0,857.0,881.0,923.0,926.0,960.0,982.0,
21.0,56.0,136.0,191.0,238.0,268.0,283.0,318.0,337.0,340.0,358.0,380.0,445.0,488.0,498.0,503.0,554.0,558.0,572.0,580.0,584.0,608.0,614.0,662.0,679.0,684.0,704.0,725.0,726.0,727.0,735.0,778.0,809.0,846.0,859.0,867.0,899.0,907.0,938.0,995.0,
71.0,76.0,96.0,114.0,171.0,217.0,289.0,365.0,366.0,416.0,446.0,472.0,519.0,520.0,521.0,528.0,531.0,538.0,540.0,551.0,559.0,568.0,569.0,572.0,587.0,592.0,602.0,605.0,607.0,608.0,619.0,631.0,669.0,670.0,684.0,707.0,711.0,717.0,718.0,741.0,748.0,750.0,752.0,767.0,789.0,837.0,840.0,857.0,874.0,887.0,924.0,936.0,957.0,970.0,977.0,982.0,
16.0,34.0,76.0,153.0,223.0,253.0,292.0,295.0,298.0,298.0,309.0,325.0,329.0,339.0,361.0,407.0,496.0,506.0,511.0,512.0,523.0,533.0,533.0,535.0,537.0,538.0,539.0,543.0,549.0,560.0,562.0,562.0,578.0,584.0,588.0,594.0,597.0,603.0,609.0,614.0,616.0,620.0,634.0,636.0,647.0,653.0,656.0,672.0,696.0,707.0,714.0,715.0,724.0,726.0,728.0,729.0,735.0,769.0,773.0,774.0,812.0,864.0,872.0,884.0,894.0,902.0,922.0,935.0,953.0,954.0,955.0,991.0,994.0,
7.0,24.0,28.0,34.0,85.0,96.0,99.0,113.0,138.0,163.0,167.0,185.0,322.0,343.0,361.0,398.0,504.0,515.0,520.0,522.0,522.0,524.0,524.0,529.0,536.0,540.0,541.0,548.0,552.0,553.0,555.0,555.0,559.0,559.0,560.0,591.0,592.0,600.0,617.0,622.0,623.0,629.0,636.0,642.0,683.0,708.0,718.0,736.0,771.0,787.0,818.0,832.0,836.0,842.0,844.0,862.0,893.0,934.0,939.0,949.0,964.0,966.0,971.0,977.0,978.0,982.0,990.0,
100.0,104.0,127.0,143.0,159.0,162.0,192.0,219.0,259.0,329.0,329.0,396.0,483.0,505.0,523.0,526.0,531.0,533.0,537.0,545.0,545.0,551.0,551.0,559.0,568.0,568.0,571.0,572.0,574.0,574.0,574.0,580.0,585.0,585.0,586.0,587.0,591.0,604.0,612.0,633.0,639.0,644.0,651.0,652.0,652.0,738.0,750.0,757.0,757.0,761.0,787.0,816.0,833.0,851.0,883.0,891.0,919.0,931.0,947.0,968.0,981.0,984.0,994.0,
9.0,107.0,123.0,126.0,141.0,144.0,168.0,189.0,221.0,292.0,295.0,296.0,343.0,365.0,375.0,402.0,466.0,521.0,528.0,529.0,531.0,533.0,533.0,533.0,534.0,551.0,553.0,555.0,556.0,558.0,560.0,560.0,561.0,563.0,566.0,567.0,572.0,579.0,580.0,585.0,602.0,602.0,608.0,642.0,661.0,683.0,697.0,705.0,712.0,735.0,736.0,739.0,754.0,772.0,796.0,808.0,810.0,830.0,831.0,833.0,849.0,856.0,882.0,894.0,898.0,921.0,926.0,964.0,973.0,
68.0,108.0,133.0,161.0,164.0,170.0,171.0,220.0,256.0,287.0,288.0,300.0,305.0,358.0,373.0,409.0,414.0,421.0,455.0,457.0,497.0,512.0,512.0,521.0,524.0,527.0,533.0,546.0,554.0,561.0,566.0,577.0,587.0,593.0,601.0,605.0,615.0,624.0,626.0,639.0,655.0,667.0,669.0,678.0,724.0,734.0,744.0,769.0,770.0,801.0,801.0,802.0,803.0,807.0,818.0,834.0,850.0,851.0,854.0,877.0,887.0,933.0,981.0,984.0,991.0,993.0,
38.0,61.0,86.0,104.0,125.0,165.0,197.0,198.0,211.0,227.0,234.0,267.0,325.0,385.0,404.0,430.0,439.0,513.0,532.0,533.0,538.0,539.0,546.0,547.0,549.0,550.0,552.0,567.0,576.0,580.0,586.0,594.0,599.0,614.0,626.0,633.0,634.0,634.0,702.0,709.0,714.0,717.0,720.0,723.0,741.0,741.0,751.0,753.0,753.0,779.0,795.0,812.0,835.0,836.0,839.0,840.0,843.0,853.0,899.0,924.0,933.0,949.0,956.0,993.0,
29.0,89.0,98.0,157.0,159.0,166.0,196.0,233.0,302.0,346.0,364.0,380.0,380.0,383.0,423.0,435.0,502.0,520.0,520.0,523.0,526.0,534.0,537.0,547.0,575.0,596.0,622.0,622.0,632.0,633.0,640.0,662.0,683.0,712.0,728.0,739.0,804.0,826.0,882.0,927.0,977.0,993.0,
12.0,76.0,112.0,141.0,177.0,288.0,322.0,327.0,336.0,342.0,349.0,359.0,371.0,373.0,386.0,424.0,440.0,454.0,486.0,568.0,574.0,586.0,593.0,616.0,685.0,694.0,703.0,707.0,752.0,777.0,804.0,818.0,818.0,844.0,941.0,1000.0,
109.0,154.0,161.0,167.0,196.0,202.0,277.0,278.0,317.0,347.0,356.0,378.0,410.0,452.0,488.0,505.0,518.0,574.0,588.0,602.0,610.0,616.0,680.0,759.0,780.0,835.0,942.0,953.0,985.0,988.0,
11.0,32.0,51.0,62.0,69.0,105.0,126.0,196.0,198.0,238.0,238.0,267.0,300.0,329.0,351.0,361.0,380.0,386.0,406.0,434.0,466.0,553.0,557.0,566.0,585.0,593.0,603.0,604.0,626.0,633.0,649.0,697.0,728.0,740.0,751.0,767.0,778.0,817.0,823.0,830.0,880.0,898.0,935.0,
18.0,92.0,94.0,103.0,112.0,118.0,144.0,157.0,167.0,174.0,205.0,206.0,216.0,221.0,238.0,246.0,255.0,285.0,295.0,314.0,329.0,389.0,398.0,404.0,405.0,424.0,459.0,469.0,490.0,498.0,503.0,519.0,531.0,536.0,551.0,554.0,555.0,565.0,579.0,582.0,592.0,593.0,595.0,611.0,621.0,650.0,668.0,685.0,714.0,714.0,719.0,721.0,744.0,751.0,755.0,758.0,767.0,800.0,804.0,821.0,850.0,870.0,874.0,897.0,927.0,929.0,976.0,
5.0,11.0,34.0,71.0,83.0,86.0,147.0,163.0,176.0,219.0,223.0,251.0,252.0,257.0,274.0,297.0,301.0,411.0,412.0,414.0,423.0,468.0,487.0,492.0,501.0,505.0,521.0,521.0,524.0,526.0,530.0,540.0,541.0,541.0,544.0,546.0,549.0,556.0,558.0,559.0,579.0,581.0,611.0,612.0,629.0,675.0,698.0,723.0,731.0,734.0,763.0,776.0,793.0,809.0,812.0,818.0,840.0,842.0,846.0,847.0,853.0,877.0,885.0,904.0,909.0,949.0,949.0,961.0,962.0,985.0,994.0,
14.0,39.0,49.0,102.0,151.0,158.0,164.0,216.0,222.0,243.0,247.0,247.0,267.0,294.0,321.0,369.0,376.0,410.0,415.0,415.0,431.0,520.0,532.0,536.0,539.0,543.0,548.0,556.0,558.0,560.0,565.0,569.0,577.0,580.0,584.0,592.0,601.0,618.0,632.0,633.0,648.0,662.0,663.0,668.0,678.0,688.0,690.0,702.0,703.0,719.0,733.0,735.0,736.0,744.0,745.0,752.0,767.0,783.0,797.0,840.0,840.0,879.0,879.0,914.0,916.0,927.0,942.0,963.0,974.0,994.0,994.0,
8.0,38.0,49.0,52.0,72.0,82.0,167.0,191.0,225.0,251.0,298.0,366.0,368.0,376.0,385.0,405.0,462.0,485.0,511.0,516.0,526.0,527.0,529.0,549.0,549.0,557.0,558.0,561.0,566.0,566.0,570.0,581.0,583.0,586.0,596.0,604.0,617.0,619.0,621.0,627.0,629.0,638.0,641.0,652.0,660.0,661.0,664.0,671.0,718.0,726.0,736.0,750.0,752.0,760.0,770.0,776.0,776.0,779.0,799.0,811.0,816.0,849.0,894.0,904.0,905.0,929.0,931.0,932.0,942.0,942.0,948.0,
137.0,145.0,147.0,156.0,206.0,215.0,252.0,273.0,301.0,303.0,316.0,386.0,386.0,417.0,461.0,466.0,473.0,518.0,520.0,523.0,528.0,534.0,540.0,546.0,584.0,598.0,603.0,605.0,608.0,623.0,640.0,644.0,664.0,668.0,701.0,720.0,733.0,765.0,790.0,801.0,806.0,814.0,823.0,828.0,828.0,841.0,845.0,845.0,847.0,851.0,881.0,889.0,907.0,919.0,923.0,931.0,934.0,947.0,972.0,979.0,983.0,997.0,
18.0,35.0,46.0,64.0,76.0,94.0,111.0,137.0,154.0,222.0,277.0,279.0,284.0,322.0,334.0,359.0,368.0,421.0,441.0,444.0,450.0,455.0,493.0,503.0,514.0,542.0,544.0,547.0,556.0,559.0,566.0,611.0,660.0,703.0,705.0,713.0,737.0,781.0,845.0,857.0,876.0,937.0,957.0,965.0,
63.0,69.0,125.0,144.0,151.0,156.0,208.0,223.0,299.0,303.0,333.0,441.0,481.0,493.0,503.0,506.0,508.0,655.0,664.0,719.0,767.0,799.0,823.0,852.0,866.0,896.0,934.0,
