66.0,70.0,75.0,94.0,112.0,116.0,184.0,256.0,300.0,301.0,331.0,334.0,372.0,377.0,384.0,450.0,490.0,493.0,503.0,520.0,553.0,574.0,587.0,621.0,665.0,685.0,824.0,836.0,843.0,865.0,878.0,881.0,888.0,928.0,941.0,
26.0,33.0,33.0,39.0,40.0,80.0,96.0,108.0,149.0,195.0,283.0,297.0,328.0,347.0,372.0,378.0,426.0,506.0,507.0,581.0,624.0,698.0,715.0,759.0,850.0,854.0,865.0,945.0,946.0,953.0,
6.0,19.0,47.0,87.0,114.0,128.0,136.0,140.0,181.0,191.0,204.0,233.0,243.0,336.0,338.0,341.0,353.0,380.0,411.0,443.0,469.0,484.0,546.0,546.0,580.0,665.0,669.0,683.0,752.0,825.0,901.0,943.0,949.0,
17.0,60.0,69.0,115.0,117.0,156.0,221.0,227.0,265.0,312.0,316.0,334.0,338.0,360.0,413.0,419.0,447.0,467.0,470.0,499.0,545.0,572.0,573.0,600.0,817.0,823.0,830.0,836.0,837.0,867.0,901.0,962.0,989.0,
15.0,17.0,33.0,60.0,89.0,99.0,107.0,126.0,244.0,248.0,264.0,279.0,301.0,313.0,382.0,385.0,450.0,484.0,491.0,491.0,517.0,607.0,611.0,733.0,735.0,764.0,792.0,818.0,845.0,870.0,876.0,919.0,
21.0,36.0,44.0,55.0,56.0,114.0,145.0,269.0,280.0,285.0,320.0,336.0,355.0,378.0,409.0,439.0,478.0,495.0,495.0,549.0,599.0,601.0,606.0,662.0,671.0,710.0,785.0,792.0,817.0,849.0,851.0,864.0,908.0,918.0,944.0,967.0,971.0,979.0,
34.0,59.0,80.0,113.0,121.0,156.0,159.0,165.0,169.0,172.0,193.0,206.0,250.0,255.0,305.0,320.0,410.0,433.0,545.0,613.0,676.0,687.0,754.0,758.0,794.0,821.0,840.0,845.0,879.0,879.0,895.0,926.0,926.0,927.0,935.0,961.0,973.0,
66.0,74.0,78.0,111.0,133.0,161.0,251.0,292.0,313.0,317.0,321.0,363.0,412.0,414.0,471.0,520.0,553.0,581.0,621.0,763.0,780.0,791.0,812.0,848.0,885.0,908.0,958.0,970.0,
24.0,112.0,133.0,136.0,139.0,149.0,153.0,209.0,284.0,303.0,375.0,376.0,391.0,441.0,462.0,483.0,536.0,566.0,631.0,683.0,689.0,689.0,807.0,831.0,834.0,843.0,899.0,917.0,919.0,998.0,999.0,
8.0,38.0,66.0,77.0,106.0,125.0,227.0,241.0,296.0,310.0,347.0,353.0,359.0,416.0,454.0,476.0,489.0,508.0,554.0,559.0,648.0,683.0,702.0,736.0,826.0,842.0,868.0,892.0,943.0,947.0,953.0,964.0,965.0,965.0,
80.0,142.0,168.0,193.0,205.0,215.0,321.0,433.0,488.0,500.0,517.0,521.0,531.0,604.0,681.0,735.0,838.0,846.0,871.0,875.0,891.0,958.0,987.0,
25.0,34.0,39.0,52.0,86.0,105.0,109.0,130.0,137.0,164.0,237.0,272.0,307.0,340.0,366.0,372.0,387.0,417.0,434.0,449.0,484.0,491.0,532.0,591.0,595.0,635.0,690.0,732.0,748.0,792.0,887.0,912.0,955.0,
6.0,8.0,79.0,96.0,118.0,161.0,175.0,214.0,240.0,263.0,267.0,374.0,375.0,376.0,380.0,388.0,412.0,426.0,446.0,448.0,449.0,457.0,464.0,525.0,533.0,563.0,568.0,573.0,584.0,591.0,618.0,624.0,626.0,630.0,654.0,667.0,676.0,687.0,706.0,733.0,780.0,848.0,871.0,889.0,988.0,999.0,
10.0,20.0,28.0,69.0,71.0,95.0,95.0,101.0,113.0,119.0,206.0,212.0,219.0,222.0,231.0,295.0,314.0,368.0,369.0,373.0,403.0,426.0,454.0,457.0,495.0,514.0,517.0,518.0,523.0,523.0,547.0,550.0,554.0,562.0,567.0,581.0,590.0,596.0,605.0,609.0,642.0,646.0,656.0,657.0,662.0,673.0,681.0,707.0,722.0,736.0,744.0,788.0,808.0,808.0,808.0,824.0,827.0,830.0,841.0,853.0,853.0,856.0,874.0,894.0,917.0,923.0,931.0,936.0,952.0,961.0,961.0,969.0,976.0,989.0,
47.0,63.0,70.0,84.0,89.0,98.0,226.0,228.0,232.0,233.0,311.0,335.0,344.0,353.0,354.0,374.0,384.0,422.0,427.0,435.0,513.0,524.0,531.0,535.0,537.0,541.0,544.0,544.0,547.0,547.0,554.0,557.0,575.0,580.0,587.0,593.0,595.0,601.0,608.0,610.0,623.0,657.0,678.0,684.0,689.0,689.0,696.0,711.0,711.0,725.0,727.0,744.0,748.0,750.0,757.0,780.0,789.0,792.0,792.0,802.0,823.0,824.0,846.0,858.0,869.0,877.0,887.0,921.0,954.0,977.0,983.0,992.0,
6.0,34.0,50.0,76.0,98.0,129.0,166.0,197.0,207.0,243.0,293.0,329.0,346.0,365.0,371.0,442.0,448.0,481.0,491.0,504.0,505.0,509.0,523.0,532.0,534.0,541.0,548.0,550.0,551.0,554.0,556.0,566.0,590.0,591.0,592.0,609.0,649.0,670.0,672.0,678.0,711.0,712.0,719.0,737.0,752.0,770.0,777.0,815.0,824.0,825.0,826.0,852.0,853.0,863.0,865.0,878.0,880.0,884.0,896.0,910.0,913.0,936.0,941.0,957.0,969.0,973.0,998.0,
20.0,36.0,99.0,103.0,110.0,170.0,181.0,214.0,221.0,226.0,237.0,306.0,329.0,375.0,382.0,418.0,422.0,425.0,437.0,454.0,512.0,517.0,518.0,518.0,524.0,526.0,530.0,537.0,539.0,540.0,541.0,560.0,561.0,564.0,571.0,573.0,588.0,589.0,594.0,595.0,597.0,606.0,617.0,634.0,636.0,639.0,644.0,652.0,654.0,666.0,673.0,686.0,690.0,699.0,704.0,715.0,719.0,749.0,780.0,810.0,812.0,814.0,828.0,829.0,831.0,850.0,863.0,864.0,902.0,911.0,968.0,986.0,999.0,1000.0,
4.0,124.0,130.0,162.0,205.0,333.0,364.0,379.0,412.0,413.0,429.0,430.0,440.0,516.0,527.0,538.0,545.0,545.0,550.0,561.0,573.0,579.0,582.0,594.0,603.0,605.0,622.0,627.0,670.0,677.0,683.0,690.0,695.0,707.0,740.0,746.0,786.0,786.0,795.0,801.0,842.0,844.0,844.0,871.0,880.0,903.0,930.0,971.0,
2.0,4.0,49.0,67.0,77.0,99.0,102.0,127.0,136.0,164.0,196.0,214.0,221.0,280.0,332.0,396.0,419.0,441.0,449.0,489.0,561.0,564.0,598.0,605.0,665.0,681.0,699.0,709.0,787.0,835.0,845.0,853.0,865.0,867.0,892.0,975.0,
8.0,23.0,61.0,116.0,141.0,146.0,148.0,180.0,199.0,203.0,233.0,316.0,324.0,325.0,373.0,374.0,381.0,397.0,460.0,524.0,529.0,545.0,547.0,563.0,647.0,650.0,684.0,759.0,779.0,822.0,832.0,881.0,
6.0,39.0,63.0,69.0,103.0,141.0,142.0,208.0,215.0,220.0,282.0,451.0,462.0,473.0,488.0,511.0,566.0,642.0,679.0,692.0,701.0,727.0,744.0,745.0,750.0,767.0,782.0,796.0,902.0,983.0,989.0,
17.0,20.0,42.0,45.0,86.0,92.0,99.0,159.0,186.0,206.0,221.0,225.0,248.0,250.0,251.0,253.0,266.0,321.0,349.0,363.0,403.0,431.0,444.0,451.0,497.0,528.0,555.0,577.0,579.0,579.0,582.0,603.0,613.0,631.0,634.0,660.0,680.0,694.0,698.0,767.0,781.0,810.0,841.0,861.0,864.0,870.0,931.0,
35.0,59.0,91.0,104.0,117.0,134.0,143.0,168.0,264.0,318.0,322.0,347.0,353.0,355.0,361.0,376.0,510.0,514.0,529.0,531.0,532.0,534.0,553.0,553.0,556.0,563.0,567.0,571.0,574.0,574.0,604.0,616.0,650.0,651.0,658.0,660.0,661.0,662.0,662.0,677.0,679.0,684.0,702.0,702.0,707.0,723.0,724.0,730.0,735.0,744.0,780.0,787.0,816.0,832.0,841.0,887.0,893.0,896.0,905.0,920.0,920.0,963.0,971.0,994.0,996.0,
4.0,25.0,36.0,40.0,51.0,66.0,98.0,141.0,149.0,201.0,237.0,289.0,290.0,297.0,309.0,336.0,344.0,346.0,440.0,441.0,469.0,478.0,487.0,514.0,533.0,535.0,535.0,537.0,541.0,541.0,543.0,556.0,556.0,560.0,569.0,572.0,576.0,585.0,593.0,593.0,602.0,603.0,607.0,631.0,640.0,658.0,660.0,674.0,678.0,679.0,683.0,684.0,705.0,739.0,741.0,750.0,751.0,807.0,814.0,819.0,837.0,860.0,865.0,894.0,898.0,922.0,958.0,962.0,966.0,996.0,
84.0,88.0,99.0,117.0,125.0,145.0,156.0,160.0,277.0,281.0,304.0,307.0,311.0,332.0,344.0,359.0,360.0,385.0,441.0,446.0,463.0,497.0,524.0,525.0,526.0,533.0,543.0,546.0,547.0,556.0,558.0,560.0,566.0,567.0,573.0,582.0,584.0,586.0,600.0,605.0,614.0,627.0,629.0,629.0,637.0,642.0,643.0,645.0,649.0,649.0,656.0,671.0,674.0,675.0,678.0,685.0,724.0,733.0,733.0,742.0,777.0,812.0,819.0,819.0,821.0,830.0,840.0,868.0,874.0,880.0,883.0,888.0,899.0,906.0,919.0,919.0,927.0,959.0,959.0,
2.0,19.0,48.0,77.0,93.0,114.0,191.0,195.0,241.0,252.0,253.0,291.0,329.0,388.0,406.0,441.0,452.0,461.0,469.0,505.0,512.0,523.0,524.0,527.0,529.0,529.0,537.0,538.0,538.0,541.0,549.0,549.0,556.0,558.0,559.0,561.0,565.0,570.0,573.0,581.0,595.0,597.0,612.0,614.0,617.0,620.0,634.0,647.0,649.0,667.0,668.0,670.0,674.0,687.0,693.0,693.0,721.0,735.0,737.0,745.0,761.0,765.0,805.0,847.0,850.0,889.0,899.0,915.0,933.0,937.0,942.0,962.0,980.0,
14.0,26.0,27.0,48.0,53.0,114.0,158.0,166.0,219.0,221.0,224.0,265.0,296.0,303.0,335.0,362.0,395.0,417.0,422.0,462.0,509.0,531.0,535.0,538.0,539.0,541.0,542.0,546.0,549.0,550.0,552.0,561.0,575.0,583.0,583.0,586.0,587.0,588.0,588.0,589.0,595.0,600.0,613.0,620.0,634.0,638.0,654.0,668.0,676.0,677.0,682.0,683.0,701.0,713.0,742.0,757.0,761.0,803.0,807.0,808.0,860.0,880.0,892.0,895.0,937.0,960.0,
9.0,12.0,36.0,41.0,66.0,123.0,144.0,168.0,197.0,200.0,201.0,303.0,329.0,370.0,373.0,413.0,422.0,469.0,492.0,504.0,516.0,517.0,525.0,529.0,535.0,538.0,541.0,547.0,549.0,554.0,555.0,556.0,557.0,561.0,562.0,577.0,623.0,626.0,631.0,651.0,661.0,670.0,681.0,684.0,687.0,695.0,699.0,703.0,711.0,728.0,729.0,733.0,740.0,742.0,743.0,765.0,767.0,771.0,771.0,795.0,802.0,802.0,813.0,834.0,836.0,840.0,865.0,872.0,893.0,897.0,914.0,917.0,925.0,933.0,941.0,954.0,964.0,989.0,
3.0,76.0,97.0,114.0,144.0,167.0,198.0,256.0,269.0,279.0,310.0,341.0,351.0,381.0,388.0,427.0,431.0,456.0,481.0,497.0,517.0,525.0,532.0,541.0,544.0,552.0,555.0,556.0,558.0,558.0,573.0,582.0,592.0,615.0,623.0,625.0,632.0,633.0,648.0,650.0,664.0,678.0,679.0,697.0,703.0,711.0,750.0,757.0,761.0,776.0,781.0,816.0,838.0,853.0,867.0,871.0,871.0,886.0,901.0,905.0,912.0,966.0,
4.0,5.0,7.0,17.0,47.0,76.0,131.0,144.0,149.0,173.0,212.0,216.0,237.0,260.0,269.0,270.0,343.0,402.0,403.0,409.0,431.0,466.0,471.0,482.0,520.0,522.0,534.0,575.0,579.0,613.0,644.0,662.0,663.0,671.0,672.0,689.0,750.0,792.0,827.0,828.0,888.0,937.0,943.0,970.0,980.0,981.0,
6.0,77.0,101.0,101.0,150.0,200.0,213.0,215.0,226.0,245.0,247.0,263.0,274.0,325.0,448.0,521.0,529.0,562.0,695.0,764.0,777.0,785.0,893.0,894.0,970.0,988.0,996.0,
26.0,106.0,114.0,127.0,128.0,131.0,135.0,193.0,193.0,203.0,258.0,331.0,344.0,384.0,397.0,432.0,438.0,466.0,513.0,525.0,527.0,537.0,538.0,539.0,541.0,547.0,558.0,563.0,568.0,571.0,571.0,580.0,594.0,595.0,604.0,615.0,629.0,633.0,656.0,663.0,693.0,703.0,704.0,728.0,733.0,733.0,773.0,779.0,810.0,846.0,851.0,895.0,902.0,911.0,920.0,921.0,950.0,952.0,954.0,966.0,
9.0,28.0,35.0,43.0,44.0,51.0,56.0,64.0,114.0,124.0,187.0,218.0,266.0,290.0,295.0,376.0,413.0,434.0,480.0,495.0,497.0,514.0,520.0,526.0,530.0,535.0,537.0,540.0,543.0,548.0,552.0,552.0,556.0,559.0,559.0,563.0,564.0,569.0,592.0,598.0,598.0,600.0,601.0,612.0,612.0,613.0,618.0,622.0,624.0,630.0,643.0,654.0,663.0,675.0,696.0,697.0,714.0,714.0,719.0,732.0,772.0,778.0,780.0,784.0,791.0,801.0,810.0,824.0,834.0,839.0,866.0,910.0,917.0,927.0,928.0,935.0,940.0,988.0,990.0,993.0,
16.0,94.0,101.0,116.0,164.0,208.0,213.0,244.0,329.0,329.0,354.0,364.0,406.0,433.0,480.0,500.0,512.0,530.0,534.0,535.0,535.0,538.0,541.0,542.0,544.0,547.0,550.0,550.0,557.0,561.0,565.0,571.0,605.0,623.0,649.0,654.0,654.0,663.0,664.0,673.0,679.0,680.0,686.0,688.0,689.0,690.0,695.0,703.0,716.0,729.0,745.0,748.0,759.0,762.0,780.0,811.0,815.0,835.0,904.0,963.0,980.0,
10.0,17.0,22.0,64.0,149.0,158.0,190.0,220.0,240.0,243.0,289.0,362.0,421.0,467.0,511.0,525.0,528.0,530.0,531.0,532.0,534.0,538.0,540.0,540.0,543.0,544.0,554.0,561.0,578.0,599.0,601.0,620.0,624.0,630.0,630.0,635.0,640.0,647.0,655.0,669.0,671.0,710.0,716.0,738.0,750.0,753.0,797.0,842.0,856.0,875.0,883.0,892.0,905.0,907.0,933.0,942.0,948.0,958.0,976.0,
8.0,22.0,32.0,67.0,74.0,78.0,115.0,163.0,169.0,169.0,187.0,191.0,255.0,266.0,280.0,283.0,289.0,353.0,383.0,403.0,434.0,439.0,452.0,474.0,491.0,503.0,524.0,527.0,546.0,551.0,556.0,558.0,564.0,566.0,571.0,578.0,584.0,586.0,596.0,597.0,603.0,606.0,623.0,630.0,638.0,642.0,657.0,685.0,711.0,719.0,735.0,783.0,797.0,816.0,850.0,874.0,984.0,
17.0,69.0,91.0,93.0,101.0,102.0,214.0,221.0,236.0,288.0,305.0,308.0,320.0,334.0,414.0,431.0,443.0,462.0,468.0,491.0,521.0,523.0,527.0,530.0,536.0,544.0,544.0,546.0,546.0,556.0,571.0,584.0,589.0,597.0,599.0,601.0,605.0,642.0,642.0,662.0,673.0,688.0,706.0,722.0,722.0,747.0,768.0,768.0,770.0,773.0,777.0,795.0,833.0,844.0,848.0,864.0,878.0,885.0,955.0,962.0,984.0,
5.0,125.0,137.0,147.0,174.0,180.0,212.0,234.0,239.0,239.0,240.0,323.0,378.0,398.0,407.0,420.0,422.0,437.0,494.0,529.0,534.0,536.0,542.0,559.0,561.0,563.0,575.0,575.0,576.0,598.0,638.0,661.0,698.0,728.0,741.0,789.0,808.0,837.0,860.0,868.0,882.0,886.0,900.0,913.0,943.0,974.0,977.0,988.0,990.0,
35.0,49.0,61.0,77.0,107.0,132.0,157.0,161.0,175.0,189.0,231.0,240.0,246.0,289.0,304.0,361.0,387.0,397.0,398.0,470.0,496.0,527.0,528.0,540.0,543.0,546.0,546.0,547.0,560.0,578.0,603.0,627.0,634.0,635.0,638.0,649.0,674.0,700.0,743.0,772.0,803.0,821.0,881.0,891.0,893.0,896.0,905.0,922.0,934.0,938.0,952.0,964.0,987.0,999.0,
4.0,8.0,23.0,51.0,67.0,77.0,86.0,99.0,118.0,129.0,165.0,209.0,246.0,290.0,291.0,327.0,349.0,485.0,487.0,495.0,534.0,549.0,553.0,562.0,562.0,565.0,568.0,569.0,569.0,581.0,583.0,583.0,585.0,597.0,610.0,611.0,615.0,631.0,631.0,639.0,647.0,711.0,723.0,726.0,739.0,759.0,776.0,784.0,788.0,790.0,792.0,805.0,806.0,826.0,837.0,846.0,852.0,854.0,860.0,891.0,918.0,928.0,933.0,938.0,947.0,985.0,
11.0,60.0,92.0,160.0,171.0,213.0,214.0,214.0,302.0,314.0,318.0,341.0,357.0,358.0,378.0,558.0,562.0,571.0,591.0,627.0,734.0,760.0,763.0,776.0,877.0,927.0,
8.0,80.0,126.0,185.0,252.0,310.0,314.0,489.0,516.0,532.0,532.0,535.0,537.0,539.0,540.0,544.0,556.0,558.0,559.0,560.0,565.0,567.0,569.0,575.0,579.0,590.0,594.0,596.0,610.0,630.0,649.0,660.0,662.0,670.0,691.0,720.0,732.0,735.0,736.0,749.0,757.0,765.0,769.0,770.0,794.0,842.0,868.0,873.0,878.0,934.0,951.0,962.0,968.0,975.0,988.0,999.0,
17.0,86.0,121.0,189.0,271.0,309.0,332.0,350.0,409.0,458.0,467.0,474.0,528.0,541.0,543.0,545.0,547.0,549.0,552.0,558.0,560.0,564.0,567.0,580.0,592.0,599.0,607.0,607.0,621.0,631.0,648.0,649.0,655.0,658.0,661.0,669.0,669.0,672.0,696.0,704.0,720.0,726.0,741.0,763.0,781.0,814.0,844.0,845.0,868.0,880.0,908.0,921.0,929.0,939.0,945.0,946.0,957.0,961.0,977.0,993.0,
6.0,113.0,125.0,140.0,148.0,161.0,257.0,262.0,285.0,287.0,304.0,306.0,339.0,355.0,358.0,364.0,374.0,396.0,399.0,411.0,456.0,500.0,523.0,528.0,537.0,541.0,550.0,552.0,570.0,571.0,572.0,616.0,622.0,625.0,626.0,634.0,635.0,643.0,643.0,655.0,656.0,659.0,660.0,675.0,775.0,782.0,797.0,816.0,874.0,876.0,889.0,892.0,908.0,914.0,946.0,946.0,973.0,998.0,
9.0,15.0,43.0,124.0,163.0,173.0,179.0,192.0,269.0,358.0,371.0,388.0,424.0,428.0,457.0,518.0,521.0,523.0,524.0,527.0,529.0,538.0,539.0,540.0,544.0,556.0,563.0,566.0,568.0,576.0,587.0,588.0,599.0,605.0,611.0,626.0,665.0,679.0,709.0,714.0,714.0,734.0,741.0,752.0,778.0,786.0,801.0,808.0,827.0,890.0,914.0,924.0,930.0,942.0,962.0,965.0,972.0,972.0,981.0,990.0,999.0,999.0,
11.0,31.0,77.0,95.0,98.0,114.0,146.0,180.0,243.0,291.0,337.0,342.0,369.0,375.0,409.0,409.0,440.0,448.0,524.0,529.0,533.0,533.0,536.0,536.0,541.0,545.0,561.0,561.0,565.0,573.0,579.0,586.0,596.0,607.0,608.0,633.0,636.0,649.0,653.0,654.0,687.0,688.0,696.0,730.0,731.0,735.0,735.0,755.0,777.0,780.0,810.0,840.0,854.0,866.0,870.0,877.0,889.0,894.0,901.0,906.0,915.0,931.0,963.0,968.0,969.0,992.0,1000.0,
3.0,11.0,17.0,49.0,55.0,76.0,105.0,106.0,112.0,135.0,138.0,191.0,200.0,205.0,233.0,253.0,269.0,275.0,276.0,299.0,367.0,385.0,399.0,481.0,489.0,517.0,526.0,530.0,536.0,542.0,549.0,550.0,551.0,558.0,564.0,565.0,567.0,570.0,579.0,589.0,591.0,595.0,599.0,603.0,629.0,629.0,638.0,638.0,652.0,660.0,666.0,671.0,671.0,672.0,679.0,679.0,690.0,708.0,709.0,719.0,720.0,762.0,770.0,775.0,787.0,795.0,806.0,811.0,811.0,829.0,850.0,855.0,868.0,888.0,954.0,972.0,974.0,985.0,987.0,
18.0,19.0,56.0,119.0,121.0,196.0,205.0,224.0,230.0,298.0,308.0,338.0,427.0,434.0,466.0,471.0,514.0,515.0,520.0,522.0,522.0,531.0,533.0,535.0,537.0,542.0,544.0,544.0,548.0,558.0,570.0,570.0,574.0,574.0,580.0,582.0,583.0,591.0,598.0,599.0,600.0,624.0,626.0,627.0,649.0,653.0,661.0,669.0,671.0,733.0,746.0,750.0,758.0,768.0,770.0,819.0,827.0,838.0,861.0,874.0,884.0,886.0,899.0,911.0,911.0,922.0,
4.0,24.0,31.0,125.0,156.0,234.0,295.0,312.0,321.0,353.0,414.0,456.0,501.0,512.0,526.0,529.0,529.0,530.0,534.0,542.0,550.0,562.0,562.0,563.0,565.0,565.0,575.0,584.0,587.0,591.0,595.0,605.0,648.0,678.0,679.0,683.0,689.0,693.0,710.0,719.0,742.0,753.0,765.0,771.0,777.0,805.0,819.0,849.0,853.0,860.0,869.0,892.0,907.0,920.0,940.0,948.0,966.0,982.0,997.0,
103.0,103.0,127.0,151.0,179.0,186.0,219.0,220.0,227.0,239.0,247.0,280.0,283.0,292.0,350.0,421.0,427.0,447.0,459.0,484.0,512.0,516.0,521.0,535.0,542.0,543.0,543.0,545.0,551.0,553.0,555.0,564.0,570.0,570.0,570.0,575.0,577.0,586.0,591.0,594.0,594.0,603.0,607.0,609.0,615.0,642.0,651.0,657.0,661.0,668.0,669.0,672.0,675.0,682.0,706.0,710.0,711.0,712.0,730.0,740.0,767.0,770.0,775.0,776.0,778.0,780.0,783.0,786.0,789.0,791.0,827.0,832.0,837.0,842.0,846.0,852.0,862.0,868.0,903.0,905.0,908.0,911.0,912.0,915.0,924.0,936.0,967.0,971.0,
4.0,41.0,56.0,84.0,92.0,193.0,209.0,211.0,246.0,256.0,281.0,304.0,336.0,343.0,371.0,385.0,389.0,396.0,413.0,434.0,455.0,459.0,506.0,539.0,551.0,555.0,565.0,569.0,612.0,673.0,674.0,677.0,758.0,759.0,772.0,833.0,898.0,933.0,986.0,
64.0,84.0,96.0,96.0,110.0,131.0,133.0,142.0,172.0,176.0,188.0,194.0,209.0,227.0,245.0,251.0,273.0,279.0,305.0,308.0,315.0,369.0,375.0,392.0,411.0,417.0,495.0,528.0,531.0,535.0,536.0,558.0,562.0,569.0,569.0,571.0,582.0,583.0,589.0,592.0,593.0,597.0,600.0,614.0,639.0,652.0,660.0,666.0,668.0,675.0,692.0,694.0,697.0,716.0,724.0,745.0,759.0,775.0,792.0,818.0,850.0,860.0,861.0,873.0,873.0,878.0,885.0,908.0,934.0,943.0,947.0,955.0,971.0,
8.0,19.0,48.0,71.0,80.0,82.0,117.0,129.0,134.0,134.0,147.0,177.0,188.0,200.0,202.0,239.0,286.0,335.0,337.0,337.0,347.0,359.0,364.0,401.0,415.0,426.0,430.0,443.0,444.0,475.0,535.0,538.0,546.0,551.0,556.0,559.0,559.0,560.0,561.0,562.0,562.0,564.0,565.0,577.0,582.0,587.0,589.0,593.0,599.0,605.0,660.0,687.0,708.0,718.0,718.0,721.0,782.0,788.0,790.0,797.0,805.0,807.0,816.0,868.0,889.0,890.0,892.0,915.0,960.0,965.0,
6.0,33.0,49.0,184.0,189.0,198.0,215.0,229.0,265.0,285.0,293.0,296.0,299.0,316.0,322.0,347.0,367.0,372.0,491.0,507.0,515.0,520.0,523.0,525.0,527.0,529.0,530.0,530.0,539.0,542.0,545.0,547.0,549.0,553.0,557.0,559.0,571.0,572.0,576.0,579.0,585.0,588.0,595.0,621.0,624.0,624.0,636.0,659.0,670.0,670.0,686.0,725.0,744.0,751.0,765.0,780.0,793.0,800.0,815.0,833.0,852.0,871.0,888.0,925.0,945.0,974.0,982.0,
6.0,12.0,16.0,18.0,35.0,47.0,57.0,57.0,115.0,177.0,203.0,204.0,211.0,230.0,243.0,260.0,269.0,296.0,299.0,305.0,306.0,338.0,346.0,365.0,385.0,389.0,389.0,445.0,500.0,529.0,531.0,538.0,542.0,546.0,549.0,550.0,551.0,555.0,558.0,564.0,592.0,598.0,603.0,607.0,612.0,617.0,618.0,633.0,639.0,649.0,655.0,686.0,690.0,697.0,717.0,730.0,752.0,767.0,771.0,791.0,793.0,878.0,897.0,925.0,933.0,935.0,951.0,956.0,
10.0,11.0,42.0,62.0,73.0,93.0,111.0,140.0,171.0,206.0,208.0,302.0,362.0,367.0,407.0,422.0,423.0,477.0,484.0,511.0,518.0,518.0,528.0,531.0,537.0,541.0,541.0,547.0,554.0,555.0,556.0,556.0,560.0,565.0,567.0,572.0,575.0,580.0,585.0,596.0,627.0,643.0,663.0,669.0,673.0,693.0,718.0,722.0,751.0,774.0,775.0,778.0,782.0,799.0,805.0,851.0,858.0,860.0,867.0,886.0,888.0,906.0,911.0,911.0,982.0,992.0,1000.0,
34.0,53.0,73.0,163.0,167.0,174.0,233.0,247.0,305.0,347.0,380.0,418.0,420.0,432.0,437.0,440.0,522.0,522.0,529.0,539.0,541.0,555.0,560.0,562.0,562.0,570.0,575.0,577.0,577.0,578.0,581.0,599.0,619.0,619.0,625.0,637.0,655.0,675.0,719.0,733.0,735.0,736.0,797.0,829.0,839.0,844.0,876.0,879.0,879.0,894.0,927.0,949.0,966.0,971.0,995.0,
41.0,77.0,96.0,99.0,166.0,234.0,250.0,259.0,264.0,282.0,331.0,349.0,355.0,367.0,385.0,401.0,426.0,449.0,469.0,483.0,519.0,523.0,525.0,540.0,544.0,545.0,550.0,553.0,556.0,566.0,568.0,569.0,570.0,570.0,578.0,584.0,587.0,598.0,599.0,606.0,606.0,610.0,634.0,651.0,679.0,698.0,708.0,716.0,717.0,727.0,729.0,732.0,733.0,750.0,826.0,840.0,869.0,872.0,925.0,940.0,975.0,997.0,
41.0,64.0,108.0,148.0,219.0,290.0,352.0,355.0,390.0,400.0,419.0,439.0,446.0,448.0,471.0,516.0,521.0,522.0,526.0,527.0,542.0,544.0,554.0,558.0,567.0,568.0,569.0,571.0,584.0,590.0,592.0,599.0,612.0,631.0,631.0,632.0,638.0,645.0,681.0,693.0,698.0,717.0,721.0,738.0,792.0,814.0,820.0,825.0,859.0,881.0,914.0,978.0,979.0,987.0,990.0,
38.0,106.0,106.0,124.0,173.0,204.0,251.0,251.0,252.0,311.0,318.0,435.0,464.0,477.0,525.0,545.0,548.0,550.0,554.0,554.0,557.0,558.0,559.0,562.0,564.0,574.0,575.0,579.0,580.0,599.0,603.0,611.0,614.0,617.0,619.0,620.0,652.0,661.0,661.0,663.0,678.0,680.0,682.0,690.0,690.0,709.0,718.0,740.0,747.0,758.0,789.0,792.0,802.0,804.0,809.0,820.0,830.0,833.0,860.0,863.0,872.0,968.0,980.0,991.0,
67.0,108.0,126.0,134.0,168.0,219.0,241.0,275.0,276.0,288.0,320.0,328.0,338.0,382.0,428.0,446.0,447.0,452.0,464.0,491.0,521.0,546.0,553.0,579.0,587.0,692.0,742.0,772.0,843.0,845.0,871.0,910.0,
6.0,61.0,92.0,125.0,200.0,218.0,220.0,254.0,258.0,266.0,267.0,280.0,392.0,442.0,462.0,493.0,511.0,528.0,533.0,534.0,551.0,552.0,556.0,561.0,567.0,586.0,601.0,614.0,622.0,623.0,644.0,645.0,652.0,678.0,690.0,711.0,715.0,718.0,720.0,722.0,729.0,734.0,752.0,757.0,777.0,793.0,804.0,818.0,868.0,872.0,877.0,891.0,911.0,916.0,924.0,938.0,963.0,977.0,986.0,997.0,
12.0,12.0,40.0,64.0,131.0,133.0,144.0,194.0,196.0,199.0,252.0,272.0,286.0,325.0,329.0,382.0,435.0,455.0,473.0,474.0,478.0,498.0,517.0,520.0,526.0,530.0,531.0,537.0,541.0,541.0,543.0,546.0,549.0,549.0,563.0,575.0,575.0,584.0,606.0,609.0,618.0,633.0,642.0,653.0,658.0,666.0,674.0,676.0,680.0,691.0,694.0,705.0,751.0,771.0,773.0,809.0,845.0,857.0,882.0,887.0,910.0,927.0,931.0,
51.0,59.0,63.0,82.0,94.0,207.0,215.0,222.0,230.0,232.0,246.0,304.0,423.0,429.0,438.0,444.0,473.0,523.0,527.0,538.0,540.0,541.0,542.0,544.0,548.0,549.0,558.0,563.0,563.0,569.0,572.0,591.0,597.0,604.0,609.0,630.0,638.0,640.0,660.0,664.0,669.0,677.0,678.0,698.0,730.0,757.0,775.0,784.0,786.0,790.0,806.0,812.0,820.0,833.0,933.0,950.0,965.0,
46.0,47.0,225.0,230.0,233.0,251.0,262.0,277.0,352.0,354.0,395.0,400.0,494.0,525.0,529.0,533.0,534.0,534.0,537.0,537.0,541.0,543.0,544.0,548.0,549.0,552.0,553.0,557.0,564.0,567.0,568.0,575.0,576.0,576.0,577.0,584.0,586.0,588.0,593.0,607.0,616.0,621.0,622.0,627.0,629.0,637.0,650.0,651.0,663.0,665.0,675.0,692.0,706.0,749.0,761.0,768.0,781.0,784.0,794.0,800.0,839.0,862.0,863.0,883.0,897.0,918.0,932.0,933.0,947.0,958.0,993.0,
55.0,142.0,298.0,302.0,441.0,456.0,506.0,527.0,533.0,535.0,543.0,547.0,552.0,558.0,562.0,569.0,574.0,579.0,579.0,584.0,589.0,599.0,611.0,612.0,620.0,620.0,631.0,638.0,674.0,678.0,703.0,711.0,721.0,769.0,811.0,818.0,834.0,845.0,862.0,894.0,902.0,945.0,951.0,961.0,964.0,971.0,979.0,983.0,
50.0,101.0,117.0,128.0,146.0,163.0,175.0,221.0,231.0,248.0,262.0,274.0,284.0,325.0,379.0,380.0,412.0,418.0,441.0,450.0,460.0,521.0,524.0,526.0,527.0,527.0,534.0,534.0,538.0,539.0,540.0,546.0,553.0,555.0,555.0,559.0,564.0,578.0,582.0,598.0,600.0,602.0,617.0,621.0,647.0,678.0,684.0,700.0,700.0,702.0,721.0,723.0,727.0,752.0,774.0,795.0,799.0,804.0,813.0,868.0,869.0,892.0,911.0,913.0,929.0,935.0,970.0,999.0,
6.0,36.0,50.0,53.0,58.0,67.0,81.0,104.0,120.0,126.0,147.0,152.0,154.0,163.0,239.0,271.0,285.0,386.0,411.0,416.0,419.0,451.0,489.0,518.0,519.0,530.0,535.0,544.0,546.0,546.0,548.0,553.0,556.0,560.0,564.0,566.0,569.0,584.0,618.0,625.0,630.0,636.0,660.0,685.0,717.0,718.0,748.0,775.0,782.0,791.0,802.0,806.0,827.0,828.0,854.0,913.0,942.0,966.0,
25.0,50.0,76.0,84.0,85.0,87.0,104.0,153.0,154.0,197.0,200.0,207.0,214.0,214.0,312.0,370.0,375.0,375.0,386.0,402.0,451.0,455.0,471.0,503.0,509.0,514.0,514.0,516.0,526.0,529.0,531.0,540.0,545.0,546.0,547.0,547.0,550.0,550.0,554.0,554.0,555.0,559.0,564.0,568.0,575.0,575.0,581.0,586.0,587.0,588.0,599.0,616.0,620.0,623.0,633.0,635.0,660.0,663.0,681.0,683.0,711.0,714.0,719.0,792.0,792.0,794.0,801.0,836.0,853.0,875.0,877.0,907.0,914.0,924.0,936.0,948.0,955.0,957.0,976.0,984.0,991.0,992.0,
72.0,101.0,107.0,137.0,167.0,230.0,285.0,301.0,314.0,323.0,351.0,393.0,395.0,420.0,477.0,528.0,530.0,531.0,531.0,535.0,543.0,548.0,549.0,552.0,554.0,555.0,555.0,564.0,568.0,576.0,584.0,588.0,599.0,601.0,607.0,607.0,613.0,616.0,646.0,649.0,653.0,665.0,677.0,687.0,689.0,724.0,730.0,744.0,750.0,771.0,775.0,777.0,816.0,822.0,823.0,832.0,841.0,860.0,861.0,896.0,900.0,940.0,960.0,971.0,992.0,999.0,1000.0,
14.0,34.0,42.0,114.0,128.0,176.0,209.0,233.0,338.0,379.0,390.0,399.0,420.0,457.0,458.0,483.0,505.0,527.0,534.0,546.0,550.0,554.0,611.0,640.0,654.0,677.0,732.0,757.0,888.0,975.0,977.0,990.0,
58.0,66.0,73.0,87.0,90.0,101.0,117.0,128.0,163.0,176.0,207.0,232.0,243.0,254.0,268.0,277.0,291.0,304.0,312.0,318.0,354.0,361.0,362.0,419.0,450.0,467.0,484.0,486.0,507.0,520.0,521.0,524.0,530.0,544.0,550.0,558.0,560.0,575.0,576.0,585.0,594.0,599.0,603.0,626.0,652.0,652.0,671.0,672.0,689.0,706.0,707.0,709.0,710.0,728.0,766.0,768.0,782.0,793.0,799.0,833.0,843.0,859.0,867.0,878.0,884.0,922.0,928.0,931.0,944.0,945.0,955.0,972.0,990.0,
4.0,61.0,70.0,173.0,259.0,309.0,321.0,347.0,381.0,391.0,392.0,400.0,447.0,462.0,469.0,509.0,517.0,535.0,540.0,544.0,548.0,552.0,559.0,564.0,565.0,568.0,571.0,574.0,586.0,586.0,605.0,612.0,637.0,662.0,665.0,670.0,675.0,685.0,687.0,705.0,710.0,715.0,722.0,723.0,732.0,735.0,748.0,768.0,814.0,815.0,816.0,821.0,821.0,843.0,848.0,886.0,890.0,906.0,907.0,910.0,916.0,934.0,948.0,963.0,
39.0,47.0,52.0,62.0,68.0,142.0,169.0,171.0,194.0,257.0,289.0,306.0,312.0,323.0,401.0,444.0,447.0,473.0,483.0,509.0,532.0,532.0,535.0,535.0,540.0,544.0,544.0,544.0,547.0,550.0,560.0,569.0,570.0,571.0,579.0,592.0,631.0,633.0,635.0,638.0,645.0,649.0,663.0,673.0,678.0,683.0,702.0,730.0,751.0,752.0,757.0,770.0,772.0,779.0,792.0,811.0,812.0,815.0,828.0,834.0,844.0,851.0,852.0,858.0,861.0,863.0,874.0,904.0,907.0,914.0,951.0,958.0,966.0,
26.0,34.0,84.0,91.0,167.0,175.0,257.0,307.0,360.0,367.0,410.0,430.0,432.0,433.0,463.0,464.0,498.0,507.0,519.0,521.0,526.0,534.0,535.0,550.0,551.0,558.0,562.0,564.0,574.0,577.0,581.0,584.0,587.0,605.0,610.0,616.0,616.0,621.0,628.0,636.0,637.0,642.0,643.0,651.0,659.0,669.0,704.0,739.0,770.0,788.0,794.0,798.0,820.0,822.0,828.0,829.0,844.0,854.0,889.0,905.0,908.0,910.0,915.0,919.0,951.0,958.0,968.0,989.0,996.0,
6.0,71.0,107.0,133.0,162.0,169.0,173.0,178.0,197.0,218.0,246.0,292.0,294.0,310.0,342.0,378.0,404.0,445.0,523.0,528.0,531.0,534.0,534.0,535.0,537.0,554.0,556.0,558.0,560.0,562.0,564.0,568.0,575.0,579.0,588.0,588.0,588.0,595.0,615.0,624.0,627.0,643.0,658.0,668.0,682.0,696.0,708.0,710.0,718.0,722.0,736.0,748.0,754.0,773.0,786.0,809.0,816.0,821.0,825.0,833.0,868.0,895.0,903.0,917.0,935.0,945.0,980.0,
39.0,76.0,129.0,141.0,149.0,196.0,221.0,225.0,263.0,266.0,288.0,291.0,293.0,317.0,325.0,334.0,335.0,364.0,373.0,404.0,413.0,419.0,426.0,449.0,517.0,519.0,521.0,523.0,524.0,527.0,531.0,531.0,534.0,543.0,547.0,547.0,552.0,556.0,559.0,559.0,562.0,571.0,573.0,576.0,580.0,582.0,586.0,590.0,610.0,615.0,666.0,672.0,673.0,674.0,694.0,724.0,726.0,731.0,758.0,764.0,773.0,815.0,837.0,849.0,852.0,861.0,868.0,892.0,912.0,913.0,915.0,919.0,922.0,935.0,937.0,938.0,941.0,990.0,
18.0,80.0,86.0,102.0,131.0,139.0,145.0,176.0,209.0,288.0,313.0,341.0,424.0,430.0,437.0,445.0,462.0,475.0,480.0,498.0,519.0,521.0,521.0,532.0,533.0,534.0,540.0,545.0,561.0,571.0,573.0,575.0,586.0,592.0,592.0,595.0,605.0,617.0,617.0,618.0,632.0,637.0,641.0,647.0,649.0,655.0,656.0,678.0,679.0,691.0,699.0,701.0,736.0,742.0,773.0,789.0,792.0,861.0,882.0,900.0,941.0,960.0,
21.0,37.0,40.0,72.0,74.0,109.0,140.0,148.0,157.0,206.0,214.0,225.0,341.0,345.0,358.0,394.0,397.0,436.0,462.0,482.0,532.0,542.0,542.0,543.0,547.0,549.0,553.0,568.0,571.0,579.0,596.0,600.0,614.0,623.0,641.0,672.0,676.0,681.0,701.0,716.0,719.0,720.0,729.0,737.0,741.0,754.0,756.0,769.0,780.0,796.0,805.0,812.0,813.0,818.0,831.0,841.0,842.0,855.0,867.0,884.0,891.0,910.0,916.0,966.0,
8.0,9.0,61.0,82.0,100.0,118.0,267.0,298.0,336.0,369.0,417.0,459.0,483.0,502.0,553.0,563.0,567.0,570.0,570.0,573.0,577.0,584.0,585.0,595.0,599.0,603.0,618.0,620.0,629.0,636.0,637.0,645.0,658.0,701.0,722.0,730.0,733.0,745.0,770.0,778.0,789.0,805.0,830.0,873.0,876.0,920.0,922.0,942.0,959.0,966.0,993.0,
27.0,30.0,33.0,43.0,107.0,166.0,173.0,187.0,210.0,286.0,338.0,400.0,418.0,432.0,459.0,508.0,521.0,530.0,628.0,839.0,846.0,858.0,911.0,934.0,
28.0,53.0,153.0,168.0,203.0,249.0,252.0,255.0,290.0,298.0,314.0,321.0,328.0,337.0,361.0,362.0,386.0,405.0,410.0,415.0,457.0,463.0,535.0,551.0,553.0,562.0,584.0,597.0,603.0,626.0,627.0,627.0,631.0,645.0,666.0,677.0,678.0,684.0,685.0,756.0,763.0,770.0,778.0,860.0,868.0,898.0,930.0,986.0,996.0,
5.0,60.0,76.0,122.0,130.0,152.0,256.0,281.0,309.0,313.0,320.0,329.0,340.0,351.0,444.0,461.0,493.0,509.0,523.0,524.0,529.0,536.0,536.0,540.0,542.0,554.0,555.0,557.0,558.0,558.0,566.0,567.0,570.0,572.0,575.0,581.0,585.0,587.0,623.0,627.0,629.0,639.0,641.0,677.0,681.0,682.0,705.0,725.0,733.0,754.0,777.0,788.0,823.0,856.0,863.0,874.0,908.0,916.0,930.0,932.0,944.0,952.0,989.0,
3.0,3.0,13.0,35.0,49.0,61.0,63.0,80.0,93.0,115.0,122.0,147.0,154.0,194.0,198.0,213.0,272.0,287.0,405.0,415.0,458.0,501.0,517.0,520.0,542.0,546.0,551.0,553.0,555.0,556.0,561.0,567.0,573.0,579.0,579.0,581.0,588.0,595.0,598.0,607.0,607.0,624.0,625.0,628.0,631.0,634.0,636.0,637.0,651.0,657.0,679.0,692.0,724.0,733.0,734.0,751.0,753.0,755.0,777.0,779.0,788.0,790.0,791.0,797.0,798.0,808.0,848.0,854.0,861.0,896.0,905.0,913.0,914.0,915.0,934.0,941.0,972.0,974.0,1000.0,
17.0,18.0,81.0,114.0,114.0,159.0,175.0,186.0,206.0,231.0,299.0,331.0,396.0,483.0,487.0,495.0,508.0,521.0,524.0,533.0,538.0,539.0,543.0,543.0,551.0,551.0,555.0,556.0,584.0,596.0,597.0,598.0,601.0,617.0,618.0,622.0,628.0,637.0,640.0,661.0,661.0,682.0,683.0,686.0,698.0,707.0,716.0,733.0,752.0,752.0,784.0,788.0,813.0,816.0,827.0,864.0,889.0,893.0,938.0,951.0,961.0,967.0,970.0,972.0,
54.0,103.0,126.0,172.0,192.0,195.0,197.0,220.0,264.0,325.0,333.0,378.0,407.0,433.0,441.0,474.0,494.0,505.0,512.0,513.0,519.0,535.0,536.0,548.0,550.0,552.0,554.0,557.0,559.0,562.0,569.0,577.0,603.0,604.0,605.0,605.0,605.0,625.0,626.0,638.0,649.0,668.0,670.0,677.0,682.0,701.0,728.0,736.0,763.0,782.0,788.0,808.0,840.0,850.0,855.0,862.0,862.0,867.0,906.0,983.0,
71.0,122.0,143.0,258.0,298.0,313.0,370.0,386.0,434.0,454.0,464.0,467.0,478.0,489.0,521.0,527.0,531.0,532.0,535.0,551.0,551.0,552.0,558.0,561.0,566.0,576.0,578.0,604.0,604.0,608.0,621.0,630.0,642.0,661.0,667.0,668.0,681.0,706.0,712.0,726.0,754.0,789.0,792.0,819.0,847.0,850.0,872.0,884.0,889.0,893.0,897.0,898.0,905.0,940.0,946.0,948.0,974.0,
3.0,98.0,107.0,129.0,133.0,161.0,202.0,227.0,248.0,249.0,270.0,344.0,376.0,426.0,429.0,471.0,489.0,505.0,529.0,529.0,532.0,538.0,541.0,544.0,545.0,549.0,554.0,562.0,564.0,565.0,578.0,578.0,578.0,584.0,591.0,593.0,593.0,598.0,611.0,615.0,619.0,621.0,639.0,649.0,654.0,654.0,660.0,680.0,681.0,700.0,704.0,741.0,742.0,753.0,754.0,764.0,769.0,770.0,808.0,818.0,823.0,848.0,856.0,893.0,901.0,924.0,933.0,948.0,952.0,959.0,970.0,976.0,
55.0,84.0,88.0,105.0,106.0,128.0,234.0,315.0,323.0,342.0,345.0,415.0,418.0,475.0,486.0,492.0,493.0,520.0,525.0,533.0,537.0,543.0,554.0,556.0,562.0,567.0,578.0,583.0,595.0,595.0,595.0,596.0,596.0,604.0,624.0,625.0,625.0,633.0,635.0,640.0,680.0,716.0,724.0,725.0,760.0,770.0,773.0,825.0,840.0,853.0,854.0,865.0,872.0,881.0,895.0,897.0,897.0,901.0,908.0,912.0,931.0,940.0,947.0,984.0,984.0,
47.0,67.0,82.0,155.0,164.0,193.0,228.0,264.0,287.0,300.0,322.0,365.0,415.0,443.0,479.0,502.0,526.0,535.0,537.0,538.0,561.0,635.0,639.0,652.0,678.0,692.0,727.0,732.0,747.0,808.0,817.0,819.0,821.0,869.0,880.0,885.0,923.0,953.0,999.0,
33.0,55.0,68.0,112.0,112.0,156.0,266.0,294.0,308.0,332.0,338.0,345.0,412.0,435.0,436.0,571.0,592.0,611.0,626.0,628.0,656.0,694.0,752.0,819.0,876.0,911.0,989.0,996.0,
58.0,72.0,84.0,144.0,156.0,174.0,231.0,244.0,265.0,286.0,318.0,349.0,409.0,437.0,449.0,491.0,492.0,525.0,569.0,694.0,733.0,742.0,897.0,931.0,
30.0,35.0,46.0,70.0,129.0,196.0,203.0,228.0,284.0,324.0,363.0,455.0,457.0,472.0,503.0,544.0,546.0,548.0,559.0,563.0,585.0,675.0,735.0,770.0,775.0,815.0,847.0,857.0,936.0,
10.0,28.0,34.0,35.0,57.0,83.0,93.0,184.0,192.0,256.0,306.0,311.0,347.0,353.0,354.0,358.0,377.0,399.0,432.0,469.0,485.0,485.0,498.0,520.0,526.0,531.0,531.0,540.0,540.0,543.0,551.0,570.0,574.0,577.0,577.0,584.0,591.0,612.0,628.0,633.0,633.0,640.0,643.0,648.0,655.0,656.0,660.0,665.0,670.0,675.0,685.0,704.0,711.0,712.0,722.0,723.0,734.0,749.0,757.0,759.0,783.0,787.0,788.0,806.0,819.0,826.0,842.0,867.0,891.0,905.0,908.0,923.0,942.0,946.0,
18.0,19.0,47.0,60.0,68.0,104.0,189.0,200.0,202.0,206.0,212.0,248.0,277.0,315.0,372.0,373.0,380.0,380.0,402.0,439.0,507.0,523.0,527.0,530.0,533.0,533.0,534.0,537.0,538.0,543.0,546.0,546.0,547.0,549.0,554.0,559.0,561.0,568.0,577.0,580.0,583.0,587.0,588.0,606.0,611.0,622.0,623.0,627.0,627.0,636.0,638.0,643.0,647.0,659.0,659.0,671.0,687.0,692.0,732.0,737.0,765.0,775.0,795.0,810.0,818.0,833.0,845.0,851.0,870.0,879.0,907.0,912.0,919.0,922.0,926.0,936.0,954.0,
15.0,24.0,42.0,49.0,69.0,99.0,123.0,144.0,156.0,186.0,192.0,211.0,253.0,258.0,260.0,296.0,297.0,329.0,389.0,438.0,467.0,488.0,521.0,527.0,538.0,541.0,547.0,548.0,550.0,552.0,554.0,566.0,578.0,579.0,583.0,586.0,593.0,594.0,604.0,605.0,615.0,615.0,622.0,625.0,625.0,635.0,639.0,640.0,651.0,683.0,698.0,701.0,703.0,706.0,707.0,719.0,719.0,725.0,762.0,781.0,786.0,794.0,796.0,799.0,811.0,825.0,836.0,850.0,852.0,883.0,905.0,951.0,985.0,991.0,993.0,995.0,
17.0,28.0,66.0,71.0,129.0,140.0,142.0,155.0,283.0,301.0,330.0,393.0,403.0,447.0,499.0,513.0,519.0,520.0,520.0,522.0,537.0,545.0,548.0,552.0,554.0,558.0,558.0,559.0,561.0,569.0,573.0,576.0,577.0,577.0,578.0,581.0,585.0,590.0,594.0,604.0,625.0,632.0,637.0,638.0,642.0,642.0,657.0,658.0,660.0,682.0,684.0,690.0,695.0,696.0,702.0,707.0,720.0,746.0,748.0,785.0,788.0,797.0,798.0,810.0,813.0,819.0,829.0,830.0,849.0,862.0,883.0,899.0,900.0,913.0,919.0,930.0,933.0,940.0,997.0,
5.0,28.0,77.0,83.0,106.0,153.0,180.0,219.0,235.0,243.0,265.0,268.0,286.0,373.0,452.0,453.0,522.0,542.0,542.0,546.0,549.0,562.0,567.0,570.0,578.0,588.0,610.0,618.0,622.0,630.0,643.0,646.0,664.0,680.0,690.0,724.0,738.0,763.0,772.0,799.0,805.0,806.0,808.0,815.0,849.0,852.0,860.0,864.0,867.0,877.0,894.0,933.0,949.0,955.0,965.0,966.0,
2.0,47.0,64.0,156.0,159.0,200.0,205.0,210.0,323.0,333.0,343.0,375.0,381.0,406.0,452.0,477.0,538.0,547.0,562.0,573.0,578.0,594.0,602.0,660.0,668.0,681.0,703.0,709.0,723.0,741.0,808.0,859.0,882.0,889.0,914.0,928.0,947.0,993.0,
43.0,79.0,128.0,150.0,151.0,250.0,255.0,276.0,302.0,311.0,312.0,392.0,403.0,456.0,458.0,463.0,465.0,486.0,544.0,584.0,590.0,597.0,610.0,613.0,652.0,714.0,765.0,792.0,796.0,895.0,899.0,979.0,
