6.0,31.0,120.0,136.0,228.0,243.0,272.0,301.0,315.0,350.0,353.0,372.0,417.0,451.0,469.0,478.0,537.0,578.0,612.0,614.0,640.0,758.0,813.0,839.0,852.0,928.0,934.0,944.0,979.0,
6.0,8.0,40.0,63.0,71.0,185.0,196.0,202.0,215.0,321.0,332.0,338.0,347.0,393.0,394.0,459.0,468.0,502.0,535.0,546.0,567.0,635.0,644.0,664.0,704.0,764.0,771.0,793.0,806.0,817.0,840.0,891.0,
33.0,43.0,50.0,133.0,143.0,151.0,161.0,167.0,198.0,249.0,288.0,333.0,399.0,414.0,449.0,469.0,586.0,680.0,729.0,945.0,948.0,965.0,
16.0,94.0,95.0,113.0,118.0,138.0,157.0,159.0,162.0,173.0,182.0,185.0,203.0,227.0,233.0,250.0,253.0,262.0,268.0,294.0,462.0,469.0,493.0,526.0,573.0,621.0,627.0,644.0,655.0,677.0,689.0,717.0,756.0,785.0,822.0,837.0,860.0,864.0,953.0,965.0,968.0,
2.0,59.0,76.0,119.0,191.0,232.0,263.0,286.0,296.0,332.0,352.0,433.0,451.0,529.0,532.0,562.0,603.0,606.0,631.0,695.0,700.0,723.0,785.0,825.0,826.0,843.0,873.0,900.0,933.0,
34.0,55.0,152.0,161.0,166.0,182.0,212.0,212.0,221.0,228.0,267.0,267.0,276.0,335.0,354.0,377.0,409.0,469.0,482.0,534.0,582.0,610.0,619.0,635.0,678.0,695.0,768.0,799.0,850.0,854.0,909.0,920.0,936.0,952.0,988.0,
35.0,41.0,49.0,82.0,113.0,148.0,199.0,214.0,251.0,303.0,382.0,384.0,395.0,396.0,397.0,423.0,440.0,451.0,460.0,476.0,477.0,571.0,571.0,576.0,661.0,703.0,716.0,738.0,757.0,768.0,784.0,790.0,791.0,839.0,852.0,898.0,931.0,932.0,994.0,
27.0,67.0,79.0,95.0,130.0,165.0,185.0,196.0,211.0,281.0,289.0,309.0,328.0,332.0,358.0,390.0,443.0,450.0,474.0,475.0,530.0,537.0,556.0,574.0,620.0,648.0,677.0,689.0,690.0,738.0,787.0,788.0,846.0,871.0,941.0,969.0,979.0,
3.0,32.0,93.0,195.0,234.0,260.0,292.0,371.0,448.0,508.0,541.0,559.0,565.0,568.0,617.0,621.0,667.0,676.0,687.0,697.0,701.0,718.0,753.0,771.0,779.0,788.0,796.0,802.0,815.0,815.0,855.0,877.0,923.0,924.0,924.0,961.0,
33.0,101.0,112.0,202.0,205.0,234.0,235.0,268.0,305.0,314.0,318.0,319.0,352.0,355.0,371.0,427.0,506.0,510.0,627.0,671.0,685.0,723.0,727.0,744.0,750.0,812.0,821.0,830.0,864.0,884.0,926.0,927.0,941.0,970.0,994.0,
22.0,27.0,98.0,116.0,145.0,169.0,171.0,214.0,241.0,250.0,364.0,376.0,406.0,422.0,431.0,434.0,454.0,538.0,569.0,592.0,607.0,637.0,704.0,728.0,738.0,777.0,788.0,833.0,872.0,
4.0,35.0,47.0,104.0,104.0,161.0,173.0,256.0,257.0,282.0,288.0,290.0,302.0,303.0,313.0,366.0,370.0,442.0,444.0,446.0,516.0,594.0,623.0,695.0,744.0,771.0,786.0,893.0,953.0,969.0,976.0,995.0,
5.0,6.0,44.0,80.0,140.0,166.0,191.0,291.0,293.0,347.0,365.0,374.0,374.0,403.0,430.0,435.0,566.0,641.0,657.0,701.0,708.0,709.0,714.0,718.0,722.0,747.0,763.0,842.0,848.0,868.0,876.0,898.0,907.0,936.0,969.0,
85.0,106.0,128.0,145.0,191.0,227.0,227.0,247.0,250.0,305.0,339.0,377.0,417.0,442.0,485.0,558.0,628.0,663.0,668.0,686.0,703.0,705.0,719.0,721.0,766.0,767.0,777.0,783.0,879.0,886.0,930.0,943.0,968.0,980.0,983.0,
3.0,8.0,79.0,120.0,179.0,192.0,218.0,218.0,225.0,260.0,274.0,277.0,333.0,339.0,351.0,371.0,417.0,424.0,448.0,456.0,519.0,539.0,621.0,634.0,641.0,653.0,686.0,748.0,862.0,902.0,912.0,922.0,929.0,945.0,
44.0,128.0,142.0,168.0,185.0,225.0,226.0,231.0,242.0,269.0,291.0,310.0,382.0,391.0,416.0,446.0,580.0,634.0,647.0,718.0,723.0,730.0,775.0,776.0,778.0,858.0,868.0,917.0,
5.0,31.0,74.0,100.0,109.0,117.0,127.0,129.0,148.0,155.0,171.0,186.0,221.0,238.0,239.0,252.0,255.0,298.0,312.0,312.0,342.0,382.0,422.0,439.0,507.0,515.0,575.0,581.0,663.0,681.0,729.0,788.0,788.0,799.0,810.0,822.0,826.0,830.0,868.0,917.0,963.0,
8.0,61.0,76.0,98.0,101.0,110.0,119.0,150.0,203.0,216.0,222.0,224.0,263.0,304.0,305.0,316.0,324.0,341.0,362.0,366.0,410.0,434.0,490.0,503.0,515.0,547.0,611.0,629.0,629.0,635.0,667.0,678.0,777.0,799.0,805.0,835.0,868.0,930.0,936.0,957.0,958.0,966.0,
7.0,16.0,17.0,35.0,82.0,114.0,119.0,169.0,193.0,241.0,338.0,341.0,359.0,372.0,387.0,391.0,429.0,462.0,463.0,491.0,520.0,585.0,648.0,686.0,704.0,746.0,768.0,769.0,770.0,779.0,801.0,809.0,832.0,850.0,864.0,903.0,940.0,942.0,974.0,
38.0,49.0,64.0,84.0,125.0,128.0,132.0,166.0,186.0,189.0,208.0,241.0,294.0,361.0,362.0,405.0,417.0,488.0,521.0,521.0,537.0,618.0,632.0,668.0,683.0,746.0,760.0,763.0,772.0,776.0,802.0,812.0,847.0,850.0,862.0,866.0,929.0,959.0,971.0,987.0,
73.0,109.0,147.0,148.0,162.0,237.0,244.0,270.0,276.0,292.0,313.0,330.0,350.0,432.0,451.0,492.0,515.0,523.0,538.0,615.0,634.0,642.0,668.0,683.0,694.0,733.0,777.0,777.0,793.0,807.0,830.0,848.0,887.0,895.0,947.0,973.0,989.0,
19.0,84.0,160.0,168.0,177.0,182.0,194.0,213.0,269.0,301.0,316.0,331.0,352.0,395.0,402.0,403.0,418.0,426.0,454.0,499.0,507.0,522.0,540.0,578.0,620.0,632.0,674.0,700.0,740.0,787.0,805.0,832.0,852.0,882.0,890.0,896.0,933.0,
8.0,11.0,12.0,16.0,27.0,30.0,97.0,114.0,121.0,128.0,164.0,174.0,199.0,208.0,216.0,219.0,221.0,224.0,259.0,272.0,308.0,355.0,368.0,386.0,415.0,432.0,450.0,508.0,514.0,553.0,573.0,577.0,613.0,656.0,659.0,667.0,733.0,761.0,772.0,827.0,836.0,856.0,918.0,919.0,941.0,
119.0,151.0,217.0,250.0,251.0,259.0,264.0,323.0,407.0,417.0,423.0,434.0,443.0,461.0,473.0,491.0,500.0,514.0,549.0,573.0,585.0,588.0,663.0,773.0,787.0,797.0,855.0,905.0,906.0,917.0,932.0,997.0,
4.0,60.0,104.0,111.0,161.0,164.0,180.0,221.0,246.0,249.0,259.0,320.0,382.0,389.0,389.0,425.0,427.0,443.0,528.0,551.0,556.0,585.0,600.0,606.0,638.0,691.0,827.0,958.0,998.0,
8.0,16.0,31.0,32.0,53.0,72.0,87.0,166.0,180.0,235.0,317.0,340.0,407.0,412.0,429.0,462.0,463.0,505.0,563.0,565.0,584.0,640.0,642.0,668.0,693.0,775.0,846.0,916.0,975.0,997.0,
16.0,35.0,55.0,79.0,83.0,124.0,194.0,206.0,269.0,269.0,295.0,310.0,329.0,349.0,378.0,381.0,388.0,396.0,429.0,432.0,454.0,505.0,550.0,561.0,582.0,589.0,616.0,637.0,708.0,718.0,787.0,800.0,805.0,838.0,847.0,850.0,949.0,
29.0,68.0,75.0,79.0,121.0,125.0,134.0,215.0,229.0,248.0,255.0,306.0,327.0,346.0,390.0,406.0,420.0,502.0,505.0,544.0,570.0,574.0,577.0,590.0,609.0,693.0,727.0,747.0,799.0,857.0,884.0,933.0,935.0,948.0,
9.0,63.0,101.0,121.0,170.0,188.0,190.0,298.0,313.0,339.0,372.0,403.0,452.0,477.0,515.0,530.0,540.0,544.0,566.0,578.0,667.0,677.0,683.0,732.0,741.0,773.0,881.0,883.0,962.0,
29.0,44.0,59.0,101.0,127.0,208.0,257.0,322.0,341.0,372.0,382.0,387.0,455.0,498.0,516.0,566.0,587.0,596.0,639.0,642.0,779.0,845.0,899.0,915.0,915.0,935.0,
31.0,32.0,48.0,52.0,108.0,122.0,123.0,140.0,144.0,150.0,194.0,198.0,200.0,276.0,287.0,323.0,331.0,333.0,358.0,389.0,400.0,436.0,442.0,458.0,504.0,518.0,545.0,590.0,610.0,628.0,677.0,695.0,699.0,765.0,788.0,807.0,815.0,827.0,907.0,924.0,928.0,938.0,985.0,
42.0,69.0,85.0,110.0,126.0,152.0,190.0,190.0,263.0,315.0,320.0,338.0,348.0,356.0,379.0,411.0,426.0,437.0,439.0,462.0,483.0,498.0,521.0,523.0,561.0,562.0,608.0,640.0,644.0,660.0,663.0,698.0,704.0,712.0,735.0,739.0,774.0,787.0,794.0,827.0,857.0,859.0,993.0,1000.0,
88.0,107.0,120.0,123.0,125.0,207.0,259.0,351.0,392.0,394.0,397.0,417.0,435.0,571.0,577.0,589.0,600.0,638.0,659.0,675.0,689.0,699.0,733.0,735.0,738.0,901.0,905.0,925.0,949.0,981.0,
23.0,27.0,38.0,46.0,64.0,77.0,79.0,116.0,172.0,246.0,252.0,284.0,347.0,352.0,362.0,380.0,385.0,388.0,399.0,403.0,457.0,476.0,529.0,533.0,543.0,553.0,578.0,636.0,689.0,726.0,734.0,818.0,861.0,908.0,920.0,921.0,
5.0,14.0,36.0,38.0,85.0,129.0,134.0,166.0,177.0,196.0,220.0,220.0,270.0,288.0,318.0,326.0,347.0,370.0,378.0,380.0,383.0,386.0,423.0,461.0,519.0,526.0,541.0,548.0,553.0,556.0,571.0,572.0,585.0,587.0,591.0,591.0,592.0,601.0,603.0,618.0,632.0,636.0,642.0,701.0,701.0,778.0,813.0,833.0,837.0,869.0,931.0,953.0,955.0,963.0,971.0,
12.0,39.0,46.0,92.0,167.0,205.0,218.0,240.0,264.0,300.0,355.0,391.0,398.0,409.0,435.0,463.0,468.0,495.0,519.0,534.0,539.0,540.0,540.0,540.0,549.0,552.0,554.0,565.0,566.0,571.0,572.0,573.0,583.0,585.0,607.0,624.0,627.0,635.0,638.0,665.0,671.0,701.0,710.0,714.0,714.0,722.0,727.0,737.0,752.0,762.0,793.0,794.0,809.0,811.0,837.0,879.0,879.0,881.0,907.0,915.0,918.0,949.0,961.0,963.0,968.0,969.0,
36.0,63.0,76.0,89.0,137.0,155.0,156.0,169.0,190.0,191.0,209.0,284.0,284.0,285.0,341.0,384.0,386.0,402.0,411.0,451.0,457.0,521.0,523.0,551.0,567.0,577.0,578.0,590.0,603.0,604.0,611.0,638.0,643.0,654.0,654.0,665.0,680.0,703.0,703.0,725.0,741.0,749.0,786.0,806.0,811.0,817.0,849.0,876.0,880.0,910.0,912.0,914.0,935.0,971.0,971.0,976.0,987.0,997.0,
9.0,12.0,25.0,89.0,112.0,166.0,173.0,181.0,202.0,293.0,296.0,305.0,315.0,317.0,356.0,357.0,357.0,364.0,375.0,377.0,408.0,433.0,600.0,607.0,635.0,687.0,693.0,710.0,754.0,785.0,838.0,846.0,847.0,874.0,933.0,945.0,979.0,
2.0,8.0,26.0,91.0,107.0,108.0,154.0,154.0,163.0,190.0,194.0,222.0,240.0,265.0,297.0,301.0,307.0,326.0,330.0,346.0,350.0,354.0,359.0,408.0,436.0,440.0,456.0,479.0,479.0,485.0,500.0,564.0,579.0,626.0,651.0,666.0,681.0,790.0,811.0,816.0,846.0,864.0,866.0,876.0,920.0,934.0,963.0,972.0,984.0,
36.0,80.0,108.0,139.0,150.0,159.0,210.0,239.0,241.0,242.0,289.0,350.0,369.0,379.0,385.0,390.0,401.0,412.0,476.0,479.0,600.0,602.0,636.0,645.0,647.0,671.0,678.0,682.0,694.0,696.0,698.0,779.0,795.0,856.0,869.0,871.0,935.0,945.0,994.0,
16.0,22.0,66.0,79.0,165.0,177.0,187.0,207.0,272.0,281.0,345.0,402.0,442.0,457.0,483.0,496.0,567.0,585.0,628.0,636.0,655.0,716.0,752.0,773.0,814.0,834.0,858.0,
18.0,22.0,62.0,106.0,118.0,141.0,173.0,257.0,318.0,333.0,336.0,340.0,374.0,381.0,391.0,438.0,451.0,602.0,603.0,624.0,682.0,685.0,731.0,732.0,765.0,769.0,778.0,812.0,815.0,862.0,897.0,956.0,989.0,
2.0,30.0,58.0,123.0,188.0,201.0,289.0,303.0,340.0,390.0,459.0,479.0,586.0,640.0,702.0,708.0,732.0,804.0,807.0,828.0,855.0,869.0,882.0,887.0,898.0,932.0,
51.0,58.0,68.0,80.0,108.0,120.0,146.0,188.0,195.0,221.0,232.0,312.0,317.0,406.0,409.0,417.0,443.0,455.0,457.0,530.0,533.0,535.0,544.0,549.0,561.0,568.0,596.0,620.0,622.0,625.0,633.0,675.0,684.0,702.0,719.0,741.0,750.0,795.0,806.0,833.0,877.0,902.0,904.0,937.0,942.0,955.0,984.0,989.0,
57.0,102.0,133.0,163.0,167.0,172.0,206.0,226.0,411.0,461.0,493.0,517.0,520.0,528.0,539.0,546.0,546.0,551.0,551.0,554.0,555.0,558.0,565.0,568.0,573.0,575.0,575.0,576.0,580.0,580.0,581.0,581.0,581.0,583.0,588.0,600.0,601.0,604.0,605.0,613.0,620.0,630.0,635.0,636.0,639.0,649.0,650.0,665.0,670.0,678.0,686.0,688.0,696.0,719.0,724.0,735.0,737.0,738.0,796.0,824.0,895.0,911.0,925.0,940.0,942.0,950.0,965.0,974.0,
6.0,71.0,85.0,97.0,113.0,124.0,161.0,202.0,209.0,280.0,349.0,359.0,383.0,398.0,400.0,437.0,517.0,517.0,520.0,530.0,542.0,549.0,553.0,556.0,579.0,583.0,589.0,606.0,606.0,608.0,610.0,612.0,615.0,625.0,626.0,630.0,635.0,643.0,650.0,658.0,661.0,674.0,680.0,710.0,729.0,744.0,760.0,769.0,780.0,789.0,806.0,811.0,839.0,888.0,889.0,916.0,925.0,936.0,940.0,941.0,944.0,944.0,948.0,950.0,964.0,964.0,965.0,986.0,995.0,
5.0,18.0,43.0,56.0,59.0,61.0,80.0,96.0,107.0,109.0,110.0,128.0,140.0,155.0,212.0,213.0,243.0,260.0,289.0,295.0,413.0,430.0,452.0,501.0,502.0,537.0,539.0,540.0,543.0,545.0,553.0,555.0,560.0,565.0,568.0,568.0,575.0,578.0,591.0,592.0,593.0,594.0,598.0,599.0,607.0,609.0,616.0,623.0,640.0,654.0,680.0,691.0,697.0,706.0,722.0,724.0,734.0,752.0,761.0,773.0,783.0,786.0,806.0,807.0,833.0,879.0,892.0,906.0,907.0,907.0,941.0,961.0,978.0,991.0,1000.0,
71.0,130.0,137.0,160.0,174.0,178.0,189.0,207.0,214.0,238.0,314.0,349.0,386.0,395.0,401.0,415.0,421.0,436.0,437.0,483.0,527.0,545.0,549.0,550.0,555.0,556.0,567.0,572.0,587.0,618.0,625.0,672.0,705.0,720.0,736.0,755.0,764.0,766.0,839.0,843.0,896.0,929.0,945.0,
6.0,11.0,13.0,27.0,34.0,44.0,44.0,57.0,59.0,127.0,143.0,162.0,181.0,215.0,218.0,243.0,248.0,283.0,321.0,348.0,385.0,389.0,414.0,438.0,476.0,525.0,636.0,714.0,770.0,785.0,898.0,977.0,985.0,
9.0,22.0,79.0,156.0,165.0,243.0,279.0,315.0,321.0,388.0,392.0,416.0,429.0,543.0,586.0,602.0,606.0,667.0,718.0,735.0,784.0,786.0,812.0,866.0,866.0,954.0,964.0,
14.0,18.0,26.0,35.0,39.0,82.0,189.0,216.0,308.0,369.0,426.0,504.0,536.0,544.0,617.0,749.0,765.0,798.0,830.0,921.0,937.0,944.0,953.0,957.0,965.0,966.0,984.0,
27.0,33.0,104.0,105.0,138.0,147.0,173.0,195.0,251.0,265.0,269.0,272.0,284.0,327.0,332.0,382.0,449.0,482.0,538.0,556.0,599.0,623.0,647.0,656.0,669.0,713.0,754.0,758.0,760.0,798.0,809.0,817.0,834.0,834.0,875.0,878.0,884.0,907.0,911.0,946.0,992.0,
18.0,29.0,61.0,94.0,117.0,125.0,132.0,164.0,179.0,217.0,299.0,319.0,357.0,360.0,362.0,381.0,394.0,401.0,428.0,447.0,494.0,500.0,527.0,539.0,574.0,574.0,578.0,596.0,629.0,882.0,901.0,920.0,982.0,989.0,990.0,
43.0,64.0,67.0,72.0,75.0,91.0,91.0,144.0,185.0,195.0,196.0,285.0,295.0,345.0,368.0,389.0,420.0,437.0,476.0,491.0,513.0,514.0,519.0,527.0,531.0,536.0,544.0,550.0,557.0,561.0,590.0,614.0,644.0,653.0,665.0,675.0,696.0,700.0,712.0,723.0,734.0,761.0,762.0,795.0,830.0,838.0,871.0,887.0,894.0,896.0,904.0,918.0,967.0,968.0,992.0,997.0,
7.0,14.0,85.0,171.0,215.0,226.0,241.0,268.0,271.0,280.0,307.0,344.0,365.0,417.0,486.0,518.0,524.0,524.0,527.0,542.0,543.0,547.0,548.0,556.0,558.0,562.0,562.0,566.0,566.0,571.0,571.0,574.0,575.0,581.0,582.0,594.0,611.0,613.0,623.0,626.0,631.0,640.0,656.0,659.0,662.0,669.0,683.0,691.0,699.0,712.0,733.0,739.0,765.0,766.0,769.0,787.0,791.0,794.0,797.0,800.0,821.0,824.0,847.0,862.0,881.0,896.0,900.0,914.0,960.0,967.0,992.0,
50.0,146.0,151.0,155.0,203.0,257.0,260.0,293.0,308.0,339.0,354.0,363.0,378.0,385.0,419.0,437.0,443.0,500.0,508.0,524.0,525.0,532.0,535.0,535.0,540.0,542.0,543.0,545.0,546.0,556.0,572.0,573.0,592.0,595.0,595.0,598.0,603.0,614.0,623.0,654.0,657.0,704.0,705.0,723.0,728.0,728.0,733.0,746.0,763.0,766.0,783.0,790.0,794.0,848.0,871.0,872.0,882.0,903.0,925.0,925.0,979.0,993.0,
5.0,10.0,25.0,75.0,79.0,85.0,86.0,95.0,95.0,100.0,128.0,165.0,227.0,259.0,271.0,296.0,312.0,338.0,383.0,446.0,455.0,459.0,508.0,511.0,528.0,552.0,552.0,553.0,554.0,558.0,561.0,565.0,566.0,567.0,573.0,574.0,575.0,576.0,585.0,587.0,589.0,592.0,595.0,596.0,603.0,605.0,606.0,606.0,607.0,610.0,614.0,618.0,621.0,628.0,628.0,632.0,641.0,654.0,656.0,668.0,679.0,688.0,696.0,714.0,729.0,763.0,767.0,787.0,802.0,823.0,824.0,830.0,877.0,888.0,897.0,902.0,902.0,907.0,915.0,920.0,929.0,944.0,950.0,957.0,959.0,962.0,979.0,999.0,
69.0,188.0,195.0,295.0,310.0,316.0,324.0,422.0,497.0,505.0,537.0,553.0,553.0,578.0,584.0,590.0,596.0,598.0,598.0,601.0,604.0,605.0,627.0,630.0,632.0,632.0,634.0,652.0,681.0,685.0,690.0,705.0,707.0,720.0,725.0,740.0,741.0,741.0,756.0,778.0,814.0,819.0,832.0,839.0,842.0,859.0,866.0,889.0,895.0,931.0,975.0,
55.0,151.0,236.0,237.0,255.0,289.0,315.0,338.0,362.0,397.0,445.0,446.0,475.0,502.0,507.0,516.0,589.0,618.0,642.0,649.0,726.0,746.0,759.0,825.0,826.0,840.0,887.0,897.0,943.0,984.0,992.0,
52.0,158.0,162.0,177.0,209.0,221.0,237.0,281.0,285.0,317.0,394.0,395.0,396.0,473.0,511.0,542.0,559.0,603.0,676.0,697.0,736.0,762.0,797.0,873.0,918.0,919.0,920.0,926.0,968.0,
54.0,54.0,73.0,96.0,126.0,127.0,139.0,145.0,187.0,221.0,248.0,251.0,261.0,277.0,320.0,322.0,441.0,506.0,519.0,522.0,523.0,530.0,601.0,627.0,633.0,634.0,680.0,682.0,687.0,689.0,695.0,699.0,721.0,822.0,825.0,837.0,854.0,889.0,
157.0,169.0,254.0,273.0,299.0,310.0,357.0,364.0,433.0,444.0,445.0,447.0,462.0,532.0,550.0,592.0,609.0,624.0,651.0,739.0,749.0,753.0,802.0,819.0,848.0,884.0,921.0,938.0,953.0,994.0,
29.0,133.0,152.0,206.0,219.0,247.0,253.0,272.0,282.0,282.0,389.0,390.0,446.0,467.0,486.0,550.0,627.0,635.0,654.0,715.0,728.0,746.0,771.0,845.0,855.0,902.0,911.0,988.0,
8.0,55.0,102.0,112.0,183.0,186.0,267.0,270.0,286.0,316.0,321.0,328.0,330.0,365.0,396.0,415.0,526.0,531.0,532.0,541.0,544.0,545.0,554.0,563.0,564.0,568.0,595.0,622.0,629.0,632.0,648.0,657.0,663.0,705.0,711.0,750.0,756.0,767.0,772.0,808.0,836.0,856.0,860.0,894.0,937.0,941.0,942.0,987.0,
35.0,40.0,132.0,146.0,152.0,173.0,180.0,193.0,207.0,237.0,240.0,259.0,284.0,293.0,300.0,318.0,390.0,423.0,476.0,477.0,489.0,509.0,520.0,531.0,533.0,536.0,548.0,556.0,565.0,565.0,573.0,573.0,586.0,586.0,586.0,588.0,605.0,613.0,618.0,621.0,636.0,638.0,638.0,640.0,642.0,674.0,681.0,687.0,692.0,713.0,730.0,736.0,742.0,744.0,763.0,774.0,804.0,829.0,831.0,840.0,848.0,858.0,864.0,872.0,887.0,907.0,916.0,927.0,932.0,934.0,935.0,936.0,965.0,972.0,978.0,983.0,993.0,
46.0,103.0,126.0,153.0,193.0,207.0,238.0,283.0,337.0,337.0,340.0,407.0,427.0,427.0,433.0,457.0,487.0,505.0,511.0,526.0,527.0,528.0,530.0,533.0,534.0,544.0,545.0,547.0,553.0,555.0,559.0,559.0,570.0,590.0,591.0,592.0,594.0,596.0,610.0,625.0,630.0,678.0,686.0,688.0,706.0,714.0,745.0,745.0,745.0,751.0,763.0,765.0,771.0,781.0,805.0,813.0,833.0,837.0,839.0,840.0,842.0,855.0,856.0,864.0,888.0,890.0,904.0,909.0,912.0,957.0,961.0,974.0,986.0,
46.0,53.0,93.0,103.0,155.0,162.0,171.0,256.0,284.0,329.0,393.0,449.0,514.0,519.0,522.0,528.0,528.0,531.0,534.0,536.0,536.0,537.0,539.0,541.0,545.0,548.0,548.0,549.0,551.0,554.0,560.0,563.0,565.0,566.0,570.0,571.0,577.0,581.0,582.0,586.0,597.0,600.0,617.0,626.0,628.0,629.0,631.0,649.0,653.0,665.0,690.0,694.0,710.0,726.0,731.0,734.0,739.0,741.0,766.0,772.0,780.0,786.0,811.0,818.0,836.0,845.0,846.0,856.0,859.0,863.0,866.0,866.0,877.0,893.0,915.0,983.0,
80.0,165.0,167.0,186.0,219.0,231.0,236.0,284.0,322.0,366.0,407.0,418.0,443.0,487.0,509.0,513.0,517.0,536.0,542.0,547.0,548.0,558.0,570.0,570.0,585.0,597.0,637.0,640.0,646.0,649.0,658.0,690.0,693.0,716.0,727.0,731.0,732.0,753.0,767.0,795.0,833.0,878.0,921.0,950.0,972.0,978.0,982.0,996.0,
69.0,81.0,89.0,98.0,142.0,152.0,190.0,200.0,211.0,233.0,262.0,279.0,340.0,352.0,375.0,376.0,395.0,408.0,437.0,442.0,475.0,483.0,554.0,556.0,556.0,572.0,582.0,684.0,686.0,689.0,690.0,692.0,769.0,775.0,887.0,989.0,990.0,
13.0,18.0,25.0,31.0,33.0,54.0,65.0,107.0,123.0,135.0,169.0,195.0,241.0,257.0,270.0,294.0,312.0,323.0,323.0,324.0,326.0,351.0,357.0,397.0,416.0,418.0,471.0,572.0,578.0,580.0,616.0,652.0,717.0,766.0,854.0,872.0,874.0,882.0,889.0,909.0,918.0,951.0,977.0,
18.0,29.0,40.0,45.0,66.0,100.0,156.0,180.0,181.0,190.0,222.0,236.0,247.0,269.0,315.0,364.0,385.0,390.0,397.0,417.0,454.0,474.0,520.0,555.0,555.0,567.0,624.0,632.0,679.0,690.0,704.0,733.0,738.0,792.0,796.0,798.0,802.0,806.0,814.0,838.0,866.0,891.0,893.0,912.0,917.0,932.0,966.0,975.0,995.0,
39.0,53.0,111.0,135.0,159.0,196.0,210.0,218.0,221.0,236.0,252.0,277.0,281.0,323.0,327.0,327.0,395.0,396.0,470.0,487.0,491.0,530.0,535.0,579.0,639.0,670.0,691.0,692.0,725.0,747.0,771.0,776.0,787.0,815.0,826.0,902.0,915.0,939.0,958.0,988.0,
2.0,43.0,50.0,54.0,55.0,66.0,72.0,76.0,127.0,140.0,144.0,176.0,191.0,208.0,216.0,222.0,240.0,273.0,319.0,338.0,352.0,391.0,467.0,468.0,488.0,518.0,521.0,566.0,609.0,634.0,648.0,691.0,710.0,726.0,753.0,762.0,762.0,856.0,858.0,999.0,
59.0,60.0,75.0,117.0,182.0,187.0,233.0,241.0,272.0,299.0,320.0,321.0,407.0,446.0,470.0,480.0,490.0,509.0,515.0,534.0,574.0,665.0,670.0,699.0,720.0,732.0,839.0,844.0,863.0,933.0,936.0,975.0,
14.0,21.0,34.0,38.0,44.0,87.0,122.0,124.0,129.0,137.0,147.0,155.0,162.0,197.0,355.0,386.0,447.0,457.0,505.0,517.0,518.0,527.0,528.0,554.0,559.0,570.0,572.0,589.0,595.0,618.0,620.0,624.0,626.0,643.0,661.0,704.0,705.0,720.0,753.0,775.0,791.0,793.0,794.0,802.0,817.0,852.0,858.0,884.0,892.0,892.0,892.0,931.0,931.0,
24.0,42.0,43.0,44.0,49.0,105.0,115.0,141.0,168.0,172.0,186.0,192.0,203.0,210.0,238.0,271.0,275.0,292.0,307.0,345.0,397.0,406.0,425.0,439.0,471.0,494.0,496.0,528.0,530.0,542.0,551.0,553.0,557.0,562.0,567.0,573.0,579.0,599.0,604.0,604.0,617.0,626.0,644.0,668.0,680.0,686.0,693.0,704.0,710.0,739.0,748.0,762.0,767.0,788.0,822.0,852.0,852.0,862.0,867.0,896.0,919.0,966.0,974.0,993.0,
47.0,82.0,137.0,141.0,167.0,215.0,283.0,386.0,420.0,496.0,497.0,509.0,514.0,530.0,541.0,573.0,576.0,576.0,581.0,595.0,603.0,647.0,650.0,670.0,675.0,701.0,750.0,753.0,754.0,758.0,783.0,882.0,886.0,941.0,970.0,970.0,994.0,
5.0,5.0,37.0,92.0,116.0,143.0,182.0,225.0,233.0,238.0,286.0,297.0,301.0,361.0,374.0,395.0,407.0,409.0,422.0,448.0,454.0,465.0,526.0,548.0,614.0,711.0,713.0,790.0,873.0,886.0,930.0,953.0,
41.0,79.0,92.0,159.0,177.0,198.0,231.0,240.0,260.0,287.0,296.0,318.0,352.0,389.0,392.0,411.0,432.0,465.0,524.0,549.0,559.0,584.0,635.0,653.0,677.0,700.0,774.0,844.0,851.0,945.0,
90.0,116.0,118.0,120.0,137.0,221.0,288.0,301.0,309.0,355.0,435.0,472.0,474.0,493.0,501.0,519.0,590.0,605.0,625.0,664.0,668.0,708.0,719.0,769.0,769.0,803.0,826.0,869.0,876.0,948.0,967.0,969.0,979.0,
30.0,151.0,199.0,204.0,209.0,322.0,368.0,416.0,432.0,442.0,461.0,508.0,513.0,632.0,637.0,706.0,708.0,740.0,755.0,846.0,848.0,876.0,922.0,925.0,948.0,
10.0,37.0,88.0,89.0,94.0,94.0,113.0,129.0,150.0,180.0,206.0,244.0,249.0,288.0,288.0,338.0,343.0,357.0,358.0,359.0,382.0,383.0,399.0,402.0,407.0,436.0,465.0,490.0,537.0,551.0,668.0,679.0,849.0,901.0,927.0,954.0,963.0,966.0,
26.0,29.0,44.0,70.0,90.0,95.0,125.0,127.0,149.0,178.0,181.0,183.0,217.0,241.0,286.0,357.0,429.0,437.0,483.0,551.0,557.0,563.0,575.0,620.0,649.0,651.0,660.0,718.0,770.0,772.0,785.0,786.0,801.0,807.0,894.0,913.0,926.0,1000.0,
11.0,17.0,48.0,58.0,71.0,74.0,84.0,96.0,120.0,143.0,215.0,219.0,223.0,239.0,281.0,287.0,294.0,294.0,298.0,385.0,397.0,398.0,399.0,448.0,492.0,588.0,649.0,662.0,673.0,710.0,719.0,735.0,793.0,810.0,820.0,858.0,882.0,891.0,901.0,
25.0,85.0,117.0,150.0,216.0,236.0,247.0,251.0,257.0,280.0,320.0,353.0,372.0,378.0,395.0,401.0,413.0,431.0,434.0,490.0,504.0,516.0,526.0,603.0,609.0,628.0,693.0,702.0,704.0,725.0,763.0,786.0,855.0,998.0,
20.0,32.0,101.0,109.0,148.0,197.0,217.0,251.0,273.0,314.0,380.0,391.0,395.0,396.0,409.0,413.0,523.0,538.0,566.0,580.0,624.0,630.0,646.0,658.0,719.0,719.0,751.0,820.0,864.0,865.0,928.0,936.0,953.0,966.0,
5.0,15.0,35.0,60.0,92.0,129.0,133.0,149.0,150.0,153.0,160.0,161.0,210.0,246.0,257.0,263.0,273.0,275.0,298.0,319.0,336.0,350.0,406.0,459.0,480.0,494.0,523.0,562.0,679.0,710.0,716.0,724.0,754.0,787.0,847.0,863.0,903.0,919.0,930.0,935.0,937.0,1000.0,
13.0,40.0,41.0,121.0,163.0,207.0,228.0,288.0,358.0,391.0,436.0,446.0,458.0,466.0,486.0,488.0,613.0,624.0,639.0,644.0,706.0,731.0,811.0,848.0,856.0,883.0,897.0,972.0,
56.0,88.0,111.0,112.0,121.0,125.0,154.0,185.0,199.0,200.0,239.0,253.0,267.0,330.0,392.0,418.0,426.0,446.0,447.0,466.0,468.0,488.0,517.0,519.0,522.0,540.0,545.0,549.0,554.0,580.0,610.0,633.0,641.0,650.0,684.0,685.0,686.0,689.0,706.0,710.0,800.0,887.0,949.0,957.0,966.0,983.0,
98.0,99.0,188.0,220.0,236.0,265.0,274.0,290.0,377.0,388.0,443.0,455.0,470.0,526.0,549.0,613.0,617.0,651.0,689.0,695.0,696.0,733.0,737.0,761.0,767.0,774.0,832.0,876.0,919.0,924.0,951.0,965.0,967.0,970.0,973.0,
10.0,40.0,65.0,161.0,168.0,173.0,180.0,204.0,230.0,238.0,305.0,337.0,341.0,392.0,410.0,416.0,442.0,442.0,500.0,506.0,519.0,526.0,526.0,530.0,552.0,563.0,592.0,596.0,621.0,622.0,641.0,684.0,756.0,764.0,775.0,787.0,806.0,821.0,834.0,863.0,867.0,884.0,942.0,947.0,969.0,
36.0,60.0,99.0,107.0,133.0,136.0,142.0,188.0,208.0,261.0,264.0,288.0,305.0,332.0,345.0,364.0,374.0,381.0,412.0,482.0,488.0,511.0,544.0,602.0,629.0,671.0,710.0,719.0,730.0,747.0,748.0,759.0,767.0,798.0,807.0,829.0,922.0,930.0,961.0,
60.0,94.0,108.0,123.0,126.0,148.0,161.0,216.0,228.0,259.0,263.0,277.0,301.0,320.0,321.0,324.0,351.0,391.0,400.0,438.0,458.0,475.0,507.0,509.0,607.0,649.0,673.0,685.0,688.0,689.0,709.0,713.0,729.0,750.0,766.0,875.0,877.0,882.0,884.0,960.0,
12.0,13.0,55.0,59.0,80.0,99.0,107.0,108.0,122.0,130.0,135.0,164.0,168.0,171.0,175.0,199.0,214.0,215.0,240.0,243.0,250.0,271.0,340.0,348.0,362.0,363.0,391.0,409.0,411.0,446.0,448.0,450.0,479.0,510.0,516.0,543.0,558.0,602.0,628.0,641.0,672.0,684.0,690.0,734.0,816.0,871.0,911.0,936.0,957.0,958.0,978.0,
8.0,10.0,36.0,89.0,94.0,122.0,125.0,183.0,205.0,240.0,361.0,388.0,411.0,431.0,460.0,533.0,563.0,629.0,659.0,672.0,677.0,692.0,692.0,705.0,714.0,725.0,734.0,751.0,769.0,805.0,805.0,818.0,819.0,832.0,833.0,850.0,979.0,984.0,
48.0,52.0,106.0,119.0,145.0,147.0,148.0,149.0,172.0,201.0,297.0,312.0,323.0,337.0,339.0,353.0,424.0,432.0,445.0,449.0,460.0,462.0,489.0,506.0,521.0,574.0,602.0,682.0,697.0,721.0,752.0,824.0,845.0,852.0,856.0,890.0,905.0,919.0,931.0,945.0,952.0,968.0,1000.0,
6.0,23.0,126.0,140.0,149.0,171.0,211.0,229.0,231.0,274.0,286.0,292.0,314.0,326.0,332.0,389.0,397.0,435.0,441.0,464.0,465.0,471.0,497.0,538.0,553.0,594.0,612.0,652.0,714.0,738.0,741.0,749.0,767.0,774.0,775.0,778.0,779.0,830.0,838.0,843.0,846.0,915.0,948.0,956.0,
24.0,40.0,67.0,99.0,128.0,167.0,202.0,215.0,223.0,224.0,255.0,283.0,332.0,332.0,360.0,367.0,415.0,439.0,463.0,463.0,594.0,607.0,648.0,658.0,684.0,714.0,794.0,796.0,838.0,844.0,856.0,925.0,978.0,990.0,995.0,
26.0,52.0,55.0,58.0,80.0,86.0,124.0,160.0,160.0,163.0,170.0,176.0,229.0,237.0,251.0,285.0,289.0,335.0,402.0,444.0,446.0,472.0,481.0,484.0,492.0,497.0,501.0,513.0,565.0,575.0,634.0,654.0,694.0,751.0,761.0,770.0,788.0,847.0,875.0,881.0,891.0,903.0,919.0,958.0,973.0,
103.0,108.0,134.0,259.0,288.0,320.0,321.0,342.0,404.0,415.0,434.0,458.0,475.0,532.0,581.0,584.0,585.0,650.0,656.0,674.0,678.0,683.0,717.0,727.0,844.0,855.0,886.0,964.0,
