18.0,23.0,38.0,67.0,79.0,232.0,272.0,324.0,357.0,360.0,370.0,384.0,402.0,462.0,489.0,534.0,555.0,580.0,609.0,680.0,704.0,775.0,781.0,781.0,789.0,799.0,802.0,809.0,811.0,818.0,824.0,905.0,949.0,951.0,953.0,987.0,988.0,998.0,
42.0,65.0,73.0,97.0,154.0,199.0,210.0,278.0,317.0,349.0,388.0,392.0,403.0,485.0,489.0,491.0,523.0,540.0,594.0,594.0,594.0,605.0,647.0,666.0,668.0,714.0,735.0,754.0,832.0,887.0,890.0,913.0,917.0,921.0,947.0,954.0,968.0,996.0,
10.0,35.0,113.0,190.0,198.0,202.0,259.0,283.0,292.0,302.0,330.0,332.0,336.0,345.0,376.0,414.0,442.0,483.0,489.0,561.0,567.0,573.0,612.0,655.0,669.0,679.0,724.0,725.0,729.0,754.0,757.0,805.0,808.0,808.0,813.0,863.0,883.0,889.0,905.0,973.0,
4.0,46.0,67.0,110.0,143.0,168.0,201.0,267.0,290.0,324.0,359.0,392.0,425.0,443.0,460.0,494.0,530.0,566.0,599.0,684.0,727.0,810.0,826.0,828.0,842.0,906.0,920.0,959.0,994.0,
17.0,33.0,56.0,98.0,118.0,144.0,159.0,195.0,195.0,222.0,300.0,312.0,312.0,345.0,346.0,359.0,408.0,411.0,432.0,484.0,532.0,580.0,586.0,600.0,654.0,656.0,656.0,665.0,667.0,689.0,702.0,718.0,734.0,778.0,794.0,827.0,832.0,899.0,924.0,963.0,
16.0,44.0,50.0,63.0,96.0,150.0,185.0,221.0,243.0,246.0,253.0,267.0,268.0,299.0,310.0,316.0,316.0,383.0,406.0,453.0,471.0,472.0,504.0,529.0,540.0,555.0,558.0,591.0,702.0,720.0,726.0,751.0,768.0,900.0,912.0,978.0,
10.0,22.0,76.0,97.0,97.0,98.0,123.0,195.0,266.0,266.0,360.0,405.0,413.0,419.0,430.0,436.0,450.0,466.0,502.0,518.0,532.0,564.0,577.0,590.0,596.0,644.0,647.0,649.0,679.0,691.0,710.0,742.0,792.0,794.0,794.0,901.0,915.0,933.0,999.0,
16.0,82.0,146.0,155.0,188.0,234.0,249.0,251.0,313.0,360.0,375.0,411.0,436.0,521.0,546.0,549.0,558.0,565.0,571.0,587.0,598.0,644.0,652.0,687.0,715.0,751.0,762.0,855.0,876.0,896.0,907.0,928.0,944.0,952.0,
31.0,40.0,43.0,52.0,62.0,103.0,156.0,158.0,166.0,177.0,192.0,195.0,198.0,201.0,229.0,236.0,242.0,248.0,276.0,289.0,294.0,298.0,333.0,498.0,527.0,541.0,542.0,545.0,642.0,728.0,738.0,759.0,817.0,862.0,871.0,881.0,913.0,927.0,993.0,999.0,
44.0,45.0,48.0,92.0,132.0,164.0,186.0,196.0,231.0,257.0,258.0,292.0,444.0,485.0,508.0,516.0,570.0,580.0,606.0,608.0,609.0,650.0,664.0,670.0,717.0,772.0,781.0,802.0,879.0,979.0,986.0,988.0,995.0,
43.0,47.0,69.0,74.0,106.0,115.0,147.0,155.0,165.0,238.0,240.0,295.0,296.0,331.0,392.0,397.0,399.0,439.0,448.0,472.0,479.0,484.0,558.0,565.0,595.0,595.0,605.0,617.0,622.0,644.0,647.0,648.0,654.0,670.0,671.0,693.0,703.0,712.0,715.0,718.0,738.0,739.0,783.0,785.0,791.0,821.0,823.0,828.0,914.0,942.0,943.0,990.0,997.0,
38.0,58.0,72.0,79.0,119.0,120.0,126.0,187.0,206.0,213.0,228.0,238.0,333.0,360.0,365.0,427.0,439.0,486.0,492.0,546.0,605.0,693.0,710.0,769.0,802.0,849.0,868.0,908.0,940.0,973.0,980.0,
139.0,187.0,209.0,248.0,334.0,336.0,352.0,384.0,434.0,448.0,546.0,559.0,610.0,615.0,687.0,714.0,736.0,804.0,826.0,860.0,873.0,884.0,900.0,925.0,943.0,
70.0,103.0,147.0,152.0,154.0,174.0,177.0,195.0,198.0,249.0,295.0,321.0,324.0,331.0,379.0,428.0,446.0,463.0,531.0,599.0,603.0,610.0,646.0,655.0,701.0,703.0,706.0,730.0,764.0,815.0,817.0,867.0,881.0,900.0,924.0,
24.0,102.0,115.0,115.0,125.0,136.0,200.0,204.0,235.0,256.0,275.0,303.0,320.0,378.0,410.0,488.0,518.0,522.0,529.0,537.0,543.0,570.0,604.0,632.0,649.0,669.0,687.0,690.0,691.0,694.0,694.0,695.0,715.0,717.0,717.0,718.0,749.0,752.0,758.0,842.0,883.0,897.0,897.0,908.0,926.0,966.0,967.0,978.0,996.0,
27.0,50.0,96.0,135.0,177.0,185.0,198.0,222.0,230.0,240.0,266.0,280.0,403.0,409.0,421.0,440.0,461.0,498.0,604.0,622.0,677.0,701.0,772.0,795.0,800.0,802.0,810.0,816.0,828.0,850.0,880.0,900.0,935.0,1000.0,
10.0,24.0,113.0,116.0,119.0,122.0,215.0,293.0,316.0,324.0,351.0,363.0,399.0,441.0,442.0,443.0,447.0,489.0,509.0,522.0,541.0,546.0,569.0,571.0,588.0,656.0,669.0,670.0,672.0,692.0,701.0,712.0,714.0,798.0,835.0,868.0,902.0,903.0,912.0,936.0,939.0,973.0,976.0,
24.0,154.0,172.0,230.0,262.0,476.0,479.0,503.0,525.0,576.0,618.0,625.0,655.0,661.0,671.0,678.0,717.0,793.0,796.0,824.0,930.0,934.0,989.0,
5.0,23.0,24.0,33.0,48.0,62.0,127.0,184.0,211.0,266.0,338.0,345.0,353.0,363.0,386.0,393.0,421.0,542.0,546.0,592.0,614.0,635.0,643.0,717.0,731.0,732.0,743.0,754.0,755.0,758.0,759.0,766.0,772.0,798.0,818.0,820.0,845.0,870.0,891.0,916.0,925.0,935.0,
17.0,19.0,40.0,42.0,68.0,102.0,107.0,113.0,178.0,181.0,196.0,209.0,220.0,237.0,251.0,302.0,309.0,383.0,383.0,386.0,518.0,575.0,593.0,657.0,666.0,685.0,729.0,736.0,788.0,799.0,838.0,944.0,
30.0,36.0,107.0,112.0,120.0,141.0,156.0,168.0,217.0,223.0,234.0,244.0,272.0,288.0,306.0,322.0,344.0,347.0,435.0,438.0,445.0,451.0,474.0,519.0,546.0,566.0,576.0,622.0,657.0,661.0,665.0,681.0,686.0,694.0,697.0,792.0,800.0,804.0,811.0,827.0,898.0,929.0,
3.0,43.0,54.0,83.0,163.0,176.0,192.0,204.0,345.0,370.0,386.0,405.0,469.0,476.0,482.0,546.0,628.0,643.0,679.0,755.0,761.0,854.0,860.0,877.0,906.0,906.0,939.0,951.0,996.0,
6.0,28.0,47.0,109.0,110.0,132.0,165.0,188.0,189.0,198.0,240.0,240.0,275.0,300.0,300.0,336.0,381.0,432.0,471.0,474.0,482.0,499.0,509.0,556.0,596.0,596.0,673.0,676.0,713.0,798.0,810.0,831.0,842.0,847.0,851.0,862.0,909.0,914.0,919.0,935.0,986.0,
26.0,28.0,51.0,141.0,239.0,239.0,262.0,264.0,281.0,292.0,313.0,330.0,368.0,380.0,399.0,443.0,455.0,492.0,503.0,546.0,610.0,618.0,651.0,685.0,721.0,726.0,741.0,752.0,860.0,862.0,988.0,
10.0,38.0,65.0,98.0,136.0,149.0,188.0,226.0,278.0,291.0,303.0,320.0,341.0,349.0,355.0,370.0,372.0,400.0,430.0,455.0,537.0,552.0,569.0,647.0,682.0,738.0,793.0,892.0,997.0,
42.0,59.0,60.0,77.0,104.0,105.0,106.0,106.0,148.0,154.0,185.0,223.0,228.0,231.0,240.0,366.0,368.0,421.0,454.0,478.0,486.0,510.0,517.0,523.0,531.0,534.0,542.0,574.0,598.0,623.0,732.0,738.0,752.0,763.0,824.0,871.0,947.0,
123.0,153.0,201.0,207.0,270.0,293.0,312.0,337.0,347.0,405.0,436.0,449.0,458.0,489.0,501.0,502.0,503.0,519.0,523.0,528.0,548.0,578.0,624.0,637.0,670.0,677.0,677.0,689.0,698.0,705.0,712.0,768.0,807.0,830.0,848.0,878.0,929.0,949.0,998.0,1000.0,
79.0,87.0,89.0,156.0,163.0,198.0,214.0,242.0,372.0,393.0,415.0,443.0,497.0,511.0,524.0,524.0,539.0,545.0,580.0,583.0,617.0,664.0,725.0,750.0,781.0,793.0,794.0,860.0,909.0,926.0,932.0,942.0,963.0,968.0,
24.0,164.0,167.0,171.0,203.0,216.0,233.0,315.0,337.0,344.0,400.0,432.0,457.0,471.0,478.0,521.0,529.0,645.0,704.0,728.0,733.0,759.0,783.0,797.0,802.0,874.0,888.0,895.0,916.0,970.0,987.0,988.0,
96.0,152.0,165.0,198.0,199.0,215.0,232.0,239.0,265.0,271.0,337.0,364.0,390.0,396.0,497.0,500.0,509.0,511.0,527.0,527.0,554.0,618.0,628.0,654.0,663.0,663.0,726.0,748.0,785.0,786.0,797.0,799.0,829.0,835.0,845.0,849.0,890.0,893.0,908.0,978.0,
30.0,70.0,71.0,72.0,98.0,122.0,126.0,169.0,193.0,230.0,308.0,321.0,323.0,338.0,392.0,497.0,590.0,636.0,646.0,750.0,784.0,800.0,816.0,861.0,904.0,951.0,974.0,974.0,
18.0,30.0,116.0,143.0,152.0,165.0,184.0,204.0,256.0,260.0,262.0,263.0,291.0,327.0,346.0,366.0,395.0,402.0,438.0,477.0,525.0,569.0,638.0,653.0,658.0,662.0,691.0,782.0,793.0,828.0,856.0,865.0,886.0,940.0,944.0,969.0,976.0,995.0,
2.0,62.0,68.0,125.0,172.0,177.0,200.0,212.0,308.0,327.0,368.0,383.0,429.0,483.0,506.0,536.0,544.0,546.0,584.0,587.0,590.0,706.0,740.0,761.0,798.0,799.0,827.0,854.0,862.0,
30.0,78.0,101.0,109.0,133.0,135.0,139.0,156.0,184.0,198.0,214.0,225.0,268.0,284.0,299.0,326.0,330.0,376.0,383.0,532.0,567.0,577.0,632.0,653.0,669.0,713.0,737.0,746.0,808.0,824.0,825.0,852.0,853.0,899.0,908.0,939.0,
80.0,123.0,143.0,168.0,180.0,196.0,209.0,283.0,284.0,311.0,363.0,381.0,382.0,386.0,410.0,456.0,468.0,479.0,486.0,510.0,535.0,545.0,550.0,556.0,585.0,606.0,607.0,611.0,612.0,614.0,625.0,626.0,634.0,641.0,670.0,671.0,672.0,692.0,701.0,738.0,747.0,747.0,767.0,910.0,929.0,951.0,988.0,
87.0,94.0,123.0,186.0,210.0,210.0,214.0,226.0,273.0,348.0,360.0,393.0,446.0,469.0,485.0,489.0,522.0,532.0,540.0,543.0,572.0,573.0,574.0,594.0,608.0,645.0,646.0,655.0,658.0,672.0,684.0,686.0,715.0,722.0,745.0,755.0,760.0,787.0,804.0,806.0,809.0,828.0,846.0,878.0,898.0,914.0,925.0,946.0,965.0,981.0,982.0,994.0,998.0,
18.0,109.0,124.0,165.0,195.0,236.0,249.0,283.0,319.0,322.0,331.0,337.0,353.0,356.0,364.0,383.0,419.0,440.0,449.0,487.0,513.0,523.0,524.0,539.0,544.0,549.0,556.0,564.0,564.0,574.0,584.0,586.0,598.0,637.0,638.0,677.0,721.0,745.0,756.0,796.0,796.0,803.0,806.0,809.0,812.0,819.0,827.0,899.0,914.0,936.0,964.0,974.0,977.0,998.0,1000.0,
10.0,10.0,36.0,46.0,50.0,101.0,215.0,283.0,287.0,312.0,319.0,359.0,387.0,405.0,410.0,417.0,436.0,466.0,523.0,579.0,592.0,596.0,610.0,620.0,633.0,648.0,743.0,750.0,810.0,947.0,954.0,997.0,999.0,
4.0,30.0,97.0,191.0,202.0,205.0,240.0,240.0,251.0,253.0,337.0,354.0,379.0,388.0,392.0,412.0,428.0,444.0,460.0,497.0,553.0,561.0,592.0,643.0,655.0,687.0,688.0,778.0,931.0,955.0,981.0,
12.0,43.0,50.0,98.0,106.0,117.0,124.0,177.0,268.0,295.0,298.0,303.0,308.0,377.0,390.0,442.0,451.0,491.0,512.0,529.0,542.0,597.0,607.0,645.0,683.0,703.0,714.0,742.0,756.0,762.0,763.0,772.0,790.0,799.0,881.0,889.0,960.0,967.0,975.0,983.0,988.0,
119.0,149.0,160.0,187.0,187.0,229.0,232.0,246.0,267.0,269.0,307.0,325.0,341.0,440.0,462.0,543.0,549.0,577.0,624.0,652.0,673.0,676.0,704.0,711.0,742.0,747.0,764.0,782.0,814.0,834.0,837.0,964.0,967.0,
4.0,103.0,104.0,148.0,157.0,202.0,221.0,224.0,224.0,244.0,278.0,352.0,389.0,393.0,395.0,401.0,426.0,440.0,456.0,521.0,529.0,542.0,578.0,578.0,623.0,656.0,712.0,720.0,736.0,788.0,794.0,899.0,989.0,991.0,993.0,
9.0,19.0,26.0,70.0,84.0,114.0,117.0,207.0,238.0,244.0,248.0,250.0,290.0,298.0,322.0,331.0,353.0,354.0,377.0,383.0,408.0,471.0,494.0,499.0,528.0,530.0,545.0,558.0,564.0,583.0,594.0,622.0,674.0,709.0,716.0,759.0,766.0,768.0,777.0,825.0,879.0,923.0,955.0,981.0,987.0,993.0,995.0,
8.0,18.0,103.0,106.0,132.0,157.0,182.0,242.0,246.0,270.0,283.0,326.0,410.0,434.0,468.0,483.0,525.0,536.0,569.0,631.0,640.0,647.0,650.0,661.0,671.0,672.0,733.0,750.0,756.0,779.0,780.0,818.0,827.0,837.0,848.0,866.0,885.0,923.0,937.0,947.0,969.0,
28.0,51.0,52.0,73.0,79.0,98.0,120.0,149.0,174.0,212.0,239.0,259.0,278.0,286.0,312.0,443.0,523.0,526.0,529.0,533.0,533.0,533.0,534.0,539.0,540.0,541.0,542.0,544.0,546.0,548.0,548.0,549.0,550.0,568.0,573.0,575.0,579.0,586.0,587.0,595.0,610.0,617.0,618.0,626.0,629.0,663.0,667.0,678.0,696.0,696.0,711.0,718.0,725.0,730.0,735.0,753.0,782.0,793.0,815.0,821.0,839.0,851.0,854.0,858.0,862.0,863.0,865.0,874.0,874.0,921.0,922.0,931.0,947.0,963.0,971.0,
11.0,43.0,80.0,82.0,107.0,113.0,137.0,231.0,240.0,240.0,252.0,271.0,294.0,356.0,394.0,402.0,431.0,498.0,515.0,530.0,549.0,559.0,559.0,562.0,563.0,569.0,572.0,579.0,597.0,597.0,597.0,603.0,628.0,635.0,651.0,669.0,672.0,674.0,676.0,713.0,726.0,726.0,728.0,735.0,747.0,749.0,764.0,778.0,799.0,825.0,844.0,845.0,852.0,866.0,867.0,869.0,900.0,900.0,902.0,904.0,961.0,967.0,988.0,
3.0,11.0,74.0,104.0,164.0,182.0,189.0,196.0,196.0,217.0,220.0,221.0,267.0,342.0,360.0,442.0,473.0,489.0,512.0,521.0,523.0,534.0,537.0,550.0,552.0,553.0,553.0,564.0,564.0,569.0,569.0,575.0,577.0,579.0,587.0,597.0,603.0,630.0,634.0,637.0,669.0,669.0,701.0,703.0,750.0,798.0,811.0,822.0,832.0,841.0,842.0,854.0,866.0,868.0,878.0,904.0,906.0,907.0,909.0,910.0,916.0,917.0,923.0,937.0,939.0,954.0,961.0,961.0,962.0,963.0,992.0,
3.0,13.0,33.0,59.0,128.0,149.0,223.0,224.0,339.0,350.0,387.0,407.0,411.0,427.0,453.0,528.0,530.0,531.0,535.0,548.0,548.0,552.0,555.0,577.0,579.0,588.0,589.0,594.0,596.0,598.0,606.0,610.0,613.0,617.0,620.0,630.0,647.0,653.0,685.0,703.0,715.0,719.0,731.0,762.0,765.0,787.0,805.0,805.0,813.0,830.0,852.0,936.0,946.0,957.0,
24.0,39.0,49.0,83.0,85.0,86.0,87.0,117.0,125.0,145.0,201.0,207.0,214.0,268.0,300.0,321.0,343.0,368.0,428.0,442.0,449.0,452.0,470.0,505.0,522.0,581.0,645.0,651.0,684.0,738.0,839.0,871.0,874.0,875.0,985.0,991.0,
13.0,76.0,105.0,106.0,126.0,160.0,177.0,220.0,230.0,262.0,306.0,374.0,441.0,445.0,446.0,459.0,528.0,540.0,554.0,561.0,568.0,598.0,647.0,651.0,652.0,657.0,673.0,714.0,725.0,746.0,778.0,783.0,863.0,872.0,882.0,908.0,958.0,994.0,
29.0,30.0,65.0,70.0,93.0,128.0,137.0,160.0,165.0,178.0,187.0,239.0,260.0,286.0,293.0,338.0,348.0,397.0,402.0,405.0,412.0,436.0,452.0,461.0,486.0,497.0,506.0,574.0,582.0,591.0,671.0,730.0,746.0,771.0,787.0,823.0,853.0,862.0,916.0,997.0,
50.0,56.0,102.0,117.0,137.0,195.0,204.0,236.0,243.0,265.0,295.0,309.0,319.0,319.0,343.0,377.0,404.0,414.0,463.0,489.0,507.0,640.0,675.0,679.0,716.0,727.0,773.0,785.0,806.0,809.0,839.0,841.0,850.0,880.0,907.0,908.0,924.0,941.0,953.0,957.0,964.0,974.0,
92.0,118.0,137.0,174.0,177.0,191.0,247.0,269.0,283.0,295.0,295.0,324.0,353.0,387.0,393.0,416.0,498.0,499.0,517.0,523.0,588.0,704.0,708.0,719.0,810.0,827.0,864.0,879.0,882.0,897.0,902.0,903.0,963.0,
33.0,40.0,51.0,65.0,83.0,172.0,225.0,230.0,261.0,277.0,298.0,321.0,323.0,347.0,355.0,368.0,377.0,404.0,412.0,415.0,446.0,483.0,483.0,490.0,512.0,514.0,520.0,522.0,532.0,546.0,549.0,552.0,564.0,573.0,578.0,598.0,602.0,632.0,650.0,654.0,673.0,675.0,678.0,689.0,703.0,713.0,728.0,738.0,749.0,793.0,823.0,826.0,835.0,836.0,839.0,848.0,852.0,854.0,860.0,867.0,872.0,878.0,910.0,927.0,927.0,930.0,953.0,956.0,974.0,975.0,977.0,982.0,982.0,983.0,995.0,
106.0,152.0,206.0,231.0,232.0,235.0,248.0,252.0,270.0,361.0,398.0,422.0,468.0,478.0,487.0,516.0,519.0,519.0,539.0,541.0,545.0,547.0,549.0,553.0,556.0,563.0,563.0,563.0,566.0,573.0,578.0,595.0,600.0,601.0,602.0,602.0,610.0,610.0,615.0,619.0,621.0,630.0,646.0,678.0,687.0,693.0,698.0,707.0,720.0,729.0,738.0,741.0,760.0,764.0,780.0,781.0,790.0,791.0,792.0,816.0,818.0,827.0,854.0,909.0,942.0,948.0,986.0,999.0,
9.0,12.0,28.0,57.0,99.0,139.0,220.0,254.0,262.0,306.0,349.0,426.0,431.0,466.0,488.0,501.0,502.0,509.0,520.0,522.0,523.0,525.0,529.0,530.0,531.0,543.0,545.0,545.0,549.0,555.0,555.0,557.0,559.0,561.0,573.0,592.0,593.0,597.0,607.0,614.0,616.0,620.0,626.0,657.0,657.0,673.0,684.0,687.0,688.0,696.0,721.0,721.0,722.0,741.0,743.0,750.0,761.0,767.0,773.0,794.0,801.0,809.0,809.0,818.0,824.0,848.0,849.0,867.0,873.0,877.0,883.0,906.0,914.0,933.0,935.0,943.0,957.0,960.0,967.0,970.0,989.0,995.0,997.0,
23.0,26.0,29.0,65.0,102.0,160.0,170.0,170.0,182.0,219.0,227.0,229.0,256.0,258.0,268.0,268.0,371.0,375.0,401.0,417.0,440.0,464.0,471.0,488.0,506.0,511.0,519.0,522.0,530.0,531.0,532.0,532.0,532.0,533.0,534.0,535.0,537.0,551.0,558.0,562.0,562.0,564.0,569.0,576.0,578.0,598.0,600.0,638.0,644.0,657.0,663.0,672.0,693.0,694.0,699.0,716.0,725.0,757.0,766.0,767.0,769.0,773.0,798.0,804.0,817.0,828.0,855.0,875.0,877.0,886.0,893.0,899.0,917.0,935.0,939.0,945.0,948.0,969.0,983.0,999.0,
77.0,87.0,139.0,162.0,167.0,182.0,192.0,218.0,222.0,297.0,298.0,391.0,402.0,443.0,466.0,510.0,522.0,540.0,544.0,554.0,562.0,569.0,574.0,575.0,593.0,595.0,612.0,615.0,618.0,642.0,659.0,664.0,673.0,674.0,688.0,692.0,751.0,762.0,762.0,765.0,793.0,798.0,817.0,824.0,831.0,847.0,849.0,850.0,855.0,901.0,905.0,927.0,944.0,986.0,986.0,988.0,999.0,
86.0,88.0,165.0,177.0,218.0,276.0,290.0,314.0,326.0,397.0,401.0,423.0,443.0,447.0,487.0,498.0,550.0,628.0,678.0,746.0,754.0,845.0,896.0,921.0,922.0,
18.0,50.0,70.0,84.0,84.0,216.0,231.0,235.0,238.0,357.0,366.0,403.0,439.0,446.0,528.0,537.0,549.0,564.0,565.0,717.0,717.0,773.0,803.0,816.0,826.0,857.0,870.0,888.0,903.0,933.0,943.0,951.0,956.0,977.0,
3.0,33.0,57.0,90.0,99.0,101.0,170.0,177.0,226.0,300.0,327.0,352.0,379.0,414.0,426.0,465.0,478.0,551.0,592.0,639.0,647.0,655.0,688.0,722.0,738.0,747.0,750.0,788.0,789.0,921.0,949.0,
12.0,16.0,73.0,75.0,106.0,123.0,158.0,212.0,231.0,283.0,287.0,299.0,331.0,363.0,391.0,433.0,439.0,447.0,465.0,467.0,493.0,510.0,525.0,531.0,552.0,621.0,634.0,636.0,681.0,685.0,724.0,785.0,787.0,818.0,890.0,901.0,904.0,916.0,
7.0,10.0,27.0,29.0,36.0,62.0,113.0,123.0,139.0,160.0,196.0,207.0,227.0,234.0,262.0,294.0,408.0,413.0,432.0,510.0,518.0,541.0,587.0,598.0,615.0,617.0,676.0,708.0,726.0,749.0,855.0,865.0,870.0,953.0,
25.0,62.0,86.0,133.0,168.0,207.0,250.0,257.0,268.0,273.0,307.0,348.0,350.0,361.0,383.0,407.0,413.0,461.0,474.0,493.0,524.0,529.0,537.0,543.0,551.0,557.0,576.0,579.0,585.0,593.0,600.0,605.0,610.0,623.0,645.0,667.0,667.0,693.0,718.0,723.0,759.0,798.0,816.0,849.0,907.0,911.0,914.0,921.0,944.0,953.0,
12.0,22.0,31.0,43.0,59.0,82.0,172.0,175.0,256.0,261.0,285.0,287.0,350.0,378.0,401.0,422.0,431.0,461.0,483.0,529.0,531.0,535.0,544.0,554.0,555.0,557.0,557.0,566.0,573.0,584.0,587.0,589.0,592.0,592.0,595.0,602.0,603.0,609.0,610.0,622.0,633.0,639.0,656.0,658.0,662.0,666.0,673.0,688.0,693.0,713.0,737.0,739.0,741.0,742.0,748.0,800.0,803.0,841.0,861.0,865.0,899.0,925.0,937.0,958.0,959.0,985.0,
19.0,35.0,111.0,144.0,168.0,194.0,281.0,292.0,326.0,343.0,376.0,393.0,410.0,435.0,457.0,459.0,512.0,522.0,531.0,538.0,539.0,542.0,549.0,552.0,553.0,564.0,565.0,569.0,569.0,570.0,584.0,584.0,585.0,591.0,593.0,605.0,640.0,649.0,653.0,658.0,660.0,691.0,712.0,717.0,742.0,749.0,752.0,766.0,767.0,776.0,789.0,791.0,792.0,836.0,838.0,904.0,908.0,942.0,947.0,963.0,970.0,989.0,
21.0,89.0,107.0,151.0,152.0,199.0,201.0,250.0,279.0,319.0,330.0,344.0,367.0,369.0,376.0,396.0,397.0,409.0,409.0,410.0,414.0,427.0,435.0,439.0,459.0,476.0,503.0,515.0,516.0,539.0,540.0,542.0,543.0,543.0,545.0,548.0,548.0,564.0,564.0,569.0,570.0,573.0,597.0,598.0,619.0,654.0,657.0,672.0,672.0,690.0,694.0,701.0,716.0,722.0,732.0,738.0,749.0,754.0,765.0,790.0,824.0,827.0,835.0,840.0,842.0,880.0,884.0,888.0,890.0,900.0,910.0,913.0,923.0,961.0,965.0,982.0,982.0,987.0,998.0,
23.0,37.0,54.0,68.0,76.0,134.0,159.0,224.0,225.0,246.0,264.0,286.0,317.0,351.0,368.0,372.0,393.0,394.0,398.0,423.0,426.0,493.0,512.0,528.0,533.0,542.0,545.0,550.0,557.0,558.0,562.0,567.0,570.0,571.0,571.0,604.0,609.0,610.0,674.0,676.0,677.0,687.0,699.0,712.0,784.0,784.0,877.0,895.0,903.0,907.0,910.0,913.0,928.0,983.0,986.0,
4.0,36.0,40.0,56.0,101.0,109.0,112.0,119.0,161.0,166.0,177.0,183.0,190.0,205.0,292.0,305.0,446.0,511.0,515.0,526.0,533.0,560.0,599.0,638.0,677.0,687.0,700.0,706.0,707.0,751.0,788.0,847.0,914.0,926.0,935.0,944.0,
13.0,62.0,65.0,84.0,90.0,112.0,156.0,194.0,216.0,228.0,281.0,300.0,357.0,387.0,407.0,408.0,410.0,419.0,425.0,433.0,434.0,453.0,456.0,505.0,512.0,527.0,576.0,602.0,652.0,662.0,694.0,733.0,741.0,757.0,772.0,819.0,855.0,864.0,886.0,926.0,954.0,966.0,984.0,
29.0,59.0,88.0,129.0,210.0,236.0,238.0,264.0,362.0,383.0,408.0,458.0,508.0,514.0,532.0,555.0,611.0,688.0,738.0,753.0,754.0,775.0,784.0,808.0,820.0,863.0,892.0,924.0,955.0,969.0,983.0,
53.0,88.0,104.0,110.0,121.0,157.0,178.0,225.0,245.0,259.0,340.0,402.0,438.0,485.0,625.0,653.0,661.0,672.0,711.0,874.0,887.0,889.0,919.0,956.0,959.0,
4.0,5.0,23.0,29.0,60.0,81.0,105.0,112.0,113.0,115.0,119.0,191.0,209.0,245.0,249.0,336.0,343.0,396.0,398.0,443.0,490.0,494.0,509.0,519.0,531.0,537.0,569.0,594.0,611.0,931.0,971.0,989.0,
11.0,66.0,136.0,170.0,214.0,261.0,272.0,292.0,298.0,316.0,345.0,361.0,364.0,399.0,400.0,412.0,446.0,497.0,499.0,514.0,520.0,527.0,563.0,586.0,607.0,755.0,786.0,813.0,825.0,877.0,942.0,986.0,
75.0,114.0,120.0,123.0,147.0,150.0,162.0,188.0,244.0,254.0,319.0,343.0,358.0,362.0,373.0,377.0,409.0,461.0,463.0,507.0,524.0,540.0,546.0,559.0,560.0,564.0,574.0,587.0,611.0,620.0,643.0,660.0,673.0,726.0,748.0,763.0,765.0,800.0,816.0,828.0,883.0,920.0,929.0,985.0,987.0,
17.0,170.0,172.0,197.0,240.0,240.0,254.0,286.0,302.0,341.0,359.0,382.0,444.0,451.0,457.0,469.0,521.0,523.0,531.0,533.0,556.0,560.0,564.0,570.0,579.0,580.0,581.0,627.0,629.0,631.0,705.0,750.0,755.0,761.0,793.0,801.0,817.0,834.0,838.0,857.0,872.0,891.0,904.0,912.0,942.0,954.0,966.0,974.0,982.0,987.0,
19.0,20.0,51.0,56.0,118.0,122.0,150.0,164.0,220.0,222.0,267.0,293.0,416.0,419.0,422.0,430.0,436.0,450.0,470.0,471.0,473.0,499.0,521.0,526.0,541.0,563.0,568.0,581.0,588.0,624.0,638.0,643.0,660.0,694.0,712.0,714.0,715.0,726.0,742.0,751.0,754.0,757.0,773.0,792.0,814.0,821.0,826.0,827.0,834.0,864.0,885.0,887.0,894.0,902.0,902.0,930.0,978.0,987.0,993.0,996.0,
6.0,9.0,14.0,57.0,103.0,103.0,117.0,203.0,205.0,215.0,220.0,228.0,242.0,245.0,246.0,265.0,346.0,365.0,385.0,396.0,402.0,470.0,484.0,523.0,565.0,679.0,690.0,691.0,696.0,796.0,809.0,826.0,843.0,940.0,983.0,
83.0,151.0,156.0,165.0,217.0,218.0,266.0,317.0,320.0,341.0,348.0,369.0,379.0,426.0,450.0,480.0,548.0,604.0,639.0,667.0,671.0,675.0,689.0,743.0,746.0,769.0,770.0,782.0,782.0,818.0,822.0,826.0,863.0,898.0,931.0,945.0,970.0,991.0,
32.0,33.0,50.0,52.0,65.0,68.0,89.0,166.0,171.0,255.0,260.0,284.0,286.0,344.0,413.0,488.0,505.0,532.0,560.0,641.0,662.0,665.0,708.0,745.0,766.0,769.0,818.0,818.0,818.0,828.0,833.0,878.0,891.0,912.0,920.0,987.0,994.0,
26.0,35.0,69.0,72.0,83.0,87.0,141.0,189.0,232.0,241.0,261.0,264.0,276.0,328.0,423.0,490.0,503.0,695.0,696.0,707.0,716.0,736.0,747.0,768.0,787.0,791.0,866.0,868.0,894.0,894.0,948.0,
65.0,69.0,79.0,137.0,199.0,206.0,220.0,265.0,282.0,292.0,297.0,308.0,348.0,370.0,371.0,374.0,380.0,414.0,453.0,476.0,498.0,499.0,534.0,600.0,609.0,613.0,613.0,633.0,686.0,707.0,723.0,760.0,767.0,772.0,796.0,821.0,824.0,869.0,905.0,937.0,980.0,
33.0,85.0,112.0,131.0,173.0,211.0,232.0,269.0,290.0,312.0,368.0,368.0,377.0,379.0,424.0,436.0,446.0,512.0,517.0,532.0,599.0,618.0,645.0,692.0,702.0,716.0,720.0,741.0,759.0,759.0,777.0,791.0,835.0,932.0,980.0,991.0,995.0,
39.0,51.0,65.0,129.0,146.0,193.0,210.0,216.0,241.0,333.0,351.0,369.0,403.0,474.0,508.0,539.0,613.0,627.0,698.0,792.0,819.0,857.0,874.0,883.0,945.0,994.0,
25.0,82.0,168.0,174.0,201.0,203.0,205.0,283.0,332.0,450.0,454.0,478.0,504.0,682.0,764.0,799.0,949.0,965.0,986.0,990.0,
12.0,88.0,144.0,186.0,201.0,260.0,302.0,326.0,333.0,349.0,359.0,370.0,371.0,371.0,408.0,427.0,491.0,519.0,520.0,533.0,540.0,565.0,590.0,697.0,760.0,774.0,817.0,831.0,848.0,915.0,920.0,933.0,972.0,996.0,997.0,
87.0,104.0,106.0,137.0,154.0,161.0,203.0,213.0,233.0,246.0,248.0,256.0,264.0,282.0,287.0,302.0,329.0,443.0,464.0,477.0,492.0,515.0,547.0,572.0,598.0,632.0,677.0,774.0,786.0,787.0,844.0,869.0,928.0,996.0,999.0,
29.0,44.0,62.0,70.0,78.0,154.0,196.0,199.0,200.0,215.0,247.0,252.0,322.0,403.0,415.0,419.0,427.0,441.0,478.0,487.0,574.0,726.0,747.0,844.0,928.0,
39.0,39.0,60.0,124.0,127.0,131.0,150.0,180.0,214.0,230.0,232.0,259.0,267.0,299.0,375.0,386.0,390.0,392.0,412.0,430.0,456.0,505.0,597.0,602.0,722.0,743.0,763.0,828.0,829.0,846.0,891.0,955.0,
11.0,23.0,79.0,106.0,117.0,140.0,150.0,156.0,176.0,209.0,287.0,297.0,318.0,327.0,347.0,355.0,465.0,484.0,515.0,516.0,519.0,535.0,537.0,549.0,584.0,595.0,626.0,626.0,636.0,652.0,680.0,742.0,754.0,759.0,762.0,800.0,812.0,820.0,855.0,901.0,925.0,962.0,
8.0,28.0,39.0,43.0,75.0,87.0,102.0,144.0,264.0,291.0,306.0,307.0,382.0,382.0,418.0,444.0,512.0,550.0,622.0,635.0,668.0,673.0,696.0,771.0,791.0,809.0,840.0,840.0,845.0,848.0,854.0,893.0,920.0,978.0,996.0,
31.0,70.0,70.0,75.0,137.0,174.0,178.0,184.0,206.0,229.0,266.0,338.0,392.0,396.0,429.0,483.0,494.0,502.0,516.0,572.0,580.0,588.0,635.0,662.0,725.0,752.0,770.0,770.0,779.0,898.0,904.0,927.0,947.0,966.0,981.0,981.0,
25.0,30.0,46.0,69.0,144.0,252.0,255.0,306.0,306.0,309.0,321.0,336.0,366.0,393.0,467.0,490.0,512.0,516.0,526.0,533.0,548.0,584.0,639.0,690.0,707.0,730.0,762.0,779.0,781.0,797.0,833.0,865.0,883.0,907.0,923.0,933.0,952.0,971.0,1000.0,
24.0,39.0,107.0,157.0,176.0,205.0,226.0,233.0,239.0,259.0,288.0,337.0,338.0,387.0,392.0,405.0,461.0,495.0,499.0,585.0,599.0,606.0,653.0,656.0,691.0,805.0,817.0,832.0,834.0,947.0,959.0,
4.0,44.0,79.0,91.0,108.0,121.0,122.0,143.0,183.0,215.0,217.0,218.0,246.0,266.0,304.0,314.0,321.0,340.0,382.0,443.0,473.0,545.0,554.0,567.0,587.0,615.0,641.0,646.0,682.0,686.0,703.0,832.0,850.0,878.0,895.0,903.0,942.0,
30.0,39.0,154.0,159.0,161.0,185.0,198.0,209.0,219.0,232.0,234.0,235.0,256.0,271.0,307.0,361.0,393.0,408.0,440.0,443.0,523.0,531.0,556.0,556.0,589.0,594.0,629.0,636.0,648.0,680.0,768.0,770.0,785.0,821.0,853.0,874.0,889.0,893.0,899.0,902.0,930.0,932.0,945.0,949.0,967.0,
5.0,19.0,20.0,25.0,47.0,68.0,122.0,122.0,130.0,174.0,192.0,254.0,296.0,302.0,397.0,420.0,464.0,473.0,581.0,626.0,640.0,711.0,715.0,753.0,754.0,801.0,827.0,854.0,865.0,895.0,947.0,962.0,
142.0,149.0,160.0,167.0,201.0,301.0,358.0,362.0,429.0,459.0,465.0,469.0,485.0,505.0,557.0,575.0,582.0,643.0,748.0,784.0,808.0,834.0,835.0,849.0,850.0,894.0,917.0,945.0,
6.0,10.0,27.0,33.0,109.0,121.0,156.0,171.0,196.0,220.0,239.0,243.0,251.0,264.0,368.0,372.0,389.0,414.0,456.0,471.0,474.0,497.0,501.0,524.0,536.0,542.0,625.0,662.0,717.0,748.0,768.0,793.0,818.0,902.0,903.0,926.0,958.0,958.0,984.0,999.0,
35.0,49.0,52.0,77.0,186.0,188.0,210.0,213.0,264.0,287.0,355.0,382.0,402.0,403.0,433.0,439.0,456.0,476.0,485.0,498.0,508.0,548.0,568.0,594.0,600.0,604.0,612.0,658.0,676.0,699.0,739.0,762.0,780.0,853.0,959.0,
