18.0,26.0,46.0,104.0,274.0,291.0,300.0,309.0,311.0,338.0,451.0,463.0,471.0,493.0,504.0,514.0,528.0,550.0,557.0,573.0,582.0,671.0,671.0,678.0,695.0,725.0,727.0,747.0,784.0,854.0,894.0,896.0,902.0,903.0,934.0,949.0,950.0,951.0,965.0,998.0,
8.0,32.0,105.0,116.0,117.0,129.0,152.0,180.0,202.0,253.0,320.0,321.0,329.0,364.0,378.0,435.0,439.0,441.0,445.0,462.0,490.0,511.0,551.0,566.0,574.0,637.0,677.0,746.0,791.0,859.0,867.0,879.0,898.0,899.0,916.0,953.0,961.0,965.0,970.0,977.0,
55.0,59.0,203.0,279.0,285.0,288.0,326.0,327.0,391.0,416.0,493.0,500.0,539.0,545.0,577.0,627.0,637.0,657.0,664.0,673.0,679.0,696.0,741.0,754.0,756.0,788.0,805.0,821.0,839.0,927.0,957.0,
3.0,116.0,118.0,177.0,190.0,231.0,246.0,272.0,274.0,279.0,287.0,308.0,404.0,485.0,531.0,541.0,543.0,554.0,636.0,668.0,711.0,721.0,786.0,855.0,886.0,912.0,
11.0,58.0,66.0,96.0,107.0,110.0,146.0,149.0,160.0,189.0,189.0,249.0,319.0,353.0,369.0,431.0,439.0,478.0,480.0,485.0,524.0,555.0,642.0,691.0,694.0,702.0,720.0,743.0,816.0,824.0,868.0,870.0,919.0,939.0,
34.0,49.0,63.0,63.0,74.0,146.0,208.0,214.0,222.0,265.0,290.0,332.0,425.0,445.0,487.0,549.0,549.0,599.0,610.0,655.0,673.0,759.0,760.0,774.0,791.0,802.0,830.0,876.0,896.0,906.0,932.0,938.0,951.0,963.0,988.0,993.0,
21.0,29.0,58.0,90.0,162.0,165.0,194.0,198.0,218.0,238.0,279.0,290.0,294.0,304.0,321.0,333.0,372.0,376.0,382.0,411.0,417.0,418.0,421.0,453.0,500.0,501.0,551.0,558.0,576.0,586.0,611.0,613.0,616.0,621.0,686.0,741.0,791.0,793.0,842.0,869.0,896.0,913.0,921.0,952.0,977.0,999.0,
64.0,133.0,150.0,186.0,195.0,220.0,275.0,320.0,332.0,342.0,391.0,457.0,496.0,497.0,513.0,515.0,519.0,538.0,613.0,691.0,712.0,716.0,722.0,749.0,781.0,793.0,805.0,815.0,820.0,836.0,890.0,898.0,917.0,921.0,932.0,954.0,954.0,987.0,993.0,
11.0,15.0,97.0,110.0,139.0,185.0,192.0,236.0,248.0,248.0,253.0,260.0,275.0,309.0,319.0,325.0,342.0,345.0,430.0,434.0,457.0,465.0,604.0,738.0,775.0,825.0,826.0,910.0,999.0,999.0,
29.0,62.0,88.0,107.0,125.0,201.0,202.0,206.0,226.0,236.0,268.0,305.0,365.0,368.0,404.0,432.0,434.0,436.0,445.0,447.0,468.0,477.0,488.0,541.0,579.0,581.0,625.0,641.0,650.0,745.0,760.0,809.0,818.0,849.0,862.0,938.0,948.0,955.0,
11.0,171.0,186.0,208.0,243.0,260.0,350.0,394.0,421.0,429.0,462.0,468.0,475.0,554.0,560.0,565.0,569.0,604.0,610.0,651.0,661.0,699.0,700.0,752.0,756.0,773.0,799.0,803.0,851.0,912.0,938.0,979.0,
76.0,90.0,130.0,180.0,209.0,214.0,220.0,247.0,258.0,261.0,277.0,456.0,462.0,472.0,485.0,503.0,527.0,533.0,600.0,603.0,608.0,684.0,692.0,731.0,739.0,756.0,757.0,784.0,796.0,814.0,818.0,848.0,851.0,868.0,921.0,956.0,987.0,
182.0,268.0,271.0,287.0,342.0,358.0,411.0,418.0,421.0,450.0,467.0,484.0,516.0,540.0,573.0,615.0,636.0,686.0,742.0,809.0,812.0,823.0,831.0,860.0,943.0,983.0,
16.0,34.0,35.0,42.0,66.0,168.0,173.0,175.0,181.0,211.0,215.0,215.0,270.0,284.0,304.0,353.0,372.0,379.0,387.0,392.0,418.0,427.0,454.0,488.0,500.0,510.0,758.0,759.0,766.0,774.0,824.0,833.0,851.0,916.0,943.0,997.0,
7.0,10.0,18.0,48.0,68.0,91.0,121.0,155.0,202.0,224.0,242.0,252.0,301.0,307.0,308.0,320.0,327.0,388.0,429.0,444.0,453.0,459.0,470.0,472.0,539.0,613.0,618.0,628.0,671.0,736.0,761.0,809.0,871.0,930.0,
5.0,29.0,34.0,50.0,109.0,136.0,139.0,142.0,152.0,195.0,222.0,232.0,267.0,339.0,344.0,348.0,390.0,391.0,404.0,451.0,455.0,486.0,529.0,556.0,564.0,589.0,591.0,650.0,676.0,709.0,780.0,834.0,931.0,974.0,995.0,
25.0,26.0,29.0,36.0,79.0,115.0,131.0,157.0,215.0,219.0,252.0,290.0,291.0,314.0,321.0,334.0,337.0,341.0,351.0,420.0,452.0,460.0,462.0,579.0,622.0,645.0,692.0,705.0,805.0,853.0,855.0,865.0,900.0,929.0,976.0,997.0,
3.0,50.0,70.0,75.0,97.0,128.0,173.0,247.0,265.0,350.0,351.0,363.0,391.0,410.0,426.0,437.0,501.0,503.0,513.0,537.0,546.0,585.0,718.0,735.0,783.0,828.0,859.0,905.0,943.0,946.0,
38.0,61.0,76.0,77.0,87.0,136.0,175.0,201.0,213.0,243.0,292.0,315.0,317.0,318.0,410.0,418.0,452.0,453.0,469.0,490.0,528.0,531.0,546.0,566.0,578.0,616.0,675.0,706.0,725.0,811.0,819.0,831.0,840.0,901.0,914.0,924.0,947.0,
45.0,55.0,140.0,166.0,175.0,183.0,202.0,218.0,226.0,240.0,241.0,274.0,312.0,330.0,358.0,375.0,414.0,490.0,530.0,539.0,553.0,564.0,668.0,734.0,758.0,777.0,849.0,853.0,870.0,874.0,915.0,946.0,951.0,955.0,977.0,977.0,
36.0,40.0,45.0,46.0,150.0,154.0,188.0,229.0,236.0,239.0,250.0,261.0,295.0,335.0,337.0,360.0,365.0,386.0,391.0,405.0,406.0,434.0,478.0,491.0,494.0,496.0,534.0,613.0,621.0,649.0,650.0,654.0,659.0,703.0,727.0,739.0,755.0,885.0,902.0,980.0,
14.0,68.0,111.0,149.0,173.0,218.0,231.0,245.0,247.0,285.0,315.0,328.0,399.0,407.0,419.0,428.0,453.0,463.0,475.0,514.0,515.0,526.0,546.0,551.0,604.0,609.0,657.0,681.0,691.0,693.0,715.0,724.0,725.0,739.0,748.0,757.0,780.0,794.0,802.0,840.0,850.0,850.0,905.0,907.0,917.0,
10.0,34.0,44.0,64.0,66.0,89.0,95.0,134.0,159.0,168.0,173.0,240.0,264.0,312.0,328.0,405.0,480.0,488.0,561.0,567.0,588.0,635.0,728.0,731.0,750.0,752.0,879.0,914.0,999.0,
6.0,12.0,21.0,42.0,103.0,142.0,142.0,143.0,153.0,160.0,194.0,210.0,231.0,235.0,303.0,331.0,376.0,388.0,393.0,424.0,429.0,438.0,480.0,483.0,501.0,510.0,529.0,541.0,566.0,573.0,576.0,585.0,594.0,608.0,642.0,644.0,662.0,686.0,695.0,709.0,731.0,770.0,772.0,785.0,786.0,790.0,799.0,815.0,858.0,880.0,884.0,897.0,898.0,914.0,918.0,929.0,944.0,957.0,
31.0,43.0,50.0,73.0,80.0,122.0,162.0,172.0,179.0,186.0,187.0,191.0,236.0,237.0,238.0,260.0,325.0,333.0,337.0,386.0,405.0,451.0,451.0,486.0,503.0,516.0,531.0,532.0,533.0,539.0,540.0,541.0,546.0,550.0,552.0,557.0,567.0,575.0,583.0,591.0,597.0,600.0,610.0,613.0,623.0,646.0,652.0,681.0,702.0,724.0,731.0,734.0,741.0,757.0,768.0,768.0,769.0,774.0,786.0,787.0,797.0,809.0,841.0,845.0,862.0,863.0,874.0,925.0,950.0,952.0,956.0,989.0,
23.0,51.0,79.0,90.0,92.0,100.0,105.0,119.0,123.0,156.0,303.0,329.0,371.0,381.0,408.0,493.0,519.0,520.0,523.0,526.0,528.0,540.0,544.0,548.0,554.0,558.0,570.0,579.0,580.0,584.0,591.0,597.0,597.0,599.0,606.0,609.0,611.0,611.0,615.0,615.0,616.0,617.0,622.0,626.0,627.0,644.0,648.0,667.0,673.0,675.0,710.0,715.0,715.0,729.0,730.0,732.0,749.0,799.0,802.0,808.0,810.0,820.0,834.0,854.0,867.0,880.0,894.0,901.0,919.0,933.0,936.0,951.0,973.0,978.0,988.0,
9.0,22.0,22.0,82.0,121.0,158.0,171.0,174.0,186.0,276.0,278.0,284.0,345.0,346.0,383.0,428.0,473.0,514.0,536.0,536.0,546.0,549.0,549.0,552.0,555.0,556.0,556.0,557.0,558.0,565.0,565.0,577.0,584.0,584.0,588.0,602.0,615.0,620.0,629.0,636.0,639.0,639.0,640.0,641.0,693.0,709.0,714.0,716.0,716.0,730.0,731.0,766.0,780.0,781.0,790.0,814.0,819.0,831.0,838.0,840.0,842.0,845.0,852.0,856.0,913.0,923.0,928.0,931.0,947.0,965.0,
12.0,35.0,46.0,135.0,220.0,269.0,273.0,308.0,319.0,322.0,348.0,365.0,414.0,457.0,466.0,470.0,524.0,527.0,530.0,535.0,565.0,595.0,598.0,619.0,624.0,652.0,670.0,688.0,696.0,746.0,826.0,846.0,861.0,870.0,896.0,908.0,
18.0,57.0,67.0,122.0,199.0,231.0,234.0,244.0,255.0,259.0,303.0,306.0,360.0,364.0,388.0,398.0,403.0,439.0,490.0,490.0,493.0,501.0,527.0,674.0,721.0,922.0,924.0,974.0,
14.0,61.0,71.0,94.0,181.0,234.0,234.0,242.0,258.0,259.0,278.0,286.0,297.0,316.0,324.0,355.0,359.0,366.0,432.0,442.0,568.0,574.0,631.0,639.0,658.0,667.0,729.0,756.0,766.0,807.0,817.0,835.0,878.0,907.0,932.0,940.0,952.0,988.0,994.0,
8.0,34.0,55.0,95.0,98.0,134.0,169.0,173.0,174.0,198.0,244.0,323.0,344.0,351.0,351.0,378.0,405.0,406.0,426.0,441.0,450.0,520.0,523.0,526.0,610.0,636.0,650.0,740.0,812.0,915.0,
49.0,115.0,136.0,196.0,307.0,315.0,367.0,373.0,420.0,455.0,473.0,553.0,642.0,645.0,686.0,838.0,860.0,882.0,957.0,993.0,
3.0,18.0,33.0,41.0,112.0,126.0,131.0,170.0,175.0,190.0,197.0,213.0,267.0,294.0,321.0,380.0,450.0,466.0,491.0,503.0,520.0,528.0,528.0,528.0,531.0,535.0,550.0,562.0,581.0,600.0,611.0,611.0,616.0,624.0,639.0,652.0,679.0,684.0,686.0,686.0,729.0,737.0,741.0,746.0,772.0,829.0,874.0,918.0,
47.0,109.0,134.0,137.0,147.0,200.0,220.0,251.0,290.0,295.0,334.0,389.0,415.0,469.0,483.0,495.0,499.0,512.0,515.0,516.0,517.0,520.0,520.0,524.0,532.0,545.0,545.0,546.0,556.0,556.0,556.0,557.0,559.0,567.0,574.0,576.0,577.0,577.0,579.0,579.0,588.0,591.0,592.0,602.0,603.0,604.0,611.0,616.0,617.0,619.0,628.0,641.0,641.0,661.0,662.0,663.0,665.0,679.0,704.0,711.0,733.0,736.0,771.0,771.0,778.0,781.0,789.0,809.0,819.0,819.0,826.0,835.0,850.0,872.0,923.0,923.0,928.0,933.0,935.0,937.0,952.0,968.0,972.0,980.0,991.0,993.0,998.0,
43.0,53.0,55.0,70.0,86.0,93.0,100.0,132.0,175.0,189.0,201.0,240.0,279.0,286.0,389.0,518.0,537.0,543.0,544.0,563.0,564.0,580.0,580.0,588.0,592.0,604.0,606.0,608.0,610.0,631.0,633.0,634.0,642.0,655.0,658.0,660.0,667.0,678.0,678.0,696.0,704.0,705.0,714.0,714.0,724.0,733.0,751.0,776.0,788.0,806.0,809.0,834.0,846.0,867.0,876.0,879.0,886.0,892.0,907.0,911.0,915.0,951.0,953.0,964.0,968.0,975.0,985.0,989.0,993.0,1000.0,
5.0,9.0,15.0,41.0,72.0,77.0,151.0,173.0,179.0,200.0,246.0,260.0,262.0,312.0,328.0,338.0,383.0,489.0,512.0,516.0,526.0,531.0,532.0,534.0,539.0,552.0,559.0,564.0,566.0,570.0,571.0,580.0,591.0,599.0,601.0,609.0,614.0,617.0,621.0,627.0,643.0,647.0,655.0,656.0,658.0,673.0,674.0,689.0,711.0,719.0,753.0,780.0,787.0,804.0,812.0,823.0,833.0,838.0,857.0,864.0,873.0,878.0,891.0,912.0,942.0,946.0,966.0,976.0,985.0,
42.0,48.0,99.0,119.0,123.0,140.0,186.0,211.0,215.0,227.0,237.0,279.0,282.0,295.0,300.0,315.0,360.0,367.0,371.0,384.0,392.0,422.0,445.0,496.0,503.0,506.0,515.0,520.0,526.0,531.0,536.0,541.0,547.0,550.0,560.0,561.0,567.0,580.0,582.0,597.0,606.0,618.0,632.0,639.0,640.0,649.0,649.0,657.0,659.0,663.0,663.0,690.0,708.0,723.0,737.0,749.0,785.0,804.0,809.0,812.0,815.0,832.0,833.0,844.0,870.0,911.0,955.0,966.0,
10.0,63.0,68.0,94.0,99.0,110.0,116.0,127.0,127.0,142.0,155.0,205.0,208.0,276.0,293.0,295.0,320.0,347.0,396.0,423.0,457.0,481.0,486.0,496.0,497.0,516.0,521.0,522.0,524.0,529.0,537.0,540.0,540.0,543.0,543.0,546.0,551.0,553.0,557.0,557.0,564.0,565.0,567.0,569.0,582.0,582.0,587.0,588.0,593.0,613.0,615.0,632.0,646.0,646.0,659.0,670.0,675.0,681.0,682.0,682.0,710.0,715.0,720.0,776.0,779.0,804.0,806.0,807.0,817.0,836.0,850.0,851.0,861.0,864.0,873.0,882.0,883.0,892.0,913.0,914.0,915.0,926.0,974.0,976.0,989.0,991.0,
4.0,40.0,63.0,80.0,102.0,124.0,172.0,177.0,187.0,222.0,244.0,248.0,260.0,272.0,349.0,472.0,529.0,542.0,550.0,551.0,555.0,568.0,571.0,586.0,595.0,622.0,626.0,632.0,635.0,676.0,687.0,700.0,800.0,812.0,829.0,859.0,867.0,879.0,886.0,910.0,918.0,919.0,933.0,940.0,966.0,
20.0,56.0,90.0,111.0,112.0,171.0,244.0,258.0,259.0,284.0,298.0,307.0,316.0,317.0,320.0,334.0,354.0,374.0,396.0,431.0,472.0,485.0,503.0,561.0,576.0,582.0,600.0,621.0,654.0,660.0,660.0,712.0,724.0,757.0,809.0,881.0,891.0,966.0,
28.0,34.0,69.0,73.0,94.0,102.0,112.0,118.0,120.0,121.0,138.0,174.0,179.0,186.0,245.0,274.0,275.0,283.0,286.0,296.0,301.0,337.0,340.0,367.0,383.0,403.0,438.0,443.0,458.0,463.0,479.0,492.0,499.0,524.0,548.0,559.0,572.0,619.0,631.0,638.0,662.0,698.0,840.0,864.0,872.0,890.0,898.0,943.0,972.0,983.0,997.0,
44.0,71.0,85.0,141.0,168.0,173.0,198.0,232.0,268.0,270.0,352.0,388.0,405.0,425.0,467.0,499.0,569.0,613.0,727.0,842.0,857.0,876.0,877.0,921.0,969.0,988.0,
3.0,8.0,28.0,46.0,93.0,96.0,116.0,121.0,124.0,140.0,142.0,147.0,157.0,166.0,201.0,267.0,293.0,301.0,311.0,322.0,337.0,395.0,410.0,421.0,427.0,485.0,489.0,520.0,530.0,531.0,534.0,546.0,547.0,551.0,553.0,554.0,581.0,582.0,595.0,596.0,597.0,598.0,606.0,609.0,612.0,615.0,636.0,647.0,651.0,659.0,666.0,669.0,681.0,693.0,712.0,729.0,744.0,753.0,754.0,786.0,798.0,820.0,827.0,848.0,849.0,872.0,873.0,874.0,887.0,889.0,918.0,921.0,923.0,940.0,944.0,950.0,953.0,977.0,
84.0,114.0,120.0,150.0,168.0,175.0,177.0,188.0,206.0,228.0,231.0,233.0,327.0,336.0,354.0,386.0,414.0,420.0,426.0,453.0,488.0,524.0,526.0,534.0,536.0,542.0,551.0,564.0,569.0,570.0,572.0,573.0,575.0,579.0,579.0,585.0,586.0,588.0,612.0,616.0,626.0,638.0,642.0,648.0,653.0,653.0,654.0,661.0,686.0,693.0,702.0,709.0,714.0,740.0,771.0,788.0,793.0,815.0,828.0,831.0,839.0,852.0,865.0,870.0,875.0,911.0,920.0,940.0,955.0,961.0,999.0,
13.0,66.0,112.0,127.0,127.0,154.0,202.0,208.0,210.0,236.0,328.0,360.0,375.0,390.0,417.0,520.0,526.0,528.0,532.0,547.0,548.0,553.0,555.0,556.0,556.0,561.0,561.0,562.0,569.0,570.0,571.0,576.0,578.0,584.0,585.0,590.0,597.0,597.0,597.0,599.0,605.0,608.0,610.0,614.0,641.0,650.0,656.0,658.0,672.0,678.0,718.0,739.0,747.0,752.0,769.0,812.0,830.0,833.0,833.0,859.0,876.0,904.0,908.0,938.0,946.0,956.0,986.0,997.0,
19.0,32.0,35.0,84.0,158.0,197.0,208.0,209.0,209.0,211.0,245.0,301.0,321.0,371.0,402.0,404.0,434.0,455.0,488.0,488.0,498.0,501.0,507.0,512.0,514.0,517.0,523.0,527.0,531.0,540.0,540.0,544.0,549.0,556.0,571.0,573.0,596.0,604.0,624.0,626.0,642.0,676.0,685.0,690.0,698.0,720.0,734.0,734.0,742.0,745.0,751.0,757.0,780.0,821.0,827.0,836.0,847.0,859.0,877.0,888.0,893.0,918.0,920.0,920.0,922.0,929.0,952.0,966.0,982.0,983.0,996.0,1000.0,
33.0,64.0,78.0,167.0,171.0,230.0,235.0,261.0,285.0,334.0,370.0,453.0,496.0,519.0,520.0,521.0,529.0,531.0,535.0,537.0,537.0,540.0,543.0,544.0,549.0,550.0,553.0,558.0,575.0,588.0,605.0,617.0,689.0,689.0,708.0,709.0,716.0,726.0,735.0,764.0,784.0,811.0,838.0,869.0,962.0,
19.0,20.0,79.0,119.0,120.0,125.0,134.0,196.0,241.0,245.0,288.0,290.0,293.0,328.0,391.0,397.0,412.0,446.0,473.0,516.0,517.0,525.0,544.0,549.0,564.0,566.0,580.0,591.0,597.0,598.0,618.0,620.0,629.0,636.0,636.0,639.0,641.0,661.0,677.0,695.0,706.0,719.0,727.0,752.0,766.0,814.0,814.0,819.0,832.0,834.0,836.0,881.0,885.0,940.0,988.0,999.0,
6.0,51.0,90.0,95.0,138.0,197.0,222.0,286.0,287.0,326.0,333.0,335.0,415.0,435.0,448.0,507.0,517.0,520.0,526.0,527.0,527.0,529.0,529.0,533.0,539.0,547.0,558.0,566.0,588.0,588.0,589.0,597.0,603.0,609.0,612.0,617.0,626.0,645.0,646.0,649.0,649.0,654.0,675.0,687.0,691.0,692.0,730.0,734.0,754.0,765.0,765.0,778.0,779.0,797.0,798.0,804.0,813.0,844.0,881.0,900.0,902.0,938.0,944.0,978.0,985.0,985.0,997.0,
14.0,25.0,49.0,49.0,144.0,162.0,168.0,193.0,203.0,214.0,279.0,287.0,328.0,333.0,350.0,385.0,414.0,448.0,501.0,525.0,599.0,606.0,655.0,697.0,750.0,807.0,833.0,844.0,865.0,869.0,898.0,916.0,935.0,980.0,
35.0,41.0,66.0,81.0,117.0,153.0,171.0,177.0,250.0,272.0,286.0,287.0,288.0,327.0,336.0,371.0,375.0,538.0,686.0,752.0,791.0,805.0,885.0,918.0,918.0,997.0,
32.0,68.0,86.0,118.0,122.0,149.0,162.0,180.0,191.0,193.0,206.0,235.0,274.0,280.0,282.0,296.0,298.0,322.0,333.0,350.0,373.0,410.0,421.0,433.0,453.0,453.0,464.0,481.0,501.0,521.0,540.0,540.0,545.0,546.0,552.0,556.0,686.0,764.0,782.0,869.0,953.0,954.0,989.0,
58.0,92.0,122.0,161.0,215.0,224.0,242.0,289.0,302.0,435.0,454.0,507.0,512.0,517.0,520.0,521.0,531.0,534.0,535.0,539.0,548.0,549.0,551.0,553.0,554.0,561.0,561.0,562.0,584.0,585.0,588.0,588.0,595.0,602.0,609.0,617.0,621.0,622.0,656.0,659.0,664.0,668.0,689.0,720.0,722.0,729.0,756.0,760.0,766.0,775.0,777.0,777.0,780.0,799.0,834.0,889.0,907.0,920.0,955.0,970.0,973.0,981.0,998.0,
29.0,37.0,74.0,108.0,172.0,184.0,214.0,220.0,297.0,356.0,385.0,398.0,439.0,462.0,530.0,531.0,532.0,533.0,542.0,543.0,543.0,547.0,551.0,567.0,570.0,573.0,585.0,603.0,607.0,612.0,619.0,621.0,623.0,633.0,637.0,640.0,651.0,654.0,657.0,660.0,672.0,697.0,716.0,727.0,744.0,762.0,784.0,799.0,854.0,876.0,885.0,892.0,901.0,906.0,911.0,924.0,966.0,983.0,
31.0,32.0,142.0,157.0,210.0,246.0,278.0,289.0,316.0,343.0,398.0,471.0,471.0,497.0,518.0,519.0,527.0,532.0,535.0,536.0,539.0,548.0,552.0,553.0,560.0,561.0,567.0,579.0,579.0,585.0,586.0,587.0,593.0,607.0,608.0,613.0,624.0,637.0,637.0,642.0,681.0,692.0,696.0,706.0,707.0,713.0,739.0,772.0,776.0,785.0,787.0,811.0,863.0,883.0,885.0,887.0,902.0,904.0,926.0,927.0,928.0,963.0,995.0,
51.0,61.0,81.0,128.0,189.0,242.0,244.0,251.0,259.0,286.0,356.0,445.0,508.0,514.0,526.0,535.0,544.0,545.0,552.0,553.0,556.0,572.0,575.0,577.0,585.0,586.0,587.0,592.0,595.0,598.0,606.0,628.0,651.0,663.0,671.0,700.0,705.0,716.0,719.0,732.0,743.0,767.0,769.0,787.0,793.0,797.0,803.0,813.0,876.0,878.0,896.0,901.0,999.0,
58.0,102.0,129.0,132.0,171.0,186.0,200.0,269.0,274.0,320.0,326.0,387.0,411.0,502.0,511.0,515.0,522.0,529.0,537.0,544.0,546.0,550.0,561.0,566.0,573.0,573.0,576.0,584.0,585.0,590.0,591.0,597.0,606.0,610.0,613.0,618.0,627.0,665.0,668.0,670.0,686.0,686.0,692.0,693.0,703.0,716.0,717.0,719.0,764.0,765.0,772.0,833.0,834.0,835.0,878.0,892.0,919.0,925.0,953.0,965.0,971.0,
3.0,9.0,24.0,39.0,103.0,141.0,141.0,150.0,202.0,242.0,295.0,299.0,373.0,448.0,474.0,476.0,522.0,536.0,539.0,542.0,547.0,555.0,556.0,557.0,559.0,563.0,569.0,572.0,573.0,574.0,578.0,581.0,587.0,598.0,612.0,632.0,645.0,662.0,664.0,666.0,671.0,681.0,698.0,701.0,718.0,722.0,725.0,732.0,735.0,739.0,763.0,771.0,780.0,794.0,797.0,797.0,801.0,829.0,836.0,837.0,895.0,895.0,907.0,907.0,921.0,932.0,936.0,996.0,998.0,
31.0,84.0,94.0,139.0,149.0,204.0,231.0,253.0,268.0,288.0,311.0,345.0,354.0,375.0,483.0,505.0,510.0,519.0,523.0,530.0,531.0,538.0,542.0,543.0,547.0,548.0,557.0,569.0,576.0,578.0,581.0,594.0,597.0,634.0,655.0,685.0,691.0,698.0,711.0,712.0,714.0,718.0,739.0,744.0,753.0,762.0,767.0,790.0,790.0,794.0,831.0,836.0,842.0,845.0,855.0,859.0,861.0,871.0,874.0,879.0,916.0,921.0,937.0,948.0,952.0,956.0,962.0,965.0,967.0,979.0,985.0,994.0,997.0,
91.0,93.0,106.0,117.0,120.0,141.0,163.0,178.0,203.0,232.0,240.0,241.0,249.0,251.0,294.0,297.0,302.0,344.0,354.0,365.0,382.0,385.0,387.0,442.0,455.0,468.0,529.0,538.0,561.0,572.0,581.0,594.0,597.0,610.0,648.0,766.0,812.0,855.0,914.0,929.0,943.0,999.0,
11.0,23.0,207.0,221.0,276.0,297.0,359.0,388.0,411.0,430.0,536.0,541.0,568.0,587.0,635.0,660.0,664.0,672.0,674.0,678.0,695.0,718.0,735.0,785.0,794.0,804.0,808.0,822.0,868.0,873.0,926.0,929.0,930.0,933.0,937.0,962.0,976.0,
4.0,17.0,39.0,61.0,119.0,131.0,171.0,190.0,231.0,249.0,254.0,262.0,283.0,289.0,296.0,298.0,376.0,451.0,457.0,489.0,511.0,513.0,520.0,523.0,579.0,582.0,599.0,605.0,637.0,678.0,701.0,707.0,744.0,744.0,806.0,830.0,833.0,889.0,915.0,
25.0,31.0,48.0,56.0,81.0,95.0,127.0,181.0,208.0,211.0,217.0,221.0,223.0,263.0,288.0,309.0,314.0,336.0,375.0,380.0,397.0,423.0,432.0,471.0,523.0,525.0,527.0,530.0,533.0,534.0,556.0,561.0,564.0,578.0,580.0,580.0,604.0,605.0,642.0,644.0,662.0,688.0,712.0,721.0,740.0,741.0,749.0,760.0,767.0,785.0,787.0,794.0,795.0,798.0,802.0,804.0,830.0,833.0,853.0,896.0,913.0,923.0,929.0,963.0,989.0,
10.0,66.0,90.0,103.0,104.0,108.0,109.0,112.0,114.0,138.0,158.0,222.0,245.0,249.0,256.0,275.0,326.0,327.0,333.0,370.0,418.0,448.0,448.0,462.0,482.0,493.0,500.0,504.0,507.0,516.0,519.0,525.0,527.0,531.0,536.0,543.0,548.0,563.0,585.0,590.0,598.0,601.0,605.0,611.0,614.0,616.0,621.0,626.0,636.0,646.0,649.0,653.0,664.0,671.0,676.0,690.0,693.0,695.0,712.0,713.0,721.0,748.0,749.0,760.0,763.0,794.0,798.0,821.0,837.0,843.0,847.0,873.0,878.0,885.0,887.0,890.0,915.0,929.0,930.0,937.0,964.0,977.0,
6.0,95.0,97.0,113.0,135.0,148.0,221.0,231.0,252.0,257.0,286.0,312.0,323.0,327.0,339.0,378.0,389.0,424.0,424.0,464.0,500.0,525.0,531.0,539.0,542.0,542.0,542.0,558.0,560.0,570.0,572.0,574.0,580.0,585.0,586.0,587.0,596.0,603.0,638.0,642.0,656.0,662.0,676.0,680.0,694.0,696.0,712.0,716.0,726.0,733.0,734.0,736.0,741.0,759.0,762.0,764.0,768.0,769.0,812.0,820.0,822.0,831.0,840.0,855.0,859.0,860.0,893.0,942.0,953.0,970.0,
64.0,97.0,118.0,134.0,148.0,245.0,252.0,275.0,282.0,290.0,318.0,320.0,360.0,386.0,441.0,468.0,485.0,505.0,514.0,517.0,540.0,542.0,546.0,548.0,552.0,553.0,558.0,559.0,561.0,572.0,574.0,575.0,578.0,584.0,584.0,585.0,586.0,588.0,607.0,607.0,629.0,630.0,639.0,640.0,647.0,647.0,649.0,691.0,705.0,719.0,722.0,774.0,778.0,796.0,816.0,828.0,832.0,835.0,841.0,842.0,854.0,859.0,866.0,867.0,886.0,888.0,904.0,905.0,909.0,924.0,928.0,939.0,941.0,947.0,955.0,
42.0,65.0,139.0,158.0,192.0,240.0,297.0,314.0,344.0,360.0,371.0,409.0,413.0,435.0,436.0,443.0,482.0,501.0,517.0,524.0,544.0,546.0,548.0,550.0,556.0,558.0,564.0,579.0,600.0,604.0,608.0,619.0,619.0,634.0,638.0,651.0,656.0,658.0,670.0,675.0,718.0,746.0,789.0,803.0,858.0,871.0,872.0,876.0,924.0,930.0,963.0,991.0,991.0,
16.0,22.0,55.0,56.0,63.0,120.0,134.0,164.0,216.0,217.0,269.0,296.0,317.0,379.0,397.0,477.0,502.0,516.0,519.0,520.0,520.0,527.0,536.0,538.0,539.0,545.0,547.0,549.0,551.0,551.0,552.0,566.0,571.0,572.0,580.0,581.0,584.0,586.0,590.0,622.0,631.0,650.0,658.0,688.0,699.0,700.0,704.0,728.0,732.0,733.0,740.0,768.0,775.0,777.0,778.0,797.0,832.0,833.0,836.0,847.0,876.0,916.0,928.0,939.0,949.0,972.0,975.0,
30.0,36.0,44.0,51.0,101.0,109.0,136.0,149.0,167.0,231.0,274.0,344.0,353.0,411.0,419.0,461.0,470.0,503.0,519.0,520.0,548.0,558.0,558.0,563.0,564.0,593.0,594.0,605.0,616.0,621.0,626.0,626.0,628.0,630.0,652.0,661.0,663.0,681.0,694.0,714.0,734.0,763.0,779.0,782.0,796.0,818.0,825.0,873.0,878.0,878.0,887.0,897.0,913.0,922.0,932.0,949.0,950.0,960.0,970.0,974.0,977.0,980.0,991.0,
3.0,3.0,4.0,75.0,77.0,128.0,138.0,159.0,176.0,180.0,185.0,185.0,234.0,245.0,255.0,355.0,385.0,390.0,442.0,472.0,489.0,502.0,518.0,623.0,642.0,658.0,671.0,776.0,777.0,786.0,807.0,960.0,979.0,
11.0,32.0,35.0,47.0,80.0,90.0,101.0,118.0,124.0,146.0,150.0,175.0,238.0,245.0,247.0,257.0,272.0,305.0,359.0,372.0,375.0,425.0,471.0,479.0,481.0,500.0,541.0,607.0,613.0,619.0,662.0,711.0,739.0,748.0,768.0,784.0,880.0,898.0,942.0,952.0,
9.0,51.0,58.0,61.0,100.0,145.0,152.0,201.0,213.0,218.0,241.0,256.0,311.0,326.0,346.0,354.0,363.0,366.0,373.0,373.0,435.0,444.0,476.0,478.0,486.0,496.0,505.0,556.0,577.0,619.0,652.0,677.0,759.0,786.0,798.0,828.0,974.0,989.0,991.0,
19.0,60.0,95.0,98.0,128.0,137.0,155.0,193.0,197.0,201.0,217.0,250.0,254.0,269.0,279.0,296.0,302.0,302.0,320.0,353.0,376.0,410.0,441.0,467.0,491.0,536.0,541.0,543.0,547.0,554.0,557.0,560.0,572.0,575.0,587.0,608.0,633.0,638.0,644.0,659.0,672.0,755.0,792.0,797.0,800.0,811.0,872.0,903.0,974.0,
30.0,73.0,75.0,83.0,113.0,120.0,148.0,153.0,166.0,180.0,212.0,215.0,233.0,249.0,259.0,265.0,275.0,279.0,317.0,319.0,343.0,372.0,393.0,397.0,408.0,429.0,447.0,462.0,484.0,504.0,515.0,531.0,538.0,540.0,550.0,563.0,571.0,582.0,601.0,603.0,618.0,619.0,620.0,621.0,623.0,631.0,631.0,650.0,656.0,661.0,673.0,674.0,683.0,683.0,688.0,690.0,697.0,698.0,700.0,713.0,722.0,722.0,729.0,732.0,739.0,740.0,746.0,747.0,772.0,793.0,808.0,825.0,847.0,907.0,928.0,948.0,965.0,990.0,
28.0,79.0,87.0,96.0,146.0,159.0,174.0,207.0,208.0,227.0,249.0,253.0,254.0,257.0,269.0,312.0,319.0,345.0,358.0,399.0,401.0,417.0,420.0,424.0,482.0,499.0,513.0,523.0,524.0,526.0,529.0,545.0,554.0,556.0,556.0,572.0,574.0,579.0,586.0,587.0,592.0,592.0,616.0,637.0,643.0,644.0,657.0,676.0,680.0,685.0,687.0,705.0,706.0,712.0,726.0,731.0,732.0,749.0,750.0,767.0,780.0,804.0,816.0,833.0,838.0,853.0,870.0,877.0,880.0,886.0,903.0,932.0,968.0,970.0,985.0,
9.0,15.0,67.0,123.0,158.0,166.0,208.0,223.0,232.0,256.0,281.0,282.0,306.0,338.0,375.0,418.0,438.0,458.0,510.0,512.0,515.0,523.0,524.0,530.0,531.0,532.0,534.0,541.0,542.0,544.0,545.0,550.0,551.0,570.0,571.0,579.0,587.0,590.0,597.0,604.0,606.0,639.0,658.0,665.0,665.0,672.0,696.0,711.0,715.0,724.0,754.0,757.0,772.0,796.0,799.0,803.0,839.0,854.0,863.0,927.0,968.0,
5.0,20.0,27.0,33.0,79.0,111.0,123.0,169.0,209.0,217.0,252.0,295.0,295.0,301.0,366.0,371.0,499.0,516.0,526.0,529.0,531.0,531.0,532.0,538.0,543.0,543.0,545.0,547.0,550.0,552.0,553.0,560.0,567.0,572.0,579.0,586.0,594.0,595.0,596.0,600.0,602.0,611.0,617.0,636.0,641.0,650.0,670.0,688.0,701.0,711.0,722.0,762.0,775.0,775.0,783.0,785.0,844.0,847.0,856.0,858.0,866.0,882.0,906.0,908.0,921.0,925.0,943.0,956.0,980.0,
25.0,60.0,61.0,67.0,78.0,116.0,160.0,215.0,243.0,280.0,298.0,317.0,326.0,331.0,333.0,385.0,462.0,515.0,518.0,520.0,526.0,528.0,537.0,540.0,540.0,544.0,546.0,549.0,554.0,562.0,572.0,579.0,583.0,592.0,595.0,596.0,599.0,606.0,609.0,617.0,631.0,635.0,651.0,660.0,667.0,681.0,693.0,696.0,716.0,717.0,717.0,732.0,751.0,759.0,786.0,791.0,800.0,842.0,892.0,894.0,895.0,898.0,902.0,933.0,946.0,972.0,973.0,979.0,981.0,983.0,
11.0,58.0,90.0,91.0,94.0,121.0,138.0,143.0,154.0,246.0,275.0,298.0,319.0,351.0,387.0,430.0,530.0,530.0,531.0,541.0,552.0,555.0,566.0,568.0,574.0,575.0,581.0,595.0,622.0,635.0,667.0,683.0,699.0,712.0,783.0,803.0,842.0,886.0,911.0,933.0,977.0,981.0,982.0,992.0,995.0,
5.0,23.0,37.0,43.0,83.0,121.0,142.0,169.0,169.0,226.0,253.0,327.0,334.0,403.0,405.0,408.0,445.0,477.0,503.0,511.0,516.0,523.0,530.0,549.0,565.0,566.0,575.0,588.0,623.0,726.0,854.0,862.0,869.0,909.0,915.0,964.0,982.0,
34.0,48.0,113.0,162.0,243.0,294.0,296.0,341.0,359.0,363.0,448.0,456.0,499.0,504.0,555.0,567.0,602.0,623.0,628.0,666.0,696.0,729.0,730.0,749.0,802.0,922.0,949.0,995.0,
54.0,85.0,95.0,110.0,187.0,228.0,270.0,324.0,346.0,367.0,392.0,405.0,415.0,417.0,479.0,491.0,494.0,497.0,501.0,521.0,524.0,549.0,617.0,651.0,736.0,746.0,791.0,832.0,892.0,924.0,
13.0,53.0,70.0,85.0,110.0,179.0,204.0,224.0,257.0,302.0,388.0,403.0,453.0,519.0,540.0,601.0,703.0,
43.0,100.0,124.0,158.0,195.0,208.0,213.0,224.0,270.0,294.0,330.0,359.0,367.0,399.0,401.0,437.0,442.0,467.0,489.0,519.0,530.0,552.0,557.0,596.0,622.0,639.0,653.0,666.0,676.0,726.0,766.0,789.0,858.0,859.0,874.0,891.0,968.0,972.0,
6.0,25.0,46.0,152.0,262.0,276.0,290.0,296.0,304.0,318.0,346.0,373.0,391.0,433.0,442.0,452.0,461.0,482.0,513.0,525.0,539.0,540.0,541.0,544.0,546.0,547.0,565.0,567.0,579.0,581.0,585.0,587.0,588.0,590.0,591.0,596.0,601.0,608.0,611.0,614.0,628.0,631.0,689.0,722.0,744.0,749.0,764.0,767.0,775.0,796.0,801.0,829.0,870.0,874.0,895.0,916.0,918.0,938.0,939.0,953.0,965.0,969.0,993.0,995.0,
11.0,17.0,57.0,86.0,125.0,131.0,136.0,149.0,163.0,166.0,214.0,236.0,287.0,338.0,358.0,388.0,396.0,459.0,515.0,535.0,537.0,540.0,549.0,557.0,558.0,562.0,570.0,583.0,588.0,600.0,607.0,614.0,627.0,631.0,634.0,639.0,641.0,648.0,649.0,650.0,656.0,679.0,680.0,704.0,709.0,710.0,713.0,775.0,778.0,781.0,783.0,784.0,787.0,796.0,825.0,829.0,859.0,911.0,954.0,961.0,963.0,978.0,981.0,984.0,998.0,
8.0,33.0,144.0,178.0,226.0,266.0,279.0,304.0,304.0,313.0,318.0,318.0,344.0,350.0,355.0,438.0,475.0,502.0,507.0,518.0,526.0,529.0,530.0,536.0,538.0,542.0,555.0,556.0,583.0,588.0,592.0,602.0,606.0,611.0,652.0,683.0,696.0,717.0,723.0,733.0,760.0,770.0,777.0,794.0,802.0,806.0,813.0,814.0,827.0,830.0,838.0,841.0,844.0,851.0,855.0,869.0,876.0,891.0,904.0,906.0,908.0,932.0,958.0,962.0,966.0,983.0,
2.0,19.0,25.0,36.0,93.0,107.0,147.0,194.0,216.0,218.0,240.0,259.0,322.0,322.0,349.0,359.0,408.0,495.0,497.0,500.0,506.0,509.0,514.0,537.0,554.0,561.0,565.0,566.0,569.0,588.0,590.0,593.0,603.0,623.0,624.0,624.0,639.0,702.0,712.0,736.0,766.0,797.0,797.0,810.0,822.0,836.0,919.0,920.0,955.0,978.0,
2.0,88.0,99.0,100.0,116.0,209.0,241.0,271.0,346.0,390.0,435.0,441.0,453.0,539.0,571.0,590.0,622.0,646.0,654.0,688.0,739.0,770.0,824.0,836.0,840.0,
44.0,78.0,80.0,179.0,289.0,306.0,325.0,349.0,446.0,481.0,575.0,578.0,671.0,740.0,876.0,888.0,889.0,922.0,942.0,942.0,944.0,944.0,988.0,
36.0,59.0,108.0,129.0,171.0,177.0,210.0,245.0,260.0,270.0,292.0,297.0,308.0,328.0,337.0,363.0,384.0,420.0,438.0,456.0,472.0,487.0,488.0,496.0,565.0,582.0,602.0,611.0,679.0,705.0,715.0,762.0,778.0,808.0,811.0,840.0,843.0,871.0,886.0,893.0,979.0,999.0,
11.0,61.0,100.0,148.0,149.0,156.0,156.0,229.0,264.0,307.0,320.0,344.0,423.0,451.0,464.0,511.0,516.0,541.0,563.0,566.0,619.0,625.0,712.0,753.0,794.0,796.0,841.0,852.0,864.0,885.0,894.0,918.0,983.0,1000.0,
21.0,48.0,99.0,100.0,126.0,150.0,185.0,207.0,230.0,271.0,304.0,328.0,336.0,337.0,355.0,358.0,368.0,377.0,402.0,429.0,443.0,447.0,499.0,500.0,511.0,542.0,648.0,671.0,719.0,781.0,838.0,841.0,881.0,883.0,895.0,992.0,
9.0,54.0,88.0,119.0,126.0,145.0,207.0,354.0,405.0,431.0,446.0,451.0,454.0,461.0,470.0,475.0,509.0,618.0,736.0,741.0,880.0,918.0,953.0,
11.0,70.0,80.0,87.0,95.0,124.0,129.0,170.0,180.0,189.0,221.0,236.0,256.0,276.0,284.0,289.0,291.0,293.0,296.0,307.0,317.0,321.0,338.0,348.0,374.0,381.0,434.0,448.0,514.0,528.0,558.0,572.0,592.0,634.0,742.0,742.0,750.0,750.0,767.0,885.0,
7.0,12.0,45.0,55.0,59.0,126.0,175.0,228.0,252.0,264.0,342.0,381.0,403.0,411.0,441.0,488.0,494.0,496.0,573.0,581.0,584.0,597.0,606.0,619.0,624.0,625.0,640.0,689.0,718.0,722.0,739.0,852.0,891.0,894.0,947.0,
29.0,41.0,152.0,158.0,280.0,316.0,337.0,348.0,378.0,394.0,411.0,429.0,434.0,515.0,533.0,543.0,567.0,575.0,604.0,616.0,699.0,715.0,715.0,772.0,863.0,900.0,918.0,957.0,993.0,994.0,
27.0,34.0,57.0,93.0,123.0,124.0,128.0,131.0,146.0,163.0,215.0,252.0,272.0,301.0,390.0,398.0,431.0,471.0,482.0,487.0,491.0,492.0,509.0,570.0,623.0,760.0,845.0,850.0,857.0,908.0,920.0,
5.0,21.0,38.0,83.0,87.0,91.0,101.0,103.0,107.0,137.0,152.0,161.0,194.0,206.0,226.0,238.0,269.0,350.0,357.0,361.0,367.0,370.0,464.0,484.0,496.0,632.0,654.0,656.0,660.0,715.0,816.0,938.0,969.0,971.0,973.0,
44.0,69.0,92.0,132.0,209.0,336.0,407.0,412.0,492.0,520.0,556.0,559.0,665.0,678.0,688.0,750.0,784.0,811.0,896.0,903.0,980.0,993.0,
