13.0,50.0,77.0,85.0,89.0,89.0,134.0,149.0,196.0,271.0,289.0,327.0,339.0,351.0,379.0,423.0,504.0,506.0,506.0,590.0,628.0,650.0,706.0,753.0,763.0,849.0,921.0,941.0,949.0,961.0,979.0,
27.0,83.0,238.0,243.0,244.0,320.0,326.0,340.0,349.0,386.0,388.0,440.0,494.0,523.0,536.0,629.0,650.0,661.0,691.0,693.0,737.0,750.0,781.0,843.0,846.0,918.0,952.0,984.0,1000.0,
35.0,41.0,65.0,150.0,153.0,207.0,232.0,237.0,285.0,307.0,308.0,359.0,400.0,415.0,416.0,433.0,436.0,468.0,479.0,486.0,539.0,554.0,575.0,594.0,594.0,600.0,625.0,628.0,644.0,652.0,774.0,793.0,797.0,800.0,810.0,818.0,818.0,820.0,835.0,839.0,844.0,847.0,940.0,972.0,989.0,
13.0,20.0,50.0,58.0,68.0,79.0,139.0,160.0,240.0,250.0,361.0,370.0,380.0,447.0,456.0,465.0,504.0,548.0,561.0,562.0,618.0,674.0,717.0,730.0,740.0,793.0,797.0,814.0,836.0,837.0,841.0,843.0,859.0,960.0,985.0,995.0,
20.0,29.0,41.0,49.0,49.0,58.0,85.0,96.0,123.0,138.0,139.0,156.0,235.0,314.0,322.0,326.0,450.0,486.0,544.0,546.0,608.0,671.0,692.0,758.0,772.0,805.0,822.0,875.0,954.0,968.0,
2.0,3.0,12.0,14.0,57.0,81.0,144.0,201.0,221.0,235.0,313.0,355.0,397.0,417.0,458.0,513.0,530.0,558.0,640.0,645.0,670.0,685.0,691.0,730.0,731.0,750.0,760.0,814.0,818.0,824.0,902.0,929.0,939.0,
28.0,46.0,50.0,55.0,90.0,147.0,204.0,212.0,222.0,236.0,251.0,292.0,305.0,334.0,334.0,388.0,396.0,403.0,408.0,448.0,451.0,541.0,547.0,558.0,565.0,580.0,594.0,635.0,639.0,665.0,719.0,725.0,793.0,826.0,846.0,849.0,852.0,916.0,940.0,990.0,994.0,997.0,999.0,
135.0,202.0,228.0,240.0,345.0,356.0,389.0,401.0,406.0,417.0,466.0,484.0,487.0,487.0,508.0,563.0,594.0,600.0,607.0,616.0,629.0,653.0,675.0,687.0,697.0,739.0,794.0,795.0,830.0,843.0,847.0,926.0,928.0,934.0,936.0,
7.0,34.0,47.0,67.0,155.0,169.0,184.0,187.0,201.0,244.0,252.0,396.0,501.0,522.0,563.0,621.0,626.0,630.0,670.0,692.0,813.0,839.0,856.0,919.0,949.0,954.0,962.0,
18.0,92.0,110.0,117.0,151.0,261.0,317.0,419.0,431.0,493.0,501.0,506.0,541.0,609.0,611.0,646.0,707.0,715.0,745.0,775.0,782.0,801.0,813.0,829.0,882.0,892.0,990.0,995.0,997.0,
58.0,70.0,93.0,126.0,149.0,152.0,178.0,181.0,193.0,197.0,249.0,286.0,341.0,352.0,436.0,444.0,458.0,479.0,491.0,499.0,507.0,507.0,556.0,570.0,583.0,584.0,618.0,634.0,654.0,663.0,682.0,712.0,760.0,768.0,865.0,865.0,882.0,886.0,932.0,953.0,964.0,989.0,
18.0,19.0,20.0,76.0,93.0,172.0,192.0,219.0,232.0,245.0,262.0,273.0,293.0,300.0,304.0,383.0,532.0,534.0,546.0,562.0,594.0,651.0,679.0,684.0,698.0,727.0,739.0,750.0,760.0,764.0,785.0,787.0,789.0,810.0,810.0,872.0,896.0,973.0,981.0,
15.0,76.0,105.0,138.0,164.0,198.0,207.0,235.0,280.0,328.0,328.0,350.0,413.0,465.0,500.0,509.0,510.0,517.0,527.0,542.0,558.0,580.0,650.0,691.0,717.0,740.0,774.0,776.0,778.0,797.0,818.0,832.0,839.0,866.0,877.0,884.0,892.0,910.0,940.0,
10.0,107.0,136.0,144.0,177.0,183.0,187.0,200.0,203.0,242.0,291.0,305.0,342.0,461.0,511.0,539.0,561.0,633.0,647.0,661.0,760.0,788.0,815.0,820.0,902.0,907.0,999.0,
37.0,42.0,98.0,117.0,139.0,156.0,227.0,232.0,257.0,262.0,391.0,420.0,630.0,642.0,657.0,688.0,701.0,731.0,735.0,747.0,747.0,821.0,832.0,847.0,852.0,865.0,876.0,880.0,888.0,946.0,962.0,966.0,
69.0,142.0,142.0,180.0,182.0,219.0,226.0,237.0,237.0,274.0,369.0,379.0,385.0,417.0,426.0,448.0,484.0,531.0,537.0,561.0,575.0,629.0,645.0,691.0,720.0,739.0,749.0,776.0,801.0,815.0,843.0,845.0,883.0,890.0,920.0,944.0,987.0,995.0,
4.0,15.0,33.0,44.0,46.0,70.0,73.0,126.0,131.0,166.0,169.0,169.0,286.0,299.0,305.0,334.0,381.0,394.0,407.0,438.0,441.0,453.0,466.0,486.0,508.0,521.0,530.0,574.0,578.0,589.0,625.0,637.0,653.0,677.0,683.0,719.0,727.0,758.0,762.0,772.0,902.0,910.0,953.0,959.0,962.0,967.0,975.0,988.0,
13.0,76.0,87.0,120.0,128.0,152.0,164.0,168.0,180.0,184.0,188.0,210.0,222.0,246.0,274.0,277.0,295.0,326.0,336.0,371.0,390.0,432.0,503.0,507.0,519.0,534.0,538.0,569.0,689.0,827.0,878.0,891.0,951.0,953.0,
38.0,59.0,63.0,87.0,90.0,134.0,153.0,159.0,194.0,217.0,226.0,250.0,257.0,274.0,287.0,328.0,331.0,356.0,382.0,391.0,402.0,516.0,601.0,622.0,700.0,734.0,744.0,766.0,778.0,811.0,833.0,844.0,853.0,864.0,893.0,898.0,933.0,
55.0,136.0,157.0,159.0,171.0,189.0,211.0,259.0,271.0,295.0,324.0,371.0,408.0,422.0,439.0,441.0,537.0,703.0,707.0,776.0,793.0,818.0,824.0,829.0,842.0,911.0,934.0,982.0,
48.0,53.0,59.0,61.0,78.0,91.0,174.0,179.0,192.0,216.0,235.0,239.0,255.0,258.0,294.0,325.0,339.0,344.0,383.0,396.0,416.0,448.0,520.0,531.0,556.0,641.0,668.0,698.0,701.0,707.0,719.0,741.0,749.0,780.0,878.0,911.0,928.0,949.0,958.0,972.0,979.0,
50.0,73.0,84.0,124.0,182.0,200.0,203.0,256.0,259.0,264.0,292.0,306.0,322.0,330.0,376.0,439.0,472.0,555.0,581.0,601.0,613.0,622.0,662.0,665.0,678.0,711.0,716.0,736.0,765.0,798.0,809.0,815.0,861.0,873.0,913.0,919.0,926.0,933.0,943.0,967.0,
74.0,157.0,157.0,160.0,191.0,209.0,242.0,271.0,296.0,438.0,445.0,471.0,489.0,536.0,577.0,693.0,732.0,787.0,815.0,847.0,848.0,849.0,858.0,883.0,903.0,908.0,923.0,932.0,946.0,957.0,995.0,
103.0,106.0,112.0,184.0,192.0,202.0,221.0,232.0,259.0,277.0,313.0,355.0,373.0,429.0,444.0,520.0,554.0,557.0,566.0,590.0,663.0,667.0,706.0,725.0,811.0,815.0,844.0,883.0,904.0,926.0,
41.0,58.0,61.0,108.0,118.0,148.0,148.0,154.0,158.0,163.0,165.0,177.0,211.0,221.0,261.0,279.0,281.0,291.0,301.0,305.0,433.0,447.0,501.0,542.0,590.0,619.0,655.0,666.0,695.0,703.0,734.0,862.0,923.0,
5.0,14.0,157.0,175.0,216.0,229.0,247.0,291.0,313.0,335.0,464.0,549.0,582.0,609.0,631.0,637.0,639.0,652.0,691.0,718.0,718.0,751.0,752.0,760.0,770.0,848.0,868.0,875.0,920.0,921.0,952.0,975.0,988.0,
86.0,92.0,174.0,178.0,188.0,227.0,243.0,246.0,267.0,314.0,334.0,335.0,386.0,390.0,451.0,453.0,460.0,470.0,505.0,506.0,525.0,527.0,529.0,534.0,576.0,577.0,586.0,618.0,635.0,662.0,673.0,700.0,710.0,742.0,773.0,775.0,776.0,782.0,786.0,815.0,836.0,843.0,852.0,898.0,944.0,972.0,
38.0,86.0,95.0,108.0,163.0,229.0,242.0,259.0,279.0,330.0,341.0,355.0,369.0,372.0,400.0,431.0,438.0,441.0,466.0,477.0,500.0,564.0,567.0,577.0,621.0,627.0,633.0,635.0,650.0,711.0,740.0,822.0,858.0,859.0,955.0,
20.0,69.0,97.0,158.0,233.0,235.0,275.0,286.0,319.0,332.0,393.0,451.0,473.0,474.0,489.0,556.0,613.0,647.0,655.0,657.0,679.0,693.0,728.0,742.0,760.0,762.0,771.0,806.0,808.0,821.0,833.0,863.0,882.0,882.0,888.0,891.0,929.0,
45.0,89.0,127.0,145.0,149.0,158.0,160.0,165.0,189.0,221.0,268.0,284.0,339.0,428.0,434.0,446.0,452.0,477.0,524.0,524.0,601.0,623.0,712.0,717.0,829.0,849.0,875.0,890.0,896.0,
35.0,61.0,84.0,87.0,179.0,255.0,255.0,259.0,289.0,329.0,360.0,406.0,416.0,417.0,430.0,435.0,533.0,544.0,564.0,595.0,607.0,639.0,661.0,698.0,705.0,718.0,723.0,734.0,734.0,736.0,782.0,790.0,824.0,842.0,852.0,865.0,939.0,
61.0,81.0,139.0,148.0,254.0,307.0,324.0,341.0,373.0,416.0,420.0,437.0,458.0,460.0,466.0,471.0,478.0,496.0,533.0,539.0,547.0,556.0,581.0,604.0,632.0,685.0,703.0,722.0,746.0,764.0,771.0,843.0,927.0,933.0,949.0,961.0,967.0,
142.0,157.0,179.0,189.0,192.0,209.0,228.0,285.0,306.0,341.0,390.0,397.0,475.0,499.0,502.0,519.0,526.0,556.0,566.0,567.0,609.0,631.0,698.0,737.0,746.0,815.0,864.0,889.0,910.0,910.0,925.0,934.0,944.0,985.0,990.0,
32.0,74.0,81.0,91.0,98.0,121.0,183.0,343.0,423.0,566.0,574.0,582.0,643.0,667.0,712.0,741.0,836.0,879.0,881.0,900.0,909.0,972.0,
46.0,85.0,88.0,171.0,171.0,204.0,263.0,269.0,329.0,398.0,427.0,441.0,444.0,452.0,511.0,514.0,531.0,545.0,600.0,635.0,663.0,668.0,669.0,684.0,701.0,756.0,761.0,811.0,818.0,821.0,848.0,873.0,895.0,900.0,958.0,
88.0,134.0,206.0,261.0,299.0,317.0,320.0,335.0,345.0,352.0,389.0,506.0,515.0,524.0,571.0,594.0,620.0,620.0,635.0,688.0,749.0,809.0,820.0,824.0,838.0,851.0,870.0,886.0,888.0,988.0,999.0,
42.0,67.0,71.0,115.0,116.0,127.0,257.0,286.0,305.0,307.0,332.0,361.0,552.0,584.0,595.0,618.0,642.0,647.0,659.0,664.0,669.0,695.0,704.0,725.0,742.0,799.0,852.0,863.0,871.0,906.0,986.0,
26.0,69.0,75.0,140.0,151.0,172.0,238.0,244.0,281.0,293.0,330.0,346.0,390.0,403.0,424.0,434.0,442.0,465.0,520.0,520.0,535.0,650.0,773.0,788.0,804.0,817.0,832.0,848.0,854.0,886.0,899.0,919.0,936.0,
28.0,83.0,87.0,93.0,115.0,155.0,180.0,183.0,189.0,204.0,261.0,266.0,286.0,332.0,343.0,348.0,375.0,440.0,461.0,491.0,546.0,547.0,550.0,556.0,562.0,568.0,594.0,615.0,648.0,650.0,662.0,697.0,764.0,783.0,812.0,881.0,910.0,915.0,932.0,981.0,991.0,998.0,
5.0,16.0,37.0,41.0,50.0,94.0,98.0,99.0,106.0,168.0,181.0,198.0,238.0,264.0,320.0,355.0,398.0,406.0,430.0,444.0,465.0,471.0,482.0,499.0,509.0,522.0,528.0,597.0,614.0,638.0,733.0,768.0,774.0,777.0,795.0,838.0,875.0,883.0,897.0,903.0,945.0,946.0,948.0,970.0,
30.0,43.0,69.0,104.0,107.0,186.0,190.0,235.0,248.0,254.0,317.0,378.0,380.0,485.0,489.0,547.0,588.0,590.0,624.0,646.0,671.0,677.0,692.0,735.0,815.0,840.0,860.0,871.0,872.0,889.0,893.0,911.0,928.0,943.0,944.0,970.0,978.0,
27.0,101.0,132.0,170.0,184.0,246.0,283.0,316.0,316.0,331.0,355.0,381.0,394.0,416.0,435.0,471.0,472.0,570.0,658.0,688.0,716.0,716.0,784.0,842.0,843.0,858.0,862.0,887.0,897.0,973.0,
27.0,35.0,122.0,160.0,169.0,177.0,215.0,225.0,258.0,289.0,308.0,332.0,359.0,371.0,390.0,420.0,423.0,503.0,530.0,575.0,588.0,592.0,595.0,595.0,672.0,712.0,749.0,755.0,758.0,768.0,845.0,854.0,866.0,908.0,949.0,953.0,976.0,978.0,993.0,
26.0,71.0,94.0,129.0,197.0,281.0,321.0,329.0,477.0,494.0,566.0,627.0,652.0,668.0,687.0,731.0,748.0,764.0,811.0,861.0,924.0,936.0,966.0,985.0,
3.0,9.0,65.0,91.0,129.0,133.0,174.0,236.0,256.0,266.0,278.0,298.0,331.0,368.0,402.0,423.0,429.0,445.0,446.0,459.0,494.0,512.0,522.0,523.0,600.0,636.0,672.0,694.0,724.0,779.0,838.0,851.0,867.0,884.0,939.0,949.0,959.0,1000.0,
31.0,43.0,125.0,191.0,192.0,195.0,245.0,278.0,330.0,338.0,351.0,358.0,391.0,400.0,406.0,431.0,445.0,531.0,536.0,546.0,547.0,549.0,554.0,557.0,561.0,570.0,584.0,590.0,590.0,606.0,640.0,664.0,673.0,682.0,695.0,717.0,747.0,750.0,779.0,787.0,795.0,815.0,894.0,911.0,936.0,952.0,954.0,989.0,
22.0,35.0,91.0,138.0,187.0,196.0,200.0,234.0,237.0,330.0,343.0,394.0,424.0,433.0,502.0,554.0,573.0,591.0,602.0,653.0,678.0,752.0,763.0,763.0,773.0,834.0,911.0,918.0,972.0,975.0,979.0,
61.0,64.0,115.0,191.0,263.0,293.0,374.0,411.0,426.0,429.0,477.0,504.0,508.0,512.0,518.0,529.0,552.0,557.0,609.0,621.0,643.0,672.0,699.0,761.0,861.0,880.0,915.0,945.0,949.0,966.0,975.0,
32.0,64.0,65.0,121.0,132.0,135.0,161.0,183.0,199.0,227.0,287.0,326.0,335.0,374.0,397.0,398.0,412.0,471.0,473.0,503.0,534.0,587.0,589.0,610.0,611.0,615.0,685.0,701.0,707.0,760.0,771.0,875.0,895.0,917.0,917.0,957.0,971.0,993.0,
22.0,34.0,139.0,167.0,171.0,187.0,265.0,325.0,327.0,353.0,367.0,374.0,398.0,414.0,417.0,459.0,463.0,463.0,540.0,558.0,633.0,679.0,734.0,831.0,906.0,911.0,919.0,928.0,983.0,
63.0,79.0,113.0,126.0,232.0,317.0,339.0,341.0,369.0,383.0,386.0,410.0,429.0,434.0,441.0,445.0,449.0,462.0,538.0,559.0,609.0,633.0,656.0,722.0,736.0,755.0,820.0,823.0,824.0,850.0,875.0,886.0,905.0,944.0,981.0,
14.0,33.0,97.0,290.0,318.0,382.0,385.0,399.0,468.0,584.0,638.0,649.0,654.0,683.0,691.0,748.0,777.0,794.0,804.0,820.0,894.0,958.0,961.0,995.0,
13.0,19.0,68.0,74.0,102.0,130.0,140.0,176.0,225.0,241.0,246.0,257.0,316.0,367.0,368.0,373.0,381.0,407.0,413.0,420.0,424.0,426.0,521.0,584.0,599.0,603.0,656.0,657.0,687.0,692.0,694.0,724.0,730.0,747.0,777.0,781.0,785.0,791.0,844.0,865.0,876.0,882.0,903.0,939.0,952.0,979.0,998.0,
24.0,30.0,102.0,117.0,172.0,183.0,191.0,200.0,208.0,227.0,241.0,305.0,359.0,364.0,384.0,392.0,401.0,438.0,465.0,485.0,545.0,573.0,574.0,583.0,618.0,660.0,673.0,760.0,795.0,928.0,945.0,953.0,987.0,
11.0,18.0,33.0,34.0,213.0,214.0,254.0,282.0,310.0,311.0,342.0,347.0,354.0,363.0,387.0,387.0,390.0,397.0,407.0,412.0,443.0,451.0,517.0,520.0,523.0,527.0,530.0,530.0,530.0,540.0,548.0,582.0,597.0,626.0,632.0,636.0,657.0,669.0,672.0,677.0,685.0,726.0,731.0,767.0,773.0,776.0,779.0,784.0,792.0,804.0,806.0,852.0,858.0,868.0,876.0,877.0,895.0,900.0,908.0,938.0,938.0,977.0,
17.0,84.0,85.0,119.0,127.0,128.0,140.0,146.0,171.0,199.0,211.0,243.0,276.0,381.0,429.0,448.0,497.0,513.0,514.0,519.0,522.0,530.0,536.0,552.0,555.0,555.0,564.0,567.0,568.0,571.0,578.0,580.0,600.0,604.0,606.0,612.0,613.0,616.0,625.0,626.0,629.0,636.0,643.0,645.0,653.0,664.0,671.0,684.0,689.0,696.0,698.0,713.0,731.0,737.0,747.0,785.0,794.0,800.0,809.0,813.0,814.0,830.0,832.0,838.0,852.0,869.0,873.0,873.0,875.0,881.0,882.0,895.0,909.0,925.0,925.0,928.0,955.0,956.0,964.0,965.0,993.0,995.0,999.0,
55.0,61.0,66.0,107.0,149.0,181.0,207.0,235.0,281.0,295.0,364.0,391.0,409.0,429.0,441.0,493.0,528.0,532.0,533.0,550.0,551.0,560.0,567.0,570.0,582.0,600.0,605.0,605.0,611.0,623.0,624.0,628.0,628.0,636.0,652.0,694.0,695.0,699.0,707.0,730.0,732.0,739.0,746.0,748.0,778.0,781.0,799.0,799.0,818.0,849.0,850.0,873.0,885.0,889.0,914.0,926.0,972.0,976.0,
133.0,142.0,156.0,194.0,211.0,284.0,293.0,293.0,299.0,334.0,363.0,383.0,403.0,472.0,473.0,503.0,506.0,516.0,530.0,555.0,556.0,558.0,574.0,612.0,639.0,664.0,707.0,716.0,723.0,743.0,768.0,859.0,889.0,894.0,943.0,946.0,956.0,974.0,990.0,
21.0,48.0,105.0,144.0,160.0,210.0,223.0,258.0,293.0,299.0,309.0,310.0,324.0,344.0,349.0,359.0,386.0,402.0,417.0,432.0,437.0,438.0,450.0,463.0,469.0,508.0,512.0,558.0,585.0,597.0,607.0,608.0,630.0,634.0,645.0,651.0,666.0,698.0,748.0,798.0,799.0,804.0,843.0,877.0,921.0,923.0,957.0,
19.0,67.0,73.0,100.0,143.0,156.0,171.0,229.0,269.0,293.0,295.0,346.0,359.0,371.0,384.0,385.0,391.0,419.0,463.0,480.0,531.0,535.0,583.0,603.0,642.0,644.0,664.0,676.0,713.0,779.0,779.0,786.0,800.0,807.0,810.0,861.0,873.0,937.0,960.0,961.0,976.0,992.0,1000.0,
32.0,33.0,56.0,64.0,72.0,181.0,183.0,285.0,308.0,331.0,404.0,444.0,530.0,561.0,565.0,574.0,607.0,684.0,691.0,696.0,700.0,717.0,732.0,751.0,754.0,795.0,811.0,869.0,882.0,897.0,910.0,920.0,951.0,967.0,996.0,996.0,
21.0,57.0,78.0,144.0,147.0,160.0,203.0,208.0,217.0,238.0,253.0,261.0,295.0,401.0,427.0,433.0,435.0,475.0,600.0,616.0,639.0,659.0,671.0,689.0,711.0,721.0,746.0,773.0,776.0,795.0,838.0,859.0,863.0,879.0,885.0,
78.0,88.0,160.0,190.0,219.0,229.0,314.0,343.0,362.0,386.0,411.0,490.0,532.0,547.0,570.0,572.0,608.0,631.0,635.0,657.0,707.0,738.0,753.0,755.0,775.0,777.0,797.0,826.0,840.0,848.0,850.0,872.0,873.0,890.0,967.0,985.0,988.0,999.0,
3.0,40.0,56.0,117.0,137.0,156.0,158.0,281.0,296.0,306.0,325.0,364.0,436.0,501.0,508.0,510.0,554.0,556.0,582.0,688.0,702.0,711.0,745.0,767.0,823.0,834.0,837.0,861.0,898.0,904.0,906.0,
23.0,72.0,77.0,152.0,153.0,175.0,176.0,183.0,184.0,241.0,259.0,265.0,284.0,308.0,321.0,338.0,392.0,418.0,479.0,480.0,482.0,489.0,517.0,569.0,576.0,674.0,717.0,743.0,778.0,815.0,862.0,866.0,915.0,
3.0,71.0,76.0,95.0,97.0,130.0,160.0,182.0,214.0,260.0,294.0,297.0,322.0,329.0,359.0,389.0,399.0,456.0,489.0,513.0,541.0,545.0,546.0,549.0,558.0,573.0,576.0,576.0,590.0,592.0,595.0,599.0,600.0,612.0,625.0,627.0,636.0,645.0,668.0,706.0,712.0,728.0,739.0,760.0,762.0,794.0,800.0,845.0,857.0,890.0,902.0,909.0,933.0,995.0,
35.0,64.0,98.0,116.0,228.0,267.0,285.0,309.0,311.0,315.0,372.0,383.0,428.0,489.0,519.0,524.0,529.0,541.0,545.0,553.0,559.0,573.0,579.0,593.0,647.0,721.0,724.0,787.0,794.0,818.0,819.0,827.0,924.0,968.0,
14.0,18.0,23.0,27.0,61.0,88.0,118.0,144.0,184.0,184.0,208.0,234.0,242.0,244.0,265.0,268.0,268.0,278.0,281.0,289.0,335.0,336.0,338.0,366.0,387.0,457.0,485.0,510.0,547.0,559.0,561.0,580.0,695.0,809.0,810.0,817.0,838.0,838.0,840.0,897.0,909.0,914.0,973.0,
8.0,24.0,44.0,118.0,150.0,260.0,384.0,399.0,400.0,416.0,446.0,450.0,455.0,463.0,484.0,499.0,516.0,556.0,582.0,595.0,597.0,603.0,660.0,667.0,788.0,851.0,853.0,887.0,947.0,950.0,956.0,969.0,987.0,
77.0,108.0,115.0,140.0,177.0,217.0,221.0,253.0,268.0,334.0,345.0,347.0,386.0,388.0,390.0,396.0,409.0,448.0,479.0,506.0,515.0,524.0,530.0,572.0,597.0,619.0,667.0,735.0,765.0,807.0,828.0,835.0,845.0,966.0,968.0,995.0,999.0,
57.0,127.0,134.0,182.0,187.0,205.0,218.0,219.0,235.0,248.0,305.0,310.0,329.0,445.0,502.0,503.0,590.0,625.0,633.0,648.0,658.0,678.0,688.0,727.0,752.0,766.0,787.0,793.0,840.0,875.0,888.0,919.0,958.0,996.0,
14.0,46.0,113.0,116.0,128.0,136.0,162.0,181.0,186.0,223.0,253.0,273.0,304.0,318.0,325.0,331.0,347.0,402.0,413.0,422.0,431.0,434.0,504.0,534.0,563.0,656.0,682.0,726.0,740.0,766.0,789.0,792.0,799.0,920.0,931.0,952.0,962.0,988.0,
3.0,5.0,50.0,72.0,73.0,92.0,168.0,178.0,183.0,201.0,274.0,297.0,305.0,325.0,368.0,395.0,430.0,435.0,445.0,451.0,452.0,461.0,463.0,466.0,508.0,551.0,554.0,563.0,582.0,599.0,653.0,684.0,727.0,873.0,909.0,910.0,916.0,917.0,939.0,997.0,
33.0,35.0,89.0,132.0,146.0,179.0,220.0,248.0,328.0,352.0,370.0,473.0,600.0,641.0,673.0,724.0,741.0,753.0,754.0,839.0,868.0,903.0,928.0,975.0,987.0,
7.0,43.0,46.0,80.0,104.0,128.0,178.0,186.0,194.0,220.0,221.0,269.0,308.0,340.0,467.0,488.0,500.0,504.0,508.0,573.0,578.0,585.0,595.0,669.0,727.0,734.0,745.0,747.0,808.0,823.0,842.0,879.0,893.0,906.0,911.0,919.0,932.0,932.0,933.0,959.0,
17.0,31.0,47.0,89.0,98.0,126.0,128.0,153.0,179.0,210.0,223.0,274.0,304.0,306.0,365.0,380.0,380.0,381.0,383.0,397.0,403.0,424.0,439.0,446.0,490.0,528.0,577.0,595.0,623.0,641.0,655.0,664.0,679.0,682.0,685.0,788.0,794.0,811.0,852.0,879.0,899.0,916.0,980.0,992.0,993.0,
67.0,109.0,153.0,173.0,197.0,205.0,213.0,274.0,281.0,282.0,290.0,335.0,376.0,383.0,454.0,493.0,542.0,549.0,592.0,613.0,613.0,622.0,642.0,662.0,676.0,683.0,767.0,836.0,852.0,858.0,880.0,928.0,942.0,945.0,988.0,
2.0,17.0,84.0,115.0,147.0,152.0,167.0,167.0,182.0,196.0,287.0,300.0,311.0,314.0,320.0,373.0,417.0,435.0,474.0,499.0,592.0,617.0,652.0,746.0,768.0,774.0,801.0,844.0,877.0,921.0,938.0,953.0,954.0,976.0,978.0,
10.0,23.0,25.0,91.0,109.0,127.0,168.0,177.0,179.0,227.0,240.0,268.0,332.0,349.0,367.0,390.0,409.0,450.0,470.0,532.0,542.0,564.0,589.0,611.0,628.0,660.0,664.0,694.0,880.0,911.0,942.0,
28.0,64.0,102.0,114.0,121.0,126.0,127.0,155.0,177.0,228.0,231.0,272.0,279.0,303.0,310.0,369.0,400.0,415.0,459.0,485.0,496.0,562.0,573.0,658.0,659.0,662.0,687.0,713.0,757.0,773.0,790.0,822.0,854.0,854.0,864.0,878.0,883.0,910.0,
56.0,138.0,156.0,169.0,176.0,192.0,203.0,284.0,328.0,329.0,329.0,329.0,355.0,368.0,399.0,417.0,418.0,458.0,473.0,573.0,632.0,639.0,651.0,685.0,685.0,708.0,720.0,724.0,730.0,747.0,753.0,776.0,842.0,867.0,946.0,974.0,
5.0,21.0,32.0,96.0,123.0,207.0,213.0,225.0,237.0,237.0,241.0,260.0,306.0,314.0,382.0,459.0,460.0,476.0,503.0,565.0,566.0,586.0,590.0,598.0,610.0,729.0,810.0,815.0,816.0,833.0,855.0,880.0,900.0,965.0,
28.0,41.0,102.0,103.0,135.0,139.0,145.0,180.0,202.0,205.0,211.0,251.0,268.0,269.0,288.0,292.0,305.0,319.0,333.0,339.0,372.0,415.0,430.0,453.0,465.0,466.0,478.0,491.0,544.0,550.0,566.0,593.0,625.0,636.0,676.0,678.0,699.0,737.0,745.0,770.0,797.0,800.0,807.0,808.0,818.0,832.0,834.0,861.0,876.0,884.0,928.0,
10.0,45.0,64.0,72.0,171.0,195.0,208.0,210.0,220.0,290.0,396.0,415.0,431.0,453.0,455.0,535.0,554.0,583.0,594.0,599.0,606.0,615.0,622.0,622.0,631.0,660.0,679.0,702.0,708.0,713.0,820.0,822.0,825.0,839.0,848.0,849.0,941.0,961.0,984.0,986.0,
14.0,38.0,64.0,146.0,170.0,229.0,239.0,279.0,304.0,327.0,329.0,418.0,434.0,642.0,709.0,729.0,737.0,754.0,756.0,878.0,880.0,904.0,918.0,940.0,963.0,
16.0,19.0,53.0,113.0,139.0,142.0,184.0,185.0,201.0,263.0,313.0,329.0,445.0,458.0,459.0,463.0,533.0,534.0,574.0,582.0,631.0,668.0,707.0,747.0,773.0,865.0,905.0,919.0,944.0,997.0,997.0,
6.0,18.0,21.0,106.0,132.0,149.0,182.0,208.0,233.0,266.0,277.0,288.0,291.0,325.0,346.0,375.0,389.0,389.0,395.0,401.0,410.0,418.0,450.0,462.0,471.0,500.0,572.0,583.0,647.0,651.0,689.0,730.0,760.0,764.0,782.0,811.0,821.0,845.0,898.0,899.0,941.0,973.0,989.0,
15.0,45.0,106.0,131.0,137.0,146.0,173.0,231.0,243.0,253.0,299.0,305.0,313.0,349.0,366.0,407.0,456.0,481.0,531.0,537.0,574.0,605.0,617.0,642.0,642.0,758.0,861.0,876.0,889.0,914.0,966.0,969.0,
73.0,89.0,96.0,156.0,163.0,189.0,199.0,207.0,211.0,241.0,245.0,278.0,302.0,318.0,331.0,373.0,418.0,424.0,438.0,455.0,467.0,474.0,476.0,482.0,537.0,556.0,612.0,647.0,652.0,681.0,700.0,720.0,745.0,783.0,788.0,796.0,819.0,826.0,867.0,894.0,907.0,912.0,950.0,986.0,
14.0,54.0,67.0,69.0,84.0,116.0,124.0,147.0,159.0,166.0,183.0,197.0,210.0,217.0,294.0,339.0,349.0,373.0,397.0,402.0,420.0,437.0,503.0,580.0,595.0,639.0,647.0,704.0,720.0,730.0,763.0,769.0,841.0,903.0,919.0,959.0,
58.0,85.0,196.0,211.0,222.0,230.0,265.0,296.0,397.0,423.0,483.0,487.0,525.0,541.0,558.0,572.0,637.0,664.0,667.0,676.0,695.0,707.0,823.0,854.0,890.0,905.0,970.0,979.0,
39.0,67.0,82.0,149.0,168.0,179.0,192.0,258.0,264.0,301.0,302.0,311.0,322.0,351.0,374.0,403.0,426.0,466.0,469.0,473.0,481.0,501.0,506.0,538.0,572.0,610.0,626.0,688.0,700.0,715.0,719.0,724.0,741.0,775.0,779.0,821.0,824.0,862.0,870.0,899.0,973.0,1000.0,
9.0,15.0,59.0,63.0,98.0,112.0,134.0,155.0,196.0,205.0,227.0,285.0,319.0,320.0,356.0,360.0,380.0,406.0,449.0,458.0,467.0,505.0,515.0,558.0,629.0,674.0,683.0,686.0,695.0,703.0,745.0,771.0,800.0,824.0,842.0,844.0,846.0,876.0,904.0,913.0,947.0,
91.0,125.0,141.0,164.0,188.0,190.0,208.0,213.0,262.0,337.0,345.0,390.0,448.0,458.0,510.0,545.0,636.0,652.0,668.0,683.0,695.0,741.0,746.0,755.0,799.0,800.0,841.0,880.0,908.0,912.0,959.0,976.0,
61.0,173.0,176.0,213.0,231.0,248.0,272.0,341.0,365.0,384.0,408.0,408.0,409.0,421.0,462.0,513.0,525.0,568.0,628.0,634.0,638.0,663.0,668.0,685.0,721.0,730.0,785.0,788.0,905.0,917.0,940.0,941.0,950.0,987.0,
9.0,61.0,67.0,74.0,89.0,108.0,111.0,255.0,280.0,298.0,325.0,353.0,402.0,403.0,431.0,435.0,447.0,482.0,554.0,619.0,664.0,694.0,766.0,808.0,836.0,867.0,869.0,924.0,952.0,981.0,
2.0,37.0,56.0,71.0,84.0,120.0,127.0,176.0,230.0,239.0,245.0,249.0,253.0,314.0,336.0,474.0,504.0,523.0,534.0,546.0,586.0,633.0,638.0,670.0,676.0,710.0,725.0,735.0,735.0,746.0,755.0,805.0,808.0,820.0,827.0,892.0,939.0,945.0,970.0,997.0,998.0,
31.0,45.0,51.0,59.0,107.0,146.0,177.0,180.0,216.0,226.0,231.0,267.0,270.0,277.0,280.0,303.0,316.0,352.0,407.0,438.0,465.0,474.0,477.0,489.0,514.0,540.0,543.0,563.0,577.0,588.0,613.0,630.0,653.0,747.0,795.0,846.0,934.0,940.0,948.0,949.0,951.0,968.0,980.0,999.0,
21.0,31.0,37.0,52.0,74.0,188.0,216.0,248.0,279.0,315.0,323.0,337.0,397.0,399.0,404.0,436.0,442.0,459.0,463.0,489.0,494.0,534.0,543.0,593.0,660.0,674.0,674.0,681.0,684.0,697.0,715.0,720.0,793.0,873.0,876.0,974.0,982.0,
33.0,76.0,88.0,146.0,176.0,191.0,242.0,248.0,307.0,314.0,324.0,379.0,381.0,382.0,405.0,457.0,473.0,481.0,483.0,485.0,489.0,490.0,541.0,550.0,584.0,588.0,621.0,648.0,653.0,657.0,675.0,715.0,724.0,744.0,772.0,772.0,780.0,834.0,835.0,859.0,895.0,896.0,998.0,
