40.0,49.0,51.0,95.0,130.0,136.0,147.0,189.0,222.0,360.0,367.0,508.0,537.0,545.0,588.0,591.0,600.0,625.0,671.0,724.0,791.0,814.0,850.0,851.0,869.0,886.0,974.0,
35.0,37.0,114.0,181.0,198.0,211.0,272.0,288.0,290.0,314.0,357.0,398.0,427.0,513.0,542.0,651.0,679.0,772.0,884.0,895.0,937.0,994.0,
26.0,109.0,127.0,130.0,175.0,177.0,180.0,215.0,261.0,273.0,278.0,297.0,325.0,330.0,331.0,339.0,342.0,362.0,373.0,384.0,461.0,486.0,498.0,569.0,628.0,678.0,971.0,
4.0,10.0,31.0,32.0,61.0,86.0,129.0,201.0,235.0,250.0,293.0,349.0,355.0,404.0,433.0,468.0,477.0,478.0,480.0,486.0,492.0,498.0,499.0,504.0,507.0,513.0,527.0,537.0,542.0,567.0,584.0,588.0,655.0,661.0,664.0,725.0,770.0,794.0,812.0,874.0,884.0,939.0,974.0,980.0,982.0,
4.0,7.0,13.0,17.0,25.0,35.0,39.0,43.0,90.0,122.0,158.0,171.0,182.0,234.0,260.0,322.0,341.0,343.0,359.0,375.0,386.0,391.0,452.0,497.0,546.0,547.0,553.0,613.0,664.0,684.0,706.0,742.0,758.0,874.0,917.0,962.0,992.0,
43.0,58.0,60.0,86.0,126.0,170.0,177.0,334.0,395.0,473.0,511.0,558.0,625.0,656.0,658.0,707.0,724.0,787.0,810.0,817.0,842.0,899.0,903.0,904.0,994.0,
14.0,21.0,29.0,33.0,191.0,216.0,229.0,262.0,273.0,315.0,319.0,336.0,338.0,343.0,343.0,373.0,419.0,440.0,466.0,466.0,490.0,615.0,640.0,732.0,735.0,777.0,790.0,817.0,822.0,838.0,855.0,866.0,898.0,962.0,966.0,971.0,982.0,
8.0,16.0,29.0,44.0,48.0,52.0,59.0,72.0,108.0,140.0,163.0,178.0,189.0,243.0,315.0,337.0,380.0,420.0,426.0,437.0,494.0,516.0,517.0,529.0,567.0,573.0,585.0,624.0,685.0,687.0,688.0,751.0,765.0,777.0,827.0,828.0,886.0,949.0,983.0,
21.0,28.0,30.0,37.0,83.0,107.0,218.0,230.0,248.0,292.0,295.0,307.0,322.0,369.0,410.0,414.0,450.0,461.0,499.0,531.0,560.0,562.0,627.0,629.0,634.0,640.0,679.0,681.0,696.0,747.0,766.0,772.0,789.0,832.0,833.0,882.0,898.0,902.0,957.0,
38.0,48.0,64.0,70.0,94.0,107.0,128.0,153.0,156.0,166.0,170.0,242.0,260.0,277.0,314.0,343.0,344.0,371.0,421.0,457.0,554.0,568.0,588.0,610.0,625.0,647.0,657.0,670.0,674.0,728.0,828.0,835.0,844.0,845.0,879.0,880.0,907.0,930.0,939.0,964.0,
31.0,129.0,148.0,185.0,199.0,238.0,238.0,241.0,244.0,256.0,335.0,489.0,497.0,522.0,536.0,540.0,561.0,624.0,631.0,633.0,647.0,659.0,661.0,683.0,687.0,795.0,811.0,813.0,826.0,842.0,873.0,874.0,886.0,900.0,912.0,933.0,946.0,971.0,991.0,
2.0,4.0,28.0,60.0,75.0,100.0,130.0,133.0,137.0,151.0,201.0,210.0,221.0,243.0,253.0,286.0,299.0,314.0,321.0,388.0,398.0,398.0,401.0,422.0,439.0,523.0,533.0,550.0,559.0,563.0,620.0,620.0,626.0,663.0,719.0,746.0,755.0,762.0,791.0,815.0,817.0,886.0,
47.0,67.0,124.0,129.0,256.0,306.0,369.0,370.0,378.0,390.0,400.0,403.0,426.0,436.0,456.0,465.0,477.0,485.0,499.0,511.0,584.0,586.0,587.0,604.0,661.0,675.0,691.0,717.0,743.0,743.0,777.0,797.0,830.0,982.0,989.0,
5.0,64.0,71.0,74.0,127.0,190.0,224.0,257.0,262.0,421.0,428.0,449.0,496.0,536.0,575.0,604.0,712.0,723.0,789.0,830.0,856.0,862.0,886.0,990.0,993.0,
19.0,84.0,136.0,147.0,265.0,284.0,295.0,324.0,328.0,345.0,371.0,430.0,446.0,450.0,468.0,494.0,519.0,558.0,565.0,591.0,624.0,628.0,659.0,727.0,824.0,837.0,846.0,855.0,903.0,906.0,916.0,945.0,
21.0,34.0,69.0,97.0,236.0,254.0,268.0,286.0,309.0,321.0,328.0,330.0,355.0,388.0,395.0,446.0,455.0,532.0,542.0,549.0,554.0,555.0,563.0,587.0,617.0,671.0,679.0,722.0,731.0,753.0,770.0,773.0,783.0,800.0,847.0,853.0,863.0,912.0,986.0,990.0,
51.0,69.0,111.0,119.0,130.0,134.0,168.0,185.0,221.0,276.0,283.0,301.0,304.0,342.0,360.0,427.0,463.0,465.0,472.0,521.0,570.0,589.0,591.0,598.0,627.0,644.0,648.0,654.0,696.0,747.0,772.0,813.0,832.0,840.0,848.0,858.0,896.0,949.0,950.0,955.0,989.0,989.0,
2.0,17.0,57.0,75.0,149.0,158.0,168.0,226.0,249.0,255.0,267.0,353.0,361.0,382.0,384.0,423.0,437.0,443.0,495.0,511.0,522.0,525.0,583.0,632.0,634.0,637.0,700.0,806.0,838.0,859.0,889.0,900.0,925.0,937.0,965.0,965.0,
28.0,29.0,69.0,70.0,103.0,104.0,170.0,212.0,225.0,299.0,321.0,345.0,381.0,427.0,491.0,509.0,559.0,581.0,585.0,603.0,610.0,621.0,636.0,656.0,683.0,740.0,756.0,793.0,816.0,835.0,850.0,868.0,895.0,931.0,988.0,
49.0,84.0,107.0,117.0,149.0,174.0,180.0,180.0,201.0,312.0,317.0,355.0,357.0,377.0,386.0,388.0,403.0,441.0,499.0,566.0,624.0,636.0,656.0,662.0,687.0,697.0,700.0,707.0,728.0,728.0,741.0,778.0,791.0,791.0,852.0,869.0,897.0,926.0,949.0,971.0,1000.0,
3.0,3.0,43.0,45.0,54.0,78.0,107.0,174.0,183.0,186.0,192.0,217.0,257.0,316.0,355.0,426.0,433.0,447.0,488.0,550.0,561.0,606.0,615.0,659.0,689.0,732.0,765.0,804.0,809.0,819.0,832.0,853.0,879.0,892.0,905.0,912.0,924.0,925.0,967.0,988.0,
2.0,29.0,66.0,101.0,101.0,117.0,184.0,198.0,215.0,220.0,275.0,317.0,322.0,332.0,386.0,390.0,403.0,456.0,481.0,545.0,572.0,601.0,641.0,720.0,738.0,765.0,778.0,816.0,838.0,842.0,887.0,896.0,897.0,924.0,925.0,962.0,
3.0,6.0,9.0,46.0,51.0,102.0,156.0,175.0,188.0,206.0,222.0,231.0,250.0,271.0,275.0,377.0,398.0,419.0,436.0,468.0,486.0,498.0,502.0,521.0,531.0,539.0,552.0,553.0,554.0,558.0,624.0,627.0,686.0,732.0,751.0,760.0,811.0,853.0,862.0,876.0,882.0,903.0,918.0,921.0,938.0,949.0,958.0,
34.0,41.0,70.0,76.0,85.0,103.0,170.0,210.0,215.0,227.0,283.0,307.0,342.0,343.0,365.0,389.0,392.0,401.0,413.0,443.0,490.0,501.0,582.0,583.0,584.0,586.0,615.0,686.0,697.0,729.0,746.0,805.0,820.0,
19.0,60.0,64.0,129.0,135.0,139.0,143.0,151.0,176.0,184.0,206.0,214.0,229.0,260.0,332.0,336.0,375.0,390.0,392.0,399.0,420.0,457.0,478.0,496.0,674.0,678.0,706.0,721.0,723.0,739.0,791.0,885.0,922.0,942.0,942.0,970.0,
18.0,34.0,54.0,118.0,118.0,156.0,193.0,203.0,294.0,299.0,319.0,342.0,347.0,471.0,541.0,554.0,559.0,568.0,571.0,650.0,726.0,787.0,812.0,815.0,846.0,892.0,
14.0,17.0,33.0,34.0,46.0,70.0,76.0,78.0,151.0,173.0,191.0,255.0,280.0,369.0,369.0,370.0,372.0,380.0,386.0,390.0,438.0,439.0,449.0,451.0,515.0,552.0,586.0,622.0,661.0,664.0,720.0,768.0,779.0,827.0,840.0,852.0,881.0,926.0,936.0,1000.0,
28.0,31.0,47.0,58.0,98.0,143.0,155.0,186.0,201.0,271.0,277.0,286.0,343.0,359.0,373.0,380.0,441.0,481.0,564.0,574.0,587.0,614.0,639.0,688.0,721.0,727.0,729.0,743.0,805.0,880.0,907.0,931.0,974.0,
27.0,44.0,54.0,63.0,88.0,111.0,131.0,195.0,271.0,344.0,346.0,383.0,392.0,400.0,415.0,428.0,439.0,516.0,520.0,592.0,632.0,696.0,715.0,750.0,809.0,820.0,829.0,847.0,873.0,918.0,919.0,992.0,
18.0,63.0,88.0,109.0,157.0,177.0,200.0,209.0,213.0,219.0,271.0,347.0,365.0,399.0,416.0,419.0,440.0,576.0,585.0,586.0,671.0,723.0,726.0,739.0,770.0,868.0,886.0,899.0,951.0,966.0,
10.0,36.0,37.0,97.0,112.0,126.0,157.0,169.0,171.0,199.0,249.0,277.0,286.0,298.0,329.0,366.0,367.0,376.0,380.0,395.0,430.0,450.0,452.0,479.0,487.0,495.0,527.0,560.0,582.0,597.0,630.0,631.0,664.0,673.0,764.0,765.0,924.0,943.0,960.0,975.0,979.0,984.0,995.0,
35.0,44.0,90.0,114.0,116.0,132.0,146.0,152.0,171.0,181.0,185.0,193.0,231.0,241.0,277.0,284.0,284.0,310.0,328.0,332.0,334.0,477.0,527.0,579.0,585.0,596.0,652.0,668.0,675.0,698.0,702.0,750.0,780.0,842.0,861.0,863.0,956.0,958.0,
5.0,68.0,72.0,74.0,138.0,148.0,192.0,193.0,197.0,239.0,280.0,294.0,326.0,338.0,338.0,356.0,366.0,407.0,440.0,501.0,515.0,595.0,620.0,631.0,654.0,669.0,672.0,707.0,809.0,828.0,852.0,892.0,969.0,996.0,
13.0,26.0,37.0,64.0,79.0,92.0,139.0,139.0,176.0,224.0,269.0,299.0,352.0,372.0,387.0,468.0,484.0,550.0,581.0,618.0,645.0,694.0,698.0,699.0,716.0,736.0,736.0,772.0,792.0,812.0,864.0,870.0,871.0,872.0,891.0,893.0,901.0,918.0,936.0,955.0,973.0,
33.0,76.0,81.0,147.0,166.0,343.0,370.0,400.0,424.0,466.0,495.0,582.0,715.0,787.0,830.0,864.0,884.0,892.0,895.0,928.0,936.0,
70.0,73.0,82.0,104.0,132.0,142.0,181.0,181.0,196.0,205.0,280.0,306.0,330.0,332.0,374.0,376.0,394.0,404.0,440.0,440.0,504.0,516.0,559.0,567.0,579.0,580.0,596.0,612.0,662.0,696.0,738.0,830.0,875.0,876.0,938.0,944.0,972.0,975.0,990.0,
11.0,36.0,52.0,58.0,64.0,79.0,85.0,89.0,97.0,118.0,158.0,171.0,171.0,242.0,268.0,284.0,299.0,323.0,332.0,357.0,372.0,409.0,442.0,449.0,450.0,477.0,517.0,523.0,557.0,670.0,679.0,682.0,747.0,750.0,814.0,827.0,829.0,902.0,952.0,982.0,994.0,995.0,
20.0,27.0,39.0,42.0,58.0,71.0,88.0,112.0,132.0,270.0,336.0,341.0,424.0,429.0,481.0,496.0,510.0,541.0,547.0,550.0,555.0,586.0,589.0,761.0,776.0,799.0,842.0,894.0,971.0,
17.0,29.0,44.0,79.0,83.0,123.0,141.0,156.0,181.0,218.0,238.0,272.0,332.0,343.0,356.0,376.0,379.0,399.0,430.0,442.0,501.0,524.0,570.0,657.0,677.0,696.0,700.0,801.0,871.0,891.0,943.0,965.0,982.0,983.0,
35.0,46.0,74.0,80.0,94.0,114.0,134.0,147.0,165.0,178.0,193.0,237.0,293.0,319.0,391.0,408.0,410.0,434.0,466.0,471.0,505.0,528.0,551.0,654.0,664.0,665.0,670.0,734.0,765.0,770.0,779.0,819.0,824.0,851.0,872.0,930.0,970.0,980.0,1000.0,
16.0,84.0,103.0,110.0,142.0,174.0,180.0,181.0,182.0,279.0,290.0,321.0,346.0,347.0,371.0,375.0,382.0,385.0,451.0,494.0,592.0,597.0,607.0,612.0,614.0,651.0,657.0,664.0,690.0,694.0,736.0,742.0,776.0,802.0,804.0,815.0,819.0,881.0,881.0,885.0,902.0,940.0,960.0,963.0,963.0,991.0,
69.0,134.0,197.0,212.0,221.0,253.0,267.0,268.0,291.0,310.0,313.0,331.0,337.0,363.0,408.0,455.0,457.0,476.0,534.0,539.0,596.0,608.0,636.0,661.0,676.0,774.0,814.0,827.0,842.0,909.0,949.0,984.0,
28.0,28.0,136.0,156.0,158.0,209.0,321.0,338.0,369.0,390.0,391.0,419.0,445.0,459.0,550.0,598.0,632.0,632.0,648.0,690.0,713.0,714.0,717.0,743.0,840.0,906.0,944.0,955.0,959.0,
26.0,26.0,43.0,53.0,76.0,114.0,133.0,137.0,205.0,216.0,236.0,239.0,239.0,249.0,249.0,250.0,328.0,349.0,359.0,360.0,378.0,421.0,432.0,445.0,512.0,524.0,530.0,537.0,592.0,615.0,627.0,644.0,670.0,724.0,772.0,774.0,778.0,824.0,828.0,852.0,854.0,859.0,860.0,865.0,880.0,910.0,945.0,
4.0,4.0,6.0,32.0,45.0,83.0,124.0,131.0,142.0,142.0,161.0,172.0,198.0,208.0,226.0,244.0,264.0,311.0,368.0,372.0,377.0,399.0,417.0,516.0,539.0,542.0,549.0,603.0,618.0,649.0,661.0,687.0,771.0,792.0,840.0,860.0,869.0,882.0,946.0,968.0,
5.0,50.0,58.0,98.0,126.0,132.0,146.0,149.0,158.0,183.0,237.0,294.0,322.0,338.0,344.0,370.0,378.0,388.0,451.0,467.0,509.0,538.0,541.0,548.0,557.0,560.0,576.0,600.0,611.0,634.0,640.0,642.0,649.0,653.0,657.0,662.0,683.0,723.0,725.0,729.0,746.0,761.0,777.0,777.0,813.0,819.0,847.0,891.0,892.0,907.0,908.0,911.0,914.0,928.0,941.0,947.0,949.0,951.0,986.0,
35.0,41.0,60.0,80.0,93.0,137.0,143.0,172.0,240.0,249.0,375.0,407.0,411.0,484.0,517.0,534.0,547.0,573.0,577.0,586.0,639.0,642.0,648.0,679.0,705.0,815.0,816.0,821.0,851.0,861.0,893.0,912.0,926.0,942.0,948.0,965.0,976.0,989.0,994.0,996.0,
43.0,150.0,160.0,161.0,273.0,291.0,310.0,339.0,356.0,375.0,408.0,426.0,454.0,479.0,517.0,524.0,561.0,580.0,594.0,635.0,658.0,681.0,745.0,761.0,840.0,849.0,867.0,892.0,933.0,961.0,974.0,976.0,
46.0,63.0,133.0,155.0,181.0,208.0,271.0,384.0,444.0,467.0,523.0,550.0,555.0,590.0,636.0,660.0,663.0,687.0,737.0,745.0,749.0,776.0,782.0,815.0,836.0,847.0,855.0,860.0,862.0,876.0,890.0,933.0,946.0,990.0,
29.0,42.0,46.0,53.0,96.0,141.0,166.0,171.0,212.0,276.0,291.0,337.0,337.0,412.0,436.0,439.0,457.0,463.0,474.0,479.0,513.0,525.0,558.0,572.0,699.0,712.0,717.0,717.0,723.0,730.0,748.0,748.0,753.0,799.0,828.0,832.0,869.0,905.0,914.0,977.0,
72.0,86.0,105.0,126.0,147.0,174.0,186.0,302.0,304.0,321.0,340.0,345.0,353.0,355.0,370.0,416.0,451.0,460.0,474.0,480.0,542.0,559.0,598.0,603.0,697.0,705.0,709.0,755.0,783.0,839.0,871.0,886.0,896.0,910.0,927.0,966.0,975.0,981.0,
41.0,55.0,68.0,155.0,161.0,165.0,178.0,180.0,216.0,247.0,252.0,267.0,274.0,274.0,298.0,420.0,444.0,448.0,468.0,505.0,509.0,517.0,593.0,594.0,630.0,666.0,666.0,688.0,742.0,746.0,746.0,780.0,812.0,900.0,908.0,943.0,
40.0,69.0,124.0,143.0,148.0,168.0,233.0,289.0,315.0,351.0,521.0,552.0,587.0,589.0,622.0,667.0,681.0,684.0,735.0,802.0,808.0,813.0,824.0,858.0,879.0,956.0,978.0,
7.0,50.0,104.0,109.0,140.0,178.0,225.0,282.0,323.0,345.0,382.0,465.0,467.0,528.0,542.0,628.0,672.0,703.0,706.0,709.0,710.0,755.0,796.0,853.0,866.0,876.0,894.0,906.0,
6.0,15.0,35.0,115.0,119.0,122.0,142.0,153.0,177.0,182.0,196.0,225.0,230.0,243.0,253.0,268.0,286.0,286.0,290.0,311.0,312.0,345.0,361.0,394.0,437.0,469.0,478.0,497.0,525.0,526.0,529.0,540.0,568.0,569.0,574.0,580.0,594.0,598.0,609.0,613.0,614.0,621.0,628.0,635.0,647.0,695.0,708.0,711.0,725.0,728.0,759.0,781.0,819.0,835.0,836.0,879.0,913.0,917.0,961.0,968.0,981.0,991.0,993.0,999.0,1000.0,
14.0,69.0,86.0,96.0,163.0,175.0,208.0,216.0,225.0,241.0,247.0,247.0,249.0,250.0,301.0,349.0,363.0,364.0,385.0,528.0,534.0,538.0,542.0,545.0,549.0,550.0,555.0,555.0,558.0,573.0,577.0,582.0,597.0,617.0,621.0,628.0,633.0,645.0,647.0,653.0,658.0,677.0,691.0,706.0,714.0,732.0,758.0,765.0,775.0,779.0,824.0,834.0,843.0,848.0,854.0,864.0,908.0,913.0,919.0,923.0,926.0,928.0,942.0,947.0,953.0,964.0,970.0,973.0,974.0,977.0,978.0,984.0,
34.0,154.0,161.0,177.0,178.0,240.0,309.0,331.0,344.0,381.0,381.0,389.0,394.0,403.0,407.0,422.0,441.0,475.0,526.0,537.0,538.0,543.0,545.0,568.0,578.0,602.0,608.0,611.0,615.0,645.0,701.0,791.0,807.0,842.0,846.0,852.0,853.0,854.0,860.0,873.0,880.0,883.0,943.0,949.0,963.0,977.0,
4.0,46.0,64.0,64.0,84.0,116.0,198.0,211.0,221.0,243.0,250.0,399.0,469.0,494.0,532.0,554.0,576.0,611.0,615.0,651.0,665.0,726.0,807.0,818.0,887.0,908.0,944.0,984.0,
33.0,52.0,57.0,69.0,93.0,123.0,147.0,169.0,218.0,233.0,243.0,294.0,303.0,320.0,333.0,389.0,441.0,449.0,450.0,482.0,520.0,545.0,552.0,586.0,635.0,647.0,681.0,685.0,754.0,756.0,791.0,837.0,849.0,890.0,987.0,992.0,
27.0,61.0,83.0,99.0,132.0,150.0,172.0,352.0,443.0,444.0,475.0,477.0,487.0,507.0,513.0,533.0,548.0,549.0,553.0,569.0,572.0,596.0,598.0,598.0,620.0,632.0,648.0,658.0,662.0,768.0,775.0,791.0,794.0,815.0,836.0,864.0,877.0,927.0,932.0,936.0,942.0,964.0,
8.0,66.0,87.0,92.0,99.0,105.0,133.0,152.0,167.0,177.0,191.0,218.0,258.0,288.0,311.0,385.0,392.0,475.0,483.0,490.0,535.0,580.0,614.0,676.0,789.0,799.0,812.0,813.0,853.0,881.0,919.0,945.0,966.0,970.0,
23.0,24.0,29.0,67.0,112.0,123.0,151.0,153.0,163.0,191.0,241.0,299.0,339.0,368.0,416.0,439.0,474.0,499.0,519.0,552.0,587.0,614.0,635.0,648.0,657.0,671.0,692.0,699.0,704.0,723.0,823.0,832.0,851.0,857.0,894.0,894.0,914.0,953.0,975.0,979.0,989.0,1000.0,
8.0,28.0,34.0,47.0,60.0,72.0,94.0,112.0,160.0,163.0,190.0,226.0,254.0,271.0,301.0,363.0,363.0,371.0,397.0,401.0,478.0,507.0,520.0,530.0,552.0,561.0,561.0,566.0,568.0,579.0,622.0,623.0,633.0,643.0,654.0,682.0,693.0,698.0,721.0,751.0,752.0,753.0,775.0,777.0,797.0,830.0,836.0,844.0,908.0,939.0,
18.0,41.0,42.0,71.0,77.0,96.0,130.0,155.0,194.0,264.0,277.0,291.0,327.0,368.0,372.0,396.0,409.0,527.0,547.0,570.0,595.0,636.0,642.0,648.0,652.0,655.0,678.0,726.0,845.0,927.0,934.0,954.0,965.0,979.0,
18.0,29.0,29.0,54.0,71.0,84.0,144.0,201.0,216.0,218.0,222.0,225.0,230.0,263.0,280.0,311.0,336.0,359.0,391.0,422.0,498.0,508.0,519.0,556.0,583.0,586.0,588.0,589.0,589.0,603.0,604.0,640.0,657.0,678.0,681.0,700.0,705.0,742.0,745.0,750.0,767.0,775.0,821.0,896.0,994.0,995.0,996.0,
14.0,38.0,40.0,41.0,44.0,67.0,111.0,133.0,147.0,152.0,164.0,204.0,205.0,215.0,218.0,244.0,256.0,258.0,279.0,291.0,296.0,297.0,336.0,353.0,420.0,430.0,431.0,436.0,443.0,472.0,524.0,524.0,528.0,530.0,542.0,557.0,565.0,565.0,568.0,569.0,573.0,582.0,583.0,597.0,623.0,628.0,642.0,646.0,648.0,670.0,681.0,707.0,714.0,732.0,736.0,754.0,758.0,764.0,781.0,796.0,801.0,823.0,827.0,831.0,850.0,882.0,904.0,921.0,933.0,945.0,950.0,974.0,992.0,
57.0,76.0,90.0,99.0,148.0,160.0,161.0,174.0,194.0,256.0,260.0,352.0,353.0,369.0,409.0,446.0,473.0,510.0,521.0,571.0,578.0,579.0,590.0,595.0,604.0,640.0,665.0,679.0,754.0,780.0,829.0,842.0,897.0,903.0,910.0,924.0,940.0,944.0,953.0,972.0,981.0,
6.0,18.0,33.0,61.0,82.0,85.0,98.0,102.0,114.0,123.0,130.0,135.0,157.0,199.0,285.0,290.0,304.0,319.0,365.0,384.0,402.0,404.0,491.0,500.0,543.0,545.0,558.0,602.0,610.0,652.0,680.0,692.0,781.0,810.0,836.0,874.0,889.0,918.0,964.0,
31.0,57.0,101.0,161.0,186.0,210.0,245.0,252.0,255.0,269.0,284.0,360.0,413.0,441.0,491.0,546.0,554.0,621.0,628.0,679.0,701.0,776.0,825.0,865.0,866.0,907.0,952.0,
18.0,28.0,38.0,84.0,132.0,185.0,248.0,289.0,310.0,323.0,327.0,335.0,389.0,391.0,397.0,410.0,411.0,429.0,502.0,503.0,572.0,580.0,608.0,657.0,697.0,702.0,720.0,745.0,751.0,791.0,791.0,809.0,821.0,852.0,884.0,890.0,966.0,979.0,
40.0,73.0,149.0,180.0,233.0,262.0,270.0,274.0,287.0,291.0,308.0,412.0,416.0,551.0,568.0,603.0,624.0,625.0,684.0,691.0,711.0,746.0,860.0,992.0,
7.0,52.0,83.0,88.0,106.0,109.0,155.0,238.0,247.0,250.0,252.0,286.0,297.0,334.0,367.0,378.0,386.0,386.0,456.0,497.0,526.0,552.0,657.0,706.0,737.0,751.0,753.0,784.0,795.0,800.0,807.0,816.0,823.0,839.0,969.0,
17.0,83.0,86.0,92.0,100.0,111.0,128.0,141.0,174.0,261.0,297.0,353.0,373.0,387.0,404.0,414.0,463.0,476.0,479.0,530.0,536.0,550.0,572.0,578.0,625.0,648.0,658.0,703.0,746.0,805.0,806.0,826.0,832.0,864.0,865.0,880.0,883.0,938.0,943.0,977.0,994.0,996.0,
20.0,35.0,111.0,157.0,157.0,185.0,245.0,268.0,272.0,284.0,294.0,316.0,336.0,344.0,353.0,422.0,432.0,506.0,517.0,518.0,539.0,546.0,658.0,660.0,721.0,723.0,725.0,742.0,772.0,798.0,829.0,891.0,960.0,966.0,
18.0,84.0,86.0,136.0,137.0,172.0,206.0,274.0,313.0,329.0,349.0,375.0,411.0,441.0,474.0,483.0,499.0,506.0,540.0,547.0,555.0,588.0,688.0,706.0,739.0,751.0,767.0,782.0,855.0,868.0,948.0,950.0,
11.0,54.0,74.0,78.0,92.0,94.0,117.0,134.0,210.0,256.0,279.0,281.0,312.0,338.0,366.0,381.0,414.0,478.0,575.0,611.0,650.0,673.0,679.0,702.0,736.0,749.0,759.0,759.0,783.0,804.0,902.0,905.0,917.0,951.0,967.0,983.0,994.0,
216.0,276.0,314.0,346.0,375.0,389.0,436.0,447.0,454.0,467.0,533.0,537.0,598.0,617.0,692.0,699.0,709.0,731.0,740.0,745.0,753.0,779.0,788.0,796.0,834.0,875.0,891.0,909.0,910.0,978.0,
30.0,71.0,73.0,100.0,140.0,197.0,249.0,250.0,262.0,262.0,300.0,314.0,344.0,434.0,475.0,499.0,555.0,565.0,570.0,589.0,613.0,644.0,648.0,661.0,674.0,681.0,697.0,707.0,729.0,741.0,776.0,822.0,832.0,855.0,898.0,930.0,936.0,953.0,983.0,
22.0,41.0,49.0,92.0,121.0,157.0,183.0,185.0,256.0,274.0,295.0,334.0,340.0,394.0,408.0,418.0,497.0,515.0,598.0,683.0,703.0,704.0,806.0,872.0,890.0,907.0,915.0,926.0,
8.0,10.0,33.0,33.0,56.0,65.0,110.0,142.0,202.0,206.0,230.0,254.0,276.0,342.0,346.0,376.0,387.0,423.0,458.0,473.0,483.0,489.0,514.0,515.0,606.0,617.0,623.0,624.0,625.0,735.0,739.0,743.0,761.0,811.0,823.0,839.0,849.0,863.0,878.0,887.0,921.0,976.0,977.0,985.0,
30.0,55.0,71.0,72.0,134.0,143.0,192.0,192.0,203.0,225.0,251.0,285.0,300.0,312.0,332.0,346.0,349.0,364.0,376.0,417.0,512.0,516.0,523.0,535.0,547.0,667.0,675.0,676.0,678.0,721.0,729.0,752.0,755.0,763.0,799.0,817.0,848.0,918.0,941.0,951.0,964.0,967.0,979.0,
27.0,70.0,74.0,157.0,165.0,192.0,202.0,271.0,335.0,419.0,433.0,452.0,526.0,534.0,728.0,742.0,769.0,775.0,791.0,811.0,815.0,852.0,873.0,874.0,887.0,
4.0,17.0,18.0,40.0,55.0,125.0,140.0,163.0,183.0,198.0,236.0,321.0,364.0,387.0,415.0,437.0,456.0,543.0,544.0,568.0,585.0,589.0,595.0,622.0,642.0,656.0,682.0,708.0,726.0,746.0,786.0,808.0,816.0,829.0,829.0,843.0,862.0,866.0,867.0,876.0,877.0,879.0,917.0,949.0,957.0,976.0,1000.0,
26.0,39.0,43.0,47.0,65.0,69.0,72.0,84.0,123.0,132.0,142.0,151.0,185.0,191.0,210.0,217.0,319.0,352.0,391.0,446.0,459.0,485.0,494.0,507.0,508.0,520.0,521.0,524.0,527.0,632.0,637.0,648.0,667.0,699.0,716.0,741.0,849.0,864.0,882.0,884.0,885.0,886.0,897.0,901.0,915.0,930.0,954.0,982.0,995.0,
20.0,27.0,44.0,51.0,66.0,135.0,180.0,191.0,209.0,212.0,217.0,222.0,243.0,270.0,423.0,444.0,493.0,519.0,546.0,553.0,558.0,592.0,616.0,696.0,775.0,784.0,823.0,828.0,843.0,940.0,955.0,965.0,978.0,984.0,
16.0,42.0,52.0,83.0,96.0,163.0,213.0,226.0,232.0,252.0,265.0,293.0,309.0,325.0,386.0,404.0,411.0,434.0,434.0,477.0,492.0,498.0,522.0,543.0,573.0,600.0,637.0,643.0,644.0,668.0,680.0,682.0,690.0,726.0,743.0,744.0,749.0,755.0,763.0,764.0,800.0,806.0,824.0,833.0,853.0,861.0,890.0,974.0,984.0,
11.0,37.0,74.0,80.0,90.0,130.0,133.0,142.0,163.0,172.0,173.0,185.0,203.0,211.0,220.0,271.0,275.0,283.0,284.0,309.0,312.0,314.0,316.0,330.0,431.0,455.0,470.0,483.0,493.0,505.0,506.0,536.0,552.0,562.0,599.0,621.0,626.0,644.0,647.0,699.0,729.0,729.0,730.0,741.0,769.0,778.0,813.0,826.0,828.0,853.0,911.0,925.0,940.0,976.0,983.0,
47.0,53.0,68.0,106.0,125.0,169.0,198.0,231.0,326.0,329.0,401.0,419.0,428.0,432.0,483.0,553.0,576.0,593.0,646.0,666.0,689.0,692.0,702.0,702.0,734.0,747.0,785.0,786.0,790.0,794.0,840.0,841.0,850.0,943.0,977.0,979.0,
8.0,20.0,33.0,76.0,165.0,229.0,245.0,279.0,282.0,290.0,315.0,371.0,453.0,465.0,497.0,592.0,642.0,665.0,755.0,802.0,809.0,839.0,840.0,841.0,886.0,891.0,927.0,974.0,
7.0,32.0,34.0,194.0,212.0,220.0,220.0,232.0,242.0,246.0,253.0,258.0,264.0,277.0,307.0,325.0,337.0,343.0,440.0,457.0,473.0,495.0,527.0,551.0,580.0,592.0,603.0,644.0,655.0,695.0,748.0,755.0,767.0,791.0,830.0,888.0,895.0,910.0,913.0,918.0,965.0,967.0,
31.0,61.0,160.0,182.0,214.0,283.0,315.0,326.0,361.0,377.0,390.0,390.0,421.0,439.0,443.0,445.0,445.0,496.0,536.0,543.0,563.0,566.0,592.0,594.0,628.0,658.0,669.0,673.0,684.0,770.0,774.0,812.0,823.0,845.0,853.0,853.0,885.0,892.0,912.0,918.0,
10.0,20.0,33.0,40.0,53.0,174.0,225.0,288.0,302.0,375.0,474.0,560.0,614.0,639.0,764.0,767.0,792.0,803.0,810.0,834.0,835.0,835.0,839.0,873.0,885.0,886.0,904.0,979.0,990.0,
28.0,69.0,71.0,105.0,107.0,146.0,155.0,155.0,218.0,235.0,240.0,290.0,314.0,378.0,393.0,420.0,431.0,433.0,466.0,477.0,514.0,543.0,562.0,584.0,609.0,632.0,659.0,693.0,693.0,704.0,721.0,748.0,764.0,768.0,805.0,825.0,829.0,833.0,854.0,858.0,870.0,886.0,906.0,985.0,
58.0,84.0,140.0,140.0,192.0,205.0,226.0,269.0,278.0,294.0,298.0,327.0,350.0,351.0,364.0,414.0,482.0,492.0,521.0,550.0,568.0,578.0,606.0,611.0,616.0,623.0,697.0,715.0,750.0,792.0,809.0,830.0,844.0,868.0,868.0,872.0,898.0,916.0,919.0,938.0,943.0,992.0,
51.0,59.0,64.0,80.0,81.0,108.0,125.0,135.0,147.0,164.0,186.0,212.0,225.0,265.0,313.0,385.0,404.0,415.0,440.0,448.0,452.0,458.0,504.0,517.0,554.0,681.0,701.0,710.0,722.0,722.0,757.0,786.0,792.0,816.0,840.0,874.0,885.0,900.0,916.0,929.0,977.0,984.0,986.0,994.0,
6.0,23.0,31.0,86.0,107.0,109.0,148.0,148.0,179.0,215.0,221.0,241.0,267.0,274.0,293.0,301.0,343.0,402.0,416.0,479.0,535.0,577.0,662.0,689.0,693.0,877.0,879.0,933.0,940.0,948.0,962.0,971.0,993.0,
21.0,41.0,90.0,97.0,111.0,137.0,253.0,286.0,319.0,349.0,362.0,363.0,445.0,476.0,491.0,514.0,523.0,525.0,584.0,607.0,612.0,616.0,645.0,651.0,708.0,713.0,720.0,754.0,769.0,814.0,857.0,941.0,944.0,958.0,962.0,979.0,
12.0,34.0,41.0,43.0,67.0,138.0,170.0,191.0,207.0,232.0,288.0,299.0,319.0,331.0,340.0,363.0,390.0,414.0,444.0,462.0,473.0,492.0,502.0,562.0,600.0,635.0,645.0,668.0,675.0,686.0,696.0,706.0,732.0,822.0,823.0,841.0,905.0,906.0,931.0,
10.0,13.0,88.0,89.0,129.0,130.0,192.0,205.0,260.0,272.0,354.0,358.0,360.0,409.0,470.0,486.0,498.0,498.0,498.0,517.0,540.0,543.0,551.0,587.0,601.0,645.0,652.0,674.0,685.0,714.0,728.0,734.0,766.0,768.0,817.0,827.0,875.0,897.0,901.0,926.0,976.0,
11.0,26.0,36.0,43.0,102.0,130.0,140.0,197.0,207.0,222.0,246.0,297.0,312.0,377.0,381.0,403.0,448.0,456.0,497.0,520.0,617.0,647.0,655.0,674.0,708.0,722.0,723.0,766.0,775.0,788.0,828.0,851.0,854.0,908.0,914.0,1000.0,
