8.0,86.0,97.0,114.0,141.0,231.0,242.0,286.0,296.0,307.0,346.0,348.0,388.0,416.0,429.0,463.0,476.0,478.0,518.0,572.0,581.0,584.0,595.0,651.0,689.0,724.0,798.0,820.0,832.0,862.0,887.0,899.0,947.0,988.0,
36.0,75.0,100.0,107.0,125.0,135.0,185.0,221.0,224.0,233.0,312.0,416.0,432.0,439.0,455.0,462.0,468.0,483.0,488.0,603.0,608.0,646.0,703.0,751.0,757.0,769.0,770.0,796.0,806.0,876.0,883.0,887.0,898.0,898.0,899.0,913.0,928.0,935.0,976.0,
22.0,43.0,102.0,119.0,122.0,154.0,215.0,302.0,312.0,329.0,344.0,355.0,382.0,404.0,410.0,440.0,445.0,501.0,576.0,578.0,578.0,594.0,612.0,694.0,701.0,703.0,709.0,728.0,750.0,767.0,770.0,784.0,800.0,812.0,816.0,849.0,859.0,865.0,917.0,950.0,965.0,978.0,983.0,
10.0,20.0,43.0,50.0,52.0,55.0,56.0,87.0,88.0,110.0,115.0,144.0,213.0,217.0,217.0,254.0,257.0,259.0,295.0,313.0,340.0,386.0,390.0,408.0,499.0,509.0,520.0,604.0,605.0,656.0,666.0,668.0,728.0,752.0,788.0,853.0,891.0,952.0,958.0,999.0,
14.0,17.0,54.0,72.0,88.0,126.0,185.0,193.0,202.0,214.0,216.0,219.0,281.0,283.0,308.0,506.0,524.0,529.0,545.0,609.0,643.0,700.0,719.0,752.0,763.0,770.0,781.0,785.0,854.0,856.0,869.0,869.0,913.0,920.0,932.0,962.0,
38.0,42.0,54.0,74.0,95.0,99.0,101.0,146.0,149.0,167.0,213.0,230.0,293.0,304.0,329.0,338.0,342.0,384.0,421.0,426.0,445.0,457.0,459.0,461.0,464.0,499.0,505.0,545.0,554.0,580.0,588.0,638.0,678.0,715.0,730.0,765.0,769.0,770.0,799.0,847.0,850.0,899.0,914.0,914.0,937.0,956.0,974.0,998.0,
61.0,62.0,86.0,140.0,185.0,198.0,293.0,317.0,323.0,343.0,354.0,383.0,400.0,458.0,469.0,491.0,498.0,567.0,574.0,575.0,631.0,651.0,671.0,675.0,700.0,758.0,763.0,796.0,865.0,888.0,935.0,969.0,990.0,
13.0,38.0,81.0,174.0,177.0,197.0,206.0,221.0,236.0,251.0,372.0,384.0,391.0,405.0,418.0,420.0,423.0,443.0,462.0,472.0,490.0,629.0,644.0,648.0,650.0,661.0,670.0,686.0,715.0,717.0,789.0,861.0,935.0,938.0,941.0,976.0,
31.0,89.0,105.0,141.0,172.0,183.0,184.0,199.0,297.0,331.0,333.0,343.0,354.0,371.0,397.0,435.0,508.0,528.0,538.0,552.0,585.0,644.0,649.0,694.0,722.0,723.0,798.0,887.0,944.0,985.0,999.0,
149.0,189.0,202.0,219.0,264.0,282.0,304.0,312.0,364.0,386.0,397.0,430.0,446.0,487.0,491.0,493.0,545.0,590.0,610.0,622.0,634.0,635.0,654.0,666.0,667.0,684.0,705.0,706.0,710.0,719.0,741.0,757.0,790.0,792.0,794.0,839.0,843.0,977.0,
8.0,54.0,54.0,90.0,228.0,245.0,266.0,301.0,335.0,357.0,422.0,436.0,473.0,484.0,497.0,526.0,548.0,581.0,593.0,594.0,646.0,702.0,740.0,740.0,757.0,776.0,780.0,787.0,833.0,833.0,838.0,848.0,902.0,951.0,1000.0,
85.0,89.0,109.0,125.0,152.0,154.0,198.0,201.0,231.0,258.0,281.0,284.0,286.0,299.0,321.0,322.0,337.0,411.0,414.0,422.0,447.0,450.0,461.0,479.0,515.0,519.0,631.0,657.0,677.0,736.0,750.0,763.0,768.0,871.0,876.0,885.0,937.0,938.0,971.0,973.0,978.0,
21.0,152.0,165.0,184.0,201.0,242.0,246.0,278.0,281.0,291.0,298.0,369.0,406.0,436.0,447.0,454.0,459.0,460.0,473.0,513.0,532.0,541.0,547.0,627.0,653.0,654.0,665.0,695.0,725.0,774.0,819.0,821.0,848.0,875.0,908.0,915.0,920.0,970.0,989.0,
11.0,29.0,54.0,77.0,188.0,199.0,316.0,375.0,398.0,402.0,414.0,418.0,477.0,521.0,530.0,541.0,544.0,569.0,570.0,620.0,651.0,717.0,718.0,737.0,768.0,788.0,836.0,848.0,867.0,885.0,928.0,944.0,957.0,
24.0,95.0,109.0,118.0,147.0,178.0,181.0,198.0,215.0,252.0,380.0,405.0,415.0,458.0,514.0,524.0,537.0,537.0,574.0,574.0,607.0,625.0,639.0,678.0,724.0,737.0,797.0,886.0,894.0,901.0,940.0,958.0,975.0,991.0,
36.0,68.0,74.0,92.0,132.0,137.0,231.0,316.0,349.0,385.0,419.0,421.0,423.0,485.0,526.0,532.0,549.0,550.0,577.0,590.0,612.0,636.0,643.0,644.0,684.0,716.0,745.0,785.0,791.0,802.0,825.0,830.0,879.0,881.0,933.0,958.0,961.0,976.0,
13.0,181.0,193.0,196.0,197.0,198.0,207.0,249.0,295.0,303.0,315.0,350.0,479.0,482.0,491.0,521.0,522.0,524.0,557.0,595.0,626.0,647.0,654.0,792.0,832.0,857.0,903.0,948.0,977.0,
10.0,20.0,21.0,26.0,60.0,83.0,209.0,233.0,251.0,264.0,271.0,282.0,289.0,289.0,304.0,361.0,364.0,379.0,464.0,467.0,487.0,517.0,541.0,590.0,601.0,652.0,676.0,723.0,837.0,847.0,889.0,895.0,900.0,911.0,
45.0,52.0,54.0,85.0,128.0,205.0,223.0,277.0,306.0,332.0,358.0,388.0,405.0,421.0,423.0,424.0,432.0,480.0,485.0,491.0,591.0,639.0,720.0,722.0,760.0,808.0,884.0,919.0,976.0,
7.0,77.0,132.0,166.0,187.0,213.0,222.0,239.0,266.0,292.0,312.0,337.0,361.0,381.0,387.0,418.0,420.0,421.0,440.0,476.0,535.0,625.0,627.0,652.0,748.0,771.0,784.0,872.0,905.0,916.0,979.0,
21.0,51.0,52.0,89.0,112.0,125.0,187.0,187.0,189.0,212.0,257.0,262.0,310.0,368.0,373.0,404.0,423.0,427.0,433.0,443.0,457.0,547.0,551.0,572.0,624.0,688.0,689.0,700.0,720.0,745.0,808.0,824.0,870.0,940.0,958.0,962.0,990.0,
5.0,38.0,46.0,75.0,92.0,96.0,105.0,129.0,198.0,207.0,225.0,297.0,376.0,405.0,431.0,450.0,459.0,464.0,473.0,523.0,598.0,626.0,641.0,659.0,665.0,735.0,777.0,839.0,841.0,861.0,943.0,955.0,
37.0,66.0,91.0,110.0,171.0,195.0,270.0,281.0,321.0,329.0,349.0,352.0,375.0,431.0,434.0,457.0,530.0,546.0,584.0,585.0,669.0,674.0,692.0,697.0,709.0,775.0,841.0,872.0,900.0,910.0,953.0,960.0,961.0,970.0,976.0,
35.0,56.0,76.0,136.0,152.0,177.0,231.0,259.0,272.0,301.0,307.0,311.0,315.0,319.0,348.0,353.0,406.0,467.0,483.0,487.0,498.0,518.0,523.0,528.0,596.0,646.0,687.0,703.0,705.0,726.0,753.0,770.0,797.0,806.0,854.0,914.0,917.0,923.0,946.0,984.0,
41.0,102.0,108.0,119.0,238.0,254.0,299.0,324.0,324.0,439.0,488.0,500.0,516.0,546.0,593.0,651.0,655.0,668.0,708.0,733.0,736.0,781.0,785.0,849.0,851.0,861.0,866.0,899.0,900.0,979.0,
30.0,105.0,107.0,112.0,163.0,201.0,204.0,237.0,265.0,298.0,310.0,320.0,342.0,368.0,386.0,405.0,416.0,451.0,476.0,513.0,524.0,553.0,578.0,619.0,629.0,636.0,679.0,688.0,716.0,723.0,803.0,822.0,893.0,899.0,905.0,914.0,984.0,
9.0,24.0,33.0,43.0,44.0,95.0,109.0,113.0,116.0,139.0,154.0,188.0,198.0,198.0,236.0,237.0,247.0,260.0,301.0,361.0,378.0,386.0,507.0,603.0,621.0,640.0,641.0,686.0,702.0,747.0,790.0,818.0,831.0,838.0,862.0,888.0,951.0,959.0,1000.0,
25.0,25.0,104.0,116.0,179.0,220.0,252.0,255.0,263.0,281.0,291.0,311.0,318.0,331.0,369.0,379.0,391.0,435.0,473.0,531.0,562.0,572.0,572.0,581.0,607.0,653.0,660.0,688.0,688.0,699.0,749.0,770.0,799.0,812.0,827.0,895.0,916.0,942.0,942.0,943.0,967.0,983.0,999.0,
2.0,10.0,53.0,122.0,178.0,216.0,306.0,311.0,365.0,378.0,434.0,554.0,593.0,650.0,720.0,730.0,781.0,818.0,833.0,886.0,900.0,930.0,932.0,940.0,955.0,962.0,996.0,
26.0,70.0,118.0,126.0,137.0,141.0,182.0,198.0,222.0,235.0,237.0,272.0,289.0,315.0,343.0,348.0,383.0,416.0,434.0,442.0,466.0,466.0,476.0,526.0,634.0,636.0,636.0,754.0,759.0,770.0,771.0,777.0,787.0,839.0,839.0,866.0,875.0,888.0,912.0,923.0,931.0,948.0,965.0,977.0,986.0,
56.0,122.0,130.0,137.0,176.0,229.0,253.0,283.0,285.0,323.0,333.0,344.0,356.0,392.0,471.0,474.0,519.0,534.0,535.0,536.0,560.0,561.0,583.0,595.0,599.0,638.0,675.0,684.0,684.0,708.0,714.0,728.0,747.0,751.0,764.0,774.0,814.0,921.0,940.0,945.0,947.0,952.0,992.0,
5.0,5.0,77.0,119.0,131.0,137.0,141.0,151.0,157.0,169.0,172.0,178.0,180.0,217.0,223.0,230.0,251.0,271.0,284.0,286.0,316.0,324.0,350.0,367.0,376.0,401.0,455.0,468.0,521.0,524.0,527.0,527.0,563.0,567.0,569.0,585.0,606.0,661.0,674.0,705.0,706.0,841.0,844.0,844.0,846.0,894.0,933.0,935.0,938.0,946.0,946.0,952.0,
13.0,29.0,42.0,47.0,72.0,79.0,95.0,133.0,150.0,174.0,186.0,249.0,260.0,300.0,301.0,313.0,324.0,389.0,393.0,428.0,431.0,549.0,603.0,662.0,677.0,679.0,702.0,734.0,735.0,757.0,777.0,789.0,805.0,834.0,924.0,974.0,
4.0,15.0,37.0,42.0,66.0,95.0,117.0,137.0,166.0,214.0,295.0,331.0,345.0,372.0,374.0,382.0,411.0,503.0,505.0,525.0,591.0,622.0,626.0,651.0,657.0,672.0,682.0,708.0,710.0,726.0,749.0,809.0,816.0,821.0,891.0,893.0,894.0,900.0,904.0,922.0,932.0,956.0,958.0,966.0,999.0,
14.0,181.0,183.0,245.0,246.0,255.0,296.0,316.0,327.0,350.0,414.0,438.0,442.0,451.0,518.0,523.0,528.0,565.0,587.0,587.0,641.0,691.0,756.0,758.0,813.0,861.0,869.0,957.0,
44.0,50.0,84.0,87.0,95.0,118.0,118.0,166.0,188.0,230.0,249.0,272.0,276.0,301.0,335.0,337.0,338.0,344.0,369.0,414.0,415.0,432.0,448.0,484.0,501.0,513.0,530.0,590.0,637.0,729.0,756.0,764.0,795.0,811.0,817.0,821.0,824.0,852.0,868.0,873.0,919.0,919.0,947.0,
2.0,6.0,23.0,49.0,140.0,143.0,178.0,207.0,212.0,222.0,254.0,269.0,331.0,377.0,404.0,413.0,455.0,499.0,508.0,524.0,530.0,605.0,612.0,637.0,657.0,669.0,848.0,929.0,958.0,967.0,981.0,991.0,
2.0,19.0,60.0,63.0,73.0,115.0,117.0,155.0,157.0,168.0,175.0,209.0,234.0,272.0,294.0,296.0,316.0,345.0,407.0,419.0,483.0,493.0,506.0,540.0,631.0,641.0,660.0,695.0,715.0,740.0,763.0,796.0,821.0,824.0,846.0,853.0,863.0,914.0,
23.0,43.0,48.0,58.0,67.0,71.0,138.0,184.0,215.0,274.0,276.0,288.0,334.0,373.0,377.0,387.0,390.0,495.0,511.0,527.0,559.0,562.0,605.0,651.0,654.0,657.0,733.0,738.0,739.0,767.0,799.0,799.0,821.0,839.0,875.0,878.0,883.0,894.0,909.0,939.0,941.0,
47.0,58.0,88.0,111.0,125.0,173.0,225.0,233.0,237.0,248.0,283.0,321.0,462.0,494.0,509.0,543.0,548.0,563.0,565.0,594.0,598.0,674.0,680.0,742.0,742.0,753.0,765.0,779.0,785.0,846.0,862.0,863.0,874.0,951.0,
39.0,89.0,92.0,113.0,121.0,122.0,124.0,134.0,136.0,138.0,154.0,191.0,221.0,232.0,240.0,241.0,242.0,250.0,272.0,333.0,340.0,410.0,582.0,584.0,610.0,628.0,660.0,676.0,684.0,707.0,743.0,751.0,751.0,761.0,820.0,911.0,922.0,923.0,
76.0,79.0,85.0,138.0,162.0,171.0,229.0,275.0,288.0,347.0,522.0,532.0,533.0,551.0,565.0,569.0,573.0,575.0,578.0,602.0,618.0,633.0,644.0,648.0,698.0,700.0,745.0,760.0,771.0,775.0,777.0,798.0,800.0,853.0,880.0,959.0,962.0,977.0,978.0,996.0,
26.0,64.0,125.0,137.0,169.0,189.0,196.0,298.0,339.0,407.0,493.0,565.0,572.0,598.0,605.0,622.0,653.0,655.0,726.0,737.0,738.0,738.0,807.0,817.0,820.0,897.0,899.0,905.0,992.0,
22.0,49.0,102.0,103.0,110.0,112.0,129.0,160.0,167.0,179.0,183.0,230.0,233.0,242.0,303.0,304.0,389.0,427.0,497.0,499.0,522.0,528.0,533.0,617.0,627.0,627.0,630.0,653.0,685.0,698.0,738.0,740.0,748.0,757.0,796.0,815.0,816.0,833.0,872.0,910.0,912.0,932.0,933.0,974.0,996.0,
10.0,28.0,52.0,58.0,82.0,85.0,106.0,107.0,116.0,147.0,173.0,178.0,281.0,290.0,331.0,331.0,343.0,367.0,399.0,438.0,447.0,451.0,524.0,535.0,546.0,548.0,556.0,571.0,590.0,649.0,702.0,781.0,833.0,897.0,916.0,917.0,918.0,973.0,
20.0,29.0,29.0,31.0,43.0,44.0,46.0,121.0,158.0,162.0,183.0,288.0,304.0,311.0,337.0,376.0,391.0,454.0,464.0,498.0,500.0,522.0,523.0,531.0,539.0,540.0,545.0,548.0,565.0,577.0,605.0,618.0,645.0,647.0,651.0,657.0,662.0,669.0,720.0,721.0,730.0,730.0,734.0,738.0,753.0,767.0,793.0,804.0,812.0,820.0,835.0,871.0,883.0,931.0,935.0,956.0,
5.0,37.0,73.0,77.0,81.0,85.0,242.0,260.0,275.0,280.0,299.0,327.0,328.0,332.0,399.0,410.0,420.0,421.0,424.0,436.0,438.0,469.0,492.0,502.0,525.0,535.0,558.0,604.0,655.0,696.0,744.0,767.0,772.0,777.0,811.0,869.0,893.0,901.0,909.0,940.0,984.0,
25.0,67.0,97.0,129.0,184.0,207.0,226.0,241.0,258.0,271.0,295.0,300.0,308.0,370.0,372.0,373.0,373.0,416.0,502.0,588.0,625.0,631.0,636.0,724.0,752.0,807.0,828.0,832.0,907.0,935.0,
31.0,33.0,141.0,217.0,237.0,249.0,260.0,311.0,320.0,334.0,340.0,341.0,393.0,394.0,438.0,450.0,484.0,499.0,501.0,547.0,559.0,616.0,651.0,712.0,713.0,802.0,839.0,857.0,859.0,866.0,900.0,981.0,
18.0,63.0,137.0,140.0,257.0,288.0,300.0,316.0,380.0,406.0,410.0,452.0,507.0,535.0,576.0,659.0,660.0,680.0,694.0,703.0,740.0,761.0,881.0,932.0,933.0,
24.0,61.0,136.0,184.0,237.0,259.0,260.0,263.0,297.0,302.0,306.0,320.0,396.0,459.0,587.0,593.0,665.0,667.0,669.0,683.0,713.0,749.0,759.0,797.0,806.0,824.0,864.0,866.0,907.0,914.0,928.0,936.0,961.0,963.0,967.0,996.0,
35.0,69.0,71.0,96.0,151.0,210.0,278.0,372.0,429.0,431.0,438.0,452.0,458.0,508.0,600.0,607.0,615.0,664.0,685.0,688.0,750.0,887.0,899.0,920.0,
5.0,27.0,31.0,72.0,74.0,134.0,136.0,165.0,209.0,233.0,235.0,237.0,247.0,251.0,300.0,302.0,335.0,359.0,377.0,395.0,414.0,415.0,428.0,429.0,432.0,471.0,485.0,645.0,669.0,694.0,719.0,725.0,749.0,753.0,767.0,772.0,784.0,790.0,799.0,839.0,848.0,851.0,896.0,926.0,963.0,
19.0,20.0,57.0,92.0,192.0,224.0,231.0,234.0,261.0,267.0,311.0,331.0,336.0,373.0,378.0,390.0,406.0,476.0,478.0,526.0,562.0,566.0,573.0,590.0,666.0,669.0,674.0,709.0,743.0,810.0,820.0,885.0,888.0,924.0,
63.0,112.0,137.0,167.0,185.0,196.0,204.0,251.0,352.0,522.0,522.0,530.0,531.0,532.0,545.0,577.0,589.0,607.0,610.0,613.0,613.0,644.0,676.0,681.0,683.0,685.0,687.0,705.0,714.0,725.0,738.0,760.0,761.0,769.0,823.0,843.0,855.0,881.0,888.0,900.0,913.0,933.0,935.0,953.0,958.0,965.0,969.0,973.0,
20.0,22.0,61.0,95.0,143.0,150.0,182.0,182.0,212.0,220.0,233.0,252.0,295.0,301.0,330.0,333.0,356.0,361.0,371.0,455.0,471.0,509.0,521.0,525.0,527.0,531.0,532.0,532.0,534.0,539.0,545.0,547.0,553.0,567.0,567.0,571.0,573.0,574.0,575.0,587.0,593.0,597.0,598.0,603.0,606.0,606.0,611.0,613.0,616.0,629.0,647.0,651.0,655.0,667.0,675.0,714.0,720.0,721.0,742.0,751.0,787.0,788.0,799.0,821.0,840.0,841.0,852.0,898.0,899.0,909.0,915.0,940.0,949.0,972.0,972.0,973.0,978.0,979.0,986.0,1000.0,
13.0,60.0,153.0,171.0,200.0,205.0,209.0,227.0,272.0,274.0,312.0,375.0,441.0,482.0,516.0,530.0,540.0,541.0,552.0,569.0,577.0,585.0,587.0,604.0,635.0,643.0,672.0,686.0,712.0,717.0,741.0,742.0,773.0,781.0,799.0,802.0,805.0,814.0,823.0,829.0,837.0,856.0,859.0,865.0,896.0,898.0,905.0,913.0,979.0,985.0,
34.0,84.0,98.0,99.0,114.0,125.0,132.0,191.0,226.0,274.0,337.0,340.0,361.0,488.0,522.0,591.0,613.0,642.0,692.0,693.0,724.0,731.0,749.0,766.0,785.0,801.0,804.0,824.0,898.0,900.0,943.0,993.0,
23.0,27.0,80.0,88.0,95.0,116.0,117.0,177.0,190.0,194.0,298.0,299.0,331.0,337.0,359.0,382.0,415.0,424.0,555.0,573.0,595.0,636.0,655.0,833.0,849.0,932.0,945.0,960.0,980.0,983.0,1000.0,
21.0,61.0,68.0,78.0,109.0,211.0,294.0,298.0,310.0,325.0,335.0,354.0,365.0,366.0,387.0,460.0,474.0,485.0,488.0,527.0,531.0,595.0,696.0,739.0,754.0,762.0,802.0,857.0,860.0,879.0,902.0,903.0,905.0,985.0,985.0,
46.0,89.0,107.0,123.0,125.0,128.0,188.0,205.0,268.0,292.0,322.0,348.0,354.0,357.0,370.0,380.0,385.0,429.0,460.0,466.0,474.0,479.0,541.0,556.0,560.0,565.0,588.0,638.0,639.0,687.0,700.0,700.0,711.0,853.0,863.0,865.0,873.0,924.0,927.0,955.0,960.0,986.0,
39.0,49.0,83.0,99.0,135.0,234.0,253.0,279.0,401.0,426.0,473.0,517.0,526.0,536.0,548.0,624.0,643.0,678.0,683.0,739.0,746.0,788.0,820.0,877.0,911.0,926.0,940.0,943.0,945.0,953.0,964.0,970.0,1000.0,
35.0,44.0,46.0,63.0,120.0,151.0,181.0,214.0,299.0,374.0,430.0,431.0,443.0,490.0,498.0,503.0,506.0,569.0,614.0,616.0,622.0,629.0,637.0,666.0,669.0,684.0,685.0,709.0,712.0,729.0,769.0,775.0,784.0,786.0,787.0,800.0,822.0,866.0,869.0,883.0,949.0,982.0,994.0,998.0,
36.0,61.0,74.0,102.0,171.0,212.0,250.0,255.0,267.0,282.0,304.0,316.0,323.0,333.0,384.0,386.0,457.0,461.0,512.0,515.0,517.0,539.0,639.0,723.0,855.0,870.0,931.0,949.0,959.0,977.0,
4.0,115.0,184.0,189.0,193.0,206.0,215.0,234.0,269.0,303.0,343.0,373.0,383.0,400.0,442.0,468.0,481.0,495.0,503.0,516.0,538.0,579.0,580.0,600.0,622.0,634.0,638.0,669.0,705.0,740.0,752.0,766.0,827.0,828.0,892.0,943.0,952.0,954.0,987.0,
34.0,86.0,111.0,149.0,221.0,228.0,249.0,251.0,267.0,268.0,288.0,290.0,301.0,334.0,385.0,389.0,427.0,446.0,456.0,459.0,482.0,522.0,545.0,557.0,570.0,571.0,590.0,604.0,628.0,654.0,663.0,664.0,672.0,678.0,685.0,690.0,691.0,695.0,759.0,773.0,775.0,789.0,796.0,853.0,860.0,875.0,887.0,921.0,925.0,957.0,978.0,981.0,
79.0,88.0,137.0,145.0,148.0,242.0,261.0,262.0,273.0,283.0,364.0,407.0,409.0,418.0,423.0,449.0,523.0,538.0,549.0,552.0,574.0,594.0,666.0,687.0,715.0,749.0,828.0,845.0,905.0,947.0,947.0,991.0,992.0,
11.0,21.0,66.0,88.0,93.0,110.0,112.0,149.0,222.0,277.0,287.0,337.0,340.0,382.0,411.0,427.0,445.0,485.0,499.0,517.0,518.0,627.0,714.0,867.0,886.0,893.0,923.0,938.0,948.0,996.0,999.0,
11.0,29.0,54.0,70.0,75.0,81.0,115.0,120.0,173.0,227.0,228.0,247.0,254.0,279.0,288.0,304.0,335.0,342.0,357.0,367.0,368.0,397.0,471.0,503.0,534.0,563.0,573.0,598.0,613.0,646.0,717.0,729.0,738.0,742.0,758.0,768.0,769.0,890.0,905.0,973.0,997.0,
15.0,111.0,127.0,175.0,217.0,228.0,290.0,306.0,329.0,333.0,417.0,516.0,551.0,554.0,557.0,567.0,570.0,595.0,600.0,613.0,633.0,822.0,826.0,871.0,892.0,893.0,921.0,989.0,997.0,
2.0,19.0,21.0,60.0,65.0,80.0,175.0,228.0,235.0,263.0,294.0,346.0,347.0,371.0,397.0,399.0,492.0,499.0,517.0,605.0,613.0,617.0,630.0,685.0,697.0,750.0,751.0,769.0,770.0,819.0,838.0,848.0,858.0,923.0,938.0,944.0,979.0,992.0,
9.0,15.0,24.0,32.0,61.0,112.0,128.0,131.0,138.0,198.0,229.0,253.0,344.0,348.0,358.0,359.0,409.0,468.0,487.0,519.0,553.0,576.0,649.0,696.0,778.0,821.0,823.0,872.0,906.0,923.0,966.0,977.0,
5.0,19.0,88.0,135.0,171.0,207.0,211.0,241.0,275.0,282.0,286.0,306.0,306.0,312.0,314.0,332.0,336.0,354.0,411.0,539.0,573.0,582.0,652.0,666.0,692.0,696.0,717.0,729.0,785.0,801.0,838.0,843.0,898.0,915.0,920.0,928.0,961.0,982.0,1000.0,
9.0,43.0,86.0,125.0,154.0,226.0,256.0,286.0,319.0,371.0,403.0,437.0,458.0,506.0,525.0,531.0,551.0,660.0,680.0,710.0,724.0,755.0,784.0,789.0,798.0,834.0,861.0,940.0,952.0,966.0,969.0,981.0,993.0,
42.0,66.0,78.0,84.0,85.0,90.0,105.0,108.0,110.0,124.0,150.0,150.0,157.0,191.0,207.0,218.0,292.0,323.0,324.0,328.0,387.0,416.0,427.0,435.0,492.0,507.0,515.0,532.0,556.0,570.0,601.0,604.0,663.0,693.0,695.0,706.0,722.0,732.0,748.0,840.0,863.0,966.0,974.0,984.0,990.0,
44.0,102.0,107.0,148.0,148.0,152.0,175.0,190.0,196.0,227.0,240.0,250.0,268.0,309.0,313.0,319.0,372.0,396.0,433.0,438.0,447.0,467.0,468.0,495.0,537.0,554.0,558.0,599.0,604.0,655.0,684.0,766.0,770.0,834.0,846.0,941.0,993.0,
5.0,27.0,29.0,33.0,40.0,48.0,103.0,165.0,191.0,226.0,274.0,363.0,376.0,382.0,392.0,449.0,452.0,455.0,512.0,522.0,542.0,616.0,650.0,698.0,758.0,853.0,866.0,872.0,905.0,973.0,985.0,
22.0,26.0,70.0,83.0,99.0,137.0,143.0,204.0,220.0,221.0,233.0,269.0,297.0,331.0,364.0,428.0,450.0,481.0,503.0,514.0,515.0,537.0,559.0,583.0,595.0,619.0,654.0,665.0,674.0,679.0,692.0,697.0,699.0,705.0,714.0,718.0,733.0,749.0,753.0,824.0,840.0,886.0,899.0,975.0,
19.0,53.0,53.0,176.0,207.0,209.0,259.0,319.0,381.0,392.0,406.0,438.0,481.0,498.0,536.0,612.0,663.0,781.0,811.0,825.0,864.0,874.0,883.0,899.0,910.0,914.0,917.0,919.0,984.0,987.0,998.0,
4.0,10.0,11.0,17.0,62.0,92.0,114.0,120.0,124.0,156.0,163.0,228.0,249.0,260.0,268.0,275.0,292.0,347.0,371.0,409.0,537.0,542.0,546.0,546.0,573.0,589.0,619.0,627.0,634.0,648.0,666.0,677.0,694.0,717.0,735.0,861.0,906.0,910.0,927.0,965.0,988.0,
18.0,73.0,84.0,85.0,92.0,121.0,159.0,159.0,161.0,244.0,253.0,267.0,342.0,380.0,416.0,420.0,476.0,532.0,555.0,583.0,646.0,656.0,721.0,787.0,811.0,815.0,826.0,844.0,846.0,851.0,942.0,
45.0,63.0,73.0,86.0,107.0,131.0,133.0,141.0,157.0,181.0,260.0,300.0,307.0,314.0,348.0,356.0,359.0,364.0,367.0,406.0,468.0,545.0,588.0,678.0,683.0,700.0,757.0,767.0,769.0,781.0,843.0,862.0,880.0,920.0,953.0,
5.0,75.0,152.0,165.0,234.0,238.0,244.0,256.0,285.0,301.0,317.0,377.0,422.0,424.0,434.0,499.0,512.0,521.0,521.0,540.0,597.0,613.0,668.0,701.0,792.0,806.0,904.0,943.0,958.0,1000.0,
51.0,69.0,77.0,81.0,97.0,116.0,130.0,132.0,183.0,204.0,232.0,264.0,267.0,307.0,307.0,310.0,328.0,337.0,363.0,401.0,434.0,479.0,480.0,483.0,488.0,551.0,609.0,631.0,650.0,650.0,720.0,751.0,775.0,778.0,778.0,793.0,810.0,821.0,822.0,874.0,911.0,932.0,
2.0,9.0,71.0,108.0,133.0,150.0,190.0,206.0,215.0,243.0,279.0,314.0,368.0,371.0,409.0,410.0,436.0,462.0,521.0,527.0,548.0,563.0,634.0,661.0,753.0,761.0,767.0,833.0,848.0,858.0,864.0,875.0,927.0,946.0,974.0,996.0,
15.0,34.0,56.0,58.0,73.0,89.0,111.0,118.0,137.0,151.0,163.0,167.0,213.0,231.0,233.0,242.0,243.0,262.0,290.0,302.0,321.0,337.0,364.0,368.0,394.0,398.0,409.0,410.0,429.0,434.0,470.0,474.0,480.0,540.0,548.0,582.0,592.0,594.0,614.0,627.0,641.0,687.0,745.0,774.0,810.0,822.0,826.0,852.0,866.0,882.0,905.0,915.0,918.0,931.0,954.0,955.0,995.0,
86.0,90.0,119.0,165.0,193.0,258.0,264.0,316.0,375.0,378.0,388.0,438.0,439.0,477.0,583.0,601.0,603.0,626.0,632.0,651.0,672.0,732.0,745.0,762.0,784.0,812.0,825.0,864.0,883.0,938.0,941.0,955.0,
9.0,13.0,16.0,17.0,44.0,45.0,57.0,179.0,181.0,217.0,253.0,265.0,291.0,296.0,296.0,309.0,379.0,383.0,402.0,410.0,428.0,461.0,476.0,485.0,488.0,593.0,610.0,642.0,658.0,665.0,745.0,807.0,848.0,861.0,866.0,874.0,929.0,972.0,
22.0,61.0,63.0,132.0,153.0,183.0,192.0,294.0,330.0,346.0,355.0,401.0,402.0,406.0,428.0,461.0,508.0,573.0,582.0,639.0,668.0,708.0,722.0,740.0,760.0,772.0,791.0,908.0,935.0,940.0,999.0,
5.0,40.0,126.0,140.0,141.0,148.0,221.0,236.0,285.0,315.0,338.0,341.0,345.0,386.0,425.0,447.0,448.0,539.0,545.0,546.0,607.0,614.0,700.0,719.0,735.0,779.0,792.0,809.0,829.0,864.0,865.0,867.0,870.0,906.0,952.0,972.0,
13.0,26.0,96.0,111.0,159.0,196.0,203.0,223.0,251.0,259.0,307.0,344.0,453.0,492.0,505.0,516.0,577.0,601.0,619.0,645.0,668.0,669.0,686.0,693.0,706.0,723.0,773.0,808.0,856.0,887.0,940.0,970.0,994.0,
17.0,89.0,108.0,146.0,199.0,264.0,341.0,404.0,479.0,487.0,487.0,512.0,515.0,516.0,529.0,578.0,625.0,649.0,667.0,681.0,714.0,725.0,761.0,764.0,799.0,808.0,810.0,827.0,872.0,912.0,919.0,936.0,953.0,966.0,997.0,
6.0,11.0,232.0,238.0,282.0,288.0,312.0,318.0,328.0,335.0,347.0,367.0,380.0,422.0,428.0,431.0,436.0,448.0,479.0,487.0,492.0,593.0,650.0,659.0,661.0,675.0,687.0,688.0,714.0,740.0,781.0,795.0,819.0,831.0,863.0,942.0,949.0,961.0,962.0,964.0,970.0,974.0,975.0,
10.0,62.0,96.0,99.0,115.0,145.0,194.0,229.0,237.0,247.0,269.0,299.0,302.0,366.0,369.0,445.0,454.0,484.0,587.0,602.0,642.0,664.0,727.0,743.0,747.0,785.0,800.0,819.0,838.0,866.0,891.0,904.0,910.0,914.0,937.0,950.0,956.0,
9.0,30.0,34.0,74.0,108.0,181.0,192.0,197.0,223.0,226.0,229.0,354.0,422.0,455.0,502.0,575.0,596.0,622.0,666.0,673.0,697.0,733.0,762.0,787.0,788.0,836.0,909.0,931.0,947.0,965.0,989.0,994.0,
5.0,86.0,88.0,108.0,148.0,150.0,215.0,273.0,317.0,338.0,345.0,351.0,359.0,394.0,400.0,445.0,460.0,525.0,543.0,552.0,569.0,629.0,641.0,653.0,683.0,689.0,763.0,819.0,845.0,875.0,883.0,901.0,903.0,950.0,952.0,980.0,982.0,
11.0,57.0,109.0,115.0,115.0,129.0,129.0,178.0,196.0,244.0,249.0,293.0,327.0,351.0,412.0,414.0,440.0,440.0,443.0,463.0,464.0,465.0,467.0,467.0,500.0,508.0,525.0,591.0,592.0,601.0,608.0,641.0,654.0,680.0,692.0,711.0,816.0,836.0,881.0,885.0,910.0,917.0,958.0,971.0,
23.0,54.0,57.0,162.0,321.0,360.0,388.0,431.0,431.0,515.0,529.0,542.0,615.0,629.0,632.0,632.0,660.0,682.0,699.0,701.0,712.0,712.0,741.0,753.0,762.0,771.0,783.0,805.0,817.0,834.0,841.0,903.0,906.0,918.0,919.0,953.0,973.0,989.0,
17.0,26.0,46.0,76.0,104.0,133.0,182.0,183.0,225.0,261.0,335.0,397.0,414.0,458.0,465.0,470.0,479.0,522.0,534.0,540.0,560.0,562.0,569.0,605.0,610.0,653.0,838.0,863.0,903.0,969.0,
22.0,28.0,66.0,80.0,82.0,92.0,106.0,136.0,158.0,169.0,194.0,197.0,237.0,245.0,268.0,281.0,290.0,299.0,313.0,329.0,508.0,527.0,539.0,586.0,708.0,735.0,735.0,764.0,776.0,785.0,821.0,842.0,853.0,871.0,899.0,906.0,959.0,981.0,
