11.0,26.0,47.0,87.0,89.0,105.0,245.0,296.0,309.0,314.0,324.0,364.0,445.0,529.0,540.0,598.0,642.0,660.0,693.0,790.0,825.0,917.0,923.0,964.0,
26.0,39.0,47.0,86.0,99.0,127.0,127.0,148.0,190.0,201.0,206.0,248.0,298.0,304.0,333.0,365.0,366.0,392.0,400.0,466.0,522.0,534.0,541.0,560.0,575.0,581.0,592.0,594.0,595.0,599.0,620.0,642.0,667.0,672.0,741.0,805.0,838.0,859.0,889.0,892.0,935.0,990.0,
27.0,33.0,41.0,59.0,72.0,95.0,100.0,100.0,118.0,152.0,174.0,198.0,208.0,243.0,255.0,325.0,373.0,382.0,409.0,429.0,439.0,479.0,501.0,587.0,645.0,646.0,648.0,650.0,696.0,740.0,744.0,776.0,831.0,893.0,959.0,977.0,990.0,
19.0,31.0,49.0,53.0,68.0,94.0,140.0,159.0,174.0,214.0,227.0,230.0,251.0,256.0,256.0,265.0,328.0,346.0,349.0,382.0,418.0,443.0,498.0,598.0,600.0,624.0,629.0,661.0,775.0,794.0,803.0,856.0,883.0,954.0,
38.0,39.0,57.0,92.0,108.0,240.0,243.0,259.0,370.0,376.0,379.0,477.0,599.0,637.0,664.0,696.0,725.0,753.0,792.0,813.0,824.0,872.0,874.0,922.0,951.0,982.0,
6.0,44.0,67.0,90.0,118.0,124.0,162.0,192.0,212.0,254.0,328.0,330.0,459.0,520.0,607.0,615.0,647.0,683.0,749.0,765.0,768.0,773.0,803.0,855.0,885.0,898.0,905.0,924.0,974.0,975.0,978.0,984.0,993.0,
5.0,15.0,29.0,33.0,46.0,82.0,83.0,90.0,91.0,98.0,111.0,125.0,174.0,191.0,209.0,281.0,304.0,352.0,364.0,400.0,404.0,509.0,530.0,533.0,563.0,602.0,609.0,611.0,635.0,636.0,740.0,770.0,771.0,778.0,805.0,812.0,820.0,860.0,899.0,903.0,904.0,
13.0,16.0,70.0,71.0,77.0,100.0,116.0,205.0,222.0,236.0,242.0,250.0,273.0,284.0,300.0,372.0,491.0,505.0,532.0,571.0,577.0,598.0,620.0,641.0,708.0,710.0,752.0,791.0,810.0,843.0,849.0,921.0,951.0,954.0,954.0,982.0,985.0,989.0,
17.0,83.0,90.0,101.0,135.0,138.0,194.0,263.0,273.0,323.0,380.0,473.0,523.0,530.0,564.0,605.0,614.0,645.0,648.0,664.0,698.0,741.0,811.0,811.0,864.0,911.0,933.0,940.0,956.0,969.0,990.0,
17.0,24.0,46.0,148.0,171.0,227.0,235.0,235.0,258.0,321.0,382.0,427.0,436.0,511.0,516.0,597.0,627.0,694.0,699.0,734.0,771.0,800.0,818.0,896.0,896.0,898.0,941.0,948.0,973.0,988.0,
19.0,53.0,56.0,249.0,288.0,291.0,299.0,385.0,387.0,397.0,502.0,535.0,580.0,612.0,646.0,752.0,759.0,768.0,776.0,845.0,882.0,902.0,955.0,979.0,990.0,
48.0,67.0,102.0,128.0,170.0,189.0,311.0,340.0,349.0,419.0,423.0,431.0,445.0,447.0,473.0,506.0,514.0,524.0,532.0,555.0,681.0,729.0,760.0,780.0,787.0,808.0,832.0,842.0,868.0,877.0,900.0,903.0,936.0,937.0,955.0,958.0,976.0,
31.0,86.0,101.0,106.0,109.0,109.0,126.0,144.0,158.0,160.0,184.0,225.0,233.0,262.0,276.0,282.0,302.0,310.0,310.0,352.0,355.0,424.0,455.0,468.0,470.0,471.0,476.0,553.0,580.0,581.0,600.0,641.0,684.0,777.0,800.0,811.0,817.0,899.0,
41.0,65.0,99.0,109.0,121.0,134.0,149.0,178.0,183.0,313.0,355.0,358.0,374.0,440.0,458.0,502.0,545.0,550.0,564.0,609.0,610.0,658.0,685.0,704.0,759.0,762.0,856.0,857.0,864.0,882.0,894.0,928.0,932.0,953.0,973.0,991.0,996.0,
87.0,118.0,130.0,134.0,182.0,196.0,218.0,225.0,266.0,267.0,292.0,352.0,364.0,409.0,458.0,466.0,468.0,485.0,522.0,534.0,548.0,558.0,599.0,600.0,611.0,629.0,641.0,717.0,746.0,767.0,804.0,814.0,843.0,853.0,864.0,865.0,888.0,916.0,925.0,968.0,986.0,
17.0,42.0,64.0,123.0,142.0,166.0,170.0,203.0,212.0,229.0,232.0,309.0,312.0,391.0,411.0,492.0,551.0,592.0,592.0,617.0,659.0,692.0,704.0,728.0,732.0,759.0,787.0,792.0,833.0,844.0,966.0,997.0,
16.0,74.0,109.0,125.0,140.0,247.0,282.0,307.0,333.0,352.0,358.0,372.0,384.0,388.0,390.0,426.0,426.0,489.0,521.0,557.0,577.0,600.0,761.0,764.0,848.0,851.0,866.0,870.0,875.0,877.0,919.0,960.0,961.0,985.0,
72.0,91.0,252.0,254.0,262.0,351.0,365.0,371.0,398.0,427.0,438.0,452.0,467.0,467.0,476.0,488.0,535.0,537.0,566.0,575.0,579.0,584.0,609.0,642.0,645.0,674.0,693.0,712.0,775.0,778.0,801.0,803.0,815.0,917.0,943.0,948.0,951.0,
19.0,40.0,88.0,103.0,110.0,118.0,159.0,161.0,170.0,270.0,279.0,292.0,299.0,321.0,330.0,330.0,374.0,395.0,402.0,406.0,431.0,443.0,524.0,533.0,535.0,600.0,684.0,691.0,738.0,769.0,833.0,841.0,883.0,937.0,942.0,971.0,975.0,981.0,983.0,987.0,995.0,
3.0,15.0,37.0,37.0,55.0,128.0,174.0,185.0,257.0,263.0,276.0,282.0,282.0,294.0,299.0,318.0,326.0,337.0,341.0,359.0,368.0,454.0,463.0,473.0,498.0,499.0,528.0,545.0,550.0,561.0,580.0,602.0,604.0,611.0,662.0,673.0,694.0,717.0,767.0,774.0,797.0,837.0,837.0,844.0,965.0,978.0,983.0,
8.0,27.0,35.0,40.0,48.0,100.0,104.0,159.0,235.0,277.0,334.0,361.0,370.0,415.0,427.0,437.0,439.0,492.0,508.0,521.0,526.0,537.0,538.0,549.0,560.0,575.0,620.0,644.0,688.0,690.0,695.0,793.0,817.0,894.0,915.0,922.0,925.0,928.0,957.0,986.0,986.0,
50.0,51.0,69.0,104.0,113.0,117.0,124.0,127.0,160.0,165.0,180.0,180.0,186.0,198.0,228.0,229.0,234.0,238.0,286.0,440.0,452.0,478.0,481.0,487.0,497.0,557.0,558.0,558.0,571.0,665.0,680.0,702.0,722.0,743.0,744.0,773.0,778.0,791.0,876.0,896.0,913.0,959.0,968.0,972.0,974.0,990.0,
9.0,67.0,109.0,115.0,137.0,217.0,218.0,263.0,263.0,278.0,304.0,432.0,475.0,537.0,541.0,552.0,566.0,570.0,580.0,615.0,620.0,644.0,675.0,679.0,702.0,772.0,777.0,793.0,799.0,822.0,944.0,967.0,968.0,969.0,997.0,
20.0,41.0,75.0,91.0,134.0,160.0,180.0,185.0,247.0,253.0,331.0,344.0,507.0,558.0,691.0,713.0,744.0,801.0,803.0,833.0,853.0,869.0,897.0,904.0,907.0,911.0,936.0,956.0,957.0,
3.0,27.0,37.0,51.0,60.0,75.0,78.0,104.0,207.0,221.0,230.0,260.0,261.0,272.0,272.0,277.0,314.0,413.0,442.0,444.0,453.0,485.0,499.0,512.0,564.0,574.0,646.0,656.0,671.0,693.0,704.0,742.0,801.0,803.0,813.0,827.0,852.0,890.0,904.0,
8.0,27.0,44.0,65.0,79.0,101.0,118.0,131.0,163.0,233.0,268.0,277.0,304.0,364.0,420.0,429.0,479.0,525.0,546.0,564.0,604.0,608.0,629.0,629.0,632.0,656.0,741.0,795.0,818.0,821.0,833.0,867.0,910.0,910.0,960.0,973.0,978.0,
14.0,39.0,49.0,98.0,179.0,184.0,210.0,226.0,263.0,335.0,389.0,390.0,397.0,398.0,402.0,508.0,533.0,634.0,676.0,718.0,738.0,790.0,792.0,859.0,
5.0,25.0,101.0,109.0,137.0,167.0,175.0,224.0,226.0,233.0,237.0,253.0,301.0,315.0,332.0,345.0,365.0,371.0,413.0,443.0,448.0,451.0,496.0,504.0,513.0,526.0,540.0,579.0,624.0,663.0,682.0,683.0,699.0,705.0,734.0,738.0,740.0,765.0,789.0,795.0,823.0,897.0,973.0,976.0,979.0,
10.0,43.0,47.0,144.0,155.0,174.0,213.0,241.0,276.0,281.0,300.0,336.0,389.0,426.0,451.0,500.0,501.0,538.0,585.0,600.0,609.0,612.0,639.0,643.0,649.0,679.0,680.0,698.0,705.0,713.0,724.0,755.0,756.0,770.0,807.0,809.0,823.0,827.0,840.0,866.0,867.0,914.0,987.0,988.0,
2.0,59.0,75.0,81.0,137.0,175.0,187.0,205.0,240.0,247.0,261.0,282.0,364.0,367.0,372.0,377.0,396.0,401.0,408.0,413.0,501.0,545.0,572.0,604.0,628.0,645.0,660.0,679.0,689.0,690.0,715.0,734.0,755.0,791.0,808.0,812.0,869.0,948.0,984.0,
8.0,32.0,48.0,98.0,116.0,128.0,150.0,152.0,157.0,170.0,190.0,333.0,372.0,383.0,384.0,419.0,420.0,516.0,561.0,619.0,678.0,687.0,723.0,739.0,753.0,764.0,780.0,794.0,826.0,837.0,846.0,868.0,871.0,977.0,986.0,
42.0,43.0,94.0,131.0,183.0,215.0,301.0,325.0,329.0,357.0,388.0,395.0,452.0,457.0,459.0,462.0,463.0,474.0,498.0,515.0,540.0,574.0,596.0,623.0,636.0,641.0,690.0,694.0,712.0,727.0,770.0,780.0,824.0,839.0,896.0,907.0,917.0,930.0,934.0,954.0,
16.0,29.0,51.0,60.0,84.0,154.0,232.0,291.0,300.0,316.0,326.0,362.0,393.0,445.0,471.0,471.0,552.0,596.0,619.0,624.0,627.0,627.0,643.0,650.0,662.0,670.0,752.0,758.0,801.0,804.0,862.0,864.0,900.0,922.0,938.0,976.0,
146.0,218.0,223.0,246.0,259.0,266.0,296.0,297.0,341.0,347.0,354.0,416.0,471.0,482.0,643.0,643.0,662.0,682.0,732.0,739.0,847.0,855.0,866.0,924.0,
26.0,99.0,110.0,121.0,132.0,179.0,222.0,228.0,278.0,327.0,431.0,484.0,484.0,492.0,517.0,518.0,536.0,598.0,651.0,653.0,724.0,725.0,755.0,820.0,821.0,831.0,981.0,
7.0,13.0,15.0,44.0,47.0,98.0,121.0,153.0,156.0,162.0,181.0,214.0,314.0,355.0,371.0,412.0,453.0,487.0,519.0,529.0,583.0,613.0,703.0,747.0,818.0,876.0,891.0,916.0,
44.0,46.0,67.0,120.0,127.0,147.0,154.0,200.0,229.0,269.0,283.0,343.0,351.0,419.0,432.0,516.0,518.0,575.0,594.0,597.0,609.0,622.0,631.0,677.0,729.0,736.0,739.0,744.0,753.0,823.0,830.0,830.0,893.0,946.0,949.0,965.0,
41.0,64.0,79.0,133.0,180.0,255.0,274.0,290.0,338.0,351.0,353.0,389.0,413.0,421.0,494.0,496.0,501.0,524.0,524.0,527.0,557.0,562.0,608.0,670.0,715.0,716.0,738.0,811.0,818.0,858.0,867.0,908.0,949.0,995.0,
2.0,40.0,48.0,88.0,97.0,119.0,128.0,213.0,232.0,235.0,253.0,326.0,334.0,387.0,434.0,443.0,443.0,505.0,515.0,596.0,610.0,680.0,721.0,770.0,836.0,874.0,906.0,937.0,962.0,977.0,986.0,
47.0,47.0,66.0,81.0,84.0,93.0,108.0,113.0,120.0,123.0,126.0,135.0,147.0,159.0,181.0,190.0,204.0,229.0,243.0,250.0,281.0,290.0,357.0,384.0,423.0,435.0,436.0,438.0,488.0,488.0,555.0,574.0,619.0,674.0,757.0,783.0,815.0,824.0,824.0,843.0,909.0,916.0,934.0,974.0,984.0,
19.0,44.0,54.0,78.0,82.0,92.0,104.0,120.0,150.0,155.0,173.0,175.0,202.0,215.0,250.0,254.0,288.0,336.0,358.0,501.0,532.0,562.0,565.0,600.0,644.0,704.0,709.0,713.0,757.0,846.0,872.0,909.0,910.0,924.0,960.0,973.0,
11.0,22.0,38.0,40.0,87.0,91.0,101.0,150.0,174.0,177.0,177.0,227.0,247.0,298.0,366.0,381.0,400.0,424.0,443.0,465.0,521.0,604.0,638.0,683.0,712.0,743.0,751.0,821.0,862.0,863.0,904.0,914.0,916.0,929.0,971.0,986.0,
61.0,112.0,120.0,126.0,130.0,135.0,184.0,202.0,319.0,387.0,393.0,394.0,408.0,410.0,412.0,484.0,494.0,518.0,522.0,551.0,557.0,575.0,589.0,603.0,613.0,622.0,631.0,650.0,722.0,730.0,748.0,749.0,773.0,791.0,801.0,821.0,831.0,863.0,912.0,953.0,
11.0,65.0,110.0,119.0,163.0,169.0,190.0,196.0,209.0,233.0,242.0,412.0,427.0,438.0,439.0,456.0,459.0,480.0,480.0,499.0,523.0,528.0,536.0,557.0,577.0,608.0,659.0,682.0,683.0,688.0,772.0,853.0,882.0,891.0,898.0,902.0,
5.0,58.0,73.0,82.0,95.0,100.0,106.0,144.0,163.0,191.0,202.0,206.0,209.0,236.0,250.0,264.0,318.0,335.0,347.0,359.0,367.0,372.0,376.0,440.0,440.0,452.0,456.0,463.0,485.0,495.0,521.0,522.0,528.0,529.0,537.0,540.0,542.0,555.0,566.0,578.0,584.0,593.0,605.0,610.0,610.0,613.0,617.0,625.0,627.0,632.0,655.0,658.0,659.0,685.0,697.0,712.0,730.0,746.0,753.0,759.0,776.0,818.0,866.0,921.0,979.0,985.0,991.0,
85.0,124.0,144.0,251.0,304.0,321.0,329.0,355.0,398.0,469.0,483.0,498.0,499.0,516.0,519.0,521.0,526.0,527.0,530.0,530.0,532.0,537.0,543.0,545.0,550.0,552.0,557.0,561.0,564.0,577.0,579.0,588.0,593.0,597.0,603.0,608.0,608.0,609.0,618.0,618.0,622.0,639.0,639.0,641.0,649.0,653.0,656.0,661.0,665.0,670.0,676.0,682.0,685.0,718.0,730.0,736.0,737.0,741.0,746.0,767.0,768.0,779.0,786.0,788.0,800.0,808.0,810.0,820.0,851.0,902.0,919.0,924.0,926.0,928.0,931.0,931.0,948.0,952.0,974.0,985.0,
58.0,63.0,115.0,154.0,223.0,258.0,266.0,303.0,329.0,370.0,372.0,445.0,478.0,497.0,509.0,525.0,528.0,532.0,535.0,544.0,548.0,555.0,557.0,559.0,560.0,566.0,570.0,571.0,571.0,576.0,579.0,609.0,612.0,631.0,703.0,801.0,810.0,860.0,882.0,891.0,908.0,910.0,924.0,933.0,970.0,996.0,
55.0,62.0,141.0,162.0,218.0,239.0,241.0,270.0,297.0,300.0,315.0,377.0,446.0,477.0,509.0,564.0,581.0,588.0,594.0,609.0,634.0,687.0,694.0,707.0,742.0,751.0,885.0,916.0,985.0,987.0,
61.0,73.0,82.0,98.0,116.0,135.0,144.0,183.0,241.0,272.0,274.0,372.0,388.0,407.0,505.0,525.0,529.0,560.0,594.0,594.0,614.0,696.0,703.0,720.0,724.0,751.0,780.0,783.0,809.0,814.0,839.0,858.0,883.0,975.0,
60.0,118.0,213.0,221.0,225.0,236.0,257.0,263.0,275.0,279.0,287.0,294.0,313.0,348.0,349.0,354.0,359.0,383.0,390.0,450.0,451.0,451.0,458.0,459.0,461.0,557.0,561.0,613.0,709.0,721.0,725.0,730.0,731.0,772.0,778.0,829.0,851.0,863.0,866.0,883.0,963.0,981.0,990.0,
4.0,20.0,28.0,54.0,78.0,122.0,164.0,186.0,188.0,195.0,201.0,236.0,248.0,256.0,280.0,297.0,365.0,379.0,385.0,388.0,390.0,407.0,450.0,541.0,548.0,558.0,591.0,618.0,701.0,702.0,793.0,797.0,834.0,854.0,882.0,900.0,966.0,993.0,
13.0,42.0,57.0,94.0,116.0,129.0,143.0,187.0,191.0,198.0,230.0,322.0,329.0,331.0,351.0,437.0,458.0,466.0,477.0,552.0,552.0,571.0,572.0,622.0,627.0,679.0,680.0,768.0,778.0,793.0,848.0,867.0,894.0,918.0,920.0,961.0,996.0,
28.0,31.0,50.0,58.0,89.0,213.0,224.0,272.0,283.0,319.0,338.0,358.0,370.0,406.0,407.0,411.0,420.0,428.0,457.0,463.0,466.0,495.0,510.0,671.0,706.0,712.0,740.0,771.0,875.0,878.0,886.0,919.0,947.0,949.0,949.0,959.0,974.0,981.0,993.0,
23.0,49.0,72.0,73.0,93.0,126.0,137.0,157.0,170.0,192.0,226.0,285.0,290.0,296.0,368.0,378.0,399.0,400.0,444.0,517.0,519.0,521.0,536.0,539.0,548.0,555.0,560.0,686.0,740.0,754.0,811.0,832.0,864.0,911.0,916.0,968.0,
52.0,88.0,111.0,113.0,116.0,151.0,207.0,213.0,219.0,221.0,234.0,269.0,285.0,304.0,323.0,340.0,387.0,419.0,441.0,452.0,477.0,484.0,507.0,522.0,522.0,523.0,526.0,528.0,532.0,533.0,539.0,548.0,552.0,555.0,561.0,565.0,566.0,569.0,573.0,575.0,587.0,591.0,597.0,599.0,608.0,613.0,614.0,643.0,643.0,647.0,652.0,660.0,662.0,688.0,690.0,692.0,708.0,712.0,739.0,742.0,766.0,773.0,788.0,792.0,798.0,800.0,816.0,833.0,835.0,836.0,839.0,849.0,852.0,858.0,863.0,869.0,872.0,875.0,883.0,917.0,917.0,962.0,964.0,981.0,988.0,996.0,
101.0,152.0,169.0,176.0,204.0,211.0,239.0,242.0,277.0,322.0,372.0,392.0,413.0,417.0,440.0,457.0,458.0,507.0,530.0,531.0,538.0,540.0,540.0,546.0,548.0,556.0,556.0,574.0,574.0,575.0,579.0,579.0,581.0,589.0,592.0,600.0,609.0,610.0,613.0,624.0,626.0,639.0,639.0,650.0,651.0,665.0,675.0,683.0,684.0,691.0,695.0,696.0,701.0,737.0,743.0,791.0,822.0,834.0,852.0,853.0,854.0,861.0,869.0,872.0,874.0,887.0,910.0,911.0,922.0,945.0,984.0,988.0,
14.0,18.0,29.0,37.0,49.0,97.0,113.0,123.0,128.0,149.0,185.0,273.0,275.0,282.0,342.0,364.0,422.0,460.0,472.0,472.0,482.0,513.0,527.0,530.0,531.0,535.0,553.0,556.0,557.0,583.0,597.0,603.0,607.0,609.0,614.0,614.0,616.0,649.0,650.0,650.0,678.0,680.0,683.0,696.0,697.0,710.0,742.0,785.0,799.0,802.0,804.0,804.0,805.0,805.0,834.0,834.0,849.0,898.0,904.0,955.0,956.0,968.0,985.0,
47.0,77.0,93.0,93.0,107.0,121.0,145.0,175.0,187.0,212.0,226.0,237.0,251.0,256.0,260.0,263.0,293.0,301.0,315.0,337.0,437.0,448.0,470.0,471.0,483.0,483.0,502.0,566.0,568.0,578.0,584.0,618.0,639.0,640.0,645.0,689.0,700.0,707.0,722.0,731.0,763.0,764.0,832.0,857.0,883.0,938.0,
7.0,22.0,85.0,107.0,122.0,131.0,218.0,277.0,282.0,288.0,297.0,319.0,327.0,456.0,469.0,492.0,497.0,506.0,516.0,521.0,552.0,596.0,626.0,631.0,656.0,703.0,729.0,743.0,751.0,777.0,778.0,811.0,830.0,833.0,841.0,870.0,941.0,944.0,944.0,950.0,956.0,967.0,969.0,973.0,
8.0,19.0,71.0,100.0,155.0,166.0,188.0,205.0,241.0,271.0,343.0,477.0,496.0,505.0,542.0,610.0,647.0,652.0,717.0,726.0,739.0,742.0,757.0,784.0,817.0,831.0,834.0,857.0,886.0,907.0,972.0,973.0,
26.0,49.0,82.0,87.0,111.0,123.0,157.0,158.0,177.0,188.0,212.0,234.0,250.0,252.0,273.0,322.0,339.0,349.0,355.0,441.0,570.0,572.0,580.0,585.0,603.0,629.0,653.0,672.0,678.0,687.0,757.0,767.0,795.0,833.0,852.0,856.0,900.0,928.0,
27.0,36.0,37.0,142.0,234.0,237.0,256.0,261.0,310.0,333.0,388.0,445.0,493.0,499.0,519.0,534.0,566.0,588.0,611.0,629.0,716.0,776.0,798.0,810.0,827.0,840.0,841.0,876.0,896.0,972.0,999.0,
114.0,117.0,147.0,152.0,157.0,169.0,194.0,206.0,244.0,269.0,301.0,347.0,356.0,414.0,503.0,505.0,508.0,532.0,546.0,623.0,677.0,679.0,685.0,700.0,771.0,801.0,803.0,806.0,830.0,833.0,854.0,864.0,885.0,938.0,945.0,987.0,
31.0,114.0,141.0,194.0,200.0,213.0,243.0,271.0,272.0,275.0,280.0,304.0,379.0,423.0,450.0,454.0,508.0,544.0,578.0,641.0,653.0,654.0,677.0,680.0,830.0,832.0,832.0,944.0,957.0,966.0,
27.0,57.0,59.0,62.0,115.0,137.0,138.0,149.0,153.0,185.0,207.0,227.0,239.0,278.0,278.0,283.0,289.0,325.0,329.0,353.0,360.0,385.0,386.0,395.0,450.0,457.0,468.0,474.0,481.0,495.0,510.0,556.0,564.0,566.0,575.0,628.0,650.0,669.0,670.0,716.0,739.0,741.0,762.0,763.0,773.0,779.0,792.0,808.0,831.0,834.0,839.0,937.0,942.0,971.0,
24.0,88.0,105.0,114.0,138.0,162.0,166.0,206.0,242.0,251.0,251.0,262.0,278.0,290.0,307.0,345.0,392.0,411.0,435.0,459.0,463.0,481.0,502.0,508.0,512.0,520.0,534.0,544.0,552.0,563.0,573.0,581.0,594.0,603.0,608.0,612.0,664.0,678.0,680.0,706.0,717.0,725.0,725.0,725.0,738.0,755.0,770.0,778.0,789.0,796.0,816.0,828.0,831.0,838.0,852.0,868.0,896.0,917.0,918.0,924.0,924.0,930.0,968.0,
28.0,87.0,125.0,134.0,146.0,165.0,280.0,310.0,325.0,353.0,368.0,383.0,410.0,461.0,471.0,507.0,549.0,555.0,569.0,572.0,575.0,577.0,581.0,585.0,613.0,629.0,661.0,676.0,692.0,719.0,723.0,734.0,742.0,754.0,762.0,763.0,781.0,786.0,793.0,838.0,843.0,844.0,863.0,877.0,887.0,958.0,989.0,
13.0,15.0,47.0,98.0,113.0,165.0,204.0,218.0,254.0,313.0,315.0,320.0,341.0,365.0,388.0,455.0,468.0,503.0,532.0,590.0,640.0,662.0,747.0,805.0,811.0,817.0,893.0,939.0,957.0,973.0,996.0,
19.0,35.0,58.0,117.0,117.0,137.0,148.0,164.0,167.0,179.0,180.0,197.0,216.0,243.0,261.0,289.0,308.0,316.0,327.0,336.0,378.0,392.0,420.0,429.0,434.0,449.0,524.0,559.0,569.0,594.0,614.0,637.0,637.0,639.0,647.0,666.0,702.0,705.0,752.0,769.0,776.0,782.0,859.0,868.0,933.0,
26.0,68.0,69.0,82.0,100.0,175.0,181.0,184.0,228.0,255.0,301.0,303.0,313.0,326.0,347.0,414.0,416.0,471.0,471.0,564.0,583.0,627.0,654.0,662.0,680.0,736.0,737.0,752.0,773.0,779.0,801.0,812.0,853.0,868.0,882.0,890.0,922.0,942.0,949.0,966.0,978.0,985.0,999.0,
47.0,49.0,55.0,81.0,91.0,199.0,283.0,289.0,343.0,363.0,394.0,438.0,466.0,469.0,512.0,517.0,543.0,609.0,664.0,689.0,719.0,725.0,767.0,772.0,798.0,804.0,837.0,845.0,858.0,884.0,958.0,966.0,988.0,
29.0,36.0,58.0,58.0,66.0,71.0,74.0,84.0,116.0,129.0,137.0,148.0,194.0,238.0,277.0,287.0,322.0,341.0,346.0,384.0,393.0,428.0,485.0,507.0,514.0,560.0,592.0,597.0,659.0,702.0,703.0,714.0,725.0,754.0,774.0,777.0,784.0,796.0,837.0,852.0,932.0,932.0,940.0,944.0,951.0,969.0,
6.0,44.0,54.0,67.0,209.0,214.0,262.0,266.0,267.0,277.0,337.0,372.0,389.0,418.0,419.0,469.0,501.0,516.0,521.0,530.0,609.0,625.0,625.0,626.0,661.0,683.0,717.0,747.0,778.0,792.0,822.0,862.0,883.0,898.0,950.0,964.0,
17.0,88.0,121.0,236.0,252.0,261.0,278.0,281.0,292.0,329.0,344.0,348.0,406.0,441.0,453.0,531.0,565.0,582.0,589.0,630.0,692.0,696.0,709.0,746.0,847.0,864.0,873.0,958.0,
20.0,116.0,127.0,144.0,155.0,179.0,180.0,180.0,211.0,234.0,256.0,260.0,265.0,290.0,344.0,349.0,365.0,379.0,409.0,420.0,423.0,427.0,447.0,450.0,481.0,495.0,526.0,607.0,610.0,634.0,642.0,645.0,651.0,666.0,699.0,767.0,790.0,817.0,832.0,873.0,989.0,998.0,
47.0,69.0,93.0,113.0,130.0,132.0,164.0,193.0,213.0,231.0,303.0,308.0,327.0,339.0,363.0,363.0,427.0,431.0,489.0,578.0,619.0,633.0,634.0,776.0,786.0,816.0,831.0,842.0,853.0,915.0,959.0,963.0,970.0,
16.0,29.0,36.0,78.0,142.0,186.0,214.0,259.0,261.0,302.0,319.0,383.0,391.0,434.0,435.0,444.0,460.0,592.0,602.0,619.0,724.0,738.0,751.0,873.0,904.0,992.0,
35.0,56.0,65.0,71.0,113.0,116.0,135.0,150.0,181.0,210.0,214.0,257.0,266.0,314.0,338.0,342.0,372.0,384.0,410.0,447.0,463.0,546.0,579.0,596.0,617.0,644.0,663.0,669.0,706.0,745.0,823.0,831.0,831.0,928.0,
12.0,54.0,57.0,77.0,100.0,122.0,170.0,193.0,220.0,225.0,227.0,257.0,271.0,303.0,339.0,357.0,396.0,416.0,443.0,474.0,499.0,508.0,532.0,539.0,544.0,610.0,625.0,631.0,643.0,705.0,843.0,888.0,917.0,938.0,968.0,980.0,
76.0,98.0,124.0,140.0,182.0,212.0,238.0,379.0,415.0,422.0,434.0,436.0,452.0,453.0,463.0,469.0,513.0,541.0,549.0,564.0,581.0,596.0,642.0,716.0,744.0,756.0,762.0,771.0,782.0,810.0,859.0,888.0,933.0,948.0,961.0,986.0,
3.0,92.0,98.0,111.0,124.0,161.0,171.0,241.0,266.0,288.0,302.0,303.0,337.0,337.0,342.0,404.0,488.0,507.0,530.0,536.0,538.0,551.0,557.0,643.0,647.0,655.0,747.0,764.0,775.0,804.0,861.0,907.0,918.0,984.0,
30.0,44.0,85.0,99.0,167.0,186.0,205.0,207.0,222.0,237.0,239.0,252.0,265.0,284.0,299.0,330.0,339.0,345.0,365.0,369.0,391.0,400.0,401.0,454.0,486.0,493.0,524.0,563.0,590.0,620.0,624.0,663.0,676.0,678.0,700.0,731.0,742.0,755.0,766.0,803.0,816.0,835.0,852.0,855.0,
6.0,8.0,19.0,21.0,51.0,79.0,105.0,119.0,125.0,129.0,224.0,288.0,303.0,323.0,333.0,349.0,352.0,352.0,377.0,392.0,439.0,449.0,464.0,526.0,550.0,577.0,610.0,669.0,675.0,683.0,700.0,704.0,713.0,719.0,733.0,750.0,758.0,777.0,825.0,890.0,900.0,904.0,920.0,931.0,956.0,970.0,986.0,
7.0,14.0,19.0,23.0,35.0,38.0,38.0,72.0,87.0,123.0,177.0,205.0,231.0,262.0,293.0,297.0,310.0,312.0,335.0,344.0,350.0,355.0,481.0,525.0,532.0,540.0,545.0,604.0,668.0,733.0,749.0,784.0,795.0,798.0,809.0,813.0,841.0,844.0,932.0,982.0,995.0,
15.0,145.0,160.0,203.0,218.0,330.0,373.0,395.0,427.0,441.0,492.0,495.0,511.0,565.0,600.0,617.0,634.0,636.0,664.0,669.0,724.0,751.0,798.0,828.0,836.0,841.0,867.0,872.0,877.0,930.0,932.0,953.0,974.0,978.0,987.0,997.0,
83.0,127.0,132.0,138.0,143.0,174.0,191.0,191.0,233.0,253.0,257.0,292.0,326.0,331.0,334.0,339.0,358.0,378.0,399.0,410.0,416.0,423.0,514.0,519.0,619.0,622.0,686.0,693.0,733.0,782.0,801.0,806.0,846.0,869.0,932.0,966.0,967.0,968.0,
46.0,58.0,67.0,96.0,126.0,141.0,162.0,219.0,247.0,274.0,280.0,284.0,289.0,291.0,297.0,304.0,312.0,383.0,404.0,413.0,442.0,465.0,494.0,499.0,532.0,535.0,546.0,547.0,561.0,571.0,597.0,640.0,645.0,652.0,715.0,730.0,735.0,825.0,832.0,841.0,874.0,918.0,923.0,973.0,984.0,
69.0,69.0,78.0,129.0,161.0,167.0,190.0,191.0,237.0,254.0,257.0,296.0,320.0,332.0,360.0,372.0,454.0,457.0,463.0,470.0,493.0,586.0,589.0,623.0,652.0,708.0,755.0,767.0,772.0,773.0,793.0,820.0,840.0,863.0,872.0,887.0,899.0,940.0,947.0,951.0,960.0,998.0,
4.0,10.0,16.0,43.0,49.0,52.0,109.0,133.0,137.0,157.0,163.0,186.0,219.0,227.0,231.0,278.0,280.0,286.0,301.0,366.0,370.0,412.0,415.0,474.0,485.0,497.0,498.0,505.0,555.0,564.0,601.0,604.0,631.0,632.0,682.0,742.0,746.0,761.0,790.0,852.0,869.0,887.0,916.0,937.0,946.0,948.0,953.0,965.0,
8.0,36.0,103.0,129.0,141.0,186.0,235.0,244.0,260.0,289.0,433.0,487.0,520.0,530.0,544.0,620.0,624.0,642.0,648.0,692.0,701.0,721.0,734.0,767.0,783.0,814.0,839.0,851.0,925.0,960.0,981.0,995.0,
16.0,23.0,67.0,130.0,186.0,199.0,204.0,216.0,234.0,262.0,274.0,296.0,339.0,374.0,422.0,431.0,436.0,443.0,452.0,453.0,459.0,468.0,477.0,518.0,572.0,660.0,738.0,772.0,806.0,827.0,830.0,937.0,941.0,942.0,970.0,
8.0,13.0,103.0,119.0,120.0,132.0,159.0,182.0,224.0,245.0,257.0,264.0,275.0,306.0,343.0,362.0,366.0,379.0,394.0,395.0,400.0,401.0,415.0,418.0,504.0,519.0,520.0,533.0,542.0,568.0,587.0,599.0,633.0,643.0,662.0,736.0,737.0,741.0,746.0,759.0,790.0,801.0,837.0,853.0,909.0,934.0,939.0,
65.0,68.0,121.0,121.0,129.0,149.0,160.0,165.0,166.0,243.0,252.0,265.0,279.0,326.0,344.0,384.0,393.0,420.0,432.0,448.0,454.0,461.0,485.0,534.0,557.0,558.0,578.0,615.0,690.0,748.0,778.0,801.0,819.0,857.0,860.0,892.0,892.0,997.0,998.0,1000.0,
37.0,43.0,65.0,70.0,73.0,93.0,124.0,125.0,200.0,250.0,294.0,325.0,328.0,368.0,393.0,397.0,458.0,488.0,515.0,531.0,569.0,611.0,665.0,670.0,674.0,696.0,713.0,756.0,783.0,793.0,800.0,809.0,851.0,892.0,893.0,902.0,908.0,922.0,930.0,
37.0,110.0,112.0,200.0,205.0,231.0,234.0,237.0,271.0,288.0,346.0,394.0,397.0,403.0,428.0,469.0,482.0,510.0,510.0,534.0,610.0,632.0,639.0,683.0,745.0,755.0,795.0,815.0,848.0,865.0,887.0,892.0,953.0,963.0,975.0,994.0,
25.0,80.0,89.0,95.0,121.0,127.0,252.0,317.0,331.0,335.0,343.0,358.0,364.0,371.0,444.0,449.0,475.0,495.0,507.0,569.0,614.0,674.0,725.0,742.0,791.0,843.0,868.0,876.0,960.0,980.0,
3.0,21.0,46.0,61.0,73.0,99.0,104.0,119.0,122.0,201.0,208.0,213.0,259.0,271.0,311.0,337.0,419.0,470.0,520.0,593.0,609.0,625.0,630.0,698.0,701.0,719.0,737.0,751.0,754.0,767.0,769.0,843.0,852.0,857.0,874.0,886.0,909.0,938.0,940.0,946.0,948.0,
3.0,7.0,60.0,71.0,93.0,140.0,189.0,204.0,301.0,306.0,410.0,418.0,419.0,514.0,526.0,559.0,625.0,705.0,718.0,741.0,784.0,811.0,822.0,893.0,904.0,915.0,925.0,941.0,946.0,962.0,965.0,980.0,
6.0,11.0,55.0,68.0,153.0,155.0,164.0,186.0,194.0,201.0,347.0,400.0,445.0,471.0,472.0,506.0,530.0,602.0,661.0,684.0,735.0,762.0,822.0,880.0,887.0,914.0,981.0,985.0,
21.0,46.0,48.0,54.0,82.0,107.0,124.0,186.0,300.0,379.0,403.0,426.0,441.0,489.0,498.0,512.0,514.0,552.0,573.0,593.0,600.0,623.0,680.0,718.0,750.0,869.0,881.0,899.0,907.0,908.0,984.0,
