69.0,113.0,125.0,150.0,209.0,246.0,252.0,256.0,261.0,270.0,300.0,314.0,314.0,325.0,343.0,368.0,386.0,422.0,468.0,477.0,504.0,519.0,523.0,591.0,696.0,717.0,723.0,726.0,731.0,740.0,800.0,937.0,954.0,969.0,978.0,
2.0,19.0,21.0,47.0,50.0,175.0,202.0,258.0,292.0,297.0,329.0,356.0,397.0,477.0,509.0,556.0,629.0,636.0,709.0,741.0,748.0,776.0,780.0,868.0,882.0,893.0,954.0,961.0,968.0,
17.0,35.0,56.0,87.0,122.0,154.0,159.0,192.0,227.0,245.0,270.0,317.0,327.0,347.0,379.0,388.0,396.0,409.0,417.0,455.0,490.0,520.0,538.0,583.0,619.0,634.0,655.0,668.0,754.0,804.0,813.0,820.0,824.0,827.0,841.0,864.0,867.0,872.0,876.0,880.0,929.0,933.0,937.0,1000.0,
8.0,18.0,23.0,34.0,42.0,89.0,127.0,158.0,163.0,220.0,228.0,255.0,283.0,299.0,303.0,305.0,363.0,431.0,481.0,484.0,543.0,549.0,562.0,589.0,625.0,637.0,648.0,717.0,723.0,735.0,735.0,756.0,770.0,777.0,811.0,822.0,838.0,927.0,933.0,1000.0,
22.0,24.0,84.0,104.0,142.0,182.0,224.0,256.0,273.0,279.0,294.0,304.0,368.0,375.0,446.0,460.0,518.0,537.0,549.0,613.0,636.0,640.0,653.0,695.0,735.0,784.0,794.0,838.0,898.0,912.0,938.0,941.0,951.0,956.0,964.0,982.0,986.0,
71.0,106.0,112.0,149.0,165.0,210.0,238.0,247.0,251.0,286.0,343.0,344.0,348.0,371.0,383.0,391.0,397.0,422.0,431.0,434.0,466.0,467.0,468.0,492.0,501.0,512.0,530.0,552.0,581.0,671.0,676.0,699.0,701.0,730.0,754.0,757.0,801.0,819.0,820.0,823.0,837.0,847.0,862.0,864.0,888.0,918.0,943.0,958.0,
18.0,34.0,34.0,72.0,118.0,127.0,170.0,173.0,186.0,236.0,261.0,264.0,267.0,311.0,318.0,337.0,353.0,381.0,401.0,434.0,447.0,459.0,465.0,520.0,539.0,541.0,553.0,609.0,617.0,704.0,705.0,726.0,744.0,759.0,818.0,824.0,831.0,869.0,889.0,926.0,939.0,974.0,
149.0,177.0,206.0,212.0,222.0,237.0,328.0,440.0,496.0,500.0,503.0,506.0,553.0,563.0,603.0,604.0,684.0,717.0,757.0,825.0,845.0,929.0,933.0,938.0,942.0,981.0,991.0,
8.0,27.0,39.0,41.0,46.0,49.0,65.0,149.0,155.0,170.0,170.0,210.0,242.0,242.0,250.0,281.0,341.0,411.0,436.0,479.0,509.0,509.0,549.0,558.0,611.0,624.0,631.0,635.0,644.0,676.0,690.0,728.0,783.0,789.0,835.0,844.0,952.0,996.0,999.0,
60.0,60.0,182.0,189.0,231.0,277.0,332.0,336.0,379.0,379.0,386.0,409.0,421.0,424.0,433.0,475.0,508.0,511.0,518.0,592.0,640.0,644.0,674.0,685.0,688.0,781.0,859.0,869.0,892.0,899.0,905.0,937.0,958.0,969.0,
23.0,71.0,92.0,119.0,123.0,147.0,162.0,173.0,185.0,273.0,290.0,305.0,346.0,374.0,381.0,384.0,389.0,390.0,417.0,422.0,441.0,455.0,507.0,578.0,606.0,643.0,668.0,673.0,674.0,695.0,790.0,791.0,804.0,816.0,855.0,943.0,993.0,
46.0,61.0,178.0,188.0,202.0,302.0,335.0,383.0,435.0,468.0,496.0,547.0,558.0,624.0,632.0,637.0,648.0,689.0,760.0,795.0,857.0,887.0,913.0,917.0,950.0,976.0,984.0,
54.0,91.0,123.0,124.0,137.0,155.0,173.0,191.0,258.0,312.0,319.0,325.0,354.0,374.0,383.0,426.0,519.0,590.0,599.0,627.0,650.0,652.0,660.0,661.0,696.0,702.0,736.0,764.0,777.0,797.0,823.0,826.0,848.0,850.0,879.0,905.0,928.0,943.0,
16.0,30.0,40.0,88.0,161.0,161.0,201.0,243.0,267.0,291.0,298.0,307.0,314.0,316.0,356.0,358.0,361.0,379.0,391.0,401.0,427.0,469.0,496.0,508.0,545.0,555.0,561.0,612.0,637.0,658.0,668.0,691.0,708.0,713.0,738.0,776.0,858.0,862.0,862.0,878.0,896.0,923.0,923.0,945.0,952.0,962.0,990.0,
14.0,31.0,43.0,110.0,166.0,195.0,204.0,234.0,258.0,326.0,330.0,361.0,365.0,387.0,442.0,451.0,474.0,505.0,509.0,528.0,538.0,585.0,625.0,677.0,727.0,795.0,803.0,832.0,855.0,864.0,878.0,929.0,963.0,993.0,
35.0,48.0,55.0,56.0,67.0,169.0,217.0,240.0,244.0,298.0,337.0,339.0,369.0,378.0,405.0,430.0,465.0,515.0,536.0,536.0,559.0,567.0,584.0,592.0,632.0,642.0,681.0,727.0,732.0,733.0,735.0,753.0,755.0,756.0,786.0,794.0,826.0,867.0,871.0,952.0,954.0,969.0,
107.0,113.0,117.0,179.0,188.0,196.0,220.0,267.0,278.0,279.0,286.0,316.0,324.0,423.0,454.0,515.0,516.0,554.0,556.0,558.0,620.0,624.0,638.0,648.0,705.0,757.0,774.0,788.0,835.0,845.0,858.0,901.0,953.0,975.0,
16.0,28.0,48.0,122.0,129.0,140.0,175.0,199.0,274.0,275.0,318.0,319.0,467.0,663.0,797.0,817.0,826.0,880.0,884.0,905.0,909.0,926.0,960.0,
54.0,64.0,80.0,101.0,104.0,117.0,150.0,223.0,228.0,249.0,275.0,284.0,286.0,291.0,310.0,325.0,331.0,343.0,363.0,383.0,401.0,405.0,407.0,455.0,522.0,592.0,613.0,634.0,638.0,696.0,740.0,773.0,865.0,898.0,909.0,939.0,980.0,995.0,
15.0,68.0,87.0,128.0,157.0,179.0,206.0,208.0,244.0,255.0,341.0,376.0,376.0,444.0,445.0,492.0,569.0,588.0,613.0,630.0,639.0,656.0,725.0,777.0,782.0,835.0,866.0,934.0,941.0,962.0,973.0,981.0,981.0,986.0,
8.0,12.0,71.0,134.0,148.0,170.0,193.0,237.0,265.0,339.0,371.0,393.0,418.0,442.0,487.0,504.0,524.0,551.0,570.0,623.0,681.0,745.0,791.0,828.0,894.0,894.0,900.0,913.0,939.0,969.0,
9.0,18.0,29.0,67.0,70.0,94.0,96.0,122.0,157.0,178.0,205.0,255.0,281.0,282.0,297.0,302.0,327.0,343.0,405.0,459.0,496.0,507.0,511.0,518.0,537.0,545.0,624.0,630.0,697.0,698.0,698.0,772.0,802.0,813.0,896.0,900.0,904.0,980.0,
52.0,52.0,58.0,60.0,61.0,81.0,82.0,87.0,94.0,109.0,151.0,156.0,213.0,219.0,248.0,283.0,291.0,332.0,351.0,394.0,400.0,451.0,454.0,480.0,490.0,519.0,528.0,534.0,562.0,581.0,621.0,628.0,636.0,668.0,686.0,704.0,710.0,720.0,773.0,780.0,787.0,865.0,872.0,940.0,955.0,996.0,998.0,
15.0,48.0,61.0,72.0,165.0,190.0,208.0,264.0,286.0,327.0,344.0,344.0,363.0,368.0,395.0,397.0,400.0,457.0,465.0,492.0,497.0,529.0,549.0,554.0,603.0,604.0,608.0,611.0,652.0,692.0,702.0,738.0,779.0,799.0,829.0,853.0,898.0,929.0,958.0,
11.0,41.0,85.0,118.0,162.0,213.0,248.0,254.0,270.0,279.0,322.0,343.0,359.0,370.0,373.0,379.0,380.0,389.0,400.0,413.0,413.0,422.0,438.0,453.0,458.0,489.0,493.0,509.0,519.0,526.0,596.0,683.0,778.0,798.0,853.0,862.0,945.0,948.0,961.0,962.0,975.0,
77.0,134.0,208.0,244.0,246.0,261.0,273.0,370.0,538.0,595.0,637.0,649.0,662.0,683.0,736.0,771.0,797.0,809.0,836.0,894.0,913.0,928.0,960.0,960.0,968.0,985.0,989.0,
15.0,15.0,29.0,45.0,47.0,55.0,67.0,70.0,70.0,74.0,129.0,147.0,165.0,168.0,186.0,237.0,245.0,256.0,296.0,324.0,325.0,510.0,551.0,605.0,650.0,651.0,663.0,680.0,692.0,744.0,765.0,791.0,851.0,873.0,903.0,919.0,969.0,
20.0,24.0,33.0,47.0,85.0,165.0,186.0,208.0,210.0,330.0,335.0,366.0,368.0,386.0,425.0,426.0,443.0,500.0,577.0,626.0,689.0,705.0,706.0,731.0,732.0,739.0,760.0,858.0,892.0,928.0,954.0,985.0,
43.0,64.0,64.0,85.0,88.0,91.0,163.0,163.0,166.0,199.0,210.0,261.0,273.0,289.0,334.0,341.0,381.0,424.0,441.0,443.0,452.0,459.0,490.0,500.0,515.0,583.0,674.0,715.0,729.0,739.0,800.0,800.0,811.0,868.0,895.0,940.0,946.0,974.0,
55.0,74.0,91.0,149.0,158.0,169.0,213.0,217.0,230.0,283.0,354.0,360.0,362.0,446.0,456.0,472.0,477.0,480.0,487.0,506.0,521.0,534.0,539.0,568.0,570.0,609.0,616.0,685.0,715.0,743.0,790.0,809.0,812.0,847.0,849.0,893.0,899.0,920.0,923.0,977.0,
8.0,31.0,95.0,101.0,106.0,234.0,272.0,305.0,376.0,432.0,440.0,496.0,500.0,519.0,527.0,527.0,539.0,543.0,591.0,616.0,686.0,701.0,712.0,749.0,770.0,780.0,828.0,854.0,880.0,900.0,906.0,907.0,943.0,951.0,
29.0,60.0,102.0,117.0,143.0,212.0,216.0,296.0,343.0,362.0,381.0,407.0,491.0,491.0,520.0,529.0,542.0,549.0,592.0,614.0,677.0,682.0,694.0,725.0,736.0,745.0,785.0,816.0,836.0,840.0,848.0,877.0,901.0,907.0,944.0,
22.0,31.0,40.0,112.0,117.0,153.0,208.0,229.0,254.0,321.0,328.0,401.0,440.0,477.0,504.0,507.0,523.0,549.0,550.0,552.0,578.0,630.0,667.0,677.0,714.0,753.0,770.0,789.0,803.0,816.0,848.0,853.0,855.0,903.0,
8.0,14.0,24.0,27.0,70.0,81.0,88.0,93.0,128.0,158.0,163.0,199.0,284.0,288.0,319.0,321.0,322.0,328.0,371.0,421.0,433.0,434.0,485.0,494.0,507.0,566.0,585.0,589.0,612.0,629.0,641.0,658.0,663.0,698.0,702.0,713.0,718.0,792.0,803.0,862.0,872.0,892.0,961.0,984.0,993.0,
120.0,136.0,138.0,142.0,190.0,215.0,217.0,263.0,264.0,284.0,293.0,305.0,336.0,340.0,391.0,410.0,411.0,420.0,429.0,461.0,462.0,495.0,525.0,529.0,552.0,601.0,618.0,822.0,826.0,859.0,889.0,899.0,950.0,967.0,
33.0,44.0,53.0,84.0,101.0,120.0,132.0,150.0,177.0,183.0,190.0,199.0,227.0,231.0,306.0,355.0,357.0,358.0,385.0,406.0,407.0,486.0,540.0,550.0,550.0,561.0,566.0,569.0,591.0,645.0,696.0,705.0,711.0,727.0,734.0,762.0,789.0,858.0,862.0,928.0,
73.0,76.0,94.0,99.0,99.0,145.0,154.0,155.0,158.0,184.0,280.0,356.0,359.0,374.0,387.0,390.0,440.0,457.0,514.0,522.0,526.0,543.0,556.0,563.0,612.0,623.0,655.0,740.0,744.0,839.0,870.0,901.0,936.0,998.0,
3.0,43.0,70.0,118.0,182.0,182.0,200.0,224.0,284.0,303.0,352.0,373.0,395.0,401.0,402.0,409.0,443.0,445.0,500.0,596.0,614.0,615.0,619.0,625.0,658.0,693.0,785.0,836.0,874.0,896.0,921.0,935.0,953.0,
51.0,64.0,86.0,146.0,168.0,176.0,225.0,256.0,258.0,262.0,325.0,331.0,349.0,350.0,357.0,367.0,387.0,408.0,422.0,439.0,440.0,503.0,537.0,553.0,590.0,598.0,604.0,613.0,633.0,643.0,665.0,678.0,678.0,755.0,792.0,888.0,904.0,908.0,915.0,922.0,952.0,973.0,
12.0,13.0,20.0,36.0,61.0,79.0,81.0,128.0,130.0,148.0,165.0,189.0,203.0,204.0,233.0,272.0,319.0,346.0,349.0,371.0,385.0,394.0,429.0,496.0,503.0,532.0,544.0,571.0,571.0,573.0,575.0,609.0,643.0,644.0,665.0,669.0,694.0,699.0,739.0,750.0,753.0,755.0,765.0,799.0,870.0,877.0,901.0,920.0,930.0,937.0,988.0,
11.0,17.0,86.0,115.0,143.0,147.0,150.0,156.0,161.0,171.0,172.0,177.0,228.0,236.0,255.0,281.0,291.0,336.0,358.0,370.0,392.0,432.0,441.0,469.0,514.0,545.0,647.0,712.0,724.0,770.0,809.0,847.0,855.0,915.0,926.0,928.0,985.0,989.0,
127.0,199.0,207.0,207.0,211.0,233.0,249.0,252.0,340.0,401.0,412.0,440.0,444.0,456.0,471.0,492.0,505.0,537.0,621.0,629.0,662.0,738.0,790.0,936.0,999.0,
9.0,33.0,41.0,86.0,145.0,175.0,209.0,213.0,226.0,250.0,262.0,269.0,287.0,321.0,357.0,360.0,362.0,392.0,399.0,412.0,442.0,467.0,551.0,556.0,565.0,577.0,581.0,597.0,605.0,644.0,646.0,722.0,750.0,755.0,762.0,776.0,886.0,902.0,905.0,
8.0,41.0,71.0,72.0,88.0,95.0,120.0,135.0,148.0,210.0,247.0,285.0,287.0,342.0,393.0,395.0,397.0,413.0,425.0,426.0,464.0,470.0,513.0,558.0,565.0,601.0,619.0,722.0,723.0,732.0,741.0,776.0,927.0,982.0,992.0,
3.0,4.0,9.0,24.0,26.0,41.0,50.0,65.0,97.0,163.0,204.0,213.0,235.0,261.0,291.0,307.0,313.0,323.0,351.0,422.0,458.0,477.0,478.0,487.0,530.0,535.0,542.0,542.0,570.0,576.0,581.0,590.0,620.0,622.0,635.0,646.0,650.0,656.0,665.0,678.0,685.0,699.0,707.0,730.0,742.0,757.0,783.0,784.0,787.0,795.0,813.0,827.0,857.0,869.0,900.0,933.0,945.0,961.0,962.0,969.0,990.0,994.0,994.0,997.0,999.0,
14.0,15.0,23.0,28.0,34.0,50.0,99.0,166.0,171.0,181.0,198.0,210.0,242.0,275.0,291.0,306.0,346.0,410.0,426.0,434.0,461.0,488.0,490.0,498.0,541.0,543.0,548.0,549.0,552.0,552.0,555.0,572.0,576.0,584.0,588.0,590.0,602.0,604.0,605.0,611.0,620.0,627.0,631.0,646.0,650.0,655.0,656.0,662.0,675.0,687.0,696.0,700.0,714.0,716.0,721.0,746.0,762.0,778.0,783.0,794.0,806.0,809.0,817.0,826.0,829.0,837.0,869.0,872.0,883.0,916.0,925.0,931.0,933.0,958.0,974.0,991.0,
60.0,74.0,93.0,128.0,213.0,222.0,230.0,271.0,283.0,289.0,298.0,361.0,378.0,378.0,461.0,487.0,504.0,514.0,514.0,518.0,537.0,539.0,539.0,542.0,561.0,581.0,585.0,585.0,607.0,615.0,623.0,658.0,678.0,681.0,683.0,686.0,728.0,730.0,734.0,736.0,754.0,755.0,764.0,774.0,821.0,826.0,846.0,849.0,873.0,888.0,891.0,937.0,938.0,954.0,973.0,989.0,
87.0,89.0,106.0,126.0,149.0,181.0,243.0,265.0,268.0,332.0,369.0,455.0,486.0,491.0,558.0,571.0,636.0,720.0,724.0,725.0,730.0,784.0,829.0,901.0,913.0,933.0,
42.0,49.0,68.0,76.0,78.0,140.0,163.0,170.0,176.0,190.0,209.0,319.0,340.0,343.0,348.0,357.0,358.0,370.0,392.0,406.0,425.0,432.0,440.0,452.0,633.0,641.0,646.0,691.0,707.0,767.0,789.0,797.0,843.0,848.0,879.0,898.0,920.0,978.0,
14.0,32.0,55.0,65.0,66.0,84.0,157.0,167.0,204.0,244.0,258.0,268.0,314.0,343.0,387.0,400.0,425.0,485.0,497.0,499.0,505.0,510.0,515.0,562.0,566.0,567.0,589.0,625.0,636.0,641.0,649.0,649.0,650.0,668.0,737.0,761.0,763.0,767.0,784.0,800.0,813.0,961.0,965.0,973.0,978.0,980.0,999.0,
30.0,49.0,60.0,80.0,84.0,190.0,213.0,261.0,275.0,291.0,317.0,318.0,324.0,329.0,366.0,371.0,391.0,402.0,403.0,418.0,504.0,513.0,562.0,608.0,627.0,687.0,707.0,785.0,811.0,823.0,836.0,836.0,898.0,910.0,913.0,930.0,932.0,940.0,951.0,957.0,
80.0,101.0,134.0,235.0,238.0,270.0,306.0,337.0,342.0,350.0,366.0,386.0,410.0,447.0,490.0,514.0,519.0,527.0,545.0,587.0,634.0,643.0,643.0,674.0,745.0,770.0,797.0,827.0,861.0,911.0,935.0,964.0,966.0,984.0,995.0,
23.0,52.0,103.0,127.0,129.0,147.0,163.0,196.0,200.0,205.0,216.0,255.0,270.0,339.0,363.0,371.0,475.0,503.0,505.0,531.0,576.0,582.0,615.0,626.0,708.0,736.0,752.0,753.0,791.0,872.0,887.0,901.0,918.0,
43.0,50.0,56.0,112.0,116.0,120.0,144.0,253.0,260.0,261.0,337.0,337.0,368.0,386.0,405.0,422.0,452.0,462.0,474.0,515.0,520.0,525.0,529.0,530.0,550.0,588.0,618.0,631.0,639.0,658.0,720.0,753.0,809.0,834.0,841.0,847.0,953.0,1000.0,
20.0,50.0,122.0,127.0,176.0,184.0,204.0,214.0,257.0,272.0,279.0,317.0,320.0,323.0,330.0,356.0,366.0,395.0,421.0,426.0,427.0,432.0,481.0,529.0,530.0,533.0,538.0,548.0,564.0,566.0,593.0,596.0,611.0,612.0,619.0,629.0,637.0,642.0,648.0,668.0,669.0,688.0,729.0,738.0,747.0,761.0,783.0,791.0,793.0,821.0,822.0,845.0,859.0,866.0,871.0,880.0,897.0,913.0,916.0,921.0,924.0,982.0,986.0,
43.0,76.0,191.0,195.0,226.0,268.0,276.0,289.0,312.0,313.0,344.0,475.0,498.0,518.0,519.0,523.0,525.0,528.0,532.0,535.0,538.0,548.0,556.0,558.0,563.0,565.0,573.0,573.0,575.0,583.0,598.0,604.0,611.0,614.0,623.0,639.0,642.0,645.0,654.0,659.0,660.0,663.0,678.0,681.0,688.0,699.0,712.0,715.0,732.0,734.0,746.0,770.0,779.0,791.0,803.0,815.0,835.0,837.0,873.0,887.0,888.0,896.0,897.0,906.0,929.0,975.0,984.0,998.0,
3.0,8.0,101.0,110.0,153.0,256.0,298.0,397.0,448.0,449.0,528.0,529.0,529.0,531.0,533.0,535.0,542.0,543.0,549.0,555.0,559.0,564.0,570.0,575.0,576.0,580.0,583.0,597.0,598.0,600.0,601.0,605.0,617.0,618.0,619.0,629.0,630.0,633.0,634.0,639.0,641.0,642.0,642.0,646.0,647.0,650.0,655.0,655.0,664.0,671.0,676.0,678.0,692.0,698.0,702.0,708.0,720.0,732.0,737.0,767.0,782.0,784.0,784.0,785.0,797.0,822.0,822.0,830.0,837.0,883.0,901.0,904.0,909.0,922.0,925.0,930.0,946.0,966.0,995.0,
13.0,50.0,79.0,81.0,92.0,97.0,143.0,151.0,151.0,210.0,217.0,231.0,231.0,255.0,264.0,305.0,335.0,409.0,494.0,532.0,559.0,559.0,562.0,582.0,582.0,590.0,604.0,654.0,669.0,683.0,697.0,777.0,802.0,836.0,838.0,850.0,883.0,907.0,959.0,
20.0,23.0,26.0,82.0,135.0,135.0,211.0,227.0,233.0,281.0,297.0,359.0,452.0,464.0,485.0,500.0,519.0,553.0,556.0,574.0,665.0,688.0,693.0,779.0,818.0,879.0,943.0,956.0,966.0,
29.0,55.0,68.0,99.0,150.0,185.0,243.0,263.0,310.0,338.0,368.0,373.0,403.0,476.0,492.0,497.0,523.0,526.0,538.0,541.0,544.0,625.0,655.0,661.0,688.0,697.0,737.0,796.0,842.0,909.0,949.0,955.0,995.0,
47.0,52.0,100.0,195.0,201.0,223.0,409.0,443.0,481.0,481.0,497.0,507.0,540.0,558.0,587.0,661.0,681.0,696.0,727.0,742.0,760.0,808.0,821.0,860.0,893.0,912.0,946.0,966.0,967.0,981.0,
69.0,115.0,119.0,158.0,159.0,230.0,261.0,362.0,380.0,408.0,444.0,444.0,461.0,498.0,507.0,511.0,575.0,592.0,604.0,626.0,635.0,675.0,686.0,692.0,708.0,727.0,744.0,763.0,786.0,803.0,836.0,857.0,899.0,902.0,903.0,914.0,955.0,
8.0,21.0,27.0,54.0,61.0,96.0,141.0,166.0,175.0,206.0,207.0,267.0,283.0,321.0,385.0,386.0,407.0,452.0,453.0,463.0,464.0,469.0,488.0,498.0,554.0,580.0,592.0,597.0,622.0,626.0,699.0,718.0,748.0,750.0,772.0,773.0,792.0,821.0,864.0,900.0,912.0,915.0,972.0,997.0,
24.0,30.0,38.0,162.0,164.0,185.0,200.0,241.0,301.0,306.0,306.0,320.0,336.0,394.0,411.0,444.0,467.0,511.0,519.0,540.0,543.0,545.0,606.0,666.0,736.0,764.0,764.0,819.0,867.0,947.0,953.0,
34.0,34.0,111.0,115.0,124.0,184.0,192.0,228.0,251.0,254.0,257.0,259.0,260.0,288.0,297.0,307.0,317.0,388.0,430.0,449.0,454.0,480.0,495.0,516.0,528.0,530.0,531.0,532.0,532.0,540.0,544.0,551.0,559.0,563.0,573.0,583.0,594.0,595.0,599.0,615.0,624.0,639.0,642.0,665.0,671.0,678.0,685.0,699.0,703.0,761.0,808.0,813.0,819.0,844.0,875.0,877.0,883.0,891.0,902.0,917.0,921.0,954.0,957.0,972.0,984.0,990.0,
4.0,38.0,200.0,214.0,217.0,264.0,281.0,287.0,293.0,310.0,319.0,344.0,345.0,380.0,428.0,431.0,451.0,456.0,497.0,501.0,516.0,535.0,538.0,541.0,554.0,560.0,577.0,588.0,592.0,595.0,603.0,607.0,608.0,612.0,629.0,635.0,638.0,639.0,644.0,645.0,646.0,661.0,670.0,699.0,708.0,709.0,713.0,728.0,746.0,751.0,764.0,778.0,784.0,784.0,784.0,799.0,818.0,819.0,834.0,860.0,861.0,862.0,880.0,884.0,899.0,933.0,935.0,942.0,954.0,956.0,957.0,960.0,961.0,968.0,979.0,982.0,990.0,
6.0,59.0,111.0,113.0,187.0,190.0,232.0,257.0,263.0,310.0,322.0,329.0,336.0,341.0,353.0,387.0,404.0,416.0,441.0,456.0,459.0,487.0,520.0,522.0,534.0,540.0,542.0,542.0,549.0,562.0,563.0,584.0,610.0,611.0,627.0,679.0,706.0,729.0,746.0,750.0,755.0,763.0,765.0,767.0,776.0,807.0,811.0,831.0,940.0,954.0,958.0,980.0,
25.0,57.0,64.0,98.0,138.0,162.0,220.0,259.0,262.0,274.0,298.0,309.0,331.0,338.0,338.0,351.0,391.0,452.0,460.0,507.0,527.0,550.0,587.0,588.0,589.0,634.0,708.0,730.0,810.0,840.0,892.0,919.0,984.0,
8.0,42.0,79.0,99.0,113.0,171.0,200.0,210.0,229.0,253.0,335.0,359.0,363.0,366.0,388.0,439.0,509.0,529.0,532.0,560.0,585.0,609.0,664.0,694.0,695.0,700.0,703.0,717.0,717.0,776.0,795.0,826.0,849.0,979.0,
5.0,113.0,144.0,155.0,169.0,191.0,204.0,275.0,292.0,302.0,331.0,343.0,367.0,425.0,509.0,538.0,547.0,614.0,748.0,781.0,886.0,921.0,977.0,990.0,
173.0,227.0,235.0,245.0,280.0,287.0,308.0,388.0,391.0,396.0,423.0,431.0,460.0,486.0,543.0,561.0,576.0,625.0,626.0,642.0,712.0,722.0,768.0,779.0,783.0,791.0,806.0,807.0,835.0,848.0,905.0,911.0,939.0,950.0,
66.0,88.0,97.0,140.0,157.0,160.0,193.0,198.0,202.0,214.0,241.0,276.0,335.0,362.0,425.0,520.0,533.0,566.0,615.0,647.0,649.0,664.0,672.0,715.0,737.0,805.0,828.0,844.0,872.0,886.0,904.0,907.0,911.0,914.0,962.0,979.0,986.0,
31.0,33.0,41.0,67.0,108.0,115.0,115.0,121.0,130.0,139.0,148.0,186.0,258.0,266.0,337.0,360.0,370.0,437.0,443.0,500.0,512.0,549.0,555.0,595.0,598.0,628.0,643.0,698.0,747.0,776.0,798.0,854.0,855.0,897.0,956.0,960.0,974.0,981.0,
47.0,80.0,83.0,105.0,135.0,152.0,164.0,189.0,260.0,276.0,302.0,378.0,521.0,569.0,606.0,647.0,693.0,781.0,811.0,815.0,818.0,819.0,820.0,840.0,888.0,912.0,924.0,998.0,
6.0,16.0,20.0,75.0,82.0,88.0,138.0,193.0,198.0,241.0,246.0,258.0,275.0,308.0,310.0,318.0,334.0,361.0,377.0,408.0,419.0,481.0,514.0,530.0,539.0,544.0,547.0,558.0,572.0,575.0,635.0,650.0,788.0,802.0,805.0,814.0,823.0,892.0,894.0,974.0,
2.0,16.0,62.0,155.0,174.0,198.0,261.0,293.0,341.0,371.0,377.0,399.0,422.0,451.0,486.0,500.0,520.0,553.0,577.0,603.0,643.0,663.0,697.0,714.0,744.0,821.0,847.0,919.0,948.0,984.0,
47.0,81.0,141.0,153.0,202.0,243.0,298.0,300.0,353.0,372.0,414.0,434.0,437.0,450.0,459.0,483.0,522.0,543.0,628.0,690.0,823.0,832.0,847.0,908.0,961.0,968.0,986.0,994.0,
8.0,21.0,21.0,59.0,60.0,62.0,156.0,166.0,180.0,183.0,186.0,224.0,233.0,264.0,292.0,317.0,334.0,343.0,367.0,467.0,505.0,548.0,603.0,620.0,629.0,630.0,694.0,697.0,737.0,750.0,752.0,761.0,761.0,804.0,808.0,871.0,914.0,916.0,987.0,987.0,
29.0,53.0,187.0,245.0,262.0,284.0,292.0,300.0,369.0,372.0,375.0,383.0,422.0,440.0,473.0,484.0,534.0,559.0,576.0,583.0,608.0,641.0,642.0,650.0,675.0,724.0,760.0,785.0,789.0,799.0,803.0,846.0,908.0,916.0,934.0,957.0,985.0,999.0,
6.0,24.0,71.0,82.0,111.0,161.0,181.0,204.0,217.0,253.0,272.0,298.0,333.0,337.0,391.0,481.0,519.0,547.0,563.0,604.0,608.0,615.0,651.0,655.0,664.0,667.0,668.0,753.0,847.0,864.0,866.0,896.0,915.0,
37.0,51.0,61.0,84.0,167.0,182.0,254.0,299.0,320.0,320.0,325.0,353.0,414.0,440.0,463.0,489.0,514.0,529.0,592.0,643.0,683.0,777.0,782.0,853.0,952.0,967.0,975.0,986.0,
8.0,22.0,29.0,54.0,66.0,166.0,188.0,208.0,247.0,318.0,357.0,418.0,420.0,459.0,472.0,488.0,504.0,569.0,594.0,622.0,633.0,673.0,708.0,716.0,718.0,757.0,775.0,788.0,827.0,913.0,925.0,1000.0,
7.0,70.0,85.0,97.0,126.0,143.0,197.0,211.0,212.0,227.0,232.0,279.0,304.0,358.0,367.0,406.0,431.0,438.0,446.0,450.0,464.0,485.0,490.0,498.0,515.0,515.0,533.0,625.0,639.0,665.0,689.0,743.0,747.0,808.0,811.0,839.0,851.0,864.0,876.0,879.0,898.0,921.0,926.0,961.0,965.0,966.0,970.0,973.0,
122.0,145.0,185.0,204.0,206.0,264.0,301.0,313.0,320.0,412.0,413.0,433.0,446.0,452.0,516.0,532.0,594.0,601.0,609.0,617.0,618.0,624.0,638.0,641.0,683.0,696.0,699.0,710.0,730.0,750.0,878.0,904.0,910.0,927.0,933.0,946.0,973.0,
9.0,15.0,26.0,38.0,41.0,73.0,107.0,193.0,204.0,214.0,302.0,323.0,369.0,394.0,430.0,439.0,452.0,476.0,493.0,527.0,527.0,540.0,569.0,593.0,602.0,627.0,639.0,651.0,654.0,688.0,700.0,716.0,716.0,726.0,781.0,864.0,884.0,938.0,970.0,
18.0,18.0,24.0,62.0,98.0,114.0,148.0,185.0,223.0,229.0,243.0,334.0,334.0,383.0,394.0,463.0,499.0,507.0,561.0,634.0,640.0,641.0,655.0,684.0,711.0,733.0,766.0,779.0,795.0,815.0,829.0,850.0,925.0,932.0,943.0,958.0,968.0,977.0,
38.0,39.0,49.0,96.0,100.0,103.0,187.0,188.0,195.0,217.0,247.0,271.0,275.0,290.0,312.0,315.0,317.0,321.0,345.0,346.0,353.0,354.0,362.0,364.0,398.0,402.0,419.0,454.0,454.0,480.0,484.0,513.0,530.0,539.0,560.0,597.0,609.0,610.0,631.0,634.0,638.0,646.0,730.0,753.0,779.0,850.0,870.0,880.0,885.0,927.0,991.0,1000.0,
241.0,248.0,265.0,294.0,344.0,361.0,381.0,388.0,412.0,435.0,514.0,577.0,639.0,657.0,660.0,661.0,677.0,692.0,762.0,780.0,785.0,819.0,832.0,892.0,899.0,910.0,972.0,973.0,
26.0,26.0,55.0,69.0,82.0,95.0,148.0,152.0,175.0,187.0,199.0,241.0,248.0,296.0,375.0,389.0,395.0,406.0,439.0,454.0,473.0,496.0,504.0,595.0,613.0,618.0,619.0,622.0,632.0,636.0,667.0,718.0,749.0,756.0,781.0,821.0,822.0,838.0,856.0,878.0,917.0,925.0,974.0,
2.0,16.0,31.0,49.0,75.0,77.0,121.0,136.0,137.0,158.0,201.0,221.0,256.0,281.0,301.0,348.0,356.0,358.0,361.0,397.0,399.0,432.0,437.0,446.0,502.0,616.0,623.0,730.0,747.0,750.0,818.0,847.0,867.0,919.0,924.0,932.0,953.0,993.0,
3.0,42.0,102.0,109.0,128.0,134.0,195.0,201.0,228.0,242.0,244.0,253.0,270.0,306.0,322.0,329.0,338.0,377.0,412.0,441.0,445.0,490.0,495.0,525.0,529.0,557.0,558.0,589.0,669.0,681.0,709.0,857.0,872.0,930.0,930.0,946.0,947.0,
11.0,21.0,60.0,86.0,118.0,123.0,135.0,136.0,185.0,185.0,195.0,230.0,279.0,293.0,299.0,330.0,330.0,359.0,372.0,404.0,430.0,455.0,511.0,571.0,581.0,584.0,609.0,618.0,648.0,690.0,733.0,739.0,752.0,752.0,832.0,835.0,882.0,960.0,993.0,
91.0,116.0,119.0,121.0,153.0,201.0,206.0,209.0,220.0,249.0,261.0,266.0,300.0,308.0,325.0,360.0,372.0,501.0,560.0,567.0,697.0,706.0,739.0,769.0,785.0,792.0,801.0,831.0,903.0,932.0,937.0,938.0,959.0,967.0,984.0,1000.0,
3.0,33.0,59.0,60.0,75.0,80.0,153.0,213.0,215.0,229.0,231.0,255.0,260.0,280.0,312.0,317.0,380.0,422.0,429.0,432.0,479.0,496.0,551.0,615.0,615.0,668.0,711.0,758.0,793.0,801.0,870.0,906.0,930.0,952.0,
25.0,34.0,42.0,47.0,59.0,64.0,68.0,101.0,148.0,182.0,209.0,358.0,358.0,413.0,431.0,447.0,562.0,642.0,689.0,713.0,725.0,726.0,731.0,733.0,749.0,812.0,851.0,876.0,888.0,911.0,964.0,968.0,
16.0,66.0,96.0,110.0,156.0,193.0,206.0,212.0,313.0,317.0,326.0,330.0,334.0,344.0,345.0,359.0,360.0,382.0,406.0,431.0,440.0,475.0,480.0,509.0,576.0,583.0,593.0,629.0,636.0,676.0,688.0,697.0,734.0,758.0,773.0,774.0,901.0,959.0,987.0,
49.0,54.0,90.0,137.0,167.0,170.0,181.0,221.0,308.0,321.0,331.0,334.0,377.0,383.0,458.0,497.0,510.0,515.0,525.0,580.0,602.0,603.0,615.0,633.0,636.0,674.0,711.0,746.0,768.0,861.0,883.0,933.0,936.0,964.0,980.0,
6.0,12.0,12.0,25.0,95.0,119.0,195.0,211.0,234.0,237.0,244.0,256.0,274.0,292.0,326.0,342.0,342.0,367.0,384.0,401.0,432.0,482.0,489.0,502.0,513.0,529.0,611.0,691.0,734.0,744.0,747.0,755.0,770.0,785.0,791.0,808.0,809.0,851.0,918.0,
16.0,19.0,28.0,37.0,136.0,140.0,180.0,194.0,195.0,202.0,232.0,266.0,285.0,318.0,333.0,378.0,418.0,504.0,539.0,591.0,603.0,608.0,716.0,825.0,836.0,847.0,860.0,889.0,
42.0,52.0,98.0,134.0,143.0,250.0,254.0,265.0,288.0,296.0,326.0,340.0,351.0,366.0,401.0,466.0,500.0,513.0,543.0,555.0,556.0,573.0,581.0,616.0,621.0,629.0,642.0,669.0,675.0,677.0,690.0,699.0,735.0,821.0,825.0,885.0,902.0,910.0,921.0,942.0,944.0,974.0,995.0,
