46.0,58.0,67.0,76.0,112.0,149.0,165.0,170.0,188.0,244.0,297.0,302.0,310.0,311.0,324.0,335.0,427.0,434.0,443.0,452.0,529.0,569.0,595.0,598.0,600.0,622.0,625.0,632.0,640.0,665.0,670.0,688.0,698.0,738.0,741.0,767.0,773.0,853.0,866.0,868.0,877.0,896.0,950.0,960.0,983.0,
15.0,92.0,101.0,128.0,129.0,141.0,156.0,187.0,194.0,208.0,223.0,229.0,255.0,270.0,293.0,366.0,424.0,452.0,453.0,470.0,476.0,541.0,546.0,602.0,605.0,626.0,640.0,742.0,777.0,801.0,814.0,864.0,864.0,877.0,888.0,903.0,944.0,
16.0,27.0,55.0,121.0,141.0,152.0,156.0,186.0,202.0,266.0,276.0,331.0,355.0,364.0,374.0,375.0,376.0,379.0,391.0,399.0,419.0,493.0,502.0,525.0,532.0,547.0,563.0,567.0,605.0,630.0,638.0,689.0,711.0,720.0,751.0,766.0,813.0,876.0,878.0,899.0,913.0,
7.0,8.0,15.0,21.0,40.0,54.0,79.0,105.0,112.0,119.0,120.0,158.0,219.0,248.0,292.0,331.0,388.0,406.0,413.0,424.0,446.0,452.0,507.0,539.0,548.0,552.0,575.0,598.0,627.0,660.0,743.0,851.0,907.0,979.0,983.0,
26.0,82.0,108.0,154.0,198.0,303.0,314.0,340.0,372.0,399.0,432.0,447.0,457.0,460.0,471.0,537.0,558.0,599.0,659.0,732.0,740.0,742.0,772.0,824.0,892.0,926.0,929.0,991.0,999.0,
84.0,145.0,200.0,220.0,283.0,284.0,294.0,315.0,392.0,422.0,488.0,494.0,538.0,555.0,596.0,607.0,626.0,756.0,761.0,786.0,855.0,858.0,866.0,943.0,
75.0,158.0,184.0,198.0,363.0,369.0,377.0,384.0,397.0,404.0,418.0,443.0,444.0,493.0,520.0,528.0,535.0,558.0,703.0,834.0,968.0,974.0,999.0,
14.0,41.0,66.0,103.0,110.0,123.0,124.0,162.0,204.0,212.0,272.0,342.0,428.0,429.0,436.0,441.0,535.0,550.0,563.0,571.0,574.0,602.0,617.0,723.0,817.0,822.0,838.0,853.0,890.0,894.0,905.0,923.0,989.0,
6.0,7.0,67.0,146.0,162.0,181.0,192.0,278.0,285.0,331.0,393.0,401.0,408.0,421.0,437.0,470.0,474.0,529.0,529.0,545.0,558.0,562.0,594.0,602.0,605.0,625.0,721.0,737.0,760.0,805.0,865.0,912.0,928.0,939.0,980.0,
64.0,135.0,155.0,203.0,204.0,215.0,273.0,275.0,280.0,302.0,307.0,359.0,362.0,384.0,414.0,422.0,462.0,533.0,536.0,544.0,558.0,599.0,614.0,635.0,645.0,667.0,672.0,683.0,715.0,753.0,765.0,785.0,819.0,824.0,857.0,863.0,950.0,970.0,973.0,981.0,991.0,995.0,995.0,1000.0,
6.0,25.0,39.0,49.0,82.0,111.0,143.0,162.0,192.0,222.0,261.0,299.0,303.0,328.0,340.0,466.0,489.0,505.0,548.0,611.0,675.0,680.0,723.0,724.0,726.0,738.0,738.0,761.0,768.0,793.0,874.0,1000.0,
21.0,110.0,111.0,135.0,156.0,201.0,282.0,308.0,313.0,319.0,348.0,393.0,405.0,409.0,413.0,446.0,471.0,489.0,547.0,548.0,600.0,607.0,621.0,669.0,739.0,794.0,809.0,852.0,869.0,925.0,990.0,993.0,
12.0,94.0,118.0,149.0,151.0,203.0,229.0,238.0,263.0,267.0,285.0,298.0,308.0,321.0,362.0,391.0,426.0,443.0,471.0,486.0,512.0,526.0,541.0,547.0,566.0,571.0,591.0,832.0,856.0,997.0,
66.0,108.0,116.0,119.0,142.0,155.0,178.0,193.0,201.0,219.0,256.0,264.0,276.0,339.0,350.0,361.0,376.0,380.0,414.0,435.0,441.0,445.0,509.0,515.0,516.0,517.0,519.0,519.0,534.0,545.0,563.0,565.0,575.0,582.0,586.0,619.0,629.0,643.0,650.0,662.0,663.0,678.0,692.0,699.0,743.0,802.0,827.0,843.0,853.0,875.0,879.0,897.0,931.0,944.0,956.0,978.0,992.0,
14.0,64.0,121.0,128.0,139.0,205.0,252.0,256.0,264.0,312.0,313.0,324.0,324.0,348.0,373.0,376.0,411.0,414.0,447.0,460.0,486.0,523.0,541.0,541.0,547.0,554.0,558.0,583.0,586.0,592.0,601.0,604.0,612.0,629.0,658.0,660.0,671.0,672.0,686.0,696.0,698.0,701.0,702.0,703.0,716.0,743.0,749.0,760.0,773.0,777.0,793.0,794.0,815.0,865.0,872.0,876.0,877.0,882.0,882.0,885.0,887.0,892.0,892.0,902.0,948.0,954.0,980.0,981.0,987.0,987.0,
7.0,71.0,106.0,162.0,171.0,210.0,216.0,233.0,239.0,276.0,283.0,325.0,332.0,343.0,366.0,397.0,412.0,449.0,464.0,485.0,507.0,514.0,531.0,545.0,549.0,556.0,556.0,556.0,565.0,582.0,587.0,605.0,612.0,625.0,637.0,642.0,644.0,672.0,673.0,674.0,682.0,686.0,706.0,722.0,731.0,732.0,744.0,748.0,750.0,762.0,790.0,805.0,808.0,817.0,817.0,828.0,842.0,844.0,877.0,877.0,892.0,899.0,928.0,949.0,964.0,980.0,986.0,
32.0,50.0,192.0,196.0,206.0,233.0,243.0,257.0,297.0,326.0,333.0,335.0,377.0,403.0,410.0,432.0,446.0,463.0,478.0,486.0,492.0,525.0,525.0,531.0,548.0,554.0,554.0,556.0,566.0,576.0,580.0,586.0,588.0,589.0,592.0,593.0,611.0,612.0,615.0,619.0,619.0,625.0,635.0,641.0,643.0,644.0,651.0,653.0,671.0,687.0,703.0,711.0,744.0,786.0,851.0,865.0,866.0,921.0,926.0,939.0,941.0,943.0,957.0,
34.0,50.0,97.0,101.0,107.0,127.0,161.0,162.0,186.0,206.0,209.0,221.0,261.0,274.0,281.0,307.0,326.0,331.0,337.0,387.0,406.0,417.0,419.0,422.0,476.0,505.0,526.0,526.0,551.0,557.0,563.0,567.0,568.0,575.0,582.0,582.0,584.0,618.0,628.0,647.0,649.0,659.0,692.0,712.0,724.0,759.0,761.0,780.0,792.0,877.0,892.0,904.0,948.0,981.0,996.0,
14.0,59.0,98.0,99.0,151.0,165.0,201.0,221.0,230.0,246.0,250.0,313.0,325.0,375.0,383.0,385.0,460.0,510.0,543.0,612.0,731.0,742.0,745.0,765.0,769.0,831.0,869.0,899.0,932.0,936.0,948.0,969.0,
9.0,46.0,81.0,133.0,154.0,167.0,167.0,216.0,227.0,259.0,308.0,340.0,346.0,369.0,376.0,394.0,405.0,446.0,510.0,513.0,519.0,521.0,571.0,608.0,640.0,642.0,650.0,653.0,730.0,731.0,830.0,838.0,917.0,977.0,
31.0,44.0,45.0,103.0,135.0,137.0,152.0,154.0,189.0,195.0,196.0,208.0,249.0,284.0,367.0,426.0,437.0,447.0,447.0,497.0,554.0,609.0,618.0,648.0,667.0,734.0,759.0,787.0,809.0,849.0,872.0,901.0,904.0,944.0,971.0,977.0,
44.0,63.0,72.0,76.0,91.0,96.0,97.0,160.0,176.0,256.0,268.0,282.0,299.0,357.0,372.0,383.0,384.0,396.0,475.0,496.0,525.0,549.0,555.0,581.0,597.0,602.0,605.0,607.0,610.0,635.0,725.0,749.0,924.0,939.0,968.0,
52.0,82.0,169.0,178.0,263.0,277.0,300.0,320.0,331.0,341.0,359.0,379.0,381.0,402.0,411.0,444.0,498.0,532.0,533.0,536.0,539.0,555.0,565.0,574.0,584.0,595.0,611.0,620.0,624.0,632.0,648.0,651.0,657.0,669.0,677.0,691.0,692.0,700.0,716.0,723.0,727.0,728.0,737.0,764.0,788.0,789.0,815.0,820.0,836.0,850.0,854.0,866.0,885.0,891.0,921.0,931.0,932.0,953.0,960.0,966.0,969.0,971.0,979.0,986.0,993.0,997.0,
28.0,49.0,63.0,103.0,105.0,139.0,142.0,146.0,147.0,195.0,205.0,215.0,220.0,337.0,340.0,348.0,378.0,408.0,502.0,502.0,512.0,520.0,522.0,524.0,524.0,529.0,533.0,540.0,541.0,545.0,552.0,554.0,554.0,557.0,561.0,562.0,564.0,569.0,578.0,585.0,595.0,607.0,609.0,614.0,620.0,629.0,633.0,635.0,642.0,648.0,654.0,655.0,658.0,662.0,671.0,674.0,688.0,690.0,721.0,733.0,748.0,764.0,765.0,776.0,802.0,812.0,834.0,877.0,900.0,939.0,948.0,960.0,969.0,975.0,
25.0,25.0,33.0,80.0,80.0,96.0,123.0,137.0,162.0,170.0,175.0,254.0,268.0,341.0,353.0,386.0,386.0,393.0,492.0,521.0,526.0,529.0,530.0,530.0,530.0,532.0,536.0,541.0,553.0,554.0,555.0,559.0,559.0,568.0,571.0,582.0,583.0,590.0,590.0,596.0,608.0,658.0,663.0,670.0,680.0,686.0,695.0,699.0,717.0,722.0,725.0,727.0,727.0,730.0,730.0,744.0,760.0,779.0,782.0,795.0,834.0,838.0,850.0,867.0,880.0,905.0,906.0,948.0,989.0,990.0,
62.0,63.0,139.0,150.0,167.0,219.0,252.0,276.0,297.0,297.0,316.0,348.0,365.0,397.0,443.0,458.0,497.0,504.0,520.0,526.0,534.0,547.0,549.0,549.0,549.0,555.0,556.0,558.0,560.0,564.0,574.0,577.0,584.0,591.0,615.0,624.0,632.0,634.0,639.0,656.0,667.0,685.0,721.0,741.0,742.0,746.0,802.0,804.0,806.0,848.0,866.0,866.0,879.0,916.0,941.0,945.0,982.0,999.0,
44.0,50.0,58.0,69.0,72.0,125.0,129.0,212.0,220.0,234.0,303.0,312.0,329.0,350.0,408.0,420.0,423.0,449.0,504.0,515.0,516.0,520.0,520.0,527.0,528.0,545.0,546.0,548.0,551.0,561.0,562.0,578.0,582.0,583.0,584.0,592.0,592.0,595.0,603.0,603.0,608.0,627.0,627.0,640.0,641.0,653.0,678.0,688.0,693.0,697.0,697.0,703.0,706.0,707.0,712.0,726.0,728.0,730.0,732.0,744.0,745.0,751.0,761.0,769.0,799.0,808.0,821.0,826.0,839.0,847.0,856.0,860.0,876.0,888.0,920.0,925.0,928.0,951.0,954.0,954.0,969.0,
61.0,75.0,110.0,222.0,238.0,253.0,262.0,263.0,279.0,307.0,334.0,367.0,371.0,394.0,474.0,485.0,500.0,514.0,516.0,518.0,521.0,533.0,534.0,538.0,541.0,542.0,544.0,554.0,557.0,566.0,575.0,589.0,591.0,599.0,612.0,614.0,619.0,633.0,639.0,644.0,648.0,655.0,657.0,660.0,666.0,708.0,711.0,719.0,726.0,782.0,808.0,808.0,810.0,827.0,830.0,846.0,863.0,885.0,888.0,896.0,923.0,940.0,945.0,960.0,984.0,985.0,994.0,
5.0,14.0,67.0,68.0,100.0,135.0,149.0,190.0,212.0,216.0,224.0,242.0,270.0,283.0,310.0,339.0,348.0,367.0,399.0,434.0,450.0,489.0,496.0,504.0,508.0,515.0,519.0,534.0,536.0,544.0,546.0,549.0,555.0,560.0,562.0,575.0,577.0,578.0,603.0,652.0,655.0,657.0,665.0,675.0,697.0,713.0,727.0,755.0,763.0,763.0,782.0,787.0,793.0,809.0,811.0,823.0,841.0,842.0,858.0,858.0,861.0,862.0,944.0,966.0,986.0,
74.0,89.0,93.0,164.0,190.0,219.0,236.0,324.0,354.0,376.0,401.0,403.0,404.0,471.0,522.0,754.0,787.0,793.0,877.0,880.0,903.0,977.0,997.0,
44.0,46.0,51.0,66.0,84.0,87.0,103.0,119.0,128.0,164.0,170.0,230.0,299.0,301.0,306.0,320.0,339.0,346.0,367.0,399.0,412.0,417.0,426.0,433.0,450.0,489.0,511.0,515.0,578.0,671.0,700.0,814.0,883.0,885.0,936.0,
20.0,52.0,75.0,143.0,150.0,210.0,217.0,243.0,273.0,288.0,290.0,373.0,376.0,391.0,403.0,445.0,462.0,512.0,524.0,524.0,532.0,533.0,536.0,540.0,540.0,541.0,542.0,550.0,555.0,561.0,569.0,571.0,581.0,595.0,604.0,606.0,620.0,625.0,634.0,656.0,669.0,680.0,695.0,699.0,726.0,740.0,763.0,768.0,769.0,769.0,789.0,793.0,815.0,876.0,892.0,900.0,902.0,919.0,924.0,931.0,970.0,
68.0,70.0,150.0,153.0,167.0,169.0,202.0,256.0,261.0,321.0,324.0,374.0,378.0,388.0,393.0,401.0,440.0,456.0,467.0,509.0,521.0,532.0,535.0,535.0,538.0,540.0,545.0,547.0,550.0,560.0,561.0,562.0,563.0,573.0,574.0,585.0,587.0,590.0,599.0,619.0,649.0,657.0,673.0,677.0,685.0,687.0,706.0,709.0,710.0,721.0,750.0,753.0,755.0,763.0,767.0,774.0,783.0,835.0,866.0,869.0,887.0,889.0,900.0,900.0,901.0,904.0,906.0,914.0,915.0,921.0,925.0,933.0,933.0,934.0,941.0,945.0,967.0,973.0,979.0,986.0,992.0,
32.0,70.0,90.0,112.0,120.0,142.0,149.0,171.0,241.0,245.0,293.0,349.0,350.0,388.0,421.0,453.0,453.0,466.0,475.0,494.0,518.0,520.0,525.0,525.0,526.0,530.0,534.0,549.0,551.0,552.0,556.0,556.0,558.0,566.0,567.0,579.0,580.0,590.0,592.0,593.0,597.0,604.0,606.0,629.0,646.0,648.0,649.0,654.0,654.0,659.0,687.0,693.0,725.0,732.0,742.0,768.0,770.0,778.0,780.0,787.0,792.0,811.0,831.0,836.0,842.0,848.0,849.0,851.0,854.0,858.0,862.0,863.0,883.0,885.0,890.0,917.0,950.0,954.0,969.0,
14.0,41.0,46.0,52.0,57.0,57.0,89.0,97.0,98.0,113.0,192.0,202.0,286.0,339.0,345.0,374.0,405.0,474.0,498.0,513.0,521.0,522.0,525.0,526.0,536.0,537.0,541.0,568.0,569.0,575.0,576.0,614.0,630.0,631.0,639.0,644.0,646.0,654.0,663.0,665.0,666.0,667.0,668.0,678.0,698.0,750.0,772.0,776.0,779.0,783.0,835.0,855.0,856.0,866.0,875.0,881.0,891.0,897.0,913.0,918.0,930.0,981.0,
10.0,48.0,55.0,89.0,90.0,96.0,113.0,141.0,147.0,196.0,222.0,233.0,262.0,272.0,346.0,372.0,379.0,382.0,430.0,446.0,482.0,484.0,520.0,526.0,531.0,533.0,535.0,537.0,538.0,541.0,546.0,546.0,549.0,555.0,558.0,558.0,560.0,563.0,575.0,594.0,597.0,600.0,603.0,604.0,617.0,619.0,631.0,651.0,652.0,666.0,671.0,697.0,720.0,722.0,730.0,743.0,767.0,768.0,816.0,859.0,875.0,912.0,917.0,970.0,985.0,986.0,997.0,
15.0,85.0,189.0,226.0,232.0,241.0,249.0,315.0,339.0,352.0,367.0,405.0,410.0,418.0,429.0,457.0,459.0,467.0,491.0,494.0,498.0,525.0,529.0,545.0,548.0,556.0,570.0,581.0,588.0,595.0,597.0,608.0,614.0,617.0,619.0,620.0,621.0,625.0,626.0,637.0,642.0,645.0,654.0,656.0,675.0,679.0,683.0,685.0,687.0,690.0,698.0,717.0,741.0,759.0,772.0,785.0,786.0,831.0,844.0,882.0,887.0,929.0,930.0,942.0,995.0,
60.0,191.0,206.0,234.0,235.0,248.0,276.0,279.0,396.0,401.0,429.0,461.0,508.0,511.0,518.0,521.0,533.0,537.0,559.0,571.0,576.0,585.0,586.0,591.0,602.0,613.0,614.0,615.0,633.0,635.0,636.0,637.0,644.0,644.0,648.0,657.0,663.0,669.0,690.0,692.0,704.0,705.0,720.0,723.0,737.0,752.0,767.0,781.0,805.0,818.0,821.0,842.0,943.0,953.0,959.0,999.0,1000.0,
5.0,14.0,21.0,24.0,30.0,36.0,48.0,57.0,93.0,106.0,126.0,130.0,196.0,306.0,338.0,375.0,403.0,444.0,453.0,519.0,520.0,528.0,532.0,536.0,538.0,546.0,550.0,554.0,558.0,561.0,564.0,571.0,588.0,592.0,595.0,608.0,609.0,611.0,632.0,637.0,662.0,666.0,671.0,681.0,684.0,692.0,695.0,717.0,727.0,734.0,740.0,755.0,756.0,762.0,762.0,769.0,796.0,800.0,827.0,836.0,846.0,869.0,870.0,871.0,872.0,883.0,893.0,901.0,911.0,912.0,919.0,953.0,957.0,992.0,995.0,
2.0,10.0,17.0,43.0,73.0,92.0,160.0,208.0,224.0,237.0,303.0,307.0,308.0,310.0,329.0,341.0,481.0,481.0,525.0,574.0,581.0,582.0,593.0,630.0,632.0,645.0,667.0,749.0,754.0,757.0,770.0,774.0,793.0,798.0,810.0,830.0,834.0,837.0,856.0,871.0,900.0,903.0,907.0,943.0,982.0,
43.0,134.0,136.0,232.0,243.0,269.0,281.0,335.0,354.0,368.0,368.0,448.0,487.0,495.0,504.0,505.0,512.0,515.0,529.0,537.0,575.0,594.0,643.0,648.0,757.0,778.0,826.0,833.0,885.0,928.0,
113.0,117.0,122.0,211.0,224.0,247.0,295.0,296.0,306.0,362.0,387.0,410.0,428.0,454.0,468.0,498.0,515.0,516.0,529.0,534.0,537.0,539.0,539.0,544.0,569.0,571.0,587.0,587.0,592.0,596.0,602.0,608.0,612.0,616.0,629.0,634.0,639.0,641.0,647.0,667.0,668.0,678.0,683.0,697.0,700.0,701.0,731.0,734.0,746.0,757.0,771.0,786.0,810.0,811.0,846.0,852.0,862.0,875.0,889.0,895.0,907.0,920.0,973.0,
13.0,23.0,61.0,106.0,132.0,146.0,181.0,188.0,206.0,256.0,257.0,309.0,319.0,346.0,383.0,406.0,408.0,427.0,515.0,520.0,527.0,527.0,530.0,536.0,536.0,538.0,542.0,544.0,547.0,551.0,556.0,557.0,560.0,566.0,578.0,579.0,579.0,594.0,597.0,600.0,628.0,636.0,657.0,660.0,665.0,669.0,679.0,685.0,700.0,708.0,722.0,733.0,737.0,771.0,783.0,787.0,809.0,837.0,849.0,861.0,871.0,877.0,883.0,891.0,892.0,920.0,937.0,938.0,946.0,949.0,952.0,980.0,996.0,
58.0,90.0,100.0,109.0,225.0,255.0,256.0,296.0,307.0,314.0,337.0,387.0,441.0,444.0,449.0,478.0,483.0,517.0,523.0,529.0,533.0,533.0,539.0,548.0,550.0,551.0,551.0,556.0,559.0,559.0,568.0,569.0,610.0,620.0,623.0,629.0,631.0,643.0,646.0,658.0,669.0,670.0,675.0,683.0,694.0,713.0,724.0,775.0,792.0,811.0,840.0,848.0,851.0,873.0,877.0,884.0,887.0,895.0,916.0,920.0,923.0,928.0,936.0,
19.0,36.0,37.0,38.0,82.0,128.0,143.0,189.0,204.0,229.0,244.0,297.0,332.0,334.0,354.0,362.0,379.0,407.0,419.0,439.0,476.0,490.0,514.0,537.0,537.0,537.0,540.0,543.0,544.0,548.0,553.0,556.0,556.0,557.0,558.0,562.0,575.0,579.0,581.0,583.0,584.0,597.0,632.0,636.0,641.0,645.0,647.0,655.0,658.0,668.0,669.0,676.0,683.0,684.0,684.0,686.0,692.0,697.0,747.0,750.0,750.0,757.0,763.0,774.0,823.0,842.0,862.0,879.0,919.0,943.0,966.0,967.0,980.0,989.0,990.0,995.0,
60.0,96.0,100.0,118.0,172.0,176.0,222.0,252.0,381.0,404.0,418.0,463.0,468.0,473.0,500.0,521.0,522.0,525.0,528.0,531.0,533.0,535.0,541.0,546.0,552.0,556.0,560.0,562.0,567.0,572.0,581.0,597.0,615.0,629.0,641.0,662.0,665.0,666.0,672.0,674.0,683.0,686.0,698.0,704.0,712.0,715.0,716.0,717.0,720.0,723.0,732.0,748.0,753.0,790.0,793.0,813.0,819.0,838.0,861.0,874.0,932.0,949.0,996.0,
45.0,94.0,168.0,170.0,200.0,203.0,203.0,252.0,326.0,343.0,376.0,413.0,425.0,440.0,464.0,466.0,520.0,526.0,527.0,530.0,531.0,533.0,539.0,541.0,544.0,549.0,549.0,552.0,554.0,565.0,577.0,596.0,597.0,611.0,612.0,613.0,617.0,628.0,630.0,634.0,638.0,658.0,659.0,681.0,693.0,713.0,715.0,716.0,718.0,728.0,790.0,797.0,799.0,822.0,857.0,880.0,927.0,952.0,999.0,999.0,
50.0,64.0,69.0,71.0,88.0,93.0,94.0,108.0,109.0,134.0,212.0,258.0,286.0,290.0,319.0,330.0,386.0,396.0,426.0,434.0,442.0,447.0,453.0,456.0,473.0,478.0,490.0,517.0,528.0,529.0,531.0,537.0,540.0,544.0,546.0,553.0,555.0,578.0,581.0,583.0,586.0,592.0,599.0,601.0,620.0,625.0,645.0,647.0,655.0,683.0,686.0,721.0,726.0,757.0,765.0,771.0,786.0,804.0,814.0,828.0,832.0,838.0,845.0,851.0,854.0,855.0,875.0,876.0,899.0,950.0,
29.0,32.0,44.0,57.0,105.0,119.0,173.0,176.0,186.0,191.0,209.0,235.0,243.0,270.0,331.0,410.0,425.0,433.0,439.0,440.0,460.0,462.0,464.0,510.0,517.0,521.0,525.0,534.0,538.0,540.0,542.0,550.0,552.0,554.0,554.0,570.0,584.0,584.0,589.0,600.0,601.0,602.0,608.0,626.0,631.0,639.0,640.0,644.0,648.0,653.0,654.0,658.0,668.0,668.0,677.0,686.0,700.0,715.0,726.0,751.0,755.0,756.0,783.0,792.0,809.0,828.0,848.0,863.0,887.0,888.0,896.0,896.0,907.0,911.0,918.0,937.0,938.0,946.0,969.0,970.0,983.0,994.0,996.0,
26.0,79.0,100.0,120.0,130.0,144.0,166.0,172.0,190.0,214.0,272.0,288.0,314.0,352.0,368.0,418.0,431.0,448.0,452.0,516.0,518.0,525.0,537.0,545.0,549.0,557.0,562.0,568.0,570.0,572.0,573.0,575.0,580.0,585.0,588.0,599.0,602.0,602.0,603.0,609.0,612.0,617.0,625.0,631.0,642.0,667.0,683.0,687.0,700.0,701.0,703.0,722.0,743.0,752.0,753.0,763.0,802.0,829.0,849.0,855.0,858.0,868.0,887.0,911.0,914.0,935.0,947.0,951.0,
19.0,32.0,40.0,51.0,52.0,57.0,65.0,107.0,109.0,139.0,191.0,209.0,219.0,259.0,263.0,282.0,292.0,351.0,382.0,406.0,430.0,437.0,439.0,508.0,517.0,544.0,560.0,577.0,611.0,633.0,653.0,704.0,764.0,765.0,785.0,823.0,837.0,898.0,931.0,977.0,980.0,
32.0,34.0,75.0,90.0,116.0,116.0,171.0,203.0,262.0,267.0,320.0,344.0,350.0,366.0,405.0,445.0,447.0,458.0,485.0,508.0,532.0,537.0,545.0,548.0,550.0,562.0,569.0,571.0,572.0,586.0,594.0,635.0,639.0,644.0,648.0,657.0,663.0,675.0,683.0,699.0,742.0,744.0,754.0,770.0,773.0,778.0,783.0,785.0,815.0,820.0,821.0,831.0,858.0,872.0,878.0,889.0,912.0,914.0,934.0,934.0,935.0,935.0,937.0,982.0,982.0,990.0,991.0,991.0,
5.0,13.0,49.0,65.0,65.0,68.0,124.0,146.0,150.0,153.0,189.0,224.0,244.0,253.0,277.0,343.0,423.0,465.0,465.0,465.0,475.0,492.0,519.0,525.0,525.0,525.0,529.0,533.0,533.0,537.0,540.0,540.0,549.0,551.0,552.0,554.0,557.0,560.0,566.0,576.0,579.0,584.0,592.0,592.0,611.0,674.0,683.0,702.0,703.0,728.0,735.0,754.0,770.0,792.0,829.0,840.0,854.0,858.0,863.0,889.0,917.0,923.0,924.0,930.0,947.0,955.0,995.0,997.0,
129.0,174.0,177.0,181.0,188.0,196.0,239.0,289.0,302.0,310.0,399.0,406.0,420.0,434.0,510.0,510.0,520.0,524.0,524.0,531.0,544.0,554.0,564.0,564.0,565.0,572.0,573.0,575.0,576.0,579.0,600.0,603.0,611.0,615.0,619.0,622.0,632.0,633.0,639.0,655.0,685.0,697.0,708.0,708.0,717.0,731.0,742.0,768.0,803.0,829.0,837.0,837.0,866.0,870.0,871.0,944.0,948.0,948.0,
17.0,47.0,78.0,82.0,168.0,171.0,236.0,243.0,264.0,272.0,298.0,318.0,326.0,428.0,435.0,487.0,524.0,527.0,533.0,535.0,540.0,540.0,541.0,545.0,550.0,553.0,556.0,565.0,566.0,570.0,592.0,596.0,598.0,603.0,641.0,643.0,681.0,683.0,684.0,687.0,697.0,704.0,751.0,763.0,769.0,780.0,783.0,790.0,790.0,793.0,799.0,834.0,845.0,860.0,873.0,887.0,928.0,967.0,981.0,989.0,1000.0,
4.0,11.0,13.0,45.0,110.0,146.0,167.0,187.0,198.0,201.0,286.0,306.0,331.0,377.0,385.0,389.0,433.0,478.0,517.0,519.0,527.0,527.0,531.0,532.0,542.0,544.0,546.0,555.0,555.0,559.0,569.0,574.0,575.0,593.0,594.0,596.0,601.0,614.0,629.0,643.0,671.0,676.0,687.0,706.0,709.0,712.0,768.0,779.0,822.0,838.0,861.0,869.0,882.0,882.0,898.0,949.0,966.0,971.0,981.0,
12.0,25.0,46.0,94.0,108.0,125.0,150.0,159.0,163.0,175.0,176.0,213.0,223.0,225.0,241.0,259.0,279.0,285.0,287.0,326.0,345.0,346.0,479.0,482.0,484.0,520.0,529.0,531.0,532.0,533.0,535.0,548.0,548.0,557.0,572.0,579.0,583.0,588.0,591.0,602.0,629.0,635.0,668.0,686.0,694.0,720.0,722.0,730.0,769.0,780.0,786.0,806.0,812.0,841.0,853.0,870.0,891.0,966.0,980.0,
88.0,108.0,142.0,162.0,188.0,190.0,199.0,275.0,281.0,300.0,326.0,371.0,384.0,390.0,478.0,492.0,501.0,509.0,513.0,520.0,527.0,531.0,532.0,532.0,534.0,537.0,546.0,549.0,556.0,562.0,567.0,568.0,569.0,569.0,593.0,595.0,595.0,596.0,602.0,609.0,609.0,630.0,630.0,638.0,657.0,662.0,671.0,678.0,690.0,696.0,705.0,749.0,796.0,804.0,811.0,834.0,839.0,849.0,897.0,913.0,948.0,979.0,
15.0,20.0,21.0,39.0,48.0,97.0,98.0,122.0,138.0,154.0,157.0,193.0,271.0,282.0,318.0,342.0,353.0,357.0,392.0,457.0,476.0,488.0,504.0,519.0,519.0,521.0,531.0,533.0,536.0,545.0,548.0,549.0,553.0,553.0,556.0,556.0,557.0,563.0,570.0,572.0,574.0,577.0,580.0,585.0,598.0,606.0,607.0,615.0,616.0,625.0,627.0,632.0,636.0,659.0,666.0,674.0,683.0,724.0,724.0,737.0,739.0,762.0,765.0,771.0,773.0,809.0,846.0,857.0,862.0,887.0,904.0,922.0,928.0,934.0,946.0,979.0,
48.0,99.0,126.0,138.0,148.0,167.0,312.0,317.0,330.0,350.0,356.0,364.0,369.0,419.0,436.0,485.0,486.0,496.0,500.0,504.0,512.0,515.0,518.0,521.0,525.0,544.0,548.0,548.0,551.0,553.0,565.0,571.0,591.0,594.0,597.0,606.0,610.0,618.0,623.0,632.0,636.0,636.0,638.0,639.0,655.0,658.0,670.0,684.0,704.0,717.0,771.0,772.0,799.0,812.0,818.0,825.0,833.0,835.0,835.0,849.0,850.0,862.0,870.0,872.0,883.0,888.0,890.0,895.0,897.0,904.0,929.0,943.0,952.0,952.0,956.0,974.0,980.0,991.0,1000.0,
100.0,135.0,184.0,200.0,242.0,279.0,286.0,320.0,335.0,340.0,372.0,404.0,427.0,465.0,484.0,506.0,521.0,534.0,566.0,580.0,603.0,608.0,622.0,794.0,832.0,832.0,853.0,
24.0,50.0,58.0,77.0,84.0,86.0,91.0,146.0,189.0,190.0,214.0,260.0,318.0,363.0,376.0,418.0,422.0,448.0,468.0,518.0,523.0,523.0,530.0,532.0,533.0,535.0,538.0,539.0,543.0,546.0,551.0,553.0,555.0,562.0,564.0,576.0,578.0,589.0,596.0,601.0,601.0,619.0,632.0,635.0,644.0,649.0,657.0,658.0,668.0,671.0,683.0,690.0,692.0,706.0,727.0,730.0,742.0,751.0,774.0,787.0,790.0,807.0,832.0,840.0,857.0,866.0,889.0,905.0,934.0,940.0,967.0,970.0,973.0,983.0,993.0,
5.0,99.0,134.0,144.0,161.0,188.0,202.0,210.0,233.0,233.0,325.0,376.0,431.0,447.0,454.0,511.0,517.0,529.0,532.0,534.0,542.0,545.0,550.0,553.0,559.0,564.0,565.0,587.0,600.0,600.0,610.0,614.0,615.0,624.0,640.0,675.0,699.0,709.0,723.0,726.0,756.0,787.0,806.0,824.0,846.0,847.0,859.0,871.0,900.0,907.0,924.0,930.0,938.0,951.0,964.0,1000.0,1000.0,
8.0,38.0,74.0,102.0,115.0,119.0,141.0,149.0,154.0,198.0,285.0,342.0,356.0,367.0,367.0,396.0,424.0,428.0,437.0,452.0,457.0,512.0,515.0,522.0,529.0,530.0,535.0,548.0,549.0,550.0,551.0,552.0,560.0,562.0,563.0,574.0,578.0,581.0,589.0,593.0,624.0,632.0,651.0,655.0,668.0,670.0,672.0,677.0,705.0,708.0,710.0,711.0,741.0,764.0,771.0,795.0,804.0,804.0,804.0,868.0,875.0,937.0,967.0,970.0,977.0,
26.0,35.0,88.0,101.0,155.0,190.0,240.0,288.0,297.0,325.0,341.0,362.0,399.0,451.0,491.0,516.0,525.0,526.0,526.0,532.0,536.0,544.0,549.0,551.0,557.0,559.0,573.0,589.0,593.0,597.0,609.0,618.0,619.0,634.0,643.0,651.0,657.0,663.0,676.0,694.0,709.0,711.0,728.0,747.0,764.0,773.0,793.0,817.0,839.0,839.0,879.0,897.0,910.0,984.0,990.0,
6.0,112.0,191.0,225.0,272.0,286.0,302.0,306.0,324.0,430.0,439.0,490.0,518.0,521.0,524.0,526.0,529.0,533.0,539.0,543.0,553.0,569.0,575.0,577.0,579.0,580.0,604.0,611.0,619.0,670.0,672.0,692.0,696.0,703.0,705.0,754.0,771.0,795.0,822.0,847.0,853.0,857.0,894.0,905.0,911.0,930.0,951.0,958.0,980.0,
17.0,124.0,164.0,181.0,194.0,195.0,209.0,214.0,232.0,245.0,331.0,342.0,366.0,403.0,479.0,516.0,518.0,518.0,525.0,526.0,529.0,534.0,539.0,545.0,546.0,549.0,549.0,552.0,556.0,563.0,565.0,576.0,581.0,592.0,608.0,631.0,634.0,636.0,636.0,644.0,658.0,663.0,675.0,690.0,719.0,761.0,763.0,804.0,814.0,841.0,893.0,898.0,903.0,906.0,929.0,942.0,974.0,977.0,978.0,981.0,989.0,998.0,
95.0,103.0,132.0,168.0,173.0,229.0,243.0,244.0,260.0,292.0,304.0,333.0,337.0,357.0,362.0,373.0,385.0,439.0,471.0,510.0,513.0,519.0,524.0,538.0,539.0,540.0,544.0,553.0,557.0,566.0,570.0,572.0,574.0,582.0,589.0,590.0,605.0,615.0,638.0,708.0,742.0,761.0,769.0,771.0,804.0,823.0,834.0,872.0,875.0,876.0,884.0,895.0,967.0,988.0,
19.0,21.0,40.0,47.0,67.0,81.0,86.0,90.0,118.0,164.0,170.0,205.0,232.0,255.0,325.0,393.0,518.0,519.0,523.0,526.0,529.0,538.0,540.0,540.0,551.0,558.0,561.0,566.0,569.0,572.0,579.0,581.0,594.0,599.0,606.0,615.0,617.0,657.0,661.0,662.0,667.0,670.0,673.0,675.0,675.0,676.0,682.0,707.0,732.0,736.0,740.0,745.0,755.0,771.0,788.0,867.0,897.0,922.0,936.0,948.0,975.0,996.0,
35.0,44.0,51.0,81.0,109.0,118.0,129.0,151.0,152.0,166.0,182.0,187.0,194.0,214.0,230.0,253.0,254.0,314.0,341.0,348.0,363.0,373.0,403.0,405.0,444.0,476.0,479.0,482.0,483.0,515.0,527.0,536.0,557.0,557.0,567.0,568.0,571.0,572.0,572.0,580.0,584.0,589.0,590.0,593.0,596.0,596.0,605.0,606.0,617.0,630.0,635.0,636.0,639.0,640.0,649.0,660.0,668.0,678.0,686.0,702.0,710.0,722.0,728.0,746.0,757.0,758.0,758.0,772.0,780.0,784.0,818.0,819.0,852.0,862.0,865.0,868.0,893.0,896.0,912.0,914.0,918.0,921.0,925.0,937.0,947.0,950.0,951.0,953.0,995.0,
20.0,51.0,52.0,53.0,60.0,69.0,99.0,114.0,128.0,140.0,145.0,148.0,149.0,163.0,247.0,275.0,304.0,334.0,351.0,353.0,364.0,387.0,398.0,407.0,419.0,427.0,433.0,538.0,562.0,596.0,756.0,765.0,779.0,810.0,885.0,889.0,950.0,953.0,973.0,978.0,991.0,
7.0,7.0,67.0,80.0,183.0,195.0,232.0,282.0,319.0,352.0,409.0,416.0,430.0,491.0,514.0,526.0,530.0,540.0,544.0,545.0,549.0,558.0,564.0,572.0,575.0,578.0,580.0,588.0,591.0,594.0,595.0,619.0,624.0,634.0,641.0,736.0,774.0,785.0,818.0,824.0,830.0,834.0,862.0,870.0,938.0,956.0,970.0,980.0,989.0,991.0,
57.0,60.0,105.0,113.0,121.0,143.0,169.0,179.0,202.0,209.0,213.0,223.0,229.0,237.0,246.0,370.0,398.0,432.0,449.0,456.0,486.0,521.0,527.0,528.0,529.0,530.0,532.0,541.0,545.0,545.0,547.0,549.0,551.0,551.0,554.0,566.0,575.0,584.0,584.0,591.0,594.0,596.0,597.0,609.0,610.0,613.0,614.0,625.0,648.0,659.0,677.0,721.0,727.0,773.0,779.0,780.0,786.0,788.0,804.0,819.0,837.0,842.0,851.0,862.0,868.0,883.0,886.0,898.0,911.0,915.0,957.0,995.0,
64.0,67.0,89.0,98.0,103.0,110.0,123.0,161.0,163.0,237.0,255.0,284.0,299.0,305.0,317.0,327.0,362.0,364.0,485.0,503.0,505.0,528.0,529.0,532.0,533.0,538.0,538.0,541.0,542.0,549.0,556.0,571.0,573.0,576.0,576.0,577.0,577.0,577.0,591.0,597.0,600.0,602.0,610.0,613.0,614.0,614.0,624.0,628.0,632.0,637.0,648.0,651.0,655.0,656.0,663.0,664.0,671.0,673.0,675.0,676.0,687.0,699.0,711.0,714.0,715.0,723.0,764.0,800.0,811.0,811.0,812.0,836.0,867.0,874.0,945.0,966.0,971.0,990.0,
13.0,20.0,70.0,176.0,214.0,226.0,260.0,291.0,294.0,296.0,321.0,321.0,433.0,444.0,497.0,499.0,529.0,539.0,540.0,546.0,563.0,565.0,567.0,573.0,574.0,587.0,591.0,591.0,595.0,605.0,608.0,611.0,631.0,634.0,662.0,671.0,686.0,700.0,724.0,744.0,750.0,758.0,772.0,795.0,795.0,798.0,828.0,831.0,837.0,855.0,875.0,907.0,947.0,951.0,978.0,
3.0,18.0,30.0,53.0,123.0,135.0,159.0,159.0,181.0,187.0,192.0,215.0,219.0,225.0,261.0,294.0,300.0,327.0,435.0,436.0,458.0,484.0,512.0,513.0,530.0,532.0,536.0,537.0,544.0,548.0,551.0,558.0,572.0,573.0,577.0,579.0,604.0,606.0,613.0,634.0,636.0,636.0,650.0,651.0,664.0,673.0,684.0,717.0,720.0,734.0,736.0,739.0,750.0,751.0,797.0,810.0,828.0,834.0,878.0,879.0,904.0,909.0,943.0,944.0,966.0,978.0,981.0,995.0,
40.0,112.0,136.0,150.0,198.0,355.0,363.0,364.0,401.0,479.0,502.0,510.0,516.0,516.0,518.0,534.0,541.0,544.0,549.0,549.0,553.0,554.0,557.0,570.0,571.0,579.0,583.0,595.0,603.0,615.0,620.0,624.0,627.0,629.0,631.0,633.0,635.0,638.0,655.0,670.0,670.0,698.0,699.0,729.0,735.0,759.0,761.0,763.0,800.0,823.0,831.0,916.0,918.0,919.0,965.0,
4.0,60.0,66.0,141.0,174.0,182.0,201.0,288.0,318.0,332.0,386.0,400.0,449.0,492.0,523.0,523.0,524.0,527.0,528.0,531.0,533.0,535.0,538.0,539.0,540.0,540.0,545.0,546.0,553.0,560.0,560.0,562.0,565.0,571.0,572.0,582.0,583.0,608.0,615.0,619.0,629.0,659.0,663.0,665.0,679.0,683.0,685.0,692.0,693.0,721.0,773.0,800.0,803.0,812.0,814.0,819.0,832.0,849.0,872.0,876.0,923.0,933.0,935.0,948.0,967.0,972.0,
56.0,62.0,101.0,111.0,120.0,149.0,175.0,201.0,233.0,242.0,249.0,262.0,266.0,283.0,307.0,323.0,338.0,407.0,413.0,466.0,482.0,491.0,513.0,528.0,529.0,531.0,532.0,535.0,535.0,535.0,536.0,537.0,539.0,539.0,543.0,546.0,546.0,551.0,552.0,560.0,562.0,573.0,585.0,607.0,609.0,626.0,641.0,654.0,660.0,665.0,670.0,671.0,689.0,693.0,709.0,710.0,727.0,740.0,777.0,801.0,807.0,811.0,822.0,828.0,845.0,848.0,850.0,869.0,879.0,885.0,898.0,902.0,913.0,922.0,928.0,934.0,947.0,965.0,974.0,993.0,
22.0,34.0,38.0,121.0,165.0,196.0,246.0,283.0,284.0,304.0,323.0,345.0,348.0,377.0,402.0,418.0,450.0,474.0,506.0,525.0,525.0,538.0,538.0,539.0,545.0,562.0,562.0,569.0,570.0,577.0,582.0,587.0,594.0,608.0,627.0,641.0,655.0,659.0,676.0,681.0,684.0,688.0,710.0,723.0,732.0,788.0,791.0,831.0,847.0,867.0,869.0,899.0,904.0,969.0,995.0,
29.0,46.0,78.0,129.0,150.0,178.0,275.0,280.0,297.0,327.0,350.0,359.0,361.0,370.0,418.0,446.0,447.0,448.0,554.0,557.0,575.0,594.0,602.0,653.0,711.0,785.0,844.0,859.0,869.0,879.0,884.0,939.0,989.0,994.0,
11.0,14.0,15.0,48.0,59.0,68.0,79.0,104.0,109.0,129.0,151.0,152.0,169.0,381.0,384.0,385.0,451.0,465.0,482.0,520.0,525.0,526.0,546.0,555.0,563.0,591.0,634.0,684.0,865.0,879.0,911.0,950.0,967.0,979.0,
3.0,83.0,96.0,108.0,137.0,144.0,145.0,150.0,181.0,198.0,199.0,240.0,243.0,282.0,300.0,415.0,497.0,533.0,540.0,543.0,544.0,554.0,558.0,565.0,565.0,579.0,586.0,594.0,622.0,639.0,640.0,647.0,658.0,696.0,699.0,703.0,704.0,707.0,710.0,726.0,729.0,729.0,731.0,742.0,759.0,763.0,785.0,796.0,802.0,835.0,859.0,868.0,914.0,919.0,944.0,961.0,969.0,975.0,984.0,
4.0,40.0,76.0,91.0,107.0,206.0,249.0,365.0,368.0,368.0,435.0,437.0,524.0,550.0,551.0,553.0,555.0,555.0,570.0,582.0,583.0,616.0,622.0,626.0,629.0,631.0,631.0,638.0,655.0,668.0,695.0,705.0,715.0,720.0,724.0,731.0,743.0,757.0,777.0,798.0,799.0,822.0,830.0,860.0,876.0,899.0,940.0,994.0,
6.0,25.0,39.0,60.0,98.0,113.0,129.0,135.0,226.0,260.0,309.0,315.0,350.0,360.0,379.0,397.0,424.0,441.0,452.0,516.0,528.0,529.0,531.0,532.0,534.0,535.0,539.0,542.0,542.0,544.0,546.0,548.0,550.0,552.0,553.0,555.0,568.0,569.0,573.0,573.0,586.0,607.0,610.0,611.0,623.0,653.0,665.0,669.0,669.0,670.0,673.0,683.0,683.0,683.0,690.0,725.0,755.0,758.0,764.0,778.0,779.0,782.0,788.0,810.0,812.0,828.0,863.0,885.0,893.0,900.0,902.0,929.0,958.0,960.0,962.0,967.0,968.0,971.0,979.0,986.0,
9.0,14.0,24.0,34.0,110.0,183.0,186.0,187.0,257.0,307.0,327.0,334.0,378.0,405.0,420.0,478.0,485.0,486.0,517.0,519.0,520.0,527.0,548.0,560.0,567.0,568.0,574.0,575.0,576.0,578.0,579.0,579.0,581.0,582.0,584.0,585.0,586.0,586.0,603.0,607.0,620.0,644.0,651.0,655.0,662.0,677.0,689.0,695.0,702.0,712.0,718.0,725.0,732.0,743.0,807.0,811.0,824.0,842.0,857.0,878.0,888.0,896.0,902.0,905.0,906.0,919.0,942.0,944.0,949.0,988.0,992.0,
12.0,37.0,60.0,101.0,135.0,162.0,172.0,178.0,179.0,191.0,216.0,218.0,219.0,258.0,332.0,388.0,420.0,431.0,443.0,491.0,514.0,516.0,526.0,527.0,537.0,537.0,583.0,583.0,592.0,593.0,607.0,607.0,615.0,638.0,646.0,647.0,689.0,694.0,695.0,782.0,798.0,811.0,819.0,827.0,834.0,839.0,859.0,869.0,873.0,884.0,888.0,950.0,955.0,968.0,988.0,
13.0,49.0,73.0,79.0,96.0,121.0,132.0,140.0,141.0,166.0,169.0,173.0,215.0,337.0,497.0,501.0,529.0,531.0,535.0,546.0,555.0,560.0,560.0,563.0,574.0,575.0,577.0,582.0,586.0,587.0,599.0,602.0,609.0,610.0,617.0,621.0,622.0,623.0,626.0,631.0,638.0,649.0,684.0,688.0,692.0,695.0,718.0,722.0,724.0,726.0,738.0,756.0,765.0,767.0,775.0,777.0,785.0,802.0,808.0,829.0,829.0,829.0,854.0,877.0,882.0,911.0,911.0,918.0,921.0,946.0,956.0,975.0,975.0,984.0,985.0,993.0,998.0,
19.0,27.0,46.0,108.0,110.0,173.0,213.0,235.0,244.0,284.0,316.0,324.0,342.0,400.0,411.0,419.0,434.0,485.0,497.0,507.0,516.0,523.0,527.0,530.0,535.0,541.0,548.0,552.0,576.0,585.0,590.0,602.0,613.0,622.0,627.0,639.0,651.0,656.0,658.0,663.0,674.0,707.0,709.0,711.0,742.0,744.0,747.0,754.0,762.0,764.0,770.0,777.0,806.0,838.0,877.0,905.0,910.0,915.0,918.0,928.0,936.0,938.0,950.0,980.0,982.0,
17.0,37.0,48.0,53.0,79.0,110.0,142.0,148.0,189.0,201.0,202.0,264.0,265.0,272.0,308.0,326.0,328.0,371.0,401.0,413.0,414.0,451.0,465.0,474.0,478.0,480.0,482.0,491.0,506.0,507.0,509.0,549.0,567.0,644.0,688.0,857.0,901.0,
5.0,16.0,25.0,34.0,71.0,229.0,301.0,320.0,332.0,335.0,350.0,351.0,366.0,538.0,659.0,688.0,699.0,740.0,752.0,799.0,824.0,850.0,963.0,972.0,980.0,993.0,993.0,
62.0,73.0,87.0,89.0,97.0,115.0,132.0,133.0,228.0,253.0,333.0,456.0,459.0,493.0,522.0,543.0,612.0,617.0,656.0,670.0,731.0,732.0,821.0,824.0,840.0,852.0,884.0,920.0,947.0,991.0,
28.0,41.0,62.0,86.0,90.0,126.0,163.0,187.0,192.0,242.0,335.0,379.0,450.0,500.0,522.0,525.0,575.0,589.0,596.0,596.0,639.0,655.0,691.0,701.0,755.0,764.0,841.0,862.0,892.0,968.0,
2.0,33.0,41.0,53.0,73.0,98.0,116.0,127.0,157.0,215.0,231.0,236.0,243.0,249.0,269.0,315.0,329.0,345.0,372.0,426.0,432.0,437.0,446.0,446.0,538.0,539.0,552.0,553.0,571.0,571.0,582.0,589.0,589.0,598.0,607.0,618.0,625.0,643.0,660.0,685.0,685.0,686.0,710.0,787.0,851.0,859.0,859.0,888.0,906.0,912.0,935.0,951.0,978.0,981.0,
13.0,17.0,20.0,40.0,67.0,80.0,87.0,107.0,111.0,117.0,139.0,168.0,195.0,252.0,254.0,278.0,320.0,359.0,382.0,403.0,412.0,426.0,442.0,456.0,498.0,511.0,525.0,528.0,533.0,539.0,544.0,545.0,546.0,553.0,555.0,569.0,573.0,574.0,579.0,579.0,580.0,584.0,600.0,601.0,604.0,613.0,639.0,644.0,644.0,648.0,653.0,653.0,658.0,676.0,679.0,687.0,708.0,717.0,719.0,731.0,735.0,738.0,744.0,745.0,745.0,757.0,763.0,764.0,768.0,772.0,792.0,831.0,837.0,870.0,870.0,902.0,904.0,930.0,930.0,941.0,941.0,955.0,
7.0,19.0,52.0,61.0,79.0,155.0,159.0,224.0,244.0,248.0,314.0,398.0,410.0,436.0,455.0,503.0,525.0,526.0,529.0,533.0,534.0,534.0,540.0,548.0,556.0,557.0,557.0,557.0,573.0,574.0,590.0,604.0,605.0,605.0,616.0,618.0,619.0,620.0,628.0,640.0,664.0,676.0,686.0,695.0,700.0,711.0,717.0,729.0,734.0,796.0,796.0,829.0,836.0,839.0,856.0,856.0,883.0,906.0,914.0,927.0,945.0,952.0,953.0,968.0,983.0,
3.0,38.0,57.0,64.0,96.0,164.0,217.0,244.0,247.0,269.0,273.0,308.0,340.0,347.0,348.0,359.0,380.0,430.0,504.0,523.0,530.0,544.0,552.0,552.0,559.0,562.0,563.0,571.0,578.0,592.0,592.0,597.0,610.0,637.0,638.0,641.0,642.0,644.0,655.0,656.0,671.0,698.0,708.0,723.0,725.0,729.0,731.0,731.0,745.0,766.0,770.0,780.0,792.0,806.0,814.0,815.0,824.0,829.0,830.0,838.0,839.0,854.0,858.0,903.0,904.0,930.0,938.0,950.0,954.0,965.0,966.0,967.0,979.0,
52.0,73.0,79.0,102.0,155.0,171.0,186.0,200.0,224.0,232.0,270.0,326.0,347.0,358.0,362.0,369.0,377.0,385.0,454.0,476.0,478.0,518.0,528.0,531.0,532.0,537.0,555.0,595.0,595.0,604.0,619.0,644.0,645.0,646.0,647.0,653.0,654.0,671.0,671.0,677.0,704.0,722.0,741.0,749.0,757.0,774.0,777.0,781.0,782.0,786.0,789.0,791.0,803.0,815.0,832.0,847.0,850.0,934.0,941.0,953.0,961.0,964.0,966.0,970.0,998.0,
2.0,34.0,55.0,83.0,98.0,136.0,143.0,182.0,188.0,204.0,235.0,249.0,317.0,339.0,348.0,355.0,375.0,395.0,425.0,455.0,491.0,549.0,551.0,583.0,727.0,734.0,801.0,851.0,854.0,854.0,866.0,910.0,911.0,
12.0,25.0,61.0,90.0,96.0,104.0,125.0,154.0,205.0,208.0,213.0,263.0,297.0,379.0,380.0,381.0,406.0,415.0,423.0,430.0,492.0,503.0,578.0,607.0,639.0,656.0,702.0,745.0,756.0,758.0,787.0,883.0,927.0,957.0,
