83.0,89.0,93.0,127.0,153.0,191.0,249.0,253.0,278.0,282.0,298.0,326.0,363.0,385.0,435.0,443.0,452.0,479.0,565.0,574.0,618.0,620.0,664.0,671.0,689.0,693.0,726.0,743.0,813.0,819.0,927.0,930.0,979.0,998.0,
3.0,28.0,30.0,32.0,36.0,119.0,167.0,190.0,214.0,233.0,273.0,280.0,288.0,321.0,358.0,368.0,413.0,440.0,514.0,521.0,531.0,602.0,617.0,735.0,761.0,768.0,808.0,869.0,912.0,932.0,945.0,954.0,969.0,984.0,999.0,
22.0,73.0,97.0,145.0,166.0,168.0,172.0,179.0,184.0,216.0,285.0,290.0,296.0,309.0,334.0,350.0,385.0,447.0,558.0,569.0,582.0,594.0,601.0,631.0,642.0,655.0,673.0,690.0,695.0,722.0,769.0,786.0,843.0,865.0,885.0,891.0,920.0,921.0,922.0,944.0,983.0,987.0,999.0,
6.0,8.0,59.0,85.0,92.0,118.0,118.0,119.0,142.0,143.0,174.0,203.0,376.0,383.0,410.0,427.0,461.0,496.0,535.0,537.0,627.0,629.0,692.0,697.0,717.0,734.0,747.0,758.0,772.0,785.0,796.0,806.0,810.0,819.0,844.0,846.0,887.0,899.0,908.0,959.0,973.0,991.0,999.0,
12.0,137.0,147.0,153.0,161.0,206.0,217.0,233.0,235.0,272.0,276.0,300.0,337.0,339.0,368.0,430.0,464.0,492.0,497.0,499.0,588.0,589.0,602.0,682.0,684.0,691.0,694.0,702.0,739.0,749.0,793.0,806.0,806.0,810.0,856.0,858.0,860.0,868.0,898.0,924.0,956.0,978.0,987.0,989.0,
16.0,21.0,66.0,82.0,85.0,93.0,162.0,222.0,230.0,268.0,337.0,355.0,416.0,430.0,449.0,454.0,599.0,662.0,713.0,753.0,782.0,786.0,796.0,809.0,876.0,883.0,903.0,921.0,931.0,932.0,939.0,943.0,966.0,968.0,
20.0,49.0,113.0,114.0,135.0,144.0,215.0,251.0,283.0,306.0,313.0,352.0,364.0,424.0,501.0,517.0,525.0,626.0,650.0,700.0,708.0,726.0,731.0,738.0,745.0,783.0,801.0,811.0,822.0,833.0,837.0,863.0,924.0,925.0,967.0,983.0,
20.0,57.0,64.0,74.0,98.0,103.0,103.0,106.0,108.0,197.0,199.0,264.0,346.0,494.0,560.0,561.0,580.0,661.0,676.0,677.0,728.0,739.0,764.0,767.0,776.0,828.0,832.0,887.0,890.0,899.0,915.0,922.0,937.0,951.0,957.0,981.0,
34.0,49.0,57.0,107.0,131.0,152.0,160.0,213.0,255.0,278.0,290.0,302.0,312.0,345.0,350.0,361.0,394.0,397.0,402.0,418.0,623.0,654.0,682.0,690.0,693.0,703.0,722.0,728.0,740.0,816.0,830.0,831.0,833.0,852.0,858.0,880.0,882.0,890.0,893.0,903.0,908.0,942.0,946.0,951.0,960.0,961.0,964.0,975.0,983.0,992.0,
31.0,51.0,86.0,115.0,127.0,135.0,184.0,196.0,248.0,282.0,287.0,323.0,341.0,342.0,393.0,424.0,446.0,456.0,539.0,553.0,590.0,616.0,699.0,702.0,729.0,745.0,770.0,782.0,803.0,846.0,864.0,879.0,906.0,908.0,944.0,955.0,999.0,
19.0,28.0,43.0,85.0,120.0,132.0,140.0,141.0,145.0,148.0,152.0,189.0,197.0,207.0,214.0,259.0,293.0,419.0,420.0,459.0,468.0,528.0,554.0,605.0,608.0,779.0,785.0,806.0,870.0,897.0,907.0,942.0,973.0,991.0,
35.0,66.0,151.0,167.0,170.0,192.0,209.0,226.0,245.0,280.0,328.0,356.0,371.0,380.0,390.0,451.0,504.0,527.0,571.0,589.0,597.0,610.0,613.0,620.0,623.0,667.0,675.0,685.0,716.0,767.0,796.0,843.0,844.0,850.0,865.0,948.0,952.0,
85.0,90.0,90.0,118.0,169.0,173.0,173.0,188.0,204.0,226.0,234.0,316.0,340.0,350.0,368.0,401.0,423.0,476.0,484.0,495.0,511.0,615.0,626.0,636.0,643.0,646.0,646.0,662.0,679.0,681.0,739.0,785.0,882.0,906.0,912.0,923.0,954.0,
9.0,61.0,69.0,85.0,92.0,114.0,141.0,142.0,153.0,227.0,356.0,360.0,377.0,431.0,447.0,481.0,495.0,502.0,961.0,
27.0,71.0,115.0,127.0,127.0,155.0,168.0,173.0,224.0,239.0,356.0,381.0,393.0,418.0,432.0,457.0,469.0,
7.0,74.0,80.0,82.0,101.0,110.0,114.0,121.0,187.0,212.0,257.0,314.0,383.0,388.0,396.0,408.0,412.0,474.0,486.0,488.0,503.0,
24.0,38.0,56.0,61.0,102.0,110.0,123.0,173.0,256.0,283.0,295.0,329.0,367.0,368.0,383.0,401.0,409.0,439.0,452.0,
41.0,56.0,64.0,81.0,81.0,112.0,157.0,164.0,189.0,190.0,197.0,198.0,199.0,206.0,232.0,266.0,295.0,304.0,307.0,318.0,370.0,384.0,387.0,388.0,389.0,441.0,486.0,489.0,775.0,822.0,920.0,949.0,
27.0,63.0,139.0,160.0,165.0,239.0,265.0,272.0,275.0,307.0,386.0,405.0,604.0,683.0,706.0,719.0,731.0,736.0,742.0,773.0,788.0,817.0,859.0,861.0,978.0,988.0,
14.0,81.0,96.0,149.0,169.0,187.0,203.0,213.0,220.0,267.0,288.0,300.0,319.0,352.0,417.0,419.0,496.0,515.0,555.0,605.0,623.0,647.0,671.0,672.0,722.0,744.0,745.0,749.0,759.0,760.0,762.0,771.0,823.0,835.0,861.0,885.0,888.0,912.0,927.0,941.0,973.0,
65.0,123.0,124.0,125.0,146.0,184.0,248.0,252.0,286.0,296.0,300.0,307.0,317.0,328.0,351.0,362.0,404.0,405.0,506.0,519.0,520.0,558.0,569.0,570.0,589.0,592.0,603.0,606.0,638.0,638.0,645.0,683.0,685.0,724.0,742.0,793.0,801.0,806.0,833.0,873.0,897.0,906.0,942.0,971.0,992.0,
23.0,92.0,100.0,131.0,155.0,171.0,198.0,220.0,235.0,240.0,268.0,273.0,304.0,319.0,341.0,350.0,359.0,435.0,593.0,625.0,667.0,701.0,707.0,720.0,765.0,775.0,814.0,814.0,845.0,850.0,856.0,886.0,900.0,906.0,907.0,969.0,
111.0,153.0,172.0,187.0,280.0,319.0,326.0,342.0,378.0,426.0,454.0,455.0,488.0,494.0,
10.0,50.0,66.0,85.0,104.0,177.0,183.0,186.0,208.0,246.0,290.0,304.0,317.0,381.0,387.0,389.0,422.0,426.0,434.0,455.0,468.0,472.0,
27.0,36.0,44.0,48.0,53.0,143.0,143.0,185.0,191.0,192.0,197.0,204.0,235.0,415.0,439.0,464.0,466.0,845.0,905.0,
10.0,53.0,103.0,138.0,138.0,147.0,153.0,212.0,213.0,240.0,319.0,326.0,345.0,347.0,353.0,436.0,436.0,445.0,446.0,448.0,473.0,787.0,876.0,
10.0,39.0,53.0,96.0,115.0,132.0,139.0,170.0,175.0,191.0,198.0,198.0,207.0,240.0,337.0,337.0,348.0,359.0,362.0,363.0,368.0,399.0,414.0,785.0,830.0,912.0,958.0,
31.0,46.0,81.0,111.0,122.0,127.0,164.0,176.0,177.0,216.0,225.0,303.0,304.0,308.0,322.0,399.0,406.0,410.0,441.0,451.0,461.0,
3.0,19.0,46.0,72.0,92.0,97.0,124.0,147.0,160.0,191.0,245.0,267.0,289.0,341.0,447.0,450.0,485.0,
26.0,29.0,51.0,77.0,114.0,126.0,126.0,147.0,180.0,204.0,223.0,239.0,277.0,279.0,392.0,395.0,395.0,397.0,403.0,423.0,426.0,428.0,461.0,490.0,509.0,581.0,637.0,662.0,675.0,697.0,739.0,742.0,750.0,760.0,760.0,763.0,787.0,790.0,801.0,821.0,826.0,835.0,855.0,868.0,875.0,887.0,903.0,903.0,906.0,932.0,949.0,965.0,980.0,
61.0,65.0,70.0,103.0,119.0,176.0,189.0,201.0,203.0,290.0,302.0,331.0,343.0,367.0,391.0,416.0,417.0,423.0,425.0,478.0,558.0,601.0,622.0,623.0,632.0,666.0,728.0,765.0,777.0,782.0,793.0,817.0,821.0,823.0,840.0,871.0,883.0,892.0,894.0,904.0,916.0,924.0,928.0,942.0,963.0,968.0,971.0,
49.0,119.0,164.0,170.0,179.0,190.0,222.0,224.0,226.0,244.0,253.0,285.0,312.0,331.0,370.0,387.0,429.0,430.0,459.0,463.0,830.0,
69.0,131.0,135.0,160.0,164.0,223.0,233.0,280.0,281.0,293.0,298.0,386.0,396.0,443.0,
16.0,45.0,52.0,93.0,184.0,204.0,222.0,282.0,283.0,307.0,311.0,332.0,335.0,343.0,355.0,374.0,375.0,440.0,454.0,462.0,479.0,845.0,905.0,959.0,997.0,
15.0,40.0,130.0,174.0,177.0,181.0,201.0,366.0,385.0,732.0,740.0,832.0,955.0,
12.0,13.0,26.0,31.0,45.0,73.0,107.0,108.0,112.0,145.0,242.0,262.0,297.0,309.0,319.0,323.0,346.0,352.0,371.0,378.0,399.0,433.0,463.0,499.0,503.0,743.0,822.0,960.0,995.0,
17.0,23.0,24.0,27.0,78.0,96.0,152.0,185.0,272.0,309.0,358.0,364.0,390.0,424.0,442.0,449.0,466.0,499.0,765.0,916.0,
30.0,32.0,59.0,120.0,154.0,190.0,248.0,253.0,318.0,326.0,359.0,363.0,386.0,434.0,437.0,458.0,485.0,496.0,738.0,773.0,775.0,809.0,811.0,899.0,969.0,
10.0,46.0,125.0,128.0,153.0,166.0,190.0,210.0,326.0,389.0,424.0,431.0,441.0,448.0,462.0,469.0,486.0,501.0,869.0,938.0,
38.0,76.0,79.0,85.0,116.0,174.0,254.0,310.0,310.0,392.0,420.0,432.0,434.0,464.0,908.0,916.0,993.0,
6.0,9.0,37.0,71.0,81.0,112.0,133.0,165.0,187.0,199.0,226.0,239.0,260.0,270.0,288.0,311.0,353.0,362.0,376.0,401.0,404.0,432.0,460.0,519.0,572.0,642.0,643.0,663.0,675.0,734.0,772.0,809.0,834.0,846.0,854.0,892.0,909.0,918.0,923.0,952.0,957.0,
54.0,82.0,96.0,146.0,163.0,204.0,209.0,322.0,426.0,430.0,454.0,480.0,499.0,
18.0,130.0,185.0,265.0,272.0,307.0,310.0,335.0,339.0,356.0,376.0,402.0,414.0,434.0,441.0,447.0,467.0,477.0,493.0,867.0,937.0,949.0,992.0,
17.0,45.0,88.0,95.0,99.0,99.0,116.0,125.0,146.0,156.0,193.0,230.0,269.0,276.0,280.0,336.0,360.0,362.0,389.0,402.0,413.0,479.0,488.0,734.0,735.0,814.0,827.0,866.0,916.0,980.0,
31.0,52.0,62.0,112.0,128.0,155.0,196.0,222.0,288.0,312.0,371.0,395.0,444.0,484.0,488.0,496.0,799.0,819.0,856.0,
33.0,37.0,51.0,106.0,119.0,149.0,195.0,203.0,228.0,232.0,253.0,268.0,333.0,342.0,379.0,382.0,388.0,425.0,436.0,455.0,480.0,488.0,497.0,808.0,922.0,
19.0,28.0,42.0,91.0,92.0,189.0,219.0,229.0,258.0,266.0,300.0,302.0,316.0,319.0,362.0,369.0,377.0,420.0,482.0,502.0,503.0,506.0,801.0,823.0,851.0,883.0,
77.0,111.0,122.0,124.0,129.0,144.0,163.0,236.0,240.0,283.0,292.0,293.0,298.0,325.0,350.0,420.0,426.0,434.0,436.0,440.0,467.0,482.0,482.0,487.0,490.0,737.0,892.0,942.0,
6.0,83.0,133.0,140.0,143.0,211.0,275.0,282.0,328.0,330.0,335.0,345.0,347.0,369.0,371.0,372.0,508.0,942.0,
113.0,115.0,219.0,269.0,300.0,330.0,354.0,372.0,400.0,421.0,433.0,451.0,467.0,469.0,473.0,500.0,
77.0,86.0,123.0,128.0,132.0,246.0,311.0,337.0,353.0,353.0,392.0,392.0,392.0,422.0,466.0,498.0,705.0,757.0,766.0,864.0,880.0,906.0,920.0,933.0,975.0,1000.0,
23.0,44.0,45.0,62.0,66.0,92.0,129.0,147.0,151.0,197.0,207.0,259.0,283.0,327.0,334.0,368.0,394.0,401.0,416.0,434.0,451.0,495.0,
11.0,46.0,66.0,118.0,158.0,171.0,243.0,279.0,284.0,307.0,325.0,338.0,338.0,372.0,396.0,431.0,457.0,468.0,831.0,965.0,999.0,
4.0,15.0,19.0,48.0,53.0,59.0,68.0,72.0,110.0,123.0,129.0,150.0,154.0,157.0,160.0,162.0,261.0,466.0,483.0,486.0,779.0,982.0,
70.0,101.0,104.0,111.0,122.0,129.0,151.0,179.0,194.0,202.0,213.0,214.0,232.0,255.0,305.0,306.0,308.0,320.0,466.0,507.0,785.0,803.0,841.0,992.0,
8.0,14.0,32.0,35.0,68.0,79.0,80.0,114.0,124.0,161.0,201.0,271.0,277.0,281.0,287.0,294.0,298.0,346.0,348.0,381.0,399.0,411.0,494.0,852.0,
4.0,58.0,60.0,68.0,158.0,268.0,295.0,357.0,380.0,391.0,401.0,418.0,420.0,459.0,469.0,476.0,485.0,494.0,821.0,824.0,871.0,
4.0,19.0,26.0,110.0,192.0,209.0,219.0,251.0,284.0,298.0,431.0,497.0,805.0,829.0,853.0,871.0,939.0,952.0,
4.0,6.0,24.0,32.0,48.0,88.0,97.0,146.0,152.0,264.0,296.0,307.0,353.0,397.0,475.0,481.0,491.0,
69.0,76.0,184.0,192.0,212.0,260.0,271.0,272.0,282.0,298.0,368.0,399.0,403.0,408.0,408.0,410.0,436.0,487.0,492.0,492.0,
45.0,58.0,75.0,83.0,92.0,163.0,179.0,197.0,229.0,256.0,386.0,411.0,413.0,417.0,437.0,451.0,458.0,481.0,506.0,545.0,582.0,595.0,609.0,666.0,680.0,690.0,691.0,699.0,706.0,730.0,745.0,803.0,850.0,878.0,882.0,
40.0,86.0,97.0,242.0,254.0,256.0,448.0,455.0,481.0,
4.0,38.0,78.0,115.0,116.0,129.0,134.0,138.0,156.0,159.0,168.0,193.0,254.0,266.0,347.0,360.0,390.0,407.0,454.0,475.0,483.0,501.0,501.0,505.0,794.0,798.0,901.0,980.0,
2.0,31.0,69.0,93.0,103.0,106.0,111.0,113.0,174.0,225.0,235.0,298.0,341.0,347.0,364.0,391.0,406.0,411.0,477.0,787.0,956.0,
6.0,22.0,48.0,76.0,89.0,123.0,271.0,282.0,291.0,300.0,309.0,339.0,349.0,378.0,389.0,392.0,401.0,425.0,455.0,460.0,488.0,868.0,905.0,915.0,939.0,983.0,
25.0,27.0,36.0,59.0,83.0,156.0,210.0,210.0,220.0,221.0,280.0,320.0,324.0,375.0,435.0,479.0,498.0,911.0,944.0,962.0,969.0,972.0,
36.0,39.0,47.0,52.0,70.0,132.0,153.0,167.0,174.0,174.0,200.0,206.0,212.0,236.0,254.0,273.0,295.0,396.0,398.0,466.0,492.0,501.0,749.0,874.0,913.0,939.0,951.0,
42.0,60.0,121.0,121.0,177.0,212.0,226.0,234.0,258.0,274.0,276.0,294.0,305.0,315.0,418.0,437.0,455.0,473.0,484.0,496.0,811.0,876.0,
10.0,28.0,39.0,43.0,103.0,191.0,268.0,316.0,328.0,346.0,379.0,391.0,425.0,490.0,499.0,504.0,825.0,868.0,972.0,976.0,
55.0,58.0,141.0,156.0,180.0,208.0,258.0,294.0,395.0,412.0,427.0,436.0,450.0,472.0,
23.0,62.0,126.0,135.0,193.0,250.0,265.0,269.0,271.0,276.0,284.0,285.0,285.0,299.0,304.0,322.0,386.0,396.0,396.0,422.0,467.0,475.0,484.0,543.0,553.0,570.0,573.0,592.0,601.0,618.0,623.0,642.0,668.0,689.0,709.0,746.0,758.0,774.0,777.0,790.0,790.0,807.0,809.0,812.0,822.0,828.0,874.0,875.0,900.0,900.0,
2.0,57.0,77.0,111.0,129.0,141.0,149.0,177.0,198.0,219.0,237.0,263.0,265.0,279.0,325.0,337.0,365.0,370.0,395.0,417.0,418.0,420.0,429.0,429.0,443.0,452.0,500.0,826.0,852.0,924.0,
14.0,106.0,127.0,130.0,142.0,156.0,157.0,182.0,192.0,224.0,269.0,274.0,336.0,360.0,361.0,398.0,432.0,449.0,478.0,488.0,
10.0,28.0,66.0,140.0,162.0,167.0,171.0,225.0,227.0,287.0,288.0,310.0,323.0,339.0,351.0,356.0,380.0,411.0,490.0,803.0,855.0,905.0,
34.0,66.0,74.0,80.0,80.0,104.0,154.0,194.0,229.0,237.0,252.0,278.0,317.0,321.0,332.0,332.0,363.0,387.0,391.0,436.0,476.0,478.0,510.0,754.0,887.0,920.0,
23.0,35.0,40.0,57.0,114.0,136.0,187.0,229.0,247.0,279.0,303.0,324.0,334.0,367.0,385.0,386.0,407.0,416.0,437.0,441.0,863.0,872.0,925.0,954.0,964.0,
51.0,71.0,98.0,137.0,169.0,348.0,379.0,383.0,399.0,470.0,476.0,805.0,873.0,919.0,979.0,989.0,1000.0,
26.0,59.0,110.0,110.0,136.0,157.0,157.0,168.0,201.0,223.0,232.0,234.0,270.0,361.0,367.0,369.0,430.0,431.0,444.0,785.0,805.0,843.0,847.0,913.0,969.0,
53.0,70.0,72.0,74.0,113.0,134.0,148.0,179.0,182.0,207.0,275.0,280.0,321.0,333.0,350.0,365.0,377.0,476.0,501.0,976.0,1000.0,
118.0,127.0,137.0,172.0,337.0,346.0,356.0,358.0,367.0,391.0,397.0,405.0,408.0,428.0,462.0,471.0,506.0,761.0,775.0,
50.0,58.0,59.0,91.0,118.0,161.0,194.0,264.0,274.0,287.0,292.0,337.0,399.0,434.0,466.0,468.0,549.0,557.0,613.0,639.0,655.0,662.0,686.0,699.0,719.0,726.0,732.0,761.0,762.0,784.0,796.0,799.0,804.0,822.0,830.0,915.0,931.0,943.0,946.0,
3.0,6.0,43.0,47.0,79.0,93.0,117.0,142.0,204.0,216.0,237.0,241.0,242.0,256.0,281.0,357.0,365.0,367.0,413.0,414.0,510.0,595.0,632.0,662.0,681.0,718.0,737.0,751.0,789.0,797.0,797.0,803.0,814.0,844.0,847.0,910.0,931.0,962.0,995.0,
46.0,62.0,98.0,171.0,202.0,210.0,210.0,226.0,271.0,326.0,373.0,380.0,380.0,459.0,498.0,501.0,509.0,
21.0,35.0,51.0,69.0,98.0,124.0,133.0,136.0,137.0,181.0,197.0,226.0,301.0,321.0,355.0,426.0,446.0,456.0,460.0,477.0,502.0,509.0,
42.0,101.0,104.0,147.0,203.0,273.0,318.0,384.0,394.0,409.0,422.0,462.0,492.0,785.0,
26.0,57.0,62.0,93.0,134.0,217.0,268.0,294.0,312.0,361.0,383.0,385.0,439.0,928.0,933.0,948.0,994.0,
17.0,20.0,53.0,56.0,64.0,65.0,80.0,87.0,143.0,165.0,198.0,284.0,289.0,321.0,369.0,376.0,383.0,395.0,412.0,442.0,496.0,503.0,983.0,
17.0,24.0,40.0,48.0,69.0,85.0,95.0,99.0,103.0,123.0,159.0,191.0,238.0,254.0,293.0,420.0,486.0,895.0,
18.0,40.0,58.0,99.0,149.0,188.0,203.0,224.0,235.0,285.0,304.0,335.0,399.0,401.0,405.0,436.0,
14.0,16.0,19.0,24.0,42.0,91.0,105.0,148.0,175.0,191.0,205.0,228.0,276.0,297.0,297.0,323.0,336.0,340.0,361.0,373.0,392.0,393.0,400.0,425.0,454.0,508.0,597.0,636.0,638.0,658.0,679.0,687.0,705.0,759.0,794.0,887.0,889.0,904.0,910.0,912.0,974.0,
2.0,35.0,91.0,92.0,98.0,136.0,143.0,152.0,156.0,170.0,178.0,207.0,251.0,251.0,260.0,281.0,317.0,397.0,414.0,443.0,481.0,501.0,601.0,606.0,615.0,638.0,737.0,748.0,759.0,783.0,787.0,787.0,845.0,863.0,868.0,912.0,
27.0,92.0,95.0,112.0,122.0,131.0,184.0,187.0,188.0,228.0,236.0,308.0,310.0,318.0,332.0,350.0,359.0,378.0,393.0,507.0,529.0,553.0,559.0,610.0,616.0,631.0,679.0,685.0,716.0,730.0,730.0,760.0,796.0,819.0,839.0,899.0,921.0,937.0,972.0,980.0,993.0,1000.0,
20.0,29.0,34.0,46.0,93.0,114.0,120.0,135.0,179.0,203.0,227.0,244.0,251.0,294.0,309.0,317.0,338.0,359.0,386.0,402.0,428.0,458.0,562.0,587.0,637.0,637.0,641.0,680.0,766.0,771.0,789.0,794.0,799.0,804.0,816.0,827.0,904.0,940.0,990.0,
15.0,36.0,62.0,69.0,134.0,138.0,144.0,170.0,214.0,263.0,279.0,288.0,339.0,348.0,359.0,372.0,372.0,374.0,391.0,423.0,424.0,427.0,445.0,448.0,463.0,475.0,487.0,508.0,512.0,721.0,958.0,992.0,
27.0,53.0,113.0,188.0,196.0,207.0,236.0,239.0,310.0,323.0,347.0,354.0,388.0,389.0,394.0,415.0,420.0,473.0,476.0,483.0,
13.0,23.0,42.0,59.0,88.0,118.0,118.0,148.0,152.0,161.0,161.0,164.0,171.0,188.0,200.0,234.0,239.0,255.0,268.0,278.0,299.0,318.0,332.0,347.0,429.0,434.0,438.0,442.0,464.0,470.0,
4.0,6.0,31.0,50.0,61.0,62.0,68.0,79.0,89.0,139.0,149.0,158.0,198.0,224.0,280.0,307.0,353.0,357.0,415.0,450.0,451.0,494.0,497.0,497.0,
45.0,95.0,106.0,133.0,146.0,204.0,225.0,230.0,260.0,285.0,288.0,296.0,307.0,308.0,340.0,354.0,425.0,430.0,487.0,487.0,786.0,795.0,890.0,919.0,962.0,989.0,
41.0,50.0,64.0,67.0,70.0,71.0,132.0,168.0,177.0,230.0,302.0,302.0,381.0,407.0,410.0,425.0,448.0,489.0,493.0,570.0,604.0,643.0,702.0,777.0,785.0,794.0,812.0,826.0,908.0,930.0,932.0,959.0,990.0,
46.0,62.0,94.0,107.0,112.0,112.0,120.0,127.0,131.0,141.0,148.0,151.0,153.0,233.0,255.0,260.0,309.0,309.0,318.0,321.0,370.0,413.0,461.0,520.0,533.0,566.0,581.0,589.0,633.0,655.0,657.0,659.0,665.0,670.0,688.0,695.0,742.0,758.0,776.0,792.0,809.0,816.0,831.0,837.0,858.0,894.0,934.0,967.0,
