29.0,34.0,42.0,58.0,109.0,122.0,155.0,188.0,209.0,272.0,358.0,366.0,373.0,390.0,393.0,437.0,448.0,454.0,502.0,530.0,531.0,712.0,813.0,825.0,854.0,866.0,891.0,898.0,931.0,953.0,
142.0,151.0,201.0,207.0,226.0,316.0,316.0,322.0,327.0,331.0,408.0,430.0,440.0,464.0,478.0,479.0,480.0,528.0,558.0,561.0,565.0,570.0,594.0,607.0,612.0,672.0,694.0,733.0,752.0,844.0,855.0,857.0,861.0,863.0,884.0,891.0,917.0,974.0,
33.0,77.0,104.0,112.0,113.0,143.0,147.0,196.0,259.0,273.0,284.0,321.0,338.0,388.0,398.0,430.0,505.0,540.0,553.0,566.0,570.0,582.0,605.0,635.0,657.0,660.0,721.0,790.0,817.0,868.0,897.0,906.0,909.0,927.0,939.0,939.0,964.0,968.0,997.0,
4.0,17.0,41.0,68.0,96.0,147.0,171.0,191.0,210.0,261.0,301.0,361.0,388.0,389.0,411.0,441.0,443.0,461.0,516.0,535.0,585.0,590.0,596.0,600.0,635.0,656.0,659.0,660.0,742.0,758.0,760.0,767.0,795.0,858.0,899.0,909.0,919.0,919.0,921.0,929.0,941.0,961.0,
3.0,64.0,83.0,87.0,107.0,177.0,188.0,190.0,198.0,233.0,260.0,293.0,351.0,353.0,401.0,410.0,428.0,483.0,494.0,563.0,615.0,627.0,643.0,650.0,664.0,693.0,721.0,755.0,780.0,798.0,813.0,868.0,869.0,943.0,996.0,
25.0,39.0,85.0,87.0,93.0,102.0,128.0,145.0,153.0,185.0,194.0,213.0,227.0,232.0,257.0,263.0,374.0,385.0,418.0,433.0,469.0,497.0,525.0,559.0,565.0,585.0,615.0,659.0,667.0,686.0,718.0,731.0,757.0,815.0,934.0,960.0,
40.0,60.0,68.0,128.0,201.0,275.0,324.0,331.0,339.0,355.0,369.0,402.0,433.0,435.0,564.0,620.0,638.0,654.0,658.0,687.0,718.0,733.0,763.0,765.0,896.0,928.0,959.0,967.0,977.0,986.0,990.0,
26.0,59.0,129.0,134.0,137.0,143.0,165.0,191.0,222.0,253.0,270.0,330.0,336.0,367.0,439.0,463.0,471.0,480.0,503.0,516.0,521.0,539.0,586.0,601.0,625.0,673.0,692.0,698.0,706.0,707.0,738.0,753.0,866.0,872.0,877.0,936.0,949.0,981.0,981.0,
16.0,30.0,51.0,68.0,75.0,100.0,105.0,126.0,148.0,229.0,245.0,251.0,262.0,264.0,299.0,302.0,312.0,341.0,380.0,421.0,462.0,479.0,482.0,505.0,549.0,554.0,585.0,608.0,612.0,622.0,646.0,650.0,666.0,693.0,728.0,732.0,746.0,759.0,794.0,798.0,833.0,859.0,942.0,975.0,
32.0,53.0,54.0,84.0,118.0,134.0,137.0,181.0,254.0,288.0,293.0,357.0,373.0,378.0,432.0,453.0,509.0,510.0,520.0,534.0,544.0,590.0,601.0,614.0,660.0,668.0,695.0,769.0,787.0,825.0,836.0,899.0,911.0,919.0,921.0,944.0,973.0,985.0,
34.0,38.0,39.0,46.0,58.0,63.0,71.0,101.0,102.0,122.0,124.0,142.0,144.0,170.0,207.0,236.0,241.0,258.0,319.0,353.0,377.0,426.0,439.0,441.0,466.0,516.0,546.0,574.0,582.0,642.0,649.0,667.0,672.0,674.0,682.0,705.0,709.0,772.0,774.0,787.0,840.0,845.0,848.0,872.0,889.0,912.0,928.0,938.0,987.0,
2.0,15.0,28.0,39.0,65.0,102.0,131.0,144.0,198.0,239.0,256.0,261.0,302.0,354.0,366.0,375.0,384.0,434.0,436.0,443.0,541.0,543.0,591.0,601.0,612.0,614.0,690.0,731.0,755.0,763.0,767.0,772.0,803.0,830.0,832.0,873.0,904.0,
52.0,56.0,75.0,106.0,244.0,261.0,273.0,321.0,336.0,365.0,367.0,379.0,443.0,480.0,544.0,554.0,557.0,572.0,585.0,606.0,637.0,637.0,638.0,646.0,668.0,679.0,806.0,850.0,859.0,875.0,890.0,894.0,897.0,917.0,917.0,923.0,936.0,939.0,942.0,964.0,977.0,986.0,
86.0,120.0,140.0,149.0,161.0,163.0,231.0,270.0,294.0,350.0,355.0,375.0,376.0,392.0,432.0,464.0,469.0,481.0,486.0,583.0,610.0,647.0,650.0,711.0,730.0,740.0,748.0,776.0,782.0,797.0,855.0,858.0,859.0,963.0,969.0,991.0,998.0,
24.0,45.0,58.0,62.0,63.0,88.0,141.0,155.0,157.0,163.0,183.0,207.0,242.0,248.0,256.0,270.0,272.0,279.0,290.0,346.0,360.0,366.0,377.0,381.0,402.0,431.0,446.0,558.0,591.0,591.0,603.0,629.0,632.0,679.0,684.0,705.0,717.0,727.0,749.0,766.0,798.0,800.0,868.0,898.0,928.0,948.0,
23.0,113.0,172.0,200.0,208.0,329.0,356.0,359.0,369.0,373.0,379.0,408.0,415.0,444.0,512.0,650.0,688.0,701.0,768.0,849.0,871.0,875.0,887.0,906.0,961.0,
25.0,50.0,99.0,110.0,112.0,150.0,165.0,300.0,340.0,346.0,353.0,362.0,374.0,391.0,415.0,439.0,481.0,509.0,527.0,565.0,589.0,644.0,658.0,668.0,674.0,699.0,758.0,767.0,797.0,846.0,881.0,928.0,944.0,946.0,961.0,986.0,989.0,
8.0,77.0,102.0,137.0,159.0,191.0,196.0,256.0,284.0,294.0,303.0,313.0,371.0,401.0,438.0,490.0,506.0,518.0,527.0,565.0,566.0,673.0,722.0,728.0,744.0,775.0,929.0,933.0,938.0,953.0,965.0,983.0,
2.0,26.0,80.0,82.0,121.0,133.0,138.0,161.0,246.0,255.0,258.0,263.0,326.0,351.0,353.0,356.0,502.0,502.0,504.0,516.0,530.0,560.0,644.0,646.0,678.0,698.0,748.0,817.0,818.0,832.0,866.0,872.0,905.0,933.0,
166.0,216.0,230.0,268.0,270.0,311.0,326.0,331.0,341.0,432.0,433.0,461.0,478.0,491.0,507.0,510.0,523.0,548.0,577.0,618.0,623.0,656.0,764.0,780.0,784.0,875.0,958.0,998.0,
2.0,5.0,30.0,65.0,177.0,181.0,181.0,188.0,263.0,282.0,320.0,335.0,362.0,365.0,384.0,398.0,407.0,468.0,477.0,526.0,544.0,546.0,555.0,572.0,592.0,605.0,612.0,627.0,631.0,692.0,704.0,711.0,721.0,726.0,727.0,734.0,736.0,756.0,780.0,797.0,799.0,808.0,834.0,842.0,862.0,879.0,901.0,926.0,927.0,935.0,
15.0,69.0,106.0,121.0,123.0,142.0,149.0,188.0,220.0,235.0,247.0,274.0,408.0,415.0,443.0,478.0,481.0,657.0,718.0,728.0,779.0,793.0,815.0,827.0,832.0,908.0,935.0,938.0,961.0,961.0,979.0,
12.0,16.0,39.0,65.0,107.0,119.0,221.0,231.0,247.0,259.0,291.0,395.0,409.0,486.0,513.0,517.0,606.0,619.0,654.0,681.0,691.0,732.0,780.0,802.0,815.0,838.0,876.0,885.0,890.0,916.0,929.0,953.0,959.0,960.0,987.0,999.0,
18.0,90.0,100.0,169.0,204.0,229.0,230.0,328.0,370.0,372.0,403.0,421.0,477.0,477.0,483.0,518.0,537.0,539.0,591.0,600.0,603.0,622.0,634.0,695.0,732.0,746.0,754.0,781.0,788.0,796.0,805.0,816.0,837.0,862.0,933.0,963.0,
14.0,19.0,43.0,48.0,91.0,141.0,171.0,202.0,205.0,212.0,213.0,218.0,284.0,360.0,366.0,429.0,447.0,480.0,488.0,496.0,499.0,509.0,513.0,522.0,591.0,615.0,616.0,638.0,699.0,702.0,706.0,716.0,801.0,807.0,828.0,927.0,947.0,959.0,987.0,
3.0,20.0,39.0,127.0,148.0,213.0,215.0,217.0,255.0,279.0,308.0,315.0,342.0,347.0,415.0,422.0,439.0,483.0,509.0,533.0,541.0,566.0,567.0,578.0,636.0,649.0,657.0,686.0,696.0,696.0,764.0,766.0,780.0,787.0,796.0,807.0,811.0,879.0,943.0,943.0,945.0,991.0,
68.0,97.0,111.0,211.0,211.0,298.0,309.0,310.0,337.0,361.0,367.0,389.0,429.0,458.0,463.0,481.0,493.0,504.0,518.0,532.0,573.0,626.0,651.0,653.0,655.0,656.0,663.0,686.0,694.0,699.0,700.0,719.0,733.0,739.0,740.0,772.0,782.0,812.0,835.0,865.0,883.0,904.0,926.0,942.0,976.0,
25.0,30.0,40.0,166.0,174.0,214.0,286.0,321.0,322.0,348.0,364.0,378.0,392.0,395.0,408.0,442.0,442.0,494.0,514.0,522.0,542.0,557.0,588.0,601.0,623.0,630.0,639.0,675.0,761.0,765.0,777.0,907.0,925.0,941.0,954.0,984.0,994.0,996.0,
9.0,32.0,92.0,96.0,104.0,147.0,187.0,206.0,213.0,242.0,248.0,276.0,322.0,358.0,372.0,393.0,427.0,431.0,452.0,462.0,471.0,480.0,529.0,565.0,620.0,659.0,707.0,714.0,773.0,778.0,789.0,790.0,793.0,843.0,843.0,848.0,856.0,914.0,925.0,961.0,
73.0,155.0,176.0,186.0,186.0,196.0,231.0,273.0,276.0,310.0,443.0,447.0,508.0,522.0,550.0,568.0,600.0,659.0,670.0,714.0,729.0,729.0,763.0,782.0,785.0,806.0,822.0,917.0,925.0,932.0,941.0,952.0,955.0,992.0,997.0,
33.0,69.0,79.0,89.0,115.0,125.0,140.0,156.0,166.0,183.0,208.0,214.0,235.0,258.0,274.0,289.0,300.0,348.0,354.0,394.0,395.0,407.0,409.0,417.0,422.0,422.0,429.0,430.0,432.0,455.0,474.0,501.0,517.0,536.0,546.0,573.0,650.0,662.0,664.0,684.0,719.0,751.0,791.0,846.0,860.0,864.0,923.0,976.0,979.0,
4.0,55.0,81.0,139.0,142.0,150.0,286.0,330.0,392.0,396.0,456.0,543.0,548.0,574.0,595.0,599.0,680.0,754.0,766.0,771.0,871.0,875.0,946.0,962.0,977.0,999.0,
45.0,61.0,93.0,101.0,158.0,160.0,168.0,186.0,211.0,228.0,231.0,235.0,264.0,285.0,287.0,341.0,348.0,427.0,431.0,454.0,495.0,527.0,564.0,598.0,612.0,628.0,633.0,647.0,700.0,775.0,817.0,868.0,877.0,887.0,940.0,949.0,975.0,996.0,
15.0,41.0,60.0,91.0,92.0,156.0,169.0,184.0,212.0,226.0,335.0,387.0,433.0,454.0,476.0,511.0,545.0,604.0,620.0,625.0,637.0,640.0,655.0,662.0,671.0,722.0,748.0,750.0,782.0,796.0,797.0,831.0,831.0,837.0,874.0,895.0,975.0,
11.0,16.0,61.0,86.0,88.0,113.0,114.0,115.0,247.0,247.0,261.0,261.0,264.0,265.0,268.0,291.0,292.0,344.0,370.0,370.0,388.0,410.0,431.0,475.0,500.0,507.0,631.0,662.0,709.0,754.0,798.0,842.0,859.0,862.0,895.0,958.0,971.0,983.0,
5.0,6.0,20.0,33.0,83.0,108.0,155.0,291.0,296.0,298.0,315.0,343.0,407.0,440.0,501.0,505.0,671.0,672.0,750.0,837.0,843.0,902.0,1000.0,
26.0,29.0,62.0,132.0,210.0,250.0,312.0,318.0,326.0,362.0,404.0,421.0,439.0,462.0,465.0,467.0,485.0,500.0,656.0,715.0,734.0,736.0,746.0,754.0,871.0,883.0,950.0,954.0,970.0,999.0,
35.0,51.0,104.0,172.0,177.0,202.0,204.0,235.0,245.0,254.0,301.0,305.0,318.0,328.0,331.0,333.0,333.0,348.0,388.0,418.0,441.0,443.0,451.0,538.0,559.0,583.0,584.0,586.0,588.0,610.0,612.0,632.0,638.0,643.0,659.0,690.0,718.0,727.0,777.0,780.0,781.0,833.0,849.0,862.0,896.0,914.0,920.0,967.0,971.0,975.0,
64.0,87.0,89.0,104.0,151.0,193.0,237.0,241.0,243.0,299.0,341.0,357.0,367.0,369.0,427.0,432.0,434.0,466.0,479.0,481.0,504.0,510.0,512.0,525.0,539.0,551.0,559.0,587.0,628.0,667.0,714.0,819.0,827.0,873.0,891.0,894.0,912.0,921.0,960.0,973.0,985.0,
5.0,82.0,128.0,211.0,255.0,261.0,289.0,321.0,331.0,397.0,422.0,436.0,504.0,505.0,533.0,566.0,586.0,589.0,673.0,677.0,678.0,695.0,708.0,714.0,724.0,743.0,774.0,858.0,920.0,924.0,942.0,
3.0,54.0,59.0,63.0,87.0,110.0,116.0,214.0,228.0,237.0,257.0,309.0,378.0,396.0,399.0,412.0,470.0,600.0,625.0,634.0,655.0,659.0,662.0,730.0,733.0,746.0,758.0,776.0,778.0,793.0,796.0,803.0,819.0,835.0,855.0,863.0,870.0,891.0,897.0,938.0,950.0,988.0,
15.0,48.0,61.0,102.0,123.0,144.0,159.0,185.0,268.0,270.0,282.0,287.0,322.0,330.0,350.0,359.0,403.0,448.0,456.0,463.0,487.0,490.0,502.0,509.0,515.0,568.0,595.0,609.0,620.0,632.0,657.0,677.0,686.0,727.0,731.0,740.0,781.0,781.0,812.0,839.0,876.0,921.0,928.0,957.0,970.0,988.0,998.0,1000.0,
44.0,62.0,70.0,122.0,151.0,161.0,179.0,193.0,193.0,245.0,304.0,304.0,314.0,333.0,340.0,357.0,372.0,377.0,384.0,406.0,468.0,542.0,543.0,549.0,564.0,584.0,597.0,618.0,619.0,627.0,629.0,634.0,647.0,674.0,681.0,726.0,735.0,745.0,747.0,758.0,781.0,794.0,846.0,854.0,946.0,972.0,
52.0,121.0,189.0,239.0,254.0,269.0,340.0,377.0,406.0,421.0,426.0,445.0,453.0,469.0,494.0,619.0,666.0,748.0,778.0,858.0,890.0,911.0,972.0,983.0,
30.0,52.0,85.0,85.0,125.0,132.0,138.0,172.0,181.0,195.0,207.0,233.0,245.0,245.0,268.0,295.0,323.0,352.0,383.0,401.0,416.0,439.0,456.0,472.0,
34.0,46.0,80.0,96.0,116.0,117.0,129.0,133.0,194.0,209.0,231.0,241.0,241.0,277.0,349.0,363.0,368.0,373.0,389.0,412.0,421.0,483.0,487.0,499.0,
92.0,163.0,173.0,311.0,372.0,403.0,453.0,484.0,
26.0,47.0,68.0,81.0,145.0,168.0,169.0,174.0,191.0,210.0,245.0,293.0,307.0,314.0,379.0,417.0,448.0,458.0,669.0,684.0,693.0,697.0,714.0,914.0,934.0,950.0,
93.0,103.0,127.0,133.0,162.0,224.0,231.0,251.0,256.0,320.0,373.0,486.0,513.0,520.0,580.0,665.0,724.0,730.0,751.0,782.0,819.0,822.0,835.0,846.0,848.0,867.0,901.0,906.0,908.0,946.0,953.0,987.0,
8.0,26.0,116.0,120.0,121.0,167.0,172.0,176.0,202.0,231.0,289.0,304.0,338.0,342.0,368.0,388.0,403.0,482.0,485.0,535.0,587.0,629.0,693.0,751.0,766.0,794.0,844.0,857.0,880.0,890.0,891.0,898.0,912.0,921.0,998.0,
4.0,12.0,51.0,59.0,74.0,93.0,209.0,212.0,225.0,240.0,250.0,277.0,318.0,347.0,390.0,434.0,480.0,483.0,558.0,577.0,622.0,627.0,690.0,732.0,738.0,760.0,830.0,889.0,896.0,942.0,992.0,
52.0,62.0,70.0,86.0,108.0,129.0,170.0,178.0,231.0,235.0,252.0,306.0,309.0,392.0,398.0,419.0,438.0,481.0,506.0,518.0,643.0,678.0,717.0,727.0,752.0,752.0,806.0,826.0,835.0,910.0,
2.0,37.0,92.0,96.0,129.0,150.0,170.0,180.0,202.0,247.0,253.0,253.0,259.0,318.0,362.0,397.0,448.0,449.0,517.0,569.0,618.0,658.0,665.0,672.0,728.0,757.0,821.0,879.0,963.0,979.0,
81.0,106.0,126.0,128.0,134.0,135.0,137.0,156.0,160.0,179.0,257.0,266.0,306.0,307.0,390.0,402.0,429.0,429.0,450.0,478.0,478.0,493.0,673.0,712.0,748.0,791.0,805.0,808.0,860.0,865.0,879.0,928.0,
18.0,33.0,60.0,126.0,155.0,171.0,195.0,195.0,241.0,305.0,372.0,408.0,464.0,475.0,477.0,495.0,501.0,
8.0,28.0,32.0,36.0,38.0,56.0,73.0,244.0,260.0,283.0,284.0,314.0,371.0,376.0,430.0,473.0,828.0,859.0,941.0,955.0,
4.0,35.0,84.0,95.0,96.0,114.0,197.0,268.0,301.0,321.0,339.0,358.0,366.0,387.0,412.0,446.0,484.0,499.0,
8.0,10.0,23.0,72.0,120.0,157.0,197.0,250.0,278.0,283.0,305.0,351.0,375.0,408.0,425.0,493.0,504.0,505.0,698.0,705.0,791.0,798.0,843.0,879.0,1000.0,
13.0,22.0,55.0,69.0,80.0,123.0,136.0,183.0,203.0,207.0,223.0,257.0,312.0,341.0,368.0,409.0,418.0,430.0,456.0,465.0,557.0,596.0,622.0,675.0,705.0,757.0,761.0,778.0,793.0,796.0,821.0,868.0,922.0,965.0,967.0,971.0,984.0,
91.0,129.0,170.0,185.0,199.0,222.0,230.0,245.0,347.0,353.0,399.0,408.0,414.0,438.0,490.0,507.0,588.0,635.0,660.0,677.0,691.0,706.0,746.0,754.0,858.0,872.0,873.0,947.0,956.0,
4.0,25.0,30.0,62.0,69.0,92.0,104.0,124.0,127.0,144.0,213.0,248.0,302.0,337.0,381.0,383.0,405.0,421.0,439.0,462.0,469.0,473.0,499.0,526.0,534.0,536.0,547.0,565.0,568.0,575.0,586.0,663.0,675.0,698.0,718.0,737.0,749.0,787.0,835.0,845.0,868.0,871.0,883.0,897.0,898.0,908.0,945.0,
65.0,70.0,88.0,98.0,168.0,205.0,212.0,213.0,236.0,245.0,256.0,289.0,294.0,295.0,332.0,352.0,360.0,435.0,442.0,459.0,482.0,512.0,532.0,536.0,543.0,605.0,610.0,614.0,642.0,665.0,685.0,705.0,725.0,764.0,780.0,823.0,846.0,888.0,926.0,929.0,949.0,957.0,968.0,975.0,997.0,
17.0,57.0,84.0,85.0,226.0,229.0,232.0,279.0,282.0,408.0,437.0,454.0,462.0,490.0,496.0,517.0,543.0,546.0,575.0,595.0,616.0,643.0,654.0,656.0,711.0,720.0,732.0,751.0,754.0,805.0,818.0,845.0,888.0,897.0,922.0,933.0,976.0,994.0,
41.0,53.0,73.0,137.0,159.0,192.0,194.0,216.0,248.0,268.0,283.0,327.0,346.0,387.0,404.0,463.0,472.0,495.0,497.0,595.0,677.0,728.0,729.0,764.0,795.0,818.0,863.0,871.0,897.0,916.0,976.0,985.0,
19.0,36.0,42.0,122.0,151.0,167.0,236.0,241.0,252.0,253.0,277.0,291.0,364.0,365.0,463.0,
9.0,10.0,43.0,140.0,177.0,193.0,237.0,254.0,306.0,321.0,328.0,344.0,396.0,412.0,418.0,437.0,456.0,456.0,460.0,462.0,
28.0,91.0,125.0,138.0,145.0,151.0,161.0,180.0,226.0,227.0,233.0,372.0,384.0,401.0,411.0,413.0,441.0,466.0,477.0,478.0,
7.0,8.0,41.0,48.0,51.0,54.0,90.0,115.0,126.0,128.0,151.0,172.0,205.0,236.0,250.0,294.0,337.0,337.0,355.0,379.0,477.0,478.0,498.0,651.0,671.0,671.0,703.0,716.0,735.0,741.0,746.0,778.0,785.0,832.0,905.0,935.0,972.0,998.0,
33.0,34.0,88.0,191.0,198.0,223.0,246.0,275.0,304.0,305.0,339.0,379.0,450.0,455.0,471.0,496.0,504.0,517.0,519.0,528.0,532.0,538.0,582.0,600.0,651.0,667.0,698.0,742.0,818.0,820.0,821.0,823.0,828.0,868.0,945.0,
4.0,64.0,138.0,156.0,195.0,270.0,300.0,300.0,301.0,318.0,330.0,347.0,423.0,430.0,434.0,446.0,452.0,456.0,529.0,573.0,581.0,593.0,656.0,657.0,663.0,693.0,709.0,715.0,716.0,739.0,762.0,784.0,792.0,839.0,875.0,876.0,893.0,903.0,954.0,979.0,
24.0,55.0,74.0,107.0,140.0,189.0,208.0,219.0,239.0,269.0,372.0,409.0,431.0,457.0,470.0,505.0,509.0,511.0,564.0,586.0,590.0,614.0,667.0,669.0,681.0,702.0,797.0,858.0,894.0,928.0,936.0,989.0,994.0,
8.0,13.0,15.0,29.0,30.0,48.0,110.0,148.0,152.0,154.0,161.0,196.0,249.0,279.0,288.0,343.0,386.0,428.0,449.0,560.0,582.0,674.0,685.0,740.0,758.0,774.0,778.0,798.0,808.0,835.0,846.0,871.0,882.0,898.0,918.0,940.0,944.0,948.0,
11.0,58.0,73.0,152.0,169.0,169.0,220.0,232.0,258.0,313.0,324.0,327.0,376.0,394.0,421.0,434.0,462.0,471.0,507.0,510.0,514.0,532.0,580.0,589.0,633.0,653.0,702.0,728.0,753.0,768.0,786.0,818.0,838.0,943.0,956.0,986.0,989.0,
40.0,42.0,45.0,46.0,47.0,73.0,94.0,208.0,222.0,222.0,294.0,300.0,342.0,356.0,386.0,396.0,403.0,405.0,406.0,416.0,417.0,475.0,487.0,492.0,504.0,554.0,566.0,577.0,608.0,643.0,669.0,671.0,673.0,697.0,719.0,728.0,760.0,777.0,806.0,836.0,858.0,872.0,889.0,895.0,909.0,911.0,
35.0,54.0,69.0,134.0,167.0,188.0,204.0,216.0,264.0,275.0,333.0,348.0,401.0,420.0,431.0,439.0,491.0,497.0,504.0,513.0,522.0,618.0,627.0,634.0,669.0,690.0,728.0,752.0,790.0,904.0,979.0,988.0,
20.0,34.0,78.0,92.0,103.0,107.0,123.0,201.0,211.0,254.0,291.0,337.0,371.0,387.0,400.0,400.0,412.0,741.0,767.0,792.0,806.0,814.0,880.0,880.0,970.0,
40.0,43.0,43.0,147.0,151.0,186.0,232.0,234.0,245.0,258.0,282.0,299.0,307.0,359.0,373.0,387.0,444.0,453.0,482.0,492.0,624.0,697.0,700.0,717.0,718.0,740.0,807.0,811.0,819.0,820.0,875.0,879.0,893.0,909.0,921.0,952.0,993.0,995.0,
64.0,67.0,76.0,76.0,94.0,134.0,154.0,207.0,221.0,226.0,235.0,238.0,271.0,399.0,403.0,418.0,419.0,444.0,455.0,559.0,582.0,635.0,707.0,721.0,727.0,759.0,810.0,835.0,838.0,856.0,878.0,899.0,899.0,930.0,941.0,963.0,971.0,972.0,975.0,992.0,
51.0,53.0,56.0,87.0,89.0,99.0,102.0,143.0,160.0,184.0,186.0,247.0,252.0,257.0,270.0,293.0,312.0,335.0,485.0,511.0,511.0,521.0,534.0,535.0,537.0,548.0,553.0,587.0,657.0,657.0,668.0,717.0,746.0,757.0,772.0,804.0,860.0,890.0,945.0,967.0,
43.0,78.0,89.0,93.0,128.0,135.0,157.0,209.0,228.0,253.0,265.0,278.0,365.0,413.0,416.0,451.0,496.0,496.0,532.0,599.0,611.0,656.0,679.0,784.0,796.0,837.0,841.0,921.0,925.0,
16.0,54.0,76.0,80.0,81.0,96.0,144.0,157.0,163.0,224.0,259.0,274.0,297.0,300.0,312.0,314.0,357.0,373.0,392.0,392.0,401.0,417.0,474.0,501.0,518.0,584.0,585.0,624.0,676.0,699.0,720.0,728.0,743.0,744.0,772.0,845.0,883.0,904.0,916.0,954.0,990.0,991.0,
19.0,19.0,61.0,89.0,152.0,161.0,178.0,180.0,228.0,304.0,380.0,471.0,473.0,498.0,520.0,556.0,606.0,611.0,625.0,631.0,702.0,751.0,770.0,797.0,817.0,826.0,862.0,900.0,913.0,945.0,1000.0,
5.0,8.0,14.0,15.0,21.0,38.0,41.0,66.0,72.0,124.0,129.0,212.0,224.0,246.0,295.0,316.0,343.0,385.0,387.0,421.0,471.0,528.0,557.0,557.0,579.0,616.0,624.0,702.0,718.0,944.0,962.0,973.0,
63.0,106.0,123.0,143.0,304.0,306.0,321.0,353.0,416.0,473.0,489.0,496.0,497.0,534.0,583.0,597.0,644.0,661.0,663.0,686.0,695.0,698.0,703.0,747.0,749.0,804.0,813.0,855.0,897.0,899.0,
2.0,15.0,100.0,121.0,131.0,163.0,230.0,233.0,236.0,385.0,442.0,455.0,455.0,484.0,506.0,507.0,508.0,531.0,556.0,568.0,575.0,618.0,648.0,698.0,708.0,783.0,799.0,805.0,830.0,879.0,905.0,936.0,967.0,
19.0,51.0,54.0,69.0,87.0,151.0,296.0,299.0,336.0,341.0,343.0,377.0,403.0,414.0,425.0,464.0,485.0,491.0,501.0,530.0,541.0,575.0,579.0,613.0,618.0,632.0,650.0,659.0,681.0,685.0,697.0,717.0,746.0,762.0,799.0,806.0,819.0,851.0,856.0,897.0,925.0,946.0,954.0,957.0,
7.0,34.0,60.0,140.0,143.0,145.0,165.0,176.0,224.0,319.0,331.0,392.0,400.0,476.0,491.0,636.0,648.0,675.0,703.0,742.0,748.0,778.0,790.0,798.0,842.0,862.0,921.0,927.0,935.0,936.0,
43.0,50.0,78.0,103.0,113.0,113.0,183.0,188.0,208.0,211.0,227.0,236.0,243.0,292.0,320.0,327.0,365.0,395.0,400.0,432.0,441.0,511.0,512.0,558.0,586.0,688.0,706.0,718.0,744.0,756.0,795.0,796.0,844.0,888.0,968.0,985.0,
14.0,70.0,124.0,125.0,195.0,243.0,279.0,286.0,286.0,290.0,301.0,359.0,513.0,535.0,584.0,589.0,593.0,657.0,682.0,687.0,721.0,726.0,757.0,761.0,761.0,788.0,798.0,829.0,838.0,856.0,926.0,947.0,
45.0,67.0,78.0,85.0,117.0,152.0,182.0,232.0,250.0,270.0,274.0,304.0,305.0,369.0,389.0,400.0,420.0,421.0,442.0,465.0,468.0,471.0,487.0,488.0,495.0,512.0,519.0,576.0,651.0,693.0,696.0,718.0,762.0,792.0,818.0,828.0,829.0,849.0,902.0,941.0,954.0,
34.0,43.0,103.0,157.0,219.0,240.0,268.0,270.0,286.0,329.0,372.0,384.0,414.0,417.0,516.0,586.0,601.0,638.0,655.0,667.0,681.0,736.0,748.0,752.0,777.0,783.0,785.0,825.0,828.0,838.0,861.0,888.0,921.0,991.0,
79.0,131.0,154.0,313.0,336.0,341.0,364.0,365.0,386.0,388.0,407.0,414.0,419.0,457.0,490.0,506.0,523.0,525.0,533.0,538.0,556.0,595.0,619.0,671.0,700.0,706.0,798.0,801.0,827.0,851.0,877.0,914.0,935.0,976.0,978.0,
68.0,104.0,113.0,122.0,129.0,159.0,162.0,190.0,199.0,206.0,230.0,238.0,263.0,289.0,321.0,326.0,346.0,369.0,373.0,417.0,458.0,461.0,463.0,488.0,501.0,519.0,530.0,601.0,607.0,643.0,654.0,657.0,707.0,713.0,714.0,727.0,750.0,753.0,771.0,786.0,822.0,916.0,924.0,932.0,988.0,991.0,997.0,
93.0,107.0,121.0,214.0,298.0,346.0,348.0,412.0,448.0,454.0,480.0,486.0,497.0,509.0,523.0,540.0,578.0,583.0,697.0,726.0,745.0,755.0,769.0,843.0,886.0,889.0,923.0,940.0,954.0,965.0,984.0,
28.0,78.0,112.0,114.0,121.0,130.0,140.0,147.0,147.0,187.0,213.0,244.0,245.0,252.0,266.0,269.0,271.0,313.0,338.0,344.0,349.0,358.0,366.0,444.0,487.0,585.0,677.0,679.0,709.0,737.0,772.0,802.0,883.0,891.0,980.0,989.0,
32.0,35.0,60.0,154.0,162.0,279.0,286.0,320.0,326.0,329.0,331.0,341.0,376.0,409.0,419.0,429.0,430.0,435.0,448.0,460.0,463.0,478.0,574.0,607.0,647.0,659.0,669.0,691.0,700.0,723.0,783.0,784.0,805.0,837.0,841.0,859.0,912.0,931.0,970.0,973.0,
18.0,72.0,116.0,120.0,162.0,162.0,163.0,198.0,217.0,265.0,289.0,315.0,324.0,336.0,384.0,400.0,444.0,453.0,458.0,467.0,499.0,509.0,542.0,607.0,614.0,615.0,649.0,723.0,779.0,780.0,787.0,788.0,789.0,834.0,854.0,888.0,906.0,938.0,951.0,984.0,984.0,
7.0,43.0,93.0,108.0,115.0,146.0,172.0,182.0,226.0,308.0,356.0,404.0,407.0,469.0,470.0,516.0,527.0,599.0,600.0,620.0,630.0,645.0,685.0,863.0,875.0,944.0,953.0,968.0,971.0,981.0,982.0,986.0,997.0,
31.0,132.0,140.0,155.0,250.0,306.0,311.0,351.0,366.0,368.0,395.0,398.0,422.0,426.0,516.0,520.0,553.0,566.0,568.0,640.0,713.0,736.0,754.0,757.0,758.0,759.0,766.0,768.0,784.0,837.0,900.0,976.0,981.0,999.0,
73.0,82.0,108.0,144.0,183.0,206.0,229.0,244.0,255.0,281.0,289.0,350.0,370.0,404.0,410.0,449.0,459.0,464.0,469.0,496.0,516.0,518.0,546.0,571.0,578.0,593.0,623.0,645.0,660.0,662.0,678.0,757.0,769.0,778.0,817.0,854.0,857.0,940.0,957.0,959.0,959.0,
