11.0,29.0,69.0,72.0,96.0,114.0,124.0,129.0,178.0,183.0,188.0,257.0,259.0,276.0,277.0,390.0,397.0,432.0,436.0,457.0,457.0,502.0,509.0,617.0,623.0,626.0,626.0,636.0,665.0,669.0,694.0,706.0,719.0,757.0,770.0,775.0,825.0,825.0,826.0,834.0,849.0,873.0,906.0,910.0,923.0,952.0,963.0,995.0,
3.0,90.0,92.0,255.0,309.0,329.0,360.0,365.0,423.0,453.0,474.0,484.0,502.0,506.0,557.0,600.0,626.0,638.0,668.0,710.0,741.0,749.0,754.0,775.0,785.0,793.0,834.0,923.0,927.0,959.0,969.0,973.0,992.0,997.0,
6.0,7.0,14.0,87.0,111.0,115.0,165.0,231.0,279.0,356.0,455.0,526.0,567.0,573.0,582.0,613.0,617.0,620.0,625.0,653.0,655.0,656.0,657.0,673.0,691.0,719.0,742.0,745.0,790.0,804.0,850.0,879.0,914.0,964.0,982.0,995.0,
54.0,56.0,84.0,117.0,131.0,178.0,194.0,251.0,352.0,370.0,377.0,465.0,483.0,539.0,545.0,614.0,634.0,642.0,650.0,691.0,740.0,740.0,781.0,806.0,881.0,906.0,975.0,979.0,
24.0,121.0,161.0,173.0,191.0,200.0,211.0,214.0,227.0,268.0,273.0,314.0,317.0,340.0,374.0,385.0,413.0,438.0,473.0,487.0,496.0,501.0,524.0,537.0,552.0,587.0,683.0,692.0,709.0,739.0,795.0,796.0,812.0,813.0,841.0,869.0,900.0,998.0,
4.0,10.0,88.0,106.0,119.0,235.0,242.0,269.0,286.0,311.0,312.0,316.0,318.0,359.0,373.0,385.0,398.0,406.0,469.0,497.0,522.0,543.0,602.0,617.0,618.0,627.0,642.0,653.0,683.0,703.0,816.0,817.0,834.0,903.0,907.0,909.0,953.0,
9.0,15.0,37.0,42.0,62.0,81.0,102.0,134.0,140.0,153.0,177.0,191.0,224.0,234.0,235.0,238.0,242.0,264.0,297.0,313.0,338.0,436.0,488.0,489.0,498.0,498.0,503.0,506.0,513.0,566.0,637.0,642.0,644.0,658.0,662.0,677.0,698.0,704.0,744.0,745.0,767.0,781.0,820.0,833.0,853.0,933.0,961.0,962.0,965.0,981.0,
46.0,55.0,83.0,134.0,200.0,218.0,221.0,221.0,228.0,302.0,322.0,333.0,338.0,363.0,382.0,386.0,403.0,519.0,535.0,598.0,652.0,703.0,728.0,749.0,763.0,771.0,783.0,791.0,803.0,803.0,835.0,850.0,871.0,873.0,901.0,967.0,990.0,
81.0,119.0,149.0,150.0,231.0,232.0,267.0,276.0,299.0,332.0,334.0,345.0,433.0,457.0,466.0,477.0,509.0,601.0,618.0,620.0,656.0,680.0,729.0,775.0,786.0,787.0,789.0,820.0,853.0,924.0,986.0,992.0,1000.0,
5.0,27.0,60.0,74.0,130.0,138.0,143.0,172.0,190.0,274.0,298.0,326.0,356.0,372.0,380.0,407.0,423.0,469.0,477.0,501.0,560.0,608.0,610.0,613.0,647.0,662.0,689.0,695.0,700.0,745.0,745.0,846.0,939.0,963.0,983.0,
29.0,36.0,60.0,63.0,130.0,180.0,185.0,209.0,227.0,251.0,272.0,288.0,306.0,398.0,424.0,452.0,581.0,596.0,641.0,649.0,660.0,661.0,675.0,760.0,778.0,790.0,857.0,864.0,886.0,896.0,929.0,939.0,943.0,
10.0,22.0,30.0,47.0,51.0,66.0,103.0,141.0,161.0,166.0,171.0,190.0,190.0,208.0,257.0,281.0,296.0,339.0,352.0,357.0,381.0,391.0,397.0,417.0,419.0,428.0,447.0,447.0,464.0,473.0,485.0,495.0,496.0,509.0,513.0,528.0,543.0,604.0,626.0,639.0,680.0,683.0,762.0,778.0,785.0,794.0,830.0,854.0,901.0,917.0,952.0,962.0,966.0,
2.0,29.0,38.0,53.0,90.0,103.0,258.0,277.0,278.0,289.0,301.0,322.0,328.0,348.0,409.0,417.0,428.0,440.0,450.0,506.0,514.0,634.0,664.0,665.0,699.0,703.0,710.0,777.0,817.0,844.0,847.0,877.0,904.0,938.0,954.0,972.0,978.0,991.0,1000.0,
37.0,70.0,102.0,130.0,149.0,159.0,215.0,242.0,268.0,271.0,292.0,318.0,327.0,333.0,344.0,357.0,365.0,376.0,383.0,405.0,444.0,464.0,469.0,474.0,501.0,502.0,538.0,543.0,576.0,639.0,648.0,655.0,660.0,673.0,705.0,709.0,712.0,721.0,747.0,759.0,760.0,772.0,783.0,881.0,969.0,
10.0,25.0,57.0,60.0,127.0,131.0,164.0,188.0,210.0,269.0,342.0,352.0,372.0,410.0,450.0,450.0,503.0,508.0,510.0,569.0,590.0,602.0,638.0,672.0,721.0,756.0,763.0,776.0,783.0,795.0,825.0,858.0,964.0,
16.0,83.0,91.0,142.0,253.0,253.0,258.0,266.0,290.0,298.0,303.0,355.0,386.0,414.0,453.0,465.0,475.0,482.0,499.0,512.0,518.0,542.0,561.0,606.0,610.0,620.0,621.0,648.0,668.0,687.0,700.0,729.0,731.0,736.0,764.0,764.0,769.0,794.0,825.0,850.0,863.0,867.0,923.0,964.0,978.0,
48.0,122.0,149.0,221.0,248.0,269.0,288.0,329.0,333.0,442.0,511.0,532.0,579.0,582.0,608.0,612.0,624.0,654.0,666.0,678.0,698.0,722.0,749.0,787.0,793.0,895.0,907.0,937.0,975.0,982.0,
12.0,89.0,93.0,116.0,147.0,147.0,231.0,286.0,291.0,309.0,317.0,342.0,377.0,499.0,566.0,569.0,572.0,598.0,601.0,607.0,651.0,738.0,818.0,834.0,876.0,883.0,910.0,
2.0,80.0,83.0,111.0,155.0,203.0,209.0,220.0,225.0,242.0,242.0,263.0,271.0,299.0,301.0,315.0,342.0,346.0,359.0,369.0,376.0,405.0,475.0,525.0,538.0,656.0,669.0,708.0,756.0,830.0,834.0,839.0,857.0,879.0,907.0,962.0,964.0,980.0,981.0,
46.0,60.0,73.0,95.0,174.0,203.0,226.0,231.0,249.0,250.0,267.0,270.0,288.0,337.0,364.0,380.0,478.0,483.0,502.0,511.0,517.0,580.0,581.0,641.0,644.0,705.0,725.0,754.0,764.0,792.0,848.0,851.0,929.0,958.0,967.0,972.0,993.0,998.0,
31.0,33.0,33.0,37.0,74.0,117.0,119.0,152.0,155.0,157.0,160.0,168.0,187.0,200.0,213.0,224.0,228.0,305.0,315.0,322.0,342.0,348.0,355.0,402.0,427.0,511.0,552.0,576.0,604.0,655.0,660.0,661.0,667.0,668.0,708.0,781.0,785.0,792.0,809.0,811.0,813.0,862.0,901.0,936.0,938.0,939.0,950.0,962.0,975.0,995.0,
5.0,29.0,51.0,89.0,99.0,115.0,140.0,145.0,178.0,190.0,196.0,230.0,252.0,256.0,307.0,322.0,398.0,412.0,456.0,465.0,511.0,559.0,571.0,589.0,592.0,608.0,650.0,652.0,671.0,696.0,712.0,769.0,771.0,773.0,798.0,801.0,859.0,860.0,886.0,966.0,
31.0,44.0,56.0,137.0,158.0,205.0,301.0,307.0,308.0,336.0,370.0,374.0,376.0,419.0,423.0,492.0,508.0,557.0,564.0,568.0,670.0,721.0,746.0,815.0,857.0,877.0,930.0,942.0,948.0,950.0,979.0,
8.0,29.0,31.0,70.0,129.0,152.0,192.0,233.0,279.0,326.0,348.0,354.0,371.0,391.0,393.0,402.0,402.0,540.0,608.0,609.0,630.0,686.0,695.0,778.0,817.0,932.0,951.0,962.0,
2.0,31.0,47.0,64.0,74.0,79.0,82.0,115.0,134.0,167.0,185.0,245.0,262.0,274.0,279.0,286.0,312.0,313.0,316.0,351.0,376.0,379.0,381.0,401.0,414.0,432.0,434.0,452.0,479.0,548.0,560.0,579.0,605.0,607.0,621.0,692.0,711.0,718.0,739.0,747.0,758.0,772.0,841.0,850.0,852.0,858.0,859.0,909.0,946.0,957.0,957.0,958.0,970.0,979.0,984.0,
14.0,59.0,101.0,121.0,126.0,147.0,157.0,169.0,182.0,201.0,232.0,240.0,291.0,316.0,353.0,373.0,419.0,419.0,467.0,498.0,540.0,575.0,620.0,646.0,649.0,656.0,658.0,695.0,706.0,713.0,774.0,809.0,856.0,857.0,878.0,911.0,998.0,
34.0,41.0,48.0,54.0,60.0,80.0,88.0,143.0,154.0,198.0,225.0,255.0,288.0,298.0,331.0,391.0,413.0,417.0,422.0,426.0,561.0,564.0,570.0,570.0,595.0,608.0,647.0,661.0,668.0,682.0,691.0,718.0,730.0,731.0,735.0,749.0,832.0,842.0,908.0,921.0,939.0,948.0,954.0,958.0,
58.0,92.0,94.0,122.0,168.0,311.0,320.0,336.0,379.0,388.0,402.0,519.0,521.0,545.0,581.0,582.0,631.0,657.0,663.0,668.0,684.0,697.0,733.0,764.0,813.0,857.0,869.0,892.0,911.0,920.0,951.0,962.0,982.0,989.0,1000.0,
7.0,21.0,33.0,69.0,101.0,182.0,281.0,330.0,358.0,365.0,380.0,431.0,433.0,449.0,509.0,521.0,541.0,563.0,565.0,594.0,703.0,779.0,788.0,835.0,885.0,889.0,893.0,921.0,937.0,946.0,956.0,975.0,983.0,
37.0,49.0,52.0,88.0,158.0,182.0,194.0,198.0,202.0,205.0,214.0,233.0,266.0,285.0,290.0,295.0,298.0,307.0,318.0,331.0,402.0,411.0,422.0,447.0,448.0,450.0,462.0,493.0,495.0,497.0,527.0,543.0,569.0,569.0,577.0,616.0,624.0,666.0,726.0,747.0,749.0,795.0,802.0,805.0,809.0,850.0,900.0,962.0,963.0,971.0,
7.0,13.0,36.0,44.0,65.0,78.0,110.0,118.0,165.0,166.0,168.0,195.0,209.0,231.0,325.0,396.0,406.0,446.0,448.0,461.0,538.0,545.0,583.0,587.0,636.0,644.0,659.0,661.0,673.0,689.0,708.0,728.0,731.0,762.0,786.0,803.0,864.0,985.0,
23.0,25.0,30.0,79.0,164.0,195.0,223.0,233.0,239.0,239.0,247.0,271.0,287.0,342.0,389.0,391.0,418.0,424.0,475.0,481.0,484.0,516.0,517.0,524.0,532.0,535.0,542.0,565.0,598.0,612.0,627.0,639.0,651.0,704.0,771.0,784.0,806.0,876.0,884.0,896.0,902.0,913.0,935.0,944.0,
4.0,92.0,106.0,251.0,273.0,292.0,297.0,304.0,362.0,378.0,407.0,415.0,434.0,466.0,477.0,513.0,543.0,543.0,574.0,596.0,638.0,677.0,695.0,737.0,784.0,799.0,811.0,918.0,931.0,979.0,995.0,
26.0,55.0,82.0,88.0,102.0,126.0,146.0,173.0,177.0,242.0,298.0,301.0,302.0,308.0,439.0,447.0,507.0,514.0,536.0,607.0,619.0,645.0,676.0,703.0,712.0,730.0,741.0,787.0,812.0,826.0,858.0,906.0,944.0,967.0,968.0,981.0,985.0,989.0,996.0,
33.0,43.0,54.0,60.0,87.0,94.0,117.0,138.0,174.0,190.0,210.0,237.0,323.0,331.0,366.0,486.0,598.0,620.0,631.0,670.0,705.0,738.0,742.0,747.0,756.0,772.0,812.0,831.0,874.0,884.0,940.0,941.0,946.0,951.0,960.0,967.0,
10.0,23.0,25.0,37.0,125.0,164.0,195.0,198.0,215.0,261.0,266.0,272.0,352.0,360.0,363.0,381.0,389.0,427.0,440.0,458.0,813.0,893.0,933.0,
46.0,83.0,106.0,112.0,145.0,173.0,179.0,211.0,239.0,278.0,365.0,417.0,432.0,468.0,496.0,504.0,587.0,638.0,643.0,667.0,778.0,824.0,834.0,940.0,944.0,945.0,946.0,952.0,971.0,974.0,
50.0,60.0,70.0,88.0,95.0,127.0,135.0,257.0,308.0,380.0,388.0,410.0,414.0,422.0,443.0,551.0,582.0,587.0,588.0,595.0,619.0,642.0,654.0,686.0,691.0,740.0,768.0,777.0,824.0,837.0,909.0,916.0,941.0,956.0,981.0,990.0,
24.0,29.0,64.0,78.0,93.0,113.0,192.0,218.0,242.0,244.0,257.0,286.0,321.0,380.0,400.0,401.0,416.0,423.0,506.0,568.0,568.0,582.0,603.0,611.0,623.0,627.0,633.0,636.0,657.0,692.0,704.0,795.0,810.0,813.0,817.0,832.0,836.0,850.0,872.0,883.0,883.0,913.0,943.0,956.0,993.0,
29.0,43.0,61.0,71.0,84.0,85.0,91.0,179.0,180.0,182.0,210.0,218.0,227.0,257.0,262.0,264.0,360.0,366.0,468.0,490.0,495.0,508.0,552.0,607.0,613.0,614.0,665.0,676.0,700.0,720.0,742.0,836.0,836.0,903.0,911.0,926.0,932.0,947.0,981.0,983.0,
31.0,57.0,192.0,227.0,231.0,242.0,257.0,284.0,286.0,295.0,327.0,358.0,361.0,362.0,377.0,387.0,406.0,452.0,507.0,513.0,535.0,557.0,635.0,645.0,648.0,681.0,681.0,707.0,732.0,738.0,771.0,801.0,825.0,877.0,888.0,915.0,920.0,966.0,977.0,
23.0,48.0,58.0,106.0,123.0,151.0,202.0,214.0,255.0,279.0,282.0,292.0,344.0,349.0,392.0,432.0,496.0,502.0,528.0,561.0,603.0,604.0,629.0,634.0,644.0,655.0,661.0,697.0,735.0,739.0,751.0,805.0,834.0,837.0,838.0,838.0,840.0,849.0,893.0,893.0,916.0,944.0,978.0,
22.0,66.0,77.0,84.0,125.0,171.0,172.0,185.0,204.0,211.0,244.0,290.0,295.0,309.0,320.0,356.0,409.0,469.0,491.0,501.0,501.0,510.0,543.0,574.0,618.0,620.0,624.0,626.0,635.0,639.0,639.0,751.0,755.0,800.0,803.0,804.0,958.0,968.0,975.0,
28.0,32.0,78.0,81.0,175.0,185.0,200.0,205.0,227.0,237.0,257.0,277.0,278.0,298.0,301.0,350.0,357.0,370.0,399.0,413.0,426.0,504.0,584.0,595.0,596.0,780.0,794.0,835.0,842.0,908.0,933.0,938.0,969.0,999.0,
35.0,53.0,57.0,95.0,107.0,126.0,145.0,146.0,150.0,169.0,223.0,234.0,277.0,335.0,342.0,379.0,380.0,392.0,401.0,473.0,502.0,
79.0,82.0,100.0,151.0,174.0,177.0,215.0,229.0,246.0,255.0,283.0,286.0,295.0,324.0,350.0,353.0,354.0,390.0,401.0,449.0,455.0,478.0,479.0,
34.0,49.0,72.0,90.0,96.0,108.0,156.0,193.0,245.0,269.0,283.0,293.0,297.0,320.0,358.0,368.0,375.0,384.0,400.0,434.0,434.0,446.0,474.0,477.0,499.0,500.0,510.0,
17.0,45.0,86.0,153.0,173.0,242.0,250.0,264.0,275.0,283.0,286.0,310.0,323.0,363.0,394.0,397.0,417.0,466.0,481.0,686.0,719.0,739.0,763.0,776.0,820.0,827.0,828.0,853.0,858.0,901.0,947.0,948.0,961.0,975.0,987.0,987.0,987.0,
129.0,140.0,149.0,154.0,259.0,322.0,351.0,364.0,377.0,396.0,425.0,481.0,502.0,594.0,633.0,664.0,685.0,699.0,749.0,770.0,773.0,774.0,775.0,784.0,789.0,809.0,845.0,909.0,923.0,945.0,960.0,975.0,992.0,
24.0,34.0,41.0,68.0,87.0,124.0,157.0,171.0,236.0,255.0,283.0,294.0,300.0,322.0,335.0,339.0,371.0,378.0,387.0,457.0,468.0,495.0,513.0,517.0,531.0,533.0,537.0,556.0,557.0,579.0,587.0,605.0,628.0,643.0,652.0,667.0,706.0,722.0,749.0,751.0,815.0,819.0,882.0,893.0,900.0,929.0,959.0,990.0,
55.0,80.0,107.0,362.0,456.0,464.0,495.0,507.0,571.0,677.0,686.0,687.0,703.0,706.0,847.0,864.0,865.0,898.0,950.0,991.0,
39.0,54.0,75.0,80.0,84.0,86.0,100.0,139.0,145.0,151.0,193.0,204.0,224.0,301.0,306.0,329.0,341.0,358.0,363.0,364.0,393.0,472.0,488.0,490.0,490.0,508.0,511.0,543.0,596.0,612.0,622.0,630.0,648.0,667.0,675.0,681.0,690.0,695.0,728.0,750.0,756.0,790.0,836.0,852.0,886.0,957.0,958.0,
18.0,38.0,56.0,94.0,96.0,135.0,166.0,237.0,262.0,333.0,376.0,377.0,394.0,396.0,400.0,422.0,471.0,527.0,546.0,556.0,562.0,570.0,571.0,629.0,645.0,671.0,679.0,685.0,694.0,696.0,716.0,735.0,738.0,765.0,794.0,795.0,830.0,831.0,848.0,853.0,857.0,865.0,955.0,964.0,982.0,
3.0,13.0,14.0,20.0,38.0,73.0,81.0,127.0,151.0,156.0,163.0,187.0,195.0,201.0,211.0,221.0,226.0,270.0,274.0,292.0,318.0,362.0,379.0,426.0,454.0,463.0,468.0,667.0,693.0,813.0,880.0,894.0,895.0,979.0,
3.0,14.0,50.0,74.0,74.0,75.0,76.0,206.0,209.0,242.0,263.0,272.0,284.0,318.0,331.0,399.0,454.0,477.0,490.0,497.0,497.0,
22.0,51.0,60.0,125.0,181.0,197.0,223.0,321.0,324.0,342.0,378.0,422.0,885.0,945.0,994.0,
10.0,18.0,110.0,151.0,233.0,237.0,309.0,390.0,393.0,413.0,420.0,421.0,507.0,
50.0,92.0,101.0,103.0,139.0,181.0,184.0,217.0,279.0,285.0,318.0,332.0,336.0,362.0,368.0,369.0,393.0,404.0,420.0,510.0,706.0,721.0,723.0,769.0,817.0,824.0,842.0,847.0,902.0,904.0,915.0,925.0,998.0,
59.0,98.0,111.0,111.0,117.0,133.0,136.0,151.0,153.0,174.0,182.0,192.0,214.0,253.0,258.0,271.0,283.0,321.0,404.0,435.0,442.0,444.0,495.0,506.0,522.0,549.0,560.0,612.0,636.0,650.0,657.0,671.0,706.0,749.0,761.0,765.0,802.0,832.0,860.0,860.0,866.0,890.0,896.0,899.0,911.0,941.0,971.0,988.0,
6.0,15.0,123.0,199.0,218.0,237.0,243.0,247.0,251.0,272.0,330.0,331.0,375.0,412.0,423.0,426.0,462.0,519.0,551.0,553.0,565.0,602.0,609.0,681.0,737.0,762.0,773.0,778.0,791.0,810.0,829.0,857.0,874.0,888.0,933.0,937.0,988.0,
116.0,136.0,145.0,171.0,202.0,214.0,270.0,284.0,316.0,322.0,329.0,399.0,429.0,470.0,472.0,482.0,511.0,554.0,555.0,575.0,582.0,605.0,677.0,695.0,721.0,740.0,809.0,854.0,856.0,866.0,882.0,899.0,918.0,923.0,924.0,943.0,998.0,
2.0,14.0,36.0,48.0,112.0,133.0,142.0,170.0,270.0,303.0,310.0,336.0,337.0,340.0,343.0,368.0,394.0,401.0,407.0,411.0,500.0,512.0,601.0,650.0,661.0,668.0,739.0,821.0,842.0,848.0,860.0,897.0,901.0,914.0,935.0,973.0,979.0,
41.0,49.0,117.0,126.0,153.0,171.0,235.0,312.0,323.0,404.0,435.0,455.0,490.0,493.0,501.0,518.0,518.0,520.0,527.0,532.0,561.0,602.0,632.0,641.0,641.0,642.0,660.0,710.0,730.0,788.0,828.0,862.0,877.0,959.0,
24.0,50.0,54.0,65.0,92.0,111.0,189.0,191.0,213.0,230.0,243.0,267.0,278.0,330.0,361.0,370.0,443.0,485.0,492.0,519.0,678.0,705.0,712.0,748.0,812.0,835.0,866.0,876.0,889.0,891.0,900.0,916.0,986.0,
16.0,21.0,111.0,122.0,253.0,311.0,380.0,388.0,465.0,
23.0,64.0,83.0,88.0,97.0,110.0,145.0,165.0,187.0,214.0,229.0,236.0,252.0,286.0,305.0,371.0,395.0,423.0,440.0,451.0,453.0,501.0,
49.0,68.0,95.0,105.0,134.0,149.0,176.0,216.0,261.0,266.0,276.0,298.0,322.0,337.0,351.0,362.0,385.0,407.0,410.0,462.0,464.0,
22.0,67.0,99.0,144.0,186.0,227.0,239.0,323.0,328.0,330.0,340.0,456.0,463.0,467.0,471.0,471.0,646.0,668.0,729.0,740.0,767.0,777.0,855.0,866.0,874.0,886.0,907.0,909.0,916.0,990.0,997.0,
37.0,78.0,85.0,92.0,105.0,121.0,203.0,225.0,289.0,324.0,361.0,489.0,509.0,532.0,533.0,580.0,605.0,651.0,802.0,805.0,840.0,857.0,898.0,918.0,923.0,940.0,991.0,999.0,999.0,
17.0,51.0,63.0,85.0,127.0,149.0,194.0,197.0,220.0,246.0,262.0,298.0,301.0,310.0,331.0,349.0,364.0,396.0,399.0,516.0,621.0,645.0,661.0,709.0,758.0,811.0,824.0,827.0,846.0,926.0,940.0,972.0,
48.0,61.0,111.0,127.0,159.0,177.0,222.0,230.0,256.0,260.0,277.0,293.0,300.0,347.0,376.0,379.0,403.0,456.0,460.0,460.0,599.0,646.0,798.0,809.0,809.0,821.0,824.0,827.0,868.0,871.0,942.0,997.0,
57.0,84.0,135.0,169.0,182.0,187.0,219.0,222.0,275.0,307.0,312.0,366.0,379.0,387.0,401.0,423.0,429.0,518.0,518.0,572.0,573.0,617.0,636.0,670.0,686.0,730.0,780.0,806.0,808.0,823.0,848.0,852.0,860.0,911.0,919.0,930.0,987.0,
13.0,17.0,116.0,134.0,151.0,242.0,271.0,287.0,305.0,329.0,352.0,365.0,381.0,384.0,402.0,469.0,481.0,501.0,537.0,570.0,572.0,572.0,577.0,614.0,629.0,639.0,672.0,696.0,700.0,710.0,718.0,772.0,795.0,807.0,826.0,891.0,893.0,893.0,895.0,947.0,953.0,971.0,975.0,999.0,
80.0,87.0,126.0,189.0,218.0,253.0,272.0,322.0,357.0,363.0,367.0,398.0,405.0,436.0,454.0,459.0,495.0,511.0,519.0,521.0,525.0,616.0,635.0,686.0,761.0,782.0,814.0,833.0,883.0,888.0,889.0,927.0,942.0,967.0,981.0,988.0,
13.0,41.0,68.0,101.0,314.0,317.0,327.0,327.0,342.0,369.0,377.0,400.0,429.0,429.0,439.0,456.0,488.0,624.0,673.0,683.0,718.0,722.0,725.0,757.0,788.0,794.0,822.0,825.0,869.0,913.0,935.0,937.0,938.0,962.0,974.0,978.0,987.0,
11.0,23.0,55.0,73.0,75.0,92.0,111.0,122.0,140.0,174.0,185.0,193.0,195.0,229.0,248.0,270.0,299.0,321.0,322.0,329.0,395.0,432.0,465.0,485.0,734.0,793.0,808.0,853.0,867.0,907.0,961.0,
13.0,92.0,109.0,155.0,157.0,163.0,164.0,165.0,177.0,197.0,247.0,348.0,376.0,379.0,404.0,449.0,478.0,516.0,694.0,751.0,765.0,830.0,832.0,833.0,896.0,906.0,928.0,932.0,940.0,986.0,987.0,989.0,
25.0,56.0,59.0,84.0,123.0,152.0,161.0,178.0,184.0,259.0,286.0,331.0,331.0,335.0,360.0,373.0,390.0,393.0,400.0,445.0,454.0,455.0,481.0,483.0,531.0,553.0,571.0,572.0,653.0,664.0,683.0,780.0,796.0,833.0,871.0,871.0,872.0,921.0,932.0,
58.0,71.0,138.0,142.0,144.0,148.0,156.0,163.0,168.0,182.0,226.0,229.0,235.0,254.0,268.0,297.0,311.0,335.0,344.0,350.0,405.0,422.0,446.0,452.0,462.0,493.0,608.0,636.0,650.0,708.0,711.0,732.0,736.0,737.0,793.0,797.0,808.0,823.0,829.0,851.0,861.0,877.0,887.0,920.0,959.0,966.0,996.0,
42.0,67.0,74.0,79.0,84.0,190.0,219.0,224.0,230.0,232.0,237.0,257.0,275.0,350.0,371.0,387.0,434.0,504.0,517.0,542.0,573.0,595.0,644.0,674.0,675.0,722.0,813.0,826.0,879.0,914.0,920.0,931.0,943.0,
19.0,32.0,35.0,80.0,99.0,103.0,142.0,144.0,169.0,216.0,230.0,266.0,269.0,317.0,398.0,429.0,480.0,519.0,530.0,538.0,589.0,598.0,615.0,650.0,740.0,743.0,752.0,764.0,771.0,787.0,818.0,821.0,857.0,858.0,900.0,916.0,922.0,985.0,
4.0,42.0,60.0,63.0,128.0,129.0,163.0,169.0,170.0,170.0,182.0,197.0,202.0,213.0,227.0,232.0,294.0,326.0,334.0,349.0,395.0,396.0,397.0,416.0,541.0,541.0,593.0,616.0,629.0,652.0,685.0,687.0,713.0,730.0,732.0,788.0,805.0,910.0,982.0,
18.0,40.0,40.0,100.0,120.0,169.0,189.0,238.0,248.0,329.0,333.0,340.0,356.0,405.0,408.0,429.0,430.0,511.0,523.0,538.0,564.0,582.0,584.0,596.0,642.0,649.0,678.0,683.0,763.0,766.0,772.0,888.0,904.0,944.0,
45.0,99.0,149.0,161.0,187.0,192.0,218.0,256.0,328.0,345.0,348.0,367.0,382.0,400.0,407.0,428.0,439.0,444.0,445.0,471.0,474.0,492.0,495.0,513.0,545.0,638.0,642.0,713.0,724.0,751.0,756.0,774.0,799.0,845.0,845.0,878.0,
60.0,71.0,120.0,125.0,166.0,226.0,250.0,263.0,286.0,306.0,334.0,351.0,370.0,375.0,378.0,404.0,444.0,451.0,515.0,568.0,574.0,585.0,647.0,660.0,664.0,683.0,708.0,750.0,778.0,798.0,832.0,845.0,861.0,864.0,873.0,885.0,907.0,925.0,955.0,983.0,988.0,993.0,
37.0,39.0,46.0,172.0,178.0,211.0,271.0,286.0,302.0,333.0,370.0,378.0,386.0,409.0,457.0,493.0,504.0,527.0,536.0,548.0,579.0,625.0,631.0,635.0,653.0,653.0,674.0,684.0,693.0,721.0,729.0,744.0,792.0,796.0,821.0,850.0,867.0,870.0,873.0,911.0,942.0,972.0,978.0,979.0,982.0,997.0,
37.0,121.0,166.0,198.0,198.0,244.0,252.0,262.0,280.0,318.0,325.0,327.0,329.0,351.0,505.0,507.0,547.0,548.0,632.0,652.0,653.0,672.0,751.0,755.0,776.0,793.0,800.0,804.0,857.0,892.0,916.0,939.0,959.0,964.0,
9.0,25.0,29.0,33.0,55.0,72.0,74.0,125.0,140.0,140.0,205.0,228.0,242.0,272.0,301.0,317.0,354.0,399.0,406.0,409.0,435.0,445.0,450.0,483.0,541.0,620.0,640.0,657.0,688.0,693.0,697.0,702.0,724.0,727.0,789.0,804.0,892.0,941.0,964.0,976.0,980.0,
38.0,41.0,73.0,80.0,132.0,161.0,164.0,165.0,206.0,250.0,250.0,279.0,336.0,388.0,388.0,400.0,403.0,450.0,454.0,488.0,570.0,612.0,617.0,628.0,634.0,666.0,677.0,696.0,753.0,835.0,904.0,937.0,976.0,
8.0,53.0,62.0,90.0,108.0,130.0,152.0,157.0,185.0,247.0,248.0,256.0,295.0,307.0,309.0,350.0,356.0,410.0,420.0,424.0,484.0,512.0,513.0,600.0,609.0,619.0,698.0,716.0,724.0,764.0,768.0,772.0,774.0,779.0,818.0,835.0,872.0,885.0,893.0,903.0,913.0,944.0,949.0,999.0,
23.0,30.0,42.0,59.0,59.0,125.0,128.0,132.0,178.0,185.0,196.0,200.0,230.0,241.0,269.0,277.0,290.0,291.0,299.0,318.0,343.0,390.0,390.0,405.0,441.0,467.0,470.0,482.0,508.0,584.0,623.0,652.0,689.0,696.0,710.0,756.0,779.0,855.0,965.0,
50.0,55.0,67.0,83.0,96.0,109.0,116.0,128.0,148.0,155.0,169.0,174.0,191.0,205.0,208.0,241.0,288.0,319.0,323.0,384.0,432.0,453.0,510.0,522.0,569.0,589.0,590.0,625.0,639.0,659.0,742.0,745.0,761.0,762.0,777.0,781.0,804.0,820.0,829.0,831.0,870.0,870.0,893.0,917.0,
50.0,57.0,57.0,98.0,114.0,152.0,186.0,216.0,220.0,260.0,266.0,279.0,300.0,307.0,309.0,406.0,423.0,440.0,494.0,570.0,588.0,634.0,648.0,657.0,687.0,740.0,803.0,807.0,818.0,820.0,846.0,916.0,917.0,937.0,972.0,
7.0,15.0,45.0,117.0,135.0,166.0,168.0,232.0,233.0,251.0,318.0,354.0,361.0,466.0,506.0,524.0,536.0,603.0,626.0,663.0,698.0,714.0,829.0,884.0,898.0,966.0,977.0,
26.0,29.0,57.0,67.0,67.0,142.0,217.0,284.0,369.0,418.0,491.0,508.0,525.0,547.0,569.0,600.0,636.0,649.0,695.0,720.0,760.0,810.0,835.0,871.0,871.0,874.0,878.0,900.0,920.0,969.0,996.0,
58.0,156.0,184.0,201.0,294.0,374.0,376.0,384.0,407.0,416.0,422.0,424.0,440.0,450.0,450.0,473.0,515.0,590.0,672.0,722.0,766.0,767.0,788.0,812.0,813.0,857.0,882.0,930.0,
3.0,27.0,39.0,41.0,70.0,76.0,137.0,156.0,187.0,190.0,203.0,207.0,279.0,305.0,319.0,344.0,346.0,370.0,376.0,398.0,430.0,453.0,488.0,504.0,510.0,520.0,576.0,583.0,599.0,608.0,661.0,697.0,730.0,733.0,749.0,759.0,767.0,786.0,871.0,904.0,946.0,979.0,
14.0,52.0,55.0,78.0,91.0,137.0,204.0,214.0,334.0,358.0,363.0,368.0,431.0,433.0,434.0,436.0,554.0,691.0,776.0,806.0,814.0,820.0,825.0,855.0,870.0,878.0,882.0,887.0,900.0,912.0,
22.0,67.0,82.0,124.0,189.0,204.0,223.0,238.0,243.0,243.0,252.0,256.0,290.0,336.0,343.0,344.0,380.0,398.0,441.0,445.0,453.0,524.0,529.0,537.0,556.0,572.0,583.0,604.0,615.0,615.0,631.0,676.0,688.0,691.0,696.0,717.0,781.0,789.0,817.0,902.0,927.0,965.0,969.0,
12.0,14.0,20.0,33.0,35.0,84.0,107.0,135.0,141.0,156.0,157.0,186.0,244.0,251.0,265.0,267.0,276.0,324.0,337.0,355.0,399.0,449.0,452.0,455.0,493.0,497.0,563.0,639.0,641.0,674.0,677.0,758.0,763.0,768.0,779.0,785.0,791.0,807.0,831.0,889.0,894.0,897.0,917.0,928.0,936.0,970.0,992.0,992.0,
