41.0,42.0,72.0,107.0,159.0,169.0,197.0,259.0,369.0,420.0,423.0,451.0,456.0,476.0,559.0,569.0,578.0,586.0,617.0,646.0,668.0,682.0,737.0,738.0,757.0,775.0,779.0,814.0,835.0,851.0,853.0,883.0,920.0,926.0,
103.0,177.0,199.0,200.0,213.0,225.0,274.0,288.0,294.0,316.0,320.0,323.0,349.0,369.0,472.0,474.0,505.0,547.0,590.0,618.0,632.0,657.0,663.0,702.0,706.0,737.0,745.0,753.0,810.0,812.0,827.0,860.0,896.0,898.0,924.0,933.0,944.0,960.0,963.0,984.0,
21.0,35.0,66.0,88.0,92.0,125.0,144.0,165.0,195.0,223.0,228.0,242.0,245.0,250.0,256.0,315.0,358.0,370.0,386.0,388.0,398.0,408.0,419.0,490.0,500.0,533.0,553.0,559.0,559.0,592.0,595.0,638.0,649.0,663.0,666.0,681.0,681.0,683.0,687.0,704.0,712.0,722.0,777.0,778.0,787.0,863.0,866.0,921.0,954.0,960.0,981.0,
175.0,175.0,195.0,201.0,285.0,367.0,368.0,395.0,419.0,465.0,516.0,519.0,529.0,529.0,535.0,558.0,585.0,619.0,696.0,732.0,757.0,777.0,830.0,880.0,883.0,914.0,937.0,949.0,980.0,990.0,998.0,
11.0,45.0,77.0,109.0,157.0,165.0,237.0,237.0,265.0,284.0,309.0,423.0,430.0,450.0,474.0,505.0,506.0,509.0,532.0,545.0,559.0,562.0,675.0,715.0,731.0,780.0,846.0,853.0,896.0,923.0,940.0,954.0,968.0,992.0,
97.0,113.0,141.0,166.0,168.0,342.0,352.0,385.0,403.0,408.0,446.0,471.0,487.0,502.0,549.0,553.0,633.0,662.0,666.0,695.0,699.0,699.0,706.0,711.0,713.0,724.0,749.0,754.0,755.0,783.0,787.0,798.0,810.0,825.0,836.0,900.0,997.0,
29.0,45.0,70.0,109.0,120.0,137.0,139.0,156.0,198.0,217.0,262.0,381.0,383.0,398.0,437.0,439.0,467.0,529.0,585.0,614.0,615.0,681.0,689.0,702.0,716.0,790.0,834.0,848.0,855.0,893.0,
41.0,97.0,229.0,230.0,269.0,275.0,279.0,299.0,303.0,399.0,409.0,441.0,445.0,452.0,579.0,593.0,618.0,642.0,646.0,669.0,670.0,677.0,720.0,723.0,783.0,817.0,852.0,957.0,966.0,990.0,995.0,
4.0,6.0,94.0,115.0,175.0,182.0,257.0,258.0,297.0,333.0,334.0,337.0,368.0,375.0,396.0,410.0,467.0,469.0,487.0,489.0,503.0,513.0,562.0,574.0,577.0,593.0,648.0,699.0,727.0,730.0,802.0,813.0,817.0,820.0,828.0,907.0,936.0,936.0,961.0,971.0,
96.0,115.0,151.0,160.0,188.0,249.0,254.0,286.0,340.0,362.0,394.0,409.0,419.0,421.0,432.0,462.0,480.0,553.0,571.0,586.0,599.0,612.0,629.0,640.0,649.0,658.0,690.0,691.0,701.0,754.0,844.0,872.0,999.0,
12.0,32.0,80.0,83.0,96.0,133.0,160.0,169.0,170.0,195.0,334.0,341.0,342.0,365.0,415.0,427.0,454.0,458.0,462.0,467.0,473.0,488.0,507.0,523.0,558.0,602.0,613.0,663.0,725.0,731.0,736.0,777.0,823.0,837.0,849.0,888.0,893.0,907.0,994.0,
25.0,92.0,221.0,241.0,252.0,259.0,267.0,325.0,342.0,361.0,362.0,388.0,394.0,420.0,436.0,461.0,486.0,527.0,554.0,608.0,616.0,640.0,657.0,672.0,721.0,805.0,880.0,891.0,919.0,941.0,946.0,975.0,991.0,997.0,
29.0,54.0,91.0,117.0,118.0,134.0,163.0,166.0,170.0,173.0,175.0,176.0,183.0,188.0,194.0,203.0,208.0,209.0,214.0,304.0,304.0,389.0,433.0,453.0,455.0,465.0,484.0,545.0,564.0,579.0,598.0,618.0,635.0,643.0,645.0,658.0,708.0,717.0,719.0,721.0,741.0,756.0,758.0,778.0,813.0,935.0,981.0,984.0,
50.0,93.0,118.0,139.0,158.0,229.0,268.0,270.0,289.0,342.0,403.0,415.0,495.0,537.0,581.0,748.0,764.0,771.0,781.0,789.0,817.0,827.0,908.0,916.0,918.0,
113.0,136.0,162.0,165.0,192.0,243.0,245.0,317.0,344.0,359.0,359.0,383.0,390.0,462.0,475.0,522.0,536.0,723.0,795.0,797.0,797.0,802.0,805.0,817.0,832.0,930.0,931.0,978.0,987.0,
13.0,27.0,66.0,128.0,132.0,178.0,228.0,246.0,249.0,256.0,261.0,296.0,298.0,315.0,317.0,455.0,457.0,509.0,515.0,518.0,567.0,597.0,726.0,796.0,806.0,806.0,883.0,890.0,893.0,917.0,951.0,
88.0,153.0,189.0,197.0,330.0,343.0,384.0,405.0,433.0,518.0,569.0,585.0,601.0,610.0,672.0,699.0,722.0,762.0,823.0,832.0,848.0,882.0,929.0,931.0,954.0,954.0,979.0,985.0,992.0,993.0,
86.0,153.0,202.0,209.0,217.0,234.0,242.0,289.0,294.0,347.0,369.0,384.0,428.0,436.0,453.0,609.0,621.0,630.0,641.0,654.0,656.0,786.0,919.0,944.0,950.0,982.0,
2.0,5.0,49.0,115.0,121.0,133.0,178.0,184.0,184.0,232.0,233.0,252.0,252.0,294.0,294.0,300.0,306.0,317.0,408.0,422.0,424.0,473.0,486.0,501.0,578.0,592.0,645.0,706.0,795.0,832.0,885.0,940.0,960.0,
18.0,31.0,56.0,82.0,92.0,93.0,170.0,191.0,202.0,253.0,270.0,319.0,364.0,370.0,377.0,556.0,583.0,751.0,803.0,810.0,827.0,839.0,866.0,868.0,915.0,932.0,937.0,947.0,988.0,
19.0,53.0,110.0,117.0,124.0,133.0,211.0,215.0,219.0,270.0,301.0,353.0,399.0,406.0,439.0,518.0,532.0,540.0,555.0,563.0,598.0,612.0,661.0,679.0,689.0,758.0,775.0,788.0,821.0,838.0,844.0,880.0,901.0,938.0,964.0,
13.0,21.0,65.0,76.0,156.0,194.0,205.0,212.0,266.0,275.0,277.0,295.0,299.0,375.0,430.0,448.0,471.0,474.0,479.0,480.0,484.0,491.0,501.0,573.0,615.0,646.0,698.0,779.0,797.0,804.0,822.0,862.0,868.0,868.0,900.0,910.0,936.0,937.0,963.0,975.0,980.0,985.0,992.0,
42.0,64.0,83.0,85.0,117.0,134.0,137.0,142.0,148.0,157.0,246.0,248.0,248.0,267.0,299.0,308.0,317.0,352.0,361.0,379.0,409.0,439.0,447.0,513.0,541.0,548.0,562.0,571.0,572.0,621.0,652.0,691.0,697.0,735.0,745.0,763.0,877.0,880.0,
49.0,59.0,109.0,121.0,137.0,170.0,184.0,223.0,230.0,265.0,300.0,310.0,347.0,489.0,528.0,560.0,674.0,678.0,690.0,697.0,703.0,721.0,755.0,845.0,857.0,883.0,939.0,959.0,968.0,978.0,983.0,
49.0,52.0,52.0,65.0,74.0,78.0,97.0,140.0,174.0,209.0,231.0,252.0,271.0,288.0,290.0,296.0,305.0,345.0,354.0,368.0,385.0,408.0,415.0,444.0,469.0,494.0,507.0,520.0,536.0,573.0,594.0,668.0,681.0,695.0,706.0,708.0,710.0,752.0,762.0,777.0,871.0,906.0,934.0,937.0,959.0,978.0,983.0,
3.0,46.0,56.0,59.0,63.0,104.0,135.0,167.0,180.0,183.0,191.0,269.0,326.0,350.0,392.0,410.0,454.0,498.0,504.0,519.0,542.0,661.0,690.0,698.0,748.0,751.0,762.0,842.0,863.0,887.0,922.0,944.0,987.0,1000.0,
6.0,29.0,121.0,125.0,192.0,245.0,253.0,334.0,371.0,382.0,435.0,438.0,459.0,478.0,478.0,529.0,647.0,651.0,672.0,696.0,785.0,819.0,829.0,843.0,845.0,885.0,933.0,952.0,957.0,988.0,992.0,993.0,
31.0,69.0,102.0,116.0,171.0,177.0,234.0,286.0,358.0,361.0,414.0,443.0,461.0,498.0,533.0,537.0,577.0,639.0,670.0,716.0,762.0,763.0,801.0,808.0,846.0,876.0,923.0,937.0,983.0,
23.0,41.0,48.0,49.0,83.0,88.0,149.0,192.0,206.0,220.0,270.0,298.0,311.0,319.0,339.0,385.0,413.0,421.0,433.0,435.0,497.0,522.0,539.0,589.0,605.0,612.0,623.0,631.0,634.0,714.0,726.0,808.0,821.0,821.0,848.0,852.0,920.0,969.0,985.0,
19.0,27.0,132.0,142.0,250.0,271.0,347.0,352.0,366.0,413.0,420.0,473.0,518.0,524.0,597.0,686.0,692.0,714.0,809.0,812.0,822.0,869.0,927.0,935.0,949.0,951.0,962.0,977.0,996.0,
28.0,39.0,58.0,60.0,65.0,111.0,150.0,159.0,192.0,220.0,252.0,261.0,262.0,294.0,301.0,306.0,313.0,340.0,400.0,410.0,416.0,449.0,451.0,466.0,489.0,523.0,574.0,589.0,603.0,607.0,609.0,637.0,638.0,649.0,653.0,739.0,740.0,772.0,781.0,800.0,845.0,867.0,928.0,990.0,993.0,
4.0,51.0,123.0,130.0,139.0,219.0,266.0,283.0,287.0,292.0,353.0,381.0,390.0,436.0,514.0,546.0,581.0,587.0,604.0,636.0,689.0,705.0,722.0,755.0,777.0,780.0,803.0,885.0,887.0,904.0,910.0,959.0,968.0,976.0,981.0,983.0,
28.0,141.0,158.0,177.0,186.0,193.0,227.0,307.0,323.0,353.0,384.0,387.0,421.0,430.0,434.0,438.0,454.0,472.0,477.0,502.0,515.0,537.0,551.0,640.0,709.0,712.0,741.0,824.0,839.0,852.0,917.0,917.0,943.0,952.0,972.0,
10.0,17.0,32.0,59.0,89.0,90.0,92.0,141.0,168.0,203.0,233.0,264.0,306.0,324.0,330.0,347.0,374.0,496.0,511.0,565.0,591.0,642.0,690.0,696.0,732.0,747.0,760.0,819.0,841.0,859.0,864.0,864.0,871.0,873.0,884.0,904.0,936.0,959.0,972.0,
21.0,102.0,180.0,189.0,242.0,293.0,297.0,394.0,404.0,414.0,432.0,437.0,447.0,460.0,463.0,528.0,547.0,556.0,641.0,666.0,689.0,710.0,732.0,736.0,740.0,753.0,756.0,797.0,830.0,857.0,867.0,904.0,943.0,960.0,
172.0,188.0,227.0,235.0,241.0,289.0,326.0,329.0,350.0,396.0,442.0,491.0,533.0,542.0,565.0,594.0,608.0,609.0,700.0,708.0,709.0,721.0,774.0,780.0,788.0,810.0,838.0,896.0,941.0,984.0,988.0,998.0,
10.0,13.0,55.0,68.0,80.0,119.0,129.0,130.0,135.0,148.0,210.0,225.0,225.0,240.0,244.0,249.0,288.0,303.0,307.0,354.0,363.0,365.0,385.0,421.0,437.0,502.0,562.0,567.0,577.0,589.0,604.0,606.0,625.0,629.0,632.0,648.0,658.0,684.0,704.0,739.0,909.0,963.0,974.0,
3.0,70.0,88.0,114.0,158.0,175.0,197.0,259.0,266.0,295.0,329.0,356.0,374.0,463.0,548.0,616.0,667.0,746.0,770.0,811.0,821.0,834.0,836.0,839.0,840.0,846.0,856.0,912.0,928.0,945.0,957.0,984.0,
25.0,42.0,73.0,77.0,79.0,93.0,109.0,118.0,133.0,169.0,193.0,198.0,208.0,242.0,282.0,299.0,301.0,311.0,335.0,362.0,372.0,375.0,445.0,465.0,484.0,512.0,544.0,566.0,597.0,613.0,627.0,645.0,689.0,732.0,746.0,764.0,773.0,856.0,861.0,877.0,931.0,953.0,980.0,983.0,
4.0,4.0,19.0,20.0,34.0,77.0,78.0,137.0,152.0,157.0,186.0,222.0,316.0,492.0,503.0,515.0,533.0,540.0,682.0,727.0,732.0,759.0,804.0,813.0,837.0,839.0,968.0,990.0,
14.0,43.0,53.0,137.0,172.0,250.0,253.0,262.0,274.0,286.0,292.0,300.0,301.0,345.0,385.0,461.0,515.0,548.0,613.0,626.0,662.0,673.0,690.0,761.0,764.0,766.0,833.0,870.0,890.0,930.0,970.0,978.0,997.0,
8.0,86.0,113.0,118.0,191.0,266.0,298.0,372.0,373.0,414.0,420.0,493.0,496.0,521.0,526.0,529.0,531.0,560.0,600.0,641.0,647.0,660.0,680.0,716.0,748.0,860.0,877.0,879.0,887.0,941.0,943.0,956.0,
22.0,63.0,79.0,105.0,118.0,167.0,173.0,202.0,222.0,235.0,250.0,263.0,265.0,272.0,274.0,328.0,408.0,409.0,411.0,464.0,490.0,521.0,522.0,532.0,553.0,576.0,584.0,623.0,630.0,680.0,734.0,735.0,753.0,764.0,768.0,771.0,806.0,830.0,846.0,859.0,933.0,937.0,946.0,946.0,978.0,
20.0,46.0,55.0,184.0,223.0,237.0,266.0,287.0,289.0,342.0,358.0,385.0,414.0,484.0,516.0,538.0,541.0,562.0,589.0,602.0,643.0,693.0,708.0,715.0,716.0,729.0,755.0,755.0,758.0,813.0,815.0,837.0,842.0,853.0,880.0,939.0,975.0,
28.0,45.0,68.0,77.0,91.0,113.0,130.0,170.0,177.0,185.0,297.0,311.0,326.0,377.0,389.0,396.0,401.0,421.0,433.0,452.0,487.0,510.0,589.0,615.0,623.0,764.0,772.0,779.0,791.0,814.0,897.0,963.0,978.0,
3.0,23.0,42.0,57.0,69.0,137.0,176.0,181.0,186.0,201.0,203.0,279.0,282.0,311.0,391.0,407.0,476.0,482.0,485.0,766.0,787.0,923.0,
50.0,98.0,106.0,109.0,131.0,154.0,202.0,216.0,303.0,317.0,320.0,394.0,400.0,401.0,411.0,451.0,483.0,734.0,823.0,865.0,896.0,950.0,979.0,
4.0,23.0,45.0,48.0,48.0,67.0,93.0,141.0,163.0,186.0,199.0,218.0,249.0,306.0,312.0,325.0,355.0,358.0,383.0,397.0,437.0,441.0,444.0,459.0,468.0,480.0,520.0,529.0,533.0,543.0,581.0,596.0,647.0,687.0,758.0,786.0,833.0,864.0,865.0,909.0,923.0,962.0,975.0,982.0,
50.0,57.0,63.0,70.0,71.0,117.0,127.0,129.0,150.0,201.0,293.0,320.0,337.0,427.0,476.0,508.0,539.0,592.0,617.0,633.0,665.0,678.0,705.0,716.0,724.0,729.0,746.0,784.0,808.0,812.0,861.0,893.0,911.0,938.0,941.0,
25.0,35.0,65.0,77.0,80.0,101.0,112.0,124.0,139.0,156.0,188.0,211.0,394.0,398.0,420.0,428.0,449.0,463.0,463.0,487.0,515.0,523.0,530.0,531.0,574.0,591.0,634.0,665.0,688.0,717.0,732.0,810.0,812.0,813.0,820.0,887.0,888.0,933.0,
3.0,14.0,56.0,56.0,58.0,63.0,71.0,76.0,78.0,93.0,98.0,142.0,152.0,170.0,209.0,225.0,258.0,270.0,429.0,445.0,471.0,472.0,493.0,504.0,515.0,525.0,536.0,561.0,619.0,630.0,641.0,664.0,670.0,706.0,764.0,768.0,770.0,804.0,811.0,821.0,837.0,840.0,858.0,900.0,923.0,934.0,947.0,972.0,990.0,991.0,993.0,
6.0,10.0,55.0,60.0,195.0,205.0,243.0,324.0,325.0,330.0,331.0,387.0,413.0,477.0,534.0,567.0,599.0,614.0,660.0,687.0,725.0,750.0,799.0,801.0,830.0,872.0,900.0,904.0,907.0,934.0,955.0,956.0,970.0,976.0,988.0,996.0,
25.0,67.0,95.0,128.0,128.0,171.0,267.0,316.0,328.0,363.0,401.0,437.0,446.0,451.0,459.0,489.0,493.0,539.0,555.0,589.0,591.0,629.0,673.0,701.0,708.0,741.0,810.0,854.0,856.0,858.0,873.0,892.0,901.0,907.0,978.0,
26.0,26.0,28.0,58.0,65.0,80.0,82.0,127.0,141.0,144.0,163.0,172.0,182.0,232.0,242.0,270.0,282.0,294.0,299.0,355.0,375.0,384.0,385.0,391.0,430.0,473.0,474.0,505.0,532.0,590.0,636.0,706.0,740.0,744.0,781.0,795.0,859.0,867.0,887.0,887.0,913.0,940.0,941.0,987.0,
13.0,20.0,22.0,28.0,108.0,153.0,217.0,242.0,251.0,282.0,303.0,382.0,413.0,467.0,470.0,475.0,825.0,924.0,958.0,
28.0,74.0,75.0,117.0,133.0,214.0,288.0,293.0,326.0,341.0,359.0,400.0,403.0,408.0,413.0,441.0,445.0,449.0,464.0,494.0,504.0,
14.0,35.0,80.0,182.0,193.0,208.0,223.0,234.0,283.0,288.0,306.0,331.0,352.0,360.0,430.0,450.0,455.0,755.0,
5.0,13.0,34.0,39.0,49.0,118.0,121.0,130.0,175.0,204.0,217.0,218.0,230.0,305.0,333.0,435.0,439.0,442.0,446.0,466.0,505.0,535.0,550.0,567.0,646.0,727.0,763.0,789.0,810.0,908.0,960.0,963.0,970.0,987.0,
47.0,82.0,84.0,131.0,132.0,132.0,161.0,378.0,401.0,423.0,424.0,431.0,437.0,541.0,562.0,596.0,618.0,634.0,645.0,706.0,754.0,770.0,776.0,779.0,817.0,825.0,839.0,840.0,840.0,842.0,871.0,897.0,916.0,919.0,924.0,934.0,966.0,995.0,
6.0,17.0,26.0,36.0,46.0,80.0,88.0,127.0,137.0,172.0,185.0,211.0,215.0,232.0,279.0,304.0,327.0,339.0,365.0,372.0,389.0,392.0,421.0,423.0,432.0,467.0,471.0,534.0,580.0,614.0,628.0,688.0,781.0,783.0,824.0,824.0,829.0,853.0,859.0,902.0,937.0,
64.0,66.0,67.0,68.0,81.0,224.0,246.0,273.0,335.0,368.0,407.0,414.0,415.0,491.0,527.0,528.0,604.0,636.0,639.0,646.0,656.0,669.0,695.0,697.0,702.0,745.0,748.0,818.0,827.0,827.0,835.0,909.0,971.0,
24.0,82.0,124.0,132.0,178.0,241.0,244.0,252.0,281.0,288.0,316.0,326.0,384.0,386.0,451.0,479.0,510.0,550.0,560.0,576.0,614.0,673.0,697.0,700.0,750.0,779.0,784.0,806.0,823.0,856.0,863.0,865.0,880.0,936.0,943.0,983.0,
23.0,75.0,88.0,115.0,124.0,197.0,211.0,211.0,216.0,287.0,288.0,289.0,306.0,334.0,334.0,378.0,379.0,431.0,438.0,450.0,473.0,485.0,499.0,536.0,561.0,577.0,624.0,632.0,679.0,721.0,730.0,791.0,802.0,814.0,846.0,853.0,867.0,918.0,943.0,
31.0,53.0,70.0,85.0,94.0,114.0,117.0,157.0,195.0,237.0,250.0,253.0,269.0,325.0,331.0,335.0,342.0,371.0,384.0,390.0,399.0,421.0,436.0,438.0,451.0,476.0,511.0,512.0,530.0,542.0,572.0,588.0,647.0,672.0,745.0,745.0,763.0,768.0,776.0,797.0,818.0,840.0,884.0,897.0,914.0,916.0,919.0,940.0,969.0,971.0,
19.0,41.0,52.0,105.0,153.0,180.0,190.0,200.0,252.0,253.0,325.0,345.0,370.0,371.0,392.0,417.0,495.0,511.0,568.0,629.0,633.0,661.0,700.0,706.0,723.0,740.0,768.0,773.0,829.0,893.0,904.0,947.0,961.0,967.0,
53.0,62.0,134.0,144.0,147.0,160.0,165.0,167.0,181.0,211.0,216.0,221.0,235.0,268.0,280.0,338.0,343.0,359.0,381.0,448.0,826.0,952.0,977.0,
16.0,21.0,58.0,104.0,110.0,174.0,201.0,217.0,218.0,236.0,237.0,244.0,287.0,322.0,337.0,362.0,369.0,374.0,386.0,403.0,453.0,455.0,495.0,572.0,620.0,647.0,683.0,684.0,724.0,757.0,760.0,775.0,783.0,867.0,872.0,878.0,926.0,932.0,968.0,987.0,
17.0,25.0,30.0,52.0,99.0,117.0,132.0,134.0,140.0,140.0,180.0,211.0,215.0,235.0,248.0,252.0,273.0,274.0,330.0,341.0,354.0,369.0,441.0,532.0,543.0,691.0,716.0,739.0,767.0,767.0,792.0,817.0,838.0,884.0,890.0,899.0,920.0,930.0,955.0,980.0,
33.0,78.0,80.0,150.0,237.0,357.0,365.0,377.0,414.0,515.0,540.0,544.0,575.0,637.0,681.0,689.0,690.0,697.0,706.0,717.0,745.0,748.0,752.0,775.0,799.0,832.0,845.0,896.0,899.0,944.0,944.0,974.0,990.0,
12.0,40.0,57.0,69.0,105.0,111.0,146.0,197.0,246.0,267.0,268.0,270.0,290.0,309.0,319.0,327.0,358.0,359.0,360.0,397.0,429.0,445.0,450.0,461.0,477.0,504.0,554.0,586.0,593.0,624.0,661.0,674.0,742.0,773.0,785.0,869.0,913.0,914.0,949.0,966.0,
12.0,16.0,64.0,100.0,148.0,150.0,198.0,203.0,204.0,262.0,274.0,289.0,323.0,422.0,428.0,429.0,451.0,462.0,502.0,518.0,537.0,549.0,565.0,727.0,730.0,738.0,743.0,750.0,784.0,800.0,832.0,901.0,915.0,916.0,933.0,982.0,
43.0,138.0,186.0,239.0,281.0,297.0,305.0,314.0,325.0,348.0,386.0,466.0,488.0,491.0,511.0,533.0,545.0,614.0,624.0,637.0,659.0,693.0,759.0,772.0,806.0,835.0,861.0,864.0,875.0,884.0,897.0,902.0,908.0,911.0,925.0,956.0,956.0,962.0,973.0,
51.0,52.0,155.0,230.0,252.0,252.0,303.0,310.0,322.0,326.0,400.0,454.0,474.0,535.0,559.0,560.0,608.0,611.0,662.0,684.0,739.0,752.0,758.0,840.0,911.0,916.0,926.0,974.0,978.0,980.0,984.0,
17.0,24.0,46.0,77.0,97.0,168.0,185.0,185.0,199.0,233.0,256.0,270.0,306.0,310.0,319.0,365.0,457.0,462.0,463.0,536.0,581.0,587.0,603.0,640.0,645.0,670.0,699.0,709.0,761.0,772.0,774.0,781.0,801.0,838.0,853.0,919.0,919.0,944.0,976.0,997.0,
22.0,58.0,88.0,96.0,108.0,113.0,123.0,130.0,233.0,240.0,291.0,305.0,388.0,395.0,402.0,403.0,432.0,478.0,495.0,505.0,542.0,591.0,593.0,616.0,622.0,649.0,698.0,724.0,744.0,773.0,786.0,793.0,806.0,812.0,819.0,831.0,860.0,861.0,862.0,912.0,925.0,928.0,949.0,962.0,
27.0,29.0,64.0,86.0,88.0,97.0,162.0,172.0,201.0,277.0,301.0,322.0,347.0,352.0,358.0,383.0,419.0,491.0,542.0,553.0,570.0,608.0,654.0,658.0,660.0,679.0,680.0,692.0,724.0,744.0,756.0,794.0,811.0,821.0,840.0,914.0,914.0,969.0,983.0,999.0,
25.0,28.0,45.0,88.0,99.0,130.0,149.0,162.0,213.0,324.0,372.0,390.0,400.0,400.0,406.0,416.0,418.0,434.0,454.0,511.0,583.0,589.0,602.0,658.0,664.0,694.0,723.0,723.0,750.0,753.0,762.0,777.0,830.0,849.0,880.0,895.0,920.0,933.0,940.0,967.0,984.0,989.0,1000.0,
50.0,86.0,106.0,133.0,146.0,172.0,174.0,235.0,243.0,244.0,249.0,252.0,257.0,288.0,305.0,315.0,418.0,453.0,478.0,586.0,645.0,716.0,734.0,746.0,762.0,768.0,800.0,810.0,810.0,814.0,824.0,830.0,868.0,886.0,900.0,934.0,954.0,963.0,972.0,979.0,
17.0,35.0,50.0,54.0,62.0,65.0,72.0,81.0,123.0,144.0,166.0,183.0,186.0,206.0,234.0,294.0,312.0,330.0,339.0,356.0,398.0,411.0,417.0,450.0,455.0,478.0,509.0,519.0,582.0,601.0,605.0,605.0,661.0,700.0,775.0,785.0,807.0,810.0,825.0,884.0,894.0,912.0,956.0,962.0,984.0,988.0,
24.0,48.0,55.0,61.0,85.0,104.0,107.0,114.0,222.0,228.0,250.0,257.0,261.0,267.0,273.0,305.0,355.0,415.0,458.0,463.0,474.0,531.0,542.0,551.0,590.0,652.0,707.0,740.0,764.0,781.0,784.0,846.0,857.0,886.0,901.0,903.0,964.0,968.0,
8.0,20.0,113.0,126.0,132.0,180.0,203.0,232.0,240.0,336.0,343.0,379.0,393.0,436.0,450.0,479.0,502.0,517.0,559.0,571.0,645.0,686.0,759.0,778.0,928.0,929.0,962.0,998.0,
100.0,111.0,125.0,126.0,141.0,188.0,190.0,198.0,223.0,226.0,249.0,276.0,283.0,285.0,306.0,355.0,396.0,406.0,417.0,451.0,486.0,503.0,513.0,517.0,543.0,569.0,582.0,642.0,644.0,648.0,732.0,743.0,744.0,747.0,768.0,788.0,800.0,824.0,829.0,854.0,858.0,875.0,983.0,990.0,
6.0,25.0,32.0,67.0,101.0,119.0,151.0,163.0,179.0,215.0,250.0,271.0,295.0,329.0,381.0,396.0,475.0,506.0,516.0,535.0,537.0,607.0,611.0,735.0,741.0,763.0,772.0,789.0,829.0,884.0,913.0,951.0,952.0,967.0,
13.0,31.0,39.0,40.0,41.0,50.0,51.0,85.0,99.0,102.0,103.0,108.0,116.0,150.0,164.0,187.0,223.0,233.0,248.0,261.0,271.0,277.0,337.0,413.0,432.0,451.0,524.0,526.0,533.0,551.0,595.0,632.0,639.0,698.0,701.0,726.0,789.0,820.0,844.0,926.0,930.0,963.0,977.0,979.0,
32.0,38.0,61.0,61.0,75.0,86.0,109.0,138.0,144.0,238.0,258.0,280.0,288.0,299.0,309.0,330.0,382.0,402.0,405.0,414.0,419.0,423.0,477.0,514.0,528.0,540.0,551.0,590.0,615.0,615.0,635.0,638.0,638.0,670.0,671.0,718.0,729.0,747.0,779.0,782.0,819.0,825.0,838.0,876.0,899.0,900.0,914.0,941.0,975.0,982.0,985.0,
5.0,13.0,69.0,90.0,181.0,183.0,208.0,228.0,232.0,292.0,308.0,311.0,337.0,413.0,414.0,487.0,520.0,527.0,534.0,550.0,558.0,583.0,622.0,638.0,652.0,664.0,713.0,729.0,789.0,795.0,829.0,832.0,940.0,953.0,
26.0,30.0,59.0,79.0,83.0,152.0,155.0,167.0,171.0,224.0,248.0,253.0,261.0,279.0,288.0,300.0,309.0,453.0,454.0,467.0,512.0,514.0,567.0,627.0,664.0,683.0,691.0,692.0,782.0,790.0,799.0,803.0,811.0,820.0,853.0,871.0,894.0,901.0,907.0,915.0,959.0,973.0,978.0,991.0,
32.0,65.0,71.0,89.0,102.0,117.0,124.0,160.0,190.0,254.0,264.0,290.0,294.0,301.0,312.0,397.0,400.0,455.0,472.0,476.0,483.0,501.0,533.0,566.0,636.0,672.0,728.0,735.0,741.0,842.0,869.0,875.0,908.0,935.0,943.0,961.0,969.0,
13.0,18.0,47.0,62.0,123.0,148.0,190.0,219.0,258.0,367.0,383.0,388.0,392.0,402.0,406.0,489.0,512.0,539.0,556.0,619.0,640.0,673.0,719.0,725.0,839.0,888.0,892.0,901.0,917.0,923.0,934.0,944.0,971.0,991.0,994.0,
48.0,77.0,139.0,154.0,163.0,175.0,182.0,197.0,232.0,248.0,272.0,317.0,336.0,388.0,407.0,416.0,436.0,438.0,451.0,478.0,491.0,497.0,497.0,516.0,521.0,558.0,563.0,570.0,611.0,661.0,664.0,664.0,729.0,756.0,779.0,811.0,887.0,891.0,935.0,974.0,1000.0,
19.0,19.0,67.0,128.0,142.0,150.0,176.0,193.0,210.0,229.0,229.0,272.0,293.0,317.0,319.0,330.0,352.0,363.0,380.0,385.0,386.0,436.0,454.0,454.0,461.0,504.0,559.0,581.0,598.0,615.0,631.0,679.0,703.0,735.0,800.0,816.0,817.0,883.0,901.0,923.0,930.0,942.0,
9.0,21.0,48.0,54.0,74.0,75.0,101.0,111.0,115.0,180.0,272.0,289.0,346.0,376.0,395.0,423.0,424.0,462.0,480.0,491.0,506.0,534.0,536.0,562.0,598.0,623.0,625.0,632.0,665.0,704.0,706.0,741.0,753.0,779.0,794.0,814.0,849.0,887.0,913.0,942.0,
3.0,39.0,153.0,155.0,159.0,193.0,207.0,223.0,225.0,307.0,315.0,377.0,442.0,494.0,497.0,518.0,525.0,533.0,534.0,540.0,555.0,586.0,622.0,642.0,646.0,662.0,665.0,675.0,789.0,803.0,854.0,882.0,884.0,917.0,948.0,967.0,999.0,
8.0,25.0,32.0,66.0,76.0,90.0,111.0,120.0,208.0,233.0,309.0,315.0,331.0,336.0,338.0,419.0,452.0,509.0,582.0,585.0,595.0,606.0,608.0,641.0,648.0,656.0,700.0,705.0,707.0,714.0,750.0,755.0,757.0,763.0,769.0,869.0,934.0,941.0,945.0,960.0,1000.0,
15.0,55.0,170.0,178.0,187.0,198.0,232.0,242.0,292.0,347.0,356.0,358.0,390.0,454.0,501.0,522.0,601.0,623.0,641.0,664.0,672.0,705.0,746.0,755.0,815.0,841.0,866.0,884.0,892.0,
12.0,56.0,59.0,158.0,208.0,214.0,215.0,271.0,298.0,307.0,335.0,351.0,396.0,418.0,424.0,434.0,446.0,459.0,510.0,521.0,564.0,586.0,607.0,607.0,669.0,684.0,688.0,722.0,730.0,782.0,784.0,806.0,807.0,845.0,882.0,884.0,919.0,985.0,
15.0,23.0,45.0,173.0,186.0,237.0,291.0,319.0,322.0,349.0,405.0,427.0,442.0,444.0,459.0,495.0,546.0,632.0,635.0,647.0,647.0,668.0,677.0,754.0,769.0,846.0,899.0,938.0,966.0,
25.0,33.0,34.0,34.0,87.0,90.0,119.0,143.0,150.0,160.0,196.0,246.0,250.0,256.0,267.0,271.0,278.0,331.0,373.0,375.0,418.0,479.0,488.0,512.0,546.0,618.0,621.0,629.0,631.0,680.0,698.0,717.0,722.0,747.0,764.0,765.0,796.0,827.0,914.0,916.0,962.0,988.0,
44.0,65.0,130.0,134.0,157.0,181.0,184.0,191.0,222.0,349.0,350.0,369.0,381.0,386.0,409.0,412.0,452.0,466.0,500.0,539.0,612.0,663.0,666.0,693.0,728.0,745.0,753.0,853.0,854.0,882.0,902.0,932.0,970.0,977.0,981.0,
71.0,143.0,149.0,156.0,173.0,217.0,241.0,263.0,264.0,267.0,316.0,359.0,381.0,444.0,453.0,466.0,492.0,543.0,566.0,622.0,655.0,708.0,713.0,772.0,782.0,818.0,821.0,823.0,845.0,845.0,857.0,901.0,
