7.0,34.0,60.0,87.0,102.0,145.0,185.0,204.0,268.0,320.0,325.0,326.0,361.0,373.0,427.0,439.0,440.0,451.0,460.0,530.0,546.0,556.0,613.0,623.0,757.0,764.0,774.0,823.0,850.0,905.0,911.0,952.0,958.0,970.0,990.0,999.0,
26.0,44.0,143.0,162.0,210.0,221.0,299.0,305.0,317.0,326.0,334.0,416.0,421.0,423.0,447.0,451.0,463.0,495.0,507.0,510.0,551.0,813.0,828.0,873.0,928.0,935.0,945.0,984.0,
11.0,102.0,115.0,134.0,150.0,176.0,181.0,196.0,204.0,234.0,295.0,298.0,326.0,328.0,336.0,352.0,370.0,401.0,401.0,412.0,431.0,446.0,485.0,486.0,518.0,539.0,582.0,587.0,607.0,618.0,622.0,675.0,700.0,755.0,819.0,843.0,855.0,859.0,860.0,898.0,901.0,930.0,944.0,950.0,971.0,981.0,989.0,997.0,998.0,999.0,
30.0,53.0,64.0,88.0,104.0,176.0,201.0,207.0,210.0,220.0,229.0,277.0,298.0,328.0,348.0,414.0,428.0,490.0,501.0,507.0,514.0,540.0,603.0,605.0,619.0,643.0,677.0,677.0,690.0,701.0,706.0,710.0,729.0,732.0,760.0,774.0,777.0,779.0,852.0,938.0,958.0,999.0,
5.0,9.0,46.0,67.0,77.0,78.0,185.0,202.0,211.0,276.0,282.0,346.0,370.0,378.0,416.0,548.0,560.0,566.0,615.0,648.0,655.0,685.0,715.0,739.0,774.0,823.0,835.0,933.0,940.0,946.0,956.0,966.0,
41.0,103.0,126.0,142.0,165.0,181.0,235.0,369.0,372.0,427.0,518.0,520.0,525.0,531.0,578.0,611.0,666.0,757.0,847.0,910.0,985.0,
40.0,74.0,84.0,92.0,100.0,102.0,125.0,136.0,152.0,213.0,247.0,249.0,257.0,331.0,344.0,446.0,452.0,494.0,497.0,506.0,543.0,594.0,611.0,660.0,675.0,683.0,714.0,724.0,734.0,780.0,848.0,963.0,972.0,
15.0,57.0,60.0,80.0,81.0,90.0,152.0,222.0,236.0,238.0,256.0,258.0,287.0,290.0,301.0,369.0,381.0,397.0,398.0,431.0,455.0,487.0,498.0,502.0,514.0,576.0,640.0,667.0,686.0,710.0,728.0,731.0,762.0,787.0,807.0,818.0,845.0,860.0,862.0,881.0,910.0,929.0,953.0,960.0,971.0,974.0,
47.0,86.0,116.0,160.0,219.0,256.0,260.0,285.0,286.0,307.0,322.0,337.0,339.0,387.0,431.0,457.0,466.0,467.0,489.0,541.0,589.0,597.0,606.0,698.0,705.0,711.0,730.0,732.0,783.0,858.0,900.0,916.0,948.0,973.0,978.0,983.0,
3.0,22.0,50.0,71.0,85.0,101.0,178.0,213.0,219.0,321.0,374.0,379.0,386.0,416.0,431.0,465.0,546.0,561.0,567.0,688.0,706.0,742.0,744.0,758.0,773.0,817.0,835.0,872.0,905.0,929.0,946.0,
22.0,26.0,30.0,38.0,49.0,69.0,72.0,94.0,182.0,256.0,314.0,341.0,347.0,363.0,373.0,396.0,411.0,433.0,469.0,495.0,533.0,534.0,646.0,666.0,690.0,704.0,757.0,779.0,811.0,896.0,904.0,913.0,
50.0,75.0,85.0,96.0,107.0,143.0,165.0,200.0,244.0,274.0,327.0,337.0,361.0,402.0,456.0,472.0,495.0,517.0,561.0,624.0,645.0,656.0,665.0,785.0,820.0,841.0,874.0,899.0,919.0,930.0,961.0,
60.0,66.0,137.0,211.0,231.0,248.0,266.0,279.0,322.0,328.0,332.0,375.0,384.0,391.0,434.0,444.0,458.0,461.0,479.0,507.0,514.0,514.0,544.0,576.0,593.0,596.0,612.0,631.0,703.0,717.0,722.0,789.0,812.0,873.0,897.0,917.0,960.0,995.0,
26.0,49.0,89.0,103.0,104.0,170.0,205.0,205.0,239.0,245.0,246.0,267.0,271.0,272.0,289.0,298.0,305.0,324.0,365.0,426.0,456.0,459.0,544.0,570.0,622.0,659.0,745.0,746.0,779.0,795.0,813.0,830.0,871.0,880.0,887.0,915.0,924.0,941.0,950.0,984.0,997.0,999.0,
52.0,86.0,182.0,249.0,263.0,288.0,297.0,321.0,329.0,350.0,352.0,409.0,415.0,428.0,460.0,477.0,602.0,631.0,659.0,674.0,675.0,695.0,719.0,743.0,751.0,802.0,860.0,877.0,882.0,883.0,894.0,951.0,964.0,990.0,993.0,
69.0,82.0,86.0,120.0,160.0,165.0,181.0,205.0,210.0,303.0,313.0,316.0,333.0,362.0,374.0,386.0,388.0,403.0,427.0,430.0,477.0,527.0,608.0,609.0,628.0,645.0,659.0,685.0,716.0,758.0,778.0,788.0,878.0,885.0,895.0,899.0,
9.0,50.0,58.0,62.0,92.0,116.0,144.0,145.0,170.0,240.0,242.0,244.0,262.0,338.0,409.0,410.0,415.0,433.0,492.0,494.0,533.0,544.0,591.0,607.0,625.0,653.0,665.0,667.0,687.0,687.0,703.0,716.0,823.0,863.0,882.0,904.0,921.0,924.0,948.0,
12.0,37.0,59.0,110.0,128.0,133.0,159.0,182.0,189.0,200.0,210.0,219.0,263.0,277.0,296.0,326.0,350.0,380.0,385.0,386.0,396.0,437.0,441.0,595.0,608.0,614.0,662.0,668.0,677.0,689.0,704.0,735.0,785.0,792.0,850.0,878.0,936.0,976.0,991.0,
4.0,17.0,51.0,97.0,124.0,146.0,206.0,216.0,248.0,308.0,312.0,369.0,422.0,423.0,456.0,515.0,537.0,555.0,746.0,754.0,774.0,778.0,787.0,800.0,810.0,820.0,830.0,858.0,861.0,862.0,890.0,907.0,942.0,961.0,964.0,986.0,
8.0,51.0,71.0,75.0,82.0,102.0,169.0,193.0,249.0,285.0,301.0,324.0,336.0,383.0,487.0,500.0,524.0,548.0,567.0,579.0,586.0,593.0,665.0,699.0,715.0,719.0,723.0,734.0,770.0,816.0,890.0,899.0,902.0,911.0,930.0,943.0,946.0,976.0,985.0,
27.0,34.0,62.0,91.0,158.0,200.0,233.0,262.0,293.0,329.0,355.0,387.0,388.0,421.0,450.0,480.0,527.0,534.0,606.0,607.0,655.0,666.0,678.0,691.0,728.0,734.0,777.0,777.0,798.0,813.0,828.0,835.0,852.0,920.0,928.0,928.0,935.0,939.0,944.0,
70.0,79.0,124.0,185.0,197.0,199.0,208.0,210.0,231.0,231.0,242.0,255.0,261.0,359.0,372.0,414.0,416.0,480.0,499.0,584.0,585.0,590.0,611.0,616.0,656.0,674.0,708.0,724.0,786.0,788.0,832.0,938.0,985.0,
50.0,55.0,104.0,129.0,138.0,139.0,142.0,156.0,242.0,263.0,296.0,313.0,370.0,377.0,402.0,474.0,492.0,501.0,576.0,619.0,644.0,652.0,672.0,673.0,677.0,734.0,763.0,777.0,781.0,847.0,850.0,904.0,921.0,939.0,969.0,976.0,
12.0,40.0,66.0,69.0,75.0,92.0,123.0,172.0,176.0,178.0,205.0,221.0,267.0,278.0,279.0,359.0,384.0,438.0,467.0,470.0,523.0,524.0,557.0,571.0,610.0,621.0,627.0,722.0,732.0,763.0,800.0,838.0,841.0,874.0,904.0,949.0,
124.0,161.0,189.0,224.0,225.0,252.0,298.0,308.0,316.0,316.0,349.0,405.0,468.0,508.0,533.0,591.0,635.0,640.0,717.0,764.0,769.0,807.0,835.0,933.0,963.0,
50.0,107.0,138.0,194.0,219.0,300.0,357.0,484.0,517.0,533.0,571.0,576.0,722.0,751.0,776.0,797.0,822.0,844.0,886.0,899.0,929.0,
18.0,32.0,62.0,78.0,129.0,135.0,136.0,146.0,177.0,198.0,256.0,256.0,266.0,271.0,310.0,319.0,385.0,432.0,445.0,449.0,453.0,607.0,611.0,667.0,693.0,698.0,715.0,719.0,763.0,767.0,768.0,791.0,798.0,860.0,933.0,999.0,
101.0,108.0,136.0,138.0,145.0,147.0,157.0,161.0,234.0,254.0,264.0,314.0,320.0,337.0,348.0,348.0,350.0,425.0,430.0,437.0,508.0,589.0,648.0,674.0,699.0,778.0,806.0,899.0,908.0,917.0,927.0,939.0,981.0,
126.0,139.0,157.0,169.0,194.0,198.0,204.0,216.0,229.0,306.0,343.0,351.0,396.0,487.0,518.0,524.0,524.0,563.0,570.0,585.0,586.0,624.0,627.0,635.0,690.0,702.0,713.0,733.0,788.0,839.0,849.0,849.0,950.0,963.0,985.0,
31.0,35.0,50.0,74.0,78.0,99.0,110.0,141.0,142.0,180.0,256.0,290.0,293.0,294.0,300.0,308.0,369.0,386.0,387.0,400.0,402.0,414.0,448.0,483.0,487.0,493.0,520.0,524.0,531.0,547.0,559.0,617.0,638.0,639.0,641.0,646.0,710.0,714.0,727.0,728.0,733.0,735.0,754.0,794.0,820.0,822.0,845.0,894.0,900.0,908.0,929.0,976.0,996.0,997.0,
3.0,37.0,84.0,129.0,132.0,134.0,142.0,146.0,151.0,202.0,226.0,259.0,271.0,287.0,299.0,303.0,354.0,383.0,439.0,471.0,501.0,571.0,603.0,640.0,656.0,657.0,663.0,710.0,719.0,732.0,734.0,759.0,790.0,822.0,849.0,887.0,910.0,918.0,960.0,983.0,992.0,
27.0,34.0,81.0,152.0,272.0,316.0,343.0,346.0,346.0,349.0,353.0,383.0,383.0,393.0,448.0,456.0,477.0,503.0,534.0,551.0,552.0,558.0,563.0,621.0,640.0,687.0,687.0,808.0,856.0,863.0,906.0,914.0,920.0,921.0,922.0,
27.0,120.0,160.0,192.0,280.0,312.0,335.0,407.0,431.0,472.0,654.0,707.0,712.0,714.0,731.0,732.0,754.0,864.0,870.0,880.0,895.0,911.0,926.0,932.0,942.0,956.0,984.0,990.0,
34.0,100.0,119.0,151.0,175.0,185.0,213.0,222.0,241.0,258.0,286.0,287.0,322.0,345.0,375.0,380.0,380.0,381.0,384.0,390.0,402.0,410.0,486.0,533.0,548.0,556.0,560.0,579.0,589.0,603.0,617.0,619.0,623.0,662.0,724.0,725.0,734.0,778.0,791.0,803.0,818.0,841.0,897.0,906.0,934.0,940.0,979.0,
8.0,26.0,54.0,69.0,70.0,74.0,84.0,118.0,121.0,123.0,161.0,175.0,197.0,231.0,290.0,303.0,367.0,405.0,413.0,417.0,417.0,433.0,462.0,484.0,543.0,590.0,611.0,646.0,650.0,674.0,686.0,703.0,706.0,712.0,715.0,748.0,761.0,769.0,796.0,802.0,805.0,809.0,837.0,858.0,862.0,867.0,870.0,878.0,882.0,934.0,935.0,941.0,951.0,958.0,
9.0,20.0,91.0,104.0,110.0,112.0,151.0,174.0,235.0,242.0,249.0,304.0,305.0,377.0,420.0,448.0,450.0,527.0,579.0,601.0,604.0,637.0,645.0,648.0,699.0,756.0,790.0,792.0,796.0,813.0,839.0,865.0,881.0,903.0,909.0,915.0,938.0,955.0,
45.0,63.0,86.0,93.0,106.0,115.0,147.0,154.0,160.0,188.0,198.0,241.0,280.0,290.0,299.0,303.0,316.0,339.0,364.0,385.0,397.0,405.0,430.0,444.0,448.0,469.0,504.0,560.0,585.0,615.0,619.0,644.0,650.0,653.0,669.0,698.0,715.0,729.0,750.0,801.0,824.0,832.0,844.0,902.0,904.0,935.0,939.0,943.0,970.0,994.0,
16.0,48.0,100.0,109.0,116.0,141.0,148.0,154.0,175.0,188.0,316.0,370.0,371.0,377.0,395.0,478.0,546.0,551.0,612.0,681.0,702.0,712.0,729.0,769.0,770.0,771.0,804.0,831.0,835.0,880.0,894.0,903.0,904.0,933.0,961.0,975.0,976.0,
35.0,45.0,54.0,83.0,88.0,127.0,131.0,182.0,204.0,302.0,314.0,335.0,337.0,380.0,380.0,380.0,398.0,401.0,463.0,492.0,581.0,606.0,627.0,695.0,698.0,793.0,808.0,878.0,904.0,945.0,951.0,962.0,
13.0,44.0,112.0,155.0,159.0,217.0,226.0,271.0,295.0,303.0,307.0,317.0,334.0,367.0,396.0,398.0,419.0,439.0,445.0,539.0,554.0,569.0,571.0,573.0,646.0,657.0,671.0,691.0,766.0,773.0,809.0,819.0,828.0,851.0,866.0,866.0,913.0,914.0,919.0,931.0,943.0,962.0,
72.0,73.0,84.0,133.0,155.0,184.0,194.0,205.0,221.0,225.0,293.0,356.0,417.0,427.0,456.0,471.0,573.0,575.0,620.0,673.0,699.0,750.0,758.0,759.0,760.0,813.0,830.0,867.0,941.0,968.0,987.0,
7.0,50.0,114.0,118.0,124.0,166.0,171.0,181.0,208.0,236.0,248.0,254.0,259.0,379.0,397.0,493.0,511.0,554.0,555.0,577.0,596.0,636.0,670.0,675.0,696.0,709.0,739.0,787.0,800.0,811.0,829.0,857.0,876.0,897.0,919.0,927.0,981.0,
27.0,48.0,136.0,143.0,156.0,163.0,171.0,178.0,246.0,285.0,290.0,296.0,330.0,364.0,366.0,393.0,405.0,415.0,415.0,419.0,511.0,543.0,551.0,579.0,593.0,593.0,607.0,660.0,663.0,685.0,724.0,743.0,784.0,804.0,817.0,837.0,905.0,911.0,931.0,961.0,
35.0,50.0,109.0,127.0,199.0,228.0,244.0,280.0,284.0,392.0,421.0,441.0,491.0,523.0,536.0,537.0,564.0,570.0,590.0,591.0,628.0,680.0,684.0,690.0,724.0,726.0,740.0,765.0,778.0,779.0,790.0,792.0,799.0,821.0,824.0,841.0,872.0,894.0,902.0,926.0,950.0,969.0,985.0,998.0,998.0,
2.0,21.0,35.0,52.0,89.0,147.0,156.0,166.0,196.0,212.0,309.0,324.0,341.0,369.0,375.0,384.0,391.0,409.0,416.0,474.0,476.0,483.0,496.0,516.0,602.0,735.0,739.0,756.0,768.0,789.0,799.0,832.0,865.0,879.0,909.0,928.0,940.0,994.0,
9.0,16.0,26.0,29.0,67.0,136.0,140.0,169.0,173.0,181.0,186.0,233.0,235.0,238.0,261.0,327.0,334.0,346.0,385.0,400.0,405.0,451.0,491.0,495.0,903.0,
104.0,118.0,145.0,172.0,173.0,225.0,233.0,273.0,278.0,350.0,357.0,373.0,405.0,416.0,513.0,654.0,711.0,731.0,734.0,735.0,741.0,764.0,771.0,856.0,962.0,994.0,997.0,
96.0,161.0,168.0,243.0,262.0,356.0,374.0,374.0,379.0,416.0,417.0,424.0,479.0,480.0,482.0,515.0,521.0,543.0,550.0,554.0,594.0,656.0,707.0,716.0,721.0,741.0,743.0,764.0,795.0,873.0,917.0,974.0,982.0,986.0,
45.0,53.0,53.0,73.0,82.0,227.0,260.0,282.0,288.0,358.0,408.0,414.0,453.0,455.0,502.0,515.0,519.0,541.0,547.0,597.0,688.0,744.0,768.0,780.0,811.0,834.0,864.0,931.0,956.0,956.0,
125.0,132.0,139.0,154.0,165.0,169.0,183.0,257.0,304.0,333.0,380.0,420.0,431.0,438.0,497.0,526.0,544.0,578.0,587.0,604.0,634.0,665.0,709.0,737.0,797.0,802.0,803.0,847.0,979.0,988.0,
15.0,33.0,36.0,64.0,82.0,85.0,90.0,100.0,141.0,153.0,196.0,207.0,214.0,228.0,231.0,236.0,239.0,303.0,380.0,415.0,422.0,442.0,509.0,552.0,571.0,592.0,606.0,706.0,719.0,753.0,766.0,798.0,809.0,823.0,836.0,876.0,942.0,943.0,960.0,963.0,971.0,978.0,995.0,
17.0,29.0,94.0,131.0,175.0,228.0,264.0,264.0,301.0,361.0,475.0,502.0,546.0,584.0,627.0,679.0,757.0,764.0,773.0,780.0,815.0,886.0,938.0,955.0,
21.0,48.0,90.0,112.0,114.0,130.0,258.0,319.0,322.0,338.0,402.0,408.0,425.0,441.0,456.0,460.0,471.0,472.0,511.0,528.0,608.0,620.0,645.0,653.0,674.0,677.0,708.0,718.0,732.0,779.0,795.0,818.0,904.0,909.0,913.0,916.0,931.0,949.0,956.0,
29.0,36.0,41.0,60.0,69.0,129.0,137.0,184.0,192.0,218.0,235.0,264.0,293.0,307.0,313.0,317.0,325.0,374.0,434.0,463.0,471.0,495.0,498.0,508.0,517.0,566.0,589.0,594.0,612.0,637.0,695.0,713.0,718.0,734.0,765.0,769.0,805.0,816.0,818.0,873.0,902.0,906.0,908.0,915.0,932.0,944.0,947.0,981.0,
29.0,34.0,35.0,38.0,167.0,189.0,196.0,202.0,204.0,268.0,277.0,280.0,307.0,332.0,351.0,451.0,465.0,503.0,779.0,871.0,987.0,
25.0,51.0,126.0,219.0,257.0,303.0,330.0,337.0,348.0,355.0,364.0,484.0,504.0,
27.0,71.0,73.0,75.0,101.0,118.0,160.0,227.0,246.0,265.0,291.0,303.0,307.0,334.0,347.0,381.0,424.0,427.0,442.0,461.0,474.0,908.0,924.0,939.0,965.0,978.0,
9.0,17.0,27.0,29.0,33.0,40.0,41.0,71.0,112.0,124.0,155.0,160.0,192.0,207.0,213.0,249.0,329.0,384.0,389.0,450.0,464.0,473.0,482.0,495.0,499.0,503.0,507.0,513.0,518.0,526.0,528.0,536.0,582.0,652.0,699.0,722.0,734.0,757.0,771.0,797.0,809.0,824.0,831.0,850.0,863.0,892.0,897.0,897.0,994.0,
7.0,51.0,52.0,55.0,63.0,74.0,148.0,153.0,168.0,225.0,278.0,365.0,412.0,418.0,429.0,443.0,464.0,468.0,479.0,492.0,521.0,570.0,649.0,655.0,659.0,678.0,696.0,718.0,725.0,747.0,757.0,775.0,803.0,813.0,848.0,923.0,947.0,960.0,982.0,
8.0,11.0,17.0,68.0,96.0,125.0,217.0,274.0,276.0,278.0,299.0,341.0,350.0,409.0,409.0,443.0,470.0,474.0,491.0,515.0,540.0,565.0,567.0,620.0,632.0,648.0,667.0,671.0,719.0,805.0,808.0,823.0,826.0,847.0,869.0,933.0,
2.0,2.0,10.0,82.0,103.0,108.0,168.0,177.0,221.0,223.0,229.0,245.0,299.0,299.0,313.0,337.0,341.0,343.0,436.0,461.0,469.0,469.0,480.0,494.0,504.0,540.0,546.0,602.0,633.0,635.0,640.0,719.0,741.0,752.0,780.0,803.0,855.0,864.0,917.0,
6.0,44.0,57.0,105.0,136.0,176.0,185.0,192.0,197.0,242.0,257.0,266.0,279.0,325.0,340.0,423.0,464.0,490.0,523.0,532.0,536.0,548.0,588.0,669.0,676.0,699.0,706.0,708.0,727.0,729.0,772.0,797.0,804.0,835.0,850.0,857.0,901.0,923.0,943.0,945.0,952.0,964.0,
3.0,35.0,39.0,100.0,106.0,121.0,134.0,147.0,168.0,190.0,226.0,301.0,333.0,347.0,349.0,366.0,372.0,410.0,413.0,455.0,456.0,469.0,482.0,527.0,571.0,604.0,608.0,626.0,626.0,762.0,802.0,815.0,818.0,827.0,845.0,852.0,852.0,860.0,874.0,916.0,938.0,952.0,957.0,982.0,
48.0,53.0,125.0,154.0,161.0,182.0,197.0,204.0,323.0,332.0,352.0,357.0,361.0,388.0,516.0,542.0,602.0,607.0,637.0,679.0,683.0,690.0,697.0,707.0,712.0,778.0,784.0,798.0,800.0,841.0,935.0,
12.0,44.0,67.0,78.0,100.0,108.0,122.0,161.0,324.0,338.0,372.0,434.0,438.0,489.0,495.0,505.0,509.0,645.0,654.0,671.0,687.0,751.0,832.0,940.0,
22.0,126.0,150.0,155.0,163.0,165.0,167.0,182.0,197.0,203.0,205.0,214.0,227.0,239.0,253.0,266.0,268.0,279.0,286.0,329.0,397.0,404.0,405.0,462.0,480.0,491.0,508.0,511.0,741.0,980.0,
42.0,62.0,113.0,193.0,197.0,218.0,242.0,283.0,366.0,368.0,374.0,395.0,457.0,591.0,622.0,642.0,643.0,650.0,657.0,694.0,719.0,742.0,814.0,826.0,830.0,832.0,835.0,861.0,873.0,917.0,966.0,
82.0,99.0,106.0,119.0,172.0,173.0,185.0,197.0,218.0,225.0,316.0,317.0,323.0,327.0,425.0,435.0,491.0,519.0,572.0,595.0,615.0,638.0,658.0,660.0,666.0,670.0,677.0,795.0,795.0,809.0,821.0,827.0,837.0,858.0,880.0,935.0,984.0,993.0,
6.0,25.0,29.0,50.0,59.0,60.0,126.0,134.0,147.0,164.0,176.0,239.0,245.0,253.0,256.0,333.0,404.0,422.0,429.0,449.0,454.0,508.0,589.0,598.0,622.0,634.0,647.0,756.0,776.0,815.0,837.0,861.0,882.0,908.0,961.0,994.0,
22.0,38.0,65.0,146.0,149.0,152.0,158.0,222.0,224.0,232.0,301.0,334.0,372.0,385.0,445.0,465.0,539.0,549.0,633.0,634.0,705.0,713.0,717.0,761.0,777.0,793.0,803.0,853.0,863.0,865.0,900.0,902.0,946.0,949.0,993.0,
2.0,10.0,38.0,76.0,121.0,150.0,152.0,172.0,178.0,192.0,229.0,239.0,243.0,258.0,347.0,354.0,374.0,384.0,423.0,499.0,541.0,573.0,623.0,696.0,699.0,728.0,739.0,751.0,759.0,771.0,785.0,874.0,890.0,906.0,929.0,955.0,980.0,
2.0,35.0,68.0,72.0,115.0,132.0,161.0,187.0,213.0,216.0,232.0,252.0,277.0,322.0,333.0,369.0,369.0,399.0,403.0,506.0,508.0,531.0,566.0,584.0,645.0,663.0,701.0,707.0,741.0,825.0,847.0,869.0,898.0,932.0,938.0,954.0,955.0,963.0,969.0,
21.0,59.0,141.0,173.0,202.0,206.0,209.0,243.0,272.0,288.0,314.0,351.0,353.0,418.0,451.0,470.0,487.0,502.0,540.0,544.0,585.0,632.0,753.0,767.0,786.0,831.0,841.0,856.0,881.0,940.0,953.0,971.0,977.0,
3.0,13.0,57.0,77.0,166.0,184.0,217.0,226.0,230.0,269.0,273.0,280.0,311.0,348.0,403.0,452.0,533.0,551.0,638.0,652.0,653.0,708.0,718.0,732.0,809.0,847.0,850.0,869.0,896.0,935.0,960.0,978.0,982.0,
97.0,117.0,132.0,177.0,224.0,252.0,349.0,432.0,434.0,438.0,463.0,467.0,478.0,480.0,547.0,551.0,622.0,623.0,624.0,646.0,646.0,662.0,686.0,697.0,713.0,715.0,778.0,782.0,784.0,793.0,795.0,797.0,836.0,843.0,912.0,928.0,950.0,980.0,988.0,
51.0,88.0,98.0,122.0,186.0,230.0,279.0,305.0,318.0,342.0,472.0,473.0,495.0,521.0,566.0,574.0,575.0,600.0,618.0,624.0,624.0,643.0,678.0,702.0,717.0,728.0,754.0,755.0,794.0,806.0,835.0,839.0,846.0,862.0,874.0,894.0,922.0,935.0,939.0,972.0,972.0,
58.0,85.0,121.0,142.0,156.0,187.0,205.0,209.0,220.0,249.0,262.0,292.0,298.0,299.0,315.0,344.0,372.0,389.0,413.0,452.0,461.0,466.0,510.0,524.0,560.0,597.0,609.0,641.0,732.0,824.0,831.0,837.0,887.0,892.0,904.0,935.0,952.0,967.0,
8.0,46.0,60.0,83.0,160.0,176.0,206.0,256.0,293.0,299.0,328.0,357.0,376.0,400.0,428.0,446.0,450.0,457.0,485.0,560.0,619.0,624.0,682.0,692.0,733.0,775.0,806.0,809.0,842.0,874.0,881.0,903.0,925.0,933.0,938.0,947.0,951.0,964.0,983.0,997.0,
15.0,26.0,52.0,54.0,57.0,75.0,88.0,141.0,161.0,164.0,169.0,187.0,208.0,298.0,304.0,341.0,346.0,369.0,405.0,441.0,449.0,466.0,475.0,497.0,508.0,521.0,533.0,533.0,536.0,554.0,574.0,667.0,693.0,699.0,775.0,784.0,829.0,831.0,831.0,841.0,854.0,856.0,876.0,905.0,980.0,999.0,
8.0,27.0,39.0,57.0,77.0,138.0,229.0,241.0,243.0,318.0,353.0,434.0,441.0,451.0,458.0,480.0,487.0,517.0,528.0,530.0,591.0,665.0,692.0,713.0,739.0,745.0,766.0,789.0,915.0,933.0,936.0,966.0,990.0,992.0,995.0,997.0,
2.0,57.0,71.0,73.0,182.0,223.0,244.0,271.0,327.0,351.0,353.0,406.0,422.0,469.0,487.0,494.0,509.0,514.0,516.0,548.0,584.0,599.0,627.0,656.0,664.0,707.0,714.0,725.0,757.0,776.0,782.0,836.0,841.0,920.0,937.0,976.0,980.0,
15.0,22.0,29.0,45.0,71.0,79.0,79.0,101.0,163.0,208.0,250.0,281.0,366.0,370.0,389.0,414.0,420.0,486.0,495.0,527.0,564.0,566.0,640.0,646.0,687.0,705.0,744.0,767.0,784.0,794.0,817.0,847.0,911.0,961.0,974.0,
24.0,44.0,101.0,115.0,118.0,125.0,149.0,153.0,160.0,182.0,203.0,254.0,279.0,300.0,300.0,301.0,319.0,332.0,361.0,368.0,370.0,380.0,409.0,434.0,435.0,445.0,470.0,477.0,477.0,510.0,521.0,548.0,635.0,670.0,708.0,712.0,757.0,767.0,792.0,816.0,820.0,855.0,860.0,882.0,886.0,896.0,928.0,931.0,966.0,967.0,983.0,
7.0,12.0,46.0,81.0,88.0,97.0,124.0,153.0,208.0,320.0,321.0,363.0,379.0,405.0,414.0,469.0,512.0,545.0,546.0,548.0,595.0,603.0,608.0,662.0,673.0,675.0,688.0,736.0,740.0,760.0,803.0,811.0,867.0,880.0,891.0,895.0,901.0,921.0,972.0,
5.0,35.0,47.0,61.0,151.0,161.0,252.0,260.0,281.0,375.0,383.0,393.0,445.0,470.0,477.0,479.0,495.0,503.0,534.0,554.0,565.0,620.0,627.0,652.0,656.0,666.0,682.0,712.0,727.0,738.0,820.0,843.0,886.0,931.0,940.0,962.0,
8.0,21.0,65.0,106.0,109.0,200.0,202.0,228.0,244.0,244.0,250.0,315.0,324.0,325.0,392.0,394.0,401.0,417.0,443.0,504.0,591.0,605.0,648.0,650.0,658.0,687.0,697.0,769.0,834.0,838.0,856.0,870.0,917.0,939.0,
31.0,59.0,66.0,74.0,98.0,110.0,158.0,213.0,235.0,238.0,265.0,278.0,281.0,293.0,333.0,401.0,401.0,455.0,464.0,481.0,517.0,528.0,550.0,558.0,561.0,591.0,602.0,604.0,606.0,611.0,633.0,635.0,645.0,673.0,682.0,696.0,704.0,705.0,711.0,746.0,783.0,817.0,845.0,934.0,943.0,
46.0,77.0,106.0,110.0,116.0,161.0,185.0,199.0,229.0,288.0,390.0,458.0,497.0,517.0,529.0,537.0,580.0,629.0,635.0,667.0,668.0,768.0,785.0,788.0,875.0,904.0,948.0,960.0,964.0,974.0,995.0,
105.0,107.0,127.0,131.0,131.0,166.0,187.0,219.0,222.0,243.0,268.0,288.0,292.0,299.0,304.0,309.0,367.0,432.0,442.0,449.0,479.0,487.0,488.0,512.0,520.0,548.0,559.0,614.0,727.0,745.0,745.0,748.0,765.0,770.0,869.0,920.0,967.0,985.0,997.0,1000.0,
51.0,55.0,68.0,128.0,131.0,150.0,153.0,189.0,220.0,272.0,275.0,321.0,335.0,350.0,366.0,420.0,445.0,479.0,487.0,503.0,540.0,553.0,585.0,600.0,615.0,617.0,712.0,713.0,713.0,717.0,757.0,776.0,795.0,828.0,832.0,834.0,853.0,887.0,891.0,892.0,929.0,933.0,981.0,991.0,999.0,
2.0,16.0,36.0,94.0,95.0,96.0,117.0,175.0,223.0,227.0,245.0,321.0,342.0,373.0,387.0,439.0,494.0,555.0,574.0,598.0,631.0,633.0,643.0,744.0,754.0,769.0,775.0,786.0,794.0,841.0,983.0,
3.0,25.0,53.0,74.0,92.0,204.0,224.0,243.0,296.0,311.0,353.0,355.0,397.0,402.0,405.0,435.0,453.0,464.0,587.0,683.0,685.0,698.0,711.0,738.0,756.0,841.0,856.0,859.0,895.0,910.0,954.0,963.0,991.0,996.0,999.0,
2.0,55.0,96.0,121.0,130.0,184.0,231.0,251.0,324.0,419.0,463.0,472.0,481.0,528.0,592.0,596.0,648.0,653.0,674.0,697.0,775.0,832.0,898.0,922.0,926.0,926.0,938.0,943.0,
23.0,90.0,133.0,174.0,212.0,267.0,313.0,327.0,363.0,364.0,430.0,444.0,452.0,453.0,515.0,548.0,555.0,581.0,594.0,605.0,635.0,659.0,669.0,717.0,722.0,733.0,736.0,752.0,771.0,781.0,812.0,815.0,825.0,829.0,836.0,860.0,872.0,875.0,877.0,881.0,885.0,918.0,935.0,938.0,989.0,991.0,
6.0,82.0,166.0,234.0,238.0,249.0,249.0,301.0,307.0,335.0,368.0,410.0,441.0,448.0,485.0,491.0,502.0,521.0,540.0,544.0,584.0,606.0,623.0,625.0,662.0,700.0,701.0,704.0,718.0,726.0,733.0,744.0,746.0,752.0,797.0,817.0,897.0,899.0,927.0,938.0,981.0,990.0,
83.0,119.0,154.0,204.0,220.0,230.0,233.0,246.0,324.0,327.0,350.0,355.0,427.0,434.0,511.0,523.0,523.0,530.0,588.0,596.0,602.0,604.0,643.0,719.0,723.0,750.0,753.0,784.0,848.0,869.0,897.0,998.0,
3.0,36.0,94.0,126.0,137.0,214.0,216.0,231.0,274.0,328.0,347.0,396.0,408.0,425.0,455.0,470.0,512.0,568.0,571.0,589.0,590.0,597.0,608.0,674.0,689.0,719.0,723.0,741.0,796.0,801.0,828.0,839.0,849.0,921.0,944.0,953.0,999.0,
9.0,10.0,19.0,56.0,57.0,86.0,162.0,201.0,212.0,235.0,263.0,269.0,281.0,296.0,312.0,319.0,330.0,373.0,415.0,439.0,462.0,497.0,529.0,535.0,609.0,624.0,624.0,637.0,663.0,681.0,696.0,722.0,725.0,778.0,792.0,800.0,801.0,834.0,845.0,921.0,946.0,955.0,968.0,970.0,974.0,978.0,999.0,
6.0,27.0,71.0,101.0,124.0,135.0,157.0,193.0,260.0,294.0,323.0,389.0,469.0,546.0,606.0,626.0,632.0,647.0,656.0,725.0,741.0,764.0,822.0,825.0,849.0,867.0,875.0,
19.0,80.0,81.0,95.0,98.0,112.0,139.0,159.0,170.0,173.0,255.0,266.0,349.0,361.0,375.0,398.0,410.0,450.0,454.0,460.0,509.0,510.0,515.0,525.0,556.0,566.0,584.0,639.0,701.0,736.0,794.0,811.0,832.0,833.0,849.0,853.0,871.0,928.0,933.0,942.0,944.0,969.0,984.0,985.0,
