21.0,37.0,96.0,102.0,247.0,311.0,332.0,378.0,525.0,547.0,616.0,620.0,622.0,649.0,684.0,701.0,719.0,720.0,722.0,727.0,786.0,801.0,813.0,833.0,843.0,890.0,913.0,945.0,955.0,985.0,988.0,999.0,
9.0,119.0,122.0,198.0,276.0,299.0,361.0,385.0,385.0,390.0,414.0,456.0,476.0,479.0,492.0,513.0,522.0,544.0,556.0,588.0,614.0,615.0,636.0,654.0,695.0,714.0,751.0,757.0,806.0,806.0,831.0,833.0,877.0,894.0,922.0,936.0,995.0,
9.0,28.0,42.0,83.0,112.0,113.0,164.0,204.0,209.0,233.0,257.0,281.0,295.0,312.0,380.0,434.0,436.0,440.0,451.0,522.0,551.0,596.0,610.0,639.0,644.0,650.0,657.0,689.0,708.0,729.0,737.0,760.0,794.0,815.0,851.0,876.0,946.0,954.0,958.0,
35.0,75.0,80.0,89.0,126.0,156.0,165.0,179.0,206.0,219.0,262.0,269.0,271.0,354.0,398.0,411.0,415.0,427.0,430.0,455.0,468.0,472.0,491.0,577.0,578.0,578.0,619.0,635.0,741.0,828.0,835.0,865.0,927.0,
6.0,13.0,39.0,44.0,86.0,125.0,145.0,182.0,185.0,190.0,234.0,251.0,256.0,292.0,293.0,300.0,301.0,309.0,342.0,344.0,415.0,416.0,460.0,490.0,511.0,535.0,548.0,599.0,628.0,660.0,731.0,800.0,814.0,816.0,823.0,829.0,830.0,857.0,883.0,895.0,916.0,934.0,963.0,982.0,
5.0,25.0,27.0,39.0,48.0,49.0,55.0,77.0,178.0,194.0,251.0,311.0,379.0,431.0,433.0,457.0,469.0,472.0,476.0,491.0,496.0,517.0,519.0,534.0,534.0,568.0,574.0,580.0,600.0,601.0,641.0,669.0,677.0,686.0,736.0,742.0,761.0,828.0,926.0,939.0,970.0,975.0,993.0,
30.0,53.0,89.0,93.0,101.0,121.0,155.0,160.0,173.0,198.0,214.0,256.0,258.0,305.0,360.0,375.0,376.0,414.0,444.0,462.0,510.0,666.0,689.0,784.0,793.0,819.0,856.0,907.0,925.0,931.0,931.0,
5.0,39.0,40.0,70.0,71.0,100.0,114.0,128.0,145.0,171.0,182.0,187.0,193.0,236.0,254.0,311.0,369.0,399.0,422.0,441.0,473.0,491.0,499.0,510.0,516.0,554.0,572.0,620.0,653.0,776.0,779.0,794.0,866.0,894.0,896.0,943.0,966.0,977.0,984.0,
26.0,67.0,84.0,96.0,165.0,169.0,224.0,295.0,315.0,381.0,411.0,484.0,485.0,574.0,646.0,690.0,695.0,731.0,742.0,773.0,811.0,830.0,861.0,901.0,916.0,961.0,966.0,971.0,
13.0,13.0,19.0,43.0,85.0,98.0,110.0,178.0,185.0,226.0,227.0,266.0,296.0,374.0,498.0,502.0,525.0,640.0,663.0,711.0,716.0,741.0,774.0,801.0,842.0,858.0,866.0,868.0,895.0,955.0,957.0,960.0,961.0,
42.0,46.0,47.0,47.0,76.0,125.0,174.0,235.0,292.0,355.0,400.0,422.0,449.0,455.0,455.0,511.0,533.0,533.0,538.0,610.0,614.0,664.0,688.0,697.0,709.0,772.0,778.0,799.0,850.0,880.0,884.0,886.0,915.0,
57.0,73.0,77.0,143.0,153.0,156.0,165.0,167.0,169.0,200.0,206.0,207.0,265.0,282.0,290.0,295.0,368.0,389.0,417.0,428.0,494.0,511.0,518.0,524.0,525.0,538.0,550.0,555.0,651.0,660.0,682.0,691.0,740.0,761.0,766.0,789.0,805.0,880.0,911.0,960.0,969.0,973.0,996.0,
24.0,96.0,188.0,193.0,197.0,213.0,217.0,308.0,315.0,347.0,357.0,396.0,410.0,484.0,530.0,588.0,588.0,626.0,639.0,697.0,751.0,753.0,759.0,785.0,812.0,842.0,864.0,887.0,931.0,973.0,987.0,
64.0,76.0,216.0,236.0,270.0,293.0,316.0,334.0,337.0,341.0,351.0,390.0,493.0,507.0,525.0,525.0,532.0,552.0,575.0,684.0,687.0,911.0,919.0,994.0,994.0,
2.0,16.0,24.0,40.0,76.0,94.0,237.0,259.0,268.0,278.0,282.0,299.0,303.0,333.0,336.0,379.0,398.0,432.0,465.0,473.0,489.0,504.0,534.0,591.0,618.0,699.0,702.0,755.0,770.0,804.0,818.0,827.0,866.0,887.0,920.0,949.0,
45.0,134.0,185.0,185.0,203.0,320.0,322.0,396.0,430.0,450.0,453.0,518.0,523.0,528.0,532.0,536.0,553.0,562.0,601.0,604.0,613.0,618.0,619.0,771.0,797.0,812.0,885.0,894.0,899.0,936.0,940.0,
35.0,115.0,122.0,144.0,263.0,291.0,303.0,310.0,325.0,356.0,367.0,382.0,422.0,431.0,536.0,554.0,579.0,607.0,615.0,642.0,745.0,752.0,778.0,832.0,
18.0,67.0,89.0,100.0,127.0,143.0,217.0,227.0,228.0,260.0,262.0,269.0,274.0,315.0,329.0,346.0,349.0,370.0,409.0,438.0,447.0,461.0,506.0,651.0,655.0,699.0,766.0,801.0,835.0,858.0,860.0,861.0,873.0,899.0,950.0,
20.0,40.0,46.0,74.0,75.0,78.0,130.0,175.0,187.0,288.0,294.0,314.0,325.0,330.0,361.0,368.0,375.0,388.0,415.0,435.0,442.0,450.0,492.0,514.0,548.0,573.0,583.0,658.0,682.0,742.0,747.0,753.0,767.0,932.0,937.0,943.0,982.0,998.0,
39.0,42.0,55.0,71.0,120.0,136.0,205.0,207.0,218.0,224.0,227.0,234.0,257.0,261.0,265.0,269.0,271.0,295.0,300.0,307.0,316.0,398.0,410.0,421.0,423.0,448.0,451.0,462.0,580.0,586.0,589.0,610.0,628.0,722.0,747.0,767.0,795.0,855.0,898.0,948.0,964.0,971.0,993.0,
13.0,46.0,79.0,84.0,124.0,125.0,157.0,181.0,202.0,210.0,231.0,256.0,260.0,287.0,310.0,319.0,332.0,355.0,357.0,423.0,464.0,499.0,529.0,568.0,568.0,583.0,591.0,679.0,752.0,761.0,778.0,788.0,814.0,815.0,832.0,840.0,875.0,882.0,893.0,916.0,929.0,970.0,991.0,
32.0,77.0,204.0,214.0,273.0,409.0,420.0,428.0,440.0,453.0,477.0,495.0,549.0,554.0,557.0,571.0,591.0,603.0,662.0,679.0,729.0,748.0,757.0,774.0,775.0,856.0,905.0,911.0,918.0,959.0,
52.0,57.0,58.0,65.0,112.0,385.0,399.0,411.0,465.0,482.0,488.0,498.0,530.0,557.0,639.0,701.0,701.0,780.0,802.0,828.0,833.0,850.0,933.0,968.0,
2.0,46.0,59.0,66.0,77.0,86.0,115.0,119.0,129.0,160.0,192.0,207.0,212.0,223.0,229.0,239.0,247.0,271.0,277.0,287.0,360.0,395.0,398.0,418.0,434.0,492.0,496.0,505.0,520.0,548.0,562.0,568.0,591.0,595.0,597.0,628.0,643.0,710.0,717.0,759.0,826.0,855.0,874.0,875.0,907.0,908.0,949.0,952.0,982.0,
11.0,19.0,26.0,95.0,104.0,146.0,163.0,167.0,169.0,185.0,226.0,263.0,273.0,314.0,355.0,382.0,455.0,471.0,486.0,515.0,523.0,537.0,548.0,562.0,565.0,577.0,579.0,604.0,643.0,667.0,680.0,700.0,733.0,763.0,764.0,789.0,813.0,836.0,836.0,837.0,838.0,846.0,847.0,886.0,896.0,
11.0,42.0,75.0,79.0,87.0,116.0,152.0,214.0,230.0,233.0,254.0,255.0,285.0,329.0,333.0,427.0,481.0,503.0,519.0,529.0,531.0,531.0,533.0,535.0,535.0,539.0,545.0,558.0,559.0,560.0,561.0,581.0,604.0,606.0,623.0,656.0,673.0,687.0,699.0,702.0,706.0,709.0,713.0,754.0,754.0,767.0,771.0,772.0,778.0,781.0,824.0,841.0,872.0,872.0,873.0,874.0,874.0,891.0,913.0,918.0,921.0,924.0,940.0,946.0,966.0,973.0,991.0,
20.0,60.0,83.0,113.0,121.0,125.0,143.0,143.0,159.0,270.0,303.0,331.0,367.0,376.0,419.0,432.0,451.0,467.0,503.0,504.0,507.0,511.0,538.0,547.0,551.0,552.0,566.0,615.0,616.0,624.0,633.0,648.0,657.0,661.0,664.0,756.0,767.0,774.0,803.0,845.0,848.0,855.0,861.0,864.0,866.0,894.0,906.0,924.0,956.0,957.0,970.0,
60.0,82.0,104.0,127.0,128.0,147.0,152.0,179.0,302.0,329.0,341.0,378.0,398.0,448.0,464.0,514.0,529.0,534.0,534.0,545.0,548.0,548.0,589.0,634.0,663.0,672.0,728.0,729.0,741.0,803.0,853.0,912.0,931.0,951.0,996.0,
19.0,54.0,60.0,76.0,84.0,95.0,144.0,151.0,174.0,202.0,270.0,278.0,314.0,320.0,327.0,348.0,406.0,441.0,507.0,509.0,597.0,670.0,674.0,682.0,694.0,703.0,762.0,783.0,835.0,851.0,967.0,997.0,
9.0,19.0,26.0,82.0,110.0,117.0,123.0,128.0,137.0,178.0,178.0,206.0,210.0,266.0,287.0,321.0,323.0,331.0,344.0,357.0,403.0,417.0,429.0,453.0,480.0,493.0,517.0,554.0,660.0,709.0,720.0,744.0,759.0,769.0,823.0,841.0,846.0,864.0,878.0,949.0,991.0,
27.0,44.0,50.0,100.0,117.0,137.0,173.0,192.0,197.0,218.0,223.0,234.0,246.0,250.0,260.0,379.0,392.0,396.0,402.0,461.0,506.0,511.0,516.0,544.0,576.0,580.0,584.0,614.0,634.0,700.0,742.0,765.0,766.0,778.0,782.0,783.0,792.0,844.0,877.0,895.0,923.0,948.0,987.0,
25.0,56.0,87.0,114.0,127.0,239.0,382.0,438.0,450.0,450.0,538.0,542.0,558.0,560.0,586.0,685.0,689.0,691.0,819.0,868.0,934.0,937.0,950.0,963.0,990.0,998.0,
8.0,100.0,112.0,121.0,125.0,125.0,188.0,243.0,253.0,260.0,280.0,287.0,290.0,299.0,307.0,354.0,368.0,396.0,420.0,437.0,438.0,447.0,469.0,539.0,551.0,555.0,585.0,593.0,621.0,722.0,767.0,845.0,863.0,888.0,903.0,925.0,992.0,
4.0,35.0,67.0,101.0,127.0,128.0,152.0,173.0,223.0,223.0,234.0,237.0,354.0,370.0,384.0,416.0,485.0,503.0,533.0,548.0,549.0,557.0,561.0,562.0,563.0,565.0,572.0,583.0,594.0,609.0,623.0,628.0,628.0,629.0,652.0,658.0,676.0,678.0,708.0,718.0,728.0,734.0,737.0,750.0,755.0,781.0,790.0,803.0,810.0,812.0,819.0,827.0,830.0,840.0,841.0,844.0,847.0,876.0,887.0,907.0,909.0,915.0,929.0,989.0,
83.0,84.0,138.0,143.0,167.0,272.0,285.0,286.0,298.0,308.0,437.0,439.0,453.0,458.0,480.0,528.0,529.0,533.0,544.0,554.0,555.0,555.0,556.0,557.0,569.0,572.0,574.0,585.0,590.0,592.0,594.0,612.0,616.0,623.0,630.0,633.0,639.0,642.0,657.0,673.0,677.0,692.0,707.0,713.0,714.0,723.0,750.0,803.0,804.0,809.0,817.0,843.0,865.0,871.0,882.0,892.0,896.0,899.0,924.0,927.0,938.0,940.0,941.0,942.0,951.0,977.0,988.0,991.0,
29.0,40.0,51.0,80.0,100.0,117.0,153.0,158.0,161.0,180.0,187.0,234.0,277.0,298.0,353.0,381.0,459.0,479.0,498.0,500.0,502.0,504.0,539.0,543.0,543.0,548.0,554.0,556.0,558.0,560.0,574.0,578.0,598.0,601.0,602.0,608.0,644.0,667.0,669.0,679.0,688.0,688.0,704.0,733.0,735.0,741.0,752.0,754.0,758.0,759.0,761.0,765.0,773.0,775.0,791.0,796.0,835.0,840.0,858.0,862.0,862.0,912.0,924.0,
4.0,30.0,39.0,39.0,59.0,85.0,115.0,130.0,148.0,163.0,182.0,206.0,273.0,310.0,366.0,370.0,384.0,397.0,428.0,430.0,446.0,461.0,505.0,513.0,529.0,530.0,539.0,541.0,546.0,549.0,550.0,551.0,553.0,563.0,565.0,572.0,579.0,585.0,585.0,601.0,604.0,608.0,616.0,618.0,628.0,634.0,652.0,664.0,676.0,681.0,682.0,691.0,696.0,705.0,708.0,758.0,765.0,770.0,784.0,831.0,865.0,871.0,873.0,908.0,912.0,923.0,925.0,942.0,951.0,974.0,982.0,
72.0,141.0,145.0,210.0,239.0,322.0,353.0,376.0,465.0,493.0,502.0,526.0,537.0,542.0,552.0,553.0,555.0,565.0,570.0,578.0,587.0,591.0,607.0,621.0,627.0,634.0,640.0,650.0,663.0,666.0,690.0,693.0,702.0,703.0,711.0,712.0,734.0,761.0,765.0,765.0,768.0,769.0,779.0,783.0,785.0,792.0,794.0,795.0,800.0,836.0,841.0,844.0,848.0,873.0,874.0,876.0,899.0,904.0,911.0,917.0,925.0,928.0,934.0,938.0,943.0,952.0,955.0,974.0,988.0,993.0,995.0,1000.0,
6.0,20.0,30.0,84.0,87.0,98.0,143.0,157.0,180.0,216.0,217.0,253.0,265.0,282.0,317.0,354.0,370.0,381.0,388.0,389.0,443.0,445.0,452.0,466.0,495.0,531.0,559.0,570.0,580.0,625.0,662.0,672.0,680.0,690.0,718.0,723.0,746.0,776.0,804.0,822.0,869.0,964.0,
2.0,35.0,50.0,53.0,57.0,59.0,69.0,80.0,97.0,98.0,117.0,122.0,139.0,180.0,187.0,191.0,208.0,261.0,285.0,327.0,363.0,373.0,446.0,464.0,493.0,494.0,502.0,509.0,519.0,536.0,538.0,572.0,582.0,582.0,609.0,663.0,680.0,693.0,701.0,713.0,736.0,768.0,789.0,899.0,942.0,950.0,953.0,971.0,
17.0,40.0,42.0,46.0,57.0,66.0,67.0,87.0,112.0,189.0,227.0,257.0,290.0,294.0,347.0,349.0,375.0,458.0,463.0,478.0,492.0,501.0,522.0,605.0,638.0,651.0,826.0,870.0,873.0,968.0,996.0,
33.0,36.0,38.0,84.0,141.0,209.0,220.0,266.0,273.0,280.0,309.0,339.0,358.0,451.0,500.0,525.0,548.0,573.0,576.0,611.0,617.0,760.0,789.0,916.0,947.0,951.0,970.0,
12.0,16.0,30.0,63.0,65.0,84.0,106.0,127.0,128.0,142.0,168.0,172.0,262.0,313.0,338.0,362.0,370.0,423.0,432.0,440.0,444.0,472.0,487.0,499.0,514.0,525.0,532.0,533.0,534.0,540.0,542.0,556.0,560.0,566.0,567.0,573.0,574.0,585.0,587.0,594.0,599.0,646.0,649.0,656.0,662.0,672.0,674.0,735.0,735.0,736.0,803.0,804.0,809.0,810.0,810.0,817.0,817.0,858.0,867.0,952.0,955.0,
5.0,51.0,81.0,103.0,121.0,138.0,153.0,160.0,169.0,203.0,222.0,237.0,239.0,239.0,246.0,288.0,329.0,334.0,348.0,375.0,399.0,403.0,408.0,435.0,491.0,499.0,506.0,512.0,513.0,515.0,526.0,537.0,547.0,547.0,553.0,554.0,573.0,573.0,577.0,581.0,585.0,634.0,642.0,665.0,672.0,698.0,743.0,761.0,770.0,772.0,776.0,793.0,806.0,807.0,813.0,833.0,842.0,845.0,846.0,849.0,858.0,863.0,875.0,883.0,886.0,887.0,900.0,925.0,954.0,967.0,976.0,985.0,999.0,1000.0,
33.0,115.0,133.0,154.0,157.0,184.0,200.0,210.0,221.0,273.0,275.0,277.0,291.0,314.0,332.0,378.0,384.0,394.0,450.0,458.0,482.0,502.0,506.0,530.0,538.0,546.0,546.0,547.0,549.0,553.0,556.0,557.0,566.0,570.0,572.0,576.0,579.0,582.0,584.0,585.0,586.0,588.0,588.0,595.0,610.0,612.0,620.0,624.0,632.0,640.0,657.0,664.0,683.0,686.0,717.0,718.0,732.0,735.0,743.0,744.0,777.0,795.0,817.0,846.0,874.0,888.0,905.0,906.0,915.0,920.0,924.0,928.0,968.0,993.0,997.0,
82.0,180.0,195.0,197.0,202.0,240.0,255.0,272.0,274.0,348.0,367.0,386.0,390.0,406.0,415.0,424.0,428.0,497.0,518.0,525.0,535.0,539.0,546.0,553.0,555.0,559.0,561.0,564.0,566.0,567.0,572.0,585.0,591.0,591.0,598.0,601.0,615.0,630.0,631.0,631.0,649.0,653.0,655.0,696.0,702.0,741.0,751.0,777.0,777.0,779.0,786.0,818.0,819.0,821.0,884.0,921.0,929.0,950.0,962.0,982.0,983.0,
26.0,43.0,91.0,141.0,210.0,241.0,274.0,305.0,308.0,356.0,401.0,408.0,419.0,434.0,438.0,460.0,475.0,507.0,512.0,518.0,524.0,529.0,537.0,541.0,547.0,548.0,550.0,551.0,551.0,556.0,559.0,560.0,568.0,571.0,578.0,579.0,579.0,581.0,582.0,583.0,599.0,601.0,604.0,627.0,630.0,643.0,647.0,676.0,677.0,694.0,713.0,715.0,728.0,741.0,748.0,772.0,792.0,813.0,820.0,852.0,856.0,863.0,877.0,882.0,901.0,901.0,905.0,938.0,960.0,970.0,1000.0,
31.0,32.0,76.0,94.0,121.0,156.0,178.0,199.0,217.0,304.0,329.0,343.0,348.0,352.0,407.0,411.0,451.0,508.0,524.0,527.0,541.0,545.0,557.0,557.0,558.0,560.0,561.0,572.0,576.0,577.0,586.0,589.0,595.0,601.0,623.0,626.0,631.0,631.0,636.0,642.0,642.0,649.0,664.0,683.0,684.0,693.0,699.0,713.0,714.0,716.0,721.0,731.0,757.0,758.0,766.0,780.0,790.0,796.0,886.0,906.0,935.0,935.0,939.0,959.0,983.0,987.0,999.0,999.0,
42.0,59.0,85.0,98.0,139.0,156.0,165.0,181.0,192.0,200.0,235.0,296.0,333.0,333.0,344.0,454.0,482.0,508.0,512.0,514.0,520.0,521.0,522.0,525.0,528.0,537.0,549.0,566.0,569.0,579.0,581.0,587.0,604.0,663.0,705.0,711.0,720.0,729.0,762.0,766.0,800.0,811.0,831.0,833.0,847.0,886.0,889.0,894.0,910.0,920.0,932.0,940.0,949.0,967.0,971.0,975.0,975.0,980.0,982.0,
11.0,15.0,41.0,115.0,123.0,161.0,184.0,186.0,202.0,215.0,246.0,293.0,310.0,350.0,420.0,421.0,436.0,507.0,516.0,522.0,593.0,606.0,608.0,632.0,641.0,666.0,688.0,720.0,726.0,728.0,870.0,878.0,895.0,969.0,
31.0,104.0,115.0,139.0,142.0,160.0,214.0,224.0,267.0,267.0,274.0,372.0,435.0,452.0,466.0,481.0,528.0,556.0,569.0,577.0,609.0,619.0,670.0,677.0,710.0,746.0,797.0,816.0,947.0,970.0,
7.0,22.0,23.0,43.0,102.0,116.0,126.0,178.0,261.0,269.0,396.0,423.0,424.0,430.0,482.0,552.0,584.0,604.0,640.0,670.0,685.0,740.0,753.0,777.0,804.0,813.0,
15.0,56.0,87.0,96.0,106.0,125.0,172.0,179.0,181.0,183.0,192.0,194.0,211.0,214.0,238.0,257.0,284.0,343.0,345.0,376.0,387.0,414.0,418.0,424.0,453.0,491.0,520.0,529.0,536.0,537.0,553.0,554.0,556.0,563.0,564.0,570.0,572.0,587.0,600.0,624.0,656.0,660.0,675.0,691.0,692.0,693.0,696.0,704.0,714.0,718.0,761.0,851.0,858.0,865.0,879.0,881.0,894.0,902.0,913.0,958.0,996.0,
44.0,61.0,104.0,141.0,276.0,287.0,320.0,367.0,377.0,389.0,400.0,410.0,419.0,437.0,460.0,472.0,503.0,515.0,526.0,530.0,531.0,535.0,540.0,541.0,541.0,544.0,551.0,555.0,555.0,563.0,564.0,579.0,580.0,584.0,585.0,596.0,598.0,604.0,623.0,648.0,649.0,671.0,672.0,699.0,700.0,707.0,742.0,745.0,757.0,764.0,764.0,793.0,797.0,799.0,837.0,841.0,843.0,851.0,870.0,890.0,919.0,922.0,943.0,978.0,
2.0,4.0,8.0,29.0,38.0,61.0,66.0,73.0,110.0,122.0,131.0,173.0,186.0,244.0,284.0,288.0,304.0,337.0,372.0,377.0,425.0,428.0,432.0,485.0,530.0,533.0,541.0,545.0,551.0,555.0,557.0,557.0,560.0,571.0,572.0,574.0,576.0,584.0,586.0,586.0,587.0,591.0,601.0,608.0,612.0,620.0,649.0,669.0,670.0,675.0,682.0,698.0,702.0,710.0,717.0,731.0,739.0,766.0,772.0,803.0,815.0,832.0,834.0,835.0,853.0,859.0,881.0,911.0,912.0,926.0,953.0,957.0,982.0,989.0,
2.0,7.0,13.0,51.0,78.0,130.0,184.0,232.0,233.0,249.0,260.0,274.0,292.0,311.0,324.0,332.0,425.0,441.0,448.0,455.0,494.0,514.0,522.0,532.0,538.0,545.0,546.0,549.0,551.0,563.0,565.0,571.0,572.0,581.0,591.0,593.0,596.0,597.0,598.0,607.0,676.0,681.0,692.0,698.0,716.0,728.0,730.0,757.0,776.0,777.0,784.0,803.0,811.0,822.0,827.0,851.0,888.0,907.0,955.0,961.0,962.0,988.0,990.0,995.0,
37.0,50.0,68.0,121.0,132.0,195.0,238.0,280.0,280.0,290.0,304.0,305.0,344.0,350.0,371.0,377.0,387.0,452.0,457.0,482.0,490.0,520.0,527.0,532.0,534.0,548.0,548.0,549.0,551.0,554.0,556.0,572.0,572.0,581.0,581.0,587.0,587.0,596.0,613.0,615.0,629.0,635.0,651.0,655.0,656.0,668.0,674.0,692.0,694.0,702.0,702.0,707.0,717.0,738.0,747.0,753.0,754.0,758.0,760.0,761.0,768.0,772.0,791.0,797.0,831.0,843.0,850.0,860.0,869.0,875.0,940.0,943.0,963.0,964.0,999.0,
14.0,25.0,72.0,89.0,114.0,121.0,133.0,167.0,211.0,215.0,256.0,333.0,336.0,351.0,364.0,376.0,380.0,435.0,454.0,456.0,468.0,472.0,500.0,519.0,521.0,522.0,522.0,523.0,527.0,528.0,551.0,559.0,562.0,563.0,578.0,578.0,587.0,590.0,598.0,604.0,616.0,622.0,627.0,629.0,629.0,641.0,653.0,660.0,667.0,668.0,668.0,670.0,693.0,732.0,739.0,755.0,759.0,763.0,765.0,787.0,793.0,812.0,817.0,821.0,834.0,888.0,894.0,909.0,914.0,915.0,921.0,922.0,926.0,936.0,942.0,942.0,988.0,
5.0,8.0,15.0,27.0,47.0,49.0,61.0,70.0,110.0,134.0,191.0,197.0,221.0,265.0,268.0,318.0,347.0,351.0,373.0,415.0,455.0,456.0,520.0,527.0,528.0,533.0,552.0,554.0,555.0,556.0,560.0,581.0,583.0,595.0,600.0,606.0,611.0,619.0,628.0,628.0,636.0,637.0,639.0,639.0,642.0,647.0,754.0,756.0,762.0,772.0,775.0,776.0,777.0,806.0,819.0,849.0,854.0,865.0,891.0,902.0,910.0,975.0,978.0,986.0,
9.0,44.0,136.0,232.0,234.0,281.0,375.0,395.0,422.0,426.0,429.0,429.0,437.0,495.0,526.0,544.0,598.0,603.0,651.0,715.0,738.0,746.0,881.0,898.0,975.0,
45.0,56.0,79.0,110.0,123.0,197.0,202.0,225.0,234.0,264.0,309.0,310.0,311.0,335.0,340.0,383.0,408.0,415.0,443.0,464.0,496.0,502.0,528.0,548.0,549.0,566.0,591.0,603.0,608.0,664.0,687.0,711.0,714.0,722.0,732.0,778.0,784.0,865.0,940.0,964.0,
10.0,70.0,74.0,92.0,131.0,165.0,212.0,227.0,250.0,271.0,334.0,368.0,373.0,380.0,389.0,392.0,407.0,500.0,514.0,535.0,555.0,592.0,654.0,662.0,665.0,695.0,704.0,717.0,757.0,810.0,850.0,977.0,
29.0,71.0,93.0,93.0,96.0,103.0,134.0,144.0,176.0,198.0,205.0,211.0,257.0,262.0,289.0,332.0,363.0,365.0,395.0,503.0,556.0,556.0,558.0,559.0,563.0,580.0,581.0,587.0,619.0,620.0,623.0,650.0,659.0,659.0,676.0,683.0,706.0,720.0,753.0,810.0,818.0,868.0,872.0,908.0,914.0,918.0,921.0,926.0,927.0,934.0,948.0,955.0,975.0,997.0,
18.0,52.0,107.0,128.0,133.0,139.0,172.0,264.0,288.0,300.0,365.0,372.0,413.0,431.0,439.0,441.0,457.0,498.0,500.0,509.0,516.0,523.0,528.0,543.0,568.0,569.0,570.0,571.0,574.0,581.0,594.0,606.0,607.0,607.0,612.0,619.0,621.0,650.0,661.0,667.0,686.0,690.0,697.0,701.0,720.0,727.0,745.0,758.0,760.0,781.0,788.0,792.0,801.0,812.0,830.0,845.0,879.0,917.0,917.0,926.0,929.0,959.0,962.0,972.0,973.0,974.0,986.0,
19.0,53.0,102.0,108.0,144.0,177.0,184.0,235.0,274.0,275.0,281.0,291.0,294.0,317.0,383.0,402.0,421.0,421.0,456.0,488.0,508.0,526.0,526.0,529.0,532.0,533.0,534.0,536.0,537.0,542.0,546.0,551.0,551.0,553.0,557.0,567.0,569.0,569.0,571.0,584.0,599.0,615.0,619.0,627.0,633.0,648.0,664.0,670.0,677.0,684.0,712.0,731.0,745.0,762.0,785.0,785.0,792.0,809.0,816.0,846.0,869.0,870.0,880.0,882.0,902.0,902.0,914.0,927.0,930.0,963.0,978.0,994.0,1000.0,
34.0,35.0,50.0,70.0,72.0,182.0,244.0,247.0,258.0,274.0,281.0,307.0,440.0,494.0,515.0,521.0,522.0,523.0,532.0,540.0,548.0,559.0,559.0,561.0,562.0,563.0,564.0,572.0,577.0,579.0,581.0,587.0,588.0,594.0,606.0,607.0,611.0,616.0,622.0,648.0,664.0,676.0,690.0,706.0,728.0,751.0,768.0,838.0,844.0,852.0,882.0,885.0,913.0,924.0,927.0,961.0,978.0,
72.0,77.0,102.0,117.0,140.0,170.0,279.0,303.0,310.0,401.0,429.0,447.0,472.0,477.0,513.0,515.0,526.0,529.0,534.0,534.0,539.0,541.0,544.0,548.0,549.0,551.0,556.0,559.0,566.0,577.0,579.0,593.0,606.0,609.0,611.0,613.0,639.0,641.0,676.0,688.0,724.0,744.0,750.0,755.0,757.0,757.0,769.0,771.0,772.0,775.0,797.0,829.0,836.0,839.0,879.0,883.0,887.0,900.0,902.0,904.0,922.0,962.0,966.0,967.0,971.0,975.0,992.0,
4.0,10.0,93.0,109.0,182.0,187.0,198.0,200.0,205.0,247.0,263.0,274.0,275.0,315.0,315.0,395.0,433.0,452.0,516.0,518.0,520.0,526.0,536.0,546.0,547.0,548.0,551.0,552.0,554.0,555.0,569.0,575.0,578.0,589.0,590.0,603.0,608.0,609.0,614.0,615.0,622.0,623.0,623.0,623.0,625.0,643.0,664.0,684.0,689.0,690.0,692.0,711.0,713.0,714.0,714.0,720.0,722.0,735.0,745.0,759.0,780.0,785.0,785.0,796.0,798.0,803.0,807.0,817.0,824.0,837.0,850.0,874.0,875.0,896.0,920.0,965.0,966.0,968.0,975.0,986.0,989.0,991.0,991.0,
2.0,11.0,24.0,61.0,67.0,93.0,94.0,117.0,251.0,282.0,297.0,329.0,355.0,409.0,414.0,477.0,492.0,518.0,520.0,528.0,535.0,536.0,557.0,558.0,563.0,573.0,577.0,594.0,598.0,609.0,611.0,612.0,618.0,630.0,635.0,636.0,641.0,644.0,649.0,672.0,721.0,726.0,726.0,751.0,752.0,766.0,771.0,806.0,834.0,901.0,902.0,908.0,936.0,948.0,961.0,972.0,
11.0,22.0,26.0,75.0,86.0,138.0,143.0,264.0,288.0,317.0,322.0,343.0,353.0,356.0,378.0,397.0,414.0,425.0,508.0,559.0,562.0,592.0,604.0,607.0,609.0,647.0,652.0,694.0,770.0,923.0,977.0,
48.0,49.0,107.0,173.0,201.0,204.0,260.0,274.0,296.0,331.0,345.0,355.0,366.0,372.0,383.0,396.0,417.0,433.0,446.0,460.0,481.0,506.0,512.0,538.0,547.0,559.0,570.0,615.0,632.0,633.0,651.0,682.0,707.0,721.0,740.0,827.0,829.0,838.0,940.0,943.0,
2.0,39.0,56.0,57.0,118.0,139.0,157.0,179.0,192.0,201.0,214.0,227.0,236.0,253.0,305.0,389.0,424.0,444.0,511.0,532.0,563.0,574.0,595.0,681.0,726.0,747.0,769.0,857.0,879.0,916.0,929.0,930.0,935.0,945.0,945.0,964.0,965.0,970.0,976.0,
50.0,97.0,102.0,136.0,225.0,287.0,346.0,358.0,423.0,467.0,470.0,481.0,485.0,495.0,513.0,544.0,548.0,560.0,603.0,706.0,749.0,767.0,785.0,833.0,840.0,863.0,891.0,892.0,903.0,919.0,
18.0,19.0,24.0,58.0,69.0,109.0,109.0,177.0,219.0,265.0,291.0,315.0,342.0,393.0,404.0,449.0,451.0,508.0,532.0,535.0,541.0,542.0,549.0,549.0,577.0,590.0,590.0,600.0,602.0,602.0,604.0,604.0,605.0,633.0,641.0,647.0,650.0,656.0,663.0,672.0,696.0,701.0,714.0,732.0,734.0,741.0,774.0,788.0,809.0,821.0,823.0,826.0,858.0,861.0,871.0,891.0,893.0,946.0,954.0,969.0,974.0,
38.0,43.0,56.0,80.0,188.0,249.0,250.0,276.0,290.0,357.0,395.0,399.0,401.0,422.0,433.0,439.0,466.0,466.0,468.0,481.0,511.0,517.0,521.0,525.0,526.0,529.0,542.0,547.0,549.0,549.0,552.0,562.0,563.0,579.0,587.0,592.0,603.0,605.0,606.0,617.0,618.0,641.0,654.0,671.0,679.0,681.0,688.0,704.0,710.0,712.0,719.0,721.0,732.0,737.0,740.0,756.0,780.0,800.0,803.0,808.0,859.0,868.0,880.0,907.0,952.0,965.0,983.0,985.0,988.0,
20.0,38.0,98.0,127.0,129.0,131.0,176.0,197.0,227.0,302.0,351.0,362.0,382.0,387.0,437.0,503.0,528.0,536.0,539.0,547.0,550.0,550.0,554.0,559.0,578.0,587.0,591.0,605.0,612.0,612.0,623.0,625.0,627.0,631.0,638.0,651.0,653.0,659.0,671.0,672.0,676.0,684.0,701.0,720.0,745.0,753.0,755.0,758.0,772.0,781.0,785.0,791.0,799.0,800.0,816.0,833.0,854.0,884.0,909.0,930.0,947.0,947.0,960.0,964.0,973.0,976.0,993.0,994.0,995.0,
10.0,47.0,67.0,122.0,194.0,197.0,208.0,224.0,245.0,258.0,266.0,273.0,328.0,348.0,350.0,368.0,410.0,415.0,415.0,422.0,516.0,526.0,527.0,533.0,534.0,540.0,547.0,553.0,558.0,564.0,567.0,568.0,572.0,578.0,584.0,587.0,588.0,608.0,609.0,610.0,616.0,619.0,634.0,646.0,664.0,672.0,675.0,675.0,677.0,682.0,686.0,694.0,699.0,727.0,748.0,781.0,791.0,799.0,808.0,826.0,829.0,831.0,843.0,862.0,863.0,865.0,885.0,885.0,906.0,911.0,912.0,921.0,923.0,966.0,966.0,968.0,970.0,983.0,
32.0,112.0,153.0,160.0,200.0,204.0,225.0,310.0,327.0,347.0,363.0,432.0,486.0,496.0,512.0,523.0,523.0,525.0,529.0,529.0,532.0,532.0,537.0,541.0,543.0,547.0,547.0,550.0,562.0,565.0,566.0,568.0,588.0,595.0,597.0,602.0,603.0,603.0,609.0,612.0,629.0,641.0,646.0,651.0,655.0,715.0,721.0,724.0,737.0,761.0,767.0,775.0,799.0,814.0,815.0,886.0,907.0,909.0,910.0,910.0,914.0,934.0,949.0,959.0,961.0,974.0,994.0,
69.0,130.0,136.0,147.0,182.0,216.0,254.0,281.0,381.0,389.0,423.0,469.0,470.0,475.0,515.0,536.0,536.0,540.0,542.0,605.0,605.0,639.0,686.0,694.0,734.0,849.0,881.0,895.0,926.0,931.0,937.0,946.0,949.0,986.0,
12.0,28.0,132.0,184.0,218.0,236.0,239.0,275.0,280.0,288.0,350.0,357.0,368.0,398.0,408.0,424.0,483.0,487.0,487.0,625.0,654.0,655.0,711.0,719.0,742.0,805.0,846.0,876.0,880.0,894.0,909.0,955.0,965.0,
36.0,77.0,144.0,154.0,163.0,195.0,199.0,230.0,232.0,244.0,304.0,321.0,385.0,386.0,390.0,450.0,487.0,496.0,520.0,520.0,524.0,567.0,592.0,617.0,627.0,635.0,653.0,654.0,683.0,686.0,707.0,712.0,728.0,766.0,772.0,786.0,787.0,799.0,825.0,873.0,983.0,998.0,
11.0,75.0,78.0,102.0,112.0,117.0,154.0,173.0,220.0,252.0,280.0,294.0,305.0,309.0,310.0,341.0,347.0,363.0,464.0,473.0,474.0,486.0,487.0,529.0,547.0,555.0,614.0,711.0,715.0,772.0,800.0,914.0,917.0,921.0,938.0,944.0,973.0,
11.0,18.0,27.0,82.0,86.0,89.0,91.0,94.0,131.0,137.0,154.0,165.0,167.0,256.0,291.0,297.0,307.0,310.0,315.0,368.0,398.0,402.0,439.0,445.0,495.0,496.0,616.0,623.0,641.0,679.0,693.0,758.0,802.0,835.0,876.0,984.0,
5.0,24.0,61.0,107.0,132.0,144.0,181.0,205.0,231.0,234.0,258.0,296.0,304.0,319.0,325.0,329.0,381.0,381.0,384.0,446.0,476.0,527.0,546.0,550.0,562.0,587.0,598.0,628.0,656.0,702.0,734.0,749.0,782.0,823.0,840.0,849.0,877.0,879.0,884.0,943.0,
100.0,101.0,112.0,131.0,134.0,142.0,180.0,186.0,194.0,255.0,268.0,269.0,279.0,305.0,317.0,329.0,362.0,380.0,489.0,525.0,526.0,532.0,533.0,534.0,535.0,542.0,551.0,557.0,558.0,563.0,582.0,587.0,612.0,614.0,625.0,655.0,660.0,735.0,743.0,774.0,846.0,854.0,877.0,879.0,880.0,903.0,911.0,931.0,981.0,983.0,988.0,994.0,997.0,
8.0,118.0,134.0,207.0,221.0,224.0,246.0,249.0,257.0,270.0,323.0,370.0,373.0,395.0,414.0,415.0,465.0,514.0,519.0,524.0,535.0,539.0,542.0,543.0,543.0,543.0,564.0,565.0,569.0,570.0,572.0,582.0,585.0,611.0,620.0,629.0,637.0,638.0,642.0,657.0,664.0,676.0,678.0,690.0,695.0,754.0,756.0,761.0,776.0,783.0,790.0,819.0,831.0,832.0,832.0,863.0,865.0,879.0,894.0,914.0,916.0,925.0,942.0,944.0,969.0,
49.0,106.0,150.0,206.0,225.0,226.0,283.0,284.0,311.0,362.0,380.0,406.0,443.0,472.0,474.0,491.0,507.0,536.0,539.0,565.0,591.0,592.0,593.0,612.0,613.0,625.0,626.0,644.0,660.0,670.0,679.0,713.0,842.0,898.0,901.0,909.0,910.0,914.0,917.0,920.0,943.0,949.0,963.0,966.0,972.0,983.0,986.0,995.0,
35.0,52.0,76.0,91.0,130.0,150.0,154.0,175.0,178.0,179.0,196.0,203.0,281.0,298.0,311.0,319.0,320.0,353.0,429.0,436.0,442.0,500.0,504.0,523.0,601.0,609.0,651.0,677.0,679.0,778.0,825.0,835.0,896.0,901.0,936.0,936.0,
5.0,14.0,17.0,44.0,80.0,83.0,89.0,89.0,118.0,149.0,171.0,204.0,216.0,239.0,251.0,279.0,296.0,346.0,361.0,369.0,381.0,400.0,412.0,441.0,496.0,505.0,510.0,522.0,532.0,637.0,672.0,710.0,719.0,747.0,777.0,800.0,805.0,833.0,855.0,857.0,896.0,904.0,917.0,990.0,
31.0,35.0,38.0,54.0,89.0,94.0,154.0,166.0,178.0,180.0,198.0,208.0,278.0,290.0,315.0,316.0,410.0,411.0,421.0,422.0,426.0,461.0,473.0,478.0,497.0,529.0,548.0,555.0,584.0,605.0,632.0,736.0,762.0,774.0,775.0,788.0,790.0,805.0,886.0,938.0,940.0,948.0,980.0,983.0,989.0,
4.0,19.0,153.0,185.0,219.0,298.0,332.0,340.0,388.0,410.0,548.0,563.0,583.0,666.0,675.0,694.0,774.0,787.0,797.0,807.0,812.0,814.0,824.0,863.0,876.0,929.0,966.0,996.0,
10.0,19.0,30.0,64.0,90.0,120.0,191.0,220.0,227.0,234.0,246.0,314.0,358.0,362.0,368.0,373.0,374.0,399.0,405.0,419.0,513.0,551.0,638.0,638.0,663.0,669.0,686.0,745.0,770.0,779.0,779.0,790.0,799.0,832.0,836.0,846.0,846.0,878.0,897.0,950.0,989.0,993.0,
26.0,45.0,98.0,165.0,168.0,189.0,235.0,243.0,304.0,310.0,311.0,350.0,362.0,405.0,406.0,408.0,453.0,504.0,518.0,522.0,545.0,550.0,570.0,605.0,619.0,642.0,645.0,680.0,707.0,827.0,828.0,833.0,917.0,934.0,937.0,968.0,
29.0,30.0,35.0,81.0,105.0,111.0,195.0,198.0,222.0,227.0,230.0,267.0,270.0,279.0,292.0,306.0,342.0,359.0,359.0,368.0,382.0,383.0,473.0,618.0,658.0,734.0,788.0,850.0,862.0,898.0,907.0,939.0,950.0,
4.0,46.0,100.0,135.0,162.0,166.0,200.0,281.0,285.0,328.0,373.0,390.0,411.0,428.0,434.0,446.0,451.0,494.0,511.0,521.0,582.0,584.0,632.0,655.0,666.0,679.0,733.0,851.0,865.0,875.0,967.0,
5.0,21.0,48.0,65.0,67.0,72.0,73.0,92.0,131.0,166.0,190.0,227.0,229.0,339.0,362.0,421.0,455.0,466.0,486.0,487.0,544.0,596.0,603.0,647.0,712.0,722.0,729.0,740.0,743.0,758.0,840.0,893.0,955.0,
21.0,44.0,67.0,73.0,87.0,103.0,134.0,135.0,187.0,216.0,238.0,255.0,305.0,312.0,323.0,371.0,394.0,400.0,401.0,404.0,406.0,422.0,461.0,470.0,482.0,491.0,504.0,505.0,522.0,555.0,607.0,631.0,646.0,657.0,677.0,707.0,742.0,915.0,999.0,
36.0,65.0,85.0,88.0,117.0,138.0,152.0,183.0,231.0,259.0,306.0,318.0,318.0,337.0,342.0,404.0,429.0,446.0,486.0,519.0,567.0,583.0,584.0,598.0,616.0,709.0,715.0,718.0,732.0,750.0,802.0,802.0,819.0,856.0,876.0,886.0,927.0,976.0,
23.0,43.0,61.0,79.0,83.0,106.0,123.0,137.0,143.0,149.0,149.0,193.0,221.0,247.0,250.0,256.0,273.0,298.0,308.0,314.0,342.0,392.0,414.0,417.0,441.0,491.0,500.0,528.0,555.0,601.0,654.0,657.0,662.0,667.0,709.0,744.0,765.0,808.0,903.0,918.0,947.0,967.0,994.0,
23.0,28.0,30.0,81.0,103.0,110.0,152.0,161.0,210.0,234.0,248.0,248.0,250.0,269.0,276.0,280.0,305.0,315.0,324.0,381.0,411.0,419.0,438.0,442.0,449.0,500.0,551.0,558.0,587.0,600.0,664.0,789.0,789.0,796.0,807.0,824.0,824.0,831.0,870.0,888.0,897.0,931.0,948.0,966.0,968.0,993.0,1000.0,
