48.0,63.0,90.0,198.0,216.0,242.0,256.0,317.0,335.0,353.0,378.0,385.0,387.0,420.0,453.0,461.0,576.0,670.0,680.0,727.0,733.0,766.0,780.0,900.0,929.0,942.0,952.0,986.0,987.0,
7.0,35.0,75.0,89.0,92.0,125.0,135.0,213.0,217.0,261.0,262.0,300.0,308.0,317.0,364.0,365.0,425.0,439.0,473.0,477.0,536.0,550.0,568.0,591.0,594.0,690.0,699.0,713.0,740.0,745.0,751.0,768.0,795.0,830.0,853.0,929.0,948.0,958.0,962.0,980.0,
57.0,68.0,81.0,88.0,162.0,204.0,223.0,266.0,273.0,280.0,305.0,315.0,337.0,345.0,361.0,394.0,403.0,405.0,418.0,441.0,454.0,544.0,553.0,555.0,577.0,620.0,676.0,688.0,690.0,728.0,760.0,783.0,839.0,848.0,864.0,920.0,
8.0,9.0,9.0,13.0,87.0,125.0,126.0,131.0,202.0,311.0,314.0,349.0,353.0,373.0,404.0,436.0,450.0,508.0,518.0,546.0,565.0,640.0,760.0,781.0,845.0,873.0,929.0,946.0,978.0,982.0,
4.0,7.0,15.0,52.0,98.0,186.0,209.0,245.0,255.0,255.0,335.0,339.0,342.0,392.0,411.0,436.0,441.0,493.0,503.0,538.0,541.0,558.0,582.0,594.0,619.0,664.0,669.0,678.0,686.0,754.0,754.0,790.0,800.0,836.0,861.0,888.0,896.0,920.0,924.0,934.0,937.0,978.0,981.0,
42.0,115.0,151.0,166.0,251.0,266.0,314.0,389.0,418.0,454.0,475.0,480.0,491.0,526.0,574.0,611.0,670.0,682.0,685.0,720.0,726.0,728.0,747.0,752.0,785.0,839.0,884.0,923.0,929.0,962.0,970.0,
5.0,45.0,57.0,69.0,71.0,90.0,159.0,162.0,168.0,174.0,202.0,273.0,283.0,300.0,315.0,325.0,349.0,403.0,492.0,555.0,562.0,580.0,606.0,644.0,651.0,701.0,718.0,721.0,722.0,753.0,783.0,859.0,907.0,912.0,925.0,943.0,969.0,987.0,995.0,997.0,
152.0,193.0,208.0,234.0,266.0,267.0,289.0,294.0,376.0,413.0,456.0,509.0,533.0,596.0,612.0,618.0,621.0,630.0,633.0,645.0,648.0,657.0,663.0,680.0,683.0,724.0,801.0,803.0,807.0,844.0,868.0,879.0,909.0,984.0,
79.0,91.0,189.0,233.0,249.0,254.0,259.0,278.0,293.0,308.0,314.0,337.0,343.0,421.0,423.0,430.0,457.0,479.0,487.0,535.0,547.0,551.0,559.0,588.0,598.0,644.0,699.0,700.0,723.0,729.0,781.0,820.0,829.0,848.0,850.0,861.0,
53.0,64.0,75.0,92.0,180.0,208.0,233.0,235.0,244.0,268.0,278.0,296.0,298.0,363.0,363.0,427.0,431.0,486.0,499.0,558.0,562.0,577.0,582.0,601.0,621.0,668.0,684.0,696.0,696.0,714.0,733.0,785.0,826.0,911.0,919.0,967.0,
5.0,15.0,25.0,64.0,96.0,106.0,112.0,151.0,281.0,298.0,313.0,317.0,357.0,370.0,393.0,395.0,403.0,427.0,440.0,469.0,500.0,527.0,562.0,562.0,607.0,608.0,617.0,631.0,680.0,696.0,705.0,720.0,778.0,796.0,818.0,899.0,
55.0,108.0,111.0,139.0,197.0,214.0,220.0,252.0,336.0,362.0,374.0,385.0,396.0,419.0,469.0,527.0,529.0,548.0,652.0,678.0,705.0,735.0,751.0,767.0,770.0,775.0,793.0,837.0,860.0,951.0,
41.0,41.0,64.0,72.0,73.0,125.0,167.0,180.0,203.0,217.0,273.0,278.0,279.0,333.0,342.0,344.0,366.0,387.0,422.0,432.0,458.0,461.0,516.0,520.0,551.0,561.0,610.0,613.0,644.0,646.0,651.0,710.0,721.0,731.0,804.0,806.0,849.0,851.0,860.0,908.0,912.0,945.0,992.0,
20.0,56.0,69.0,166.0,195.0,203.0,206.0,230.0,294.0,401.0,427.0,486.0,562.0,606.0,615.0,622.0,685.0,731.0,815.0,846.0,893.0,906.0,
21.0,65.0,99.0,174.0,235.0,252.0,294.0,301.0,311.0,323.0,332.0,401.0,453.0,475.0,484.0,530.0,538.0,580.0,607.0,636.0,685.0,690.0,722.0,744.0,748.0,836.0,840.0,843.0,930.0,948.0,974.0,974.0,1000.0,
23.0,28.0,101.0,109.0,115.0,175.0,195.0,196.0,200.0,209.0,277.0,284.0,286.0,374.0,395.0,430.0,464.0,477.0,557.0,601.0,627.0,644.0,654.0,691.0,791.0,816.0,829.0,846.0,879.0,894.0,923.0,964.0,969.0,980.0,
42.0,58.0,59.0,61.0,79.0,91.0,97.0,134.0,136.0,139.0,155.0,188.0,198.0,209.0,252.0,254.0,266.0,295.0,363.0,371.0,390.0,396.0,397.0,417.0,420.0,541.0,569.0,621.0,621.0,636.0,660.0,662.0,677.0,691.0,732.0,783.0,796.0,824.0,842.0,852.0,861.0,884.0,916.0,917.0,939.0,966.0,975.0,
63.0,80.0,140.0,144.0,157.0,215.0,234.0,260.0,307.0,381.0,415.0,430.0,444.0,451.0,465.0,563.0,567.0,602.0,623.0,634.0,645.0,649.0,683.0,711.0,811.0,813.0,831.0,866.0,894.0,929.0,950.0,961.0,980.0,
3.0,78.0,92.0,106.0,112.0,128.0,154.0,171.0,184.0,199.0,212.0,249.0,329.0,342.0,364.0,434.0,436.0,451.0,463.0,468.0,505.0,561.0,570.0,591.0,606.0,623.0,624.0,624.0,635.0,668.0,678.0,706.0,723.0,728.0,895.0,901.0,904.0,979.0,
52.0,61.0,90.0,130.0,148.0,248.0,248.0,262.0,292.0,327.0,328.0,354.0,362.0,375.0,425.0,443.0,450.0,543.0,544.0,609.0,629.0,677.0,683.0,688.0,692.0,693.0,706.0,720.0,727.0,739.0,765.0,766.0,774.0,785.0,810.0,823.0,865.0,870.0,879.0,905.0,914.0,984.0,998.0,
29.0,128.0,205.0,219.0,243.0,265.0,314.0,376.0,420.0,435.0,460.0,489.0,497.0,501.0,556.0,561.0,604.0,615.0,616.0,652.0,684.0,717.0,756.0,764.0,789.0,832.0,833.0,862.0,873.0,912.0,918.0,942.0,947.0,948.0,951.0,979.0,986.0,
24.0,41.0,54.0,99.0,102.0,102.0,110.0,136.0,163.0,166.0,170.0,225.0,345.0,464.0,483.0,502.0,521.0,575.0,592.0,594.0,625.0,653.0,664.0,675.0,680.0,684.0,702.0,735.0,796.0,810.0,817.0,822.0,824.0,841.0,866.0,878.0,907.0,911.0,911.0,972.0,
126.0,237.0,266.0,278.0,298.0,313.0,322.0,332.0,405.0,405.0,411.0,441.0,511.0,572.0,615.0,664.0,712.0,722.0,729.0,751.0,891.0,944.0,947.0,949.0,
5.0,42.0,63.0,82.0,106.0,124.0,133.0,190.0,204.0,214.0,232.0,234.0,257.0,296.0,304.0,354.0,389.0,477.0,517.0,529.0,553.0,571.0,599.0,606.0,637.0,639.0,642.0,644.0,691.0,709.0,744.0,758.0,761.0,866.0,867.0,887.0,900.0,912.0,912.0,935.0,990.0,
150.0,155.0,180.0,186.0,196.0,211.0,243.0,272.0,292.0,297.0,332.0,337.0,470.0,477.0,517.0,561.0,566.0,566.0,570.0,576.0,635.0,637.0,703.0,745.0,746.0,803.0,817.0,819.0,862.0,871.0,909.0,967.0,969.0,
13.0,46.0,73.0,82.0,87.0,104.0,106.0,136.0,138.0,153.0,153.0,185.0,232.0,244.0,246.0,274.0,298.0,307.0,342.0,381.0,480.0,486.0,495.0,520.0,525.0,560.0,580.0,600.0,602.0,603.0,614.0,615.0,624.0,629.0,680.0,737.0,744.0,751.0,760.0,765.0,800.0,848.0,864.0,868.0,891.0,913.0,929.0,943.0,951.0,997.0,
18.0,86.0,151.0,224.0,258.0,270.0,280.0,287.0,291.0,301.0,377.0,387.0,450.0,483.0,483.0,549.0,571.0,600.0,602.0,640.0,661.0,663.0,669.0,677.0,693.0,698.0,711.0,712.0,732.0,739.0,774.0,793.0,849.0,868.0,891.0,900.0,923.0,925.0,989.0,997.0,
25.0,84.0,90.0,156.0,163.0,193.0,205.0,209.0,231.0,236.0,281.0,383.0,390.0,412.0,421.0,464.0,466.0,491.0,498.0,524.0,534.0,572.0,628.0,634.0,699.0,710.0,712.0,732.0,763.0,792.0,849.0,849.0,851.0,871.0,879.0,887.0,900.0,910.0,933.0,998.0,
15.0,22.0,57.0,58.0,128.0,177.0,207.0,251.0,269.0,272.0,287.0,336.0,340.0,358.0,370.0,373.0,482.0,485.0,602.0,630.0,672.0,674.0,693.0,705.0,766.0,778.0,791.0,800.0,801.0,807.0,809.0,841.0,860.0,966.0,996.0,999.0,
34.0,46.0,55.0,63.0,80.0,111.0,113.0,126.0,156.0,166.0,170.0,182.0,190.0,244.0,281.0,307.0,313.0,326.0,330.0,336.0,358.0,376.0,404.0,447.0,469.0,476.0,499.0,507.0,510.0,519.0,548.0,548.0,563.0,564.0,594.0,614.0,636.0,686.0,744.0,746.0,779.0,779.0,818.0,824.0,850.0,854.0,879.0,928.0,931.0,937.0,994.0,
48.0,49.0,62.0,63.0,72.0,78.0,108.0,111.0,120.0,128.0,137.0,147.0,168.0,175.0,180.0,192.0,222.0,246.0,264.0,267.0,280.0,295.0,312.0,313.0,315.0,342.0,359.0,360.0,362.0,401.0,423.0,426.0,434.0,465.0,508.0,509.0,529.0,542.0,562.0,564.0,573.0,595.0,660.0,681.0,703.0,715.0,717.0,726.0,737.0,795.0,849.0,860.0,876.0,916.0,955.0,977.0,
17.0,25.0,77.0,77.0,103.0,104.0,118.0,136.0,152.0,164.0,211.0,218.0,294.0,302.0,306.0,344.0,351.0,359.0,395.0,423.0,428.0,455.0,489.0,490.0,491.0,571.0,674.0,682.0,699.0,709.0,717.0,727.0,751.0,889.0,906.0,925.0,940.0,966.0,
13.0,37.0,44.0,57.0,115.0,123.0,126.0,140.0,178.0,185.0,282.0,304.0,341.0,342.0,412.0,449.0,478.0,505.0,536.0,539.0,544.0,561.0,587.0,680.0,749.0,760.0,789.0,812.0,950.0,957.0,966.0,
38.0,71.0,99.0,120.0,124.0,144.0,161.0,247.0,248.0,264.0,265.0,294.0,298.0,324.0,340.0,340.0,347.0,353.0,438.0,480.0,563.0,601.0,616.0,698.0,745.0,775.0,789.0,807.0,846.0,888.0,915.0,938.0,968.0,980.0,
38.0,67.0,91.0,94.0,129.0,130.0,167.0,182.0,245.0,266.0,334.0,342.0,356.0,378.0,430.0,704.0,812.0,853.0,907.0,923.0,
27.0,29.0,83.0,100.0,153.0,173.0,202.0,211.0,230.0,236.0,236.0,260.0,288.0,290.0,340.0,346.0,371.0,394.0,404.0,434.0,438.0,933.0,
57.0,106.0,112.0,124.0,166.0,173.0,191.0,194.0,269.0,321.0,332.0,340.0,357.0,445.0,466.0,487.0,811.0,
83.0,134.0,138.0,145.0,199.0,209.0,233.0,240.0,273.0,285.0,294.0,332.0,386.0,388.0,392.0,397.0,411.0,417.0,429.0,467.0,495.0,533.0,571.0,573.0,599.0,611.0,673.0,722.0,745.0,745.0,762.0,764.0,769.0,782.0,795.0,808.0,816.0,824.0,831.0,834.0,837.0,844.0,845.0,906.0,922.0,929.0,945.0,956.0,958.0,
24.0,66.0,70.0,72.0,128.0,176.0,215.0,228.0,268.0,278.0,279.0,292.0,364.0,387.0,408.0,413.0,419.0,431.0,454.0,455.0,468.0,478.0,518.0,520.0,526.0,544.0,580.0,606.0,634.0,648.0,669.0,680.0,704.0,729.0,742.0,760.0,763.0,791.0,796.0,810.0,860.0,861.0,931.0,946.0,954.0,
9.0,40.0,50.0,67.0,148.0,152.0,173.0,186.0,235.0,280.0,301.0,303.0,366.0,390.0,409.0,424.0,454.0,461.0,472.0,489.0,512.0,522.0,548.0,550.0,562.0,574.0,605.0,605.0,631.0,669.0,688.0,768.0,797.0,832.0,841.0,864.0,873.0,877.0,917.0,937.0,969.0,993.0,
7.0,56.0,67.0,90.0,159.0,183.0,183.0,214.0,241.0,270.0,274.0,279.0,294.0,299.0,346.0,392.0,415.0,434.0,438.0,461.0,535.0,588.0,621.0,622.0,665.0,749.0,806.0,826.0,895.0,969.0,970.0,
23.0,37.0,61.0,65.0,75.0,116.0,197.0,225.0,278.0,340.0,398.0,408.0,452.0,460.0,497.0,515.0,533.0,537.0,560.0,564.0,566.0,579.0,584.0,587.0,602.0,677.0,784.0,840.0,868.0,929.0,934.0,956.0,956.0,
4.0,8.0,13.0,89.0,118.0,224.0,226.0,231.0,254.0,257.0,275.0,283.0,333.0,349.0,386.0,406.0,418.0,468.0,485.0,511.0,541.0,546.0,580.0,581.0,585.0,628.0,679.0,679.0,746.0,747.0,841.0,844.0,852.0,864.0,881.0,905.0,913.0,918.0,923.0,962.0,
12.0,32.0,51.0,72.0,195.0,198.0,246.0,251.0,265.0,304.0,344.0,413.0,437.0,459.0,470.0,484.0,503.0,757.0,786.0,789.0,824.0,838.0,873.0,915.0,950.0,951.0,
3.0,65.0,69.0,73.0,80.0,91.0,96.0,106.0,126.0,133.0,146.0,173.0,184.0,212.0,243.0,249.0,255.0,269.0,283.0,286.0,316.0,364.0,438.0,452.0,
104.0,154.0,230.0,263.0,277.0,279.0,286.0,304.0,305.0,334.0,365.0,392.0,398.0,424.0,428.0,443.0,451.0,460.0,486.0,488.0,505.0,863.0,969.0,
21.0,32.0,40.0,46.0,67.0,79.0,103.0,123.0,142.0,158.0,184.0,219.0,234.0,283.0,311.0,413.0,422.0,437.0,475.0,483.0,495.0,
35.0,140.0,142.0,169.0,182.0,187.0,190.0,251.0,261.0,269.0,312.0,339.0,365.0,391.0,391.0,403.0,437.0,493.0,501.0,753.0,881.0,897.0,942.0,997.0,
84.0,125.0,172.0,228.0,237.0,298.0,322.0,325.0,330.0,356.0,372.0,451.0,459.0,500.0,504.0,606.0,610.0,646.0,659.0,668.0,686.0,687.0,704.0,729.0,738.0,765.0,792.0,795.0,801.0,836.0,881.0,887.0,977.0,
4.0,37.0,56.0,83.0,91.0,97.0,118.0,131.0,134.0,155.0,202.0,206.0,263.0,307.0,316.0,383.0,391.0,413.0,457.0,564.0,574.0,577.0,589.0,629.0,708.0,736.0,747.0,753.0,768.0,768.0,772.0,801.0,833.0,846.0,913.0,921.0,923.0,962.0,999.0,
66.0,87.0,97.0,171.0,171.0,237.0,298.0,306.0,311.0,330.0,333.0,422.0,538.0,605.0,622.0,643.0,654.0,791.0,793.0,822.0,851.0,857.0,863.0,903.0,923.0,
78.0,87.0,115.0,145.0,181.0,234.0,252.0,268.0,281.0,311.0,347.0,458.0,492.0,500.0,506.0,539.0,551.0,611.0,622.0,655.0,685.0,724.0,735.0,750.0,800.0,860.0,862.0,865.0,871.0,924.0,934.0,981.0,
64.0,68.0,71.0,86.0,93.0,119.0,126.0,183.0,211.0,228.0,281.0,355.0,384.0,396.0,453.0,453.0,513.0,516.0,518.0,591.0,607.0,615.0,658.0,663.0,697.0,785.0,788.0,842.0,843.0,858.0,895.0,977.0,978.0,995.0,
7.0,9.0,23.0,129.0,138.0,152.0,161.0,165.0,249.0,257.0,316.0,326.0,361.0,452.0,504.0,
116.0,163.0,186.0,252.0,259.0,304.0,335.0,366.0,409.0,449.0,463.0,467.0,904.0,
3.0,32.0,79.0,87.0,99.0,180.0,185.0,258.0,290.0,324.0,346.0,442.0,448.0,469.0,470.0,471.0,482.0,487.0,492.0,506.0,788.0,848.0,961.0,
17.0,42.0,84.0,86.0,111.0,113.0,115.0,119.0,122.0,127.0,201.0,222.0,240.0,342.0,345.0,389.0,404.0,491.0,
17.0,19.0,58.0,80.0,90.0,135.0,139.0,142.0,174.0,195.0,214.0,238.0,317.0,328.0,350.0,354.0,394.0,397.0,419.0,429.0,460.0,489.0,938.0,
2.0,7.0,16.0,17.0,95.0,126.0,199.0,212.0,246.0,282.0,287.0,298.0,302.0,313.0,317.0,361.0,372.0,375.0,382.0,402.0,435.0,442.0,445.0,463.0,482.0,505.0,523.0,585.0,594.0,608.0,620.0,645.0,685.0,704.0,740.0,782.0,815.0,820.0,822.0,829.0,838.0,864.0,892.0,907.0,935.0,939.0,958.0,967.0,967.0,989.0,
61.0,89.0,101.0,104.0,126.0,151.0,185.0,254.0,289.0,290.0,300.0,343.0,359.0,415.0,457.0,512.0,536.0,578.0,589.0,604.0,605.0,729.0,768.0,816.0,818.0,822.0,887.0,918.0,919.0,924.0,
26.0,91.0,129.0,136.0,146.0,191.0,199.0,219.0,248.0,314.0,345.0,360.0,427.0,492.0,505.0,512.0,538.0,550.0,690.0,727.0,732.0,770.0,779.0,779.0,792.0,796.0,871.0,878.0,879.0,883.0,890.0,944.0,951.0,978.0,994.0,
12.0,41.0,44.0,65.0,80.0,97.0,110.0,121.0,141.0,165.0,178.0,206.0,241.0,244.0,254.0,305.0,307.0,324.0,397.0,403.0,445.0,459.0,490.0,587.0,595.0,648.0,662.0,674.0,675.0,680.0,687.0,720.0,745.0,751.0,776.0,790.0,793.0,875.0,879.0,890.0,976.0,977.0,978.0,
11.0,21.0,29.0,32.0,87.0,96.0,98.0,176.0,219.0,351.0,403.0,419.0,443.0,446.0,496.0,498.0,505.0,529.0,557.0,559.0,576.0,577.0,587.0,595.0,605.0,665.0,703.0,705.0,733.0,735.0,737.0,738.0,739.0,740.0,752.0,768.0,794.0,828.0,868.0,875.0,884.0,884.0,897.0,902.0,914.0,997.0,
2.0,15.0,65.0,74.0,74.0,98.0,106.0,122.0,127.0,192.0,216.0,225.0,227.0,234.0,239.0,300.0,308.0,324.0,473.0,745.0,830.0,883.0,918.0,931.0,960.0,981.0,
5.0,13.0,20.0,32.0,38.0,137.0,145.0,145.0,160.0,186.0,196.0,202.0,221.0,243.0,271.0,297.0,308.0,309.0,327.0,477.0,489.0,
52.0,57.0,69.0,73.0,74.0,106.0,225.0,249.0,268.0,283.0,325.0,338.0,341.0,345.0,373.0,376.0,431.0,444.0,447.0,459.0,461.0,993.0,
14.0,67.0,107.0,117.0,130.0,157.0,179.0,204.0,230.0,277.0,295.0,328.0,334.0,338.0,386.0,399.0,438.0,491.0,494.0,
31.0,80.0,244.0,247.0,285.0,342.0,443.0,471.0,758.0,768.0,795.0,803.0,827.0,882.0,885.0,
3.0,28.0,30.0,106.0,134.0,141.0,159.0,170.0,183.0,229.0,317.0,325.0,333.0,368.0,373.0,405.0,414.0,423.0,510.0,529.0,553.0,562.0,586.0,593.0,616.0,624.0,625.0,627.0,629.0,646.0,656.0,695.0,700.0,708.0,723.0,752.0,783.0,842.0,880.0,918.0,939.0,951.0,975.0,989.0,
67.0,95.0,124.0,139.0,140.0,146.0,200.0,218.0,238.0,290.0,329.0,330.0,344.0,369.0,398.0,398.0,400.0,404.0,431.0,434.0,434.0,441.0,465.0,484.0,502.0,531.0,588.0,589.0,650.0,672.0,696.0,725.0,732.0,740.0,761.0,841.0,858.0,875.0,894.0,928.0,929.0,950.0,996.0,998.0,
14.0,17.0,35.0,50.0,58.0,80.0,91.0,98.0,108.0,130.0,133.0,154.0,238.0,260.0,308.0,369.0,420.0,421.0,466.0,478.0,493.0,503.0,540.0,602.0,629.0,772.0,889.0,906.0,938.0,987.0,
33.0,42.0,69.0,93.0,113.0,121.0,124.0,144.0,147.0,177.0,189.0,197.0,221.0,228.0,259.0,348.0,400.0,410.0,415.0,430.0,436.0,488.0,518.0,547.0,554.0,562.0,563.0,586.0,605.0,622.0,624.0,624.0,660.0,663.0,670.0,686.0,716.0,723.0,725.0,755.0,773.0,813.0,821.0,823.0,824.0,843.0,845.0,863.0,873.0,879.0,890.0,951.0,966.0,987.0,
25.0,119.0,125.0,131.0,159.0,167.0,271.0,356.0,430.0,457.0,461.0,495.0,517.0,529.0,547.0,554.0,570.0,608.0,616.0,616.0,619.0,671.0,699.0,716.0,740.0,742.0,774.0,788.0,789.0,821.0,862.0,946.0,953.0,
13.0,47.0,50.0,51.0,125.0,130.0,173.0,245.0,318.0,418.0,512.0,552.0,566.0,646.0,710.0,719.0,769.0,778.0,779.0,794.0,806.0,827.0,842.0,852.0,853.0,857.0,876.0,894.0,900.0,907.0,921.0,922.0,937.0,940.0,948.0,948.0,964.0,989.0,995.0,998.0,
17.0,64.0,66.0,312.0,339.0,383.0,398.0,433.0,462.0,470.0,486.0,494.0,808.0,825.0,849.0,944.0,
9.0,61.0,71.0,74.0,100.0,204.0,214.0,224.0,253.0,260.0,261.0,280.0,281.0,381.0,394.0,475.0,
70.0,113.0,150.0,155.0,165.0,186.0,206.0,234.0,235.0,297.0,322.0,332.0,347.0,363.0,471.0,476.0,821.0,845.0,882.0,920.0,992.0,
31.0,36.0,59.0,98.0,202.0,208.0,209.0,230.0,235.0,244.0,270.0,332.0,369.0,375.0,398.0,484.0,517.0,544.0,555.0,570.0,623.0,626.0,661.0,674.0,685.0,708.0,733.0,754.0,760.0,767.0,770.0,820.0,846.0,862.0,872.0,879.0,895.0,900.0,947.0,978.0,981.0,999.0,
47.0,139.0,146.0,172.0,181.0,204.0,339.0,348.0,359.0,363.0,365.0,456.0,491.0,504.0,506.0,514.0,602.0,613.0,616.0,654.0,668.0,723.0,726.0,759.0,762.0,764.0,791.0,795.0,821.0,824.0,878.0,903.0,911.0,940.0,956.0,970.0,
4.0,144.0,150.0,213.0,220.0,231.0,236.0,240.0,337.0,344.0,387.0,442.0,499.0,522.0,553.0,600.0,635.0,639.0,663.0,696.0,705.0,712.0,761.0,774.0,814.0,820.0,849.0,860.0,873.0,893.0,897.0,932.0,943.0,950.0,956.0,962.0,971.0,990.0,996.0,
27.0,66.0,72.0,82.0,86.0,113.0,128.0,161.0,164.0,166.0,195.0,221.0,236.0,237.0,274.0,288.0,296.0,301.0,303.0,319.0,335.0,390.0,423.0,437.0,472.0,496.0,498.0,646.0,725.0,757.0,822.0,833.0,893.0,917.0,
11.0,16.0,63.0,65.0,72.0,93.0,134.0,137.0,199.0,203.0,208.0,236.0,268.0,272.0,311.0,332.0,333.0,333.0,339.0,375.0,412.0,427.0,435.0,453.0,496.0,513.0,533.0,586.0,594.0,639.0,640.0,653.0,723.0,761.0,768.0,774.0,798.0,811.0,827.0,893.0,895.0,906.0,
58.0,69.0,144.0,159.0,209.0,253.0,279.0,336.0,339.0,363.0,372.0,379.0,421.0,425.0,428.0,440.0,463.0,466.0,478.0,502.0,507.0,517.0,536.0,562.0,586.0,621.0,629.0,633.0,661.0,666.0,697.0,726.0,745.0,770.0,800.0,824.0,837.0,845.0,871.0,873.0,888.0,924.0,935.0,936.0,948.0,974.0,976.0,
22.0,31.0,39.0,85.0,105.0,135.0,169.0,179.0,183.0,228.0,252.0,255.0,280.0,297.0,312.0,313.0,321.0,323.0,327.0,331.0,350.0,362.0,373.0,473.0,481.0,484.0,494.0,502.0,560.0,585.0,588.0,599.0,653.0,727.0,756.0,774.0,804.0,880.0,888.0,903.0,961.0,986.0,988.0,
20.0,22.0,41.0,100.0,126.0,170.0,187.0,193.0,244.0,303.0,469.0,487.0,503.0,522.0,531.0,581.0,585.0,586.0,618.0,658.0,659.0,672.0,692.0,714.0,723.0,760.0,761.0,763.0,776.0,795.0,809.0,816.0,825.0,853.0,897.0,917.0,925.0,927.0,939.0,946.0,957.0,
11.0,17.0,86.0,105.0,114.0,150.0,153.0,156.0,170.0,250.0,315.0,334.0,380.0,402.0,414.0,459.0,512.0,526.0,527.0,528.0,528.0,538.0,583.0,611.0,637.0,693.0,703.0,707.0,712.0,750.0,801.0,835.0,863.0,888.0,912.0,914.0,932.0,947.0,965.0,966.0,968.0,
43.0,77.0,78.0,186.0,243.0,250.0,257.0,289.0,290.0,290.0,320.0,320.0,335.0,336.0,368.0,448.0,451.0,509.0,519.0,647.0,648.0,684.0,720.0,728.0,732.0,734.0,755.0,757.0,778.0,801.0,827.0,851.0,854.0,883.0,891.0,892.0,924.0,951.0,955.0,962.0,
24.0,26.0,38.0,47.0,48.0,66.0,99.0,110.0,113.0,119.0,129.0,150.0,171.0,175.0,241.0,243.0,256.0,291.0,299.0,307.0,307.0,398.0,466.0,480.0,484.0,529.0,594.0,598.0,601.0,622.0,624.0,630.0,645.0,650.0,654.0,683.0,731.0,803.0,836.0,843.0,845.0,869.0,870.0,884.0,915.0,935.0,944.0,948.0,
47.0,89.0,91.0,96.0,109.0,118.0,139.0,226.0,249.0,307.0,309.0,331.0,353.0,376.0,396.0,427.0,521.0,548.0,555.0,578.0,602.0,637.0,670.0,673.0,691.0,734.0,743.0,790.0,848.0,864.0,877.0,976.0,
29.0,81.0,136.0,152.0,162.0,167.0,178.0,194.0,204.0,239.0,247.0,285.0,368.0,380.0,390.0,428.0,428.0,452.0,480.0,493.0,513.0,515.0,532.0,555.0,557.0,576.0,602.0,621.0,628.0,714.0,715.0,722.0,726.0,741.0,764.0,768.0,879.0,892.0,897.0,905.0,927.0,928.0,986.0,988.0,
7.0,69.0,99.0,199.0,219.0,225.0,226.0,229.0,245.0,284.0,322.0,340.0,375.0,397.0,427.0,441.0,444.0,537.0,593.0,623.0,630.0,635.0,661.0,669.0,678.0,706.0,737.0,740.0,764.0,779.0,847.0,910.0,918.0,921.0,944.0,965.0,988.0,
2.0,27.0,48.0,51.0,58.0,65.0,67.0,77.0,105.0,126.0,140.0,151.0,167.0,171.0,210.0,211.0,224.0,264.0,335.0,377.0,416.0,431.0,456.0,459.0,462.0,466.0,469.0,476.0,492.0,498.0,519.0,531.0,568.0,575.0,591.0,598.0,616.0,645.0,698.0,715.0,719.0,759.0,772.0,787.0,790.0,806.0,810.0,821.0,822.0,871.0,882.0,944.0,949.0,950.0,
18.0,41.0,43.0,55.0,56.0,61.0,84.0,138.0,166.0,174.0,200.0,219.0,301.0,302.0,336.0,368.0,387.0,392.0,419.0,421.0,468.0,600.0,621.0,669.0,683.0,715.0,720.0,747.0,754.0,798.0,864.0,905.0,942.0,
23.0,44.0,82.0,98.0,104.0,125.0,165.0,181.0,210.0,212.0,226.0,301.0,332.0,333.0,364.0,427.0,441.0,474.0,476.0,483.0,492.0,493.0,500.0,503.0,533.0,536.0,569.0,604.0,642.0,656.0,662.0,704.0,784.0,794.0,844.0,861.0,872.0,907.0,908.0,910.0,929.0,957.0,968.0,973.0,991.0,999.0,
12.0,19.0,28.0,41.0,52.0,61.0,68.0,83.0,91.0,119.0,149.0,151.0,168.0,252.0,291.0,299.0,315.0,330.0,331.0,332.0,406.0,456.0,457.0,492.0,522.0,524.0,531.0,542.0,576.0,582.0,609.0,616.0,694.0,706.0,789.0,804.0,814.0,846.0,903.0,928.0,934.0,
38.0,49.0,76.0,79.0,92.0,99.0,163.0,217.0,231.0,234.0,282.0,295.0,307.0,367.0,384.0,444.0,480.0,585.0,620.0,640.0,652.0,693.0,724.0,786.0,822.0,840.0,864.0,875.0,899.0,915.0,933.0,976.0,
9.0,14.0,25.0,29.0,32.0,78.0,85.0,96.0,171.0,207.0,222.0,244.0,328.0,361.0,378.0,384.0,391.0,436.0,463.0,477.0,511.0,536.0,546.0,548.0,593.0,595.0,605.0,623.0,627.0,629.0,633.0,635.0,637.0,642.0,656.0,693.0,696.0,722.0,783.0,786.0,797.0,812.0,869.0,922.0,933.0,969.0,987.0,996.0,
16.0,60.0,107.0,159.0,159.0,241.0,305.0,400.0,410.0,414.0,428.0,431.0,435.0,467.0,474.0,478.0,522.0,537.0,543.0,573.0,594.0,652.0,666.0,693.0,743.0,758.0,800.0,820.0,828.0,855.0,856.0,866.0,899.0,941.0,952.0,968.0,
30.0,60.0,83.0,117.0,136.0,137.0,179.0,204.0,308.0,322.0,344.0,347.0,349.0,356.0,408.0,424.0,433.0,463.0,465.0,468.0,503.0,518.0,546.0,548.0,586.0,679.0,692.0,731.0,757.0,762.0,807.0,813.0,834.0,847.0,853.0,876.0,877.0,902.0,905.0,920.0,950.0,982.0,991.0,998.0,
55.0,64.0,237.0,245.0,254.0,255.0,283.0,324.0,344.0,345.0,363.0,371.0,375.0,382.0,386.0,410.0,476.0,495.0,498.0,554.0,591.0,615.0,626.0,650.0,680.0,726.0,734.0,748.0,760.0,849.0,881.0,894.0,905.0,958.0,961.0,965.0,992.0,
