19.0,24.0,40.0,40.0,82.0,94.0,97.0,100.0,137.0,181.0,189.0,192.0,247.0,261.0,304.0,331.0,360.0,432.0,454.0,471.0,473.0,484.0,489.0,490.0,518.0,520.0,522.0,540.0,545.0,576.0,578.0,580.0,613.0,627.0,680.0,778.0,785.0,817.0,828.0,908.0,939.0,954.0,974.0,983.0,988.0,
19.0,102.0,106.0,119.0,126.0,168.0,174.0,178.0,193.0,231.0,264.0,297.0,297.0,303.0,316.0,332.0,346.0,347.0,364.0,368.0,380.0,384.0,384.0,414.0,423.0,430.0,457.0,478.0,507.0,526.0,538.0,548.0,556.0,587.0,617.0,644.0,690.0,693.0,735.0,795.0,822.0,827.0,848.0,850.0,854.0,870.0,941.0,946.0,968.0,972.0,993.0,
6.0,17.0,28.0,61.0,70.0,117.0,118.0,122.0,160.0,166.0,197.0,215.0,244.0,274.0,287.0,302.0,333.0,349.0,350.0,390.0,398.0,400.0,515.0,551.0,565.0,585.0,591.0,606.0,711.0,719.0,721.0,829.0,832.0,880.0,884.0,906.0,915.0,935.0,954.0,971.0,972.0,
2.0,31.0,32.0,46.0,74.0,78.0,130.0,131.0,131.0,138.0,172.0,183.0,184.0,190.0,193.0,196.0,245.0,260.0,260.0,268.0,275.0,285.0,316.0,336.0,380.0,416.0,417.0,418.0,424.0,424.0,427.0,458.0,462.0,477.0,478.0,482.0,500.0,584.0,636.0,812.0,813.0,869.0,894.0,954.0,
78.0,86.0,120.0,126.0,131.0,166.0,184.0,199.0,232.0,246.0,263.0,318.0,329.0,349.0,424.0,433.0,440.0,483.0,499.0,518.0,525.0,555.0,567.0,571.0,590.0,630.0,632.0,654.0,674.0,691.0,754.0,808.0,859.0,887.0,925.0,932.0,939.0,941.0,956.0,967.0,980.0,1000.0,
14.0,130.0,199.0,201.0,336.0,380.0,391.0,393.0,410.0,412.0,435.0,450.0,459.0,515.0,545.0,546.0,557.0,559.0,598.0,617.0,656.0,702.0,726.0,738.0,770.0,785.0,827.0,857.0,890.0,899.0,990.0,
24.0,29.0,96.0,111.0,115.0,136.0,145.0,210.0,254.0,270.0,339.0,347.0,394.0,406.0,502.0,503.0,555.0,574.0,589.0,615.0,723.0,731.0,747.0,753.0,788.0,812.0,897.0,901.0,932.0,949.0,985.0,985.0,
16.0,96.0,125.0,163.0,199.0,277.0,298.0,306.0,371.0,419.0,431.0,569.0,571.0,582.0,590.0,664.0,679.0,704.0,717.0,732.0,759.0,818.0,822.0,834.0,842.0,865.0,876.0,914.0,914.0,934.0,977.0,985.0,
12.0,51.0,81.0,82.0,103.0,116.0,154.0,199.0,218.0,261.0,313.0,422.0,430.0,438.0,443.0,443.0,445.0,486.0,493.0,505.0,518.0,536.0,544.0,587.0,601.0,604.0,612.0,630.0,641.0,652.0,730.0,765.0,785.0,816.0,825.0,830.0,830.0,834.0,978.0,
58.0,105.0,115.0,115.0,129.0,179.0,192.0,243.0,309.0,312.0,318.0,329.0,363.0,367.0,382.0,475.0,502.0,508.0,520.0,528.0,529.0,562.0,602.0,728.0,775.0,792.0,815.0,829.0,830.0,831.0,852.0,887.0,896.0,928.0,959.0,960.0,966.0,978.0,
136.0,148.0,203.0,222.0,223.0,247.0,250.0,276.0,301.0,320.0,336.0,356.0,357.0,371.0,374.0,385.0,391.0,393.0,396.0,400.0,432.0,489.0,491.0,539.0,548.0,586.0,588.0,600.0,626.0,636.0,695.0,699.0,700.0,718.0,721.0,732.0,809.0,821.0,895.0,924.0,954.0,971.0,
37.0,53.0,63.0,74.0,110.0,121.0,172.0,180.0,204.0,297.0,314.0,319.0,321.0,383.0,401.0,420.0,428.0,448.0,490.0,517.0,520.0,521.0,557.0,566.0,575.0,615.0,645.0,697.0,698.0,732.0,734.0,758.0,847.0,849.0,884.0,942.0,944.0,945.0,983.0,
59.0,111.0,112.0,153.0,249.0,284.0,364.0,372.0,379.0,390.0,443.0,458.0,512.0,546.0,576.0,589.0,607.0,626.0,630.0,660.0,664.0,667.0,670.0,672.0,692.0,695.0,714.0,733.0,740.0,798.0,839.0,856.0,874.0,943.0,947.0,
13.0,17.0,29.0,89.0,126.0,130.0,160.0,197.0,202.0,206.0,230.0,313.0,341.0,368.0,371.0,441.0,442.0,453.0,460.0,465.0,477.0,515.0,525.0,558.0,576.0,590.0,609.0,616.0,640.0,682.0,698.0,721.0,764.0,775.0,786.0,806.0,874.0,883.0,890.0,921.0,926.0,939.0,
73.0,95.0,115.0,123.0,148.0,182.0,186.0,203.0,229.0,253.0,255.0,255.0,269.0,314.0,328.0,406.0,408.0,411.0,426.0,486.0,568.0,588.0,592.0,601.0,602.0,655.0,747.0,747.0,773.0,786.0,883.0,894.0,932.0,953.0,975.0,
39.0,47.0,79.0,87.0,96.0,121.0,131.0,158.0,240.0,285.0,285.0,333.0,336.0,355.0,370.0,408.0,421.0,463.0,474.0,508.0,528.0,537.0,557.0,588.0,612.0,669.0,711.0,716.0,773.0,779.0,798.0,879.0,943.0,966.0,968.0,978.0,
18.0,27.0,35.0,47.0,48.0,66.0,66.0,90.0,92.0,104.0,135.0,146.0,154.0,180.0,180.0,221.0,235.0,243.0,248.0,262.0,265.0,269.0,324.0,351.0,380.0,384.0,421.0,427.0,435.0,466.0,470.0,523.0,622.0,646.0,652.0,710.0,713.0,726.0,733.0,743.0,780.0,819.0,832.0,836.0,863.0,876.0,975.0,984.0,
95.0,116.0,161.0,176.0,264.0,313.0,334.0,355.0,363.0,368.0,369.0,384.0,389.0,398.0,413.0,415.0,427.0,435.0,436.0,439.0,519.0,526.0,529.0,535.0,567.0,575.0,586.0,594.0,635.0,641.0,646.0,668.0,738.0,812.0,882.0,888.0,
26.0,31.0,32.0,34.0,56.0,59.0,67.0,127.0,203.0,207.0,285.0,372.0,399.0,406.0,435.0,436.0,452.0,477.0,479.0,484.0,526.0,536.0,541.0,558.0,562.0,614.0,631.0,645.0,720.0,757.0,771.0,800.0,814.0,911.0,932.0,993.0,998.0,
58.0,106.0,124.0,180.0,218.0,221.0,248.0,259.0,278.0,291.0,310.0,316.0,384.0,441.0,446.0,451.0,456.0,465.0,479.0,511.0,514.0,570.0,570.0,608.0,669.0,675.0,682.0,728.0,866.0,867.0,898.0,921.0,965.0,969.0,997.0,
56.0,83.0,114.0,178.0,257.0,273.0,283.0,291.0,299.0,313.0,321.0,348.0,356.0,367.0,390.0,417.0,423.0,473.0,497.0,506.0,560.0,570.0,577.0,595.0,606.0,611.0,616.0,633.0,672.0,702.0,745.0,827.0,887.0,911.0,913.0,921.0,948.0,998.0,1000.0,
80.0,152.0,196.0,241.0,263.0,278.0,283.0,331.0,337.0,351.0,353.0,360.0,390.0,451.0,461.0,506.0,545.0,552.0,567.0,638.0,639.0,640.0,649.0,655.0,738.0,782.0,816.0,827.0,922.0,949.0,967.0,995.0,995.0,
7.0,95.0,103.0,139.0,217.0,240.0,291.0,293.0,295.0,327.0,327.0,374.0,488.0,496.0,514.0,526.0,528.0,609.0,611.0,623.0,625.0,640.0,651.0,659.0,665.0,715.0,727.0,740.0,747.0,769.0,776.0,796.0,830.0,907.0,925.0,946.0,966.0,981.0,
22.0,101.0,112.0,122.0,149.0,155.0,156.0,210.0,256.0,289.0,297.0,345.0,369.0,370.0,376.0,391.0,409.0,446.0,490.0,517.0,522.0,550.0,553.0,589.0,591.0,593.0,602.0,619.0,705.0,706.0,711.0,741.0,752.0,767.0,786.0,806.0,810.0,814.0,822.0,845.0,858.0,897.0,934.0,934.0,958.0,964.0,972.0,987.0,
11.0,51.0,58.0,70.0,78.0,90.0,103.0,117.0,125.0,164.0,245.0,254.0,272.0,278.0,280.0,286.0,298.0,329.0,343.0,358.0,410.0,470.0,493.0,550.0,576.0,578.0,586.0,611.0,647.0,685.0,686.0,728.0,809.0,827.0,888.0,943.0,958.0,965.0,968.0,976.0,997.0,
70.0,110.0,153.0,200.0,269.0,277.0,288.0,297.0,313.0,399.0,399.0,421.0,440.0,452.0,491.0,509.0,541.0,591.0,595.0,610.0,610.0,614.0,626.0,627.0,669.0,695.0,725.0,740.0,773.0,781.0,783.0,786.0,840.0,848.0,862.0,875.0,929.0,969.0,985.0,989.0,994.0,
35.0,40.0,47.0,89.0,144.0,190.0,197.0,203.0,217.0,228.0,264.0,291.0,305.0,338.0,358.0,383.0,413.0,466.0,477.0,482.0,537.0,551.0,592.0,640.0,640.0,646.0,646.0,680.0,707.0,757.0,784.0,820.0,821.0,822.0,836.0,849.0,851.0,853.0,860.0,861.0,993.0,
112.0,194.0,196.0,201.0,217.0,234.0,238.0,258.0,295.0,315.0,332.0,372.0,389.0,425.0,455.0,502.0,537.0,553.0,579.0,588.0,605.0,629.0,636.0,663.0,667.0,684.0,711.0,717.0,719.0,758.0,792.0,815.0,938.0,990.0,
57.0,68.0,71.0,96.0,120.0,120.0,121.0,137.0,163.0,188.0,291.0,295.0,306.0,349.0,364.0,375.0,402.0,451.0,454.0,458.0,469.0,478.0,507.0,521.0,522.0,559.0,579.0,600.0,633.0,682.0,689.0,755.0,802.0,820.0,822.0,825.0,862.0,874.0,877.0,997.0,
3.0,55.0,119.0,152.0,157.0,170.0,190.0,207.0,212.0,270.0,273.0,297.0,416.0,437.0,448.0,450.0,471.0,473.0,485.0,491.0,505.0,520.0,530.0,545.0,576.0,580.0,585.0,586.0,635.0,695.0,734.0,740.0,750.0,752.0,795.0,889.0,895.0,939.0,983.0,999.0,
3.0,40.0,143.0,147.0,147.0,170.0,207.0,269.0,289.0,329.0,341.0,380.0,397.0,416.0,426.0,431.0,494.0,494.0,519.0,524.0,553.0,555.0,580.0,607.0,608.0,627.0,675.0,730.0,736.0,753.0,759.0,760.0,816.0,821.0,833.0,838.0,840.0,902.0,921.0,949.0,966.0,
38.0,61.0,191.0,197.0,200.0,278.0,287.0,290.0,294.0,295.0,324.0,337.0,353.0,355.0,358.0,365.0,409.0,457.0,463.0,469.0,471.0,506.0,526.0,556.0,559.0,587.0,646.0,658.0,679.0,695.0,706.0,718.0,776.0,801.0,854.0,938.0,962.0,977.0,
43.0,163.0,211.0,212.0,230.0,256.0,305.0,334.0,351.0,358.0,394.0,398.0,423.0,437.0,460.0,467.0,483.0,495.0,516.0,556.0,564.0,598.0,632.0,697.0,742.0,743.0,800.0,832.0,837.0,839.0,850.0,854.0,866.0,888.0,933.0,957.0,990.0,1000.0,
60.0,114.0,130.0,186.0,196.0,201.0,221.0,242.0,245.0,260.0,310.0,323.0,332.0,348.0,431.0,433.0,491.0,574.0,578.0,592.0,621.0,623.0,668.0,694.0,702.0,707.0,749.0,765.0,807.0,807.0,814.0,815.0,858.0,889.0,918.0,960.0,
84.0,104.0,137.0,139.0,142.0,146.0,172.0,187.0,237.0,265.0,267.0,284.0,376.0,394.0,424.0,476.0,503.0,794.0,812.0,940.0,
18.0,41.0,51.0,116.0,124.0,135.0,188.0,261.0,283.0,336.0,458.0,499.0,
64.0,71.0,76.0,163.0,202.0,205.0,220.0,244.0,245.0,293.0,334.0,360.0,394.0,467.0,472.0,501.0,717.0,788.0,905.0,959.0,
18.0,19.0,108.0,125.0,235.0,327.0,350.0,362.0,365.0,382.0,429.0,454.0,467.0,475.0,485.0,507.0,522.0,530.0,546.0,559.0,641.0,721.0,753.0,754.0,761.0,790.0,805.0,823.0,826.0,849.0,866.0,909.0,912.0,913.0,944.0,947.0,954.0,958.0,982.0,
11.0,32.0,52.0,72.0,76.0,128.0,137.0,138.0,140.0,152.0,167.0,231.0,254.0,295.0,308.0,344.0,355.0,445.0,485.0,504.0,546.0,597.0,602.0,612.0,629.0,636.0,638.0,643.0,654.0,654.0,712.0,730.0,745.0,761.0,766.0,775.0,800.0,837.0,878.0,878.0,894.0,895.0,896.0,914.0,930.0,
26.0,63.0,64.0,78.0,116.0,131.0,134.0,177.0,191.0,245.0,302.0,307.0,319.0,328.0,390.0,395.0,412.0,457.0,463.0,489.0,490.0,490.0,561.0,617.0,629.0,630.0,632.0,640.0,653.0,672.0,684.0,690.0,693.0,731.0,735.0,767.0,781.0,782.0,784.0,821.0,842.0,851.0,864.0,906.0,913.0,963.0,965.0,971.0,989.0,
31.0,35.0,37.0,43.0,54.0,120.0,121.0,127.0,156.0,210.0,247.0,256.0,273.0,294.0,354.0,356.0,365.0,367.0,374.0,396.0,419.0,421.0,488.0,498.0,512.0,515.0,553.0,636.0,645.0,645.0,659.0,706.0,738.0,761.0,807.0,824.0,834.0,873.0,900.0,927.0,
24.0,85.0,154.0,157.0,203.0,255.0,305.0,398.0,416.0,427.0,433.0,434.0,520.0,545.0,547.0,554.0,563.0,577.0,649.0,666.0,683.0,707.0,727.0,767.0,785.0,796.0,798.0,830.0,840.0,862.0,872.0,888.0,916.0,931.0,
11.0,12.0,16.0,25.0,39.0,70.0,121.0,145.0,152.0,161.0,176.0,254.0,261.0,303.0,314.0,320.0,344.0,350.0,357.0,373.0,377.0,386.0,395.0,401.0,493.0,510.0,577.0,581.0,588.0,600.0,612.0,650.0,656.0,670.0,677.0,682.0,690.0,709.0,744.0,751.0,793.0,824.0,846.0,858.0,906.0,906.0,920.0,931.0,947.0,994.0,
7.0,117.0,138.0,152.0,217.0,236.0,247.0,291.0,304.0,374.0,377.0,446.0,449.0,455.0,480.0,488.0,494.0,725.0,747.0,767.0,778.0,805.0,823.0,907.0,976.0,
55.0,76.0,80.0,96.0,111.0,125.0,130.0,164.0,207.0,245.0,256.0,257.0,302.0,343.0,350.0,358.0,402.0,436.0,438.0,446.0,462.0,472.0,475.0,490.0,
37.0,49.0,90.0,148.0,182.0,212.0,223.0,237.0,252.0,281.0,336.0,397.0,403.0,446.0,
3.0,54.0,75.0,103.0,153.0,161.0,172.0,174.0,197.0,207.0,214.0,215.0,226.0,235.0,239.0,254.0,292.0,317.0,325.0,326.0,340.0,343.0,363.0,390.0,
28.0,37.0,50.0,55.0,56.0,112.0,162.0,171.0,175.0,179.0,184.0,202.0,255.0,290.0,310.0,313.0,413.0,417.0,426.0,443.0,445.0,448.0,449.0,477.0,483.0,508.0,513.0,735.0,746.0,815.0,886.0,920.0,947.0,996.0,
11.0,16.0,30.0,102.0,121.0,130.0,141.0,160.0,191.0,192.0,227.0,244.0,245.0,276.0,289.0,299.0,299.0,309.0,314.0,342.0,468.0,490.0,505.0,519.0,544.0,558.0,560.0,564.0,587.0,657.0,668.0,675.0,677.0,678.0,708.0,728.0,747.0,752.0,794.0,797.0,804.0,838.0,840.0,851.0,854.0,865.0,917.0,945.0,977.0,981.0,
7.0,31.0,35.0,38.0,53.0,98.0,105.0,108.0,137.0,138.0,155.0,159.0,197.0,207.0,207.0,224.0,285.0,295.0,321.0,324.0,374.0,398.0,408.0,408.0,415.0,419.0,441.0,526.0,537.0,605.0,630.0,735.0,743.0,785.0,805.0,879.0,899.0,901.0,912.0,954.0,969.0,979.0,997.0,
18.0,33.0,45.0,125.0,139.0,174.0,178.0,183.0,217.0,224.0,263.0,263.0,302.0,302.0,329.0,359.0,367.0,378.0,422.0,425.0,443.0,444.0,484.0,518.0,546.0,548.0,566.0,725.0,814.0,844.0,851.0,872.0,872.0,880.0,882.0,934.0,988.0,
22.0,28.0,32.0,226.0,229.0,259.0,260.0,286.0,289.0,310.0,355.0,359.0,415.0,420.0,427.0,428.0,431.0,521.0,534.0,572.0,609.0,619.0,709.0,732.0,733.0,870.0,916.0,936.0,966.0,979.0,
22.0,33.0,44.0,45.0,75.0,96.0,111.0,176.0,184.0,195.0,220.0,221.0,243.0,258.0,292.0,345.0,349.0,356.0,358.0,403.0,406.0,419.0,427.0,431.0,445.0,488.0,534.0,537.0,611.0,633.0,645.0,661.0,775.0,793.0,816.0,822.0,827.0,856.0,893.0,938.0,958.0,974.0,985.0,
35.0,42.0,63.0,81.0,98.0,134.0,174.0,181.0,227.0,231.0,266.0,319.0,333.0,349.0,366.0,392.0,415.0,450.0,463.0,488.0,955.0,
11.0,97.0,128.0,133.0,149.0,159.0,209.0,239.0,248.0,275.0,319.0,342.0,357.0,379.0,403.0,405.0,477.0,
111.0,190.0,193.0,197.0,263.0,362.0,382.0,479.0,872.0,916.0,972.0,
3.0,52.0,63.0,93.0,132.0,177.0,196.0,207.0,212.0,231.0,232.0,238.0,264.0,269.0,283.0,288.0,301.0,316.0,426.0,446.0,456.0,482.0,818.0,
42.0,47.0,49.0,76.0,91.0,93.0,98.0,140.0,226.0,276.0,282.0,285.0,291.0,291.0,356.0,480.0,488.0,495.0,
36.0,52.0,64.0,72.0,96.0,116.0,129.0,135.0,158.0,164.0,174.0,179.0,211.0,309.0,326.0,340.0,340.0,349.0,451.0,483.0,554.0,565.0,581.0,605.0,609.0,650.0,701.0,725.0,727.0,734.0,772.0,797.0,808.0,845.0,923.0,957.0,967.0,984.0,
21.0,23.0,49.0,71.0,83.0,87.0,99.0,181.0,214.0,235.0,319.0,323.0,374.0,379.0,392.0,476.0,484.0,492.0,557.0,579.0,587.0,589.0,615.0,627.0,660.0,674.0,685.0,751.0,786.0,803.0,850.0,850.0,851.0,903.0,920.0,953.0,984.0,
33.0,89.0,95.0,107.0,129.0,153.0,176.0,184.0,185.0,189.0,192.0,225.0,234.0,243.0,368.0,373.0,378.0,429.0,472.0,477.0,632.0,684.0,719.0,747.0,748.0,798.0,938.0,971.0,984.0,988.0,
13.0,24.0,51.0,147.0,177.0,191.0,210.0,249.0,317.0,340.0,344.0,346.0,393.0,425.0,454.0,498.0,506.0,552.0,590.0,601.0,607.0,622.0,656.0,667.0,772.0,783.0,813.0,856.0,859.0,865.0,867.0,890.0,908.0,940.0,953.0,963.0,977.0,983.0,
3.0,44.0,50.0,111.0,150.0,157.0,159.0,171.0,173.0,216.0,244.0,246.0,291.0,303.0,317.0,317.0,329.0,376.0,405.0,506.0,506.0,519.0,534.0,535.0,539.0,567.0,580.0,656.0,713.0,718.0,725.0,729.0,749.0,749.0,760.0,771.0,779.0,788.0,788.0,817.0,836.0,900.0,920.0,928.0,948.0,972.0,990.0,
20.0,20.0,41.0,62.0,65.0,65.0,79.0,143.0,265.0,272.0,302.0,381.0,395.0,411.0,438.0,449.0,471.0,775.0,863.0,927.0,940.0,
12.0,13.0,72.0,104.0,139.0,147.0,182.0,209.0,226.0,232.0,252.0,274.0,301.0,321.0,369.0,384.0,452.0,507.0,
39.0,51.0,57.0,143.0,218.0,225.0,241.0,273.0,317.0,338.0,399.0,451.0,504.0,
49.0,72.0,108.0,114.0,157.0,159.0,182.0,239.0,261.0,334.0,334.0,368.0,415.0,420.0,439.0,442.0,448.0,449.0,452.0,501.0,
42.0,44.0,45.0,50.0,90.0,242.0,288.0,343.0,361.0,397.0,398.0,454.0,460.0,500.0,729.0,745.0,818.0,834.0,856.0,925.0,970.0,975.0,
5.0,6.0,22.0,56.0,61.0,69.0,78.0,90.0,183.0,184.0,185.0,195.0,331.0,415.0,420.0,422.0,426.0,444.0,452.0,473.0,492.0,503.0,530.0,533.0,580.0,613.0,672.0,687.0,692.0,716.0,735.0,736.0,780.0,818.0,848.0,858.0,873.0,878.0,890.0,895.0,914.0,933.0,
8.0,69.0,84.0,124.0,126.0,138.0,161.0,244.0,296.0,353.0,357.0,385.0,396.0,401.0,410.0,417.0,436.0,449.0,471.0,485.0,489.0,489.0,520.0,525.0,559.0,576.0,633.0,728.0,728.0,764.0,802.0,828.0,868.0,989.0,990.0,991.0,
38.0,44.0,65.0,66.0,101.0,145.0,169.0,213.0,293.0,301.0,306.0,323.0,328.0,341.0,349.0,357.0,367.0,377.0,412.0,423.0,469.0,470.0,501.0,535.0,569.0,592.0,654.0,691.0,701.0,798.0,848.0,892.0,896.0,923.0,930.0,955.0,964.0,981.0,
58.0,65.0,75.0,114.0,137.0,140.0,202.0,223.0,291.0,310.0,316.0,332.0,381.0,396.0,416.0,427.0,461.0,490.0,495.0,542.0,549.0,618.0,628.0,634.0,638.0,651.0,664.0,717.0,723.0,727.0,780.0,832.0,844.0,905.0,911.0,993.0,
102.0,147.0,149.0,155.0,165.0,170.0,175.0,302.0,311.0,312.0,329.0,348.0,364.0,398.0,422.0,436.0,449.0,462.0,472.0,497.0,517.0,568.0,569.0,599.0,603.0,604.0,644.0,723.0,755.0,766.0,772.0,789.0,822.0,836.0,852.0,870.0,888.0,890.0,898.0,901.0,924.0,931.0,934.0,940.0,958.0,965.0,
36.0,47.0,65.0,72.0,76.0,121.0,138.0,157.0,227.0,236.0,248.0,254.0,305.0,397.0,463.0,511.0,534.0,577.0,588.0,604.0,653.0,658.0,674.0,697.0,699.0,712.0,712.0,734.0,745.0,746.0,750.0,776.0,788.0,823.0,884.0,951.0,968.0,974.0,991.0,
28.0,77.0,85.0,89.0,113.0,118.0,125.0,178.0,182.0,216.0,257.0,273.0,291.0,322.0,334.0,341.0,361.0,374.0,408.0,483.0,709.0,746.0,766.0,821.0,841.0,872.0,902.0,
26.0,143.0,310.0,325.0,430.0,440.0,457.0,486.0,
18.0,38.0,45.0,51.0,56.0,61.0,73.0,81.0,83.0,111.0,154.0,234.0,277.0,313.0,361.0,364.0,376.0,382.0,418.0,480.0,672.0,702.0,
89.0,113.0,169.0,198.0,208.0,236.0,243.0,266.0,275.0,278.0,280.0,315.0,322.0,343.0,363.0,365.0,398.0,424.0,429.0,437.0,484.0,498.0,539.0,567.0,621.0,684.0,691.0,700.0,726.0,751.0,762.0,777.0,797.0,817.0,839.0,841.0,877.0,888.0,895.0,901.0,925.0,966.0,983.0,
8.0,18.0,65.0,114.0,168.0,169.0,175.0,197.0,236.0,285.0,363.0,400.0,408.0,423.0,433.0,438.0,474.0,539.0,592.0,600.0,603.0,619.0,622.0,626.0,633.0,663.0,699.0,709.0,753.0,766.0,771.0,775.0,809.0,817.0,823.0,848.0,876.0,893.0,916.0,927.0,942.0,975.0,987.0,
35.0,39.0,81.0,95.0,116.0,128.0,136.0,183.0,208.0,244.0,294.0,327.0,370.0,378.0,391.0,411.0,471.0,581.0,657.0,728.0,803.0,902.0,919.0,954.0,960.0,
40.0,73.0,127.0,175.0,205.0,207.0,241.0,244.0,291.0,314.0,366.0,367.0,423.0,482.0,494.0,505.0,515.0,516.0,548.0,639.0,641.0,653.0,674.0,684.0,699.0,749.0,762.0,776.0,785.0,805.0,836.0,854.0,982.0,984.0,988.0,
34.0,77.0,149.0,240.0,241.0,257.0,265.0,285.0,335.0,442.0,471.0,520.0,531.0,539.0,552.0,606.0,607.0,654.0,692.0,721.0,735.0,742.0,789.0,793.0,794.0,805.0,814.0,840.0,880.0,982.0,995.0,
4.0,15.0,62.0,134.0,153.0,170.0,179.0,254.0,279.0,297.0,304.0,329.0,361.0,398.0,473.0,480.0,553.0,559.0,562.0,569.0,581.0,595.0,633.0,670.0,699.0,721.0,730.0,748.0,765.0,766.0,803.0,813.0,826.0,933.0,966.0,1000.0,
11.0,30.0,41.0,91.0,104.0,105.0,115.0,134.0,141.0,198.0,209.0,240.0,297.0,297.0,309.0,417.0,421.0,430.0,450.0,484.0,508.0,529.0,540.0,593.0,596.0,645.0,659.0,661.0,680.0,682.0,753.0,760.0,796.0,822.0,825.0,839.0,895.0,907.0,910.0,911.0,926.0,942.0,952.0,983.0,
8.0,17.0,63.0,93.0,106.0,120.0,154.0,176.0,180.0,245.0,307.0,331.0,359.0,385.0,390.0,412.0,431.0,470.0,496.0,517.0,517.0,525.0,578.0,607.0,615.0,617.0,637.0,653.0,668.0,683.0,693.0,709.0,719.0,721.0,732.0,808.0,838.0,847.0,877.0,921.0,934.0,962.0,983.0,987.0,
7.0,91.0,93.0,137.0,142.0,152.0,158.0,175.0,194.0,213.0,214.0,259.0,339.0,391.0,395.0,442.0,469.0,589.0,590.0,600.0,600.0,617.0,646.0,668.0,677.0,679.0,688.0,702.0,703.0,718.0,731.0,740.0,750.0,759.0,798.0,800.0,801.0,823.0,836.0,838.0,858.0,886.0,888.0,900.0,935.0,949.0,978.0,
3.0,17.0,19.0,65.0,97.0,126.0,132.0,137.0,172.0,201.0,241.0,241.0,261.0,279.0,328.0,358.0,389.0,496.0,562.0,563.0,582.0,604.0,612.0,671.0,673.0,689.0,699.0,700.0,701.0,704.0,717.0,718.0,729.0,736.0,750.0,755.0,774.0,784.0,805.0,814.0,842.0,877.0,877.0,881.0,898.0,899.0,901.0,913.0,918.0,938.0,946.0,995.0,
13.0,37.0,39.0,40.0,45.0,46.0,51.0,55.0,56.0,119.0,134.0,144.0,173.0,175.0,177.0,183.0,217.0,248.0,252.0,279.0,295.0,306.0,318.0,348.0,412.0,412.0,419.0,441.0,443.0,455.0,532.0,539.0,567.0,570.0,608.0,637.0,712.0,718.0,724.0,747.0,802.0,804.0,868.0,870.0,987.0,
57.0,89.0,177.0,178.0,214.0,214.0,231.0,236.0,277.0,282.0,320.0,343.0,380.0,398.0,426.0,447.0,465.0,478.0,560.0,562.0,562.0,679.0,725.0,754.0,843.0,869.0,885.0,937.0,979.0,
16.0,32.0,95.0,118.0,159.0,165.0,195.0,216.0,276.0,283.0,290.0,298.0,311.0,313.0,332.0,392.0,408.0,417.0,421.0,432.0,434.0,435.0,444.0,445.0,454.0,462.0,491.0,493.0,566.0,566.0,569.0,596.0,602.0,616.0,617.0,619.0,639.0,673.0,682.0,705.0,712.0,715.0,723.0,730.0,811.0,815.0,816.0,837.0,868.0,876.0,886.0,888.0,891.0,913.0,
9.0,17.0,36.0,97.0,110.0,125.0,133.0,149.0,162.0,166.0,166.0,196.0,213.0,226.0,229.0,246.0,343.0,352.0,362.0,391.0,396.0,399.0,411.0,414.0,417.0,421.0,460.0,525.0,596.0,619.0,662.0,690.0,706.0,748.0,771.0,804.0,820.0,845.0,866.0,873.0,892.0,901.0,925.0,931.0,982.0,
18.0,74.0,119.0,132.0,136.0,166.0,190.0,193.0,222.0,262.0,325.0,331.0,341.0,364.0,403.0,419.0,468.0,474.0,484.0,496.0,502.0,521.0,553.0,555.0,566.0,752.0,756.0,840.0,869.0,898.0,910.0,913.0,914.0,990.0,
56.0,57.0,71.0,76.0,78.0,152.0,155.0,185.0,286.0,337.0,343.0,356.0,358.0,394.0,399.0,415.0,426.0,456.0,502.0,515.0,515.0,604.0,609.0,626.0,659.0,662.0,682.0,716.0,797.0,828.0,837.0,842.0,856.0,890.0,897.0,902.0,986.0,
75.0,126.0,127.0,134.0,214.0,256.0,257.0,261.0,288.0,290.0,349.0,361.0,378.0,391.0,412.0,421.0,435.0,484.0,498.0,512.0,580.0,603.0,605.0,635.0,663.0,669.0,728.0,739.0,740.0,765.0,766.0,766.0,772.0,778.0,826.0,830.0,861.0,887.0,899.0,913.0,918.0,920.0,977.0,985.0,
60.0,61.0,127.0,131.0,140.0,172.0,189.0,204.0,204.0,218.0,225.0,288.0,328.0,346.0,357.0,368.0,421.0,495.0,500.0,502.0,504.0,563.0,586.0,614.0,658.0,759.0,780.0,807.0,856.0,911.0,923.0,948.0,956.0,983.0,998.0,
5.0,53.0,80.0,91.0,95.0,103.0,181.0,198.0,220.0,222.0,230.0,255.0,277.0,291.0,351.0,416.0,446.0,455.0,475.0,544.0,555.0,580.0,591.0,596.0,605.0,627.0,644.0,759.0,792.0,879.0,905.0,906.0,951.0,977.0,
14.0,27.0,126.0,174.0,179.0,184.0,196.0,219.0,237.0,281.0,321.0,328.0,337.0,347.0,348.0,402.0,406.0,451.0,490.0,500.0,630.0,647.0,653.0,664.0,673.0,698.0,700.0,723.0,731.0,760.0,764.0,767.0,783.0,796.0,818.0,832.0,897.0,899.0,903.0,938.0,956.0,964.0,986.0,
2.0,28.0,51.0,72.0,76.0,150.0,246.0,258.0,268.0,276.0,287.0,291.0,292.0,294.0,295.0,321.0,344.0,354.0,398.0,416.0,438.0,460.0,469.0,481.0,485.0,497.0,530.0,542.0,549.0,588.0,633.0,658.0,665.0,741.0,763.0,809.0,810.0,820.0,832.0,839.0,872.0,881.0,886.0,928.0,963.0,968.0,979.0,
4.0,7.0,168.0,187.0,289.0,323.0,363.0,412.0,439.0,491.0,510.0,527.0,541.0,552.0,573.0,578.0,671.0,686.0,690.0,764.0,783.0,807.0,864.0,895.0,913.0,971.0,982.0,987.0,
22.0,33.0,61.0,74.0,80.0,92.0,95.0,109.0,113.0,152.0,186.0,286.0,291.0,311.0,412.0,431.0,456.0,481.0,498.0,515.0,522.0,526.0,557.0,635.0,659.0,660.0,703.0,731.0,739.0,743.0,777.0,781.0,797.0,816.0,827.0,830.0,887.0,956.0,956.0,
