34.0,97.0,117.0,119.0,124.0,174.0,193.0,208.0,234.0,282.0,302.0,310.0,323.0,330.0,336.0,349.0,380.0,396.0,400.0,455.0,519.0,524.0,650.0,678.0,692.0,720.0,737.0,759.0,826.0,874.0,887.0,892.0,908.0,911.0,923.0,935.0,941.0,946.0,
11.0,32.0,58.0,183.0,190.0,200.0,211.0,211.0,231.0,235.0,245.0,247.0,253.0,274.0,279.0,288.0,349.0,364.0,366.0,366.0,373.0,513.0,529.0,562.0,574.0,606.0,612.0,669.0,673.0,674.0,681.0,725.0,763.0,773.0,819.0,844.0,853.0,908.0,912.0,915.0,930.0,944.0,944.0,
18.0,45.0,74.0,79.0,98.0,161.0,184.0,267.0,309.0,331.0,337.0,397.0,407.0,440.0,449.0,463.0,476.0,531.0,536.0,536.0,591.0,646.0,655.0,679.0,686.0,703.0,791.0,840.0,867.0,890.0,926.0,931.0,955.0,963.0,977.0,
14.0,68.0,88.0,140.0,186.0,200.0,229.0,284.0,339.0,353.0,381.0,419.0,419.0,429.0,441.0,496.0,542.0,554.0,570.0,571.0,578.0,629.0,633.0,738.0,747.0,806.0,812.0,837.0,894.0,961.0,993.0,
119.0,141.0,152.0,169.0,179.0,192.0,236.0,257.0,274.0,279.0,305.0,311.0,377.0,398.0,480.0,521.0,526.0,543.0,574.0,602.0,656.0,695.0,753.0,824.0,887.0,952.0,959.0,967.0,975.0,995.0,
6.0,34.0,37.0,43.0,69.0,102.0,113.0,145.0,153.0,164.0,170.0,170.0,182.0,189.0,225.0,228.0,239.0,242.0,335.0,336.0,340.0,343.0,355.0,411.0,440.0,489.0,513.0,580.0,584.0,686.0,691.0,691.0,734.0,757.0,847.0,917.0,918.0,923.0,935.0,969.0,
36.0,57.0,61.0,64.0,119.0,123.0,136.0,155.0,178.0,228.0,238.0,267.0,286.0,295.0,297.0,343.0,355.0,359.0,385.0,399.0,414.0,452.0,467.0,478.0,601.0,624.0,769.0,773.0,849.0,894.0,934.0,
98.0,149.0,155.0,156.0,213.0,219.0,266.0,268.0,356.0,381.0,399.0,452.0,490.0,498.0,545.0,564.0,592.0,605.0,624.0,634.0,663.0,690.0,748.0,760.0,764.0,852.0,855.0,864.0,973.0,979.0,
82.0,96.0,98.0,157.0,233.0,235.0,271.0,272.0,297.0,325.0,340.0,380.0,403.0,441.0,484.0,516.0,517.0,537.0,546.0,628.0,653.0,719.0,723.0,730.0,732.0,765.0,833.0,917.0,930.0,975.0,987.0,990.0,
2.0,10.0,13.0,54.0,163.0,172.0,182.0,248.0,255.0,288.0,352.0,407.0,418.0,510.0,543.0,577.0,589.0,606.0,633.0,652.0,680.0,684.0,701.0,702.0,711.0,747.0,776.0,827.0,831.0,954.0,967.0,
11.0,14.0,54.0,92.0,106.0,127.0,145.0,153.0,173.0,173.0,175.0,253.0,268.0,271.0,378.0,381.0,622.0,677.0,677.0,721.0,723.0,743.0,779.0,833.0,921.0,961.0,991.0,999.0,
2.0,7.0,31.0,41.0,122.0,176.0,193.0,221.0,229.0,247.0,326.0,334.0,339.0,349.0,366.0,389.0,393.0,415.0,476.0,571.0,589.0,626.0,708.0,803.0,809.0,838.0,852.0,908.0,913.0,959.0,965.0,972.0,983.0,
96.0,105.0,179.0,222.0,255.0,326.0,342.0,401.0,420.0,461.0,488.0,493.0,615.0,640.0,751.0,758.0,796.0,818.0,835.0,890.0,928.0,934.0,944.0,944.0,957.0,
31.0,116.0,117.0,136.0,186.0,197.0,210.0,226.0,237.0,250.0,269.0,291.0,317.0,336.0,344.0,344.0,352.0,384.0,414.0,414.0,435.0,473.0,531.0,559.0,565.0,649.0,673.0,708.0,715.0,747.0,872.0,873.0,878.0,887.0,896.0,907.0,919.0,940.0,947.0,953.0,
47.0,65.0,72.0,149.0,150.0,160.0,173.0,275.0,282.0,299.0,326.0,400.0,413.0,415.0,444.0,456.0,497.0,516.0,530.0,534.0,603.0,641.0,655.0,688.0,709.0,731.0,732.0,737.0,782.0,783.0,812.0,845.0,853.0,855.0,885.0,906.0,965.0,971.0,
39.0,93.0,144.0,170.0,226.0,281.0,288.0,314.0,358.0,437.0,459.0,471.0,583.0,710.0,711.0,713.0,774.0,818.0,837.0,845.0,855.0,874.0,918.0,939.0,947.0,949.0,985.0,
42.0,145.0,274.0,296.0,534.0,541.0,560.0,576.0,591.0,607.0,690.0,691.0,704.0,719.0,721.0,736.0,739.0,739.0,750.0,771.0,799.0,813.0,874.0,933.0,959.0,960.0,
81.0,88.0,102.0,112.0,139.0,182.0,182.0,192.0,215.0,222.0,239.0,280.0,307.0,332.0,347.0,367.0,376.0,382.0,393.0,471.0,471.0,472.0,574.0,586.0,600.0,627.0,629.0,672.0,673.0,703.0,712.0,712.0,725.0,740.0,744.0,750.0,802.0,807.0,838.0,858.0,858.0,865.0,871.0,873.0,874.0,922.0,929.0,991.0,
9.0,49.0,82.0,104.0,105.0,111.0,140.0,140.0,200.0,239.0,257.0,378.0,395.0,402.0,438.0,456.0,463.0,487.0,505.0,549.0,578.0,604.0,608.0,618.0,623.0,686.0,692.0,698.0,735.0,766.0,776.0,794.0,795.0,815.0,837.0,841.0,865.0,886.0,901.0,904.0,908.0,950.0,984.0,985.0,989.0,1000.0,
25.0,109.0,190.0,231.0,238.0,257.0,273.0,287.0,315.0,316.0,345.0,347.0,367.0,460.0,567.0,570.0,617.0,662.0,666.0,702.0,715.0,716.0,730.0,758.0,759.0,768.0,771.0,798.0,849.0,853.0,859.0,880.0,889.0,931.0,946.0,977.0,
95.0,158.0,165.0,184.0,267.0,309.0,317.0,351.0,362.0,371.0,456.0,467.0,469.0,473.0,479.0,623.0,642.0,649.0,674.0,689.0,786.0,842.0,876.0,901.0,936.0,966.0,980.0,986.0,986.0,
9.0,158.0,168.0,254.0,255.0,260.0,294.0,296.0,305.0,322.0,331.0,355.0,385.0,386.0,423.0,454.0,483.0,533.0,544.0,548.0,657.0,695.0,831.0,872.0,
6.0,26.0,65.0,71.0,72.0,75.0,125.0,156.0,159.0,163.0,190.0,260.0,305.0,311.0,324.0,332.0,493.0,529.0,552.0,553.0,604.0,615.0,616.0,670.0,673.0,694.0,747.0,786.0,816.0,826.0,833.0,845.0,907.0,925.0,985.0,985.0,
3.0,21.0,32.0,66.0,133.0,134.0,137.0,146.0,196.0,235.0,249.0,261.0,287.0,289.0,340.0,366.0,403.0,411.0,475.0,485.0,500.0,519.0,527.0,567.0,576.0,589.0,627.0,651.0,735.0,795.0,872.0,926.0,931.0,
29.0,40.0,40.0,51.0,69.0,135.0,177.0,241.0,248.0,250.0,281.0,288.0,365.0,435.0,473.0,485.0,511.0,516.0,520.0,588.0,710.0,756.0,770.0,771.0,772.0,778.0,902.0,936.0,944.0,953.0,
36.0,75.0,81.0,87.0,132.0,152.0,161.0,192.0,230.0,242.0,249.0,251.0,256.0,292.0,318.0,373.0,380.0,422.0,441.0,461.0,475.0,479.0,562.0,579.0,636.0,662.0,675.0,740.0,744.0,751.0,822.0,858.0,892.0,916.0,947.0,962.0,977.0,988.0,
39.0,65.0,85.0,125.0,150.0,204.0,206.0,248.0,252.0,264.0,293.0,342.0,343.0,372.0,413.0,418.0,444.0,470.0,513.0,517.0,533.0,563.0,569.0,570.0,610.0,692.0,786.0,849.0,878.0,933.0,942.0,980.0,1000.0,
36.0,51.0,75.0,88.0,97.0,107.0,166.0,174.0,189.0,214.0,235.0,268.0,277.0,301.0,347.0,369.0,369.0,378.0,386.0,423.0,497.0,534.0,560.0,599.0,624.0,649.0,655.0,704.0,704.0,737.0,750.0,772.0,816.0,838.0,878.0,916.0,935.0,938.0,966.0,993.0,
31.0,38.0,64.0,71.0,73.0,79.0,92.0,93.0,94.0,113.0,118.0,141.0,153.0,167.0,168.0,179.0,191.0,205.0,227.0,245.0,304.0,319.0,327.0,367.0,386.0,401.0,413.0,449.0,467.0,569.0,670.0,722.0,760.0,763.0,849.0,859.0,887.0,892.0,921.0,924.0,946.0,948.0,954.0,
30.0,30.0,57.0,86.0,86.0,103.0,137.0,206.0,231.0,235.0,248.0,261.0,305.0,305.0,450.0,466.0,475.0,551.0,612.0,657.0,697.0,817.0,819.0,829.0,848.0,873.0,874.0,880.0,888.0,907.0,954.0,964.0,974.0,
10.0,10.0,32.0,74.0,108.0,114.0,117.0,125.0,134.0,177.0,192.0,265.0,269.0,292.0,303.0,305.0,307.0,339.0,349.0,376.0,384.0,416.0,426.0,473.0,498.0,509.0,552.0,602.0,603.0,603.0,637.0,638.0,650.0,699.0,716.0,734.0,748.0,808.0,814.0,824.0,844.0,859.0,862.0,874.0,881.0,902.0,
2.0,21.0,72.0,163.0,184.0,188.0,216.0,300.0,308.0,389.0,417.0,432.0,454.0,476.0,502.0,509.0,546.0,550.0,553.0,678.0,743.0,866.0,881.0,892.0,899.0,915.0,940.0,970.0,981.0,
24.0,73.0,75.0,90.0,95.0,170.0,174.0,175.0,241.0,264.0,312.0,333.0,354.0,360.0,362.0,426.0,433.0,437.0,473.0,488.0,508.0,546.0,546.0,551.0,583.0,667.0,677.0,773.0,796.0,806.0,821.0,861.0,871.0,927.0,929.0,944.0,982.0,989.0,994.0,
10.0,31.0,36.0,55.0,84.0,113.0,118.0,134.0,166.0,179.0,189.0,195.0,222.0,292.0,302.0,385.0,419.0,468.0,517.0,522.0,550.0,552.0,554.0,567.0,569.0,601.0,613.0,634.0,659.0,665.0,701.0,781.0,792.0,914.0,951.0,957.0,
116.0,150.0,154.0,179.0,185.0,214.0,260.0,275.0,388.0,483.0,496.0,513.0,529.0,534.0,535.0,540.0,567.0,568.0,586.0,591.0,596.0,601.0,635.0,641.0,674.0,714.0,756.0,779.0,789.0,813.0,852.0,873.0,892.0,895.0,926.0,964.0,968.0,
7.0,14.0,23.0,55.0,86.0,116.0,117.0,132.0,152.0,193.0,206.0,230.0,235.0,252.0,303.0,317.0,329.0,416.0,421.0,427.0,487.0,498.0,522.0,529.0,557.0,576.0,580.0,607.0,609.0,615.0,617.0,621.0,623.0,627.0,627.0,627.0,638.0,648.0,656.0,669.0,712.0,713.0,726.0,728.0,735.0,759.0,766.0,774.0,787.0,792.0,811.0,843.0,858.0,892.0,959.0,988.0,995.0,
3.0,16.0,48.0,49.0,51.0,67.0,131.0,135.0,143.0,146.0,218.0,245.0,300.0,309.0,326.0,344.0,384.0,391.0,392.0,427.0,528.0,531.0,532.0,544.0,561.0,610.0,641.0,655.0,732.0,759.0,785.0,800.0,803.0,811.0,817.0,919.0,920.0,985.0,
20.0,22.0,39.0,70.0,71.0,106.0,112.0,114.0,119.0,191.0,199.0,224.0,305.0,341.0,398.0,430.0,482.0,494.0,529.0,646.0,795.0,852.0,867.0,881.0,906.0,940.0,
78.0,81.0,95.0,119.0,150.0,152.0,210.0,218.0,233.0,235.0,243.0,298.0,320.0,323.0,368.0,378.0,455.0,483.0,493.0,505.0,518.0,564.0,613.0,623.0,633.0,653.0,656.0,666.0,728.0,754.0,779.0,783.0,795.0,856.0,885.0,889.0,904.0,
10.0,34.0,37.0,85.0,109.0,190.0,200.0,201.0,230.0,231.0,242.0,257.0,298.0,353.0,375.0,424.0,476.0,526.0,526.0,531.0,572.0,582.0,665.0,713.0,722.0,739.0,769.0,811.0,835.0,836.0,854.0,859.0,870.0,884.0,909.0,917.0,956.0,998.0,
25.0,95.0,155.0,169.0,193.0,223.0,238.0,240.0,250.0,271.0,271.0,273.0,276.0,290.0,296.0,309.0,311.0,383.0,411.0,445.0,450.0,512.0,514.0,517.0,523.0,557.0,616.0,618.0,641.0,644.0,677.0,683.0,714.0,740.0,775.0,799.0,835.0,885.0,891.0,902.0,923.0,925.0,928.0,941.0,947.0,958.0,965.0,
11.0,20.0,48.0,78.0,79.0,86.0,93.0,147.0,148.0,193.0,264.0,270.0,307.0,311.0,361.0,381.0,387.0,398.0,401.0,412.0,450.0,461.0,483.0,491.0,511.0,548.0,581.0,643.0,693.0,715.0,793.0,820.0,860.0,883.0,888.0,918.0,932.0,
38.0,60.0,68.0,89.0,153.0,162.0,165.0,173.0,196.0,203.0,216.0,235.0,239.0,270.0,300.0,306.0,307.0,322.0,396.0,415.0,419.0,446.0,467.0,491.0,503.0,532.0,538.0,626.0,647.0,750.0,759.0,763.0,803.0,832.0,836.0,855.0,937.0,964.0,989.0,
29.0,54.0,58.0,78.0,78.0,93.0,166.0,166.0,178.0,213.0,229.0,313.0,323.0,324.0,411.0,422.0,445.0,454.0,467.0,494.0,526.0,538.0,539.0,548.0,580.0,600.0,624.0,625.0,631.0,667.0,745.0,748.0,752.0,778.0,801.0,804.0,841.0,841.0,866.0,891.0,930.0,947.0,963.0,977.0,979.0,
34.0,62.0,76.0,156.0,160.0,191.0,199.0,239.0,243.0,303.0,346.0,362.0,397.0,425.0,431.0,445.0,466.0,493.0,497.0,500.0,508.0,510.0,510.0,512.0,516.0,530.0,539.0,541.0,543.0,548.0,550.0,558.0,569.0,572.0,578.0,580.0,589.0,596.0,596.0,601.0,602.0,614.0,614.0,616.0,617.0,621.0,630.0,632.0,650.0,678.0,683.0,693.0,699.0,706.0,717.0,722.0,730.0,746.0,770.0,787.0,798.0,805.0,843.0,853.0,860.0,878.0,879.0,886.0,907.0,932.0,936.0,945.0,958.0,
3.0,29.0,40.0,53.0,102.0,105.0,143.0,212.0,214.0,216.0,220.0,255.0,325.0,359.0,371.0,379.0,401.0,429.0,441.0,501.0,502.0,530.0,533.0,534.0,536.0,538.0,542.0,544.0,544.0,546.0,551.0,559.0,562.0,573.0,574.0,584.0,586.0,591.0,608.0,611.0,612.0,631.0,638.0,645.0,649.0,670.0,697.0,706.0,730.0,759.0,762.0,768.0,773.0,782.0,798.0,812.0,817.0,824.0,840.0,844.0,847.0,865.0,886.0,893.0,899.0,900.0,914.0,947.0,986.0,995.0,
7.0,9.0,26.0,89.0,103.0,131.0,152.0,155.0,165.0,200.0,217.0,227.0,248.0,266.0,329.0,366.0,379.0,384.0,393.0,410.0,464.0,477.0,483.0,536.0,536.0,554.0,557.0,578.0,578.0,582.0,584.0,585.0,588.0,600.0,609.0,610.0,612.0,614.0,636.0,643.0,647.0,652.0,664.0,666.0,666.0,669.0,675.0,680.0,689.0,697.0,701.0,704.0,708.0,708.0,762.0,764.0,764.0,770.0,790.0,796.0,803.0,812.0,819.0,819.0,825.0,825.0,852.0,854.0,861.0,873.0,874.0,882.0,895.0,898.0,919.0,919.0,922.0,924.0,926.0,937.0,968.0,985.0,986.0,998.0,
48.0,68.0,89.0,114.0,145.0,158.0,173.0,182.0,193.0,225.0,280.0,289.0,292.0,292.0,307.0,338.0,408.0,441.0,461.0,515.0,519.0,527.0,530.0,533.0,536.0,547.0,548.0,567.0,616.0,631.0,645.0,673.0,685.0,728.0,758.0,759.0,785.0,793.0,901.0,982.0,982.0,998.0,
6.0,8.0,39.0,57.0,66.0,108.0,131.0,140.0,140.0,168.0,179.0,179.0,203.0,215.0,226.0,291.0,309.0,310.0,348.0,380.0,472.0,514.0,523.0,555.0,557.0,673.0,687.0,727.0,730.0,756.0,764.0,792.0,795.0,821.0,840.0,844.0,855.0,863.0,900.0,951.0,
71.0,152.0,163.0,203.0,211.0,215.0,245.0,290.0,320.0,368.0,412.0,467.0,484.0,525.0,574.0,584.0,601.0,614.0,630.0,664.0,698.0,719.0,727.0,729.0,749.0,759.0,766.0,773.0,776.0,847.0,856.0,880.0,919.0,936.0,971.0,979.0,
28.0,38.0,127.0,163.0,226.0,269.0,300.0,307.0,325.0,325.0,352.0,392.0,455.0,464.0,483.0,490.0,506.0,515.0,523.0,540.0,541.0,572.0,575.0,578.0,600.0,603.0,708.0,713.0,758.0,807.0,814.0,821.0,863.0,901.0,913.0,993.0,
12.0,49.0,55.0,67.0,67.0,96.0,127.0,129.0,149.0,154.0,189.0,273.0,347.0,378.0,416.0,428.0,442.0,455.0,461.0,464.0,481.0,578.0,628.0,652.0,662.0,707.0,712.0,743.0,743.0,775.0,798.0,820.0,835.0,874.0,927.0,943.0,974.0,986.0,999.0,
11.0,27.0,48.0,56.0,60.0,89.0,108.0,167.0,224.0,232.0,237.0,268.0,299.0,304.0,341.0,350.0,389.0,400.0,401.0,439.0,486.0,585.0,593.0,610.0,610.0,641.0,643.0,649.0,652.0,678.0,688.0,705.0,715.0,726.0,767.0,782.0,878.0,880.0,881.0,916.0,962.0,
22.0,27.0,33.0,82.0,88.0,96.0,127.0,154.0,168.0,173.0,176.0,222.0,234.0,302.0,304.0,306.0,341.0,372.0,372.0,376.0,383.0,465.0,468.0,500.0,538.0,558.0,559.0,560.0,562.0,589.0,604.0,606.0,621.0,634.0,650.0,650.0,661.0,674.0,678.0,692.0,702.0,712.0,725.0,738.0,778.0,785.0,797.0,808.0,837.0,847.0,863.0,894.0,903.0,909.0,915.0,921.0,945.0,979.0,
19.0,32.0,38.0,57.0,58.0,63.0,137.0,143.0,193.0,209.0,236.0,287.0,305.0,319.0,329.0,416.0,447.0,470.0,489.0,491.0,506.0,512.0,522.0,524.0,525.0,527.0,532.0,533.0,535.0,543.0,545.0,547.0,549.0,554.0,560.0,581.0,585.0,595.0,599.0,602.0,608.0,629.0,637.0,654.0,661.0,672.0,691.0,696.0,698.0,714.0,721.0,737.0,738.0,746.0,756.0,773.0,784.0,791.0,800.0,800.0,810.0,835.0,844.0,845.0,848.0,854.0,856.0,871.0,904.0,909.0,924.0,936.0,967.0,987.0,
28.0,45.0,47.0,81.0,122.0,140.0,168.0,204.0,212.0,241.0,263.0,346.0,360.0,370.0,371.0,394.0,405.0,439.0,467.0,471.0,496.0,521.0,526.0,538.0,541.0,545.0,555.0,557.0,557.0,562.0,579.0,582.0,582.0,584.0,585.0,592.0,608.0,617.0,634.0,653.0,654.0,661.0,675.0,690.0,702.0,717.0,728.0,730.0,781.0,809.0,819.0,831.0,833.0,839.0,853.0,872.0,906.0,928.0,933.0,973.0,974.0,
10.0,21.0,59.0,78.0,98.0,139.0,196.0,204.0,207.0,287.0,333.0,341.0,346.0,348.0,385.0,424.0,454.0,471.0,490.0,511.0,529.0,529.0,540.0,553.0,554.0,557.0,560.0,561.0,567.0,573.0,580.0,581.0,581.0,595.0,602.0,603.0,613.0,627.0,638.0,662.0,669.0,694.0,711.0,718.0,738.0,763.0,771.0,774.0,776.0,807.0,820.0,843.0,867.0,898.0,910.0,930.0,936.0,946.0,958.0,961.0,993.0,
62.0,66.0,98.0,104.0,162.0,166.0,172.0,191.0,231.0,238.0,252.0,302.0,333.0,334.0,341.0,344.0,369.0,401.0,417.0,421.0,422.0,461.0,479.0,480.0,496.0,526.0,537.0,540.0,554.0,555.0,556.0,562.0,569.0,622.0,625.0,633.0,635.0,639.0,645.0,656.0,746.0,762.0,826.0,889.0,933.0,952.0,963.0,976.0,996.0,
18.0,20.0,55.0,74.0,79.0,117.0,197.0,200.0,200.0,208.0,212.0,219.0,242.0,246.0,254.0,262.0,357.0,389.0,408.0,429.0,443.0,446.0,462.0,467.0,474.0,558.0,571.0,571.0,613.0,618.0,621.0,663.0,671.0,725.0,735.0,945.0,
23.0,30.0,34.0,67.0,99.0,108.0,150.0,185.0,186.0,210.0,288.0,302.0,365.0,369.0,371.0,412.0,472.0,494.0,536.0,544.0,553.0,563.0,603.0,604.0,614.0,637.0,647.0,652.0,690.0,699.0,726.0,743.0,789.0,912.0,919.0,926.0,948.0,962.0,980.0,
38.0,66.0,101.0,105.0,151.0,169.0,203.0,239.0,251.0,259.0,311.0,333.0,396.0,421.0,427.0,466.0,498.0,541.0,609.0,622.0,679.0,686.0,707.0,714.0,719.0,726.0,744.0,755.0,792.0,795.0,797.0,840.0,930.0,956.0,971.0,992.0,
5.0,18.0,83.0,99.0,112.0,189.0,196.0,226.0,232.0,245.0,274.0,318.0,335.0,350.0,384.0,451.0,508.0,527.0,537.0,540.0,544.0,599.0,643.0,675.0,745.0,781.0,797.0,878.0,887.0,908.0,938.0,962.0,967.0,985.0,
13.0,50.0,56.0,69.0,75.0,92.0,93.0,140.0,172.0,196.0,216.0,269.0,331.0,337.0,348.0,369.0,423.0,450.0,467.0,478.0,488.0,507.0,552.0,562.0,566.0,613.0,615.0,629.0,644.0,856.0,859.0,859.0,898.0,918.0,927.0,953.0,956.0,972.0,
69.0,77.0,86.0,96.0,131.0,291.0,334.0,347.0,402.0,411.0,425.0,441.0,486.0,528.0,552.0,576.0,594.0,597.0,648.0,677.0,736.0,752.0,764.0,791.0,835.0,882.0,912.0,
38.0,47.0,122.0,130.0,157.0,165.0,198.0,255.0,273.0,278.0,358.0,365.0,368.0,381.0,420.0,427.0,461.0,464.0,508.0,519.0,522.0,533.0,533.0,540.0,541.0,551.0,552.0,555.0,560.0,562.0,579.0,581.0,589.0,590.0,592.0,597.0,600.0,601.0,604.0,606.0,613.0,627.0,636.0,661.0,662.0,682.0,699.0,713.0,716.0,728.0,753.0,754.0,760.0,767.0,771.0,777.0,788.0,788.0,802.0,808.0,810.0,814.0,816.0,816.0,817.0,844.0,847.0,864.0,883.0,884.0,889.0,907.0,908.0,926.0,926.0,943.0,959.0,965.0,968.0,973.0,975.0,982.0,
7.0,15.0,17.0,71.0,90.0,97.0,112.0,117.0,118.0,189.0,198.0,214.0,251.0,314.0,357.0,392.0,518.0,528.0,528.0,531.0,532.0,545.0,550.0,551.0,557.0,557.0,559.0,564.0,576.0,584.0,601.0,603.0,604.0,607.0,617.0,640.0,642.0,661.0,677.0,691.0,713.0,716.0,724.0,734.0,806.0,810.0,813.0,816.0,825.0,826.0,829.0,830.0,833.0,844.0,870.0,895.0,895.0,940.0,943.0,943.0,951.0,952.0,955.0,956.0,963.0,973.0,983.0,
38.0,84.0,92.0,115.0,118.0,121.0,192.0,207.0,213.0,224.0,307.0,321.0,357.0,363.0,375.0,410.0,415.0,422.0,429.0,432.0,445.0,446.0,470.0,485.0,521.0,527.0,531.0,532.0,532.0,537.0,543.0,544.0,550.0,553.0,554.0,557.0,559.0,563.0,572.0,580.0,595.0,602.0,603.0,610.0,625.0,629.0,632.0,633.0,639.0,671.0,682.0,686.0,699.0,703.0,732.0,737.0,741.0,759.0,783.0,795.0,817.0,820.0,834.0,851.0,860.0,875.0,878.0,887.0,895.0,895.0,908.0,909.0,935.0,938.0,949.0,965.0,971.0,978.0,983.0,992.0,
6.0,8.0,57.0,60.0,63.0,78.0,114.0,131.0,156.0,178.0,206.0,249.0,276.0,286.0,322.0,355.0,412.0,414.0,424.0,443.0,516.0,517.0,520.0,566.0,569.0,590.0,601.0,645.0,674.0,675.0,685.0,710.0,769.0,809.0,843.0,849.0,865.0,929.0,939.0,976.0,978.0,
88.0,90.0,104.0,128.0,143.0,164.0,168.0,213.0,274.0,305.0,309.0,353.0,364.0,435.0,481.0,510.0,555.0,592.0,605.0,626.0,641.0,659.0,700.0,730.0,779.0,863.0,892.0,899.0,932.0,973.0,991.0,995.0,1000.0,
7.0,19.0,21.0,35.0,42.0,43.0,44.0,47.0,49.0,54.0,61.0,123.0,243.0,260.0,260.0,346.0,384.0,445.0,473.0,504.0,519.0,597.0,597.0,612.0,638.0,725.0,781.0,789.0,800.0,823.0,836.0,885.0,889.0,892.0,969.0,992.0,997.0,
16.0,105.0,120.0,138.0,161.0,175.0,195.0,225.0,235.0,254.0,332.0,359.0,369.0,432.0,539.0,568.0,597.0,660.0,670.0,684.0,735.0,744.0,748.0,777.0,821.0,856.0,876.0,916.0,919.0,923.0,924.0,955.0,971.0,
41.0,70.0,78.0,115.0,138.0,164.0,219.0,227.0,253.0,289.0,332.0,346.0,363.0,434.0,559.0,569.0,573.0,579.0,583.0,607.0,631.0,648.0,652.0,694.0,698.0,737.0,743.0,777.0,801.0,817.0,822.0,844.0,856.0,874.0,913.0,936.0,
89.0,92.0,101.0,177.0,191.0,195.0,205.0,209.0,212.0,253.0,260.0,267.0,297.0,310.0,338.0,342.0,350.0,363.0,391.0,407.0,419.0,432.0,444.0,462.0,491.0,516.0,546.0,546.0,590.0,636.0,654.0,654.0,671.0,698.0,731.0,736.0,738.0,795.0,835.0,862.0,882.0,888.0,912.0,958.0,992.0,
48.0,75.0,100.0,130.0,131.0,146.0,166.0,175.0,193.0,208.0,273.0,278.0,286.0,332.0,357.0,372.0,372.0,378.0,378.0,481.0,483.0,494.0,509.0,523.0,531.0,634.0,641.0,723.0,755.0,821.0,859.0,905.0,986.0,
14.0,25.0,52.0,76.0,116.0,171.0,198.0,206.0,206.0,239.0,257.0,269.0,308.0,312.0,347.0,365.0,368.0,521.0,525.0,539.0,550.0,551.0,589.0,598.0,603.0,632.0,677.0,760.0,781.0,798.0,800.0,846.0,850.0,862.0,868.0,904.0,914.0,984.0,987.0,998.0,
17.0,79.0,172.0,193.0,201.0,208.0,219.0,231.0,254.0,281.0,291.0,292.0,341.0,393.0,423.0,506.0,514.0,525.0,536.0,552.0,557.0,576.0,579.0,595.0,615.0,678.0,683.0,692.0,700.0,727.0,737.0,747.0,778.0,787.0,790.0,803.0,805.0,816.0,821.0,827.0,842.0,849.0,867.0,910.0,914.0,915.0,919.0,941.0,990.0,
81.0,133.0,174.0,210.0,221.0,231.0,231.0,244.0,254.0,322.0,324.0,399.0,425.0,454.0,463.0,501.0,552.0,558.0,576.0,585.0,613.0,643.0,661.0,716.0,765.0,770.0,818.0,841.0,871.0,873.0,893.0,896.0,961.0,975.0,
31.0,39.0,53.0,63.0,86.0,92.0,107.0,109.0,140.0,178.0,205.0,214.0,322.0,338.0,363.0,367.0,378.0,378.0,381.0,394.0,439.0,460.0,469.0,554.0,555.0,628.0,791.0,817.0,972.0,986.0,
40.0,44.0,160.0,187.0,203.0,247.0,275.0,287.0,328.0,380.0,387.0,423.0,429.0,511.0,541.0,597.0,608.0,620.0,631.0,632.0,653.0,700.0,730.0,828.0,828.0,900.0,923.0,
4.0,21.0,31.0,72.0,154.0,175.0,200.0,216.0,217.0,253.0,315.0,330.0,368.0,376.0,376.0,399.0,400.0,401.0,401.0,418.0,431.0,437.0,479.0,480.0,506.0,584.0,588.0,592.0,598.0,598.0,650.0,652.0,664.0,696.0,717.0,776.0,828.0,855.0,870.0,885.0,895.0,898.0,912.0,960.0,988.0,
2.0,4.0,35.0,38.0,50.0,58.0,66.0,72.0,99.0,154.0,169.0,224.0,232.0,262.0,288.0,356.0,378.0,410.0,487.0,508.0,514.0,538.0,587.0,600.0,644.0,675.0,718.0,734.0,753.0,818.0,825.0,851.0,857.0,942.0,948.0,957.0,987.0,
26.0,36.0,77.0,170.0,250.0,255.0,266.0,293.0,309.0,332.0,337.0,374.0,436.0,478.0,484.0,511.0,534.0,541.0,557.0,561.0,628.0,634.0,661.0,701.0,705.0,727.0,776.0,795.0,817.0,859.0,863.0,901.0,905.0,965.0,967.0,
78.0,89.0,94.0,117.0,129.0,153.0,153.0,154.0,163.0,164.0,193.0,207.0,218.0,224.0,232.0,233.0,235.0,259.0,287.0,323.0,334.0,351.0,368.0,423.0,445.0,454.0,456.0,497.0,533.0,540.0,584.0,589.0,615.0,620.0,646.0,674.0,690.0,702.0,725.0,739.0,768.0,785.0,864.0,935.0,964.0,971.0,972.0,
4.0,26.0,40.0,50.0,51.0,76.0,99.0,101.0,108.0,132.0,145.0,228.0,229.0,318.0,334.0,345.0,390.0,401.0,421.0,460.0,509.0,547.0,551.0,570.0,574.0,608.0,627.0,663.0,672.0,679.0,710.0,719.0,728.0,737.0,767.0,838.0,844.0,860.0,869.0,923.0,969.0,975.0,
14.0,32.0,38.0,45.0,58.0,59.0,62.0,87.0,88.0,98.0,132.0,134.0,196.0,198.0,218.0,270.0,276.0,318.0,319.0,339.0,353.0,356.0,378.0,399.0,403.0,450.0,474.0,477.0,510.0,514.0,548.0,620.0,630.0,643.0,644.0,669.0,686.0,727.0,764.0,771.0,785.0,801.0,946.0,
36.0,50.0,80.0,93.0,107.0,121.0,178.0,200.0,202.0,214.0,239.0,261.0,263.0,291.0,374.0,406.0,439.0,462.0,493.0,516.0,522.0,528.0,560.0,574.0,581.0,623.0,646.0,673.0,675.0,676.0,708.0,785.0,834.0,865.0,884.0,901.0,913.0,915.0,926.0,986.0,993.0,
93.0,104.0,150.0,157.0,185.0,267.0,293.0,300.0,309.0,320.0,327.0,330.0,342.0,347.0,354.0,405.0,499.0,582.0,598.0,651.0,744.0,841.0,866.0,877.0,905.0,907.0,946.0,989.0,
16.0,22.0,112.0,144.0,165.0,169.0,169.0,183.0,232.0,307.0,310.0,337.0,342.0,350.0,375.0,392.0,416.0,452.0,455.0,480.0,508.0,529.0,567.0,569.0,629.0,633.0,641.0,654.0,654.0,665.0,684.0,712.0,713.0,879.0,909.0,923.0,993.0,998.0,
12.0,44.0,48.0,59.0,68.0,82.0,90.0,132.0,139.0,146.0,213.0,265.0,276.0,284.0,291.0,303.0,410.0,416.0,426.0,438.0,488.0,512.0,552.0,553.0,642.0,654.0,685.0,707.0,716.0,743.0,754.0,757.0,820.0,830.0,835.0,835.0,854.0,898.0,904.0,930.0,948.0,
10.0,17.0,90.0,124.0,124.0,125.0,126.0,130.0,145.0,233.0,280.0,364.0,365.0,376.0,388.0,460.0,473.0,487.0,541.0,577.0,616.0,619.0,623.0,644.0,680.0,779.0,819.0,870.0,945.0,958.0,965.0,
8.0,26.0,49.0,62.0,96.0,168.0,173.0,179.0,208.0,217.0,238.0,239.0,262.0,276.0,293.0,296.0,318.0,318.0,327.0,338.0,381.0,387.0,388.0,456.0,471.0,502.0,527.0,547.0,552.0,556.0,580.0,591.0,648.0,648.0,676.0,696.0,718.0,730.0,742.0,748.0,777.0,843.0,847.0,849.0,867.0,927.0,958.0,962.0,972.0,988.0,998.0,
5.0,39.0,138.0,143.0,169.0,186.0,206.0,235.0,251.0,257.0,322.0,329.0,336.0,344.0,359.0,415.0,428.0,429.0,441.0,445.0,467.0,504.0,591.0,660.0,699.0,701.0,727.0,732.0,732.0,734.0,785.0,787.0,791.0,792.0,837.0,856.0,892.0,
36.0,40.0,56.0,62.0,72.0,112.0,157.0,186.0,202.0,205.0,230.0,256.0,261.0,278.0,294.0,334.0,356.0,423.0,477.0,486.0,497.0,523.0,534.0,567.0,592.0,625.0,656.0,708.0,802.0,823.0,826.0,856.0,869.0,881.0,950.0,978.0,989.0,
8.0,13.0,20.0,43.0,59.0,111.0,130.0,132.0,157.0,169.0,171.0,203.0,224.0,294.0,296.0,309.0,439.0,462.0,475.0,511.0,513.0,593.0,631.0,658.0,722.0,730.0,741.0,759.0,764.0,777.0,790.0,805.0,811.0,842.0,856.0,861.0,869.0,897.0,901.0,948.0,963.0,981.0,
39.0,42.0,81.0,87.0,106.0,258.0,275.0,290.0,334.0,345.0,397.0,421.0,465.0,479.0,541.0,560.0,562.0,576.0,589.0,597.0,626.0,628.0,653.0,726.0,730.0,810.0,841.0,877.0,908.0,949.0,979.0,
43.0,43.0,47.0,102.0,198.0,250.0,268.0,322.0,355.0,379.0,509.0,557.0,576.0,607.0,709.0,714.0,723.0,817.0,873.0,899.0,923.0,954.0,990.0,
8.0,43.0,152.0,154.0,213.0,232.0,245.0,272.0,280.0,308.0,336.0,352.0,353.0,358.0,386.0,457.0,485.0,544.0,547.0,613.0,656.0,673.0,714.0,741.0,767.0,790.0,805.0,860.0,928.0,946.0,979.0,992.0,
17.0,73.0,119.0,132.0,175.0,184.0,203.0,402.0,403.0,409.0,430.0,479.0,503.0,548.0,559.0,632.0,636.0,641.0,722.0,728.0,758.0,781.0,792.0,792.0,805.0,847.0,871.0,968.0,
26.0,56.0,110.0,130.0,155.0,184.0,261.0,267.0,328.0,329.0,377.0,377.0,387.0,407.0,417.0,439.0,466.0,468.0,553.0,557.0,560.0,580.0,584.0,585.0,588.0,611.0,620.0,644.0,686.0,694.0,714.0,745.0,749.0,790.0,795.0,849.0,852.0,862.0,895.0,935.0,937.0,975.0,977.0,
76.0,89.0,145.0,159.0,208.0,326.0,357.0,369.0,405.0,439.0,453.0,469.0,481.0,487.0,512.0,523.0,526.0,537.0,541.0,558.0,578.0,589.0,598.0,611.0,668.0,719.0,754.0,759.0,847.0,859.0,865.0,886.0,907.0,930.0,934.0,945.0,945.0,972.0,993.0,999.0,
