6.0,9.0,18.0,20.0,24.0,24.0,44.0,130.0,132.0,135.0,152.0,165.0,199.0,201.0,218.0,235.0,256.0,296.0,301.0,342.0,346.0,408.0,412.0,433.0,443.0,508.0,537.0,540.0,545.0,545.0,546.0,551.0,552.0,554.0,569.0,595.0,637.0,652.0,656.0,663.0,738.0,741.0,750.0,759.0,776.0,777.0,855.0,898.0,917.0,917.0,938.0,958.0,974.0,
38.0,44.0,44.0,54.0,80.0,130.0,146.0,197.0,229.0,266.0,273.0,279.0,280.0,287.0,337.0,367.0,386.0,406.0,525.0,560.0,564.0,607.0,643.0,657.0,676.0,739.0,749.0,774.0,813.0,817.0,856.0,884.0,889.0,931.0,933.0,940.0,988.0,
12.0,53.0,55.0,95.0,99.0,101.0,102.0,131.0,163.0,165.0,208.0,218.0,273.0,280.0,333.0,349.0,359.0,359.0,367.0,411.0,461.0,472.0,520.0,541.0,543.0,548.0,584.0,592.0,607.0,616.0,627.0,648.0,692.0,700.0,713.0,720.0,758.0,892.0,901.0,907.0,922.0,934.0,935.0,976.0,
8.0,16.0,20.0,27.0,64.0,75.0,91.0,109.0,209.0,267.0,287.0,312.0,317.0,330.0,361.0,369.0,418.0,465.0,475.0,510.0,549.0,584.0,596.0,646.0,655.0,698.0,711.0,735.0,748.0,775.0,787.0,798.0,810.0,819.0,861.0,895.0,899.0,959.0,
43.0,81.0,110.0,123.0,144.0,154.0,186.0,194.0,206.0,208.0,226.0,231.0,241.0,268.0,290.0,324.0,339.0,385.0,411.0,417.0,438.0,441.0,493.0,525.0,538.0,547.0,555.0,575.0,598.0,600.0,652.0,706.0,715.0,744.0,791.0,837.0,849.0,866.0,
32.0,139.0,151.0,169.0,174.0,238.0,242.0,317.0,326.0,341.0,354.0,442.0,458.0,555.0,565.0,637.0,658.0,682.0,798.0,806.0,816.0,825.0,856.0,870.0,927.0,943.0,974.0,
35.0,62.0,81.0,82.0,133.0,143.0,150.0,227.0,236.0,396.0,405.0,425.0,447.0,482.0,537.0,540.0,545.0,633.0,651.0,653.0,671.0,690.0,697.0,763.0,764.0,878.0,897.0,979.0,
36.0,50.0,96.0,128.0,162.0,166.0,191.0,217.0,221.0,222.0,241.0,242.0,308.0,317.0,325.0,447.0,484.0,491.0,504.0,574.0,691.0,696.0,729.0,745.0,760.0,813.0,850.0,873.0,885.0,921.0,925.0,930.0,940.0,954.0,956.0,969.0,
70.0,93.0,126.0,165.0,165.0,172.0,199.0,206.0,236.0,250.0,256.0,338.0,358.0,383.0,389.0,396.0,452.0,516.0,555.0,570.0,606.0,626.0,670.0,678.0,685.0,733.0,743.0,747.0,768.0,792.0,794.0,810.0,825.0,880.0,884.0,936.0,
13.0,21.0,106.0,120.0,140.0,154.0,157.0,158.0,172.0,183.0,218.0,252.0,268.0,287.0,289.0,319.0,332.0,349.0,371.0,398.0,416.0,452.0,478.0,594.0,602.0,686.0,776.0,792.0,813.0,835.0,835.0,855.0,907.0,915.0,917.0,919.0,939.0,988.0,996.0,999.0,
17.0,54.0,90.0,118.0,148.0,176.0,187.0,229.0,248.0,279.0,301.0,326.0,340.0,342.0,344.0,393.0,454.0,471.0,473.0,484.0,497.0,524.0,526.0,569.0,584.0,682.0,782.0,783.0,801.0,805.0,861.0,880.0,
6.0,19.0,31.0,57.0,80.0,84.0,113.0,113.0,113.0,151.0,158.0,187.0,203.0,210.0,272.0,286.0,315.0,316.0,357.0,443.0,454.0,471.0,477.0,479.0,559.0,562.0,568.0,612.0,639.0,648.0,674.0,677.0,788.0,789.0,833.0,838.0,849.0,880.0,883.0,901.0,911.0,938.0,963.0,974.0,983.0,985.0,
60.0,86.0,110.0,111.0,119.0,184.0,222.0,222.0,232.0,233.0,263.0,290.0,324.0,338.0,365.0,383.0,419.0,468.0,470.0,476.0,478.0,522.0,538.0,585.0,590.0,602.0,625.0,654.0,673.0,675.0,681.0,682.0,693.0,708.0,708.0,734.0,744.0,836.0,870.0,899.0,
14.0,73.0,110.0,180.0,200.0,221.0,249.0,271.0,276.0,310.0,320.0,332.0,353.0,363.0,374.0,401.0,456.0,496.0,609.0,636.0,669.0,688.0,717.0,728.0,739.0,853.0,880.0,895.0,924.0,953.0,957.0,
3.0,62.0,86.0,126.0,175.0,196.0,232.0,240.0,332.0,366.0,414.0,453.0,465.0,481.0,559.0,608.0,618.0,675.0,682.0,712.0,727.0,742.0,753.0,756.0,778.0,812.0,814.0,854.0,867.0,895.0,937.0,977.0,
94.0,107.0,111.0,192.0,237.0,283.0,283.0,318.0,341.0,376.0,382.0,402.0,405.0,456.0,460.0,460.0,466.0,549.0,576.0,619.0,624.0,659.0,735.0,735.0,747.0,776.0,813.0,818.0,891.0,913.0,972.0,973.0,
19.0,27.0,50.0,114.0,179.0,240.0,246.0,249.0,299.0,319.0,353.0,361.0,399.0,411.0,425.0,458.0,482.0,492.0,493.0,526.0,550.0,643.0,696.0,704.0,741.0,788.0,836.0,846.0,856.0,858.0,925.0,936.0,961.0,971.0,974.0,994.0,
7.0,7.0,45.0,59.0,75.0,97.0,140.0,141.0,207.0,252.0,274.0,281.0,424.0,435.0,452.0,465.0,475.0,485.0,504.0,505.0,510.0,512.0,536.0,554.0,564.0,644.0,684.0,688.0,692.0,742.0,760.0,761.0,775.0,807.0,818.0,827.0,830.0,832.0,836.0,869.0,897.0,928.0,945.0,958.0,972.0,1000.0,
12.0,24.0,27.0,28.0,30.0,61.0,107.0,180.0,218.0,223.0,228.0,268.0,318.0,360.0,369.0,384.0,418.0,423.0,428.0,470.0,484.0,517.0,524.0,536.0,576.0,586.0,600.0,618.0,621.0,637.0,661.0,695.0,705.0,722.0,775.0,778.0,781.0,847.0,895.0,928.0,940.0,996.0,
42.0,109.0,125.0,143.0,161.0,176.0,179.0,198.0,264.0,297.0,336.0,341.0,344.0,363.0,436.0,451.0,489.0,516.0,532.0,532.0,534.0,537.0,576.0,610.0,634.0,669.0,702.0,705.0,705.0,708.0,725.0,732.0,780.0,815.0,844.0,893.0,909.0,946.0,980.0,989.0,
3.0,54.0,132.0,198.0,210.0,243.0,248.0,287.0,429.0,430.0,443.0,468.0,485.0,509.0,527.0,580.0,581.0,588.0,598.0,600.0,608.0,622.0,654.0,663.0,714.0,742.0,752.0,779.0,817.0,849.0,914.0,922.0,961.0,
5.0,34.0,110.0,122.0,159.0,191.0,233.0,262.0,272.0,279.0,297.0,316.0,354.0,458.0,505.0,523.0,535.0,549.0,595.0,612.0,631.0,633.0,679.0,700.0,731.0,758.0,825.0,827.0,952.0,1000.0,
9.0,53.0,128.0,177.0,181.0,182.0,230.0,286.0,303.0,369.0,409.0,412.0,425.0,446.0,449.0,473.0,511.0,525.0,560.0,588.0,598.0,657.0,669.0,755.0,789.0,837.0,845.0,850.0,915.0,929.0,941.0,953.0,
23.0,51.0,102.0,126.0,144.0,183.0,221.0,232.0,240.0,254.0,271.0,314.0,353.0,370.0,399.0,420.0,538.0,550.0,558.0,558.0,604.0,607.0,607.0,632.0,636.0,674.0,722.0,756.0,810.0,864.0,866.0,931.0,981.0,
9.0,19.0,31.0,32.0,80.0,113.0,124.0,170.0,214.0,234.0,234.0,241.0,255.0,283.0,318.0,354.0,379.0,395.0,396.0,405.0,442.0,552.0,559.0,563.0,722.0,752.0,789.0,797.0,801.0,817.0,871.0,886.0,925.0,990.0,
65.0,145.0,171.0,239.0,244.0,260.0,269.0,285.0,335.0,341.0,359.0,415.0,445.0,456.0,494.0,560.0,578.0,598.0,633.0,682.0,695.0,744.0,774.0,964.0,985.0,
36.0,70.0,100.0,102.0,158.0,166.0,176.0,177.0,275.0,289.0,309.0,311.0,326.0,355.0,356.0,371.0,384.0,392.0,392.0,411.0,485.0,486.0,535.0,539.0,578.0,586.0,587.0,668.0,683.0,725.0,736.0,752.0,814.0,821.0,822.0,825.0,968.0,
60.0,62.0,65.0,86.0,96.0,107.0,108.0,154.0,154.0,159.0,221.0,255.0,305.0,306.0,307.0,318.0,321.0,359.0,361.0,364.0,371.0,392.0,402.0,428.0,518.0,543.0,620.0,637.0,670.0,680.0,728.0,746.0,758.0,767.0,784.0,791.0,848.0,860.0,862.0,894.0,896.0,913.0,973.0,
38.0,58.0,95.0,102.0,107.0,150.0,161.0,185.0,201.0,204.0,210.0,333.0,367.0,385.0,428.0,428.0,456.0,470.0,501.0,515.0,518.0,571.0,597.0,603.0,629.0,636.0,755.0,789.0,860.0,867.0,868.0,888.0,996.0,
5.0,37.0,75.0,90.0,96.0,121.0,145.0,225.0,279.0,312.0,357.0,364.0,376.0,406.0,406.0,417.0,484.0,493.0,536.0,597.0,629.0,638.0,654.0,717.0,736.0,785.0,800.0,894.0,897.0,941.0,981.0,983.0,989.0,
19.0,20.0,21.0,69.0,81.0,85.0,109.0,155.0,187.0,212.0,220.0,283.0,292.0,333.0,351.0,419.0,424.0,427.0,433.0,453.0,476.0,480.0,488.0,509.0,521.0,532.0,598.0,638.0,699.0,709.0,824.0,864.0,971.0,976.0,983.0,
103.0,109.0,143.0,160.0,192.0,221.0,240.0,242.0,255.0,271.0,342.0,359.0,388.0,399.0,418.0,447.0,458.0,512.0,533.0,542.0,563.0,570.0,571.0,591.0,613.0,641.0,682.0,731.0,816.0,860.0,912.0,930.0,974.0,983.0,988.0,996.0,
8.0,33.0,35.0,36.0,47.0,116.0,124.0,164.0,205.0,257.0,277.0,282.0,308.0,325.0,326.0,343.0,393.0,418.0,418.0,428.0,443.0,467.0,480.0,501.0,510.0,538.0,566.0,635.0,641.0,697.0,703.0,736.0,739.0,740.0,787.0,816.0,841.0,842.0,863.0,874.0,918.0,925.0,968.0,989.0,
17.0,58.0,98.0,109.0,114.0,151.0,165.0,166.0,178.0,227.0,257.0,282.0,333.0,336.0,369.0,379.0,408.0,430.0,447.0,454.0,474.0,476.0,497.0,503.0,533.0,605.0,625.0,700.0,727.0,823.0,844.0,894.0,945.0,959.0,
7.0,49.0,62.0,69.0,71.0,86.0,133.0,147.0,150.0,173.0,174.0,181.0,196.0,207.0,212.0,237.0,275.0,298.0,322.0,354.0,373.0,465.0,474.0,477.0,523.0,536.0,560.0,566.0,601.0,607.0,620.0,637.0,676.0,691.0,707.0,710.0,713.0,728.0,773.0,796.0,854.0,856.0,858.0,943.0,960.0,
2.0,5.0,23.0,28.0,34.0,56.0,96.0,102.0,133.0,133.0,196.0,199.0,200.0,206.0,212.0,259.0,281.0,316.0,318.0,348.0,409.0,411.0,433.0,438.0,464.0,473.0,514.0,526.0,534.0,544.0,587.0,599.0,644.0,645.0,647.0,742.0,743.0,849.0,932.0,978.0,983.0,
17.0,41.0,58.0,97.0,111.0,112.0,124.0,175.0,252.0,278.0,292.0,299.0,373.0,396.0,441.0,471.0,506.0,520.0,554.0,610.0,684.0,693.0,700.0,785.0,802.0,818.0,845.0,895.0,897.0,922.0,925.0,944.0,982.0,986.0,996.0,
27.0,62.0,68.0,86.0,92.0,108.0,117.0,207.0,224.0,257.0,300.0,379.0,398.0,410.0,430.0,517.0,530.0,558.0,565.0,623.0,664.0,720.0,729.0,751.0,779.0,821.0,837.0,897.0,958.0,969.0,
30.0,35.0,55.0,76.0,94.0,130.0,136.0,137.0,153.0,178.0,241.0,247.0,275.0,308.0,328.0,336.0,341.0,349.0,419.0,508.0,508.0,542.0,551.0,586.0,590.0,596.0,624.0,642.0,643.0,669.0,674.0,674.0,707.0,779.0,813.0,814.0,842.0,846.0,859.0,862.0,901.0,916.0,946.0,949.0,1000.0,
51.0,69.0,72.0,94.0,135.0,157.0,158.0,208.0,225.0,246.0,300.0,338.0,345.0,380.0,386.0,392.0,517.0,563.0,598.0,613.0,613.0,671.0,681.0,740.0,772.0,784.0,893.0,902.0,908.0,909.0,928.0,995.0,
47.0,55.0,117.0,120.0,211.0,244.0,300.0,352.0,371.0,380.0,445.0,482.0,504.0,509.0,526.0,547.0,567.0,575.0,581.0,606.0,643.0,676.0,700.0,720.0,813.0,839.0,852.0,869.0,903.0,952.0,955.0,
76.0,78.0,110.0,117.0,118.0,136.0,143.0,168.0,193.0,198.0,205.0,239.0,261.0,264.0,270.0,280.0,295.0,301.0,305.0,311.0,353.0,363.0,375.0,383.0,405.0,463.0,561.0,562.0,565.0,611.0,623.0,644.0,654.0,670.0,743.0,770.0,826.0,839.0,842.0,846.0,850.0,861.0,892.0,910.0,910.0,922.0,973.0,996.0,
71.0,93.0,136.0,139.0,162.0,181.0,188.0,249.0,260.0,307.0,344.0,362.0,367.0,395.0,397.0,431.0,473.0,476.0,484.0,499.0,548.0,560.0,582.0,646.0,678.0,726.0,747.0,769.0,791.0,897.0,932.0,
31.0,93.0,98.0,112.0,137.0,171.0,184.0,211.0,288.0,316.0,333.0,335.0,348.0,357.0,399.0,404.0,487.0,494.0,498.0,499.0,501.0,503.0,541.0,541.0,566.0,566.0,574.0,597.0,605.0,639.0,752.0,764.0,777.0,780.0,789.0,800.0,806.0,844.0,902.0,907.0,984.0,997.0,1000.0,
46.0,118.0,192.0,200.0,214.0,226.0,247.0,313.0,331.0,345.0,367.0,440.0,443.0,446.0,451.0,498.0,500.0,528.0,535.0,538.0,538.0,539.0,541.0,549.0,552.0,557.0,561.0,572.0,575.0,583.0,589.0,594.0,603.0,661.0,678.0,684.0,693.0,705.0,715.0,727.0,737.0,745.0,757.0,774.0,816.0,831.0,833.0,837.0,840.0,842.0,856.0,872.0,885.0,889.0,892.0,892.0,907.0,928.0,931.0,951.0,957.0,962.0,988.0,
34.0,68.0,87.0,140.0,144.0,166.0,170.0,171.0,172.0,189.0,231.0,232.0,257.0,296.0,308.0,317.0,331.0,347.0,406.0,408.0,440.0,451.0,458.0,464.0,475.0,493.0,525.0,529.0,530.0,539.0,541.0,542.0,547.0,555.0,556.0,560.0,565.0,569.0,571.0,572.0,583.0,592.0,593.0,604.0,611.0,611.0,619.0,631.0,641.0,647.0,651.0,651.0,652.0,666.0,667.0,698.0,706.0,709.0,711.0,721.0,722.0,729.0,741.0,753.0,761.0,786.0,798.0,798.0,807.0,825.0,828.0,877.0,882.0,889.0,893.0,909.0,948.0,959.0,966.0,977.0,988.0,990.0,
29.0,34.0,52.0,77.0,88.0,114.0,143.0,192.0,211.0,226.0,251.0,304.0,317.0,330.0,385.0,387.0,396.0,409.0,479.0,495.0,500.0,523.0,535.0,539.0,544.0,544.0,546.0,548.0,555.0,556.0,557.0,561.0,566.0,566.0,573.0,590.0,599.0,606.0,613.0,615.0,619.0,619.0,626.0,627.0,628.0,632.0,638.0,645.0,646.0,646.0,665.0,666.0,688.0,692.0,752.0,786.0,786.0,790.0,804.0,845.0,847.0,862.0,892.0,902.0,903.0,907.0,922.0,938.0,956.0,981.0,982.0,987.0,993.0,
13.0,20.0,34.0,60.0,102.0,107.0,112.0,120.0,138.0,159.0,201.0,256.0,265.0,267.0,281.0,316.0,318.0,338.0,349.0,357.0,372.0,446.0,461.0,492.0,534.0,535.0,543.0,551.0,557.0,584.0,611.0,614.0,630.0,637.0,697.0,725.0,747.0,780.0,793.0,800.0,817.0,851.0,864.0,872.0,909.0,921.0,944.0,962.0,
2.0,3.0,4.0,30.0,48.0,61.0,63.0,69.0,90.0,91.0,139.0,151.0,156.0,231.0,239.0,284.0,324.0,329.0,368.0,487.0,500.0,567.0,645.0,706.0,779.0,816.0,819.0,823.0,865.0,878.0,893.0,909.0,955.0,963.0,965.0,
26.0,31.0,34.0,35.0,56.0,80.0,102.0,104.0,129.0,172.0,182.0,266.0,281.0,284.0,301.0,334.0,336.0,350.0,407.0,460.0,461.0,498.0,520.0,542.0,550.0,551.0,557.0,658.0,680.0,717.0,760.0,819.0,839.0,894.0,910.0,941.0,957.0,966.0,973.0,995.0,
14.0,14.0,27.0,58.0,89.0,122.0,175.0,244.0,259.0,283.0,284.0,288.0,291.0,307.0,307.0,331.0,413.0,426.0,435.0,439.0,470.0,485.0,486.0,488.0,543.0,597.0,607.0,670.0,674.0,703.0,708.0,717.0,723.0,725.0,749.0,810.0,810.0,812.0,827.0,828.0,844.0,902.0,940.0,
2.0,16.0,35.0,36.0,55.0,115.0,143.0,147.0,155.0,187.0,195.0,239.0,250.0,253.0,253.0,265.0,290.0,331.0,369.0,476.0,477.0,549.0,556.0,568.0,600.0,613.0,619.0,664.0,665.0,697.0,735.0,968.0,973.0,
43.0,105.0,126.0,142.0,179.0,180.0,214.0,276.0,329.0,345.0,361.0,488.0,503.0,511.0,624.0,640.0,662.0,678.0,710.0,717.0,719.0,816.0,821.0,856.0,876.0,886.0,920.0,939.0,974.0,
27.0,36.0,80.0,90.0,122.0,178.0,197.0,231.0,237.0,301.0,344.0,360.0,366.0,374.0,464.0,521.0,527.0,533.0,552.0,568.0,628.0,642.0,706.0,726.0,761.0,771.0,796.0,803.0,839.0,846.0,849.0,874.0,932.0,934.0,950.0,973.0,974.0,983.0,993.0,
4.0,21.0,74.0,143.0,159.0,221.0,246.0,260.0,329.0,342.0,393.0,442.0,465.0,492.0,514.0,530.0,530.0,531.0,532.0,532.0,533.0,536.0,540.0,543.0,550.0,554.0,558.0,562.0,564.0,570.0,575.0,575.0,578.0,578.0,586.0,600.0,603.0,620.0,628.0,637.0,637.0,643.0,645.0,649.0,652.0,660.0,662.0,662.0,666.0,668.0,679.0,687.0,696.0,699.0,709.0,719.0,726.0,756.0,765.0,769.0,769.0,772.0,783.0,786.0,789.0,814.0,817.0,819.0,833.0,834.0,835.0,838.0,839.0,898.0,909.0,911.0,938.0,944.0,958.0,985.0,989.0,999.0,
63.0,127.0,149.0,157.0,251.0,257.0,265.0,277.0,286.0,289.0,354.0,356.0,365.0,380.0,387.0,446.0,511.0,515.0,517.0,522.0,525.0,526.0,530.0,545.0,551.0,553.0,559.0,566.0,568.0,568.0,571.0,579.0,581.0,593.0,603.0,631.0,644.0,650.0,653.0,653.0,663.0,663.0,675.0,704.0,713.0,729.0,751.0,752.0,821.0,841.0,857.0,871.0,872.0,873.0,906.0,906.0,906.0,908.0,917.0,932.0,935.0,946.0,963.0,974.0,980.0,
10.0,47.0,64.0,126.0,168.0,201.0,204.0,206.0,227.0,291.0,325.0,328.0,391.0,427.0,463.0,491.0,512.0,515.0,525.0,528.0,532.0,533.0,537.0,546.0,551.0,555.0,580.0,583.0,590.0,594.0,596.0,613.0,619.0,620.0,626.0,630.0,644.0,656.0,661.0,661.0,669.0,673.0,674.0,700.0,717.0,721.0,735.0,750.0,763.0,763.0,767.0,779.0,783.0,788.0,819.0,847.0,864.0,869.0,880.0,892.0,920.0,934.0,967.0,984.0,987.0,
41.0,61.0,163.0,167.0,171.0,208.0,226.0,252.0,280.0,295.0,372.0,375.0,382.0,384.0,418.0,421.0,465.0,493.0,528.0,538.0,542.0,544.0,578.0,579.0,583.0,598.0,602.0,609.0,620.0,696.0,720.0,742.0,758.0,762.0,772.0,775.0,798.0,822.0,831.0,860.0,864.0,866.0,874.0,895.0,932.0,957.0,974.0,
36.0,38.0,92.0,106.0,114.0,144.0,154.0,183.0,217.0,287.0,350.0,353.0,371.0,437.0,457.0,481.0,501.0,587.0,643.0,671.0,684.0,690.0,700.0,768.0,854.0,880.0,887.0,
41.0,68.0,135.0,153.0,154.0,160.0,173.0,236.0,241.0,285.0,312.0,481.0,549.0,565.0,573.0,581.0,582.0,611.0,629.0,668.0,671.0,734.0,745.0,916.0,927.0,935.0,942.0,957.0,963.0,974.0,
2.0,52.0,85.0,164.0,176.0,187.0,227.0,231.0,232.0,260.0,267.0,327.0,347.0,448.0,458.0,469.0,473.0,475.0,508.0,513.0,536.0,578.0,634.0,648.0,649.0,668.0,700.0,767.0,787.0,791.0,801.0,816.0,823.0,823.0,916.0,927.0,937.0,941.0,946.0,976.0,999.0,
3.0,35.0,59.0,70.0,71.0,96.0,129.0,183.0,191.0,208.0,210.0,235.0,243.0,248.0,269.0,277.0,280.0,288.0,295.0,328.0,328.0,337.0,355.0,377.0,378.0,433.0,435.0,458.0,510.0,526.0,575.0,584.0,592.0,643.0,663.0,666.0,687.0,703.0,750.0,848.0,859.0,891.0,897.0,960.0,974.0,
23.0,29.0,99.0,103.0,121.0,135.0,194.0,326.0,357.0,400.0,406.0,431.0,450.0,478.0,493.0,535.0,537.0,552.0,587.0,591.0,634.0,636.0,641.0,643.0,658.0,887.0,986.0,999.0,
31.0,116.0,145.0,163.0,201.0,264.0,314.0,327.0,336.0,366.0,381.0,399.0,504.0,511.0,514.0,531.0,564.0,566.0,579.0,582.0,585.0,587.0,591.0,598.0,623.0,642.0,645.0,649.0,664.0,697.0,756.0,767.0,880.0,904.0,940.0,946.0,973.0,
13.0,30.0,85.0,111.0,132.0,165.0,195.0,225.0,233.0,234.0,243.0,290.0,312.0,313.0,444.0,450.0,452.0,465.0,480.0,481.0,533.0,541.0,543.0,545.0,567.0,570.0,576.0,577.0,586.0,587.0,589.0,597.0,601.0,610.0,613.0,623.0,631.0,632.0,639.0,642.0,660.0,665.0,671.0,684.0,687.0,691.0,704.0,706.0,710.0,719.0,722.0,730.0,731.0,738.0,779.0,782.0,798.0,800.0,814.0,847.0,849.0,852.0,860.0,873.0,879.0,880.0,883.0,891.0,894.0,897.0,906.0,918.0,920.0,927.0,936.0,948.0,971.0,976.0,
25.0,35.0,46.0,57.0,57.0,59.0,60.0,88.0,102.0,165.0,204.0,265.0,360.0,380.0,392.0,471.0,530.0,532.0,532.0,534.0,538.0,544.0,545.0,549.0,556.0,560.0,564.0,576.0,577.0,577.0,578.0,585.0,586.0,598.0,602.0,608.0,626.0,637.0,640.0,640.0,664.0,677.0,678.0,683.0,697.0,706.0,719.0,725.0,731.0,750.0,778.0,802.0,802.0,807.0,815.0,817.0,828.0,846.0,854.0,868.0,881.0,885.0,925.0,941.0,959.0,968.0,985.0,988.0,
55.0,76.0,114.0,130.0,144.0,144.0,165.0,196.0,257.0,314.0,337.0,340.0,370.0,390.0,399.0,401.0,425.0,435.0,447.0,518.0,531.0,536.0,542.0,542.0,558.0,562.0,570.0,572.0,579.0,580.0,606.0,607.0,622.0,630.0,636.0,645.0,646.0,670.0,698.0,703.0,711.0,712.0,724.0,731.0,746.0,759.0,795.0,805.0,806.0,811.0,815.0,819.0,858.0,858.0,877.0,889.0,891.0,908.0,922.0,925.0,928.0,934.0,957.0,985.0,998.0,
52.0,92.0,92.0,108.0,116.0,234.0,265.0,333.0,339.0,350.0,369.0,478.0,525.0,541.0,565.0,569.0,577.0,709.0,727.0,728.0,758.0,833.0,845.0,870.0,967.0,986.0,993.0,
18.0,43.0,55.0,131.0,131.0,138.0,141.0,150.0,239.0,245.0,321.0,339.0,364.0,427.0,440.0,447.0,450.0,536.0,570.0,680.0,683.0,700.0,783.0,797.0,838.0,845.0,862.0,890.0,910.0,959.0,970.0,995.0,
16.0,42.0,50.0,133.0,159.0,186.0,192.0,204.0,232.0,252.0,278.0,383.0,390.0,445.0,498.0,554.0,560.0,566.0,601.0,615.0,619.0,619.0,702.0,708.0,730.0,760.0,804.0,852.0,880.0,893.0,
7.0,16.0,36.0,52.0,57.0,95.0,95.0,108.0,131.0,145.0,179.0,180.0,187.0,212.0,228.0,238.0,241.0,251.0,273.0,289.0,317.0,317.0,352.0,352.0,364.0,405.0,518.0,555.0,654.0,657.0,676.0,694.0,711.0,734.0,787.0,788.0,797.0,854.0,856.0,879.0,884.0,891.0,894.0,916.0,930.0,
2.0,4.0,42.0,46.0,48.0,56.0,69.0,70.0,70.0,87.0,91.0,108.0,137.0,187.0,217.0,238.0,269.0,312.0,325.0,370.0,383.0,403.0,423.0,424.0,457.0,516.0,531.0,534.0,545.0,581.0,648.0,674.0,676.0,696.0,696.0,715.0,727.0,737.0,738.0,764.0,856.0,866.0,881.0,889.0,955.0,986.0,
5.0,38.0,128.0,166.0,190.0,194.0,247.0,285.0,330.0,363.0,402.0,432.0,443.0,467.0,487.0,488.0,505.0,519.0,528.0,535.0,562.0,710.0,711.0,721.0,724.0,736.0,738.0,747.0,757.0,774.0,777.0,859.0,860.0,864.0,881.0,969.0,973.0,988.0,
13.0,57.0,62.0,114.0,127.0,140.0,179.0,180.0,256.0,264.0,288.0,320.0,335.0,352.0,358.0,453.0,456.0,521.0,527.0,560.0,701.0,704.0,767.0,774.0,775.0,775.0,805.0,864.0,873.0,974.0,977.0,
22.0,44.0,61.0,78.0,104.0,167.0,188.0,224.0,226.0,254.0,257.0,259.0,263.0,284.0,324.0,371.0,390.0,411.0,422.0,436.0,442.0,496.0,579.0,607.0,621.0,622.0,644.0,727.0,861.0,909.0,927.0,965.0,
25.0,26.0,28.0,48.0,79.0,101.0,131.0,136.0,159.0,165.0,177.0,184.0,207.0,228.0,242.0,243.0,323.0,327.0,338.0,340.0,394.0,397.0,410.0,439.0,496.0,516.0,556.0,556.0,556.0,563.0,574.0,574.0,599.0,617.0,628.0,643.0,645.0,647.0,657.0,663.0,665.0,695.0,699.0,734.0,734.0,735.0,737.0,799.0,800.0,831.0,837.0,882.0,921.0,925.0,926.0,944.0,973.0,974.0,975.0,978.0,1000.0,
218.0,220.0,242.0,260.0,278.0,287.0,350.0,366.0,367.0,473.0,499.0,557.0,569.0,571.0,578.0,578.0,589.0,592.0,603.0,619.0,620.0,637.0,649.0,671.0,706.0,707.0,773.0,794.0,885.0,
34.0,65.0,179.0,208.0,208.0,219.0,223.0,232.0,265.0,315.0,327.0,353.0,414.0,453.0,465.0,502.0,523.0,539.0,560.0,566.0,591.0,613.0,651.0,674.0,737.0,764.0,796.0,812.0,849.0,890.0,903.0,950.0,952.0,968.0,992.0,993.0,
10.0,33.0,45.0,105.0,112.0,147.0,240.0,244.0,267.0,349.0,351.0,370.0,447.0,551.0,563.0,612.0,621.0,630.0,631.0,667.0,709.0,718.0,731.0,732.0,735.0,771.0,798.0,812.0,842.0,892.0,896.0,909.0,931.0,947.0,
56.0,59.0,142.0,157.0,165.0,168.0,190.0,232.0,249.0,272.0,282.0,306.0,363.0,367.0,410.0,466.0,469.0,478.0,479.0,484.0,540.0,586.0,608.0,629.0,630.0,640.0,648.0,686.0,692.0,752.0,801.0,830.0,850.0,908.0,943.0,958.0,994.0,997.0,
71.0,75.0,80.0,188.0,202.0,216.0,218.0,239.0,250.0,268.0,280.0,282.0,328.0,414.0,416.0,440.0,446.0,450.0,477.0,478.0,550.0,581.0,583.0,585.0,601.0,604.0,610.0,630.0,642.0,644.0,671.0,684.0,708.0,709.0,734.0,810.0,819.0,882.0,883.0,884.0,921.0,922.0,989.0,
45.0,82.0,106.0,126.0,161.0,217.0,223.0,250.0,280.0,311.0,374.0,384.0,424.0,435.0,453.0,483.0,485.0,496.0,499.0,503.0,508.0,512.0,535.0,573.0,591.0,609.0,620.0,633.0,657.0,686.0,689.0,721.0,787.0,797.0,798.0,799.0,824.0,854.0,884.0,898.0,911.0,917.0,923.0,932.0,
92.0,144.0,170.0,217.0,239.0,250.0,252.0,298.0,309.0,335.0,347.0,358.0,362.0,407.0,419.0,421.0,434.0,486.0,521.0,530.0,540.0,572.0,581.0,590.0,591.0,591.0,643.0,646.0,658.0,661.0,672.0,690.0,715.0,732.0,738.0,758.0,769.0,771.0,774.0,784.0,794.0,909.0,958.0,974.0,983.0,
8.0,101.0,108.0,119.0,161.0,195.0,198.0,233.0,239.0,258.0,270.0,281.0,318.0,406.0,415.0,418.0,433.0,497.0,500.0,529.0,572.0,592.0,597.0,631.0,644.0,676.0,684.0,704.0,719.0,719.0,720.0,749.0,762.0,780.0,788.0,795.0,857.0,859.0,859.0,889.0,901.0,917.0,989.0,
28.0,30.0,63.0,117.0,118.0,145.0,145.0,179.0,185.0,188.0,208.0,219.0,233.0,338.0,382.0,384.0,467.0,475.0,499.0,504.0,544.0,611.0,682.0,718.0,806.0,828.0,879.0,892.0,926.0,930.0,956.0,
9.0,46.0,78.0,163.0,177.0,186.0,324.0,406.0,420.0,433.0,518.0,558.0,582.0,655.0,682.0,736.0,742.0,779.0,807.0,878.0,896.0,900.0,970.0,
26.0,37.0,121.0,133.0,148.0,157.0,170.0,220.0,224.0,298.0,303.0,322.0,329.0,356.0,384.0,427.0,483.0,486.0,499.0,528.0,604.0,633.0,660.0,688.0,720.0,765.0,831.0,863.0,956.0,960.0,963.0,968.0,975.0,1000.0,
15.0,50.0,166.0,187.0,286.0,286.0,287.0,325.0,338.0,351.0,415.0,419.0,473.0,528.0,617.0,649.0,653.0,660.0,691.0,716.0,761.0,773.0,807.0,836.0,892.0,911.0,947.0,953.0,990.0,994.0,
44.0,159.0,201.0,211.0,221.0,224.0,260.0,342.0,343.0,346.0,387.0,391.0,505.0,543.0,566.0,568.0,593.0,600.0,640.0,659.0,661.0,707.0,708.0,751.0,779.0,807.0,815.0,999.0,
10.0,14.0,21.0,29.0,35.0,36.0,46.0,99.0,108.0,114.0,178.0,220.0,224.0,276.0,309.0,377.0,386.0,389.0,432.0,452.0,466.0,477.0,494.0,500.0,503.0,526.0,527.0,533.0,563.0,582.0,584.0,623.0,649.0,665.0,675.0,761.0,773.0,791.0,835.0,851.0,910.0,961.0,977.0,978.0,979.0,989.0,
76.0,92.0,135.0,144.0,164.0,167.0,177.0,178.0,180.0,206.0,311.0,334.0,384.0,417.0,502.0,557.0,602.0,662.0,677.0,688.0,695.0,752.0,773.0,791.0,795.0,811.0,814.0,814.0,829.0,831.0,836.0,859.0,906.0,927.0,931.0,932.0,932.0,938.0,959.0,967.0,981.0,982.0,999.0,
9.0,51.0,72.0,100.0,102.0,112.0,118.0,245.0,252.0,288.0,296.0,306.0,316.0,340.0,368.0,408.0,418.0,488.0,505.0,581.0,616.0,636.0,639.0,710.0,736.0,751.0,824.0,863.0,923.0,924.0,973.0,978.0,987.0,
41.0,75.0,86.0,129.0,140.0,153.0,155.0,192.0,217.0,317.0,352.0,368.0,413.0,416.0,451.0,461.0,471.0,475.0,503.0,526.0,529.0,548.0,564.0,567.0,580.0,633.0,634.0,643.0,647.0,654.0,679.0,699.0,713.0,715.0,718.0,811.0,815.0,844.0,927.0,968.0,968.0,986.0,989.0,999.0,
17.0,127.0,148.0,162.0,165.0,184.0,242.0,260.0,264.0,289.0,294.0,300.0,320.0,339.0,352.0,386.0,443.0,445.0,463.0,469.0,494.0,498.0,526.0,568.0,616.0,619.0,673.0,688.0,703.0,749.0,757.0,819.0,916.0,930.0,952.0,997.0,
19.0,30.0,45.0,74.0,90.0,97.0,101.0,141.0,166.0,177.0,208.0,211.0,226.0,259.0,272.0,301.0,329.0,355.0,378.0,388.0,499.0,533.0,552.0,570.0,575.0,582.0,620.0,665.0,745.0,761.0,764.0,839.0,853.0,900.0,957.0,959.0,963.0,988.0,
121.0,169.0,206.0,242.0,285.0,350.0,357.0,386.0,448.0,494.0,525.0,526.0,674.0,683.0,740.0,752.0,755.0,809.0,865.0,913.0,974.0,
10.0,36.0,90.0,116.0,154.0,165.0,169.0,256.0,293.0,326.0,329.0,332.0,338.0,341.0,361.0,385.0,392.0,412.0,415.0,417.0,436.0,449.0,462.0,490.0,494.0,502.0,503.0,506.0,510.0,512.0,537.0,548.0,579.0,587.0,592.0,660.0,729.0,754.0,925.0,986.0,999.0,
6.0,8.0,18.0,19.0,43.0,56.0,82.0,94.0,118.0,124.0,153.0,169.0,185.0,316.0,360.0,366.0,393.0,396.0,405.0,467.0,524.0,532.0,535.0,564.0,565.0,569.0,580.0,609.0,628.0,644.0,650.0,680.0,701.0,711.0,791.0,837.0,838.0,863.0,938.0,
12.0,13.0,17.0,31.0,114.0,129.0,224.0,234.0,244.0,260.0,287.0,306.0,421.0,454.0,488.0,489.0,505.0,519.0,526.0,534.0,543.0,556.0,570.0,573.0,582.0,670.0,691.0,754.0,855.0,900.0,917.0,
20.0,40.0,84.0,133.0,152.0,174.0,182.0,190.0,199.0,201.0,205.0,217.0,238.0,260.0,260.0,278.0,319.0,404.0,411.0,427.0,429.0,435.0,472.0,479.0,508.0,518.0,524.0,549.0,608.0,616.0,638.0,665.0,720.0,742.0,842.0,892.0,907.0,920.0,940.0,943.0,985.0,987.0,987.0,
