19.0,26.0,29.0,54.0,109.0,113.0,134.0,193.0,210.0,246.0,251.0,261.0,299.0,340.0,368.0,396.0,429.0,450.0,466.0,489.0,584.0,586.0,587.0,595.0,609.0,631.0,643.0,656.0,661.0,662.0,664.0,671.0,700.0,744.0,805.0,846.0,878.0,903.0,939.0,962.0,990.0,993.0,
72.0,106.0,134.0,147.0,161.0,167.0,179.0,199.0,262.0,276.0,281.0,304.0,308.0,332.0,339.0,345.0,350.0,361.0,380.0,385.0,426.0,432.0,458.0,498.0,520.0,558.0,609.0,617.0,618.0,620.0,625.0,631.0,632.0,649.0,733.0,748.0,760.0,762.0,767.0,827.0,849.0,860.0,877.0,917.0,936.0,948.0,972.0,982.0,
10.0,37.0,50.0,68.0,140.0,141.0,152.0,185.0,199.0,235.0,306.0,337.0,385.0,386.0,414.0,442.0,516.0,556.0,586.0,645.0,656.0,684.0,742.0,755.0,763.0,826.0,841.0,844.0,891.0,899.0,973.0,976.0,
21.0,50.0,51.0,56.0,166.0,174.0,190.0,193.0,202.0,211.0,222.0,249.0,311.0,327.0,354.0,367.0,378.0,417.0,557.0,602.0,662.0,698.0,709.0,780.0,812.0,845.0,859.0,926.0,943.0,968.0,994.0,999.0,
30.0,92.0,135.0,152.0,190.0,277.0,287.0,301.0,306.0,306.0,362.0,386.0,405.0,430.0,433.0,450.0,472.0,474.0,478.0,488.0,522.0,628.0,640.0,667.0,703.0,707.0,727.0,728.0,731.0,768.0,797.0,800.0,808.0,871.0,904.0,930.0,956.0,983.0,999.0,
4.0,19.0,49.0,71.0,84.0,95.0,101.0,118.0,143.0,183.0,207.0,393.0,394.0,401.0,440.0,441.0,442.0,485.0,487.0,507.0,509.0,525.0,533.0,568.0,569.0,610.0,631.0,699.0,722.0,734.0,842.0,876.0,902.0,978.0,984.0,
7.0,24.0,44.0,89.0,110.0,121.0,164.0,172.0,181.0,222.0,287.0,310.0,335.0,346.0,352.0,373.0,384.0,400.0,404.0,450.0,451.0,468.0,472.0,477.0,518.0,534.0,545.0,566.0,595.0,599.0,658.0,667.0,667.0,700.0,780.0,796.0,796.0,819.0,820.0,857.0,883.0,947.0,
35.0,63.0,132.0,156.0,183.0,214.0,226.0,233.0,277.0,333.0,363.0,410.0,444.0,508.0,520.0,532.0,542.0,546.0,557.0,589.0,616.0,635.0,657.0,673.0,679.0,696.0,711.0,714.0,738.0,778.0,778.0,797.0,811.0,886.0,963.0,
47.0,48.0,70.0,81.0,88.0,96.0,127.0,129.0,208.0,217.0,311.0,340.0,401.0,431.0,450.0,487.0,494.0,583.0,600.0,634.0,636.0,683.0,709.0,790.0,794.0,833.0,834.0,839.0,848.0,867.0,889.0,948.0,984.0,995.0,
39.0,51.0,83.0,128.0,131.0,162.0,205.0,214.0,222.0,224.0,236.0,271.0,274.0,281.0,300.0,301.0,308.0,325.0,332.0,371.0,397.0,446.0,542.0,683.0,698.0,727.0,732.0,743.0,745.0,772.0,816.0,826.0,831.0,839.0,850.0,864.0,883.0,894.0,902.0,953.0,974.0,975.0,986.0,986.0,
35.0,42.0,80.0,128.0,150.0,159.0,238.0,305.0,306.0,311.0,368.0,381.0,387.0,388.0,417.0,418.0,427.0,432.0,434.0,481.0,516.0,532.0,552.0,584.0,612.0,619.0,639.0,734.0,795.0,830.0,862.0,878.0,923.0,933.0,938.0,963.0,968.0,975.0,
23.0,70.0,75.0,94.0,113.0,144.0,146.0,149.0,181.0,190.0,202.0,267.0,275.0,288.0,338.0,352.0,356.0,372.0,397.0,400.0,427.0,476.0,484.0,492.0,509.0,512.0,532.0,574.0,589.0,639.0,714.0,826.0,827.0,830.0,866.0,909.0,930.0,956.0,961.0,976.0,
8.0,35.0,44.0,57.0,82.0,102.0,336.0,356.0,393.0,400.0,428.0,479.0,533.0,542.0,581.0,592.0,614.0,618.0,650.0,650.0,684.0,701.0,732.0,745.0,769.0,804.0,853.0,855.0,856.0,864.0,870.0,940.0,940.0,955.0,992.0,
52.0,53.0,73.0,122.0,173.0,198.0,202.0,220.0,242.0,286.0,392.0,403.0,420.0,434.0,436.0,478.0,514.0,514.0,542.0,559.0,606.0,686.0,699.0,728.0,750.0,823.0,826.0,910.0,991.0,
27.0,40.0,113.0,149.0,183.0,214.0,238.0,268.0,297.0,329.0,333.0,385.0,454.0,498.0,516.0,541.0,559.0,641.0,655.0,692.0,713.0,720.0,754.0,793.0,984.0,988.0,
126.0,154.0,176.0,199.0,208.0,282.0,294.0,302.0,332.0,382.0,387.0,461.0,534.0,539.0,565.0,632.0,721.0,739.0,754.0,783.0,785.0,809.0,842.0,871.0,936.0,948.0,954.0,960.0,976.0,990.0,
14.0,76.0,84.0,101.0,111.0,149.0,166.0,181.0,206.0,208.0,232.0,247.0,278.0,336.0,362.0,366.0,379.0,461.0,476.0,490.0,498.0,563.0,565.0,573.0,631.0,657.0,723.0,732.0,777.0,793.0,859.0,868.0,881.0,892.0,911.0,953.0,961.0,973.0,990.0,995.0,
5.0,32.0,69.0,86.0,102.0,133.0,154.0,267.0,285.0,289.0,300.0,318.0,335.0,347.0,363.0,380.0,400.0,487.0,514.0,515.0,592.0,626.0,634.0,650.0,651.0,682.0,689.0,690.0,692.0,733.0,759.0,779.0,780.0,802.0,815.0,823.0,860.0,872.0,877.0,903.0,925.0,939.0,947.0,951.0,960.0,983.0,
49.0,51.0,85.0,142.0,164.0,179.0,204.0,236.0,323.0,381.0,414.0,462.0,475.0,537.0,546.0,583.0,593.0,612.0,626.0,626.0,627.0,658.0,704.0,724.0,731.0,737.0,740.0,741.0,742.0,752.0,762.0,775.0,811.0,818.0,827.0,887.0,894.0,904.0,923.0,967.0,980.0,
3.0,5.0,27.0,28.0,68.0,131.0,137.0,155.0,215.0,222.0,232.0,236.0,248.0,267.0,286.0,334.0,352.0,389.0,399.0,440.0,441.0,465.0,465.0,520.0,530.0,579.0,587.0,589.0,607.0,637.0,679.0,743.0,769.0,772.0,794.0,814.0,816.0,818.0,819.0,850.0,855.0,860.0,888.0,902.0,947.0,998.0,
8.0,16.0,23.0,30.0,45.0,45.0,81.0,125.0,141.0,173.0,187.0,229.0,232.0,265.0,265.0,339.0,395.0,406.0,492.0,495.0,499.0,510.0,517.0,565.0,649.0,686.0,723.0,746.0,759.0,795.0,821.0,825.0,876.0,881.0,911.0,911.0,952.0,990.0,
13.0,27.0,68.0,114.0,133.0,233.0,251.0,278.0,311.0,318.0,329.0,336.0,377.0,404.0,408.0,434.0,470.0,472.0,498.0,499.0,505.0,513.0,569.0,598.0,625.0,645.0,658.0,670.0,680.0,685.0,704.0,724.0,786.0,895.0,922.0,938.0,977.0,
5.0,19.0,52.0,75.0,86.0,121.0,125.0,171.0,193.0,214.0,225.0,248.0,274.0,279.0,294.0,295.0,298.0,312.0,318.0,379.0,405.0,429.0,454.0,465.0,522.0,529.0,537.0,540.0,546.0,562.0,589.0,622.0,632.0,635.0,674.0,712.0,752.0,762.0,772.0,872.0,911.0,946.0,984.0,989.0,990.0,991.0,
38.0,59.0,79.0,85.0,89.0,147.0,223.0,315.0,316.0,319.0,339.0,352.0,382.0,423.0,505.0,524.0,531.0,532.0,545.0,601.0,612.0,616.0,635.0,681.0,719.0,744.0,756.0,777.0,863.0,865.0,903.0,929.0,984.0,996.0,
11.0,97.0,140.0,174.0,209.0,259.0,273.0,370.0,391.0,391.0,411.0,424.0,456.0,473.0,484.0,603.0,612.0,661.0,693.0,734.0,745.0,758.0,785.0,835.0,885.0,943.0,979.0,983.0,
26.0,53.0,90.0,104.0,106.0,168.0,182.0,195.0,223.0,225.0,255.0,344.0,408.0,428.0,432.0,460.0,462.0,508.0,519.0,522.0,543.0,549.0,556.0,561.0,576.0,603.0,607.0,622.0,773.0,822.0,864.0,867.0,895.0,899.0,916.0,981.0,
2.0,42.0,131.0,144.0,158.0,206.0,250.0,261.0,272.0,276.0,365.0,382.0,408.0,420.0,474.0,490.0,492.0,655.0,674.0,731.0,771.0,813.0,821.0,832.0,851.0,868.0,951.0,956.0,957.0,989.0,
20.0,66.0,75.0,92.0,92.0,94.0,109.0,142.0,145.0,153.0,168.0,169.0,221.0,241.0,241.0,342.0,347.0,355.0,361.0,385.0,412.0,474.0,480.0,501.0,502.0,547.0,553.0,574.0,600.0,604.0,612.0,645.0,668.0,669.0,673.0,698.0,745.0,755.0,761.0,767.0,803.0,833.0,850.0,907.0,935.0,988.0,
4.0,19.0,23.0,89.0,107.0,139.0,156.0,226.0,240.0,277.0,314.0,326.0,363.0,365.0,371.0,403.0,406.0,425.0,442.0,452.0,460.0,500.0,513.0,519.0,566.0,580.0,620.0,698.0,743.0,766.0,809.0,820.0,836.0,900.0,959.0,994.0,
5.0,33.0,56.0,98.0,100.0,110.0,177.0,211.0,254.0,311.0,336.0,362.0,386.0,388.0,390.0,422.0,435.0,463.0,521.0,535.0,535.0,536.0,563.0,583.0,643.0,644.0,668.0,688.0,723.0,746.0,773.0,800.0,808.0,842.0,874.0,917.0,924.0,944.0,945.0,965.0,
8.0,14.0,67.0,69.0,70.0,114.0,122.0,149.0,156.0,183.0,189.0,212.0,273.0,296.0,325.0,496.0,503.0,503.0,515.0,563.0,628.0,636.0,675.0,685.0,712.0,713.0,732.0,790.0,853.0,858.0,862.0,889.0,899.0,936.0,944.0,970.0,
76.0,81.0,116.0,120.0,120.0,145.0,224.0,234.0,243.0,267.0,342.0,346.0,364.0,391.0,422.0,508.0,509.0,509.0,540.0,545.0,573.0,579.0,627.0,636.0,650.0,673.0,761.0,773.0,778.0,792.0,821.0,855.0,907.0,921.0,924.0,971.0,982.0,996.0,998.0,998.0,
48.0,97.0,104.0,123.0,129.0,224.0,255.0,266.0,277.0,305.0,350.0,357.0,451.0,456.0,474.0,488.0,493.0,512.0,545.0,546.0,590.0,650.0,654.0,671.0,691.0,723.0,750.0,793.0,819.0,819.0,840.0,845.0,891.0,919.0,953.0,957.0,975.0,979.0,
8.0,32.0,73.0,74.0,90.0,103.0,120.0,132.0,134.0,156.0,156.0,176.0,187.0,203.0,205.0,269.0,308.0,314.0,356.0,365.0,368.0,369.0,372.0,420.0,429.0,433.0,456.0,557.0,574.0,619.0,666.0,703.0,724.0,731.0,761.0,773.0,909.0,938.0,942.0,989.0,
50.0,88.0,98.0,105.0,137.0,169.0,170.0,176.0,184.0,208.0,210.0,235.0,273.0,326.0,348.0,374.0,382.0,389.0,430.0,471.0,538.0,581.0,586.0,592.0,593.0,616.0,621.0,624.0,671.0,680.0,770.0,779.0,783.0,810.0,842.0,925.0,972.0,984.0,985.0,992.0,
43.0,73.0,115.0,139.0,142.0,148.0,157.0,206.0,216.0,227.0,253.0,270.0,308.0,313.0,319.0,321.0,336.0,364.0,440.0,497.0,502.0,516.0,541.0,551.0,553.0,562.0,583.0,589.0,590.0,605.0,641.0,656.0,671.0,680.0,710.0,742.0,774.0,780.0,795.0,799.0,804.0,844.0,894.0,914.0,916.0,927.0,933.0,965.0,
57.0,64.0,98.0,150.0,156.0,208.0,212.0,213.0,217.0,227.0,244.0,319.0,331.0,343.0,353.0,360.0,363.0,382.0,386.0,436.0,470.0,473.0,494.0,510.0,520.0,546.0,548.0,551.0,561.0,577.0,582.0,643.0,661.0,693.0,708.0,722.0,765.0,786.0,789.0,831.0,847.0,850.0,871.0,907.0,909.0,923.0,942.0,970.0,990.0,
40.0,51.0,145.0,168.0,185.0,222.0,251.0,282.0,285.0,338.0,366.0,397.0,444.0,455.0,494.0,509.0,516.0,518.0,535.0,639.0,640.0,705.0,732.0,741.0,749.0,753.0,844.0,865.0,886.0,890.0,925.0,945.0,954.0,
13.0,18.0,35.0,39.0,139.0,145.0,151.0,154.0,219.0,236.0,238.0,303.0,354.0,368.0,411.0,425.0,476.0,479.0,486.0,520.0,530.0,539.0,548.0,593.0,612.0,614.0,615.0,649.0,717.0,763.0,779.0,781.0,892.0,916.0,928.0,946.0,955.0,964.0,
11.0,52.0,87.0,139.0,164.0,186.0,204.0,217.0,225.0,236.0,261.0,295.0,418.0,419.0,472.0,473.0,513.0,517.0,520.0,548.0,598.0,617.0,637.0,640.0,665.0,668.0,689.0,720.0,728.0,743.0,767.0,795.0,847.0,869.0,880.0,899.0,906.0,914.0,917.0,926.0,941.0,
9.0,43.0,73.0,79.0,104.0,115.0,122.0,122.0,127.0,141.0,165.0,178.0,250.0,260.0,263.0,294.0,295.0,342.0,358.0,374.0,382.0,389.0,428.0,433.0,445.0,530.0,559.0,635.0,658.0,663.0,668.0,692.0,812.0,887.0,946.0,963.0,974.0,
51.0,134.0,158.0,178.0,188.0,192.0,214.0,223.0,236.0,281.0,288.0,320.0,335.0,339.0,342.0,349.0,369.0,446.0,451.0,474.0,475.0,480.0,489.0,504.0,505.0,510.0,534.0,535.0,572.0,621.0,642.0,664.0,717.0,753.0,761.0,770.0,816.0,882.0,903.0,932.0,
16.0,33.0,75.0,76.0,98.0,100.0,118.0,136.0,174.0,180.0,196.0,278.0,290.0,296.0,310.0,323.0,375.0,392.0,392.0,410.0,478.0,485.0,493.0,498.0,500.0,536.0,544.0,550.0,554.0,565.0,569.0,677.0,683.0,732.0,756.0,771.0,786.0,853.0,875.0,892.0,914.0,924.0,959.0,996.0,
20.0,54.0,57.0,62.0,74.0,106.0,120.0,221.0,239.0,253.0,309.0,324.0,327.0,332.0,340.0,340.0,385.0,387.0,418.0,477.0,505.0,512.0,537.0,544.0,573.0,577.0,591.0,596.0,621.0,641.0,689.0,717.0,750.0,757.0,768.0,770.0,854.0,860.0,861.0,908.0,923.0,942.0,950.0,963.0,973.0,978.0,982.0,
3.0,14.0,39.0,46.0,73.0,73.0,134.0,200.0,221.0,259.0,262.0,265.0,267.0,368.0,379.0,409.0,421.0,434.0,454.0,463.0,472.0,475.0,498.0,512.0,520.0,523.0,524.0,525.0,534.0,535.0,548.0,558.0,560.0,569.0,576.0,583.0,598.0,606.0,618.0,619.0,631.0,636.0,640.0,644.0,651.0,668.0,669.0,685.0,686.0,698.0,702.0,726.0,728.0,742.0,744.0,772.0,787.0,793.0,807.0,824.0,825.0,831.0,833.0,839.0,840.0,859.0,870.0,872.0,876.0,878.0,878.0,890.0,907.0,916.0,922.0,930.0,931.0,934.0,938.0,941.0,
10.0,12.0,93.0,127.0,146.0,166.0,185.0,208.0,229.0,250.0,251.0,285.0,349.0,357.0,402.0,438.0,460.0,486.0,515.0,521.0,539.0,540.0,544.0,544.0,549.0,550.0,554.0,563.0,568.0,584.0,587.0,593.0,596.0,610.0,654.0,657.0,663.0,685.0,688.0,715.0,735.0,760.0,786.0,790.0,791.0,799.0,804.0,810.0,817.0,827.0,860.0,876.0,895.0,900.0,901.0,904.0,907.0,910.0,914.0,948.0,951.0,956.0,
30.0,37.0,46.0,52.0,57.0,108.0,111.0,120.0,131.0,165.0,165.0,192.0,208.0,218.0,318.0,319.0,326.0,327.0,432.0,448.0,497.0,505.0,513.0,569.0,584.0,593.0,597.0,598.0,612.0,628.0,633.0,636.0,639.0,650.0,662.0,669.0,688.0,691.0,734.0,735.0,736.0,738.0,772.0,778.0,787.0,793.0,804.0,811.0,826.0,837.0,871.0,879.0,882.0,886.0,896.0,914.0,919.0,922.0,966.0,979.0,991.0,994.0,997.0,
13.0,29.0,82.0,90.0,100.0,118.0,131.0,172.0,197.0,257.0,271.0,321.0,324.0,336.0,347.0,355.0,368.0,420.0,450.0,458.0,463.0,490.0,548.0,564.0,580.0,584.0,592.0,623.0,633.0,663.0,668.0,683.0,709.0,754.0,787.0,834.0,891.0,946.0,952.0,962.0,
16.0,36.0,97.0,133.0,180.0,187.0,193.0,197.0,239.0,244.0,266.0,282.0,284.0,289.0,298.0,363.0,388.0,460.0,461.0,495.0,525.0,598.0,627.0,658.0,662.0,722.0,730.0,875.0,924.0,953.0,954.0,976.0,984.0,
21.0,51.0,113.0,136.0,170.0,193.0,225.0,392.0,421.0,432.0,438.0,489.0,507.0,522.0,556.0,614.0,616.0,618.0,656.0,688.0,689.0,714.0,716.0,746.0,748.0,751.0,754.0,779.0,780.0,791.0,797.0,822.0,839.0,875.0,885.0,896.0,911.0,981.0,
13.0,19.0,129.0,170.0,204.0,222.0,266.0,286.0,390.0,395.0,397.0,453.0,468.0,487.0,505.0,520.0,537.0,544.0,625.0,626.0,633.0,681.0,688.0,693.0,767.0,794.0,848.0,885.0,889.0,917.0,998.0,
6.0,13.0,16.0,23.0,41.0,66.0,74.0,86.0,97.0,103.0,150.0,178.0,189.0,200.0,264.0,323.0,362.0,430.0,431.0,431.0,448.0,453.0,455.0,487.0,501.0,514.0,519.0,520.0,575.0,576.0,585.0,671.0,792.0,801.0,821.0,823.0,837.0,837.0,843.0,845.0,847.0,869.0,912.0,949.0,959.0,
41.0,79.0,94.0,133.0,332.0,337.0,397.0,454.0,506.0,517.0,545.0,546.0,559.0,565.0,603.0,619.0,622.0,639.0,700.0,724.0,726.0,799.0,864.0,897.0,913.0,942.0,983.0,
28.0,32.0,39.0,60.0,61.0,71.0,85.0,122.0,122.0,130.0,172.0,174.0,174.0,230.0,244.0,265.0,278.0,287.0,303.0,341.0,370.0,380.0,410.0,465.0,504.0,507.0,520.0,522.0,531.0,542.0,554.0,569.0,579.0,585.0,625.0,635.0,686.0,688.0,705.0,709.0,722.0,729.0,757.0,776.0,777.0,802.0,802.0,811.0,818.0,831.0,868.0,872.0,889.0,890.0,911.0,914.0,929.0,930.0,936.0,951.0,953.0,
72.0,83.0,83.0,159.0,172.0,190.0,192.0,230.0,242.0,249.0,328.0,338.0,370.0,394.0,420.0,439.0,461.0,494.0,506.0,519.0,529.0,531.0,537.0,540.0,549.0,554.0,557.0,557.0,559.0,578.0,579.0,586.0,593.0,599.0,600.0,605.0,610.0,615.0,615.0,621.0,626.0,648.0,653.0,659.0,659.0,664.0,676.0,685.0,697.0,710.0,742.0,746.0,758.0,775.0,812.0,813.0,820.0,826.0,840.0,847.0,852.0,857.0,860.0,865.0,865.0,889.0,937.0,940.0,952.0,970.0,974.0,976.0,981.0,982.0,988.0,
9.0,35.0,40.0,72.0,246.0,257.0,272.0,279.0,353.0,356.0,368.0,389.0,416.0,437.0,470.0,474.0,516.0,526.0,527.0,529.0,534.0,534.0,546.0,558.0,560.0,560.0,561.0,563.0,566.0,570.0,570.0,586.0,587.0,595.0,596.0,604.0,614.0,620.0,632.0,635.0,647.0,654.0,662.0,665.0,671.0,672.0,677.0,677.0,717.0,723.0,733.0,745.0,754.0,759.0,792.0,793.0,794.0,811.0,826.0,858.0,909.0,954.0,975.0,983.0,991.0,993.0,996.0,
24.0,53.0,78.0,108.0,122.0,131.0,180.0,192.0,200.0,205.0,206.0,207.0,221.0,224.0,225.0,272.0,276.0,289.0,298.0,300.0,310.0,319.0,354.0,384.0,399.0,518.0,519.0,526.0,536.0,536.0,538.0,538.0,544.0,548.0,549.0,554.0,556.0,556.0,556.0,557.0,566.0,566.0,567.0,577.0,582.0,601.0,603.0,604.0,615.0,639.0,648.0,650.0,663.0,682.0,709.0,716.0,722.0,742.0,743.0,744.0,754.0,759.0,781.0,792.0,793.0,806.0,827.0,835.0,841.0,885.0,889.0,900.0,917.0,920.0,935.0,936.0,987.0,
21.0,29.0,64.0,153.0,196.0,202.0,204.0,206.0,258.0,260.0,273.0,287.0,325.0,333.0,378.0,389.0,407.0,439.0,471.0,495.0,517.0,522.0,536.0,539.0,543.0,546.0,567.0,592.0,601.0,646.0,653.0,657.0,669.0,675.0,708.0,733.0,749.0,756.0,788.0,797.0,798.0,803.0,820.0,831.0,842.0,896.0,968.0,
72.0,93.0,160.0,215.0,278.0,294.0,305.0,309.0,319.0,332.0,355.0,409.0,451.0,482.0,515.0,518.0,524.0,538.0,572.0,581.0,586.0,596.0,597.0,629.0,635.0,636.0,653.0,690.0,692.0,771.0,784.0,830.0,835.0,846.0,868.0,882.0,892.0,894.0,911.0,966.0,
57.0,58.0,73.0,105.0,109.0,117.0,131.0,164.0,172.0,174.0,183.0,229.0,235.0,257.0,268.0,290.0,320.0,425.0,437.0,449.0,457.0,471.0,476.0,480.0,489.0,502.0,506.0,528.0,530.0,607.0,615.0,616.0,666.0,682.0,722.0,723.0,729.0,772.0,782.0,785.0,909.0,925.0,946.0,955.0,997.0,
24.0,43.0,52.0,88.0,97.0,134.0,211.0,323.0,326.0,339.0,342.0,400.0,450.0,471.0,501.0,537.0,543.0,547.0,551.0,576.0,608.0,652.0,665.0,703.0,707.0,713.0,731.0,742.0,745.0,803.0,813.0,813.0,839.0,881.0,918.0,930.0,989.0,
17.0,67.0,69.0,83.0,114.0,116.0,127.0,150.0,226.0,305.0,324.0,343.0,461.0,465.0,516.0,548.0,563.0,592.0,706.0,793.0,854.0,901.0,923.0,949.0,964.0,
56.0,58.0,82.0,117.0,148.0,154.0,159.0,212.0,218.0,271.0,292.0,294.0,317.0,404.0,405.0,406.0,472.0,553.0,599.0,641.0,674.0,714.0,868.0,992.0,
55.0,56.0,91.0,119.0,142.0,150.0,190.0,194.0,202.0,203.0,229.0,253.0,259.0,259.0,289.0,318.0,330.0,449.0,481.0,515.0,518.0,548.0,552.0,612.0,655.0,656.0,690.0,708.0,712.0,714.0,761.0,800.0,846.0,861.0,890.0,925.0,952.0,955.0,973.0,
2.0,21.0,24.0,26.0,102.0,115.0,273.0,291.0,343.0,356.0,370.0,409.0,465.0,496.0,501.0,507.0,508.0,524.0,524.0,524.0,532.0,545.0,553.0,555.0,569.0,570.0,590.0,592.0,593.0,600.0,607.0,609.0,609.0,613.0,644.0,647.0,655.0,659.0,665.0,666.0,674.0,694.0,704.0,720.0,734.0,775.0,775.0,782.0,819.0,847.0,850.0,854.0,866.0,867.0,884.0,898.0,903.0,905.0,910.0,914.0,918.0,931.0,945.0,964.0,965.0,966.0,
28.0,43.0,54.0,88.0,157.0,215.0,226.0,230.0,234.0,315.0,324.0,412.0,460.0,502.0,509.0,513.0,523.0,535.0,536.0,536.0,542.0,549.0,553.0,562.0,565.0,567.0,568.0,582.0,591.0,596.0,608.0,611.0,612.0,616.0,628.0,643.0,652.0,654.0,655.0,668.0,676.0,676.0,683.0,711.0,727.0,741.0,767.0,767.0,777.0,782.0,794.0,797.0,800.0,805.0,807.0,811.0,816.0,831.0,835.0,838.0,845.0,853.0,866.0,899.0,918.0,931.0,951.0,963.0,973.0,976.0,988.0,991.0,
2.0,15.0,24.0,28.0,59.0,60.0,71.0,106.0,130.0,134.0,153.0,166.0,175.0,250.0,296.0,337.0,349.0,362.0,393.0,405.0,463.0,466.0,483.0,486.0,527.0,532.0,535.0,539.0,543.0,547.0,548.0,551.0,555.0,562.0,574.0,576.0,577.0,600.0,627.0,632.0,637.0,646.0,647.0,652.0,653.0,661.0,666.0,666.0,667.0,674.0,688.0,689.0,693.0,701.0,710.0,721.0,729.0,734.0,734.0,741.0,747.0,748.0,755.0,765.0,778.0,781.0,795.0,811.0,834.0,856.0,867.0,879.0,885.0,887.0,893.0,900.0,917.0,917.0,938.0,962.0,979.0,
23.0,29.0,44.0,47.0,62.0,101.0,133.0,145.0,146.0,193.0,202.0,219.0,264.0,283.0,285.0,292.0,312.0,401.0,408.0,442.0,502.0,513.0,514.0,520.0,549.0,554.0,632.0,646.0,651.0,676.0,686.0,696.0,697.0,698.0,775.0,803.0,813.0,816.0,865.0,893.0,897.0,908.0,913.0,932.0,954.0,990.0,
10.0,67.0,71.0,118.0,229.0,256.0,315.0,326.0,326.0,327.0,351.0,360.0,413.0,422.0,492.0,500.0,553.0,578.0,583.0,689.0,726.0,736.0,780.0,799.0,857.0,894.0,914.0,925.0,937.0,960.0,
94.0,94.0,125.0,138.0,146.0,151.0,204.0,222.0,290.0,294.0,312.0,320.0,324.0,335.0,342.0,359.0,368.0,424.0,431.0,440.0,495.0,540.0,549.0,569.0,584.0,591.0,597.0,647.0,676.0,695.0,709.0,736.0,750.0,762.0,777.0,778.0,784.0,888.0,893.0,894.0,916.0,938.0,976.0,1000.0,
19.0,36.0,52.0,94.0,98.0,113.0,141.0,179.0,205.0,262.0,284.0,287.0,332.0,337.0,355.0,373.0,413.0,414.0,433.0,520.0,556.0,616.0,624.0,628.0,745.0,762.0,787.0,827.0,886.0,909.0,927.0,965.0,
29.0,92.0,133.0,161.0,220.0,223.0,250.0,262.0,281.0,304.0,314.0,325.0,335.0,367.0,381.0,385.0,414.0,429.0,458.0,465.0,474.0,519.0,523.0,533.0,549.0,553.0,561.0,579.0,617.0,619.0,622.0,705.0,712.0,736.0,738.0,766.0,852.0,854.0,863.0,880.0,915.0,939.0,
19.0,41.0,45.0,47.0,48.0,88.0,115.0,119.0,125.0,165.0,168.0,203.0,297.0,312.0,327.0,339.0,395.0,436.0,444.0,467.0,538.0,652.0,707.0,716.0,773.0,779.0,875.0,889.0,892.0,997.0,
39.0,53.0,68.0,147.0,150.0,153.0,163.0,178.0,203.0,205.0,237.0,317.0,321.0,339.0,342.0,342.0,344.0,350.0,386.0,437.0,443.0,446.0,448.0,557.0,573.0,587.0,590.0,601.0,656.0,660.0,718.0,766.0,773.0,865.0,868.0,871.0,
24.0,27.0,29.0,55.0,99.0,126.0,134.0,141.0,201.0,232.0,237.0,247.0,248.0,256.0,355.0,367.0,421.0,439.0,475.0,486.0,489.0,515.0,530.0,533.0,541.0,612.0,622.0,624.0,696.0,714.0,791.0,796.0,890.0,902.0,916.0,
4.0,6.0,43.0,83.0,103.0,135.0,163.0,167.0,178.0,182.0,204.0,243.0,255.0,273.0,303.0,320.0,373.0,460.0,513.0,516.0,519.0,534.0,536.0,550.0,551.0,563.0,568.0,573.0,578.0,603.0,612.0,615.0,615.0,628.0,632.0,660.0,676.0,742.0,752.0,753.0,756.0,757.0,762.0,789.0,797.0,818.0,820.0,826.0,846.0,889.0,907.0,929.0,941.0,946.0,956.0,989.0,998.0,
9.0,24.0,26.0,84.0,116.0,130.0,156.0,163.0,180.0,226.0,243.0,257.0,269.0,287.0,320.0,382.0,436.0,437.0,496.0,497.0,509.0,516.0,522.0,537.0,547.0,550.0,553.0,557.0,566.0,568.0,624.0,636.0,675.0,685.0,732.0,764.0,766.0,791.0,910.0,920.0,923.0,929.0,947.0,960.0,975.0,
68.0,100.0,148.0,171.0,179.0,181.0,202.0,256.0,293.0,325.0,348.0,360.0,397.0,452.0,464.0,474.0,493.0,518.0,546.0,622.0,634.0,723.0,764.0,784.0,836.0,869.0,965.0,
14.0,29.0,46.0,53.0,67.0,134.0,134.0,156.0,158.0,169.0,234.0,298.0,333.0,353.0,422.0,451.0,463.0,480.0,494.0,505.0,506.0,520.0,537.0,697.0,702.0,709.0,722.0,817.0,850.0,863.0,875.0,921.0,924.0,964.0,
37.0,66.0,79.0,88.0,169.0,200.0,206.0,212.0,231.0,238.0,257.0,289.0,305.0,335.0,479.0,490.0,513.0,610.0,630.0,660.0,686.0,785.0,799.0,824.0,834.0,846.0,862.0,897.0,901.0,937.0,996.0,997.0,
4.0,9.0,52.0,69.0,77.0,82.0,99.0,102.0,121.0,138.0,195.0,200.0,238.0,250.0,265.0,305.0,331.0,333.0,338.0,489.0,496.0,501.0,543.0,561.0,605.0,609.0,620.0,647.0,686.0,691.0,697.0,707.0,720.0,746.0,779.0,804.0,825.0,846.0,879.0,898.0,935.0,959.0,959.0,970.0,993.0,
55.0,57.0,57.0,77.0,84.0,91.0,93.0,102.0,104.0,116.0,135.0,152.0,157.0,160.0,181.0,266.0,280.0,293.0,407.0,422.0,425.0,477.0,486.0,533.0,535.0,558.0,590.0,598.0,631.0,634.0,676.0,735.0,745.0,761.0,808.0,846.0,885.0,914.0,922.0,944.0,961.0,985.0,989.0,992.0,997.0,
135.0,280.0,296.0,315.0,359.0,484.0,508.0,588.0,610.0,636.0,672.0,681.0,747.0,815.0,910.0,938.0,945.0,966.0,
24.0,25.0,38.0,62.0,77.0,108.0,112.0,161.0,166.0,174.0,204.0,241.0,275.0,312.0,373.0,456.0,465.0,520.0,528.0,602.0,630.0,654.0,755.0,801.0,801.0,805.0,808.0,810.0,810.0,834.0,835.0,867.0,890.0,920.0,940.0,
28.0,45.0,67.0,102.0,124.0,133.0,148.0,198.0,207.0,215.0,220.0,320.0,327.0,372.0,478.0,494.0,502.0,527.0,536.0,635.0,643.0,675.0,692.0,769.0,880.0,888.0,940.0,971.0,
25.0,40.0,48.0,51.0,64.0,65.0,123.0,149.0,169.0,170.0,176.0,190.0,264.0,283.0,296.0,322.0,324.0,332.0,469.0,526.0,605.0,610.0,661.0,717.0,719.0,790.0,809.0,819.0,837.0,859.0,866.0,873.0,887.0,924.0,
34.0,130.0,134.0,150.0,229.0,323.0,366.0,391.0,422.0,426.0,440.0,449.0,458.0,542.0,556.0,581.0,586.0,587.0,591.0,648.0,650.0,666.0,678.0,694.0,737.0,738.0,798.0,805.0,823.0,854.0,858.0,896.0,918.0,939.0,994.0,996.0,
4.0,6.0,45.0,98.0,184.0,192.0,198.0,213.0,311.0,354.0,385.0,394.0,409.0,433.0,494.0,513.0,541.0,558.0,593.0,624.0,640.0,649.0,649.0,671.0,675.0,695.0,708.0,723.0,752.0,753.0,768.0,859.0,872.0,891.0,913.0,916.0,924.0,927.0,983.0,
6.0,9.0,44.0,71.0,80.0,97.0,105.0,142.0,148.0,164.0,167.0,193.0,197.0,301.0,302.0,305.0,311.0,323.0,416.0,473.0,514.0,557.0,604.0,633.0,641.0,708.0,728.0,781.0,861.0,884.0,907.0,913.0,979.0,980.0,983.0,990.0,994.0,
21.0,53.0,61.0,72.0,91.0,94.0,106.0,161.0,185.0,230.0,253.0,295.0,310.0,395.0,409.0,419.0,439.0,442.0,517.0,539.0,555.0,573.0,580.0,585.0,585.0,593.0,593.0,601.0,719.0,778.0,811.0,834.0,842.0,866.0,895.0,913.0,941.0,970.0,987.0,
13.0,92.0,158.0,188.0,207.0,236.0,289.0,311.0,347.0,375.0,411.0,542.0,548.0,591.0,593.0,657.0,664.0,670.0,714.0,721.0,881.0,905.0,908.0,923.0,946.0,973.0,977.0,
11.0,31.0,45.0,60.0,96.0,174.0,183.0,186.0,197.0,290.0,327.0,328.0,332.0,338.0,380.0,382.0,453.0,469.0,490.0,507.0,539.0,543.0,551.0,607.0,616.0,626.0,650.0,664.0,672.0,723.0,739.0,745.0,765.0,819.0,852.0,859.0,875.0,955.0,989.0,
41.0,48.0,77.0,91.0,96.0,113.0,121.0,161.0,167.0,168.0,184.0,193.0,237.0,241.0,248.0,263.0,311.0,393.0,457.0,497.0,520.0,571.0,640.0,647.0,667.0,716.0,758.0,758.0,771.0,787.0,791.0,877.0,964.0,975.0,
29.0,54.0,78.0,94.0,149.0,158.0,181.0,183.0,185.0,187.0,262.0,267.0,285.0,325.0,377.0,438.0,449.0,463.0,498.0,514.0,531.0,554.0,560.0,631.0,683.0,722.0,782.0,785.0,787.0,795.0,834.0,852.0,870.0,875.0,907.0,929.0,963.0,968.0,971.0,985.0,
26.0,109.0,120.0,135.0,178.0,197.0,202.0,215.0,294.0,309.0,309.0,382.0,418.0,437.0,449.0,482.0,514.0,535.0,642.0,729.0,815.0,847.0,849.0,852.0,854.0,873.0,992.0,
16.0,43.0,55.0,158.0,159.0,188.0,208.0,211.0,217.0,228.0,295.0,356.0,413.0,449.0,463.0,481.0,483.0,483.0,639.0,679.0,714.0,758.0,843.0,858.0,858.0,960.0,
8.0,50.0,50.0,64.0,85.0,150.0,186.0,201.0,212.0,219.0,266.0,276.0,287.0,308.0,316.0,320.0,394.0,435.0,436.0,446.0,508.0,522.0,561.0,598.0,600.0,649.0,652.0,711.0,756.0,759.0,779.0,790.0,797.0,817.0,858.0,893.0,895.0,908.0,919.0,926.0,974.0,
64.0,68.0,79.0,170.0,240.0,261.0,268.0,300.0,309.0,330.0,383.0,451.0,475.0,497.0,534.0,571.0,591.0,598.0,642.0,693.0,708.0,730.0,784.0,808.0,821.0,833.0,837.0,839.0,858.0,898.0,900.0,972.0,
17.0,73.0,80.0,90.0,95.0,128.0,229.0,254.0,276.0,287.0,289.0,331.0,356.0,358.0,360.0,380.0,380.0,415.0,418.0,447.0,464.0,524.0,568.0,578.0,579.0,581.0,582.0,611.0,645.0,646.0,651.0,694.0,701.0,703.0,704.0,722.0,730.0,744.0,751.0,779.0,785.0,847.0,899.0,918.0,919.0,983.0,
83.0,95.0,103.0,123.0,127.0,132.0,134.0,162.0,204.0,234.0,238.0,379.0,400.0,412.0,417.0,428.0,452.0,496.0,506.0,520.0,602.0,618.0,626.0,632.0,751.0,822.0,857.0,870.0,902.0,949.0,956.0,971.0,992.0,999.0,
