22.0,46.0,96.0,112.0,119.0,120.0,168.0,366.0,402.0,409.0,418.0,438.0,516.0,595.0,622.0,648.0,655.0,660.0,678.0,702.0,717.0,720.0,739.0,893.0,915.0,917.0,927.0,931.0,936.0,948.0,959.0,969.0,970.0,978.0,993.0,
38.0,182.0,240.0,303.0,317.0,321.0,334.0,421.0,467.0,471.0,481.0,556.0,561.0,579.0,594.0,723.0,738.0,775.0,813.0,850.0,852.0,852.0,880.0,916.0,941.0,
38.0,113.0,116.0,162.0,173.0,211.0,228.0,234.0,271.0,335.0,336.0,375.0,384.0,404.0,421.0,422.0,473.0,501.0,502.0,505.0,513.0,573.0,594.0,602.0,623.0,655.0,669.0,674.0,678.0,759.0,780.0,795.0,803.0,816.0,833.0,836.0,846.0,852.0,861.0,922.0,927.0,975.0,980.0,997.0,997.0,998.0,
10.0,17.0,19.0,125.0,198.0,207.0,300.0,321.0,366.0,407.0,437.0,456.0,461.0,496.0,540.0,546.0,584.0,586.0,613.0,737.0,748.0,758.0,776.0,826.0,832.0,842.0,865.0,899.0,911.0,974.0,996.0,
7.0,29.0,38.0,72.0,88.0,89.0,111.0,119.0,171.0,171.0,173.0,198.0,225.0,225.0,226.0,334.0,341.0,352.0,361.0,383.0,397.0,440.0,453.0,472.0,487.0,573.0,574.0,581.0,611.0,652.0,697.0,757.0,891.0,908.0,
3.0,41.0,52.0,58.0,69.0,108.0,173.0,188.0,209.0,236.0,244.0,265.0,285.0,309.0,320.0,333.0,350.0,400.0,439.0,459.0,496.0,528.0,535.0,554.0,564.0,655.0,671.0,695.0,700.0,712.0,736.0,759.0,765.0,933.0,939.0,944.0,980.0,
7.0,64.0,78.0,99.0,110.0,121.0,121.0,130.0,164.0,186.0,249.0,255.0,255.0,281.0,337.0,400.0,417.0,435.0,453.0,475.0,490.0,597.0,619.0,630.0,690.0,699.0,790.0,802.0,865.0,871.0,882.0,887.0,897.0,914.0,914.0,925.0,972.0,
153.0,159.0,220.0,260.0,277.0,291.0,308.0,309.0,367.0,414.0,427.0,444.0,478.0,492.0,501.0,506.0,527.0,683.0,699.0,722.0,769.0,806.0,861.0,937.0,941.0,
24.0,50.0,87.0,131.0,195.0,201.0,246.0,323.0,325.0,347.0,367.0,429.0,451.0,455.0,462.0,465.0,502.0,526.0,527.0,529.0,541.0,554.0,565.0,620.0,662.0,665.0,668.0,685.0,699.0,710.0,711.0,719.0,725.0,787.0,796.0,805.0,918.0,932.0,980.0,991.0,994.0,
19.0,27.0,35.0,39.0,48.0,50.0,140.0,143.0,148.0,153.0,178.0,200.0,243.0,247.0,249.0,249.0,279.0,320.0,323.0,344.0,384.0,415.0,430.0,444.0,466.0,517.0,518.0,599.0,608.0,678.0,692.0,764.0,793.0,799.0,839.0,850.0,869.0,878.0,890.0,914.0,969.0,969.0,975.0,979.0,
10.0,29.0,55.0,108.0,118.0,154.0,176.0,287.0,326.0,344.0,382.0,402.0,424.0,451.0,454.0,472.0,475.0,481.0,509.0,609.0,674.0,694.0,748.0,755.0,767.0,804.0,820.0,861.0,963.0,996.0,
21.0,51.0,64.0,106.0,121.0,177.0,212.0,221.0,231.0,255.0,361.0,399.0,411.0,413.0,424.0,476.0,496.0,536.0,564.0,607.0,674.0,708.0,709.0,750.0,754.0,774.0,819.0,822.0,905.0,927.0,945.0,958.0,
18.0,42.0,80.0,140.0,161.0,171.0,203.0,225.0,251.0,266.0,304.0,349.0,360.0,384.0,401.0,417.0,487.0,507.0,520.0,529.0,546.0,587.0,614.0,633.0,661.0,699.0,730.0,773.0,857.0,859.0,896.0,903.0,924.0,960.0,
6.0,28.0,78.0,123.0,179.0,215.0,237.0,238.0,282.0,344.0,361.0,377.0,417.0,423.0,456.0,491.0,494.0,514.0,534.0,589.0,618.0,631.0,664.0,688.0,714.0,740.0,785.0,891.0,910.0,913.0,928.0,
23.0,42.0,44.0,47.0,80.0,112.0,156.0,164.0,166.0,170.0,219.0,240.0,254.0,320.0,394.0,423.0,430.0,441.0,443.0,504.0,513.0,529.0,537.0,537.0,538.0,544.0,544.0,545.0,545.0,549.0,568.0,577.0,579.0,580.0,593.0,632.0,633.0,658.0,658.0,660.0,677.0,679.0,693.0,693.0,706.0,709.0,715.0,721.0,741.0,788.0,803.0,826.0,831.0,848.0,851.0,854.0,866.0,879.0,883.0,918.0,926.0,929.0,947.0,978.0,
27.0,107.0,137.0,191.0,206.0,251.0,257.0,367.0,382.0,427.0,445.0,450.0,475.0,478.0,518.0,521.0,528.0,532.0,540.0,548.0,556.0,570.0,580.0,589.0,616.0,624.0,627.0,665.0,706.0,712.0,729.0,767.0,787.0,827.0,833.0,852.0,878.0,880.0,894.0,899.0,937.0,937.0,968.0,975.0,
8.0,163.0,198.0,205.0,207.0,233.0,319.0,341.0,353.0,413.0,444.0,458.0,475.0,522.0,559.0,570.0,573.0,574.0,575.0,578.0,580.0,598.0,622.0,642.0,650.0,656.0,667.0,676.0,719.0,740.0,742.0,745.0,748.0,763.0,772.0,778.0,819.0,821.0,828.0,899.0,912.0,968.0,974.0,987.0,997.0,
28.0,104.0,134.0,164.0,168.0,198.0,208.0,228.0,311.0,334.0,342.0,360.0,391.0,410.0,420.0,429.0,456.0,497.0,532.0,544.0,578.0,608.0,620.0,699.0,701.0,726.0,739.0,778.0,802.0,810.0,871.0,874.0,883.0,900.0,961.0,967.0,968.0,986.0,
2.0,21.0,32.0,49.0,122.0,221.0,296.0,306.0,317.0,347.0,403.0,408.0,429.0,444.0,463.0,482.0,494.0,512.0,524.0,533.0,542.0,554.0,559.0,639.0,642.0,675.0,699.0,742.0,843.0,954.0,956.0,986.0,989.0,997.0,
41.0,41.0,61.0,151.0,154.0,194.0,294.0,295.0,418.0,429.0,444.0,480.0,613.0,618.0,621.0,640.0,678.0,728.0,750.0,765.0,769.0,782.0,788.0,809.0,849.0,867.0,892.0,969.0,970.0,970.0,997.0,
13.0,43.0,47.0,69.0,107.0,141.0,144.0,166.0,235.0,244.0,244.0,271.0,289.0,300.0,392.0,396.0,442.0,448.0,478.0,481.0,522.0,575.0,614.0,682.0,693.0,718.0,766.0,811.0,873.0,900.0,935.0,938.0,954.0,987.0,
119.0,158.0,228.0,276.0,417.0,441.0,553.0,610.0,640.0,667.0,772.0,825.0,843.0,889.0,964.0,
3.0,25.0,35.0,97.0,140.0,168.0,220.0,271.0,318.0,357.0,414.0,438.0,441.0,507.0,534.0,535.0,537.0,538.0,548.0,566.0,578.0,595.0,596.0,601.0,605.0,625.0,629.0,637.0,653.0,684.0,709.0,725.0,780.0,795.0,799.0,819.0,879.0,905.0,919.0,969.0,995.0,
18.0,30.0,80.0,142.0,152.0,154.0,221.0,228.0,257.0,269.0,276.0,283.0,307.0,388.0,398.0,422.0,446.0,515.0,527.0,531.0,535.0,535.0,536.0,538.0,542.0,543.0,547.0,549.0,561.0,563.0,567.0,567.0,568.0,578.0,579.0,582.0,583.0,613.0,614.0,619.0,628.0,633.0,635.0,656.0,657.0,678.0,680.0,694.0,711.0,725.0,725.0,730.0,732.0,735.0,748.0,751.0,755.0,761.0,781.0,796.0,808.0,824.0,827.0,830.0,833.0,833.0,835.0,838.0,869.0,876.0,890.0,961.0,969.0,973.0,1000.0,
20.0,58.0,89.0,112.0,116.0,138.0,151.0,229.0,239.0,258.0,408.0,431.0,438.0,443.0,517.0,520.0,524.0,526.0,526.0,537.0,537.0,544.0,545.0,551.0,555.0,561.0,563.0,563.0,565.0,570.0,575.0,575.0,577.0,602.0,616.0,625.0,632.0,656.0,658.0,663.0,688.0,714.0,744.0,745.0,753.0,778.0,785.0,787.0,811.0,815.0,818.0,870.0,897.0,924.0,941.0,956.0,958.0,969.0,973.0,978.0,991.0,995.0,
35.0,99.0,129.0,176.0,181.0,198.0,261.0,267.0,298.0,317.0,322.0,334.0,334.0,479.0,500.0,512.0,514.0,528.0,528.0,531.0,532.0,535.0,539.0,539.0,540.0,541.0,541.0,549.0,552.0,554.0,564.0,575.0,580.0,583.0,586.0,588.0,594.0,618.0,638.0,652.0,653.0,658.0,697.0,697.0,715.0,716.0,720.0,736.0,771.0,778.0,793.0,801.0,803.0,804.0,811.0,821.0,841.0,859.0,868.0,878.0,889.0,893.0,902.0,916.0,934.0,966.0,988.0,999.0,
11.0,36.0,60.0,78.0,87.0,144.0,153.0,161.0,171.0,177.0,249.0,311.0,339.0,390.0,427.0,434.0,452.0,457.0,487.0,523.0,527.0,530.0,533.0,552.0,561.0,561.0,569.0,571.0,573.0,577.0,579.0,587.0,611.0,618.0,626.0,636.0,656.0,657.0,689.0,700.0,707.0,717.0,718.0,733.0,763.0,763.0,765.0,776.0,776.0,787.0,815.0,844.0,869.0,874.0,875.0,897.0,900.0,907.0,922.0,930.0,947.0,
15.0,47.0,94.0,103.0,132.0,165.0,174.0,210.0,217.0,218.0,219.0,243.0,251.0,280.0,283.0,310.0,320.0,380.0,398.0,464.0,499.0,504.0,515.0,525.0,528.0,540.0,547.0,548.0,562.0,565.0,575.0,578.0,580.0,594.0,597.0,618.0,635.0,646.0,652.0,678.0,696.0,698.0,699.0,720.0,764.0,765.0,770.0,787.0,833.0,846.0,855.0,855.0,857.0,865.0,885.0,886.0,886.0,908.0,909.0,913.0,927.0,937.0,964.0,987.0,
22.0,58.0,105.0,138.0,140.0,141.0,170.0,214.0,233.0,277.0,285.0,300.0,300.0,310.0,325.0,377.0,388.0,421.0,433.0,444.0,445.0,492.0,516.0,522.0,534.0,558.0,567.0,613.0,625.0,646.0,666.0,687.0,718.0,752.0,766.0,813.0,900.0,914.0,977.0,993.0,
59.0,98.0,102.0,134.0,140.0,156.0,163.0,185.0,200.0,207.0,241.0,264.0,284.0,285.0,375.0,377.0,381.0,406.0,412.0,449.0,478.0,547.0,568.0,583.0,694.0,748.0,839.0,840.0,856.0,889.0,933.0,989.0,
24.0,89.0,100.0,213.0,215.0,241.0,256.0,263.0,271.0,277.0,280.0,292.0,348.0,472.0,546.0,555.0,622.0,657.0,695.0,765.0,791.0,831.0,836.0,837.0,883.0,921.0,924.0,928.0,957.0,983.0,986.0,
4.0,6.0,23.0,28.0,44.0,54.0,56.0,91.0,181.0,215.0,272.0,282.0,291.0,341.0,341.0,355.0,370.0,386.0,396.0,414.0,432.0,539.0,544.0,548.0,572.0,573.0,584.0,598.0,634.0,636.0,662.0,721.0,754.0,873.0,881.0,898.0,906.0,959.0,987.0,
45.0,66.0,145.0,166.0,184.0,228.0,241.0,284.0,288.0,372.0,373.0,402.0,421.0,441.0,460.0,528.0,530.0,533.0,541.0,542.0,545.0,546.0,549.0,550.0,553.0,555.0,557.0,562.0,563.0,570.0,574.0,577.0,595.0,597.0,600.0,607.0,611.0,612.0,613.0,623.0,627.0,655.0,669.0,669.0,672.0,683.0,738.0,739.0,741.0,743.0,771.0,774.0,792.0,854.0,862.0,873.0,894.0,918.0,922.0,927.0,973.0,980.0,992.0,996.0,
23.0,49.0,73.0,101.0,112.0,129.0,174.0,175.0,179.0,182.0,198.0,225.0,253.0,278.0,287.0,371.0,381.0,507.0,515.0,520.0,525.0,527.0,529.0,531.0,532.0,535.0,539.0,540.0,542.0,546.0,547.0,548.0,551.0,551.0,556.0,557.0,564.0,565.0,567.0,570.0,574.0,575.0,579.0,583.0,584.0,584.0,586.0,589.0,598.0,620.0,625.0,633.0,645.0,651.0,656.0,661.0,663.0,664.0,672.0,687.0,715.0,719.0,765.0,842.0,849.0,851.0,855.0,868.0,878.0,893.0,898.0,902.0,927.0,930.0,956.0,978.0,
35.0,82.0,92.0,94.0,101.0,104.0,158.0,160.0,161.0,174.0,195.0,209.0,209.0,242.0,261.0,262.0,279.0,288.0,341.0,342.0,379.0,400.0,442.0,445.0,446.0,470.0,504.0,522.0,528.0,531.0,532.0,538.0,539.0,549.0,556.0,561.0,562.0,562.0,562.0,567.0,576.0,578.0,582.0,586.0,602.0,615.0,618.0,634.0,639.0,667.0,694.0,698.0,699.0,714.0,724.0,732.0,747.0,749.0,760.0,761.0,766.0,784.0,809.0,832.0,846.0,847.0,868.0,906.0,920.0,921.0,926.0,939.0,979.0,994.0,1000.0,
49.0,55.0,65.0,76.0,85.0,96.0,97.0,132.0,133.0,143.0,175.0,196.0,203.0,242.0,250.0,274.0,279.0,280.0,335.0,378.0,401.0,401.0,440.0,451.0,459.0,519.0,520.0,525.0,531.0,538.0,552.0,553.0,556.0,561.0,562.0,572.0,576.0,582.0,582.0,587.0,590.0,600.0,602.0,603.0,605.0,610.0,621.0,623.0,627.0,637.0,645.0,654.0,672.0,682.0,685.0,696.0,701.0,711.0,749.0,769.0,796.0,806.0,825.0,834.0,878.0,881.0,909.0,967.0,973.0,975.0,989.0,991.0,
3.0,6.0,49.0,53.0,123.0,186.0,235.0,275.0,332.0,342.0,364.0,378.0,385.0,388.0,398.0,412.0,413.0,449.0,450.0,483.0,517.0,519.0,519.0,520.0,525.0,525.0,527.0,528.0,529.0,533.0,538.0,548.0,552.0,557.0,560.0,576.0,588.0,606.0,607.0,614.0,630.0,634.0,638.0,642.0,655.0,659.0,678.0,709.0,716.0,727.0,749.0,764.0,776.0,778.0,784.0,795.0,808.0,818.0,822.0,834.0,841.0,861.0,878.0,896.0,897.0,942.0,960.0,994.0,
10.0,16.0,27.0,31.0,43.0,62.0,100.0,126.0,175.0,183.0,184.0,219.0,267.0,278.0,284.0,294.0,327.0,380.0,433.0,453.0,464.0,519.0,527.0,530.0,531.0,533.0,539.0,546.0,546.0,547.0,555.0,558.0,559.0,566.0,570.0,571.0,578.0,582.0,584.0,587.0,589.0,590.0,592.0,592.0,595.0,599.0,601.0,605.0,613.0,628.0,631.0,648.0,648.0,656.0,659.0,662.0,677.0,677.0,680.0,700.0,703.0,745.0,753.0,782.0,798.0,802.0,808.0,816.0,837.0,837.0,856.0,870.0,930.0,946.0,962.0,969.0,969.0,986.0,991.0,
14.0,20.0,30.0,67.0,71.0,108.0,139.0,146.0,163.0,176.0,189.0,256.0,295.0,308.0,339.0,340.0,356.0,382.0,414.0,428.0,433.0,448.0,458.0,459.0,477.0,523.0,534.0,536.0,536.0,538.0,539.0,541.0,553.0,559.0,566.0,567.0,581.0,595.0,601.0,603.0,616.0,627.0,629.0,639.0,642.0,657.0,661.0,689.0,708.0,710.0,722.0,731.0,735.0,742.0,745.0,763.0,778.0,790.0,840.0,863.0,863.0,865.0,866.0,866.0,872.0,875.0,905.0,907.0,907.0,921.0,922.0,924.0,935.0,936.0,947.0,968.0,974.0,975.0,981.0,985.0,987.0,995.0,
28.0,60.0,73.0,140.0,141.0,223.0,237.0,274.0,278.0,338.0,342.0,363.0,384.0,384.0,393.0,395.0,400.0,453.0,485.0,488.0,515.0,540.0,542.0,544.0,547.0,557.0,560.0,566.0,569.0,572.0,587.0,588.0,620.0,634.0,650.0,672.0,740.0,764.0,767.0,800.0,809.0,869.0,892.0,911.0,
19.0,34.0,62.0,77.0,110.0,134.0,141.0,145.0,147.0,173.0,261.0,271.0,277.0,293.0,323.0,375.0,388.0,417.0,468.0,493.0,529.0,604.0,637.0,638.0,666.0,791.0,862.0,916.0,919.0,972.0,
11.0,45.0,57.0,64.0,67.0,71.0,82.0,102.0,115.0,129.0,133.0,140.0,158.0,160.0,188.0,216.0,238.0,244.0,259.0,262.0,263.0,315.0,316.0,346.0,359.0,463.0,465.0,527.0,530.0,533.0,534.0,536.0,546.0,548.0,548.0,552.0,554.0,555.0,565.0,570.0,576.0,596.0,596.0,609.0,623.0,625.0,635.0,644.0,664.0,669.0,678.0,682.0,741.0,743.0,748.0,783.0,792.0,794.0,800.0,819.0,871.0,899.0,909.0,919.0,931.0,945.0,952.0,957.0,966.0,
13.0,18.0,22.0,69.0,72.0,84.0,117.0,152.0,175.0,201.0,309.0,369.0,377.0,390.0,424.0,425.0,429.0,439.0,440.0,470.0,502.0,519.0,532.0,532.0,535.0,556.0,557.0,559.0,563.0,563.0,568.0,577.0,589.0,589.0,597.0,608.0,613.0,615.0,633.0,644.0,670.0,671.0,705.0,709.0,729.0,734.0,754.0,778.0,785.0,786.0,801.0,807.0,818.0,834.0,842.0,855.0,858.0,884.0,896.0,975.0,978.0,982.0,993.0,994.0,
81.0,102.0,165.0,180.0,237.0,244.0,294.0,304.0,305.0,313.0,380.0,398.0,414.0,456.0,472.0,521.0,522.0,524.0,528.0,530.0,530.0,532.0,532.0,534.0,536.0,542.0,552.0,553.0,561.0,568.0,569.0,577.0,587.0,592.0,600.0,608.0,608.0,612.0,621.0,623.0,637.0,647.0,648.0,652.0,653.0,660.0,668.0,675.0,677.0,684.0,718.0,719.0,741.0,746.0,747.0,765.0,802.0,805.0,813.0,821.0,835.0,874.0,879.0,902.0,923.0,970.0,993.0,997.0,
25.0,165.0,179.0,196.0,204.0,226.0,234.0,242.0,245.0,275.0,280.0,314.0,392.0,399.0,409.0,426.0,489.0,503.0,504.0,515.0,530.0,532.0,532.0,535.0,541.0,543.0,555.0,556.0,579.0,580.0,586.0,592.0,630.0,633.0,642.0,647.0,656.0,667.0,687.0,687.0,725.0,733.0,734.0,759.0,767.0,788.0,789.0,813.0,825.0,837.0,845.0,849.0,858.0,871.0,900.0,907.0,928.0,930.0,932.0,961.0,982.0,985.0,
56.0,83.0,106.0,129.0,150.0,171.0,220.0,263.0,265.0,327.0,342.0,522.0,523.0,525.0,530.0,538.0,546.0,553.0,561.0,563.0,568.0,593.0,593.0,598.0,614.0,617.0,621.0,625.0,628.0,630.0,636.0,653.0,655.0,666.0,682.0,714.0,740.0,755.0,766.0,787.0,808.0,817.0,818.0,823.0,850.0,859.0,870.0,872.0,890.0,895.0,940.0,957.0,961.0,969.0,983.0,984.0,
13.0,26.0,43.0,72.0,81.0,95.0,112.0,163.0,207.0,215.0,315.0,319.0,329.0,388.0,502.0,517.0,525.0,530.0,534.0,535.0,542.0,544.0,554.0,560.0,563.0,563.0,564.0,565.0,569.0,574.0,589.0,596.0,597.0,598.0,604.0,608.0,609.0,622.0,627.0,631.0,636.0,648.0,666.0,666.0,678.0,696.0,702.0,738.0,743.0,750.0,753.0,753.0,771.0,774.0,783.0,788.0,791.0,793.0,795.0,814.0,828.0,833.0,841.0,922.0,924.0,928.0,
19.0,48.0,75.0,77.0,105.0,147.0,159.0,165.0,192.0,219.0,266.0,284.0,286.0,324.0,327.0,347.0,363.0,399.0,415.0,437.0,439.0,461.0,512.0,517.0,527.0,530.0,530.0,530.0,532.0,534.0,539.0,543.0,544.0,561.0,564.0,568.0,572.0,584.0,591.0,611.0,612.0,628.0,636.0,648.0,650.0,653.0,656.0,700.0,702.0,703.0,710.0,747.0,753.0,765.0,776.0,783.0,795.0,800.0,806.0,835.0,836.0,870.0,872.0,900.0,906.0,922.0,927.0,929.0,931.0,932.0,934.0,935.0,942.0,981.0,
17.0,41.0,48.0,63.0,65.0,75.0,90.0,101.0,113.0,124.0,138.0,208.0,213.0,240.0,262.0,278.0,291.0,350.0,361.0,397.0,412.0,433.0,446.0,458.0,469.0,509.0,520.0,535.0,537.0,541.0,541.0,546.0,556.0,560.0,564.0,576.0,578.0,591.0,593.0,598.0,607.0,619.0,619.0,621.0,638.0,640.0,647.0,666.0,674.0,691.0,692.0,696.0,697.0,707.0,718.0,719.0,726.0,730.0,735.0,739.0,771.0,818.0,822.0,836.0,857.0,894.0,899.0,904.0,906.0,935.0,937.0,949.0,974.0,977.0,
13.0,49.0,103.0,108.0,117.0,181.0,187.0,223.0,234.0,317.0,319.0,449.0,453.0,483.0,536.0,544.0,559.0,586.0,603.0,611.0,620.0,646.0,666.0,676.0,683.0,686.0,702.0,716.0,716.0,723.0,754.0,769.0,783.0,785.0,799.0,843.0,866.0,940.0,940.0,945.0,948.0,955.0,990.0,
15.0,58.0,65.0,81.0,85.0,113.0,128.0,128.0,131.0,172.0,253.0,287.0,359.0,369.0,378.0,401.0,417.0,425.0,450.0,481.0,481.0,545.0,550.0,564.0,567.0,625.0,650.0,656.0,686.0,691.0,695.0,703.0,756.0,757.0,825.0,826.0,857.0,909.0,931.0,936.0,965.0,
29.0,47.0,48.0,156.0,186.0,255.0,381.0,399.0,423.0,436.0,446.0,473.0,516.0,532.0,540.0,545.0,555.0,560.0,567.0,571.0,576.0,585.0,588.0,589.0,591.0,612.0,619.0,649.0,650.0,662.0,665.0,666.0,692.0,717.0,729.0,733.0,747.0,760.0,785.0,788.0,794.0,813.0,823.0,825.0,830.0,841.0,856.0,912.0,915.0,959.0,
13.0,47.0,60.0,74.0,99.0,113.0,134.0,146.0,154.0,233.0,234.0,238.0,252.0,265.0,296.0,297.0,370.0,394.0,434.0,476.0,486.0,517.0,527.0,527.0,531.0,536.0,539.0,541.0,545.0,547.0,554.0,566.0,570.0,587.0,593.0,609.0,610.0,610.0,634.0,663.0,667.0,668.0,674.0,674.0,680.0,685.0,689.0,693.0,707.0,710.0,712.0,728.0,741.0,741.0,756.0,767.0,780.0,781.0,796.0,801.0,817.0,821.0,823.0,825.0,828.0,833.0,837.0,858.0,893.0,913.0,929.0,938.0,939.0,940.0,941.0,958.0,978.0,979.0,997.0,
174.0,219.0,231.0,244.0,292.0,347.0,369.0,447.0,465.0,477.0,482.0,516.0,516.0,517.0,539.0,549.0,551.0,551.0,552.0,554.0,557.0,581.0,598.0,612.0,617.0,625.0,626.0,628.0,630.0,633.0,639.0,679.0,698.0,715.0,744.0,746.0,765.0,779.0,792.0,798.0,838.0,838.0,861.0,863.0,868.0,874.0,918.0,941.0,956.0,979.0,981.0,
22.0,32.0,45.0,55.0,63.0,64.0,79.0,90.0,121.0,123.0,126.0,127.0,179.0,181.0,182.0,183.0,185.0,209.0,221.0,243.0,245.0,258.0,297.0,355.0,356.0,373.0,386.0,427.0,477.0,482.0,484.0,501.0,515.0,523.0,529.0,533.0,537.0,538.0,542.0,554.0,558.0,575.0,577.0,584.0,585.0,595.0,612.0,614.0,639.0,682.0,683.0,686.0,688.0,692.0,708.0,742.0,755.0,783.0,795.0,800.0,825.0,899.0,914.0,917.0,930.0,933.0,941.0,985.0,985.0,999.0,
48.0,81.0,101.0,107.0,125.0,134.0,146.0,156.0,173.0,245.0,279.0,289.0,297.0,301.0,307.0,332.0,356.0,360.0,371.0,377.0,397.0,397.0,430.0,467.0,476.0,483.0,506.0,506.0,510.0,526.0,530.0,541.0,542.0,545.0,546.0,547.0,550.0,553.0,553.0,560.0,561.0,567.0,574.0,574.0,580.0,585.0,586.0,588.0,602.0,602.0,612.0,657.0,657.0,667.0,674.0,674.0,680.0,697.0,705.0,706.0,709.0,726.0,737.0,744.0,763.0,764.0,817.0,820.0,833.0,836.0,867.0,878.0,891.0,897.0,910.0,916.0,917.0,923.0,925.0,976.0,993.0,
52.0,140.0,157.0,207.0,210.0,221.0,306.0,319.0,324.0,332.0,415.0,452.0,470.0,501.0,511.0,512.0,518.0,523.0,537.0,547.0,548.0,548.0,549.0,563.0,565.0,571.0,572.0,573.0,588.0,594.0,602.0,605.0,605.0,616.0,618.0,621.0,642.0,649.0,650.0,665.0,686.0,713.0,729.0,734.0,741.0,756.0,758.0,765.0,781.0,781.0,785.0,794.0,822.0,847.0,881.0,920.0,938.0,946.0,959.0,970.0,999.0,
46.0,63.0,115.0,135.0,172.0,174.0,176.0,249.0,288.0,326.0,329.0,347.0,382.0,403.0,409.0,448.0,480.0,509.0,523.0,530.0,532.0,537.0,540.0,558.0,573.0,578.0,579.0,588.0,589.0,597.0,604.0,607.0,618.0,633.0,636.0,639.0,641.0,648.0,668.0,678.0,714.0,717.0,719.0,732.0,739.0,750.0,754.0,772.0,776.0,815.0,826.0,869.0,876.0,904.0,912.0,973.0,978.0,992.0,993.0,
29.0,29.0,50.0,80.0,95.0,175.0,197.0,225.0,231.0,326.0,336.0,340.0,398.0,424.0,427.0,509.0,535.0,551.0,562.0,563.0,566.0,576.0,578.0,582.0,590.0,608.0,611.0,618.0,623.0,624.0,639.0,647.0,648.0,648.0,659.0,666.0,671.0,680.0,686.0,687.0,689.0,712.0,770.0,783.0,785.0,793.0,810.0,815.0,828.0,843.0,844.0,851.0,862.0,864.0,866.0,874.0,890.0,925.0,949.0,958.0,959.0,975.0,977.0,993.0,
19.0,35.0,36.0,62.0,69.0,79.0,84.0,105.0,108.0,151.0,158.0,163.0,238.0,292.0,338.0,349.0,393.0,415.0,464.0,469.0,486.0,487.0,517.0,524.0,529.0,539.0,546.0,546.0,548.0,550.0,569.0,591.0,593.0,593.0,614.0,626.0,636.0,642.0,644.0,672.0,672.0,693.0,694.0,708.0,713.0,751.0,760.0,770.0,771.0,773.0,791.0,802.0,825.0,836.0,844.0,884.0,904.0,915.0,920.0,931.0,932.0,950.0,956.0,
7.0,15.0,25.0,43.0,60.0,149.0,164.0,165.0,178.0,246.0,254.0,261.0,262.0,265.0,271.0,300.0,358.0,391.0,417.0,445.0,445.0,487.0,512.0,516.0,546.0,555.0,633.0,638.0,650.0,686.0,735.0,760.0,773.0,821.0,842.0,844.0,863.0,
54.0,125.0,194.0,208.0,243.0,309.0,311.0,323.0,363.0,376.0,388.0,501.0,536.0,536.0,536.0,551.0,557.0,567.0,568.0,570.0,571.0,586.0,595.0,610.0,611.0,613.0,629.0,637.0,646.0,652.0,670.0,676.0,709.0,728.0,739.0,739.0,740.0,747.0,774.0,789.0,807.0,815.0,835.0,850.0,856.0,886.0,893.0,903.0,957.0,962.0,963.0,985.0,
15.0,22.0,66.0,121.0,134.0,134.0,193.0,280.0,291.0,329.0,349.0,396.0,414.0,431.0,462.0,498.0,507.0,518.0,520.0,524.0,528.0,530.0,531.0,533.0,534.0,540.0,543.0,545.0,546.0,549.0,553.0,553.0,560.0,562.0,575.0,579.0,583.0,590.0,594.0,597.0,609.0,611.0,616.0,619.0,630.0,636.0,647.0,654.0,688.0,702.0,726.0,731.0,741.0,743.0,759.0,772.0,784.0,784.0,785.0,831.0,856.0,868.0,885.0,907.0,946.0,950.0,954.0,
68.0,108.0,143.0,179.0,184.0,274.0,342.0,354.0,374.0,390.0,396.0,460.0,473.0,480.0,510.0,520.0,521.0,527.0,544.0,548.0,557.0,565.0,566.0,567.0,569.0,575.0,582.0,586.0,587.0,615.0,626.0,663.0,663.0,682.0,765.0,776.0,781.0,810.0,839.0,842.0,866.0,894.0,897.0,900.0,907.0,912.0,918.0,
4.0,11.0,17.0,35.0,117.0,152.0,159.0,162.0,185.0,196.0,213.0,226.0,227.0,253.0,255.0,287.0,313.0,314.0,355.0,394.0,396.0,399.0,468.0,495.0,519.0,524.0,528.0,535.0,538.0,548.0,549.0,553.0,561.0,562.0,566.0,577.0,606.0,611.0,615.0,618.0,620.0,622.0,627.0,636.0,645.0,649.0,652.0,659.0,677.0,678.0,703.0,715.0,715.0,731.0,733.0,733.0,765.0,792.0,803.0,805.0,828.0,844.0,848.0,884.0,911.0,994.0,
9.0,47.0,65.0,82.0,87.0,138.0,159.0,193.0,231.0,256.0,270.0,275.0,288.0,302.0,309.0,315.0,357.0,371.0,428.0,444.0,451.0,467.0,470.0,509.0,520.0,523.0,534.0,542.0,547.0,551.0,574.0,585.0,595.0,599.0,629.0,629.0,638.0,645.0,650.0,676.0,678.0,687.0,734.0,735.0,749.0,763.0,768.0,783.0,860.0,878.0,881.0,891.0,917.0,923.0,930.0,974.0,
33.0,38.0,39.0,77.0,106.0,108.0,161.0,172.0,178.0,182.0,192.0,204.0,258.0,337.0,404.0,441.0,469.0,475.0,489.0,521.0,524.0,524.0,524.0,526.0,528.0,532.0,534.0,545.0,549.0,551.0,551.0,558.0,567.0,569.0,570.0,572.0,574.0,575.0,595.0,603.0,630.0,631.0,634.0,651.0,665.0,707.0,709.0,713.0,731.0,742.0,755.0,791.0,811.0,818.0,827.0,833.0,845.0,865.0,933.0,945.0,945.0,947.0,960.0,962.0,969.0,
7.0,51.0,68.0,70.0,92.0,92.0,173.0,208.0,227.0,263.0,278.0,289.0,312.0,315.0,324.0,344.0,353.0,390.0,395.0,436.0,457.0,458.0,469.0,488.0,509.0,518.0,523.0,544.0,553.0,559.0,578.0,581.0,583.0,585.0,596.0,620.0,621.0,628.0,655.0,655.0,680.0,688.0,700.0,701.0,707.0,708.0,724.0,743.0,747.0,753.0,768.0,787.0,798.0,800.0,832.0,843.0,853.0,865.0,893.0,894.0,902.0,917.0,919.0,934.0,943.0,956.0,961.0,974.0,974.0,975.0,982.0,984.0,991.0,
7.0,51.0,63.0,124.0,150.0,177.0,182.0,256.0,280.0,299.0,330.0,333.0,453.0,518.0,529.0,530.0,536.0,537.0,539.0,541.0,541.0,550.0,555.0,556.0,561.0,571.0,574.0,592.0,598.0,599.0,608.0,617.0,625.0,633.0,635.0,640.0,648.0,649.0,655.0,699.0,700.0,705.0,706.0,711.0,712.0,713.0,715.0,747.0,748.0,766.0,766.0,768.0,788.0,802.0,833.0,838.0,852.0,857.0,863.0,905.0,906.0,912.0,924.0,924.0,927.0,945.0,946.0,947.0,951.0,956.0,967.0,992.0,999.0,
7.0,27.0,42.0,44.0,48.0,56.0,76.0,126.0,166.0,217.0,232.0,275.0,349.0,361.0,373.0,421.0,430.0,434.0,476.0,512.0,524.0,526.0,533.0,550.0,562.0,569.0,569.0,572.0,593.0,610.0,611.0,621.0,667.0,692.0,698.0,704.0,738.0,755.0,806.0,825.0,835.0,840.0,871.0,902.0,918.0,927.0,930.0,942.0,946.0,948.0,955.0,957.0,969.0,978.0,
18.0,26.0,32.0,36.0,80.0,104.0,139.0,148.0,186.0,247.0,279.0,315.0,370.0,412.0,420.0,420.0,436.0,452.0,462.0,500.0,573.0,606.0,670.0,732.0,758.0,761.0,792.0,805.0,805.0,821.0,843.0,895.0,903.0,929.0,934.0,980.0,996.0,
18.0,44.0,79.0,157.0,182.0,230.0,237.0,275.0,285.0,286.0,347.0,383.0,397.0,422.0,461.0,505.0,512.0,547.0,552.0,599.0,631.0,642.0,681.0,742.0,796.0,833.0,857.0,882.0,917.0,931.0,937.0,
29.0,72.0,82.0,91.0,118.0,120.0,170.0,178.0,216.0,234.0,262.0,263.0,271.0,282.0,320.0,358.0,389.0,394.0,445.0,445.0,464.0,514.0,518.0,520.0,526.0,526.0,530.0,531.0,536.0,542.0,548.0,558.0,561.0,563.0,564.0,578.0,589.0,598.0,606.0,612.0,616.0,625.0,627.0,633.0,637.0,647.0,652.0,661.0,662.0,666.0,674.0,677.0,695.0,701.0,723.0,739.0,771.0,784.0,787.0,834.0,839.0,851.0,887.0,892.0,896.0,927.0,930.0,933.0,940.0,952.0,
5.0,28.0,36.0,41.0,43.0,99.0,99.0,133.0,149.0,173.0,199.0,212.0,214.0,226.0,267.0,321.0,337.0,339.0,344.0,366.0,380.0,484.0,520.0,520.0,522.0,522.0,523.0,523.0,525.0,527.0,543.0,547.0,555.0,559.0,559.0,576.0,588.0,596.0,599.0,607.0,616.0,616.0,618.0,621.0,625.0,629.0,647.0,652.0,680.0,687.0,699.0,747.0,757.0,772.0,783.0,786.0,797.0,833.0,837.0,844.0,850.0,860.0,885.0,888.0,945.0,954.0,956.0,984.0,986.0,987.0,996.0,999.0,
2.0,46.0,67.0,89.0,152.0,187.0,290.0,360.0,420.0,430.0,436.0,455.0,459.0,474.0,495.0,495.0,512.0,519.0,520.0,534.0,535.0,542.0,546.0,549.0,568.0,568.0,569.0,570.0,589.0,596.0,596.0,598.0,604.0,605.0,611.0,639.0,641.0,662.0,668.0,671.0,679.0,681.0,701.0,703.0,710.0,710.0,713.0,717.0,718.0,787.0,853.0,906.0,928.0,933.0,941.0,946.0,981.0,984.0,993.0,
38.0,41.0,135.0,154.0,159.0,213.0,243.0,249.0,262.0,275.0,313.0,368.0,376.0,404.0,413.0,438.0,441.0,511.0,515.0,520.0,528.0,530.0,532.0,536.0,537.0,538.0,539.0,540.0,541.0,547.0,547.0,549.0,550.0,552.0,557.0,561.0,590.0,591.0,598.0,598.0,606.0,623.0,630.0,648.0,656.0,658.0,659.0,663.0,705.0,722.0,731.0,761.0,776.0,795.0,799.0,801.0,809.0,810.0,822.0,842.0,864.0,872.0,891.0,899.0,899.0,901.0,948.0,950.0,978.0,991.0,
40.0,79.0,132.0,166.0,281.0,294.0,379.0,433.0,435.0,517.0,525.0,526.0,537.0,547.0,547.0,548.0,549.0,553.0,555.0,559.0,559.0,563.0,565.0,566.0,572.0,574.0,580.0,587.0,599.0,599.0,600.0,615.0,632.0,641.0,656.0,670.0,676.0,724.0,735.0,735.0,735.0,746.0,761.0,767.0,777.0,779.0,790.0,794.0,809.0,819.0,833.0,845.0,857.0,879.0,902.0,917.0,926.0,930.0,936.0,937.0,954.0,958.0,961.0,969.0,974.0,983.0,
29.0,40.0,50.0,65.0,120.0,130.0,225.0,272.0,290.0,301.0,305.0,320.0,355.0,399.0,417.0,424.0,427.0,448.0,472.0,510.0,520.0,527.0,528.0,530.0,535.0,536.0,538.0,540.0,547.0,564.0,564.0,577.0,580.0,584.0,587.0,593.0,593.0,594.0,615.0,617.0,618.0,618.0,619.0,619.0,628.0,633.0,638.0,649.0,651.0,658.0,661.0,666.0,683.0,690.0,692.0,698.0,703.0,718.0,730.0,732.0,746.0,766.0,767.0,767.0,790.0,801.0,819.0,830.0,862.0,871.0,900.0,901.0,908.0,939.0,955.0,970.0,975.0,
5.0,14.0,53.0,56.0,58.0,84.0,164.0,198.0,224.0,234.0,238.0,269.0,282.0,297.0,371.0,420.0,437.0,463.0,472.0,473.0,500.0,521.0,531.0,537.0,537.0,537.0,539.0,539.0,541.0,545.0,548.0,548.0,556.0,559.0,563.0,567.0,567.0,571.0,581.0,585.0,589.0,589.0,593.0,600.0,601.0,602.0,611.0,634.0,637.0,655.0,672.0,713.0,719.0,722.0,723.0,750.0,766.0,773.0,775.0,779.0,782.0,784.0,786.0,851.0,854.0,866.0,870.0,876.0,887.0,906.0,917.0,924.0,928.0,929.0,929.0,936.0,954.0,972.0,999.0,
8.0,167.0,169.0,208.0,229.0,257.0,430.0,433.0,445.0,453.0,454.0,476.0,480.0,484.0,492.0,494.0,502.0,529.0,534.0,537.0,552.0,560.0,588.0,604.0,608.0,618.0,718.0,725.0,726.0,771.0,798.0,866.0,909.0,938.0,
107.0,162.0,181.0,184.0,194.0,203.0,221.0,237.0,270.0,282.0,282.0,299.0,304.0,309.0,318.0,322.0,343.0,349.0,392.0,411.0,414.0,457.0,460.0,480.0,547.0,603.0,619.0,630.0,696.0,704.0,784.0,824.0,857.0,880.0,883.0,886.0,929.0,949.0,960.0,993.0,
52.0,74.0,82.0,133.0,146.0,173.0,202.0,230.0,276.0,358.0,362.0,420.0,452.0,456.0,463.0,511.0,553.0,659.0,830.0,879.0,919.0,930.0,953.0,993.0,
55.0,151.0,157.0,164.0,220.0,245.0,246.0,250.0,274.0,276.0,278.0,285.0,340.0,347.0,359.0,403.0,428.0,440.0,497.0,532.0,542.0,550.0,563.0,571.0,576.0,621.0,624.0,629.0,631.0,647.0,652.0,684.0,684.0,702.0,744.0,748.0,755.0,773.0,794.0,795.0,806.0,819.0,867.0,929.0,942.0,955.0,978.0,984.0,
23.0,28.0,83.0,86.0,200.0,234.0,252.0,276.0,319.0,337.0,366.0,387.0,424.0,427.0,446.0,500.0,510.0,520.0,526.0,527.0,527.0,530.0,554.0,555.0,564.0,566.0,568.0,577.0,582.0,588.0,591.0,594.0,598.0,608.0,615.0,630.0,653.0,670.0,670.0,670.0,695.0,711.0,735.0,753.0,758.0,765.0,769.0,775.0,789.0,803.0,827.0,841.0,847.0,852.0,858.0,861.0,873.0,918.0,922.0,962.0,963.0,967.0,979.0,980.0,982.0,988.0,994.0,
50.0,80.0,92.0,128.0,131.0,134.0,164.0,164.0,180.0,200.0,271.0,311.0,324.0,372.0,395.0,403.0,425.0,449.0,460.0,472.0,476.0,506.0,526.0,528.0,529.0,529.0,529.0,535.0,539.0,543.0,544.0,545.0,550.0,551.0,563.0,566.0,569.0,573.0,579.0,580.0,590.0,594.0,608.0,616.0,621.0,622.0,623.0,630.0,632.0,637.0,649.0,659.0,693.0,695.0,710.0,717.0,740.0,741.0,747.0,748.0,751.0,762.0,773.0,821.0,824.0,848.0,861.0,885.0,913.0,924.0,935.0,941.0,948.0,950.0,
19.0,67.0,141.0,271.0,311.0,349.0,357.0,388.0,403.0,408.0,419.0,429.0,443.0,452.0,492.0,512.0,525.0,526.0,533.0,533.0,540.0,545.0,557.0,563.0,566.0,569.0,570.0,576.0,579.0,585.0,596.0,622.0,628.0,629.0,631.0,637.0,655.0,695.0,697.0,698.0,713.0,718.0,719.0,751.0,758.0,773.0,785.0,788.0,819.0,824.0,839.0,914.0,918.0,950.0,955.0,969.0,972.0,973.0,977.0,979.0,
31.0,63.0,89.0,118.0,137.0,141.0,272.0,284.0,361.0,385.0,386.0,399.0,402.0,421.0,473.0,485.0,488.0,523.0,530.0,532.0,545.0,545.0,545.0,546.0,549.0,549.0,556.0,559.0,566.0,571.0,574.0,581.0,584.0,586.0,591.0,593.0,602.0,603.0,605.0,606.0,607.0,612.0,625.0,629.0,643.0,649.0,681.0,684.0,707.0,711.0,715.0,726.0,747.0,760.0,774.0,786.0,815.0,815.0,820.0,823.0,833.0,849.0,889.0,923.0,946.0,953.0,954.0,956.0,964.0,991.0,
80.0,202.0,210.0,258.0,280.0,283.0,293.0,299.0,307.0,308.0,339.0,358.0,398.0,445.0,516.0,523.0,525.0,529.0,531.0,533.0,538.0,542.0,554.0,563.0,566.0,573.0,584.0,586.0,596.0,603.0,613.0,624.0,633.0,685.0,685.0,691.0,719.0,720.0,730.0,732.0,734.0,734.0,743.0,752.0,762.0,771.0,784.0,797.0,802.0,839.0,843.0,858.0,860.0,862.0,869.0,871.0,899.0,918.0,921.0,944.0,965.0,
8.0,14.0,29.0,136.0,137.0,143.0,161.0,169.0,218.0,233.0,246.0,265.0,384.0,491.0,517.0,527.0,532.0,533.0,541.0,561.0,561.0,585.0,605.0,607.0,610.0,619.0,644.0,646.0,658.0,671.0,795.0,810.0,841.0,847.0,866.0,944.0,947.0,964.0,967.0,976.0,996.0,
12.0,15.0,35.0,86.0,91.0,175.0,177.0,194.0,246.0,255.0,263.0,279.0,353.0,401.0,441.0,460.0,471.0,520.0,545.0,547.0,549.0,572.0,607.0,685.0,738.0,738.0,754.0,774.0,801.0,816.0,850.0,938.0,952.0,978.0,990.0,
22.0,53.0,67.0,111.0,119.0,156.0,163.0,174.0,179.0,236.0,261.0,297.0,375.0,396.0,451.0,458.0,459.0,544.0,545.0,578.0,589.0,591.0,592.0,677.0,704.0,818.0,824.0,825.0,837.0,855.0,916.0,938.0,992.0,
16.0,20.0,70.0,95.0,101.0,115.0,117.0,154.0,167.0,187.0,189.0,218.0,226.0,249.0,313.0,354.0,369.0,378.0,400.0,420.0,475.0,516.0,517.0,529.0,531.0,552.0,593.0,604.0,610.0,613.0,642.0,670.0,679.0,711.0,735.0,750.0,789.0,802.0,827.0,830.0,881.0,882.0,899.0,970.0,973.0,974.0,
16.0,17.0,19.0,28.0,59.0,88.0,96.0,151.0,184.0,203.0,206.0,283.0,297.0,320.0,351.0,354.0,354.0,368.0,453.0,478.0,484.0,514.0,628.0,664.0,670.0,680.0,741.0,745.0,757.0,814.0,819.0,840.0,853.0,863.0,863.0,931.0,
2.0,40.0,45.0,68.0,110.0,121.0,132.0,157.0,204.0,218.0,227.0,238.0,308.0,331.0,512.0,515.0,525.0,534.0,549.0,577.0,582.0,631.0,719.0,930.0,984.0,
2.0,9.0,18.0,21.0,67.0,100.0,123.0,263.0,291.0,311.0,326.0,329.0,363.0,383.0,403.0,408.0,411.0,427.0,429.0,434.0,521.0,527.0,539.0,545.0,553.0,554.0,563.0,572.0,577.0,579.0,587.0,589.0,618.0,619.0,623.0,624.0,631.0,639.0,656.0,660.0,692.0,715.0,718.0,721.0,724.0,763.0,786.0,797.0,840.0,844.0,844.0,858.0,860.0,871.0,957.0,970.0,998.0,
32.0,75.0,149.0,149.0,167.0,172.0,185.0,223.0,227.0,235.0,252.0,292.0,339.0,404.0,427.0,458.0,502.0,509.0,515.0,521.0,537.0,543.0,544.0,546.0,546.0,551.0,555.0,557.0,575.0,581.0,590.0,591.0,592.0,597.0,620.0,699.0,704.0,711.0,742.0,749.0,759.0,772.0,777.0,791.0,798.0,809.0,820.0,834.0,864.0,
3.0,46.0,83.0,139.0,170.0,172.0,177.0,194.0,206.0,253.0,255.0,255.0,265.0,299.0,350.0,385.0,392.0,411.0,456.0,469.0,492.0,494.0,500.0,509.0,529.0,531.0,534.0,536.0,537.0,539.0,542.0,548.0,555.0,559.0,578.0,588.0,625.0,644.0,685.0,694.0,699.0,720.0,724.0,775.0,798.0,799.0,869.0,895.0,916.0,923.0,953.0,
3.0,43.0,53.0,62.0,90.0,114.0,120.0,126.0,211.0,223.0,240.0,251.0,275.0,385.0,483.0,500.0,526.0,533.0,534.0,539.0,547.0,565.0,585.0,587.0,648.0,782.0,789.0,808.0,848.0,869.0,952.0,966.0,995.0,
13.0,21.0,56.0,62.0,63.0,71.0,134.0,173.0,336.0,340.0,362.0,375.0,395.0,399.0,425.0,436.0,442.0,442.0,443.0,457.0,536.0,537.0,576.0,642.0,659.0,676.0,700.0,709.0,711.0,747.0,755.0,782.0,837.0,976.0,976.0,
82.0,99.0,128.0,138.0,154.0,157.0,159.0,175.0,198.0,222.0,230.0,258.0,277.0,327.0,356.0,363.0,365.0,392.0,417.0,420.0,431.0,446.0,499.0,523.0,549.0,587.0,592.0,601.0,607.0,654.0,664.0,682.0,692.0,758.0,771.0,788.0,904.0,943.0,975.0,985.0,
