19.0,29.0,39.0,50.0,66.0,67.0,104.0,154.0,156.0,238.0,247.0,262.0,290.0,352.0,370.0,382.0,410.0,449.0,482.0,542.0,548.0,551.0,666.0,667.0,705.0,721.0,722.0,724.0,820.0,827.0,846.0,847.0,855.0,868.0,881.0,918.0,939.0,943.0,954.0,
24.0,27.0,29.0,37.0,80.0,84.0,153.0,247.0,301.0,324.0,393.0,510.0,573.0,584.0,673.0,682.0,698.0,799.0,800.0,814.0,837.0,906.0,932.0,953.0,963.0,991.0,
21.0,95.0,101.0,164.0,183.0,376.0,381.0,413.0,419.0,423.0,451.0,468.0,485.0,509.0,619.0,672.0,736.0,780.0,842.0,884.0,
39.0,46.0,78.0,99.0,134.0,147.0,161.0,219.0,228.0,351.0,388.0,401.0,408.0,416.0,491.0,497.0,503.0,525.0,534.0,541.0,569.0,574.0,616.0,627.0,862.0,913.0,918.0,922.0,926.0,957.0,
7.0,14.0,54.0,61.0,87.0,112.0,143.0,176.0,186.0,195.0,206.0,249.0,273.0,442.0,519.0,524.0,540.0,546.0,551.0,564.0,581.0,598.0,599.0,606.0,614.0,651.0,653.0,669.0,710.0,745.0,777.0,797.0,844.0,895.0,920.0,921.0,927.0,967.0,
54.0,72.0,95.0,104.0,118.0,139.0,178.0,204.0,216.0,264.0,271.0,317.0,351.0,355.0,355.0,379.0,418.0,427.0,446.0,476.0,495.0,511.0,513.0,547.0,550.0,563.0,567.0,567.0,582.0,592.0,603.0,621.0,641.0,657.0,677.0,749.0,755.0,760.0,780.0,784.0,833.0,854.0,865.0,908.0,908.0,914.0,917.0,920.0,980.0,
5.0,20.0,28.0,71.0,84.0,90.0,113.0,119.0,129.0,179.0,220.0,239.0,249.0,281.0,336.0,340.0,379.0,385.0,394.0,414.0,461.0,463.0,487.0,510.0,514.0,531.0,540.0,544.0,546.0,548.0,551.0,567.0,586.0,596.0,598.0,620.0,621.0,629.0,633.0,649.0,696.0,788.0,802.0,826.0,843.0,864.0,871.0,900.0,915.0,916.0,930.0,954.0,988.0,998.0,
35.0,35.0,46.0,72.0,114.0,146.0,170.0,188.0,210.0,250.0,266.0,294.0,316.0,342.0,400.0,519.0,528.0,576.0,578.0,627.0,691.0,731.0,819.0,935.0,939.0,
46.0,180.0,228.0,366.0,442.0,508.0,523.0,528.0,534.0,536.0,538.0,554.0,571.0,583.0,681.0,722.0,791.0,967.0,
10.0,26.0,43.0,60.0,86.0,112.0,190.0,195.0,221.0,321.0,328.0,359.0,399.0,431.0,435.0,458.0,466.0,470.0,511.0,545.0,592.0,617.0,650.0,655.0,662.0,725.0,739.0,745.0,749.0,778.0,783.0,796.0,819.0,841.0,849.0,874.0,882.0,886.0,905.0,916.0,926.0,940.0,947.0,973.0,
22.0,47.0,92.0,103.0,129.0,155.0,255.0,273.0,273.0,287.0,325.0,346.0,404.0,439.0,443.0,489.0,492.0,494.0,519.0,539.0,540.0,560.0,575.0,586.0,634.0,690.0,728.0,763.0,767.0,818.0,833.0,861.0,915.0,916.0,928.0,999.0,
48.0,78.0,110.0,119.0,152.0,171.0,179.0,193.0,197.0,271.0,282.0,297.0,330.0,332.0,339.0,342.0,372.0,379.0,386.0,388.0,424.0,481.0,498.0,547.0,556.0,567.0,650.0,730.0,746.0,757.0,759.0,761.0,764.0,770.0,781.0,798.0,888.0,911.0,942.0,
28.0,40.0,53.0,69.0,79.0,98.0,106.0,134.0,138.0,154.0,156.0,172.0,172.0,194.0,216.0,217.0,239.0,255.0,299.0,301.0,302.0,307.0,315.0,324.0,349.0,467.0,475.0,510.0,515.0,533.0,575.0,576.0,588.0,595.0,599.0,600.0,601.0,627.0,629.0,635.0,653.0,654.0,658.0,662.0,663.0,684.0,732.0,739.0,742.0,750.0,756.0,769.0,793.0,804.0,841.0,859.0,891.0,893.0,901.0,919.0,971.0,
74.0,79.0,85.0,174.0,214.0,360.0,373.0,410.0,432.0,444.0,467.0,511.0,524.0,524.0,526.0,531.0,532.0,535.0,542.0,542.0,547.0,549.0,558.0,560.0,564.0,569.0,573.0,574.0,577.0,578.0,594.0,599.0,600.0,603.0,607.0,612.0,618.0,621.0,626.0,637.0,671.0,700.0,711.0,715.0,715.0,757.0,760.0,763.0,765.0,771.0,811.0,817.0,847.0,849.0,852.0,855.0,862.0,878.0,943.0,948.0,955.0,976.0,980.0,991.0,
4.0,27.0,38.0,65.0,70.0,89.0,153.0,187.0,210.0,227.0,343.0,354.0,367.0,419.0,527.0,532.0,535.0,537.0,540.0,548.0,548.0,549.0,552.0,554.0,557.0,558.0,561.0,564.0,568.0,591.0,617.0,620.0,623.0,671.0,680.0,683.0,690.0,710.0,718.0,727.0,741.0,747.0,748.0,776.0,779.0,808.0,816.0,819.0,862.0,865.0,895.0,896.0,924.0,937.0,957.0,975.0,981.0,
58.0,78.0,89.0,113.0,135.0,140.0,202.0,207.0,216.0,216.0,242.0,281.0,329.0,339.0,340.0,350.0,359.0,381.0,399.0,411.0,426.0,430.0,446.0,447.0,492.0,494.0,499.0,503.0,504.0,508.0,533.0,545.0,549.0,551.0,554.0,557.0,557.0,566.0,570.0,571.0,583.0,584.0,601.0,610.0,633.0,636.0,645.0,651.0,653.0,661.0,669.0,700.0,714.0,736.0,755.0,763.0,772.0,774.0,804.0,815.0,834.0,839.0,849.0,852.0,860.0,881.0,888.0,909.0,922.0,934.0,941.0,
28.0,40.0,75.0,101.0,122.0,164.0,165.0,191.0,192.0,241.0,284.0,374.0,390.0,393.0,428.0,463.0,469.0,507.0,511.0,515.0,531.0,542.0,545.0,559.0,563.0,564.0,565.0,565.0,566.0,577.0,581.0,585.0,585.0,593.0,602.0,608.0,623.0,628.0,628.0,633.0,644.0,655.0,659.0,680.0,683.0,689.0,690.0,695.0,696.0,703.0,727.0,730.0,749.0,761.0,763.0,772.0,774.0,784.0,785.0,786.0,794.0,797.0,797.0,799.0,801.0,837.0,842.0,851.0,868.0,869.0,873.0,878.0,881.0,885.0,888.0,897.0,912.0,913.0,922.0,933.0,940.0,971.0,
25.0,30.0,42.0,55.0,79.0,112.0,122.0,140.0,158.0,194.0,204.0,208.0,254.0,276.0,306.0,316.0,324.0,330.0,356.0,385.0,420.0,458.0,475.0,484.0,529.0,530.0,538.0,538.0,543.0,548.0,555.0,556.0,556.0,558.0,559.0,564.0,566.0,567.0,568.0,568.0,574.0,576.0,577.0,579.0,595.0,602.0,609.0,616.0,617.0,628.0,631.0,638.0,648.0,656.0,663.0,671.0,703.0,730.0,734.0,752.0,759.0,780.0,799.0,805.0,806.0,813.0,819.0,825.0,845.0,863.0,867.0,871.0,880.0,881.0,897.0,907.0,930.0,940.0,940.0,941.0,988.0,
17.0,25.0,37.0,54.0,63.0,92.0,143.0,145.0,181.0,197.0,233.0,333.0,346.0,401.0,417.0,442.0,445.0,501.0,528.0,530.0,556.0,568.0,576.0,581.0,587.0,588.0,588.0,595.0,605.0,609.0,612.0,619.0,621.0,667.0,670.0,699.0,730.0,749.0,772.0,799.0,869.0,870.0,881.0,890.0,929.0,960.0,983.0,993.0,
47.0,56.0,107.0,122.0,157.0,163.0,182.0,214.0,222.0,263.0,275.0,282.0,298.0,302.0,350.0,357.0,359.0,363.0,372.0,397.0,418.0,452.0,490.0,515.0,557.0,578.0,599.0,647.0,689.0,705.0,724.0,740.0,758.0,824.0,829.0,905.0,945.0,946.0,
67.0,88.0,94.0,104.0,111.0,123.0,199.0,222.0,258.0,299.0,324.0,336.0,371.0,387.0,417.0,426.0,454.0,471.0,532.0,546.0,557.0,559.0,586.0,627.0,697.0,714.0,793.0,814.0,826.0,853.0,912.0,942.0,956.0,
36.0,53.0,64.0,101.0,108.0,131.0,215.0,277.0,288.0,358.0,432.0,466.0,504.0,524.0,527.0,529.0,530.0,535.0,538.0,542.0,544.0,595.0,608.0,608.0,611.0,615.0,622.0,632.0,638.0,641.0,663.0,672.0,685.0,685.0,685.0,700.0,706.0,727.0,794.0,817.0,866.0,876.0,904.0,923.0,936.0,981.0,988.0,1000.0,
25.0,94.0,187.0,286.0,299.0,309.0,316.0,374.0,397.0,460.0,505.0,519.0,522.0,522.0,527.0,531.0,534.0,534.0,534.0,535.0,540.0,548.0,551.0,553.0,554.0,555.0,567.0,569.0,572.0,575.0,575.0,581.0,583.0,584.0,586.0,592.0,607.0,620.0,621.0,621.0,624.0,624.0,631.0,644.0,661.0,661.0,666.0,689.0,728.0,739.0,743.0,752.0,760.0,783.0,795.0,802.0,807.0,810.0,852.0,869.0,873.0,875.0,913.0,915.0,920.0,941.0,973.0,
30.0,42.0,98.0,102.0,120.0,199.0,221.0,263.0,265.0,283.0,292.0,321.0,344.0,352.0,370.0,374.0,376.0,400.0,457.0,466.0,478.0,490.0,515.0,531.0,533.0,541.0,541.0,541.0,542.0,543.0,545.0,549.0,552.0,564.0,567.0,568.0,574.0,589.0,589.0,610.0,610.0,612.0,635.0,651.0,652.0,659.0,667.0,672.0,674.0,674.0,674.0,678.0,682.0,707.0,729.0,738.0,757.0,781.0,791.0,791.0,846.0,865.0,879.0,885.0,897.0,912.0,924.0,924.0,934.0,943.0,957.0,970.0,990.0,992.0,
18.0,24.0,53.0,63.0,162.0,173.0,194.0,229.0,398.0,409.0,412.0,428.0,485.0,521.0,522.0,527.0,538.0,556.0,567.0,574.0,575.0,583.0,584.0,589.0,589.0,592.0,598.0,612.0,642.0,652.0,656.0,684.0,715.0,717.0,723.0,744.0,745.0,768.0,772.0,800.0,807.0,821.0,835.0,838.0,852.0,854.0,876.0,898.0,915.0,922.0,959.0,959.0,960.0,980.0,982.0,982.0,985.0,995.0,998.0,
3.0,22.0,46.0,81.0,89.0,117.0,176.0,183.0,214.0,304.0,338.0,364.0,385.0,419.0,454.0,456.0,461.0,493.0,507.0,512.0,527.0,538.0,544.0,549.0,550.0,552.0,552.0,555.0,555.0,558.0,562.0,562.0,563.0,567.0,568.0,577.0,581.0,582.0,583.0,594.0,599.0,608.0,609.0,623.0,623.0,641.0,680.0,703.0,706.0,708.0,710.0,720.0,739.0,768.0,780.0,783.0,808.0,831.0,839.0,862.0,864.0,903.0,920.0,931.0,955.0,961.0,990.0,
2.0,17.0,20.0,35.0,53.0,221.0,230.0,238.0,253.0,264.0,347.0,349.0,363.0,434.0,497.0,506.0,520.0,523.0,525.0,526.0,537.0,538.0,538.0,541.0,542.0,545.0,555.0,555.0,560.0,571.0,571.0,589.0,591.0,604.0,618.0,631.0,632.0,637.0,661.0,669.0,670.0,671.0,691.0,696.0,702.0,705.0,725.0,739.0,789.0,790.0,798.0,799.0,801.0,915.0,917.0,918.0,930.0,944.0,957.0,
10.0,80.0,229.0,237.0,239.0,254.0,275.0,279.0,299.0,398.0,422.0,431.0,523.0,541.0,541.0,544.0,545.0,545.0,568.0,581.0,586.0,587.0,601.0,602.0,610.0,613.0,619.0,631.0,633.0,641.0,656.0,672.0,690.0,698.0,702.0,705.0,749.0,768.0,789.0,794.0,808.0,823.0,836.0,841.0,889.0,901.0,906.0,910.0,925.0,941.0,963.0,964.0,966.0,969.0,984.0,
24.0,30.0,35.0,48.0,65.0,111.0,131.0,197.0,199.0,200.0,203.0,217.0,253.0,286.0,291.0,320.0,351.0,379.0,400.0,419.0,428.0,430.0,444.0,505.0,510.0,511.0,530.0,530.0,535.0,540.0,542.0,552.0,555.0,555.0,558.0,565.0,566.0,568.0,569.0,570.0,572.0,579.0,584.0,596.0,596.0,600.0,612.0,612.0,627.0,628.0,645.0,652.0,659.0,676.0,681.0,683.0,695.0,696.0,702.0,712.0,729.0,734.0,743.0,756.0,769.0,776.0,788.0,791.0,792.0,831.0,833.0,862.0,879.0,924.0,940.0,991.0,
32.0,61.0,65.0,78.0,100.0,134.0,152.0,162.0,171.0,253.0,262.0,332.0,348.0,358.0,372.0,396.0,414.0,454.0,473.0,475.0,475.0,515.0,524.0,530.0,532.0,537.0,549.0,550.0,557.0,568.0,571.0,573.0,584.0,588.0,653.0,660.0,669.0,714.0,720.0,733.0,735.0,737.0,778.0,778.0,814.0,821.0,832.0,889.0,918.0,932.0,947.0,
7.0,24.0,54.0,95.0,117.0,117.0,154.0,180.0,198.0,221.0,237.0,242.0,249.0,252.0,266.0,384.0,402.0,435.0,458.0,477.0,508.0,511.0,540.0,541.0,553.0,593.0,605.0,619.0,682.0,716.0,807.0,956.0,974.0,986.0,986.0,
26.0,42.0,72.0,94.0,101.0,114.0,130.0,137.0,180.0,184.0,253.0,270.0,285.0,294.0,298.0,309.0,361.0,384.0,447.0,459.0,491.0,514.0,524.0,525.0,525.0,528.0,539.0,547.0,554.0,560.0,565.0,565.0,573.0,578.0,580.0,586.0,598.0,606.0,607.0,615.0,645.0,652.0,659.0,670.0,678.0,701.0,701.0,716.0,728.0,735.0,793.0,810.0,812.0,819.0,820.0,843.0,864.0,878.0,882.0,916.0,929.0,963.0,963.0,982.0,986.0,
41.0,81.0,138.0,142.0,172.0,184.0,243.0,271.0,272.0,284.0,304.0,322.0,343.0,374.0,447.0,456.0,462.0,485.0,486.0,487.0,491.0,492.0,509.0,533.0,536.0,546.0,551.0,553.0,554.0,558.0,582.0,583.0,590.0,606.0,607.0,618.0,623.0,625.0,627.0,632.0,634.0,637.0,660.0,661.0,665.0,671.0,734.0,745.0,757.0,763.0,772.0,789.0,790.0,800.0,811.0,822.0,830.0,882.0,898.0,900.0,952.0,997.0,
18.0,31.0,35.0,37.0,42.0,50.0,59.0,100.0,125.0,194.0,199.0,203.0,241.0,264.0,271.0,278.0,345.0,351.0,396.0,424.0,437.0,454.0,466.0,466.0,503.0,513.0,520.0,532.0,532.0,534.0,535.0,541.0,558.0,564.0,564.0,569.0,583.0,600.0,602.0,605.0,608.0,617.0,622.0,648.0,666.0,674.0,685.0,729.0,733.0,745.0,769.0,776.0,797.0,807.0,824.0,824.0,825.0,852.0,860.0,868.0,911.0,915.0,953.0,957.0,966.0,988.0,988.0,999.0,
2.0,46.0,49.0,61.0,65.0,72.0,79.0,157.0,253.0,263.0,370.0,372.0,395.0,429.0,449.0,450.0,465.0,512.0,526.0,529.0,543.0,543.0,546.0,550.0,557.0,560.0,571.0,581.0,586.0,598.0,604.0,618.0,633.0,648.0,655.0,671.0,676.0,711.0,720.0,729.0,732.0,743.0,769.0,775.0,778.0,780.0,784.0,813.0,819.0,822.0,843.0,852.0,861.0,885.0,918.0,951.0,973.0,983.0,
21.0,41.0,49.0,78.0,116.0,121.0,136.0,146.0,175.0,205.0,245.0,300.0,333.0,374.0,401.0,482.0,515.0,525.0,541.0,541.0,547.0,547.0,549.0,549.0,555.0,574.0,578.0,580.0,592.0,593.0,619.0,630.0,633.0,646.0,654.0,660.0,689.0,711.0,722.0,746.0,754.0,798.0,806.0,809.0,818.0,837.0,850.0,879.0,886.0,895.0,909.0,916.0,938.0,942.0,955.0,959.0,971.0,978.0,991.0,
5.0,8.0,45.0,72.0,77.0,85.0,102.0,159.0,223.0,232.0,250.0,257.0,260.0,266.0,348.0,368.0,399.0,413.0,522.0,531.0,536.0,540.0,544.0,549.0,553.0,556.0,565.0,565.0,569.0,570.0,573.0,577.0,578.0,583.0,599.0,600.0,602.0,604.0,620.0,625.0,631.0,632.0,633.0,634.0,639.0,672.0,677.0,724.0,732.0,740.0,764.0,771.0,784.0,791.0,812.0,814.0,817.0,839.0,854.0,870.0,883.0,884.0,896.0,907.0,918.0,944.0,944.0,961.0,998.0,
20.0,29.0,52.0,56.0,146.0,170.0,184.0,200.0,217.0,239.0,257.0,262.0,266.0,277.0,314.0,323.0,327.0,339.0,387.0,389.0,400.0,417.0,421.0,434.0,438.0,456.0,483.0,511.0,516.0,521.0,529.0,539.0,539.0,543.0,545.0,549.0,549.0,555.0,561.0,565.0,568.0,590.0,613.0,614.0,622.0,633.0,658.0,668.0,690.0,691.0,713.0,753.0,804.0,822.0,829.0,833.0,835.0,840.0,863.0,871.0,910.0,930.0,954.0,989.0,994.0,
45.0,63.0,93.0,120.0,130.0,166.0,242.0,297.0,305.0,343.0,383.0,441.0,443.0,458.0,475.0,504.0,507.0,521.0,526.0,534.0,539.0,541.0,546.0,547.0,548.0,549.0,549.0,552.0,556.0,556.0,557.0,557.0,558.0,569.0,571.0,571.0,579.0,585.0,592.0,617.0,618.0,619.0,628.0,629.0,645.0,667.0,668.0,678.0,692.0,709.0,711.0,717.0,741.0,746.0,750.0,750.0,753.0,761.0,768.0,777.0,796.0,799.0,812.0,816.0,818.0,830.0,841.0,843.0,843.0,847.0,889.0,928.0,957.0,959.0,967.0,977.0,980.0,985.0,
25.0,56.0,74.0,89.0,124.0,131.0,145.0,195.0,218.0,224.0,251.0,309.0,316.0,328.0,341.0,341.0,344.0,375.0,402.0,406.0,420.0,477.0,523.0,529.0,532.0,535.0,539.0,565.0,567.0,570.0,570.0,570.0,579.0,582.0,585.0,587.0,588.0,603.0,603.0,604.0,609.0,614.0,619.0,620.0,625.0,630.0,630.0,635.0,643.0,651.0,653.0,657.0,660.0,670.0,699.0,702.0,716.0,717.0,719.0,740.0,742.0,745.0,747.0,768.0,781.0,805.0,809.0,820.0,826.0,830.0,842.0,852.0,854.0,894.0,931.0,951.0,952.0,954.0,956.0,957.0,990.0,
60.0,70.0,77.0,78.0,162.0,181.0,209.0,209.0,226.0,229.0,232.0,240.0,283.0,420.0,431.0,453.0,453.0,490.0,509.0,530.0,550.0,563.0,565.0,566.0,584.0,589.0,598.0,599.0,599.0,605.0,625.0,677.0,701.0,706.0,713.0,784.0,788.0,804.0,836.0,845.0,847.0,864.0,875.0,885.0,905.0,907.0,911.0,944.0,951.0,956.0,967.0,975.0,999.0,
6.0,12.0,92.0,93.0,128.0,129.0,132.0,166.0,171.0,205.0,242.0,244.0,260.0,303.0,314.0,362.0,380.0,385.0,388.0,417.0,464.0,523.0,526.0,528.0,537.0,539.0,547.0,547.0,549.0,554.0,554.0,555.0,556.0,564.0,568.0,581.0,592.0,611.0,614.0,625.0,625.0,628.0,655.0,655.0,657.0,677.0,679.0,681.0,697.0,704.0,711.0,718.0,730.0,744.0,789.0,805.0,807.0,825.0,829.0,845.0,850.0,860.0,864.0,889.0,889.0,900.0,945.0,981.0,
6.0,18.0,43.0,58.0,60.0,97.0,101.0,101.0,114.0,193.0,219.0,227.0,228.0,229.0,259.0,268.0,305.0,345.0,369.0,433.0,463.0,467.0,470.0,508.0,536.0,538.0,539.0,543.0,554.0,554.0,556.0,561.0,562.0,564.0,572.0,572.0,582.0,592.0,593.0,595.0,600.0,616.0,619.0,648.0,653.0,684.0,690.0,716.0,716.0,726.0,733.0,741.0,747.0,757.0,787.0,810.0,816.0,844.0,850.0,854.0,887.0,897.0,897.0,921.0,923.0,926.0,935.0,944.0,948.0,959.0,987.0,
32.0,52.0,62.0,101.0,105.0,124.0,152.0,152.0,154.0,158.0,174.0,189.0,224.0,238.0,275.0,311.0,319.0,324.0,400.0,407.0,417.0,420.0,432.0,443.0,461.0,473.0,518.0,523.0,527.0,545.0,553.0,557.0,563.0,565.0,572.0,580.0,583.0,587.0,591.0,594.0,609.0,612.0,624.0,658.0,676.0,678.0,710.0,716.0,737.0,748.0,787.0,793.0,805.0,813.0,832.0,837.0,843.0,891.0,936.0,947.0,952.0,954.0,957.0,999.0,
10.0,31.0,68.0,79.0,140.0,178.0,184.0,269.0,307.0,334.0,346.0,355.0,355.0,358.0,369.0,407.0,408.0,422.0,514.0,524.0,527.0,533.0,535.0,537.0,538.0,539.0,546.0,546.0,568.0,575.0,584.0,585.0,587.0,599.0,607.0,608.0,611.0,623.0,624.0,641.0,643.0,644.0,669.0,672.0,684.0,728.0,732.0,762.0,764.0,779.0,808.0,810.0,814.0,826.0,852.0,856.0,861.0,879.0,902.0,928.0,969.0,974.0,
20.0,26.0,59.0,61.0,62.0,99.0,149.0,160.0,229.0,236.0,256.0,257.0,270.0,347.0,413.0,421.0,424.0,504.0,520.0,522.0,538.0,550.0,561.0,566.0,569.0,574.0,576.0,577.0,587.0,597.0,598.0,612.0,614.0,615.0,615.0,617.0,639.0,647.0,688.0,692.0,698.0,723.0,806.0,807.0,863.0,878.0,901.0,910.0,916.0,949.0,957.0,959.0,959.0,992.0,997.0,
16.0,28.0,47.0,56.0,68.0,78.0,88.0,123.0,160.0,206.0,222.0,228.0,230.0,250.0,295.0,299.0,318.0,338.0,349.0,352.0,428.0,457.0,493.0,521.0,523.0,525.0,527.0,531.0,546.0,549.0,564.0,567.0,569.0,575.0,578.0,580.0,581.0,582.0,591.0,594.0,603.0,605.0,609.0,615.0,639.0,654.0,675.0,677.0,721.0,724.0,731.0,741.0,742.0,759.0,773.0,779.0,786.0,799.0,804.0,852.0,870.0,895.0,900.0,920.0,972.0,991.0,991.0,
27.0,36.0,97.0,136.0,139.0,167.0,184.0,362.0,372.0,376.0,393.0,414.0,433.0,522.0,542.0,549.0,560.0,561.0,562.0,565.0,569.0,605.0,608.0,615.0,616.0,626.0,633.0,650.0,651.0,655.0,656.0,665.0,673.0,680.0,697.0,698.0,722.0,729.0,742.0,744.0,765.0,790.0,793.0,818.0,855.0,857.0,859.0,867.0,872.0,890.0,910.0,931.0,936.0,972.0,
7.0,18.0,26.0,100.0,104.0,121.0,192.0,208.0,219.0,248.0,284.0,289.0,289.0,315.0,320.0,320.0,333.0,380.0,406.0,450.0,501.0,512.0,515.0,518.0,520.0,524.0,526.0,535.0,542.0,546.0,554.0,559.0,560.0,562.0,563.0,565.0,570.0,578.0,595.0,599.0,600.0,603.0,626.0,636.0,640.0,653.0,680.0,685.0,704.0,715.0,719.0,739.0,764.0,770.0,774.0,798.0,828.0,836.0,851.0,929.0,947.0,957.0,962.0,994.0,
27.0,102.0,116.0,137.0,142.0,171.0,179.0,199.0,247.0,288.0,336.0,339.0,347.0,353.0,441.0,504.0,521.0,529.0,537.0,548.0,550.0,556.0,559.0,562.0,564.0,573.0,579.0,581.0,592.0,595.0,602.0,604.0,604.0,609.0,611.0,614.0,626.0,627.0,633.0,638.0,639.0,644.0,645.0,646.0,652.0,675.0,677.0,682.0,717.0,719.0,727.0,731.0,739.0,741.0,742.0,755.0,757.0,778.0,804.0,841.0,843.0,857.0,864.0,864.0,895.0,901.0,914.0,927.0,948.0,988.0,998.0,
10.0,20.0,33.0,64.0,80.0,117.0,173.0,204.0,304.0,329.0,340.0,342.0,371.0,414.0,419.0,439.0,439.0,483.0,483.0,504.0,532.0,540.0,543.0,548.0,549.0,551.0,551.0,556.0,577.0,587.0,587.0,592.0,599.0,638.0,658.0,670.0,671.0,680.0,713.0,734.0,756.0,774.0,776.0,781.0,785.0,786.0,800.0,856.0,869.0,920.0,927.0,946.0,956.0,961.0,984.0,988.0,989.0,
30.0,33.0,40.0,64.0,71.0,94.0,140.0,174.0,231.0,251.0,264.0,368.0,382.0,411.0,469.0,495.0,508.0,520.0,521.0,525.0,529.0,532.0,552.0,554.0,568.0,569.0,573.0,584.0,586.0,590.0,592.0,600.0,601.0,614.0,615.0,624.0,633.0,645.0,668.0,677.0,682.0,689.0,710.0,716.0,723.0,748.0,751.0,752.0,757.0,785.0,838.0,844.0,878.0,888.0,903.0,911.0,916.0,925.0,936.0,947.0,980.0,
3.0,9.0,61.0,91.0,94.0,109.0,128.0,141.0,143.0,145.0,178.0,189.0,203.0,234.0,250.0,293.0,304.0,353.0,432.0,432.0,478.0,499.0,500.0,513.0,516.0,522.0,526.0,532.0,537.0,542.0,547.0,549.0,554.0,561.0,571.0,576.0,581.0,595.0,613.0,628.0,630.0,632.0,640.0,658.0,667.0,687.0,694.0,694.0,722.0,722.0,736.0,753.0,755.0,756.0,776.0,795.0,808.0,827.0,855.0,873.0,890.0,900.0,933.0,938.0,939.0,944.0,946.0,956.0,977.0,984.0,989.0,998.0,
14.0,41.0,60.0,126.0,141.0,165.0,245.0,266.0,269.0,277.0,280.0,350.0,360.0,402.0,418.0,435.0,441.0,447.0,451.0,459.0,475.0,497.0,520.0,526.0,531.0,531.0,541.0,557.0,560.0,564.0,568.0,573.0,576.0,580.0,581.0,582.0,598.0,604.0,620.0,624.0,655.0,674.0,716.0,743.0,760.0,768.0,771.0,783.0,801.0,834.0,840.0,868.0,885.0,922.0,931.0,939.0,954.0,
30.0,55.0,73.0,85.0,109.0,135.0,142.0,183.0,226.0,275.0,304.0,353.0,362.0,374.0,377.0,400.0,441.0,445.0,449.0,533.0,537.0,538.0,540.0,562.0,562.0,562.0,565.0,567.0,568.0,570.0,572.0,575.0,576.0,588.0,588.0,590.0,592.0,597.0,600.0,604.0,647.0,661.0,665.0,680.0,712.0,741.0,744.0,791.0,813.0,815.0,824.0,831.0,838.0,853.0,873.0,903.0,922.0,950.0,951.0,964.0,997.0,
32.0,38.0,43.0,103.0,131.0,166.0,235.0,269.0,290.0,307.0,325.0,343.0,385.0,410.0,412.0,424.0,447.0,478.0,482.0,505.0,522.0,524.0,532.0,535.0,537.0,539.0,540.0,546.0,546.0,555.0,557.0,561.0,565.0,570.0,573.0,575.0,590.0,599.0,604.0,611.0,614.0,625.0,628.0,629.0,633.0,635.0,643.0,647.0,676.0,678.0,680.0,705.0,709.0,709.0,716.0,744.0,764.0,782.0,795.0,844.0,849.0,941.0,960.0,992.0,994.0,
7.0,29.0,57.0,70.0,124.0,153.0,183.0,185.0,240.0,246.0,301.0,327.0,329.0,338.0,370.0,384.0,422.0,514.0,524.0,528.0,536.0,536.0,553.0,554.0,556.0,557.0,558.0,559.0,567.0,569.0,569.0,569.0,586.0,587.0,600.0,603.0,610.0,617.0,652.0,656.0,671.0,680.0,680.0,715.0,720.0,750.0,751.0,780.0,798.0,820.0,833.0,842.0,849.0,857.0,858.0,860.0,916.0,933.0,942.0,942.0,942.0,951.0,982.0,
56.0,58.0,64.0,92.0,120.0,291.0,293.0,366.0,409.0,412.0,458.0,469.0,485.0,520.0,522.0,522.0,529.0,536.0,539.0,542.0,542.0,546.0,546.0,551.0,554.0,561.0,563.0,565.0,565.0,578.0,596.0,596.0,604.0,613.0,617.0,617.0,618.0,622.0,623.0,628.0,645.0,657.0,668.0,671.0,684.0,692.0,697.0,698.0,724.0,724.0,731.0,740.0,767.0,801.0,881.0,883.0,903.0,936.0,964.0,965.0,966.0,
11.0,54.0,85.0,92.0,108.0,125.0,157.0,187.0,227.0,234.0,300.0,313.0,340.0,366.0,391.0,520.0,520.0,527.0,529.0,537.0,563.0,563.0,567.0,570.0,578.0,584.0,585.0,585.0,586.0,592.0,596.0,596.0,612.0,613.0,621.0,653.0,655.0,663.0,664.0,672.0,697.0,708.0,721.0,732.0,759.0,767.0,784.0,797.0,830.0,862.0,879.0,882.0,917.0,941.0,958.0,981.0,982.0,
44.0,187.0,205.0,209.0,209.0,319.0,360.0,385.0,405.0,444.0,480.0,485.0,495.0,508.0,513.0,529.0,533.0,534.0,538.0,538.0,540.0,545.0,545.0,549.0,549.0,551.0,556.0,558.0,563.0,568.0,568.0,578.0,581.0,594.0,598.0,598.0,633.0,637.0,666.0,668.0,676.0,694.0,699.0,726.0,732.0,744.0,757.0,761.0,792.0,826.0,847.0,853.0,859.0,866.0,869.0,876.0,882.0,924.0,943.0,955.0,968.0,970.0,992.0,999.0,
6.0,7.0,47.0,82.0,134.0,261.0,265.0,378.0,395.0,418.0,520.0,521.0,522.0,533.0,538.0,550.0,550.0,554.0,559.0,575.0,580.0,583.0,594.0,608.0,610.0,644.0,653.0,657.0,670.0,693.0,693.0,700.0,755.0,798.0,828.0,876.0,931.0,934.0,935.0,982.0,998.0,
8.0,51.0,54.0,80.0,83.0,91.0,133.0,135.0,160.0,167.0,189.0,200.0,237.0,250.0,253.0,267.0,312.0,356.0,375.0,512.0,513.0,517.0,525.0,529.0,535.0,539.0,542.0,544.0,548.0,551.0,579.0,581.0,589.0,604.0,616.0,647.0,657.0,667.0,683.0,708.0,710.0,730.0,752.0,753.0,760.0,766.0,769.0,771.0,780.0,787.0,791.0,792.0,825.0,832.0,840.0,852.0,872.0,873.0,875.0,877.0,877.0,891.0,892.0,924.0,928.0,935.0,948.0,949.0,957.0,970.0,983.0,
12.0,29.0,34.0,67.0,78.0,85.0,100.0,137.0,210.0,250.0,283.0,288.0,320.0,336.0,359.0,402.0,415.0,420.0,479.0,508.0,518.0,523.0,524.0,531.0,532.0,533.0,538.0,538.0,539.0,542.0,546.0,551.0,559.0,560.0,567.0,571.0,575.0,577.0,631.0,657.0,687.0,708.0,740.0,746.0,760.0,808.0,816.0,827.0,853.0,855.0,885.0,918.0,927.0,957.0,977.0,983.0,
50.0,66.0,72.0,77.0,120.0,144.0,185.0,190.0,217.0,258.0,264.0,270.0,276.0,321.0,326.0,432.0,460.0,460.0,461.0,473.0,481.0,493.0,497.0,521.0,523.0,529.0,537.0,541.0,541.0,553.0,573.0,579.0,590.0,591.0,592.0,596.0,601.0,602.0,603.0,603.0,607.0,615.0,616.0,623.0,633.0,639.0,652.0,657.0,708.0,715.0,739.0,756.0,791.0,797.0,800.0,818.0,819.0,820.0,823.0,827.0,841.0,844.0,846.0,866.0,873.0,907.0,925.0,970.0,984.0,
2.0,28.0,59.0,85.0,108.0,119.0,120.0,142.0,163.0,180.0,269.0,325.0,350.0,375.0,385.0,387.0,391.0,444.0,475.0,480.0,525.0,526.0,539.0,543.0,543.0,555.0,580.0,581.0,583.0,591.0,594.0,596.0,598.0,603.0,604.0,634.0,637.0,650.0,654.0,656.0,656.0,658.0,670.0,671.0,671.0,680.0,696.0,785.0,791.0,795.0,803.0,837.0,844.0,891.0,898.0,945.0,955.0,967.0,980.0,995.0,
3.0,35.0,45.0,52.0,62.0,65.0,72.0,86.0,97.0,100.0,115.0,123.0,194.0,202.0,210.0,253.0,343.0,374.0,394.0,436.0,466.0,489.0,491.0,519.0,525.0,533.0,536.0,539.0,543.0,548.0,550.0,565.0,569.0,573.0,575.0,580.0,598.0,600.0,601.0,603.0,608.0,633.0,640.0,649.0,651.0,668.0,683.0,687.0,689.0,708.0,768.0,812.0,815.0,822.0,838.0,846.0,878.0,909.0,915.0,920.0,925.0,939.0,941.0,978.0,
25.0,36.0,70.0,72.0,118.0,153.0,169.0,175.0,187.0,216.0,246.0,288.0,291.0,313.0,341.0,345.0,474.0,475.0,534.0,544.0,545.0,547.0,548.0,553.0,564.0,567.0,592.0,596.0,600.0,607.0,608.0,611.0,630.0,635.0,653.0,669.0,677.0,701.0,703.0,706.0,711.0,720.0,722.0,735.0,758.0,778.0,786.0,825.0,862.0,863.0,886.0,891.0,898.0,918.0,949.0,959.0,980.0,
37.0,54.0,58.0,90.0,114.0,172.0,190.0,282.0,332.0,380.0,390.0,480.0,491.0,511.0,512.0,539.0,541.0,546.0,548.0,551.0,553.0,554.0,561.0,564.0,574.0,577.0,580.0,584.0,595.0,604.0,620.0,626.0,629.0,630.0,632.0,640.0,655.0,706.0,729.0,739.0,796.0,813.0,837.0,854.0,909.0,936.0,943.0,969.0,999.0,
11.0,48.0,60.0,66.0,120.0,121.0,130.0,146.0,232.0,236.0,244.0,283.0,286.0,289.0,320.0,321.0,327.0,328.0,342.0,352.0,376.0,394.0,404.0,405.0,427.0,459.0,484.0,507.0,526.0,528.0,530.0,533.0,533.0,534.0,537.0,542.0,559.0,562.0,562.0,567.0,568.0,579.0,583.0,584.0,590.0,594.0,597.0,602.0,607.0,614.0,616.0,625.0,629.0,633.0,638.0,650.0,654.0,657.0,658.0,660.0,670.0,675.0,680.0,750.0,756.0,764.0,766.0,772.0,790.0,795.0,806.0,823.0,845.0,846.0,852.0,870.0,871.0,876.0,962.0,967.0,979.0,998.0,
22.0,46.0,102.0,130.0,167.0,181.0,253.0,258.0,286.0,289.0,355.0,382.0,409.0,417.0,431.0,435.0,454.0,479.0,525.0,541.0,543.0,552.0,562.0,564.0,577.0,578.0,580.0,582.0,589.0,594.0,595.0,597.0,597.0,611.0,612.0,616.0,619.0,637.0,647.0,652.0,653.0,655.0,670.0,696.0,708.0,710.0,715.0,728.0,744.0,745.0,755.0,790.0,802.0,805.0,806.0,829.0,837.0,838.0,851.0,868.0,871.0,874.0,877.0,886.0,894.0,923.0,928.0,931.0,932.0,949.0,969.0,970.0,
26.0,36.0,45.0,82.0,114.0,122.0,129.0,136.0,152.0,166.0,181.0,185.0,191.0,204.0,225.0,279.0,302.0,354.0,410.0,411.0,417.0,509.0,544.0,553.0,581.0,677.0,720.0,811.0,853.0,878.0,902.0,986.0,
17.0,17.0,76.0,127.0,134.0,169.0,181.0,192.0,193.0,202.0,226.0,311.0,331.0,340.0,349.0,352.0,356.0,359.0,360.0,371.0,418.0,454.0,469.0,499.0,511.0,526.0,528.0,530.0,534.0,537.0,547.0,555.0,568.0,575.0,578.0,580.0,582.0,590.0,590.0,603.0,609.0,610.0,614.0,615.0,616.0,618.0,618.0,625.0,635.0,649.0,666.0,675.0,675.0,679.0,684.0,698.0,711.0,717.0,743.0,767.0,789.0,817.0,824.0,826.0,834.0,842.0,865.0,869.0,874.0,875.0,881.0,888.0,896.0,931.0,933.0,985.0,993.0,999.0,
49.0,71.0,75.0,177.0,223.0,354.0,390.0,391.0,448.0,508.0,519.0,521.0,528.0,533.0,534.0,535.0,540.0,544.0,551.0,562.0,565.0,567.0,572.0,579.0,582.0,584.0,590.0,591.0,591.0,598.0,605.0,606.0,608.0,608.0,611.0,612.0,617.0,624.0,636.0,640.0,664.0,672.0,676.0,682.0,700.0,720.0,736.0,767.0,776.0,786.0,794.0,799.0,818.0,828.0,833.0,851.0,871.0,872.0,878.0,880.0,883.0,890.0,894.0,896.0,900.0,903.0,938.0,944.0,953.0,953.0,958.0,964.0,968.0,
13.0,79.0,87.0,99.0,106.0,106.0,106.0,128.0,186.0,195.0,203.0,206.0,249.0,271.0,310.0,352.0,362.0,443.0,468.0,521.0,525.0,533.0,538.0,541.0,554.0,554.0,555.0,558.0,559.0,560.0,569.0,578.0,579.0,581.0,593.0,609.0,620.0,625.0,630.0,638.0,660.0,696.0,698.0,700.0,713.0,713.0,717.0,719.0,728.0,731.0,735.0,780.0,791.0,810.0,812.0,827.0,833.0,836.0,841.0,899.0,901.0,906.0,916.0,936.0,938.0,966.0,976.0,989.0,
33.0,45.0,69.0,106.0,107.0,120.0,160.0,236.0,252.0,305.0,316.0,316.0,318.0,321.0,325.0,333.0,338.0,348.0,370.0,380.0,408.0,453.0,468.0,492.0,518.0,529.0,529.0,532.0,534.0,534.0,535.0,538.0,542.0,543.0,547.0,549.0,552.0,553.0,555.0,557.0,558.0,565.0,566.0,571.0,574.0,580.0,580.0,584.0,589.0,599.0,601.0,616.0,620.0,626.0,640.0,642.0,652.0,657.0,706.0,716.0,723.0,726.0,755.0,768.0,801.0,802.0,814.0,819.0,822.0,825.0,832.0,865.0,929.0,933.0,965.0,967.0,986.0,996.0,
18.0,68.0,70.0,96.0,101.0,109.0,110.0,140.0,146.0,155.0,202.0,212.0,230.0,241.0,305.0,335.0,350.0,364.0,410.0,467.0,474.0,508.0,517.0,518.0,518.0,536.0,540.0,542.0,545.0,548.0,549.0,550.0,556.0,556.0,560.0,560.0,589.0,590.0,593.0,604.0,609.0,611.0,619.0,630.0,634.0,642.0,642.0,646.0,657.0,666.0,671.0,675.0,675.0,677.0,681.0,685.0,707.0,721.0,731.0,754.0,780.0,818.0,848.0,863.0,870.0,934.0,936.0,939.0,988.0,
4.0,35.0,71.0,79.0,87.0,100.0,141.0,142.0,188.0,189.0,248.0,317.0,335.0,356.0,418.0,441.0,460.0,479.0,495.0,509.0,533.0,549.0,550.0,570.0,570.0,574.0,576.0,586.0,591.0,602.0,608.0,620.0,646.0,664.0,664.0,666.0,669.0,688.0,696.0,708.0,713.0,719.0,739.0,757.0,770.0,778.0,780.0,780.0,782.0,787.0,792.0,832.0,870.0,874.0,891.0,897.0,924.0,925.0,933.0,943.0,
106.0,152.0,153.0,154.0,175.0,200.0,259.0,275.0,285.0,296.0,342.0,348.0,354.0,372.0,374.0,378.0,380.0,404.0,435.0,487.0,488.0,489.0,516.0,530.0,530.0,536.0,539.0,542.0,543.0,545.0,550.0,554.0,557.0,557.0,560.0,560.0,561.0,565.0,568.0,573.0,574.0,574.0,585.0,589.0,596.0,633.0,643.0,660.0,671.0,725.0,731.0,736.0,756.0,767.0,807.0,827.0,844.0,849.0,853.0,859.0,875.0,903.0,948.0,1000.0,
18.0,26.0,133.0,156.0,160.0,165.0,169.0,177.0,183.0,190.0,215.0,250.0,274.0,339.0,344.0,364.0,374.0,375.0,384.0,418.0,421.0,476.0,476.0,524.0,524.0,525.0,534.0,534.0,537.0,547.0,560.0,563.0,565.0,566.0,579.0,581.0,610.0,611.0,620.0,628.0,635.0,638.0,640.0,641.0,649.0,658.0,659.0,669.0,673.0,673.0,679.0,711.0,712.0,733.0,751.0,788.0,813.0,833.0,839.0,849.0,868.0,873.0,890.0,921.0,930.0,932.0,935.0,970.0,978.0,979.0,993.0,
88.0,130.0,133.0,145.0,159.0,163.0,194.0,203.0,204.0,209.0,212.0,213.0,284.0,366.0,413.0,435.0,475.0,483.0,519.0,525.0,528.0,529.0,539.0,546.0,566.0,566.0,573.0,575.0,576.0,582.0,589.0,597.0,614.0,633.0,645.0,649.0,666.0,679.0,681.0,700.0,710.0,719.0,738.0,739.0,746.0,749.0,753.0,773.0,776.0,806.0,867.0,876.0,897.0,903.0,932.0,936.0,938.0,940.0,952.0,963.0,969.0,989.0,
11.0,35.0,51.0,74.0,86.0,151.0,167.0,173.0,196.0,307.0,368.0,402.0,411.0,447.0,461.0,472.0,491.0,492.0,514.0,533.0,538.0,547.0,603.0,614.0,625.0,681.0,703.0,711.0,754.0,783.0,836.0,851.0,942.0,951.0,953.0,959.0,
30.0,83.0,93.0,102.0,150.0,176.0,195.0,220.0,221.0,245.0,247.0,249.0,254.0,272.0,331.0,341.0,378.0,379.0,429.0,460.0,504.0,521.0,553.0,585.0,600.0,634.0,651.0,655.0,668.0,673.0,677.0,713.0,730.0,784.0,791.0,815.0,818.0,910.0,970.0,988.0,
10.0,17.0,17.0,43.0,79.0,93.0,101.0,107.0,126.0,155.0,208.0,213.0,240.0,247.0,279.0,315.0,334.0,418.0,486.0,508.0,509.0,516.0,527.0,530.0,530.0,533.0,534.0,534.0,540.0,569.0,570.0,574.0,583.0,601.0,637.0,638.0,651.0,651.0,691.0,696.0,700.0,724.0,734.0,750.0,758.0,771.0,775.0,785.0,819.0,823.0,827.0,867.0,893.0,898.0,914.0,918.0,947.0,979.0,982.0,
71.0,116.0,183.0,190.0,203.0,238.0,244.0,254.0,298.0,345.0,428.0,429.0,431.0,464.0,490.0,491.0,496.0,516.0,520.0,532.0,534.0,538.0,539.0,540.0,561.0,561.0,568.0,576.0,579.0,589.0,590.0,591.0,591.0,593.0,606.0,608.0,612.0,620.0,632.0,636.0,648.0,657.0,682.0,692.0,696.0,701.0,705.0,752.0,752.0,754.0,768.0,769.0,775.0,794.0,798.0,823.0,869.0,869.0,873.0,894.0,913.0,917.0,933.0,950.0,957.0,970.0,975.0,979.0,995.0,997.0,
2.0,12.0,16.0,18.0,63.0,239.0,278.0,315.0,359.0,419.0,456.0,475.0,520.0,522.0,525.0,527.0,530.0,538.0,545.0,546.0,551.0,558.0,561.0,565.0,567.0,573.0,578.0,585.0,624.0,648.0,657.0,668.0,671.0,687.0,687.0,697.0,699.0,699.0,709.0,712.0,720.0,725.0,737.0,745.0,757.0,762.0,778.0,787.0,845.0,906.0,935.0,997.0,
2.0,22.0,25.0,46.0,81.0,88.0,168.0,205.0,230.0,245.0,294.0,316.0,330.0,363.0,389.0,457.0,471.0,476.0,507.0,511.0,528.0,529.0,532.0,537.0,538.0,539.0,543.0,544.0,545.0,545.0,556.0,558.0,558.0,568.0,576.0,581.0,586.0,598.0,602.0,604.0,608.0,609.0,614.0,617.0,631.0,645.0,659.0,698.0,712.0,715.0,718.0,724.0,730.0,746.0,760.0,761.0,765.0,769.0,786.0,788.0,793.0,799.0,815.0,835.0,837.0,842.0,852.0,872.0,879.0,889.0,896.0,911.0,921.0,925.0,953.0,961.0,973.0,979.0,996.0,
27.0,48.0,53.0,68.0,99.0,106.0,227.0,268.0,292.0,339.0,349.0,355.0,375.0,394.0,408.0,433.0,454.0,459.0,492.0,493.0,518.0,520.0,526.0,531.0,533.0,536.0,539.0,543.0,544.0,558.0,558.0,559.0,559.0,561.0,564.0,571.0,576.0,576.0,578.0,586.0,592.0,611.0,612.0,621.0,635.0,638.0,646.0,651.0,656.0,663.0,692.0,718.0,718.0,740.0,764.0,775.0,780.0,788.0,824.0,839.0,840.0,858.0,862.0,890.0,899.0,903.0,911.0,920.0,933.0,943.0,944.0,952.0,953.0,964.0,969.0,989.0,995.0,
2.0,5.0,16.0,35.0,43.0,58.0,62.0,78.0,89.0,134.0,167.0,184.0,252.0,260.0,271.0,295.0,325.0,328.0,346.0,368.0,458.0,483.0,513.0,518.0,534.0,536.0,538.0,541.0,541.0,545.0,548.0,551.0,559.0,562.0,576.0,576.0,579.0,582.0,585.0,593.0,597.0,598.0,600.0,605.0,614.0,632.0,637.0,643.0,646.0,693.0,701.0,705.0,705.0,708.0,710.0,718.0,743.0,748.0,756.0,768.0,792.0,796.0,821.0,854.0,890.0,896.0,914.0,920.0,954.0,955.0,956.0,969.0,991.0,997.0,
4.0,18.0,38.0,52.0,75.0,85.0,168.0,207.0,253.0,291.0,342.0,360.0,364.0,408.0,443.0,448.0,452.0,510.0,527.0,528.0,535.0,536.0,538.0,541.0,544.0,551.0,555.0,559.0,561.0,561.0,562.0,565.0,565.0,565.0,582.0,590.0,595.0,605.0,611.0,617.0,622.0,631.0,655.0,663.0,672.0,674.0,706.0,708.0,785.0,788.0,798.0,806.0,817.0,818.0,819.0,822.0,823.0,829.0,844.0,850.0,859.0,864.0,871.0,882.0,887.0,894.0,897.0,903.0,914.0,919.0,925.0,927.0,929.0,934.0,937.0,960.0,983.0,993.0,995.0,996.0,
5.0,44.0,44.0,165.0,209.0,232.0,237.0,254.0,270.0,310.0,326.0,356.0,357.0,368.0,405.0,416.0,447.0,462.0,475.0,524.0,525.0,541.0,550.0,555.0,561.0,562.0,584.0,598.0,609.0,614.0,616.0,635.0,673.0,692.0,706.0,735.0,755.0,760.0,855.0,866.0,888.0,925.0,937.0,941.0,942.0,961.0,
84.0,102.0,116.0,118.0,147.0,174.0,208.0,294.0,307.0,316.0,324.0,349.0,355.0,362.0,415.0,520.0,526.0,551.0,568.0,615.0,651.0,668.0,673.0,684.0,688.0,721.0,781.0,814.0,830.0,907.0,910.0,919.0,950.0,1000.0,
14.0,38.0,51.0,62.0,77.0,100.0,105.0,144.0,216.0,220.0,220.0,330.0,345.0,350.0,381.0,398.0,418.0,418.0,428.0,438.0,491.0,493.0,517.0,557.0,569.0,572.0,603.0,611.0,625.0,718.0,757.0,774.0,778.0,788.0,816.0,834.0,852.0,856.0,913.0,942.0,959.0,
64.0,65.0,189.0,205.0,235.0,256.0,296.0,305.0,313.0,342.0,368.0,395.0,404.0,410.0,418.0,418.0,470.0,472.0,481.0,489.0,512.0,519.0,519.0,529.0,531.0,534.0,541.0,542.0,546.0,555.0,561.0,565.0,572.0,574.0,580.0,584.0,599.0,608.0,613.0,628.0,634.0,688.0,715.0,722.0,738.0,740.0,765.0,779.0,785.0,825.0,887.0,887.0,893.0,910.0,937.0,953.0,959.0,992.0,996.0,
17.0,42.0,49.0,60.0,96.0,132.0,159.0,166.0,175.0,219.0,240.0,257.0,259.0,261.0,274.0,277.0,323.0,337.0,346.0,480.0,499.0,522.0,523.0,527.0,529.0,532.0,534.0,543.0,557.0,566.0,573.0,574.0,584.0,586.0,591.0,600.0,605.0,606.0,615.0,620.0,621.0,639.0,649.0,657.0,673.0,679.0,680.0,691.0,692.0,694.0,702.0,716.0,747.0,776.0,780.0,797.0,807.0,818.0,828.0,829.0,831.0,834.0,861.0,887.0,897.0,918.0,934.0,943.0,949.0,981.0,983.0,995.0,
23.0,39.0,47.0,54.0,118.0,123.0,124.0,215.0,235.0,249.0,307.0,315.0,331.0,390.0,393.0,454.0,507.0,513.0,522.0,525.0,526.0,532.0,533.0,542.0,550.0,551.0,553.0,562.0,565.0,565.0,567.0,574.0,574.0,575.0,593.0,602.0,603.0,604.0,607.0,610.0,616.0,623.0,628.0,634.0,682.0,686.0,706.0,713.0,715.0,719.0,752.0,757.0,761.0,761.0,767.0,779.0,786.0,786.0,862.0,885.0,907.0,962.0,963.0,985.0,
32.0,41.0,59.0,64.0,107.0,130.0,176.0,224.0,243.0,319.0,334.0,338.0,350.0,371.0,391.0,400.0,422.0,431.0,437.0,466.0,493.0,502.0,521.0,527.0,529.0,531.0,535.0,535.0,543.0,544.0,552.0,563.0,564.0,567.0,568.0,583.0,586.0,625.0,633.0,644.0,645.0,646.0,664.0,669.0,672.0,702.0,717.0,720.0,721.0,721.0,725.0,738.0,740.0,746.0,778.0,781.0,785.0,787.0,790.0,799.0,809.0,817.0,826.0,837.0,843.0,846.0,875.0,899.0,962.0,963.0,968.0,969.0,981.0,
76.0,111.0,139.0,146.0,188.0,249.0,265.0,331.0,421.0,425.0,479.0,493.0,500.0,505.0,525.0,526.0,530.0,532.0,534.0,538.0,545.0,562.0,562.0,562.0,563.0,567.0,570.0,571.0,574.0,595.0,596.0,612.0,615.0,618.0,625.0,628.0,630.0,631.0,637.0,653.0,660.0,662.0,696.0,709.0,717.0,727.0,751.0,775.0,778.0,794.0,795.0,796.0,816.0,845.0,847.0,870.0,876.0,914.0,918.0,924.0,935.0,940.0,973.0,988.0,999.0,999.0,1000.0,
47.0,48.0,54.0,82.0,90.0,110.0,148.0,155.0,162.0,192.0,211.0,253.0,308.0,320.0,348.0,405.0,406.0,421.0,442.0,447.0,454.0,476.0,483.0,485.0,492.0,509.0,524.0,525.0,525.0,535.0,538.0,541.0,551.0,552.0,556.0,561.0,564.0,571.0,577.0,578.0,587.0,590.0,594.0,599.0,603.0,609.0,616.0,621.0,624.0,633.0,648.0,651.0,674.0,687.0,687.0,717.0,722.0,736.0,779.0,782.0,793.0,793.0,797.0,803.0,821.0,824.0,830.0,869.0,874.0,929.0,933.0,939.0,955.0,974.0,975.0,980.0,981.0,
22.0,44.0,48.0,61.0,94.0,101.0,109.0,192.0,211.0,213.0,216.0,282.0,372.0,408.0,415.0,416.0,443.0,449.0,466.0,473.0,478.0,519.0,527.0,536.0,537.0,563.0,570.0,574.0,575.0,616.0,624.0,648.0,652.0,667.0,701.0,708.0,721.0,757.0,773.0,776.0,778.0,788.0,830.0,849.0,852.0,873.0,875.0,890.0,951.0,975.0,992.0,
3.0,9.0,27.0,132.0,146.0,180.0,212.0,226.0,240.0,245.0,250.0,297.0,395.0,501.0,546.0,580.0,591.0,691.0,708.0,732.0,789.0,947.0,963.0,978.0,983.0,
