18.0,104.0,134.0,237.0,248.0,262.0,267.0,282.0,317.0,324.0,396.0,408.0,417.0,450.0,450.0,451.0,523.0,546.0,563.0,568.0,726.0,728.0,739.0,841.0,843.0,914.0,984.0,
25.0,27.0,49.0,49.0,49.0,66.0,69.0,97.0,119.0,133.0,133.0,141.0,185.0,202.0,211.0,248.0,307.0,321.0,333.0,353.0,382.0,413.0,424.0,425.0,438.0,439.0,531.0,548.0,563.0,617.0,643.0,646.0,676.0,682.0,893.0,905.0,993.0,
28.0,50.0,74.0,92.0,93.0,122.0,141.0,203.0,243.0,251.0,273.0,357.0,362.0,396.0,424.0,449.0,464.0,476.0,515.0,540.0,616.0,623.0,641.0,660.0,677.0,713.0,721.0,738.0,804.0,873.0,890.0,896.0,946.0,948.0,
48.0,55.0,67.0,78.0,113.0,113.0,148.0,168.0,177.0,189.0,223.0,227.0,264.0,298.0,302.0,422.0,426.0,506.0,551.0,570.0,584.0,665.0,683.0,699.0,719.0,813.0,815.0,852.0,861.0,891.0,921.0,992.0,992.0,
10.0,17.0,30.0,53.0,96.0,98.0,152.0,171.0,240.0,292.0,349.0,349.0,385.0,390.0,430.0,431.0,441.0,446.0,447.0,473.0,480.0,508.0,553.0,571.0,617.0,626.0,636.0,669.0,689.0,705.0,734.0,765.0,769.0,777.0,801.0,834.0,876.0,925.0,942.0,989.0,
7.0,10.0,18.0,86.0,91.0,115.0,116.0,134.0,138.0,142.0,143.0,173.0,185.0,208.0,231.0,247.0,257.0,262.0,377.0,420.0,491.0,502.0,606.0,639.0,653.0,683.0,742.0,750.0,761.0,774.0,792.0,794.0,821.0,824.0,882.0,901.0,958.0,965.0,990.0,999.0,
3.0,59.0,84.0,92.0,98.0,103.0,110.0,166.0,175.0,178.0,227.0,232.0,315.0,378.0,380.0,416.0,438.0,471.0,493.0,508.0,512.0,516.0,525.0,537.0,543.0,603.0,612.0,671.0,678.0,736.0,742.0,756.0,769.0,779.0,801.0,817.0,824.0,861.0,888.0,891.0,922.0,930.0,972.0,974.0,
11.0,62.0,103.0,133.0,154.0,170.0,179.0,184.0,189.0,212.0,243.0,247.0,341.0,362.0,383.0,402.0,404.0,406.0,410.0,422.0,625.0,627.0,632.0,726.0,738.0,773.0,779.0,781.0,790.0,826.0,853.0,941.0,970.0,972.0,990.0,999.0,
46.0,115.0,167.0,203.0,206.0,208.0,210.0,212.0,214.0,215.0,231.0,255.0,259.0,393.0,420.0,428.0,478.0,552.0,571.0,583.0,610.0,646.0,662.0,664.0,689.0,732.0,825.0,869.0,889.0,908.0,932.0,935.0,960.0,972.0,988.0,
11.0,26.0,45.0,48.0,105.0,120.0,149.0,152.0,170.0,187.0,200.0,235.0,267.0,276.0,281.0,294.0,323.0,368.0,383.0,418.0,429.0,470.0,505.0,520.0,530.0,572.0,575.0,582.0,586.0,607.0,624.0,648.0,651.0,666.0,726.0,750.0,768.0,774.0,805.0,867.0,872.0,873.0,877.0,973.0,981.0,
27.0,63.0,85.0,102.0,145.0,167.0,170.0,181.0,197.0,201.0,207.0,250.0,255.0,259.0,261.0,309.0,321.0,350.0,369.0,371.0,392.0,467.0,484.0,538.0,553.0,566.0,625.0,761.0,762.0,820.0,838.0,872.0,894.0,895.0,925.0,945.0,
2.0,58.0,90.0,100.0,102.0,107.0,141.0,150.0,290.0,292.0,294.0,304.0,327.0,332.0,346.0,367.0,377.0,389.0,396.0,497.0,548.0,554.0,561.0,571.0,574.0,641.0,653.0,683.0,705.0,745.0,771.0,781.0,827.0,829.0,857.0,904.0,965.0,969.0,995.0,
22.0,24.0,37.0,46.0,49.0,67.0,128.0,130.0,137.0,161.0,276.0,330.0,381.0,417.0,420.0,440.0,444.0,466.0,541.0,560.0,583.0,679.0,699.0,727.0,760.0,823.0,832.0,875.0,887.0,904.0,905.0,910.0,918.0,936.0,957.0,986.0,
26.0,50.0,142.0,170.0,208.0,211.0,220.0,229.0,243.0,277.0,310.0,319.0,354.0,380.0,392.0,402.0,404.0,416.0,450.0,502.0,506.0,530.0,537.0,556.0,567.0,578.0,616.0,640.0,662.0,694.0,725.0,774.0,775.0,775.0,826.0,841.0,848.0,861.0,925.0,937.0,948.0,973.0,977.0,
75.0,86.0,116.0,132.0,152.0,191.0,213.0,220.0,258.0,330.0,399.0,407.0,455.0,483.0,494.0,545.0,570.0,572.0,589.0,647.0,652.0,664.0,678.0,710.0,728.0,775.0,778.0,803.0,836.0,837.0,912.0,926.0,986.0,
22.0,52.0,57.0,61.0,162.0,176.0,186.0,256.0,309.0,319.0,372.0,372.0,380.0,389.0,413.0,450.0,460.0,466.0,468.0,491.0,580.0,582.0,584.0,588.0,603.0,611.0,657.0,668.0,691.0,700.0,712.0,813.0,851.0,899.0,900.0,936.0,948.0,960.0,974.0,983.0,
70.0,99.0,104.0,105.0,116.0,134.0,183.0,205.0,246.0,250.0,256.0,313.0,320.0,347.0,347.0,387.0,392.0,396.0,398.0,481.0,515.0,558.0,581.0,597.0,607.0,669.0,725.0,754.0,765.0,769.0,779.0,793.0,811.0,822.0,909.0,969.0,973.0,
12.0,16.0,18.0,19.0,38.0,50.0,66.0,82.0,85.0,102.0,136.0,145.0,194.0,221.0,262.0,267.0,272.0,340.0,345.0,369.0,379.0,387.0,402.0,408.0,411.0,419.0,429.0,519.0,636.0,683.0,742.0,742.0,775.0,786.0,840.0,894.0,898.0,921.0,936.0,954.0,959.0,968.0,981.0,
9.0,16.0,32.0,69.0,102.0,103.0,123.0,154.0,155.0,249.0,302.0,303.0,340.0,373.0,425.0,440.0,441.0,441.0,479.0,530.0,536.0,567.0,584.0,612.0,709.0,757.0,824.0,832.0,840.0,866.0,872.0,875.0,878.0,879.0,905.0,905.0,932.0,936.0,961.0,975.0,986.0,
66.0,81.0,234.0,244.0,247.0,280.0,293.0,314.0,369.0,396.0,438.0,453.0,498.0,523.0,524.0,571.0,575.0,598.0,636.0,643.0,666.0,684.0,701.0,705.0,753.0,781.0,868.0,879.0,890.0,903.0,904.0,935.0,961.0,971.0,996.0,
10.0,37.0,76.0,79.0,99.0,126.0,132.0,152.0,154.0,161.0,203.0,209.0,256.0,260.0,286.0,289.0,333.0,337.0,380.0,396.0,408.0,415.0,427.0,430.0,491.0,499.0,505.0,522.0,528.0,541.0,569.0,594.0,608.0,619.0,643.0,663.0,681.0,686.0,736.0,770.0,794.0,819.0,825.0,832.0,839.0,861.0,878.0,882.0,908.0,967.0,
41.0,59.0,77.0,80.0,147.0,147.0,165.0,166.0,262.0,303.0,316.0,318.0,340.0,349.0,352.0,371.0,391.0,467.0,471.0,659.0,681.0,775.0,798.0,821.0,857.0,896.0,907.0,907.0,908.0,988.0,989.0,990.0,
4.0,9.0,21.0,23.0,55.0,57.0,78.0,79.0,95.0,138.0,203.0,219.0,253.0,261.0,284.0,298.0,374.0,468.0,485.0,506.0,516.0,532.0,575.0,598.0,600.0,602.0,616.0,637.0,638.0,672.0,676.0,689.0,726.0,761.0,789.0,793.0,805.0,813.0,820.0,834.0,852.0,901.0,952.0,978.0,981.0,
59.0,60.0,103.0,144.0,154.0,176.0,209.0,250.0,265.0,342.0,404.0,405.0,454.0,477.0,506.0,522.0,538.0,581.0,635.0,659.0,704.0,722.0,799.0,802.0,880.0,887.0,927.0,940.0,949.0,
11.0,33.0,120.0,129.0,147.0,183.0,223.0,269.0,278.0,286.0,325.0,334.0,414.0,444.0,466.0,506.0,507.0,567.0,613.0,613.0,615.0,618.0,641.0,673.0,745.0,844.0,849.0,892.0,913.0,950.0,961.0,968.0,978.0,
41.0,67.0,99.0,127.0,144.0,152.0,223.0,259.0,276.0,338.0,340.0,364.0,365.0,433.0,511.0,528.0,553.0,615.0,644.0,698.0,709.0,796.0,820.0,824.0,831.0,894.0,898.0,908.0,919.0,931.0,957.0,
3.0,99.0,102.0,109.0,138.0,165.0,177.0,194.0,210.0,229.0,285.0,286.0,363.0,371.0,389.0,403.0,408.0,410.0,417.0,521.0,601.0,606.0,668.0,670.0,679.0,717.0,750.0,780.0,806.0,838.0,952.0,986.0,998.0,
34.0,65.0,70.0,81.0,143.0,150.0,187.0,201.0,217.0,247.0,309.0,310.0,314.0,372.0,381.0,390.0,404.0,425.0,436.0,453.0,493.0,506.0,518.0,559.0,559.0,630.0,662.0,676.0,684.0,743.0,745.0,770.0,794.0,815.0,827.0,882.0,886.0,915.0,931.0,945.0,950.0,962.0,979.0,981.0,
7.0,15.0,44.0,76.0,89.0,115.0,115.0,118.0,133.0,153.0,173.0,206.0,328.0,372.0,405.0,432.0,473.0,491.0,497.0,553.0,566.0,577.0,585.0,595.0,659.0,677.0,731.0,779.0,807.0,829.0,867.0,958.0,966.0,981.0,
38.0,120.0,242.0,246.0,288.0,293.0,311.0,389.0,401.0,410.0,442.0,446.0,496.0,562.0,607.0,608.0,609.0,643.0,648.0,660.0,668.0,669.0,692.0,732.0,742.0,746.0,747.0,756.0,765.0,809.0,816.0,855.0,923.0,928.0,952.0,956.0,
16.0,35.0,71.0,92.0,99.0,119.0,123.0,174.0,174.0,200.0,224.0,233.0,263.0,286.0,292.0,324.0,358.0,395.0,401.0,449.0,456.0,460.0,498.0,526.0,539.0,547.0,566.0,627.0,674.0,702.0,801.0,918.0,929.0,939.0,961.0,988.0,
3.0,37.0,57.0,65.0,67.0,161.0,187.0,195.0,204.0,206.0,212.0,269.0,276.0,315.0,322.0,357.0,391.0,431.0,538.0,559.0,649.0,655.0,670.0,674.0,688.0,707.0,772.0,877.0,889.0,974.0,
58.0,117.0,123.0,194.0,209.0,222.0,255.0,255.0,271.0,272.0,294.0,306.0,326.0,351.0,361.0,390.0,403.0,438.0,481.0,484.0,505.0,518.0,573.0,656.0,732.0,794.0,796.0,867.0,951.0,964.0,
10.0,27.0,37.0,123.0,124.0,132.0,143.0,174.0,183.0,216.0,218.0,225.0,245.0,271.0,304.0,319.0,346.0,477.0,494.0,536.0,641.0,643.0,672.0,687.0,715.0,735.0,741.0,747.0,750.0,833.0,869.0,967.0,
15.0,15.0,17.0,18.0,30.0,32.0,52.0,56.0,94.0,117.0,153.0,204.0,209.0,225.0,237.0,266.0,280.0,286.0,292.0,366.0,462.0,517.0,519.0,561.0,565.0,574.0,575.0,581.0,629.0,675.0,695.0,754.0,770.0,772.0,781.0,782.0,790.0,835.0,859.0,932.0,996.0,
28.0,69.0,189.0,245.0,265.0,367.0,431.0,442.0,460.0,471.0,478.0,482.0,530.0,549.0,560.0,599.0,603.0,609.0,617.0,647.0,662.0,690.0,714.0,715.0,716.0,739.0,771.0,799.0,821.0,839.0,842.0,844.0,874.0,887.0,909.0,911.0,
13.0,29.0,34.0,61.0,73.0,99.0,136.0,150.0,159.0,160.0,167.0,190.0,228.0,230.0,230.0,230.0,232.0,286.0,302.0,334.0,388.0,413.0,416.0,451.0,464.0,470.0,478.0,481.0,487.0,498.0,501.0,528.0,544.0,553.0,584.0,602.0,613.0,633.0,636.0,657.0,679.0,691.0,799.0,840.0,849.0,860.0,890.0,896.0,944.0,
20.0,30.0,43.0,99.0,134.0,153.0,165.0,194.0,210.0,217.0,325.0,331.0,333.0,341.0,362.0,398.0,450.0,482.0,482.0,513.0,558.0,565.0,643.0,715.0,744.0,837.0,889.0,907.0,
53.0,61.0,72.0,121.0,192.0,223.0,224.0,243.0,244.0,246.0,298.0,301.0,316.0,339.0,345.0,362.0,374.0,374.0,378.0,388.0,412.0,418.0,479.0,481.0,515.0,522.0,562.0,576.0,593.0,655.0,676.0,692.0,698.0,732.0,761.0,762.0,800.0,804.0,822.0,824.0,834.0,929.0,951.0,989.0,
31.0,33.0,45.0,99.0,100.0,204.0,229.0,230.0,231.0,262.0,263.0,269.0,282.0,309.0,317.0,340.0,347.0,380.0,393.0,401.0,420.0,426.0,475.0,499.0,521.0,541.0,553.0,588.0,597.0,659.0,673.0,684.0,688.0,713.0,723.0,760.0,760.0,821.0,845.0,852.0,856.0,882.0,909.0,949.0,977.0,
18.0,35.0,65.0,75.0,111.0,123.0,124.0,167.0,181.0,182.0,201.0,205.0,205.0,219.0,255.0,309.0,346.0,373.0,380.0,395.0,416.0,453.0,490.0,494.0,500.0,534.0,547.0,561.0,683.0,702.0,709.0,765.0,829.0,839.0,841.0,864.0,905.0,
7.0,37.0,87.0,90.0,100.0,135.0,147.0,160.0,207.0,223.0,234.0,239.0,263.0,278.0,294.0,297.0,318.0,339.0,346.0,488.0,542.0,542.0,547.0,570.0,601.0,629.0,636.0,725.0,750.0,757.0,801.0,833.0,851.0,883.0,937.0,937.0,954.0,993.0,
13.0,22.0,37.0,48.0,53.0,104.0,139.0,159.0,185.0,245.0,264.0,281.0,326.0,332.0,346.0,379.0,443.0,453.0,461.0,466.0,475.0,486.0,496.0,507.0,520.0,575.0,578.0,620.0,641.0,681.0,782.0,790.0,791.0,825.0,848.0,927.0,928.0,982.0,987.0,
2.0,22.0,45.0,49.0,64.0,109.0,166.0,205.0,218.0,244.0,264.0,274.0,298.0,306.0,331.0,416.0,474.0,474.0,480.0,543.0,543.0,562.0,571.0,578.0,581.0,592.0,618.0,696.0,725.0,760.0,822.0,869.0,893.0,948.0,952.0,964.0,968.0,988.0,994.0,
38.0,83.0,112.0,123.0,157.0,157.0,172.0,185.0,187.0,205.0,234.0,240.0,260.0,269.0,272.0,280.0,299.0,300.0,307.0,366.0,375.0,446.0,454.0,468.0,483.0,487.0,528.0,545.0,546.0,548.0,548.0,550.0,554.0,565.0,566.0,572.0,580.0,589.0,601.0,613.0,654.0,670.0,672.0,691.0,691.0,693.0,710.0,724.0,769.0,787.0,797.0,798.0,811.0,820.0,831.0,850.0,857.0,861.0,876.0,885.0,899.0,953.0,969.0,
32.0,46.0,105.0,136.0,171.0,198.0,215.0,257.0,273.0,288.0,305.0,309.0,313.0,350.0,394.0,466.0,492.0,531.0,549.0,563.0,569.0,581.0,583.0,584.0,588.0,592.0,593.0,602.0,605.0,619.0,621.0,643.0,648.0,651.0,651.0,653.0,675.0,676.0,685.0,689.0,723.0,733.0,752.0,769.0,781.0,801.0,819.0,820.0,840.0,842.0,845.0,849.0,883.0,902.0,908.0,915.0,919.0,947.0,951.0,963.0,972.0,992.0,
47.0,67.0,87.0,115.0,141.0,151.0,174.0,179.0,219.0,271.0,304.0,310.0,316.0,320.0,422.0,438.0,442.0,488.0,506.0,515.0,518.0,527.0,532.0,544.0,546.0,548.0,554.0,559.0,560.0,581.0,582.0,599.0,601.0,603.0,606.0,606.0,607.0,617.0,622.0,625.0,636.0,665.0,665.0,681.0,682.0,686.0,686.0,706.0,734.0,735.0,755.0,761.0,764.0,792.0,797.0,810.0,818.0,839.0,839.0,841.0,859.0,861.0,867.0,867.0,868.0,880.0,908.0,921.0,943.0,949.0,964.0,966.0,992.0,999.0,
22.0,34.0,86.0,107.0,112.0,113.0,167.0,220.0,241.0,241.0,256.0,281.0,334.0,335.0,363.0,394.0,440.0,449.0,454.0,473.0,485.0,515.0,540.0,543.0,544.0,548.0,609.0,641.0,641.0,715.0,725.0,812.0,820.0,878.0,946.0,991.0,
81.0,95.0,102.0,111.0,114.0,123.0,146.0,159.0,175.0,181.0,199.0,218.0,230.0,266.0,283.0,308.0,317.0,323.0,355.0,359.0,365.0,376.0,388.0,393.0,433.0,523.0,622.0,671.0,715.0,728.0,789.0,844.0,846.0,878.0,923.0,936.0,970.0,974.0,
17.0,49.0,84.0,99.0,164.0,199.0,309.0,313.0,320.0,364.0,389.0,407.0,456.0,487.0,527.0,569.0,600.0,634.0,637.0,669.0,685.0,842.0,863.0,896.0,952.0,969.0,977.0,
20.0,32.0,41.0,68.0,111.0,153.0,188.0,227.0,296.0,316.0,331.0,371.0,407.0,430.0,452.0,549.0,579.0,623.0,660.0,666.0,698.0,734.0,737.0,767.0,789.0,793.0,795.0,927.0,940.0,963.0,988.0,
40.0,72.0,83.0,103.0,208.0,217.0,248.0,306.0,337.0,369.0,380.0,388.0,426.0,448.0,474.0,493.0,547.0,559.0,565.0,571.0,646.0,747.0,764.0,857.0,869.0,897.0,905.0,916.0,922.0,982.0,
28.0,66.0,91.0,97.0,138.0,153.0,194.0,198.0,210.0,216.0,234.0,234.0,253.0,263.0,312.0,318.0,331.0,434.0,454.0,482.0,496.0,500.0,501.0,533.0,564.0,574.0,624.0,686.0,690.0,768.0,816.0,827.0,831.0,886.0,910.0,
21.0,22.0,38.0,97.0,106.0,118.0,143.0,162.0,213.0,237.0,249.0,284.0,320.0,327.0,411.0,416.0,459.0,461.0,500.0,515.0,526.0,531.0,582.0,605.0,661.0,683.0,715.0,771.0,824.0,874.0,914.0,951.0,976.0,
49.0,81.0,94.0,118.0,126.0,143.0,153.0,156.0,203.0,214.0,229.0,251.0,264.0,267.0,294.0,304.0,333.0,359.0,369.0,412.0,455.0,460.0,490.0,491.0,522.0,526.0,526.0,527.0,532.0,535.0,536.0,543.0,547.0,550.0,553.0,555.0,565.0,572.0,574.0,574.0,578.0,578.0,585.0,586.0,594.0,594.0,599.0,602.0,604.0,605.0,609.0,610.0,611.0,625.0,626.0,628.0,628.0,628.0,634.0,635.0,639.0,643.0,656.0,672.0,673.0,686.0,701.0,708.0,735.0,743.0,745.0,746.0,746.0,756.0,759.0,767.0,771.0,787.0,788.0,789.0,835.0,850.0,877.0,913.0,921.0,927.0,947.0,962.0,966.0,989.0,996.0,
110.0,114.0,115.0,118.0,164.0,177.0,183.0,213.0,224.0,232.0,240.0,270.0,274.0,292.0,316.0,333.0,352.0,362.0,372.0,378.0,389.0,391.0,399.0,438.0,524.0,532.0,533.0,533.0,536.0,536.0,544.0,565.0,572.0,576.0,580.0,583.0,586.0,586.0,586.0,587.0,590.0,596.0,597.0,608.0,618.0,628.0,649.0,649.0,651.0,658.0,670.0,695.0,703.0,704.0,705.0,707.0,708.0,719.0,720.0,730.0,732.0,751.0,754.0,777.0,811.0,815.0,844.0,855.0,865.0,870.0,891.0,904.0,907.0,914.0,917.0,947.0,956.0,969.0,974.0,980.0,982.0,
13.0,16.0,38.0,126.0,150.0,157.0,224.0,236.0,250.0,276.0,304.0,344.0,345.0,405.0,427.0,442.0,465.0,474.0,504.0,527.0,531.0,534.0,539.0,539.0,548.0,549.0,550.0,556.0,571.0,573.0,573.0,586.0,603.0,604.0,611.0,612.0,619.0,621.0,631.0,635.0,652.0,657.0,667.0,673.0,674.0,680.0,684.0,712.0,713.0,732.0,740.0,741.0,792.0,798.0,804.0,817.0,821.0,829.0,839.0,851.0,857.0,877.0,897.0,897.0,900.0,906.0,914.0,916.0,916.0,931.0,959.0,981.0,982.0,987.0,1000.0,
14.0,15.0,117.0,173.0,176.0,180.0,208.0,243.0,304.0,318.0,350.0,353.0,382.0,394.0,441.0,468.0,474.0,477.0,495.0,506.0,554.0,561.0,569.0,579.0,584.0,591.0,625.0,658.0,718.0,731.0,787.0,854.0,861.0,867.0,877.0,880.0,941.0,
3.0,7.0,35.0,73.0,76.0,87.0,127.0,130.0,138.0,138.0,140.0,144.0,171.0,209.0,215.0,253.0,283.0,306.0,317.0,334.0,352.0,406.0,415.0,708.0,777.0,862.0,947.0,953.0,
39.0,42.0,89.0,111.0,111.0,122.0,190.0,245.0,288.0,346.0,352.0,361.0,373.0,451.0,457.0,468.0,512.0,525.0,525.0,538.0,578.0,578.0,587.0,588.0,604.0,604.0,656.0,693.0,717.0,729.0,795.0,812.0,815.0,820.0,862.0,875.0,880.0,897.0,929.0,959.0,966.0,987.0,993.0,997.0,
32.0,47.0,97.0,126.0,129.0,142.0,218.0,270.0,272.0,278.0,346.0,346.0,351.0,356.0,397.0,417.0,420.0,428.0,428.0,442.0,485.0,487.0,509.0,511.0,512.0,520.0,551.0,552.0,574.0,597.0,597.0,621.0,639.0,658.0,663.0,665.0,683.0,826.0,837.0,837.0,852.0,870.0,898.0,904.0,912.0,946.0,
35.0,49.0,103.0,113.0,127.0,137.0,140.0,163.0,249.0,264.0,265.0,313.0,316.0,324.0,325.0,368.0,379.0,401.0,432.0,459.0,479.0,494.0,495.0,573.0,579.0,642.0,662.0,666.0,691.0,703.0,708.0,710.0,740.0,768.0,778.0,838.0,839.0,868.0,918.0,975.0,
2.0,18.0,56.0,58.0,60.0,104.0,109.0,132.0,151.0,215.0,243.0,272.0,280.0,290.0,293.0,303.0,328.0,344.0,372.0,428.0,485.0,511.0,519.0,566.0,582.0,583.0,586.0,741.0,742.0,790.0,796.0,803.0,831.0,836.0,842.0,852.0,
22.0,93.0,128.0,179.0,192.0,298.0,309.0,343.0,371.0,453.0,467.0,499.0,516.0,539.0,543.0,564.0,569.0,578.0,677.0,745.0,750.0,776.0,787.0,811.0,816.0,885.0,909.0,913.0,918.0,975.0,
31.0,48.0,84.0,118.0,122.0,165.0,174.0,205.0,247.0,247.0,268.0,289.0,316.0,323.0,353.0,356.0,394.0,402.0,403.0,407.0,427.0,429.0,470.0,470.0,481.0,501.0,516.0,517.0,521.0,526.0,535.0,540.0,550.0,557.0,566.0,567.0,568.0,577.0,582.0,585.0,594.0,614.0,622.0,622.0,632.0,638.0,639.0,640.0,654.0,676.0,685.0,691.0,692.0,696.0,698.0,705.0,719.0,724.0,747.0,750.0,776.0,789.0,792.0,813.0,814.0,832.0,867.0,867.0,884.0,893.0,928.0,968.0,969.0,971.0,974.0,976.0,997.0,
15.0,38.0,58.0,59.0,67.0,73.0,111.0,125.0,186.0,266.0,285.0,300.0,353.0,368.0,417.0,425.0,469.0,517.0,520.0,522.0,524.0,525.0,525.0,528.0,531.0,562.0,569.0,577.0,583.0,588.0,595.0,603.0,604.0,625.0,637.0,639.0,665.0,682.0,683.0,684.0,699.0,705.0,711.0,735.0,735.0,737.0,738.0,739.0,748.0,770.0,792.0,795.0,801.0,804.0,805.0,816.0,816.0,861.0,868.0,871.0,873.0,876.0,894.0,900.0,908.0,916.0,944.0,973.0,975.0,992.0,993.0,996.0,
47.0,77.0,97.0,100.0,104.0,122.0,123.0,124.0,176.0,190.0,260.0,318.0,458.0,471.0,490.0,491.0,505.0,521.0,528.0,533.0,533.0,534.0,545.0,549.0,555.0,564.0,574.0,578.0,580.0,601.0,631.0,637.0,641.0,641.0,653.0,667.0,667.0,669.0,671.0,682.0,685.0,735.0,757.0,779.0,801.0,855.0,865.0,872.0,877.0,878.0,881.0,940.0,
14.0,14.0,40.0,52.0,59.0,64.0,68.0,91.0,169.0,183.0,190.0,201.0,261.0,345.0,357.0,403.0,413.0,424.0,476.0,499.0,534.0,537.0,546.0,553.0,600.0,630.0,730.0,760.0,789.0,828.0,865.0,925.0,978.0,
4.0,65.0,80.0,92.0,207.0,263.0,303.0,362.0,374.0,381.0,395.0,405.0,405.0,407.0,408.0,419.0,442.0,463.0,474.0,499.0,622.0,666.0,674.0,677.0,710.0,761.0,774.0,809.0,816.0,821.0,850.0,871.0,902.0,904.0,942.0,
8.0,29.0,72.0,86.0,98.0,144.0,153.0,173.0,211.0,229.0,261.0,298.0,299.0,311.0,312.0,331.0,339.0,383.0,464.0,526.0,545.0,550.0,576.0,701.0,719.0,731.0,750.0,765.0,834.0,904.0,958.0,959.0,967.0,971.0,974.0,986.0,991.0,
15.0,75.0,94.0,134.0,138.0,174.0,183.0,201.0,211.0,228.0,257.0,264.0,313.0,331.0,370.0,384.0,446.0,471.0,526.0,564.0,606.0,618.0,653.0,674.0,682.0,700.0,807.0,868.0,875.0,
33.0,81.0,130.0,143.0,166.0,169.0,184.0,191.0,199.0,259.0,262.0,275.0,279.0,300.0,344.0,499.0,541.0,570.0,630.0,631.0,632.0,643.0,747.0,767.0,789.0,791.0,796.0,821.0,872.0,908.0,918.0,976.0,984.0,
10.0,38.0,55.0,189.0,204.0,213.0,229.0,279.0,291.0,296.0,297.0,309.0,330.0,397.0,448.0,457.0,466.0,488.0,506.0,539.0,602.0,607.0,617.0,627.0,651.0,689.0,728.0,728.0,732.0,739.0,746.0,754.0,766.0,793.0,832.0,832.0,871.0,958.0,959.0,
26.0,40.0,42.0,141.0,164.0,218.0,242.0,347.0,367.0,397.0,410.0,433.0,440.0,471.0,501.0,520.0,535.0,540.0,569.0,605.0,669.0,685.0,686.0,730.0,757.0,759.0,768.0,777.0,780.0,783.0,814.0,840.0,866.0,915.0,934.0,942.0,987.0,
18.0,54.0,124.0,172.0,185.0,186.0,261.0,279.0,293.0,323.0,433.0,462.0,469.0,480.0,494.0,524.0,525.0,570.0,585.0,698.0,725.0,741.0,756.0,770.0,775.0,790.0,795.0,838.0,845.0,941.0,965.0,966.0,975.0,975.0,
13.0,26.0,42.0,90.0,101.0,112.0,136.0,164.0,172.0,207.0,255.0,326.0,350.0,379.0,391.0,402.0,466.0,484.0,505.0,525.0,529.0,533.0,559.0,562.0,564.0,567.0,581.0,623.0,637.0,694.0,833.0,867.0,956.0,971.0,
12.0,28.0,55.0,62.0,64.0,75.0,98.0,107.0,114.0,114.0,122.0,126.0,141.0,152.0,155.0,157.0,167.0,168.0,171.0,207.0,225.0,233.0,278.0,389.0,418.0,422.0,431.0,481.0,481.0,483.0,490.0,526.0,530.0,580.0,630.0,681.0,694.0,779.0,796.0,808.0,811.0,823.0,874.0,874.0,879.0,889.0,
11.0,64.0,79.0,125.0,149.0,163.0,188.0,205.0,256.0,263.0,329.0,333.0,347.0,356.0,361.0,393.0,428.0,531.0,569.0,618.0,668.0,678.0,694.0,709.0,709.0,752.0,776.0,858.0,864.0,878.0,899.0,905.0,955.0,961.0,
10.0,33.0,77.0,84.0,108.0,149.0,205.0,250.0,261.0,364.0,468.0,473.0,482.0,489.0,505.0,552.0,576.0,580.0,644.0,645.0,669.0,669.0,712.0,723.0,747.0,831.0,859.0,866.0,874.0,888.0,928.0,
22.0,30.0,69.0,132.0,212.0,226.0,238.0,345.0,394.0,417.0,439.0,481.0,508.0,525.0,537.0,546.0,553.0,563.0,600.0,616.0,637.0,673.0,686.0,770.0,805.0,855.0,909.0,958.0,
19.0,31.0,33.0,48.0,57.0,130.0,175.0,179.0,230.0,275.0,276.0,303.0,305.0,310.0,327.0,328.0,331.0,375.0,411.0,416.0,448.0,558.0,576.0,596.0,608.0,610.0,636.0,665.0,699.0,731.0,751.0,768.0,784.0,794.0,824.0,866.0,871.0,882.0,923.0,937.0,
5.0,17.0,18.0,18.0,99.0,163.0,193.0,217.0,224.0,230.0,233.0,283.0,328.0,329.0,370.0,392.0,421.0,424.0,460.0,531.0,544.0,553.0,580.0,624.0,629.0,654.0,696.0,778.0,788.0,817.0,826.0,862.0,890.0,898.0,965.0,969.0,969.0,971.0,996.0,
20.0,38.0,43.0,48.0,140.0,214.0,223.0,249.0,290.0,300.0,303.0,321.0,331.0,359.0,387.0,425.0,446.0,450.0,467.0,469.0,494.0,503.0,536.0,558.0,574.0,610.0,611.0,796.0,846.0,890.0,904.0,995.0,998.0,
4.0,26.0,43.0,46.0,154.0,159.0,198.0,208.0,269.0,330.0,332.0,340.0,342.0,361.0,380.0,407.0,420.0,447.0,448.0,481.0,512.0,514.0,532.0,573.0,580.0,605.0,645.0,651.0,734.0,744.0,810.0,
5.0,42.0,43.0,62.0,97.0,98.0,130.0,134.0,190.0,194.0,203.0,242.0,245.0,293.0,318.0,318.0,341.0,378.0,420.0,501.0,506.0,568.0,570.0,590.0,604.0,614.0,652.0,684.0,692.0,708.0,721.0,826.0,833.0,858.0,862.0,884.0,909.0,931.0,938.0,949.0,
61.0,107.0,159.0,183.0,238.0,314.0,322.0,399.0,415.0,426.0,432.0,451.0,455.0,501.0,534.0,582.0,606.0,611.0,630.0,723.0,739.0,782.0,823.0,832.0,836.0,849.0,863.0,864.0,873.0,883.0,883.0,905.0,908.0,955.0,991.0,
9.0,51.0,115.0,129.0,138.0,150.0,196.0,211.0,237.0,253.0,281.0,295.0,388.0,390.0,398.0,449.0,455.0,469.0,471.0,496.0,589.0,593.0,628.0,648.0,651.0,694.0,722.0,749.0,756.0,775.0,804.0,853.0,881.0,890.0,913.0,938.0,942.0,994.0,
14.0,49.0,86.0,116.0,120.0,132.0,134.0,200.0,262.0,270.0,302.0,311.0,317.0,383.0,387.0,427.0,441.0,482.0,506.0,516.0,551.0,555.0,568.0,620.0,622.0,660.0,753.0,783.0,819.0,839.0,912.0,960.0,972.0,
36.0,97.0,109.0,158.0,202.0,262.0,286.0,356.0,401.0,424.0,442.0,508.0,582.0,604.0,638.0,691.0,701.0,749.0,774.0,781.0,787.0,869.0,895.0,947.0,997.0,
25.0,69.0,70.0,148.0,165.0,238.0,257.0,257.0,341.0,350.0,388.0,439.0,488.0,545.0,559.0,580.0,623.0,641.0,642.0,643.0,701.0,715.0,733.0,758.0,847.0,892.0,911.0,948.0,993.0,
71.0,89.0,131.0,133.0,149.0,184.0,218.0,252.0,261.0,302.0,327.0,351.0,367.0,397.0,399.0,431.0,448.0,475.0,494.0,508.0,544.0,577.0,605.0,649.0,676.0,680.0,710.0,724.0,741.0,767.0,773.0,783.0,852.0,884.0,901.0,991.0,
35.0,61.0,76.0,105.0,107.0,125.0,146.0,194.0,275.0,280.0,307.0,324.0,330.0,340.0,410.0,454.0,512.0,528.0,539.0,570.0,603.0,634.0,649.0,651.0,669.0,729.0,741.0,749.0,752.0,761.0,777.0,816.0,831.0,898.0,920.0,931.0,932.0,957.0,973.0,
99.0,103.0,120.0,123.0,128.0,156.0,201.0,240.0,246.0,260.0,264.0,342.0,367.0,368.0,383.0,418.0,459.0,469.0,477.0,499.0,503.0,524.0,545.0,553.0,602.0,615.0,619.0,633.0,641.0,675.0,694.0,695.0,698.0,708.0,711.0,782.0,921.0,938.0,946.0,991.0,
16.0,18.0,37.0,104.0,117.0,152.0,160.0,169.0,243.0,289.0,348.0,357.0,363.0,448.0,471.0,484.0,501.0,503.0,538.0,596.0,640.0,641.0,648.0,682.0,741.0,743.0,743.0,849.0,867.0,869.0,878.0,887.0,910.0,911.0,926.0,945.0,999.0,
138.0,145.0,159.0,165.0,176.0,202.0,241.0,249.0,270.0,304.0,310.0,318.0,325.0,345.0,358.0,410.0,441.0,445.0,474.0,501.0,582.0,593.0,604.0,615.0,644.0,669.0,697.0,768.0,776.0,783.0,838.0,840.0,862.0,911.0,926.0,951.0,
34.0,49.0,71.0,82.0,93.0,94.0,98.0,101.0,259.0,273.0,279.0,300.0,321.0,362.0,374.0,418.0,419.0,459.0,511.0,516.0,533.0,533.0,638.0,665.0,713.0,714.0,726.0,764.0,808.0,813.0,849.0,903.0,924.0,943.0,948.0,992.0,
32.0,61.0,118.0,127.0,131.0,146.0,154.0,170.0,187.0,197.0,228.0,247.0,282.0,284.0,332.0,357.0,362.0,457.0,466.0,473.0,488.0,516.0,518.0,527.0,534.0,538.0,549.0,554.0,570.0,604.0,623.0,646.0,647.0,659.0,714.0,781.0,793.0,865.0,886.0,902.0,913.0,915.0,917.0,962.0,
8.0,40.0,52.0,58.0,60.0,63.0,106.0,151.0,198.0,211.0,220.0,273.0,276.0,299.0,385.0,410.0,436.0,450.0,503.0,504.0,645.0,723.0,724.0,753.0,754.0,764.0,786.0,903.0,910.0,915.0,917.0,924.0,962.0,
39.0,50.0,89.0,127.0,134.0,135.0,146.0,175.0,215.0,230.0,246.0,273.0,280.0,352.0,367.0,382.0,385.0,409.0,417.0,421.0,423.0,517.0,565.0,580.0,602.0,628.0,665.0,668.0,678.0,699.0,710.0,740.0,775.0,775.0,785.0,787.0,798.0,805.0,813.0,829.0,884.0,932.0,973.0,
29.0,39.0,80.0,85.0,149.0,191.0,282.0,303.0,423.0,516.0,546.0,549.0,572.0,593.0,603.0,622.0,699.0,765.0,768.0,831.0,878.0,896.0,926.0,984.0,999.0,
