40.0,77.0,83.0,106.0,185.0,220.0,232.0,240.0,267.0,325.0,351.0,352.0,354.0,358.0,375.0,408.0,417.0,426.0,457.0,496.0,509.0,557.0,562.0,581.0,624.0,644.0,670.0,670.0,673.0,737.0,749.0,824.0,895.0,935.0,942.0,956.0,974.0,
113.0,173.0,184.0,200.0,245.0,299.0,327.0,369.0,429.0,459.0,470.0,490.0,527.0,572.0,575.0,591.0,597.0,648.0,672.0,679.0,693.0,694.0,708.0,721.0,734.0,734.0,742.0,815.0,838.0,844.0,962.0,984.0,
65.0,162.0,201.0,255.0,285.0,314.0,337.0,357.0,362.0,366.0,492.0,549.0,591.0,628.0,631.0,652.0,671.0,674.0,711.0,727.0,771.0,838.0,873.0,881.0,883.0,902.0,952.0,964.0,
46.0,68.0,81.0,117.0,127.0,128.0,145.0,156.0,195.0,314.0,359.0,361.0,372.0,387.0,438.0,463.0,474.0,502.0,579.0,679.0,731.0,738.0,750.0,832.0,839.0,855.0,891.0,935.0,
58.0,122.0,123.0,154.0,161.0,173.0,186.0,187.0,209.0,258.0,265.0,288.0,301.0,306.0,325.0,360.0,364.0,365.0,371.0,399.0,421.0,471.0,522.0,567.0,573.0,581.0,595.0,627.0,697.0,718.0,724.0,768.0,799.0,803.0,824.0,843.0,878.0,891.0,902.0,910.0,937.0,969.0,971.0,974.0,
32.0,47.0,85.0,142.0,224.0,226.0,231.0,239.0,244.0,314.0,330.0,491.0,526.0,546.0,608.0,624.0,670.0,723.0,725.0,732.0,740.0,750.0,771.0,790.0,823.0,893.0,936.0,947.0,947.0,
23.0,60.0,107.0,307.0,372.0,414.0,438.0,507.0,508.0,534.0,535.0,552.0,576.0,592.0,753.0,756.0,809.0,828.0,864.0,919.0,984.0,
17.0,74.0,158.0,178.0,195.0,196.0,220.0,239.0,240.0,241.0,292.0,315.0,343.0,347.0,357.0,359.0,364.0,366.0,373.0,392.0,399.0,406.0,430.0,445.0,486.0,487.0,503.0,540.0,546.0,571.0,725.0,727.0,730.0,740.0,741.0,752.0,809.0,843.0,875.0,889.0,911.0,913.0,916.0,936.0,955.0,980.0,
22.0,70.0,112.0,205.0,254.0,283.0,353.0,438.0,461.0,463.0,476.0,484.0,492.0,498.0,500.0,522.0,548.0,560.0,666.0,675.0,721.0,742.0,805.0,809.0,817.0,842.0,858.0,875.0,878.0,946.0,
7.0,34.0,105.0,215.0,221.0,299.0,376.0,386.0,390.0,392.0,451.0,466.0,520.0,532.0,578.0,605.0,618.0,673.0,746.0,777.0,779.0,780.0,827.0,829.0,844.0,847.0,888.0,909.0,
23.0,84.0,133.0,134.0,147.0,165.0,172.0,203.0,210.0,225.0,248.0,302.0,330.0,333.0,410.0,455.0,565.0,582.0,596.0,639.0,677.0,805.0,809.0,831.0,925.0,926.0,944.0,991.0,
47.0,48.0,66.0,67.0,118.0,160.0,174.0,241.0,274.0,332.0,336.0,359.0,389.0,392.0,412.0,418.0,442.0,458.0,473.0,474.0,486.0,553.0,568.0,578.0,596.0,628.0,633.0,637.0,637.0,656.0,665.0,729.0,754.0,817.0,898.0,900.0,915.0,931.0,
22.0,32.0,44.0,87.0,108.0,113.0,193.0,247.0,314.0,330.0,342.0,346.0,404.0,478.0,479.0,513.0,517.0,526.0,532.0,554.0,628.0,655.0,674.0,682.0,693.0,716.0,735.0,784.0,785.0,790.0,855.0,912.0,943.0,
16.0,32.0,32.0,51.0,168.0,189.0,227.0,313.0,332.0,342.0,343.0,351.0,362.0,523.0,613.0,617.0,675.0,731.0,788.0,794.0,809.0,825.0,843.0,874.0,975.0,986.0,989.0,994.0,
42.0,104.0,119.0,197.0,202.0,210.0,231.0,263.0,270.0,298.0,317.0,412.0,511.0,518.0,548.0,566.0,601.0,610.0,631.0,642.0,656.0,675.0,689.0,692.0,693.0,717.0,764.0,774.0,832.0,853.0,867.0,870.0,913.0,927.0,928.0,940.0,959.0,982.0,
84.0,94.0,114.0,157.0,189.0,210.0,224.0,264.0,296.0,337.0,352.0,363.0,379.0,383.0,383.0,403.0,428.0,463.0,474.0,479.0,521.0,526.0,595.0,655.0,656.0,686.0,702.0,710.0,826.0,853.0,854.0,856.0,880.0,916.0,920.0,929.0,988.0,990.0,990.0,993.0,
41.0,93.0,99.0,132.0,185.0,191.0,200.0,239.0,271.0,321.0,357.0,358.0,380.0,427.0,540.0,567.0,583.0,583.0,607.0,625.0,629.0,636.0,640.0,661.0,678.0,702.0,716.0,750.0,765.0,813.0,834.0,859.0,863.0,866.0,888.0,914.0,967.0,987.0,
18.0,51.0,84.0,95.0,107.0,117.0,125.0,131.0,141.0,167.0,193.0,208.0,228.0,303.0,313.0,326.0,336.0,389.0,415.0,462.0,462.0,481.0,485.0,581.0,600.0,635.0,636.0,644.0,668.0,697.0,716.0,723.0,742.0,767.0,775.0,791.0,809.0,821.0,899.0,922.0,929.0,953.0,970.0,991.0,994.0,
14.0,61.0,63.0,114.0,184.0,214.0,240.0,243.0,264.0,281.0,380.0,400.0,464.0,555.0,556.0,607.0,621.0,639.0,682.0,746.0,763.0,767.0,772.0,801.0,811.0,828.0,895.0,898.0,948.0,977.0,979.0,980.0,
14.0,141.0,167.0,169.0,174.0,181.0,185.0,258.0,269.0,281.0,299.0,337.0,345.0,376.0,421.0,424.0,438.0,463.0,467.0,482.0,530.0,590.0,664.0,758.0,789.0,794.0,845.0,873.0,893.0,917.0,919.0,
9.0,13.0,26.0,57.0,166.0,178.0,193.0,194.0,198.0,198.0,198.0,234.0,312.0,333.0,343.0,393.0,419.0,471.0,510.0,530.0,540.0,568.0,641.0,652.0,669.0,676.0,703.0,711.0,713.0,729.0,760.0,767.0,814.0,835.0,844.0,844.0,851.0,863.0,878.0,891.0,959.0,964.0,978.0,
4.0,16.0,31.0,43.0,85.0,111.0,122.0,138.0,214.0,324.0,331.0,389.0,395.0,400.0,403.0,409.0,460.0,502.0,593.0,614.0,631.0,637.0,639.0,684.0,712.0,744.0,816.0,819.0,819.0,835.0,839.0,855.0,864.0,968.0,
16.0,175.0,205.0,254.0,298.0,340.0,347.0,374.0,391.0,416.0,417.0,421.0,457.0,463.0,479.0,483.0,501.0,518.0,525.0,540.0,587.0,635.0,657.0,663.0,706.0,733.0,789.0,802.0,861.0,883.0,963.0,995.0,
55.0,56.0,65.0,116.0,126.0,137.0,145.0,262.0,338.0,342.0,353.0,390.0,423.0,569.0,607.0,615.0,623.0,626.0,649.0,656.0,708.0,718.0,796.0,832.0,854.0,858.0,892.0,911.0,943.0,961.0,
21.0,23.0,39.0,58.0,73.0,102.0,179.0,233.0,238.0,238.0,288.0,290.0,360.0,366.0,398.0,465.0,486.0,508.0,530.0,531.0,545.0,581.0,590.0,591.0,591.0,638.0,648.0,653.0,673.0,706.0,714.0,717.0,751.0,789.0,803.0,806.0,826.0,841.0,857.0,886.0,903.0,916.0,927.0,
23.0,24.0,46.0,93.0,118.0,178.0,264.0,299.0,314.0,322.0,342.0,359.0,364.0,402.0,426.0,468.0,472.0,501.0,544.0,555.0,558.0,565.0,643.0,647.0,685.0,691.0,692.0,703.0,729.0,740.0,741.0,747.0,810.0,897.0,916.0,940.0,942.0,949.0,985.0,
2.0,65.0,87.0,122.0,128.0,199.0,240.0,283.0,325.0,390.0,427.0,429.0,440.0,442.0,474.0,475.0,501.0,504.0,547.0,565.0,579.0,612.0,628.0,642.0,657.0,670.0,694.0,703.0,738.0,861.0,894.0,926.0,927.0,933.0,934.0,959.0,990.0,
18.0,24.0,28.0,33.0,64.0,103.0,115.0,202.0,216.0,231.0,288.0,304.0,329.0,356.0,389.0,477.0,479.0,492.0,554.0,593.0,618.0,647.0,669.0,694.0,696.0,725.0,728.0,752.0,777.0,792.0,813.0,841.0,859.0,865.0,951.0,974.0,976.0,989.0,994.0,
45.0,45.0,92.0,98.0,118.0,140.0,250.0,313.0,333.0,368.0,386.0,408.0,409.0,429.0,475.0,494.0,504.0,555.0,567.0,590.0,616.0,628.0,633.0,640.0,681.0,692.0,732.0,806.0,811.0,867.0,876.0,890.0,893.0,989.0,
27.0,145.0,147.0,159.0,194.0,198.0,224.0,234.0,255.0,256.0,295.0,343.0,347.0,351.0,426.0,524.0,567.0,639.0,671.0,681.0,683.0,698.0,740.0,776.0,809.0,875.0,926.0,941.0,975.0,996.0,
150.0,160.0,190.0,194.0,200.0,213.0,224.0,226.0,249.0,256.0,276.0,283.0,379.0,404.0,414.0,460.0,471.0,484.0,506.0,514.0,575.0,625.0,629.0,640.0,643.0,656.0,677.0,684.0,731.0,744.0,753.0,756.0,797.0,825.0,859.0,867.0,891.0,892.0,982.0,
40.0,76.0,135.0,161.0,172.0,195.0,256.0,296.0,342.0,380.0,396.0,398.0,429.0,430.0,444.0,463.0,496.0,496.0,552.0,577.0,652.0,653.0,666.0,696.0,707.0,711.0,725.0,738.0,776.0,779.0,816.0,842.0,870.0,874.0,888.0,889.0,893.0,899.0,911.0,967.0,
6.0,22.0,40.0,78.0,105.0,150.0,152.0,282.0,295.0,303.0,303.0,322.0,357.0,386.0,400.0,409.0,432.0,451.0,460.0,477.0,480.0,484.0,486.0,494.0,548.0,548.0,574.0,587.0,598.0,628.0,632.0,646.0,656.0,722.0,737.0,744.0,757.0,775.0,807.0,859.0,891.0,906.0,936.0,973.0,
8.0,28.0,47.0,102.0,289.0,294.0,294.0,301.0,313.0,331.0,333.0,346.0,354.0,450.0,457.0,498.0,526.0,529.0,538.0,551.0,557.0,578.0,579.0,584.0,585.0,599.0,602.0,603.0,608.0,608.0,656.0,684.0,684.0,690.0,698.0,699.0,708.0,715.0,766.0,769.0,792.0,825.0,850.0,857.0,857.0,901.0,906.0,923.0,943.0,956.0,977.0,
7.0,36.0,59.0,63.0,64.0,77.0,86.0,107.0,130.0,135.0,176.0,186.0,200.0,235.0,271.0,400.0,419.0,469.0,478.0,484.0,495.0,497.0,728.0,738.0,765.0,877.0,911.0,966.0,
115.0,146.0,151.0,167.0,220.0,249.0,271.0,317.0,333.0,349.0,351.0,370.0,377.0,381.0,400.0,408.0,408.0,427.0,429.0,432.0,441.0,457.0,488.0,
17.0,58.0,156.0,165.0,168.0,170.0,181.0,218.0,270.0,271.0,314.0,320.0,357.0,360.0,397.0,420.0,691.0,734.0,804.0,808.0,842.0,863.0,924.0,934.0,971.0,986.0,
2.0,23.0,65.0,87.0,106.0,126.0,151.0,191.0,215.0,296.0,298.0,307.0,324.0,390.0,419.0,456.0,493.0,494.0,546.0,554.0,558.0,566.0,580.0,582.0,585.0,639.0,647.0,662.0,674.0,688.0,705.0,730.0,761.0,777.0,793.0,798.0,817.0,898.0,901.0,907.0,954.0,958.0,978.0,
77.0,108.0,162.0,202.0,238.0,240.0,260.0,319.0,336.0,352.0,358.0,368.0,398.0,412.0,444.0,466.0,492.0,626.0,703.0,704.0,732.0,762.0,813.0,816.0,821.0,885.0,912.0,929.0,935.0,940.0,960.0,960.0,983.0,
8.0,21.0,28.0,37.0,80.0,153.0,158.0,220.0,224.0,231.0,272.0,324.0,357.0,417.0,425.0,455.0,475.0,493.0,494.0,560.0,564.0,574.0,577.0,583.0,584.0,586.0,634.0,635.0,664.0,715.0,790.0,872.0,885.0,917.0,923.0,938.0,950.0,954.0,962.0,
11.0,21.0,23.0,44.0,53.0,73.0,126.0,132.0,135.0,144.0,186.0,259.0,268.0,275.0,283.0,302.0,326.0,342.0,347.0,386.0,430.0,469.0,483.0,567.0,589.0,596.0,615.0,671.0,673.0,688.0,708.0,710.0,733.0,813.0,829.0,888.0,904.0,923.0,
32.0,37.0,85.0,95.0,128.0,133.0,149.0,186.0,188.0,240.0,253.0,293.0,313.0,425.0,456.0,473.0,500.0,527.0,555.0,564.0,568.0,638.0,645.0,662.0,667.0,674.0,697.0,726.0,782.0,793.0,804.0,824.0,837.0,852.0,870.0,961.0,970.0,1000.0,
14.0,46.0,72.0,78.0,88.0,146.0,176.0,199.0,223.0,240.0,313.0,320.0,327.0,340.0,394.0,433.0,477.0,529.0,555.0,574.0,589.0,611.0,619.0,623.0,659.0,665.0,684.0,698.0,710.0,717.0,745.0,830.0,853.0,873.0,882.0,925.0,925.0,964.0,969.0,978.0,
25.0,29.0,41.0,85.0,138.0,155.0,176.0,189.0,198.0,220.0,255.0,255.0,273.0,273.0,287.0,348.0,353.0,363.0,394.0,419.0,429.0,463.0,499.0,627.0,762.0,809.0,853.0,900.0,904.0,929.0,932.0,940.0,948.0,
2.0,23.0,46.0,62.0,63.0,72.0,141.0,147.0,159.0,184.0,296.0,352.0,364.0,383.0,387.0,397.0,399.0,442.0,455.0,482.0,485.0,
4.0,32.0,36.0,50.0,121.0,181.0,246.0,285.0,286.0,289.0,290.0,307.0,313.0,334.0,347.0,354.0,364.0,399.0,400.0,426.0,491.0,
26.0,45.0,134.0,151.0,191.0,196.0,260.0,270.0,334.0,
16.0,85.0,95.0,108.0,128.0,139.0,152.0,194.0,201.0,263.0,274.0,277.0,378.0,388.0,402.0,405.0,437.0,465.0,491.0,498.0,835.0,838.0,838.0,841.0,854.0,884.0,931.0,989.0,1000.0,
31.0,84.0,84.0,97.0,102.0,109.0,185.0,197.0,198.0,227.0,231.0,254.0,284.0,288.0,290.0,333.0,355.0,427.0,427.0,438.0,438.0,440.0,519.0,540.0,542.0,575.0,596.0,596.0,665.0,739.0,757.0,769.0,786.0,850.0,866.0,870.0,946.0,949.0,999.0,
53.0,69.0,103.0,124.0,139.0,167.0,183.0,204.0,211.0,230.0,272.0,292.0,360.0,499.0,536.0,554.0,555.0,558.0,652.0,674.0,682.0,689.0,709.0,722.0,725.0,756.0,773.0,797.0,805.0,861.0,864.0,891.0,916.0,977.0,998.0,
93.0,107.0,170.0,170.0,225.0,246.0,271.0,281.0,300.0,311.0,315.0,334.0,348.0,373.0,380.0,461.0,481.0,488.0,498.0,522.0,525.0,535.0,562.0,574.0,635.0,639.0,777.0,790.0,857.0,910.0,917.0,960.0,961.0,
47.0,50.0,77.0,107.0,133.0,155.0,181.0,181.0,257.0,288.0,291.0,305.0,378.0,381.0,413.0,438.0,444.0,516.0,531.0,556.0,584.0,586.0,604.0,609.0,649.0,695.0,762.0,787.0,806.0,807.0,837.0,900.0,905.0,921.0,936.0,963.0,991.0,1000.0,
29.0,48.0,57.0,76.0,86.0,144.0,174.0,186.0,203.0,243.0,249.0,265.0,321.0,328.0,358.0,452.0,471.0,482.0,501.0,552.0,619.0,650.0,663.0,669.0,675.0,707.0,713.0,768.0,852.0,864.0,909.0,
14.0,22.0,69.0,82.0,131.0,141.0,199.0,201.0,250.0,255.0,271.0,311.0,433.0,450.0,484.0,736.0,780.0,792.0,
30.0,32.0,82.0,89.0,93.0,163.0,198.0,202.0,218.0,229.0,237.0,336.0,340.0,363.0,379.0,391.0,430.0,453.0,
3.0,30.0,81.0,178.0,182.0,266.0,301.0,375.0,386.0,456.0,493.0,878.0,
24.0,33.0,67.0,92.0,146.0,158.0,164.0,250.0,268.0,306.0,307.0,366.0,391.0,393.0,396.0,411.0,464.0,464.0,477.0,492.0,495.0,496.0,507.0,
42.0,66.0,123.0,123.0,167.0,170.0,181.0,193.0,214.0,236.0,259.0,325.0,334.0,346.0,415.0,430.0,433.0,472.0,484.0,486.0,489.0,504.0,769.0,875.0,
5.0,9.0,14.0,26.0,51.0,186.0,260.0,340.0,351.0,383.0,481.0,496.0,510.0,553.0,592.0,620.0,634.0,667.0,691.0,699.0,726.0,735.0,753.0,773.0,812.0,835.0,848.0,955.0,980.0,984.0,993.0,993.0,998.0,999.0,
6.0,29.0,63.0,72.0,72.0,92.0,100.0,129.0,129.0,188.0,230.0,309.0,337.0,412.0,460.0,460.0,469.0,494.0,521.0,555.0,563.0,567.0,567.0,574.0,575.0,593.0,596.0,646.0,684.0,826.0,860.0,896.0,899.0,919.0,933.0,934.0,971.0,
5.0,30.0,55.0,58.0,80.0,200.0,238.0,261.0,333.0,341.0,352.0,399.0,439.0,444.0,452.0,507.0,554.0,555.0,565.0,633.0,695.0,698.0,732.0,742.0,786.0,801.0,808.0,808.0,866.0,888.0,892.0,973.0,998.0,
5.0,87.0,104.0,153.0,158.0,191.0,243.0,250.0,255.0,275.0,373.0,384.0,418.0,428.0,449.0,485.0,512.0,525.0,540.0,588.0,660.0,707.0,712.0,747.0,792.0,796.0,855.0,875.0,891.0,924.0,931.0,934.0,936.0,939.0,964.0,
23.0,23.0,26.0,52.0,78.0,92.0,103.0,114.0,227.0,241.0,254.0,315.0,331.0,335.0,394.0,463.0,473.0,520.0,576.0,587.0,591.0,602.0,649.0,692.0,738.0,745.0,746.0,793.0,818.0,838.0,862.0,901.0,924.0,949.0,966.0,974.0,989.0,
34.0,59.0,73.0,96.0,107.0,185.0,205.0,219.0,267.0,294.0,325.0,336.0,376.0,393.0,471.0,492.0,494.0,676.0,682.0,850.0,892.0,965.0,
10.0,11.0,14.0,57.0,76.0,78.0,86.0,132.0,195.0,202.0,203.0,208.0,213.0,224.0,229.0,257.0,273.0,359.0,441.0,459.0,461.0,491.0,496.0,
47.0,105.0,119.0,126.0,138.0,146.0,158.0,167.0,206.0,249.0,304.0,388.0,411.0,507.0,
19.0,35.0,85.0,134.0,158.0,168.0,171.0,198.0,203.0,213.0,214.0,231.0,247.0,296.0,312.0,319.0,332.0,393.0,409.0,502.0,
64.0,77.0,173.0,186.0,219.0,223.0,227.0,228.0,257.0,276.0,283.0,323.0,331.0,371.0,454.0,454.0,495.0,497.0,670.0,679.0,737.0,737.0,745.0,751.0,822.0,825.0,828.0,866.0,917.0,946.0,957.0,982.0,988.0,
21.0,32.0,50.0,58.0,95.0,128.0,151.0,177.0,182.0,185.0,216.0,229.0,256.0,278.0,296.0,298.0,300.0,326.0,353.0,446.0,480.0,522.0,526.0,607.0,639.0,673.0,679.0,680.0,712.0,728.0,766.0,768.0,839.0,901.0,924.0,924.0,945.0,952.0,963.0,969.0,
25.0,77.0,110.0,144.0,156.0,278.0,281.0,326.0,352.0,356.0,373.0,407.0,407.0,414.0,473.0,510.0,510.0,540.0,543.0,555.0,600.0,608.0,642.0,666.0,757.0,759.0,834.0,856.0,940.0,970.0,
27.0,39.0,74.0,133.0,165.0,238.0,258.0,270.0,299.0,315.0,340.0,364.0,368.0,446.0,554.0,593.0,607.0,647.0,651.0,653.0,667.0,712.0,724.0,736.0,746.0,761.0,772.0,792.0,798.0,812.0,813.0,824.0,845.0,855.0,873.0,878.0,885.0,886.0,911.0,918.0,975.0,999.0,
37.0,68.0,92.0,105.0,130.0,146.0,151.0,151.0,194.0,199.0,263.0,269.0,320.0,419.0,449.0,494.0,533.0,580.0,619.0,804.0,867.0,893.0,
4.0,27.0,49.0,57.0,66.0,111.0,148.0,151.0,152.0,169.0,184.0,192.0,276.0,360.0,372.0,402.0,447.0,494.0,498.0,514.0,514.0,578.0,591.0,709.0,740.0,778.0,807.0,807.0,859.0,939.0,940.0,977.0,978.0,
30.0,57.0,116.0,158.0,163.0,227.0,228.0,242.0,262.0,264.0,338.0,351.0,355.0,363.0,366.0,391.0,412.0,417.0,500.0,540.0,566.0,612.0,621.0,628.0,692.0,714.0,714.0,751.0,778.0,782.0,812.0,812.0,818.0,848.0,858.0,903.0,954.0,984.0,
13.0,38.0,44.0,64.0,76.0,82.0,98.0,110.0,119.0,145.0,155.0,171.0,197.0,198.0,265.0,282.0,326.0,359.0,369.0,425.0,437.0,448.0,480.0,508.0,696.0,723.0,750.0,750.0,765.0,778.0,824.0,848.0,851.0,950.0,962.0,978.0,
4.0,60.0,63.0,87.0,92.0,106.0,168.0,325.0,339.0,351.0,393.0,394.0,397.0,405.0,416.0,425.0,446.0,709.0,750.0,778.0,803.0,839.0,853.0,883.0,883.0,967.0,
27.0,63.0,64.0,108.0,140.0,162.0,187.0,214.0,226.0,247.0,277.0,356.0,374.0,406.0,412.0,414.0,445.0,457.0,483.0,492.0,495.0,742.0,805.0,813.0,823.0,889.0,891.0,892.0,925.0,969.0,987.0,
56.0,79.0,160.0,181.0,207.0,269.0,297.0,308.0,320.0,335.0,350.0,351.0,393.0,402.0,416.0,416.0,424.0,455.0,476.0,481.0,518.0,543.0,546.0,555.0,560.0,597.0,646.0,699.0,708.0,715.0,723.0,750.0,816.0,901.0,902.0,945.0,987.0,992.0,
4.0,94.0,95.0,120.0,130.0,131.0,138.0,167.0,194.0,226.0,290.0,352.0,360.0,405.0,418.0,435.0,454.0,480.0,486.0,502.0,503.0,548.0,548.0,560.0,584.0,589.0,595.0,595.0,692.0,705.0,759.0,762.0,792.0,810.0,822.0,846.0,855.0,855.0,875.0,876.0,880.0,917.0,923.0,976.0,978.0,989.0,
107.0,108.0,116.0,122.0,144.0,242.0,272.0,321.0,345.0,367.0,472.0,510.0,520.0,570.0,575.0,585.0,585.0,614.0,625.0,709.0,730.0,741.0,765.0,766.0,768.0,775.0,783.0,802.0,803.0,807.0,812.0,818.0,830.0,831.0,845.0,918.0,932.0,969.0,
37.0,96.0,142.0,154.0,168.0,168.0,178.0,282.0,296.0,311.0,395.0,420.0,443.0,455.0,461.0,480.0,494.0,527.0,529.0,579.0,665.0,669.0,677.0,802.0,817.0,817.0,868.0,871.0,885.0,890.0,929.0,948.0,949.0,954.0,962.0,982.0,
23.0,35.0,44.0,65.0,81.0,92.0,115.0,138.0,172.0,232.0,303.0,351.0,357.0,374.0,405.0,416.0,450.0,487.0,493.0,540.0,603.0,607.0,612.0,622.0,639.0,648.0,685.0,686.0,717.0,739.0,753.0,777.0,825.0,848.0,852.0,916.0,943.0,944.0,953.0,954.0,978.0,
11.0,142.0,174.0,180.0,185.0,213.0,226.0,246.0,271.0,283.0,378.0,400.0,405.0,434.0,459.0,526.0,553.0,556.0,575.0,576.0,616.0,717.0,769.0,802.0,806.0,822.0,830.0,913.0,931.0,
16.0,28.0,71.0,139.0,149.0,150.0,154.0,162.0,180.0,194.0,239.0,252.0,278.0,287.0,304.0,329.0,361.0,363.0,414.0,455.0,465.0,469.0,496.0,511.0,532.0,577.0,642.0,648.0,661.0,670.0,791.0,864.0,905.0,999.0,
65.0,66.0,143.0,179.0,183.0,200.0,284.0,297.0,317.0,340.0,350.0,361.0,362.0,394.0,398.0,401.0,403.0,404.0,426.0,433.0,450.0,572.0,573.0,574.0,574.0,626.0,627.0,643.0,660.0,689.0,691.0,700.0,732.0,742.0,745.0,771.0,791.0,793.0,801.0,802.0,808.0,823.0,875.0,884.0,922.0,990.0,
25.0,61.0,71.0,91.0,103.0,170.0,189.0,209.0,215.0,224.0,260.0,302.0,332.0,359.0,413.0,415.0,420.0,448.0,476.0,486.0,523.0,577.0,603.0,605.0,634.0,650.0,661.0,681.0,688.0,713.0,722.0,759.0,765.0,794.0,848.0,857.0,892.0,914.0,924.0,927.0,940.0,947.0,998.0,
33.0,61.0,65.0,85.0,126.0,177.0,200.0,259.0,283.0,364.0,371.0,372.0,393.0,413.0,432.0,447.0,473.0,514.0,521.0,544.0,544.0,592.0,610.0,618.0,641.0,648.0,653.0,696.0,706.0,710.0,718.0,736.0,748.0,751.0,781.0,799.0,812.0,824.0,831.0,858.0,885.0,964.0,976.0,
2.0,33.0,34.0,169.0,240.0,260.0,396.0,397.0,433.0,457.0,469.0,470.0,509.0,516.0,546.0,557.0,567.0,575.0,600.0,607.0,611.0,634.0,669.0,671.0,677.0,679.0,679.0,692.0,708.0,716.0,735.0,764.0,819.0,822.0,838.0,896.0,904.0,915.0,920.0,
9.0,29.0,35.0,67.0,102.0,110.0,202.0,216.0,243.0,245.0,246.0,275.0,322.0,355.0,394.0,495.0,577.0,583.0,597.0,598.0,605.0,626.0,678.0,692.0,702.0,706.0,750.0,760.0,764.0,806.0,808.0,816.0,873.0,877.0,908.0,942.0,960.0,982.0,999.0,
13.0,79.0,98.0,170.0,195.0,216.0,264.0,316.0,428.0,446.0,454.0,461.0,471.0,481.0,507.0,532.0,548.0,579.0,654.0,707.0,723.0,728.0,739.0,785.0,786.0,844.0,883.0,909.0,923.0,964.0,
37.0,76.0,84.0,147.0,209.0,258.0,268.0,272.0,284.0,318.0,327.0,334.0,342.0,368.0,407.0,416.0,436.0,461.0,524.0,549.0,579.0,583.0,608.0,652.0,659.0,726.0,754.0,763.0,766.0,801.0,802.0,816.0,850.0,853.0,883.0,921.0,944.0,977.0,
89.0,137.0,153.0,188.0,229.0,330.0,358.0,457.0,458.0,474.0,493.0,525.0,563.0,597.0,602.0,606.0,612.0,614.0,619.0,642.0,663.0,697.0,723.0,727.0,759.0,878.0,930.0,
41.0,60.0,71.0,72.0,76.0,84.0,90.0,147.0,148.0,175.0,205.0,227.0,245.0,267.0,274.0,276.0,283.0,306.0,325.0,341.0,342.0,358.0,394.0,450.0,473.0,473.0,475.0,495.0,528.0,538.0,543.0,555.0,568.0,585.0,592.0,612.0,631.0,635.0,645.0,668.0,689.0,815.0,838.0,927.0,937.0,943.0,946.0,
61.0,187.0,205.0,235.0,282.0,382.0,452.0,454.0,481.0,506.0,536.0,551.0,561.0,575.0,636.0,720.0,825.0,904.0,910.0,931.0,961.0,966.0,980.0,984.0,990.0,991.0,
3.0,10.0,58.0,80.0,92.0,111.0,116.0,150.0,157.0,172.0,184.0,204.0,205.0,238.0,246.0,265.0,372.0,384.0,401.0,462.0,493.0,501.0,531.0,550.0,576.0,588.0,686.0,759.0,764.0,775.0,816.0,845.0,855.0,861.0,872.0,874.0,933.0,971.0,
26.0,26.0,69.0,71.0,76.0,86.0,101.0,117.0,214.0,251.0,254.0,264.0,286.0,364.0,381.0,420.0,425.0,445.0,450.0,490.0,525.0,556.0,561.0,581.0,589.0,633.0,659.0,684.0,756.0,769.0,770.0,837.0,860.0,977.0,986.0,996.0,
11.0,30.0,54.0,101.0,128.0,171.0,224.0,230.0,263.0,264.0,271.0,285.0,293.0,321.0,364.0,440.0,465.0,484.0,515.0,521.0,526.0,571.0,588.0,613.0,633.0,650.0,684.0,685.0,700.0,711.0,791.0,839.0,840.0,885.0,885.0,890.0,937.0,979.0,994.0,
71.0,93.0,148.0,177.0,181.0,240.0,254.0,256.0,264.0,300.0,448.0,448.0,460.0,460.0,490.0,530.0,603.0,663.0,673.0,690.0,704.0,745.0,785.0,824.0,833.0,851.0,863.0,914.0,920.0,959.0,981.0,
4.0,11.0,22.0,67.0,89.0,155.0,158.0,168.0,182.0,244.0,249.0,285.0,289.0,318.0,329.0,347.0,369.0,382.0,442.0,450.0,470.0,474.0,517.0,539.0,540.0,550.0,570.0,573.0,591.0,601.0,618.0,621.0,666.0,725.0,739.0,804.0,830.0,838.0,850.0,877.0,899.0,937.0,962.0,974.0,977.0,
6.0,14.0,40.0,43.0,44.0,56.0,58.0,87.0,107.0,112.0,114.0,171.0,201.0,243.0,246.0,282.0,347.0,348.0,352.0,391.0,417.0,418.0,428.0,461.0,470.0,503.0,528.0,590.0,617.0,650.0,660.0,671.0,683.0,704.0,720.0,727.0,731.0,733.0,739.0,749.0,758.0,801.0,815.0,844.0,858.0,893.0,964.0,986.0,991.0,
