19.0,29.0,42.0,67.0,97.0,158.0,208.0,231.0,236.0,255.0,309.0,317.0,320.0,440.0,471.0,510.0,548.0,734.0,750.0,800.0,809.0,829.0,874.0,878.0,893.0,930.0,986.0,988.0,993.0,
87.0,107.0,246.0,259.0,268.0,279.0,320.0,323.0,328.0,377.0,474.0,490.0,536.0,587.0,590.0,625.0,684.0,724.0,740.0,754.0,756.0,794.0,826.0,829.0,878.0,888.0,892.0,910.0,947.0,950.0,
10.0,21.0,24.0,39.0,49.0,60.0,65.0,197.0,253.0,293.0,310.0,311.0,342.0,349.0,369.0,373.0,380.0,395.0,469.0,486.0,490.0,511.0,527.0,541.0,570.0,593.0,602.0,603.0,654.0,670.0,684.0,788.0,812.0,832.0,956.0,
19.0,47.0,54.0,94.0,107.0,109.0,203.0,219.0,268.0,271.0,273.0,315.0,333.0,337.0,350.0,407.0,435.0,519.0,549.0,567.0,589.0,602.0,611.0,673.0,695.0,713.0,797.0,828.0,891.0,914.0,923.0,996.0,
3.0,28.0,56.0,78.0,90.0,102.0,120.0,145.0,164.0,206.0,216.0,223.0,243.0,251.0,286.0,299.0,301.0,329.0,338.0,409.0,452.0,466.0,478.0,491.0,529.0,533.0,552.0,578.0,585.0,597.0,613.0,637.0,655.0,662.0,681.0,683.0,691.0,772.0,797.0,817.0,869.0,911.0,937.0,951.0,963.0,
7.0,32.0,36.0,68.0,70.0,92.0,133.0,136.0,436.0,470.0,561.0,580.0,629.0,739.0,751.0,781.0,809.0,821.0,856.0,856.0,907.0,914.0,930.0,931.0,932.0,
26.0,36.0,48.0,104.0,118.0,140.0,183.0,190.0,226.0,243.0,271.0,284.0,305.0,308.0,309.0,328.0,349.0,359.0,445.0,476.0,536.0,543.0,580.0,587.0,614.0,616.0,692.0,745.0,746.0,809.0,860.0,861.0,928.0,938.0,970.0,
40.0,56.0,63.0,142.0,166.0,198.0,202.0,217.0,227.0,247.0,248.0,277.0,280.0,303.0,406.0,473.0,473.0,474.0,480.0,500.0,503.0,511.0,532.0,560.0,579.0,677.0,703.0,754.0,774.0,777.0,797.0,798.0,825.0,849.0,861.0,865.0,866.0,953.0,962.0,972.0,1000.0,
17.0,58.0,180.0,214.0,218.0,271.0,285.0,302.0,329.0,331.0,332.0,402.0,441.0,456.0,468.0,475.0,486.0,530.0,530.0,551.0,631.0,657.0,660.0,664.0,673.0,683.0,689.0,801.0,836.0,854.0,864.0,881.0,925.0,926.0,933.0,952.0,990.0,995.0,
20.0,79.0,116.0,117.0,158.0,226.0,278.0,332.0,333.0,434.0,438.0,465.0,585.0,648.0,682.0,696.0,706.0,779.0,810.0,849.0,896.0,902.0,975.0,1000.0,
10.0,52.0,75.0,121.0,154.0,164.0,198.0,202.0,204.0,217.0,236.0,248.0,259.0,454.0,462.0,466.0,473.0,496.0,519.0,584.0,600.0,624.0,628.0,642.0,658.0,672.0,699.0,709.0,742.0,743.0,794.0,815.0,831.0,843.0,886.0,941.0,945.0,983.0,984.0,
16.0,40.0,51.0,57.0,62.0,77.0,98.0,142.0,152.0,176.0,185.0,191.0,198.0,299.0,312.0,339.0,344.0,369.0,389.0,404.0,465.0,471.0,646.0,646.0,683.0,684.0,688.0,720.0,722.0,739.0,740.0,780.0,802.0,811.0,855.0,867.0,877.0,934.0,937.0,946.0,983.0,
23.0,76.0,86.0,93.0,110.0,123.0,146.0,171.0,181.0,186.0,230.0,251.0,302.0,325.0,345.0,419.0,421.0,449.0,462.0,499.0,506.0,512.0,577.0,595.0,601.0,627.0,628.0,649.0,679.0,683.0,697.0,711.0,737.0,759.0,804.0,813.0,841.0,844.0,852.0,853.0,871.0,
13.0,16.0,100.0,195.0,195.0,232.0,300.0,307.0,327.0,336.0,361.0,361.0,371.0,384.0,447.0,449.0,489.0,505.0,534.0,544.0,550.0,589.0,608.0,610.0,616.0,643.0,679.0,700.0,703.0,720.0,743.0,753.0,777.0,778.0,817.0,831.0,851.0,889.0,937.0,938.0,941.0,945.0,976.0,977.0,982.0,
9.0,22.0,46.0,48.0,54.0,124.0,188.0,190.0,192.0,226.0,254.0,257.0,327.0,349.0,374.0,401.0,434.0,438.0,518.0,561.0,585.0,587.0,598.0,613.0,625.0,641.0,692.0,713.0,752.0,835.0,840.0,904.0,907.0,927.0,939.0,952.0,
19.0,21.0,23.0,27.0,49.0,99.0,100.0,104.0,144.0,196.0,241.0,255.0,286.0,319.0,331.0,358.0,384.0,424.0,500.0,504.0,546.0,625.0,679.0,749.0,781.0,784.0,838.0,872.0,937.0,944.0,971.0,
43.0,50.0,64.0,69.0,78.0,86.0,207.0,235.0,256.0,280.0,317.0,338.0,372.0,411.0,417.0,457.0,463.0,537.0,585.0,619.0,642.0,646.0,649.0,686.0,688.0,691.0,714.0,867.0,885.0,889.0,890.0,922.0,925.0,981.0,
25.0,69.0,121.0,153.0,158.0,210.0,225.0,228.0,250.0,271.0,311.0,366.0,374.0,413.0,435.0,441.0,468.0,499.0,543.0,657.0,684.0,687.0,688.0,692.0,717.0,743.0,755.0,790.0,825.0,843.0,854.0,878.0,891.0,928.0,956.0,
2.0,10.0,45.0,83.0,158.0,179.0,183.0,190.0,202.0,218.0,300.0,312.0,372.0,396.0,424.0,437.0,525.0,538.0,584.0,669.0,739.0,772.0,834.0,866.0,868.0,870.0,871.0,873.0,876.0,899.0,906.0,928.0,929.0,992.0,
47.0,81.0,105.0,111.0,124.0,137.0,167.0,186.0,188.0,227.0,302.0,331.0,345.0,360.0,404.0,448.0,455.0,550.0,601.0,679.0,707.0,708.0,720.0,738.0,738.0,772.0,805.0,812.0,829.0,846.0,920.0,926.0,936.0,968.0,987.0,
3.0,102.0,102.0,108.0,121.0,146.0,207.0,212.0,235.0,350.0,467.0,485.0,499.0,502.0,520.0,569.0,570.0,604.0,618.0,632.0,637.0,674.0,701.0,719.0,725.0,754.0,868.0,889.0,898.0,898.0,903.0,924.0,930.0,934.0,
49.0,73.0,80.0,125.0,138.0,142.0,161.0,164.0,197.0,203.0,254.0,263.0,274.0,284.0,287.0,370.0,393.0,478.0,515.0,663.0,670.0,679.0,696.0,697.0,729.0,745.0,775.0,785.0,791.0,843.0,927.0,938.0,941.0,969.0,989.0,
24.0,65.0,112.0,131.0,132.0,137.0,149.0,156.0,201.0,221.0,261.0,266.0,272.0,289.0,309.0,337.0,339.0,356.0,369.0,370.0,379.0,380.0,431.0,446.0,460.0,462.0,487.0,539.0,587.0,603.0,608.0,649.0,725.0,825.0,831.0,836.0,854.0,923.0,978.0,988.0,994.0,
18.0,103.0,137.0,221.0,230.0,281.0,354.0,362.0,376.0,377.0,399.0,403.0,433.0,450.0,470.0,494.0,573.0,598.0,612.0,630.0,636.0,638.0,729.0,740.0,781.0,787.0,808.0,846.0,869.0,880.0,884.0,893.0,911.0,918.0,940.0,944.0,964.0,971.0,
152.0,174.0,200.0,216.0,260.0,330.0,413.0,473.0,550.0,552.0,553.0,563.0,633.0,651.0,672.0,709.0,711.0,755.0,791.0,824.0,828.0,831.0,898.0,968.0,
43.0,68.0,72.0,74.0,121.0,138.0,196.0,338.0,405.0,405.0,421.0,430.0,469.0,508.0,519.0,521.0,526.0,526.0,544.0,548.0,564.0,572.0,580.0,589.0,655.0,681.0,700.0,774.0,813.0,823.0,826.0,836.0,878.0,903.0,940.0,958.0,989.0,
5.0,88.0,132.0,163.0,175.0,185.0,231.0,289.0,313.0,322.0,346.0,387.0,401.0,423.0,456.0,506.0,517.0,541.0,554.0,558.0,564.0,631.0,637.0,665.0,715.0,718.0,769.0,800.0,805.0,811.0,827.0,834.0,834.0,836.0,854.0,854.0,863.0,904.0,910.0,914.0,989.0,
36.0,45.0,49.0,59.0,71.0,82.0,82.0,84.0,97.0,108.0,157.0,171.0,187.0,193.0,207.0,241.0,288.0,306.0,323.0,377.0,377.0,414.0,417.0,459.0,609.0,628.0,629.0,691.0,711.0,740.0,810.0,871.0,888.0,923.0,924.0,948.0,984.0,
58.0,95.0,98.0,100.0,141.0,159.0,161.0,188.0,207.0,210.0,274.0,276.0,276.0,285.0,347.0,351.0,425.0,508.0,530.0,543.0,551.0,563.0,582.0,589.0,605.0,640.0,733.0,862.0,885.0,937.0,
51.0,54.0,61.0,90.0,218.0,239.0,306.0,320.0,332.0,379.0,406.0,454.0,482.0,529.0,553.0,558.0,576.0,599.0,622.0,638.0,645.0,667.0,757.0,763.0,818.0,906.0,941.0,971.0,981.0,994.0,
110.0,114.0,146.0,295.0,340.0,342.0,350.0,354.0,370.0,397.0,472.0,506.0,557.0,557.0,560.0,581.0,583.0,589.0,673.0,706.0,713.0,783.0,811.0,851.0,863.0,919.0,932.0,
3.0,41.0,57.0,73.0,73.0,100.0,122.0,139.0,143.0,210.0,235.0,268.0,275.0,315.0,348.0,364.0,373.0,394.0,410.0,428.0,435.0,502.0,624.0,625.0,649.0,673.0,693.0,700.0,707.0,744.0,775.0,825.0,862.0,863.0,866.0,
70.0,119.0,120.0,134.0,147.0,162.0,164.0,198.0,230.0,257.0,269.0,276.0,298.0,308.0,323.0,340.0,366.0,453.0,529.0,533.0,594.0,617.0,720.0,751.0,764.0,771.0,791.0,823.0,824.0,842.0,850.0,883.0,900.0,907.0,910.0,927.0,943.0,996.0,
41.0,47.0,160.0,174.0,194.0,221.0,224.0,255.0,280.0,339.0,359.0,399.0,478.0,489.0,502.0,506.0,516.0,586.0,617.0,618.0,694.0,697.0,784.0,795.0,801.0,809.0,811.0,812.0,865.0,918.0,930.0,979.0,999.0,
4.0,64.0,113.0,116.0,133.0,150.0,162.0,167.0,193.0,299.0,345.0,347.0,355.0,420.0,467.0,512.0,697.0,765.0,788.0,878.0,884.0,892.0,897.0,913.0,979.0,994.0,
10.0,69.0,109.0,206.0,212.0,239.0,239.0,350.0,358.0,366.0,404.0,427.0,450.0,466.0,472.0,869.0,893.0,962.0,
37.0,73.0,82.0,120.0,190.0,252.0,293.0,398.0,432.0,437.0,452.0,454.0,466.0,721.0,806.0,945.0,988.0,990.0,996.0,
10.0,12.0,39.0,73.0,84.0,100.0,220.0,235.0,242.0,301.0,404.0,422.0,453.0,487.0,492.0,549.0,558.0,575.0,583.0,592.0,606.0,631.0,652.0,661.0,669.0,683.0,683.0,692.0,697.0,702.0,704.0,729.0,775.0,777.0,803.0,809.0,821.0,824.0,853.0,891.0,921.0,959.0,970.0,982.0,
11.0,30.0,35.0,36.0,60.0,94.0,116.0,157.0,250.0,274.0,313.0,383.0,460.0,488.0,509.0,551.0,584.0,654.0,659.0,665.0,693.0,725.0,725.0,735.0,775.0,780.0,789.0,791.0,800.0,803.0,808.0,814.0,831.0,864.0,924.0,929.0,937.0,950.0,
6.0,33.0,45.0,65.0,94.0,95.0,107.0,108.0,116.0,152.0,186.0,198.0,210.0,212.0,216.0,241.0,252.0,273.0,276.0,287.0,305.0,335.0,345.0,352.0,360.0,400.0,407.0,413.0,419.0,467.0,475.0,594.0,597.0,629.0,635.0,640.0,658.0,700.0,715.0,742.0,754.0,797.0,801.0,846.0,855.0,873.0,908.0,935.0,943.0,983.0,991.0,
76.0,103.0,107.0,127.0,138.0,180.0,222.0,222.0,256.0,281.0,304.0,329.0,421.0,439.0,460.0,467.0,480.0,483.0,511.0,545.0,549.0,565.0,583.0,606.0,609.0,647.0,788.0,789.0,792.0,813.0,907.0,961.0,995.0,
4.0,24.0,102.0,125.0,132.0,149.0,163.0,175.0,178.0,210.0,232.0,271.0,311.0,313.0,317.0,319.0,342.0,342.0,399.0,507.0,517.0,533.0,534.0,694.0,700.0,717.0,723.0,728.0,848.0,860.0,864.0,902.0,928.0,931.0,940.0,
4.0,6.0,16.0,19.0,32.0,59.0,67.0,95.0,127.0,150.0,164.0,214.0,215.0,297.0,301.0,310.0,350.0,356.0,412.0,538.0,563.0,583.0,592.0,649.0,650.0,652.0,680.0,716.0,750.0,788.0,800.0,810.0,833.0,860.0,889.0,904.0,917.0,992.0,
16.0,56.0,155.0,184.0,209.0,210.0,222.0,224.0,226.0,267.0,273.0,292.0,311.0,337.0,352.0,363.0,698.0,774.0,800.0,944.0,978.0,993.0,995.0,998.0,
3.0,51.0,62.0,134.0,162.0,196.0,228.0,230.0,269.0,295.0,317.0,320.0,336.0,344.0,360.0,385.0,410.0,433.0,441.0,448.0,459.0,464.0,505.0,505.0,
12.0,14.0,58.0,76.0,84.0,132.0,143.0,156.0,170.0,179.0,288.0,334.0,344.0,345.0,424.0,464.0,
29.0,35.0,56.0,92.0,119.0,129.0,131.0,133.0,147.0,150.0,179.0,237.0,265.0,273.0,372.0,440.0,499.0,500.0,
4.0,41.0,61.0,73.0,89.0,89.0,95.0,131.0,139.0,142.0,177.0,365.0,376.0,376.0,395.0,454.0,471.0,477.0,674.0,735.0,746.0,812.0,
14.0,41.0,49.0,64.0,88.0,90.0,106.0,153.0,179.0,229.0,252.0,254.0,259.0,303.0,307.0,319.0,407.0,410.0,438.0,473.0,486.0,588.0,655.0,655.0,688.0,696.0,733.0,783.0,806.0,826.0,840.0,842.0,849.0,869.0,888.0,894.0,909.0,931.0,951.0,977.0,
23.0,34.0,44.0,69.0,81.0,110.0,226.0,265.0,281.0,315.0,319.0,351.0,368.0,401.0,426.0,429.0,430.0,437.0,585.0,601.0,634.0,657.0,672.0,711.0,734.0,797.0,830.0,880.0,891.0,903.0,907.0,934.0,
40.0,42.0,75.0,93.0,120.0,124.0,179.0,211.0,240.0,242.0,254.0,261.0,397.0,402.0,420.0,459.0,491.0,557.0,584.0,594.0,678.0,683.0,686.0,696.0,735.0,764.0,786.0,793.0,808.0,827.0,889.0,895.0,895.0,909.0,917.0,928.0,989.0,
21.0,33.0,64.0,118.0,168.0,174.0,189.0,256.0,281.0,333.0,360.0,398.0,421.0,428.0,477.0,488.0,507.0,528.0,550.0,555.0,583.0,591.0,606.0,625.0,647.0,649.0,688.0,723.0,740.0,759.0,766.0,797.0,900.0,911.0,915.0,934.0,938.0,944.0,
3.0,8.0,43.0,50.0,76.0,94.0,98.0,104.0,106.0,122.0,191.0,268.0,268.0,305.0,358.0,396.0,468.0,541.0,561.0,573.0,583.0,585.0,629.0,639.0,646.0,675.0,775.0,779.0,800.0,812.0,832.0,906.0,928.0,933.0,990.0,995.0,
22.0,32.0,76.0,97.0,99.0,161.0,218.0,244.0,289.0,315.0,321.0,402.0,402.0,447.0,722.0,806.0,813.0,837.0,930.0,992.0,
20.0,48.0,155.0,201.0,205.0,214.0,242.0,320.0,327.0,330.0,330.0,338.0,345.0,399.0,410.0,411.0,424.0,440.0,465.0,494.0,503.0,
27.0,108.0,109.0,120.0,125.0,150.0,152.0,158.0,181.0,210.0,250.0,276.0,303.0,331.0,358.0,366.0,377.0,406.0,458.0,472.0,867.0,949.0,955.0,
8.0,9.0,66.0,103.0,166.0,246.0,250.0,256.0,262.0,265.0,266.0,295.0,304.0,313.0,318.0,354.0,385.0,390.0,411.0,470.0,480.0,488.0,
29.0,30.0,37.0,114.0,131.0,146.0,164.0,175.0,177.0,216.0,219.0,269.0,316.0,323.0,349.0,377.0,415.0,436.0,470.0,498.0,510.0,845.0,866.0,875.0,880.0,987.0,
34.0,56.0,76.0,79.0,123.0,164.0,203.0,208.0,212.0,241.0,294.0,327.0,330.0,334.0,351.0,373.0,390.0,413.0,443.0,448.0,459.0,467.0,474.0,475.0,489.0,566.0,583.0,588.0,595.0,610.0,742.0,764.0,777.0,788.0,803.0,807.0,865.0,872.0,876.0,876.0,884.0,898.0,936.0,946.0,951.0,987.0,
7.0,8.0,55.0,99.0,138.0,143.0,149.0,175.0,209.0,227.0,261.0,330.0,374.0,384.0,405.0,439.0,462.0,483.0,486.0,490.0,492.0,496.0,502.0,504.0,520.0,538.0,606.0,619.0,627.0,641.0,651.0,673.0,691.0,732.0,760.0,764.0,766.0,791.0,795.0,853.0,874.0,905.0,914.0,960.0,987.0,
14.0,58.0,60.0,114.0,153.0,190.0,245.0,265.0,281.0,313.0,323.0,359.0,364.0,386.0,472.0,487.0,497.0,506.0,542.0,549.0,570.0,623.0,632.0,637.0,671.0,683.0,725.0,806.0,819.0,831.0,833.0,859.0,887.0,888.0,928.0,982.0,
8.0,25.0,68.0,94.0,197.0,265.0,302.0,326.0,449.0,459.0,494.0,496.0,623.0,635.0,646.0,666.0,666.0,695.0,699.0,703.0,716.0,735.0,747.0,863.0,886.0,917.0,952.0,954.0,
32.0,34.0,42.0,51.0,103.0,119.0,150.0,161.0,190.0,191.0,208.0,227.0,254.0,279.0,294.0,327.0,400.0,411.0,412.0,424.0,426.0,441.0,461.0,462.0,473.0,494.0,554.0,563.0,583.0,653.0,667.0,695.0,696.0,701.0,706.0,784.0,813.0,857.0,873.0,886.0,889.0,951.0,974.0,986.0,
12.0,25.0,35.0,64.0,78.0,78.0,103.0,194.0,198.0,221.0,231.0,247.0,296.0,344.0,354.0,438.0,447.0,495.0,644.0,666.0,693.0,706.0,717.0,722.0,770.0,784.0,805.0,811.0,871.0,898.0,899.0,902.0,956.0,
21.0,62.0,95.0,100.0,103.0,151.0,151.0,154.0,163.0,173.0,182.0,243.0,256.0,291.0,373.0,389.0,392.0,413.0,
42.0,43.0,52.0,100.0,112.0,123.0,127.0,142.0,222.0,237.0,274.0,337.0,341.0,343.0,351.0,356.0,393.0,396.0,404.0,508.0,
17.0,21.0,75.0,164.0,171.0,196.0,205.0,266.0,310.0,350.0,362.0,414.0,459.0,
30.0,144.0,154.0,154.0,193.0,260.0,302.0,304.0,348.0,371.0,392.0,394.0,467.0,662.0,713.0,738.0,748.0,868.0,881.0,958.0,976.0,989.0,
6.0,8.0,38.0,51.0,153.0,182.0,184.0,235.0,242.0,286.0,326.0,352.0,363.0,373.0,408.0,428.0,476.0,495.0,528.0,534.0,623.0,654.0,671.0,694.0,722.0,723.0,771.0,828.0,830.0,856.0,861.0,902.0,909.0,918.0,932.0,944.0,945.0,948.0,949.0,973.0,
12.0,18.0,23.0,70.0,95.0,129.0,138.0,147.0,169.0,185.0,186.0,194.0,207.0,224.0,252.0,263.0,287.0,369.0,429.0,558.0,568.0,636.0,801.0,825.0,857.0,979.0,982.0,
17.0,20.0,93.0,102.0,133.0,137.0,152.0,159.0,202.0,222.0,233.0,243.0,269.0,305.0,321.0,345.0,388.0,434.0,445.0,457.0,524.0,561.0,562.0,579.0,592.0,597.0,630.0,632.0,698.0,715.0,723.0,724.0,751.0,758.0,761.0,805.0,813.0,839.0,845.0,875.0,915.0,927.0,936.0,955.0,994.0,
60.0,96.0,106.0,141.0,147.0,199.0,230.0,231.0,238.0,253.0,267.0,282.0,283.0,329.0,375.0,407.0,439.0,456.0,460.0,537.0,553.0,566.0,567.0,573.0,583.0,648.0,659.0,729.0,738.0,740.0,751.0,885.0,893.0,917.0,965.0,
25.0,58.0,89.0,99.0,117.0,120.0,179.0,243.0,278.0,291.0,305.0,358.0,373.0,435.0,448.0,470.0,535.0,549.0,584.0,662.0,679.0,694.0,745.0,747.0,784.0,809.0,823.0,834.0,862.0,892.0,918.0,
8.0,21.0,112.0,121.0,122.0,173.0,179.0,198.0,208.0,237.0,270.0,275.0,344.0,392.0,423.0,426.0,433.0,459.0,497.0,498.0,518.0,523.0,523.0,539.0,541.0,548.0,578.0,602.0,604.0,630.0,648.0,750.0,757.0,773.0,775.0,836.0,897.0,910.0,919.0,924.0,951.0,957.0,960.0,969.0,
15.0,79.0,90.0,170.0,183.0,229.0,246.0,255.0,258.0,268.0,287.0,315.0,381.0,429.0,736.0,763.0,778.0,847.0,858.0,883.0,883.0,885.0,932.0,940.0,948.0,966.0,967.0,996.0,998.0,
16.0,57.0,90.0,100.0,101.0,125.0,146.0,147.0,157.0,160.0,162.0,177.0,192.0,205.0,253.0,285.0,289.0,290.0,336.0,349.0,389.0,421.0,494.0,502.0,504.0,720.0,883.0,897.0,985.0,
33.0,34.0,140.0,148.0,199.0,229.0,270.0,395.0,417.0,443.0,492.0,644.0,742.0,751.0,753.0,754.0,766.0,795.0,800.0,804.0,890.0,906.0,932.0,943.0,948.0,998.0,
6.0,25.0,55.0,75.0,124.0,131.0,143.0,192.0,218.0,230.0,244.0,265.0,363.0,374.0,405.0,420.0,449.0,459.0,464.0,486.0,514.0,557.0,566.0,593.0,596.0,606.0,613.0,622.0,637.0,637.0,651.0,654.0,688.0,690.0,726.0,747.0,749.0,761.0,767.0,772.0,779.0,825.0,829.0,879.0,888.0,936.0,
19.0,32.0,57.0,70.0,119.0,150.0,172.0,224.0,240.0,258.0,286.0,313.0,349.0,384.0,408.0,410.0,421.0,434.0,456.0,458.0,503.0,516.0,518.0,522.0,545.0,577.0,582.0,603.0,639.0,645.0,678.0,729.0,745.0,781.0,814.0,823.0,907.0,955.0,959.0,972.0,972.0,
39.0,56.0,68.0,76.0,86.0,90.0,91.0,96.0,100.0,142.0,160.0,161.0,164.0,188.0,195.0,196.0,234.0,266.0,268.0,349.0,369.0,388.0,407.0,427.0,516.0,525.0,572.0,697.0,718.0,747.0,781.0,813.0,814.0,882.0,897.0,897.0,913.0,1000.0,
48.0,70.0,101.0,134.0,150.0,176.0,250.0,267.0,279.0,313.0,358.0,361.0,367.0,422.0,437.0,461.0,493.0,505.0,566.0,582.0,609.0,612.0,646.0,703.0,726.0,815.0,838.0,854.0,882.0,915.0,931.0,942.0,976.0,
108.0,145.0,186.0,207.0,209.0,249.0,253.0,260.0,282.0,345.0,346.0,364.0,394.0,422.0,437.0,562.0,590.0,660.0,727.0,736.0,746.0,818.0,875.0,911.0,950.0,960.0,963.0,
94.0,108.0,120.0,123.0,125.0,134.0,188.0,202.0,269.0,320.0,375.0,378.0,385.0,401.0,415.0,473.0,496.0,505.0,557.0,567.0,583.0,609.0,622.0,651.0,693.0,725.0,746.0,747.0,838.0,866.0,883.0,894.0,917.0,950.0,
4.0,62.0,135.0,190.0,210.0,234.0,284.0,284.0,373.0,459.0,459.0,461.0,490.0,520.0,543.0,558.0,578.0,599.0,610.0,612.0,681.0,685.0,734.0,754.0,766.0,807.0,834.0,836.0,865.0,869.0,881.0,893.0,914.0,937.0,943.0,999.0,
16.0,17.0,23.0,38.0,44.0,52.0,79.0,95.0,125.0,168.0,197.0,198.0,201.0,246.0,294.0,366.0,398.0,419.0,422.0,425.0,464.0,495.0,553.0,652.0,690.0,720.0,722.0,746.0,748.0,756.0,761.0,766.0,795.0,808.0,850.0,851.0,876.0,890.0,928.0,971.0,
8.0,36.0,62.0,73.0,75.0,104.0,106.0,139.0,163.0,176.0,199.0,214.0,244.0,308.0,316.0,328.0,395.0,474.0,497.0,525.0,628.0,663.0,669.0,696.0,720.0,738.0,744.0,782.0,800.0,816.0,855.0,924.0,926.0,942.0,964.0,971.0,976.0,
97.0,132.0,151.0,189.0,226.0,240.0,279.0,369.0,390.0,412.0,420.0,444.0,450.0,458.0,472.0,486.0,509.0,535.0,542.0,562.0,611.0,660.0,667.0,691.0,718.0,720.0,785.0,833.0,839.0,891.0,922.0,944.0,983.0,995.0,
43.0,75.0,115.0,128.0,139.0,145.0,178.0,301.0,377.0,388.0,498.0,499.0,505.0,528.0,552.0,557.0,576.0,589.0,593.0,628.0,671.0,774.0,815.0,817.0,833.0,846.0,926.0,954.0,
2.0,26.0,33.0,55.0,70.0,80.0,126.0,133.0,139.0,180.0,180.0,225.0,282.0,297.0,301.0,306.0,321.0,321.0,323.0,386.0,394.0,438.0,447.0,477.0,512.0,550.0,566.0,571.0,576.0,599.0,615.0,617.0,639.0,688.0,710.0,719.0,731.0,744.0,789.0,797.0,821.0,833.0,900.0,936.0,964.0,973.0,984.0,
50.0,73.0,80.0,86.0,137.0,172.0,188.0,193.0,203.0,288.0,303.0,384.0,449.0,478.0,478.0,644.0,664.0,708.0,712.0,739.0,757.0,845.0,869.0,884.0,895.0,924.0,952.0,958.0,971.0,996.0,
21.0,47.0,80.0,84.0,129.0,136.0,148.0,164.0,198.0,224.0,259.0,263.0,331.0,388.0,395.0,429.0,433.0,492.0,644.0,658.0,676.0,677.0,716.0,747.0,785.0,908.0,
40.0,43.0,85.0,86.0,110.0,158.0,178.0,181.0,190.0,201.0,214.0,247.0,271.0,281.0,289.0,355.0,359.0,362.0,384.0,400.0,406.0,406.0,462.0,464.0,488.0,514.0,575.0,611.0,679.0,682.0,722.0,726.0,764.0,852.0,853.0,900.0,914.0,920.0,930.0,930.0,999.0,
21.0,46.0,70.0,102.0,129.0,167.0,190.0,201.0,281.0,307.0,312.0,323.0,359.0,381.0,411.0,429.0,537.0,573.0,616.0,621.0,641.0,648.0,671.0,735.0,741.0,769.0,782.0,786.0,830.0,895.0,904.0,961.0,980.0,
10.0,69.0,121.0,129.0,129.0,145.0,149.0,171.0,195.0,200.0,250.0,301.0,303.0,307.0,313.0,332.0,342.0,377.0,378.0,402.0,455.0,491.0,517.0,545.0,566.0,572.0,621.0,625.0,650.0,682.0,691.0,742.0,749.0,792.0,793.0,804.0,806.0,846.0,874.0,882.0,885.0,889.0,943.0,944.0,954.0,
25.0,38.0,83.0,101.0,117.0,120.0,144.0,178.0,203.0,357.0,386.0,406.0,406.0,407.0,487.0,511.0,637.0,650.0,666.0,681.0,702.0,715.0,726.0,726.0,740.0,774.0,798.0,809.0,811.0,903.0,918.0,955.0,993.0,
23.0,64.0,77.0,157.0,175.0,183.0,184.0,204.0,208.0,309.0,330.0,344.0,360.0,362.0,430.0,457.0,484.0,495.0,526.0,537.0,550.0,553.0,568.0,572.0,597.0,599.0,611.0,647.0,664.0,683.0,735.0,766.0,767.0,842.0,878.0,880.0,910.0,925.0,926.0,936.0,
47.0,51.0,69.0,153.0,163.0,172.0,198.0,256.0,260.0,290.0,323.0,343.0,375.0,387.0,417.0,426.0,481.0,483.0,542.0,549.0,634.0,665.0,722.0,735.0,745.0,753.0,768.0,774.0,774.0,795.0,814.0,824.0,846.0,851.0,881.0,893.0,918.0,936.0,991.0,
11.0,34.0,45.0,53.0,56.0,128.0,132.0,150.0,177.0,191.0,204.0,260.0,373.0,508.0,536.0,603.0,614.0,635.0,662.0,678.0,691.0,760.0,826.0,853.0,866.0,867.0,870.0,908.0,908.0,944.0,959.0,965.0,
55.0,243.0,268.0,303.0,350.0,385.0,390.0,446.0,450.0,472.0,492.0,497.0,568.0,602.0,658.0,727.0,763.0,786.0,827.0,834.0,860.0,862.0,871.0,896.0,907.0,943.0,950.0,965.0,997.0,
5.0,43.0,60.0,80.0,94.0,189.0,233.0,257.0,278.0,309.0,334.0,359.0,410.0,418.0,443.0,446.0,462.0,529.0,531.0,545.0,546.0,625.0,648.0,649.0,657.0,663.0,700.0,712.0,770.0,786.0,788.0,800.0,805.0,823.0,887.0,890.0,919.0,935.0,955.0,960.0,998.0,999.0,
