25.0,33.0,44.0,55.0,76.0,76.0,129.0,137.0,183.0,192.0,203.0,217.0,260.0,260.0,285.0,316.0,341.0,343.0,358.0,405.0,424.0,464.0,519.0,524.0,572.0,575.0,577.0,604.0,611.0,628.0,669.0,715.0,722.0,731.0,745.0,770.0,772.0,774.0,785.0,824.0,860.0,875.0,876.0,892.0,921.0,923.0,947.0,965.0,991.0,
14.0,79.0,85.0,119.0,159.0,218.0,273.0,289.0,297.0,307.0,370.0,381.0,390.0,428.0,446.0,473.0,488.0,510.0,564.0,580.0,599.0,609.0,620.0,623.0,638.0,641.0,661.0,663.0,731.0,732.0,745.0,747.0,762.0,791.0,799.0,811.0,812.0,815.0,824.0,833.0,838.0,871.0,919.0,928.0,959.0,982.0,
27.0,34.0,57.0,210.0,224.0,254.0,281.0,294.0,321.0,325.0,444.0,462.0,485.0,564.0,567.0,575.0,586.0,593.0,599.0,631.0,744.0,752.0,813.0,847.0,907.0,944.0,991.0,999.0,
5.0,19.0,39.0,57.0,73.0,162.0,165.0,183.0,195.0,209.0,220.0,244.0,258.0,312.0,356.0,369.0,378.0,403.0,407.0,448.0,491.0,543.0,594.0,628.0,636.0,649.0,660.0,663.0,696.0,711.0,711.0,712.0,786.0,792.0,813.0,864.0,868.0,890.0,893.0,893.0,934.0,936.0,959.0,973.0,994.0,
56.0,96.0,106.0,128.0,128.0,145.0,160.0,283.0,287.0,288.0,313.0,451.0,473.0,514.0,546.0,552.0,570.0,578.0,584.0,612.0,654.0,661.0,675.0,682.0,708.0,749.0,758.0,769.0,808.0,853.0,861.0,880.0,
28.0,35.0,48.0,59.0,70.0,123.0,150.0,191.0,193.0,204.0,222.0,246.0,268.0,389.0,405.0,432.0,435.0,460.0,468.0,468.0,524.0,636.0,655.0,671.0,743.0,759.0,764.0,827.0,858.0,867.0,904.0,909.0,911.0,950.0,
30.0,37.0,45.0,53.0,106.0,109.0,120.0,148.0,158.0,170.0,173.0,176.0,219.0,227.0,245.0,246.0,346.0,459.0,460.0,497.0,544.0,558.0,595.0,613.0,638.0,642.0,651.0,691.0,739.0,753.0,759.0,761.0,769.0,788.0,812.0,853.0,882.0,899.0,905.0,
49.0,56.0,87.0,143.0,190.0,226.0,271.0,289.0,334.0,378.0,395.0,425.0,451.0,459.0,467.0,483.0,500.0,539.0,574.0,622.0,624.0,731.0,753.0,754.0,781.0,793.0,840.0,871.0,996.0,
40.0,57.0,120.0,120.0,153.0,156.0,194.0,198.0,242.0,315.0,318.0,336.0,358.0,425.0,452.0,468.0,502.0,568.0,577.0,618.0,626.0,689.0,728.0,732.0,736.0,739.0,766.0,821.0,822.0,826.0,827.0,832.0,847.0,850.0,854.0,868.0,875.0,936.0,981.0,986.0,1000.0,
10.0,17.0,67.0,86.0,147.0,162.0,172.0,181.0,202.0,243.0,284.0,333.0,382.0,388.0,394.0,406.0,444.0,466.0,502.0,505.0,514.0,563.0,597.0,743.0,754.0,844.0,890.0,908.0,941.0,978.0,
44.0,56.0,97.0,137.0,152.0,166.0,187.0,220.0,282.0,320.0,323.0,329.0,387.0,429.0,431.0,465.0,476.0,483.0,536.0,583.0,680.0,728.0,755.0,768.0,777.0,825.0,835.0,863.0,882.0,899.0,956.0,979.0,
14.0,46.0,100.0,254.0,289.0,301.0,307.0,348.0,356.0,362.0,390.0,451.0,456.0,483.0,535.0,574.0,580.0,584.0,595.0,602.0,617.0,731.0,736.0,738.0,820.0,847.0,885.0,898.0,923.0,
13.0,30.0,56.0,69.0,74.0,77.0,77.0,84.0,103.0,121.0,179.0,179.0,184.0,207.0,225.0,227.0,268.0,279.0,295.0,301.0,304.0,353.0,429.0,455.0,500.0,542.0,548.0,559.0,568.0,587.0,613.0,633.0,650.0,679.0,701.0,713.0,724.0,798.0,806.0,845.0,860.0,936.0,954.0,985.0,994.0,1000.0,
3.0,22.0,25.0,52.0,61.0,77.0,106.0,127.0,136.0,137.0,138.0,154.0,163.0,164.0,196.0,209.0,272.0,301.0,322.0,325.0,348.0,365.0,386.0,420.0,429.0,448.0,478.0,535.0,544.0,603.0,612.0,618.0,626.0,629.0,688.0,730.0,775.0,776.0,811.0,823.0,841.0,843.0,896.0,930.0,953.0,
24.0,28.0,50.0,59.0,78.0,147.0,157.0,162.0,186.0,215.0,228.0,261.0,263.0,309.0,313.0,332.0,345.0,418.0,465.0,561.0,569.0,624.0,640.0,641.0,689.0,727.0,742.0,753.0,786.0,804.0,846.0,873.0,873.0,934.0,961.0,965.0,
4.0,25.0,31.0,109.0,124.0,138.0,169.0,178.0,182.0,191.0,212.0,212.0,223.0,229.0,263.0,293.0,402.0,463.0,493.0,521.0,568.0,575.0,588.0,591.0,603.0,649.0,701.0,727.0,801.0,832.0,843.0,854.0,863.0,871.0,897.0,910.0,911.0,917.0,925.0,962.0,962.0,981.0,984.0,985.0,985.0,
10.0,25.0,52.0,72.0,106.0,120.0,127.0,136.0,139.0,190.0,243.0,244.0,255.0,319.0,396.0,404.0,406.0,446.0,469.0,479.0,484.0,502.0,518.0,522.0,533.0,541.0,555.0,565.0,583.0,595.0,602.0,616.0,625.0,647.0,670.0,718.0,727.0,730.0,743.0,756.0,760.0,782.0,850.0,938.0,
4.0,13.0,60.0,72.0,73.0,85.0,98.0,98.0,133.0,138.0,151.0,205.0,205.0,215.0,255.0,354.0,371.0,443.0,470.0,474.0,493.0,499.0,534.0,579.0,637.0,676.0,679.0,684.0,706.0,710.0,722.0,724.0,733.0,776.0,778.0,798.0,827.0,831.0,834.0,837.0,858.0,860.0,928.0,935.0,963.0,963.0,981.0,984.0,
2.0,30.0,38.0,53.0,65.0,79.0,88.0,117.0,164.0,178.0,227.0,289.0,289.0,347.0,353.0,371.0,510.0,531.0,543.0,573.0,577.0,580.0,593.0,636.0,702.0,728.0,770.0,819.0,911.0,922.0,972.0,981.0,983.0,
23.0,59.0,72.0,82.0,101.0,106.0,124.0,148.0,157.0,208.0,227.0,246.0,254.0,283.0,318.0,381.0,381.0,451.0,482.0,483.0,492.0,496.0,556.0,559.0,567.0,590.0,610.0,671.0,693.0,698.0,701.0,708.0,735.0,866.0,940.0,967.0,975.0,991.0,
47.0,83.0,93.0,124.0,144.0,175.0,206.0,209.0,230.0,271.0,310.0,317.0,344.0,415.0,463.0,495.0,570.0,575.0,650.0,679.0,695.0,698.0,698.0,835.0,880.0,890.0,897.0,908.0,955.0,956.0,
29.0,42.0,44.0,59.0,68.0,69.0,70.0,95.0,161.0,206.0,237.0,239.0,265.0,293.0,311.0,394.0,438.0,490.0,490.0,535.0,551.0,604.0,621.0,643.0,662.0,662.0,672.0,682.0,745.0,760.0,781.0,818.0,837.0,869.0,925.0,
17.0,26.0,26.0,46.0,67.0,138.0,239.0,282.0,293.0,302.0,388.0,392.0,394.0,413.0,440.0,499.0,551.0,552.0,554.0,560.0,582.0,603.0,611.0,660.0,662.0,669.0,676.0,691.0,721.0,723.0,726.0,758.0,795.0,798.0,843.0,886.0,891.0,909.0,919.0,947.0,995.0,
8.0,19.0,29.0,31.0,145.0,200.0,233.0,288.0,330.0,399.0,460.0,460.0,552.0,584.0,593.0,739.0,779.0,818.0,826.0,846.0,869.0,905.0,947.0,948.0,
71.0,81.0,107.0,149.0,171.0,171.0,242.0,283.0,285.0,289.0,336.0,342.0,353.0,358.0,362.0,377.0,388.0,394.0,405.0,430.0,430.0,494.0,504.0,528.0,538.0,545.0,551.0,561.0,561.0,682.0,702.0,713.0,807.0,827.0,876.0,893.0,900.0,906.0,953.0,989.0,
20.0,28.0,43.0,47.0,72.0,117.0,119.0,147.0,199.0,270.0,341.0,345.0,426.0,434.0,447.0,478.0,503.0,577.0,591.0,597.0,606.0,616.0,864.0,907.0,914.0,916.0,933.0,957.0,977.0,
4.0,25.0,32.0,38.0,77.0,92.0,95.0,148.0,168.0,182.0,253.0,259.0,260.0,268.0,268.0,273.0,280.0,301.0,324.0,344.0,374.0,414.0,423.0,437.0,440.0,443.0,453.0,455.0,465.0,467.0,474.0,500.0,513.0,518.0,526.0,527.0,528.0,543.0,575.0,584.0,635.0,647.0,656.0,668.0,669.0,679.0,694.0,725.0,835.0,869.0,889.0,903.0,930.0,951.0,962.0,996.0,
20.0,122.0,146.0,161.0,191.0,200.0,221.0,228.0,293.0,363.0,366.0,368.0,383.0,383.0,408.0,447.0,477.0,618.0,624.0,660.0,665.0,667.0,736.0,786.0,792.0,828.0,828.0,895.0,916.0,924.0,957.0,
12.0,29.0,48.0,88.0,108.0,145.0,149.0,173.0,211.0,233.0,244.0,364.0,423.0,579.0,593.0,620.0,675.0,816.0,886.0,900.0,924.0,942.0,
39.0,64.0,92.0,105.0,114.0,126.0,146.0,155.0,155.0,256.0,286.0,298.0,329.0,354.0,380.0,424.0,427.0,448.0,482.0,489.0,505.0,525.0,525.0,528.0,529.0,547.0,561.0,628.0,659.0,670.0,691.0,703.0,725.0,730.0,738.0,738.0,771.0,867.0,909.0,949.0,971.0,988.0,
21.0,104.0,151.0,161.0,205.0,216.0,227.0,283.0,324.0,342.0,372.0,452.0,467.0,469.0,490.0,492.0,591.0,603.0,605.0,630.0,678.0,679.0,711.0,716.0,723.0,723.0,728.0,742.0,780.0,797.0,837.0,855.0,857.0,857.0,872.0,884.0,933.0,935.0,963.0,972.0,984.0,
4.0,79.0,94.0,167.0,171.0,248.0,254.0,271.0,288.0,346.0,374.0,376.0,430.0,530.0,538.0,584.0,590.0,601.0,603.0,636.0,645.0,659.0,663.0,671.0,695.0,738.0,744.0,747.0,755.0,818.0,894.0,899.0,945.0,955.0,960.0,975.0,987.0,993.0,996.0,
12.0,49.0,54.0,103.0,110.0,129.0,170.0,184.0,205.0,213.0,227.0,230.0,246.0,272.0,316.0,363.0,369.0,393.0,415.0,417.0,438.0,481.0,506.0,522.0,523.0,545.0,575.0,599.0,634.0,662.0,720.0,726.0,752.0,790.0,797.0,810.0,888.0,917.0,959.0,961.0,
47.0,65.0,106.0,116.0,128.0,144.0,157.0,174.0,191.0,192.0,241.0,295.0,327.0,335.0,408.0,431.0,449.0,480.0,545.0,556.0,567.0,582.0,617.0,648.0,652.0,713.0,751.0,753.0,811.0,818.0,830.0,859.0,890.0,891.0,905.0,914.0,931.0,956.0,956.0,967.0,978.0,996.0,
54.0,81.0,147.0,177.0,198.0,209.0,297.0,343.0,344.0,368.0,404.0,439.0,463.0,471.0,549.0,574.0,585.0,609.0,614.0,650.0,669.0,680.0,684.0,687.0,702.0,705.0,737.0,751.0,763.0,821.0,821.0,834.0,860.0,866.0,909.0,912.0,954.0,966.0,
61.0,78.0,90.0,176.0,177.0,188.0,196.0,210.0,232.0,272.0,278.0,280.0,313.0,320.0,326.0,360.0,405.0,412.0,472.0,528.0,551.0,570.0,584.0,647.0,654.0,660.0,666.0,676.0,681.0,681.0,748.0,820.0,830.0,834.0,836.0,844.0,852.0,902.0,946.0,948.0,957.0,
52.0,64.0,78.0,123.0,175.0,203.0,239.0,273.0,274.0,294.0,300.0,398.0,405.0,496.0,502.0,520.0,521.0,545.0,564.0,615.0,619.0,626.0,698.0,760.0,768.0,803.0,915.0,970.0,984.0,998.0,
41.0,133.0,174.0,175.0,295.0,341.0,358.0,372.0,499.0,504.0,578.0,617.0,623.0,672.0,744.0,772.0,784.0,831.0,855.0,882.0,888.0,916.0,945.0,995.0,999.0,
103.0,150.0,209.0,212.0,253.0,283.0,320.0,325.0,349.0,403.0,415.0,473.0,521.0,574.0,603.0,675.0,692.0,701.0,703.0,717.0,780.0,801.0,813.0,831.0,842.0,844.0,884.0,891.0,919.0,923.0,930.0,957.0,998.0,
111.0,232.0,243.0,274.0,285.0,290.0,336.0,354.0,360.0,364.0,434.0,465.0,501.0,515.0,582.0,601.0,606.0,615.0,650.0,671.0,691.0,707.0,711.0,746.0,778.0,778.0,814.0,822.0,822.0,825.0,838.0,842.0,876.0,885.0,906.0,908.0,932.0,933.0,949.0,
40.0,64.0,89.0,109.0,113.0,151.0,171.0,194.0,196.0,221.0,239.0,264.0,303.0,303.0,343.0,345.0,403.0,404.0,433.0,441.0,461.0,510.0,511.0,542.0,552.0,554.0,593.0,640.0,643.0,665.0,669.0,722.0,819.0,820.0,832.0,833.0,888.0,921.0,922.0,968.0,
25.0,81.0,144.0,196.0,199.0,278.0,288.0,332.0,393.0,410.0,423.0,439.0,492.0,523.0,547.0,561.0,635.0,655.0,690.0,710.0,714.0,770.0,805.0,821.0,833.0,856.0,860.0,866.0,879.0,884.0,885.0,886.0,909.0,932.0,981.0,
44.0,60.0,130.0,130.0,166.0,192.0,226.0,247.0,255.0,263.0,270.0,337.0,344.0,381.0,393.0,398.0,416.0,524.0,577.0,596.0,608.0,635.0,678.0,679.0,707.0,731.0,731.0,766.0,769.0,891.0,897.0,917.0,943.0,945.0,955.0,957.0,958.0,960.0,990.0,
16.0,21.0,45.0,84.0,128.0,173.0,179.0,220.0,240.0,250.0,321.0,336.0,354.0,400.0,443.0,446.0,449.0,472.0,479.0,551.0,557.0,634.0,644.0,645.0,722.0,734.0,771.0,788.0,821.0,827.0,852.0,869.0,950.0,997.0,
15.0,24.0,38.0,70.0,72.0,91.0,102.0,106.0,110.0,183.0,184.0,194.0,204.0,243.0,285.0,391.0,392.0,408.0,434.0,439.0,477.0,481.0,484.0,486.0,488.0,537.0,537.0,568.0,645.0,667.0,758.0,776.0,782.0,797.0,872.0,877.0,943.0,945.0,
20.0,21.0,25.0,26.0,43.0,45.0,49.0,70.0,103.0,105.0,114.0,165.0,182.0,242.0,265.0,268.0,308.0,309.0,399.0,429.0,449.0,452.0,742.0,753.0,769.0,780.0,798.0,846.0,863.0,919.0,921.0,938.0,969.0,
9.0,37.0,52.0,58.0,68.0,82.0,88.0,132.0,257.0,270.0,312.0,348.0,423.0,468.0,689.0,691.0,693.0,704.0,715.0,773.0,779.0,780.0,804.0,819.0,837.0,885.0,887.0,897.0,934.0,944.0,971.0,997.0,1000.0,
7.0,19.0,28.0,29.0,32.0,36.0,38.0,79.0,85.0,89.0,89.0,103.0,123.0,169.0,173.0,213.0,226.0,236.0,250.0,260.0,262.0,298.0,314.0,334.0,387.0,440.0,442.0,446.0,459.0,469.0,487.0,506.0,568.0,574.0,629.0,633.0,677.0,683.0,720.0,779.0,781.0,797.0,800.0,886.0,890.0,913.0,970.0,984.0,989.0,
10.0,35.0,88.0,96.0,109.0,113.0,151.0,190.0,203.0,217.0,223.0,265.0,282.0,295.0,316.0,334.0,338.0,347.0,348.0,384.0,390.0,429.0,429.0,473.0,522.0,542.0,568.0,574.0,576.0,599.0,604.0,628.0,679.0,688.0,690.0,707.0,735.0,775.0,801.0,811.0,812.0,843.0,870.0,920.0,938.0,951.0,969.0,
21.0,206.0,220.0,259.0,260.0,271.0,289.0,304.0,342.0,370.0,408.0,427.0,430.0,438.0,476.0,566.0,571.0,606.0,608.0,609.0,620.0,703.0,704.0,714.0,730.0,754.0,760.0,773.0,775.0,825.0,829.0,834.0,868.0,888.0,947.0,984.0,
3.0,21.0,42.0,115.0,151.0,161.0,185.0,189.0,268.0,271.0,316.0,321.0,323.0,346.0,393.0,460.0,460.0,515.0,527.0,538.0,543.0,612.0,629.0,633.0,663.0,737.0,778.0,816.0,843.0,851.0,867.0,868.0,898.0,919.0,938.0,948.0,979.0,
33.0,34.0,48.0,72.0,73.0,83.0,98.0,117.0,126.0,137.0,138.0,147.0,171.0,218.0,253.0,266.0,300.0,335.0,415.0,416.0,420.0,421.0,425.0,431.0,444.0,512.0,535.0,578.0,587.0,592.0,619.0,675.0,683.0,690.0,692.0,708.0,740.0,812.0,819.0,827.0,880.0,942.0,961.0,982.0,
10.0,118.0,119.0,183.0,186.0,188.0,194.0,208.0,239.0,242.0,320.0,326.0,338.0,372.0,435.0,437.0,455.0,463.0,474.0,477.0,504.0,516.0,525.0,553.0,597.0,609.0,619.0,674.0,680.0,730.0,765.0,927.0,962.0,975.0,
43.0,71.0,77.0,99.0,102.0,150.0,153.0,213.0,234.0,328.0,336.0,360.0,364.0,377.0,404.0,405.0,416.0,454.0,461.0,468.0,528.0,567.0,595.0,634.0,652.0,667.0,668.0,682.0,688.0,745.0,776.0,830.0,832.0,858.0,863.0,945.0,956.0,957.0,957.0,964.0,972.0,996.0,
15.0,61.0,88.0,131.0,162.0,174.0,218.0,226.0,292.0,310.0,331.0,346.0,802.0,833.0,874.0,940.0,982.0,995.0,995.0,
17.0,82.0,111.0,163.0,169.0,177.0,203.0,207.0,213.0,244.0,332.0,345.0,434.0,436.0,438.0,479.0,485.0,487.0,495.0,507.0,
10.0,37.0,51.0,53.0,53.0,77.0,91.0,109.0,163.0,174.0,187.0,190.0,216.0,216.0,235.0,238.0,272.0,275.0,314.0,399.0,431.0,432.0,709.0,738.0,747.0,765.0,768.0,812.0,970.0,999.0,
42.0,193.0,319.0,334.0,350.0,385.0,411.0,412.0,427.0,478.0,560.0,605.0,668.0,704.0,750.0,759.0,764.0,789.0,792.0,840.0,957.0,
31.0,119.0,125.0,143.0,148.0,160.0,163.0,164.0,199.0,206.0,252.0,298.0,337.0,340.0,347.0,400.0,427.0,493.0,535.0,578.0,602.0,635.0,646.0,679.0,682.0,739.0,762.0,764.0,779.0,793.0,793.0,804.0,819.0,827.0,837.0,847.0,887.0,904.0,919.0,985.0,988.0,
15.0,50.0,65.0,65.0,153.0,172.0,203.0,208.0,227.0,236.0,265.0,288.0,290.0,303.0,310.0,349.0,357.0,374.0,419.0,425.0,428.0,540.0,559.0,588.0,589.0,624.0,716.0,738.0,770.0,806.0,830.0,853.0,877.0,917.0,
6.0,67.0,76.0,97.0,125.0,150.0,159.0,161.0,176.0,256.0,319.0,345.0,351.0,367.0,373.0,403.0,420.0,448.0,474.0,480.0,500.0,508.0,543.0,565.0,566.0,583.0,613.0,621.0,638.0,644.0,646.0,674.0,736.0,769.0,774.0,837.0,899.0,916.0,951.0,991.0,
15.0,44.0,47.0,64.0,78.0,84.0,147.0,161.0,165.0,274.0,296.0,320.0,395.0,410.0,421.0,431.0,456.0,468.0,510.0,514.0,573.0,625.0,634.0,669.0,692.0,735.0,753.0,769.0,818.0,874.0,878.0,933.0,953.0,956.0,975.0,
24.0,115.0,127.0,147.0,178.0,195.0,233.0,242.0,409.0,442.0,467.0,477.0,496.0,497.0,540.0,559.0,571.0,617.0,632.0,709.0,796.0,809.0,838.0,894.0,933.0,966.0,987.0,
16.0,48.0,71.0,93.0,95.0,104.0,154.0,193.0,252.0,258.0,266.0,382.0,500.0,534.0,550.0,574.0,611.0,619.0,696.0,707.0,729.0,743.0,814.0,819.0,876.0,897.0,925.0,952.0,952.0,982.0,
9.0,22.0,38.0,88.0,91.0,93.0,114.0,117.0,144.0,148.0,175.0,176.0,179.0,190.0,206.0,211.0,227.0,254.0,283.0,285.0,285.0,319.0,380.0,384.0,454.0,463.0,463.0,521.0,527.0,537.0,542.0,564.0,592.0,615.0,668.0,692.0,718.0,727.0,774.0,775.0,835.0,838.0,846.0,856.0,875.0,876.0,894.0,926.0,988.0,
48.0,73.0,80.0,83.0,115.0,195.0,202.0,259.0,280.0,309.0,339.0,344.0,369.0,485.0,491.0,497.0,606.0,607.0,651.0,736.0,745.0,787.0,802.0,881.0,936.0,966.0,999.0,
7.0,11.0,77.0,78.0,89.0,106.0,135.0,138.0,166.0,172.0,189.0,220.0,311.0,411.0,439.0,510.0,521.0,580.0,596.0,662.0,694.0,714.0,715.0,875.0,893.0,974.0,
7.0,14.0,42.0,73.0,85.0,88.0,144.0,144.0,157.0,159.0,193.0,194.0,222.0,224.0,301.0,355.0,363.0,376.0,402.0,455.0,458.0,486.0,498.0,584.0,586.0,642.0,674.0,680.0,727.0,739.0,786.0,797.0,808.0,835.0,864.0,919.0,
5.0,17.0,41.0,53.0,63.0,92.0,123.0,142.0,142.0,152.0,195.0,202.0,235.0,343.0,356.0,412.0,477.0,493.0,501.0,510.0,541.0,568.0,592.0,717.0,724.0,834.0,837.0,864.0,864.0,886.0,900.0,904.0,908.0,952.0,
102.0,126.0,260.0,264.0,302.0,309.0,320.0,321.0,348.0,356.0,373.0,375.0,376.0,465.0,472.0,477.0,504.0,517.0,529.0,534.0,552.0,559.0,584.0,601.0,611.0,658.0,732.0,740.0,762.0,767.0,775.0,786.0,792.0,875.0,875.0,877.0,880.0,909.0,942.0,979.0,998.0,
25.0,66.0,96.0,126.0,141.0,166.0,193.0,217.0,235.0,241.0,264.0,297.0,316.0,324.0,381.0,459.0,464.0,472.0,512.0,527.0,566.0,577.0,600.0,632.0,648.0,660.0,707.0,725.0,748.0,793.0,799.0,800.0,808.0,848.0,852.0,859.0,881.0,926.0,930.0,930.0,948.0,951.0,976.0,990.0,
10.0,19.0,20.0,30.0,34.0,57.0,58.0,91.0,102.0,125.0,135.0,141.0,154.0,159.0,160.0,209.0,218.0,220.0,236.0,302.0,303.0,337.0,365.0,412.0,417.0,422.0,458.0,468.0,481.0,483.0,499.0,500.0,506.0,577.0,603.0,620.0,625.0,625.0,626.0,654.0,671.0,746.0,753.0,787.0,797.0,845.0,860.0,893.0,942.0,951.0,987.0,991.0,
8.0,38.0,47.0,202.0,224.0,233.0,246.0,272.0,274.0,297.0,302.0,335.0,351.0,428.0,446.0,470.0,495.0,497.0,509.0,526.0,549.0,558.0,583.0,596.0,674.0,707.0,710.0,740.0,749.0,778.0,861.0,874.0,887.0,893.0,896.0,925.0,932.0,938.0,958.0,979.0,994.0,
35.0,37.0,81.0,117.0,129.0,142.0,143.0,169.0,187.0,281.0,311.0,318.0,321.0,347.0,362.0,383.0,399.0,407.0,424.0,429.0,608.0,628.0,650.0,658.0,736.0,786.0,797.0,895.0,906.0,972.0,994.0,
6.0,13.0,44.0,54.0,107.0,128.0,165.0,185.0,187.0,236.0,246.0,283.0,284.0,322.0,330.0,388.0,397.0,399.0,439.0,460.0,466.0,500.0,504.0,538.0,543.0,552.0,559.0,676.0,698.0,713.0,747.0,788.0,801.0,880.0,924.0,940.0,940.0,943.0,945.0,957.0,966.0,986.0,
6.0,21.0,107.0,109.0,113.0,175.0,186.0,214.0,221.0,224.0,285.0,288.0,295.0,309.0,318.0,345.0,366.0,419.0,421.0,446.0,495.0,508.0,518.0,523.0,583.0,590.0,639.0,663.0,719.0,724.0,738.0,815.0,842.0,953.0,
4.0,4.0,7.0,22.0,46.0,110.0,120.0,144.0,173.0,177.0,201.0,227.0,333.0,338.0,338.0,354.0,379.0,381.0,399.0,443.0,456.0,483.0,492.0,521.0,529.0,596.0,657.0,679.0,684.0,696.0,737.0,792.0,801.0,815.0,853.0,873.0,906.0,941.0,955.0,974.0,977.0,999.0,
24.0,80.0,86.0,126.0,135.0,162.0,200.0,212.0,217.0,256.0,308.0,341.0,351.0,401.0,418.0,423.0,451.0,531.0,539.0,556.0,557.0,626.0,639.0,654.0,684.0,708.0,712.0,714.0,726.0,726.0,733.0,734.0,738.0,751.0,770.0,788.0,845.0,866.0,878.0,880.0,901.0,907.0,911.0,974.0,975.0,975.0,979.0,
5.0,71.0,81.0,92.0,133.0,134.0,136.0,177.0,196.0,201.0,262.0,262.0,313.0,319.0,346.0,365.0,375.0,381.0,402.0,418.0,437.0,468.0,527.0,824.0,825.0,838.0,849.0,884.0,990.0,998.0,
13.0,19.0,24.0,60.0,79.0,94.0,143.0,157.0,183.0,191.0,195.0,235.0,352.0,363.0,378.0,388.0,417.0,421.0,422.0,449.0,512.0,585.0,601.0,652.0,671.0,691.0,694.0,727.0,761.0,769.0,783.0,784.0,785.0,821.0,852.0,852.0,870.0,893.0,894.0,900.0,910.0,929.0,
14.0,30.0,38.0,48.0,116.0,117.0,137.0,153.0,176.0,186.0,204.0,233.0,286.0,305.0,350.0,351.0,376.0,380.0,433.0,444.0,602.0,716.0,861.0,887.0,916.0,953.0,983.0,
8.0,33.0,88.0,99.0,117.0,134.0,212.0,238.0,243.0,303.0,347.0,352.0,415.0,434.0,460.0,478.0,502.0,538.0,545.0,552.0,592.0,671.0,694.0,703.0,709.0,767.0,789.0,873.0,928.0,957.0,979.0,986.0,999.0,
17.0,41.0,68.0,121.0,132.0,161.0,179.0,180.0,209.0,250.0,274.0,288.0,323.0,341.0,343.0,346.0,370.0,379.0,391.0,447.0,459.0,480.0,483.0,499.0,507.0,524.0,527.0,554.0,556.0,584.0,594.0,599.0,668.0,699.0,707.0,714.0,724.0,771.0,791.0,894.0,940.0,950.0,
14.0,15.0,33.0,49.0,50.0,55.0,60.0,83.0,98.0,121.0,122.0,146.0,151.0,208.0,233.0,241.0,317.0,336.0,340.0,346.0,363.0,397.0,407.0,434.0,500.0,518.0,531.0,544.0,573.0,581.0,591.0,604.0,613.0,617.0,626.0,628.0,633.0,690.0,698.0,702.0,728.0,745.0,760.0,774.0,776.0,779.0,841.0,853.0,858.0,894.0,974.0,996.0,
21.0,86.0,93.0,125.0,197.0,212.0,253.0,271.0,347.0,380.0,414.0,431.0,441.0,443.0,465.0,476.0,503.0,538.0,565.0,593.0,595.0,661.0,665.0,727.0,732.0,736.0,740.0,792.0,829.0,851.0,852.0,869.0,871.0,886.0,912.0,928.0,941.0,987.0,998.0,
7.0,40.0,54.0,137.0,139.0,174.0,178.0,214.0,216.0,217.0,232.0,244.0,251.0,255.0,268.0,326.0,331.0,362.0,375.0,403.0,461.0,508.0,530.0,625.0,629.0,644.0,800.0,891.0,943.0,947.0,951.0,952.0,972.0,994.0,997.0,
10.0,11.0,100.0,190.0,194.0,228.0,242.0,243.0,301.0,302.0,309.0,316.0,323.0,328.0,352.0,380.0,414.0,422.0,425.0,442.0,523.0,529.0,611.0,755.0,765.0,785.0,790.0,829.0,867.0,883.0,902.0,927.0,951.0,974.0,
2.0,40.0,74.0,86.0,153.0,157.0,177.0,187.0,246.0,271.0,273.0,318.0,344.0,351.0,442.0,665.0,668.0,670.0,691.0,710.0,768.0,769.0,771.0,784.0,818.0,848.0,855.0,870.0,870.0,928.0,934.0,950.0,952.0,975.0,
14.0,36.0,95.0,96.0,160.0,165.0,237.0,271.0,272.0,281.0,284.0,346.0,457.0,531.0,550.0,560.0,605.0,605.0,627.0,637.0,641.0,647.0,654.0,662.0,739.0,743.0,802.0,864.0,880.0,902.0,907.0,929.0,934.0,
21.0,25.0,84.0,93.0,117.0,188.0,193.0,201.0,209.0,211.0,212.0,253.0,269.0,343.0,355.0,418.0,433.0,445.0,468.0,471.0,479.0,488.0,530.0,554.0,560.0,581.0,599.0,619.0,620.0,653.0,668.0,687.0,722.0,731.0,743.0,755.0,758.0,766.0,799.0,856.0,859.0,875.0,901.0,971.0,988.0,
34.0,41.0,54.0,61.0,68.0,183.0,192.0,196.0,251.0,271.0,303.0,351.0,359.0,389.0,394.0,397.0,401.0,413.0,497.0,562.0,638.0,651.0,687.0,727.0,733.0,748.0,755.0,757.0,771.0,792.0,793.0,802.0,816.0,821.0,837.0,863.0,884.0,902.0,921.0,997.0,
70.0,78.0,87.0,121.0,135.0,145.0,165.0,178.0,179.0,204.0,264.0,273.0,290.0,358.0,410.0,464.0,466.0,472.0,525.0,587.0,620.0,640.0,702.0,722.0,766.0,772.0,773.0,806.0,855.0,919.0,947.0,950.0,
2.0,21.0,51.0,87.0,111.0,121.0,126.0,138.0,146.0,160.0,166.0,221.0,282.0,290.0,343.0,350.0,405.0,417.0,437.0,443.0,471.0,479.0,511.0,526.0,552.0,606.0,608.0,613.0,626.0,663.0,673.0,678.0,683.0,698.0,788.0,811.0,856.0,911.0,914.0,914.0,935.0,955.0,962.0,966.0,970.0,
10.0,50.0,52.0,56.0,84.0,123.0,174.0,186.0,227.0,315.0,323.0,348.0,368.0,376.0,440.0,475.0,524.0,574.0,591.0,649.0,652.0,689.0,693.0,722.0,731.0,757.0,793.0,828.0,836.0,866.0,919.0,945.0,
29.0,40.0,43.0,63.0,63.0,79.0,141.0,164.0,168.0,187.0,190.0,191.0,198.0,215.0,239.0,248.0,250.0,324.0,341.0,359.0,365.0,379.0,416.0,431.0,459.0,479.0,483.0,503.0,532.0,571.0,576.0,588.0,618.0,646.0,664.0,696.0,704.0,778.0,814.0,834.0,856.0,939.0,966.0,
6.0,101.0,142.0,190.0,195.0,200.0,202.0,215.0,234.0,243.0,270.0,293.0,298.0,308.0,352.0,366.0,404.0,463.0,463.0,469.0,495.0,593.0,626.0,627.0,633.0,673.0,678.0,678.0,691.0,710.0,740.0,755.0,757.0,780.0,809.0,842.0,847.0,897.0,906.0,917.0,
25.0,26.0,32.0,90.0,156.0,179.0,214.0,237.0,272.0,296.0,327.0,414.0,415.0,459.0,479.0,573.0,589.0,612.0,630.0,670.0,673.0,707.0,756.0,773.0,811.0,841.0,916.0,930.0,939.0,953.0,958.0,959.0,988.0,
12.0,25.0,25.0,58.0,90.0,98.0,105.0,114.0,120.0,159.0,225.0,285.0,299.0,402.0,410.0,424.0,447.0,483.0,589.0,594.0,601.0,616.0,675.0,679.0,692.0,715.0,718.0,734.0,772.0,783.0,807.0,840.0,848.0,869.0,
4.0,136.0,136.0,138.0,169.0,280.0,352.0,362.0,363.0,381.0,413.0,419.0,424.0,500.0,505.0,523.0,528.0,568.0,588.0,596.0,620.0,678.0,687.0,700.0,749.0,771.0,791.0,795.0,827.0,865.0,891.0,900.0,936.0,951.0,973.0,984.0,
22.0,32.0,42.0,94.0,104.0,128.0,166.0,173.0,206.0,207.0,231.0,273.0,310.0,315.0,368.0,380.0,413.0,450.0,485.0,579.0,589.0,613.0,618.0,672.0,713.0,728.0,733.0,777.0,788.0,799.0,824.0,841.0,868.0,902.0,903.0,903.0,906.0,970.0,
