10.0,13.0,28.0,29.0,41.0,62.0,68.0,106.0,131.0,138.0,168.0,170.0,189.0,235.0,247.0,250.0,332.0,355.0,355.0,403.0,479.0,501.0,507.0,584.0,616.0,620.0,649.0,657.0,664.0,719.0,720.0,730.0,774.0,808.0,831.0,840.0,841.0,847.0,861.0,913.0,938.0,940.0,941.0,944.0,979.0,990.0,
21.0,40.0,94.0,113.0,131.0,141.0,197.0,228.0,231.0,236.0,281.0,285.0,286.0,306.0,321.0,344.0,344.0,356.0,360.0,392.0,397.0,410.0,413.0,418.0,436.0,437.0,494.0,506.0,540.0,540.0,583.0,625.0,639.0,656.0,688.0,693.0,702.0,724.0,725.0,743.0,751.0,764.0,779.0,780.0,781.0,783.0,788.0,791.0,814.0,858.0,928.0,944.0,1000.0,
33.0,37.0,40.0,58.0,91.0,98.0,100.0,161.0,218.0,267.0,285.0,288.0,300.0,312.0,444.0,475.0,508.0,542.0,647.0,650.0,672.0,695.0,741.0,743.0,743.0,746.0,752.0,798.0,835.0,839.0,843.0,899.0,930.0,967.0,979.0,996.0,
22.0,60.0,61.0,87.0,104.0,104.0,149.0,187.0,188.0,227.0,229.0,282.0,293.0,314.0,337.0,345.0,384.0,407.0,408.0,413.0,433.0,440.0,445.0,458.0,558.0,601.0,646.0,666.0,668.0,669.0,755.0,768.0,830.0,835.0,867.0,874.0,914.0,918.0,951.0,982.0,
19.0,21.0,34.0,40.0,58.0,63.0,112.0,122.0,123.0,128.0,181.0,192.0,228.0,241.0,244.0,285.0,357.0,366.0,387.0,387.0,436.0,464.0,572.0,629.0,629.0,657.0,687.0,736.0,802.0,838.0,880.0,909.0,931.0,954.0,984.0,
33.0,43.0,101.0,180.0,182.0,193.0,194.0,200.0,234.0,270.0,309.0,346.0,400.0,423.0,501.0,523.0,548.0,560.0,562.0,605.0,639.0,643.0,676.0,711.0,730.0,754.0,847.0,867.0,902.0,979.0,
35.0,37.0,42.0,89.0,102.0,110.0,227.0,234.0,240.0,241.0,305.0,318.0,318.0,320.0,334.0,337.0,372.0,420.0,424.0,426.0,437.0,438.0,618.0,646.0,655.0,671.0,672.0,690.0,696.0,763.0,770.0,776.0,839.0,840.0,842.0,888.0,908.0,929.0,958.0,997.0,
7.0,19.0,90.0,92.0,131.0,153.0,159.0,159.0,183.0,186.0,231.0,276.0,344.0,356.0,390.0,417.0,442.0,445.0,468.0,516.0,602.0,645.0,675.0,730.0,752.0,765.0,808.0,883.0,910.0,914.0,925.0,962.0,962.0,
52.0,53.0,60.0,72.0,75.0,92.0,94.0,94.0,115.0,125.0,135.0,136.0,151.0,182.0,200.0,213.0,228.0,293.0,320.0,329.0,358.0,402.0,416.0,446.0,495.0,533.0,538.0,571.0,585.0,664.0,666.0,808.0,808.0,811.0,915.0,936.0,962.0,998.0,
20.0,59.0,62.0,118.0,304.0,311.0,348.0,383.0,384.0,428.0,474.0,507.0,592.0,597.0,671.0,707.0,717.0,726.0,761.0,762.0,795.0,807.0,843.0,882.0,953.0,961.0,964.0,991.0,993.0,
4.0,26.0,42.0,69.0,83.0,123.0,132.0,166.0,195.0,198.0,211.0,302.0,307.0,310.0,389.0,479.0,515.0,634.0,711.0,725.0,749.0,769.0,867.0,888.0,892.0,898.0,949.0,955.0,968.0,990.0,
51.0,52.0,56.0,193.0,206.0,274.0,338.0,364.0,370.0,387.0,416.0,432.0,441.0,527.0,545.0,552.0,559.0,651.0,699.0,710.0,716.0,716.0,819.0,841.0,886.0,898.0,899.0,919.0,922.0,
75.0,88.0,145.0,165.0,206.0,242.0,258.0,265.0,279.0,291.0,298.0,313.0,315.0,316.0,331.0,335.0,401.0,419.0,434.0,449.0,468.0,469.0,471.0,480.0,528.0,541.0,576.0,612.0,616.0,637.0,660.0,720.0,741.0,783.0,788.0,822.0,846.0,870.0,871.0,883.0,
48.0,92.0,145.0,152.0,163.0,186.0,221.0,284.0,284.0,284.0,306.0,314.0,336.0,402.0,492.0,524.0,551.0,602.0,629.0,638.0,647.0,667.0,728.0,750.0,793.0,804.0,809.0,848.0,945.0,945.0,953.0,957.0,985.0,
38.0,40.0,52.0,54.0,78.0,83.0,84.0,94.0,134.0,164.0,267.0,271.0,290.0,318.0,319.0,385.0,437.0,438.0,479.0,498.0,539.0,568.0,586.0,602.0,606.0,615.0,624.0,675.0,692.0,703.0,708.0,713.0,715.0,780.0,782.0,797.0,875.0,877.0,913.0,968.0,
18.0,34.0,41.0,48.0,57.0,60.0,66.0,82.0,87.0,103.0,135.0,148.0,181.0,187.0,247.0,251.0,263.0,265.0,269.0,305.0,323.0,388.0,391.0,498.0,550.0,665.0,676.0,676.0,738.0,739.0,778.0,821.0,835.0,854.0,868.0,871.0,873.0,884.0,
33.0,36.0,43.0,79.0,89.0,122.0,125.0,132.0,153.0,181.0,221.0,231.0,242.0,276.0,310.0,316.0,328.0,333.0,388.0,393.0,511.0,529.0,557.0,566.0,627.0,628.0,687.0,708.0,718.0,732.0,752.0,764.0,787.0,815.0,826.0,854.0,882.0,922.0,964.0,
9.0,16.0,21.0,56.0,61.0,99.0,138.0,172.0,264.0,273.0,280.0,294.0,295.0,519.0,521.0,613.0,660.0,671.0,814.0,899.0,904.0,950.0,973.0,996.0,997.0,
30.0,38.0,43.0,61.0,96.0,121.0,127.0,160.0,251.0,269.0,281.0,314.0,334.0,408.0,429.0,467.0,491.0,535.0,552.0,589.0,698.0,733.0,750.0,750.0,789.0,791.0,818.0,820.0,884.0,901.0,928.0,962.0,971.0,
9.0,35.0,81.0,91.0,117.0,194.0,205.0,215.0,240.0,290.0,302.0,379.0,402.0,402.0,407.0,410.0,419.0,419.0,485.0,493.0,517.0,543.0,562.0,566.0,568.0,583.0,604.0,611.0,613.0,649.0,669.0,690.0,707.0,732.0,786.0,798.0,913.0,955.0,955.0,970.0,973.0,
19.0,75.0,82.0,152.0,155.0,235.0,244.0,250.0,267.0,271.0,276.0,277.0,293.0,300.0,311.0,312.0,320.0,326.0,426.0,464.0,486.0,501.0,519.0,537.0,582.0,582.0,597.0,623.0,626.0,641.0,666.0,749.0,757.0,831.0,843.0,869.0,938.0,971.0,
79.0,144.0,186.0,198.0,204.0,241.0,271.0,312.0,340.0,355.0,399.0,432.0,446.0,458.0,460.0,462.0,483.0,531.0,548.0,578.0,591.0,625.0,640.0,677.0,677.0,682.0,689.0,715.0,721.0,748.0,748.0,768.0,780.0,788.0,810.0,885.0,896.0,914.0,949.0,959.0,995.0,
25.0,32.0,32.0,42.0,79.0,79.0,85.0,123.0,180.0,223.0,251.0,316.0,395.0,397.0,443.0,478.0,479.0,482.0,508.0,541.0,544.0,545.0,639.0,646.0,649.0,687.0,687.0,700.0,708.0,709.0,726.0,737.0,757.0,820.0,917.0,949.0,953.0,959.0,973.0,998.0,999.0,
20.0,27.0,112.0,145.0,217.0,226.0,279.0,282.0,302.0,315.0,322.0,327.0,330.0,332.0,368.0,424.0,430.0,520.0,586.0,616.0,641.0,646.0,659.0,674.0,699.0,702.0,727.0,734.0,738.0,865.0,882.0,895.0,932.0,
12.0,34.0,41.0,55.0,64.0,131.0,188.0,191.0,199.0,209.0,260.0,264.0,266.0,396.0,397.0,410.0,417.0,430.0,434.0,478.0,507.0,560.0,560.0,582.0,591.0,597.0,601.0,635.0,715.0,755.0,796.0,812.0,866.0,884.0,918.0,922.0,941.0,973.0,
40.0,79.0,83.0,91.0,125.0,167.0,172.0,206.0,213.0,226.0,233.0,234.0,245.0,245.0,263.0,274.0,321.0,321.0,361.0,362.0,375.0,379.0,389.0,411.0,411.0,423.0,471.0,513.0,580.0,620.0,677.0,686.0,701.0,746.0,749.0,798.0,827.0,854.0,885.0,891.0,903.0,918.0,919.0,923.0,944.0,954.0,963.0,
5.0,20.0,47.0,98.0,121.0,123.0,133.0,145.0,148.0,182.0,188.0,192.0,213.0,286.0,302.0,337.0,374.0,462.0,545.0,621.0,678.0,695.0,718.0,721.0,793.0,814.0,886.0,888.0,889.0,894.0,906.0,908.0,935.0,948.0,987.0,
33.0,71.0,95.0,108.0,110.0,220.0,251.0,329.0,329.0,332.0,507.0,525.0,576.0,581.0,695.0,751.0,751.0,755.0,839.0,887.0,900.0,903.0,921.0,937.0,946.0,950.0,
5.0,7.0,8.0,15.0,21.0,26.0,30.0,139.0,159.0,231.0,245.0,291.0,330.0,349.0,360.0,401.0,441.0,446.0,537.0,554.0,554.0,618.0,632.0,676.0,682.0,683.0,736.0,762.0,807.0,824.0,837.0,899.0,928.0,935.0,
42.0,49.0,60.0,74.0,75.0,98.0,105.0,127.0,133.0,205.0,219.0,261.0,274.0,368.0,388.0,410.0,433.0,488.0,494.0,520.0,521.0,529.0,544.0,602.0,665.0,669.0,754.0,770.0,801.0,803.0,815.0,849.0,918.0,952.0,
22.0,29.0,39.0,72.0,127.0,135.0,147.0,150.0,192.0,255.0,273.0,305.0,306.0,364.0,378.0,463.0,484.0,492.0,562.0,577.0,585.0,586.0,591.0,596.0,621.0,687.0,690.0,703.0,716.0,766.0,769.0,779.0,779.0,801.0,826.0,845.0,873.0,896.0,956.0,970.0,974.0,
113.0,125.0,147.0,159.0,159.0,164.0,185.0,239.0,242.0,324.0,336.0,342.0,370.0,430.0,441.0,492.0,510.0,559.0,591.0,592.0,600.0,604.0,716.0,759.0,771.0,822.0,854.0,898.0,
39.0,57.0,90.0,108.0,129.0,129.0,197.0,227.0,246.0,260.0,285.0,310.0,313.0,336.0,385.0,397.0,427.0,429.0,430.0,497.0,554.0,585.0,632.0,719.0,740.0,748.0,773.0,884.0,902.0,946.0,977.0,
29.0,62.0,82.0,88.0,106.0,194.0,288.0,300.0,316.0,322.0,377.0,382.0,399.0,399.0,443.0,464.0,550.0,551.0,558.0,566.0,596.0,599.0,646.0,671.0,675.0,676.0,689.0,716.0,770.0,783.0,793.0,842.0,864.0,867.0,872.0,879.0,911.0,915.0,950.0,953.0,959.0,979.0,994.0,
2.0,35.0,41.0,55.0,136.0,163.0,163.0,198.0,220.0,240.0,240.0,266.0,268.0,302.0,359.0,368.0,410.0,506.0,626.0,627.0,705.0,711.0,715.0,788.0,790.0,792.0,824.0,827.0,837.0,842.0,865.0,876.0,961.0,988.0,
36.0,42.0,48.0,60.0,88.0,178.0,190.0,190.0,192.0,194.0,203.0,237.0,238.0,247.0,294.0,320.0,410.0,422.0,453.0,508.0,509.0,519.0,534.0,546.0,620.0,688.0,692.0,760.0,769.0,769.0,794.0,808.0,816.0,836.0,837.0,838.0,850.0,942.0,988.0,
11.0,21.0,23.0,28.0,57.0,83.0,86.0,106.0,111.0,159.0,225.0,242.0,252.0,261.0,276.0,288.0,299.0,321.0,321.0,366.0,389.0,423.0,443.0,488.0,489.0,521.0,555.0,632.0,675.0,690.0,749.0,750.0,768.0,772.0,787.0,788.0,789.0,796.0,817.0,829.0,896.0,918.0,919.0,966.0,999.0,
7.0,19.0,167.0,177.0,215.0,277.0,302.0,317.0,358.0,382.0,393.0,447.0,475.0,493.0,495.0,495.0,505.0,573.0,581.0,595.0,605.0,621.0,630.0,661.0,669.0,671.0,674.0,674.0,710.0,759.0,759.0,791.0,863.0,864.0,868.0,874.0,942.0,964.0,971.0,977.0,1000.0,
25.0,33.0,74.0,80.0,83.0,95.0,95.0,110.0,133.0,142.0,164.0,197.0,198.0,208.0,226.0,234.0,302.0,440.0,449.0,453.0,455.0,484.0,557.0,592.0,662.0,670.0,678.0,723.0,733.0,820.0,843.0,870.0,884.0,885.0,902.0,919.0,958.0,996.0,
88.0,105.0,159.0,161.0,209.0,211.0,235.0,241.0,312.0,323.0,324.0,335.0,397.0,429.0,462.0,468.0,681.0,690.0,715.0,754.0,756.0,765.0,823.0,846.0,850.0,901.0,996.0,
59.0,76.0,127.0,138.0,169.0,178.0,195.0,263.0,295.0,303.0,308.0,310.0,400.0,470.0,510.0,525.0,543.0,560.0,566.0,629.0,633.0,695.0,709.0,715.0,830.0,852.0,852.0,869.0,894.0,955.0,984.0,
36.0,86.0,109.0,132.0,135.0,207.0,313.0,335.0,403.0,403.0,438.0,444.0,452.0,468.0,490.0,518.0,542.0,550.0,561.0,605.0,612.0,617.0,639.0,680.0,704.0,709.0,721.0,854.0,887.0,890.0,959.0,982.0,999.0,
35.0,75.0,91.0,117.0,147.0,162.0,166.0,210.0,251.0,274.0,280.0,291.0,339.0,410.0,444.0,532.0,557.0,577.0,599.0,626.0,646.0,653.0,657.0,671.0,695.0,707.0,726.0,792.0,800.0,812.0,840.0,866.0,872.0,880.0,952.0,979.0,
6.0,10.0,34.0,65.0,66.0,112.0,117.0,266.0,278.0,289.0,297.0,312.0,344.0,383.0,383.0,410.0,419.0,425.0,434.0,458.0,474.0,514.0,514.0,533.0,545.0,562.0,562.0,600.0,623.0,627.0,652.0,654.0,661.0,662.0,674.0,724.0,823.0,847.0,873.0,894.0,914.0,930.0,970.0,
7.0,32.0,50.0,55.0,67.0,103.0,122.0,207.0,214.0,320.0,382.0,383.0,418.0,458.0,479.0,511.0,569.0,589.0,664.0,680.0,779.0,795.0,838.0,897.0,903.0,917.0,929.0,950.0,
7.0,20.0,27.0,48.0,54.0,118.0,148.0,263.0,266.0,301.0,355.0,390.0,440.0,467.0,492.0,681.0,744.0,784.0,803.0,817.0,887.0,922.0,979.0,988.0,
14.0,37.0,135.0,162.0,215.0,226.0,250.0,268.0,269.0,347.0,399.0,460.0,474.0,556.0,599.0,633.0,661.0,673.0,701.0,726.0,738.0,747.0,771.0,780.0,807.0,845.0,849.0,862.0,919.0,928.0,942.0,947.0,951.0,
15.0,32.0,44.0,95.0,97.0,133.0,238.0,274.0,293.0,384.0,409.0,409.0,430.0,505.0,565.0,591.0,617.0,628.0,632.0,634.0,640.0,672.0,679.0,692.0,697.0,702.0,704.0,708.0,724.0,757.0,818.0,841.0,852.0,866.0,954.0,973.0,
10.0,25.0,52.0,54.0,68.0,125.0,134.0,203.0,204.0,206.0,209.0,241.0,263.0,283.0,293.0,308.0,310.0,360.0,391.0,403.0,422.0,454.0,468.0,487.0,527.0,529.0,609.0,642.0,655.0,660.0,712.0,742.0,772.0,779.0,800.0,818.0,821.0,845.0,870.0,875.0,894.0,935.0,938.0,984.0,
29.0,39.0,87.0,94.0,96.0,128.0,130.0,151.0,157.0,158.0,159.0,169.0,212.0,234.0,238.0,240.0,291.0,305.0,313.0,328.0,379.0,387.0,403.0,420.0,496.0,571.0,593.0,631.0,671.0,685.0,727.0,732.0,763.0,771.0,803.0,826.0,855.0,858.0,862.0,881.0,882.0,899.0,918.0,955.0,994.0,995.0,
13.0,21.0,29.0,68.0,118.0,136.0,137.0,185.0,194.0,195.0,254.0,267.0,273.0,301.0,323.0,362.0,363.0,414.0,427.0,454.0,519.0,531.0,570.0,609.0,625.0,630.0,671.0,782.0,830.0,853.0,864.0,866.0,878.0,
78.0,127.0,151.0,184.0,195.0,195.0,214.0,214.0,285.0,297.0,306.0,315.0,319.0,350.0,376.0,443.0,516.0,538.0,578.0,578.0,599.0,613.0,616.0,624.0,667.0,682.0,733.0,752.0,767.0,775.0,796.0,796.0,796.0,817.0,828.0,834.0,852.0,856.0,915.0,927.0,943.0,944.0,963.0,
12.0,27.0,35.0,120.0,162.0,167.0,275.0,281.0,293.0,326.0,334.0,407.0,412.0,446.0,499.0,518.0,543.0,544.0,580.0,643.0,651.0,665.0,680.0,682.0,694.0,698.0,730.0,748.0,772.0,779.0,783.0,783.0,909.0,922.0,940.0,982.0,996.0,
67.0,81.0,113.0,118.0,149.0,206.0,218.0,299.0,422.0,501.0,510.0,523.0,524.0,536.0,622.0,648.0,707.0,716.0,749.0,757.0,795.0,865.0,875.0,879.0,912.0,925.0,925.0,938.0,982.0,
9.0,66.0,141.0,173.0,256.0,269.0,282.0,335.0,355.0,430.0,441.0,451.0,469.0,476.0,512.0,610.0,620.0,660.0,676.0,690.0,699.0,704.0,752.0,785.0,808.0,819.0,829.0,924.0,984.0,
27.0,31.0,95.0,113.0,150.0,159.0,184.0,203.0,227.0,227.0,247.0,282.0,303.0,320.0,401.0,509.0,510.0,
7.0,16.0,53.0,80.0,106.0,134.0,172.0,175.0,218.0,220.0,220.0,225.0,269.0,281.0,319.0,338.0,363.0,387.0,408.0,439.0,449.0,462.0,508.0,633.0,710.0,723.0,741.0,802.0,834.0,842.0,871.0,900.0,916.0,924.0,950.0,
52.0,59.0,61.0,79.0,187.0,207.0,207.0,207.0,221.0,224.0,285.0,321.0,428.0,461.0,493.0,567.0,572.0,575.0,622.0,638.0,649.0,682.0,716.0,738.0,790.0,805.0,842.0,847.0,859.0,861.0,899.0,905.0,911.0,914.0,921.0,928.0,989.0,
30.0,34.0,51.0,58.0,71.0,90.0,99.0,116.0,205.0,303.0,311.0,319.0,332.0,376.0,378.0,384.0,407.0,420.0,439.0,506.0,514.0,524.0,526.0,557.0,575.0,588.0,603.0,636.0,680.0,716.0,736.0,750.0,785.0,789.0,832.0,847.0,861.0,894.0,901.0,989.0,
49.0,107.0,153.0,209.0,244.0,294.0,306.0,406.0,412.0,512.0,524.0,577.0,591.0,679.0,698.0,727.0,750.0,762.0,784.0,790.0,795.0,801.0,821.0,839.0,874.0,944.0,969.0,980.0,
4.0,4.0,73.0,97.0,111.0,117.0,157.0,170.0,235.0,240.0,278.0,292.0,329.0,336.0,343.0,370.0,403.0,413.0,424.0,455.0,479.0,537.0,593.0,650.0,702.0,740.0,792.0,794.0,815.0,832.0,857.0,912.0,960.0,979.0,979.0,979.0,1000.0,
20.0,51.0,54.0,73.0,81.0,81.0,96.0,102.0,130.0,171.0,173.0,200.0,224.0,335.0,390.0,402.0,426.0,448.0,453.0,480.0,504.0,515.0,536.0,538.0,557.0,564.0,607.0,625.0,647.0,648.0,668.0,680.0,722.0,744.0,744.0,764.0,771.0,836.0,854.0,872.0,880.0,902.0,949.0,962.0,
8.0,18.0,26.0,64.0,91.0,91.0,136.0,156.0,157.0,178.0,198.0,212.0,222.0,233.0,247.0,310.0,340.0,365.0,379.0,379.0,403.0,422.0,460.0,522.0,556.0,571.0,577.0,597.0,602.0,609.0,613.0,614.0,638.0,650.0,651.0,726.0,787.0,811.0,822.0,871.0,929.0,996.0,
22.0,28.0,65.0,123.0,133.0,145.0,169.0,178.0,182.0,189.0,200.0,242.0,372.0,378.0,382.0,413.0,416.0,422.0,427.0,483.0,487.0,518.0,547.0,592.0,610.0,625.0,639.0,716.0,788.0,804.0,805.0,849.0,863.0,871.0,889.0,898.0,901.0,905.0,918.0,960.0,
50.0,73.0,96.0,107.0,130.0,154.0,187.0,192.0,225.0,260.0,262.0,268.0,298.0,308.0,329.0,355.0,384.0,445.0,459.0,524.0,562.0,570.0,583.0,610.0,613.0,623.0,674.0,693.0,711.0,761.0,766.0,772.0,831.0,866.0,872.0,878.0,918.0,925.0,933.0,974.0,997.0,997.0,
182.0,225.0,260.0,268.0,322.0,349.0,391.0,399.0,401.0,437.0,441.0,466.0,709.0,729.0,732.0,758.0,813.0,839.0,944.0,
9.0,49.0,58.0,90.0,166.0,176.0,184.0,210.0,237.0,248.0,317.0,344.0,351.0,390.0,399.0,426.0,428.0,433.0,452.0,456.0,461.0,509.0,525.0,537.0,550.0,551.0,572.0,596.0,600.0,613.0,613.0,616.0,626.0,641.0,647.0,675.0,704.0,708.0,740.0,747.0,765.0,812.0,824.0,829.0,854.0,859.0,950.0,951.0,957.0,987.0,
64.0,66.0,72.0,93.0,103.0,118.0,124.0,176.0,192.0,203.0,211.0,218.0,234.0,259.0,260.0,273.0,307.0,321.0,335.0,374.0,408.0,424.0,425.0,459.0,467.0,475.0,486.0,513.0,528.0,553.0,574.0,609.0,648.0,656.0,657.0,659.0,693.0,699.0,705.0,863.0,895.0,896.0,897.0,902.0,946.0,948.0,948.0,963.0,979.0,
83.0,117.0,131.0,138.0,170.0,171.0,176.0,232.0,305.0,329.0,353.0,373.0,374.0,399.0,414.0,424.0,445.0,480.0,484.0,486.0,495.0,548.0,596.0,629.0,631.0,631.0,654.0,661.0,663.0,713.0,730.0,730.0,755.0,789.0,972.0,
8.0,60.0,92.0,116.0,163.0,169.0,180.0,215.0,228.0,237.0,241.0,248.0,263.0,275.0,282.0,288.0,336.0,347.0,410.0,418.0,429.0,447.0,448.0,482.0,521.0,549.0,623.0,645.0,649.0,800.0,834.0,845.0,846.0,875.0,880.0,917.0,930.0,940.0,948.0,989.0,
47.0,58.0,65.0,84.0,104.0,152.0,156.0,163.0,267.0,321.0,354.0,386.0,442.0,507.0,572.0,579.0,593.0,618.0,630.0,661.0,681.0,682.0,704.0,743.0,807.0,810.0,820.0,932.0,938.0,995.0,
18.0,29.0,51.0,59.0,226.0,286.0,331.0,361.0,377.0,381.0,400.0,449.0,451.0,474.0,481.0,482.0,537.0,548.0,588.0,600.0,607.0,611.0,620.0,639.0,644.0,652.0,663.0,677.0,680.0,691.0,701.0,726.0,737.0,756.0,790.0,809.0,860.0,882.0,968.0,
34.0,101.0,109.0,144.0,168.0,169.0,275.0,305.0,413.0,439.0,454.0,463.0,480.0,489.0,493.0,538.0,569.0,588.0,592.0,600.0,643.0,692.0,701.0,745.0,751.0,770.0,828.0,894.0,896.0,898.0,908.0,934.0,995.0,
35.0,110.0,186.0,219.0,228.0,241.0,256.0,280.0,309.0,345.0,375.0,390.0,450.0,452.0,502.0,510.0,526.0,539.0,540.0,557.0,607.0,621.0,622.0,706.0,710.0,728.0,731.0,780.0,854.0,925.0,932.0,982.0,
33.0,78.0,108.0,113.0,165.0,173.0,194.0,219.0,262.0,270.0,275.0,275.0,281.0,290.0,419.0,472.0,504.0,506.0,541.0,549.0,572.0,588.0,603.0,611.0,664.0,682.0,723.0,724.0,730.0,750.0,823.0,896.0,930.0,987.0,
3.0,12.0,57.0,89.0,147.0,203.0,232.0,264.0,265.0,304.0,354.0,358.0,373.0,391.0,472.0,576.0,593.0,609.0,615.0,680.0,745.0,759.0,772.0,804.0,936.0,997.0,
21.0,42.0,45.0,65.0,70.0,85.0,103.0,185.0,227.0,262.0,344.0,363.0,366.0,372.0,392.0,404.0,445.0,470.0,478.0,480.0,510.0,582.0,583.0,595.0,614.0,643.0,671.0,680.0,687.0,690.0,705.0,706.0,739.0,773.0,789.0,793.0,832.0,842.0,844.0,848.0,856.0,944.0,944.0,973.0,999.0,999.0,
59.0,82.0,98.0,111.0,118.0,140.0,180.0,219.0,231.0,265.0,374.0,395.0,395.0,441.0,443.0,467.0,527.0,530.0,533.0,535.0,536.0,553.0,564.0,581.0,585.0,587.0,609.0,624.0,645.0,650.0,675.0,701.0,783.0,786.0,786.0,823.0,845.0,857.0,861.0,869.0,878.0,
28.0,66.0,72.0,111.0,139.0,143.0,164.0,171.0,184.0,200.0,204.0,274.0,321.0,338.0,352.0,362.0,381.0,428.0,464.0,476.0,492.0,508.0,552.0,593.0,604.0,650.0,658.0,681.0,702.0,707.0,735.0,782.0,807.0,848.0,883.0,904.0,934.0,934.0,936.0,949.0,964.0,993.0,993.0,
2.0,38.0,50.0,84.0,98.0,107.0,143.0,181.0,196.0,200.0,287.0,289.0,304.0,308.0,321.0,326.0,326.0,385.0,421.0,473.0,480.0,553.0,597.0,602.0,616.0,625.0,638.0,640.0,680.0,770.0,839.0,861.0,863.0,875.0,885.0,904.0,911.0,916.0,978.0,
10.0,40.0,41.0,53.0,58.0,71.0,75.0,80.0,112.0,113.0,163.0,232.0,279.0,290.0,326.0,331.0,352.0,355.0,363.0,416.0,431.0,436.0,468.0,490.0,501.0,521.0,538.0,695.0,713.0,719.0,720.0,771.0,781.0,804.0,846.0,863.0,872.0,877.0,881.0,884.0,896.0,903.0,921.0,924.0,935.0,976.0,998.0,
41.0,61.0,165.0,196.0,210.0,216.0,282.0,294.0,295.0,309.0,376.0,399.0,411.0,416.0,419.0,428.0,463.0,531.0,538.0,538.0,544.0,546.0,554.0,586.0,622.0,659.0,716.0,755.0,768.0,782.0,782.0,820.0,881.0,989.0,
67.0,69.0,111.0,124.0,143.0,149.0,169.0,172.0,181.0,184.0,201.0,238.0,259.0,279.0,283.0,315.0,319.0,330.0,365.0,368.0,418.0,420.0,460.0,495.0,576.0,582.0,644.0,686.0,689.0,728.0,789.0,822.0,847.0,849.0,879.0,903.0,909.0,938.0,941.0,
9.0,64.0,89.0,103.0,105.0,110.0,116.0,191.0,193.0,254.0,290.0,308.0,329.0,387.0,417.0,421.0,430.0,467.0,519.0,526.0,533.0,563.0,572.0,605.0,615.0,639.0,655.0,670.0,686.0,694.0,751.0,764.0,810.0,850.0,852.0,858.0,859.0,906.0,906.0,
33.0,35.0,48.0,51.0,83.0,154.0,166.0,171.0,172.0,196.0,198.0,216.0,230.0,235.0,275.0,289.0,352.0,354.0,366.0,370.0,394.0,436.0,467.0,475.0,510.0,515.0,575.0,586.0,597.0,661.0,702.0,720.0,721.0,722.0,725.0,742.0,843.0,862.0,886.0,893.0,893.0,898.0,956.0,967.0,
31.0,32.0,44.0,61.0,153.0,158.0,171.0,180.0,186.0,216.0,223.0,226.0,234.0,271.0,286.0,302.0,327.0,447.0,471.0,503.0,545.0,633.0,666.0,679.0,747.0,774.0,787.0,807.0,808.0,817.0,844.0,855.0,923.0,953.0,958.0,989.0,995.0,998.0,
37.0,137.0,161.0,196.0,223.0,250.0,295.0,308.0,338.0,364.0,374.0,377.0,455.0,459.0,520.0,543.0,560.0,574.0,576.0,704.0,712.0,791.0,799.0,810.0,862.0,973.0,
26.0,95.0,101.0,126.0,138.0,140.0,187.0,199.0,209.0,260.0,265.0,313.0,349.0,369.0,391.0,502.0,547.0,623.0,639.0,658.0,700.0,742.0,743.0,764.0,777.0,842.0,846.0,880.0,
19.0,73.0,76.0,78.0,92.0,127.0,150.0,156.0,268.0,302.0,350.0,358.0,394.0,411.0,440.0,477.0,517.0,525.0,544.0,557.0,587.0,626.0,628.0,639.0,726.0,800.0,813.0,870.0,916.0,919.0,923.0,938.0,952.0,991.0,
8.0,12.0,64.0,151.0,171.0,177.0,233.0,234.0,240.0,250.0,259.0,318.0,319.0,367.0,368.0,396.0,418.0,453.0,469.0,471.0,490.0,504.0,510.0,528.0,531.0,561.0,567.0,612.0,614.0,621.0,644.0,735.0,865.0,891.0,944.0,977.0,981.0,981.0,993.0,
15.0,15.0,29.0,66.0,83.0,150.0,174.0,178.0,314.0,322.0,325.0,339.0,414.0,433.0,459.0,462.0,463.0,502.0,510.0,533.0,537.0,537.0,601.0,715.0,721.0,734.0,755.0,761.0,835.0,849.0,899.0,958.0,965.0,975.0,
46.0,52.0,90.0,135.0,191.0,196.0,208.0,223.0,258.0,314.0,321.0,379.0,379.0,406.0,411.0,411.0,414.0,419.0,427.0,434.0,461.0,462.0,477.0,482.0,499.0,514.0,527.0,539.0,550.0,635.0,656.0,694.0,752.0,801.0,890.0,907.0,933.0,960.0,975.0,999.0,
21.0,34.0,55.0,56.0,113.0,130.0,139.0,162.0,255.0,275.0,371.0,400.0,403.0,416.0,430.0,437.0,454.0,468.0,534.0,557.0,603.0,629.0,656.0,667.0,718.0,722.0,723.0,823.0,897.0,921.0,
12.0,16.0,124.0,126.0,160.0,182.0,198.0,314.0,369.0,396.0,404.0,432.0,446.0,456.0,461.0,464.0,469.0,549.0,560.0,562.0,565.0,596.0,684.0,763.0,864.0,871.0,890.0,891.0,896.0,908.0,913.0,949.0,
19.0,35.0,62.0,71.0,97.0,151.0,160.0,191.0,228.0,248.0,278.0,337.0,358.0,372.0,379.0,380.0,388.0,396.0,517.0,548.0,557.0,630.0,633.0,707.0,722.0,745.0,792.0,859.0,860.0,911.0,944.0,956.0,
24.0,113.0,154.0,163.0,164.0,168.0,213.0,232.0,246.0,249.0,260.0,264.0,295.0,317.0,319.0,333.0,369.0,389.0,407.0,454.0,487.0,608.0,653.0,656.0,680.0,685.0,710.0,714.0,720.0,729.0,738.0,766.0,812.0,864.0,954.0,996.0,
10.0,14.0,38.0,68.0,84.0,105.0,105.0,108.0,129.0,140.0,177.0,277.0,342.0,345.0,397.0,400.0,412.0,476.0,481.0,504.0,558.0,573.0,583.0,584.0,587.0,675.0,713.0,754.0,805.0,819.0,844.0,890.0,902.0,917.0,938.0,
34.0,117.0,141.0,159.0,161.0,165.0,217.0,220.0,240.0,256.0,268.0,275.0,315.0,334.0,338.0,364.0,410.0,441.0,457.0,467.0,491.0,504.0,506.0,511.0,534.0,553.0,575.0,629.0,667.0,671.0,678.0,709.0,712.0,741.0,745.0,759.0,765.0,783.0,787.0,796.0,819.0,835.0,878.0,878.0,943.0,952.0,952.0,973.0,991.0,
3.0,15.0,36.0,73.0,96.0,144.0,153.0,165.0,215.0,238.0,261.0,303.0,315.0,353.0,440.0,462.0,474.0,476.0,484.0,498.0,516.0,519.0,547.0,556.0,557.0,583.0,606.0,639.0,708.0,713.0,764.0,778.0,782.0,783.0,829.0,866.0,869.0,939.0,949.0,1000.0,
32.0,145.0,152.0,183.0,187.0,215.0,241.0,265.0,376.0,400.0,425.0,443.0,536.0,553.0,609.0,616.0,731.0,736.0,770.0,808.0,893.0,908.0,937.0,955.0,969.0,985.0,
