38.0,51.0,65.0,76.0,106.0,145.0,175.0,178.0,188.0,219.0,243.0,296.0,332.0,334.0,357.0,458.0,495.0,520.0,520.0,537.0,553.0,669.0,669.0,672.0,674.0,770.0,771.0,845.0,897.0,918.0,975.0,1000.0,
48.0,58.0,80.0,159.0,178.0,198.0,212.0,229.0,278.0,360.0,370.0,416.0,417.0,421.0,426.0,539.0,551.0,581.0,599.0,601.0,639.0,641.0,702.0,743.0,761.0,786.0,792.0,797.0,831.0,846.0,873.0,877.0,882.0,891.0,891.0,895.0,909.0,911.0,919.0,931.0,941.0,947.0,951.0,969.0,
3.0,8.0,14.0,45.0,60.0,69.0,85.0,110.0,111.0,150.0,194.0,204.0,226.0,238.0,278.0,285.0,329.0,345.0,389.0,436.0,466.0,472.0,489.0,599.0,612.0,733.0,769.0,816.0,818.0,845.0,851.0,855.0,870.0,939.0,954.0,981.0,
2.0,3.0,29.0,44.0,45.0,58.0,68.0,79.0,87.0,170.0,216.0,229.0,348.0,353.0,356.0,362.0,363.0,366.0,373.0,401.0,418.0,443.0,449.0,470.0,543.0,558.0,582.0,597.0,627.0,661.0,705.0,760.0,764.0,778.0,792.0,798.0,833.0,837.0,851.0,868.0,948.0,974.0,997.0,
15.0,16.0,51.0,52.0,102.0,110.0,138.0,144.0,158.0,186.0,226.0,303.0,406.0,429.0,436.0,485.0,499.0,514.0,564.0,598.0,619.0,626.0,706.0,784.0,814.0,817.0,838.0,936.0,947.0,953.0,968.0,976.0,
22.0,58.0,74.0,74.0,88.0,97.0,104.0,141.0,169.0,175.0,181.0,187.0,234.0,251.0,293.0,293.0,304.0,322.0,377.0,436.0,445.0,457.0,529.0,529.0,563.0,574.0,613.0,640.0,663.0,670.0,685.0,724.0,733.0,762.0,792.0,793.0,876.0,889.0,913.0,927.0,928.0,940.0,949.0,962.0,966.0,
2.0,86.0,97.0,135.0,150.0,162.0,186.0,251.0,258.0,264.0,266.0,329.0,363.0,404.0,437.0,443.0,451.0,459.0,513.0,521.0,535.0,535.0,541.0,593.0,593.0,597.0,609.0,621.0,648.0,648.0,661.0,666.0,685.0,692.0,720.0,731.0,747.0,807.0,811.0,811.0,814.0,815.0,818.0,825.0,840.0,840.0,903.0,912.0,916.0,953.0,957.0,965.0,
11.0,24.0,40.0,51.0,64.0,154.0,224.0,225.0,238.0,245.0,268.0,319.0,374.0,379.0,429.0,446.0,508.0,510.0,548.0,555.0,603.0,612.0,634.0,676.0,712.0,725.0,732.0,735.0,759.0,759.0,789.0,827.0,832.0,844.0,877.0,881.0,932.0,958.0,958.0,
37.0,38.0,58.0,180.0,189.0,218.0,227.0,245.0,247.0,249.0,255.0,284.0,460.0,473.0,517.0,536.0,565.0,638.0,639.0,661.0,750.0,751.0,755.0,826.0,874.0,890.0,923.0,939.0,939.0,956.0,981.0,1000.0,
77.0,77.0,107.0,150.0,152.0,197.0,209.0,238.0,254.0,267.0,283.0,315.0,317.0,317.0,353.0,382.0,391.0,417.0,427.0,463.0,480.0,503.0,529.0,555.0,555.0,557.0,596.0,622.0,651.0,690.0,696.0,716.0,737.0,738.0,749.0,773.0,779.0,798.0,812.0,817.0,847.0,853.0,856.0,861.0,873.0,886.0,887.0,905.0,909.0,994.0,
12.0,24.0,33.0,64.0,135.0,144.0,159.0,213.0,236.0,251.0,266.0,292.0,295.0,369.0,389.0,393.0,430.0,451.0,463.0,463.0,466.0,485.0,532.0,563.0,573.0,633.0,634.0,638.0,643.0,667.0,667.0,682.0,723.0,762.0,810.0,816.0,822.0,836.0,837.0,868.0,967.0,972.0,
13.0,16.0,63.0,111.0,139.0,185.0,193.0,205.0,222.0,243.0,259.0,283.0,313.0,328.0,372.0,377.0,424.0,452.0,473.0,478.0,491.0,551.0,559.0,562.0,582.0,607.0,609.0,611.0,611.0,619.0,700.0,737.0,742.0,759.0,766.0,823.0,835.0,892.0,955.0,961.0,969.0,
52.0,109.0,111.0,133.0,243.0,268.0,310.0,323.0,379.0,427.0,443.0,458.0,463.0,516.0,517.0,519.0,594.0,624.0,655.0,706.0,736.0,753.0,782.0,797.0,817.0,844.0,875.0,899.0,922.0,923.0,945.0,949.0,949.0,960.0,980.0,
24.0,68.0,96.0,162.0,167.0,185.0,210.0,214.0,217.0,319.0,349.0,353.0,367.0,445.0,575.0,580.0,643.0,657.0,661.0,680.0,706.0,722.0,730.0,799.0,827.0,840.0,853.0,854.0,864.0,896.0,896.0,908.0,940.0,966.0,994.0,
51.0,73.0,90.0,111.0,166.0,171.0,196.0,269.0,277.0,281.0,304.0,314.0,317.0,362.0,364.0,381.0,412.0,426.0,441.0,462.0,467.0,507.0,677.0,770.0,809.0,809.0,825.0,831.0,840.0,908.0,955.0,955.0,966.0,
3.0,11.0,24.0,56.0,59.0,63.0,111.0,128.0,128.0,178.0,208.0,230.0,303.0,312.0,362.0,378.0,380.0,383.0,413.0,413.0,415.0,427.0,475.0,690.0,700.0,901.0,919.0,950.0,951.0,987.0,994.0,
77.0,89.0,96.0,115.0,135.0,172.0,216.0,218.0,247.0,262.0,264.0,270.0,283.0,302.0,305.0,337.0,351.0,371.0,385.0,403.0,427.0,455.0,507.0,696.0,703.0,728.0,798.0,820.0,832.0,853.0,895.0,952.0,980.0,
30.0,32.0,107.0,181.0,213.0,271.0,306.0,387.0,390.0,431.0,437.0,445.0,466.0,468.0,480.0,546.0,571.0,587.0,592.0,600.0,636.0,663.0,692.0,723.0,727.0,731.0,740.0,757.0,764.0,771.0,782.0,809.0,821.0,838.0,863.0,870.0,889.0,893.0,923.0,947.0,977.0,996.0,
88.0,107.0,118.0,125.0,157.0,167.0,221.0,237.0,256.0,313.0,360.0,377.0,423.0,445.0,446.0,449.0,489.0,499.0,499.0,507.0,510.0,517.0,531.0,572.0,587.0,610.0,625.0,654.0,656.0,687.0,688.0,691.0,693.0,693.0,702.0,740.0,765.0,814.0,826.0,840.0,886.0,909.0,939.0,956.0,983.0,998.0,
3.0,29.0,40.0,47.0,87.0,139.0,192.0,201.0,248.0,248.0,273.0,281.0,286.0,312.0,322.0,323.0,332.0,349.0,385.0,390.0,402.0,437.0,441.0,443.0,444.0,540.0,546.0,555.0,577.0,583.0,646.0,688.0,703.0,753.0,761.0,761.0,808.0,813.0,820.0,838.0,856.0,866.0,909.0,983.0,
2.0,7.0,11.0,15.0,22.0,61.0,66.0,80.0,85.0,144.0,151.0,166.0,170.0,182.0,202.0,285.0,322.0,331.0,375.0,418.0,422.0,435.0,473.0,491.0,497.0,500.0,500.0,517.0,533.0,555.0,556.0,566.0,588.0,627.0,634.0,662.0,705.0,707.0,761.0,764.0,769.0,774.0,800.0,859.0,889.0,928.0,932.0,975.0,
32.0,46.0,92.0,115.0,124.0,134.0,201.0,203.0,239.0,241.0,273.0,300.0,342.0,356.0,370.0,392.0,445.0,505.0,556.0,601.0,609.0,651.0,660.0,670.0,678.0,727.0,750.0,765.0,788.0,796.0,805.0,805.0,824.0,837.0,857.0,865.0,872.0,904.0,962.0,966.0,995.0,
48.0,62.0,74.0,82.0,125.0,164.0,185.0,206.0,207.0,274.0,285.0,327.0,359.0,386.0,395.0,436.0,475.0,490.0,505.0,509.0,682.0,684.0,706.0,750.0,773.0,801.0,808.0,828.0,874.0,915.0,937.0,954.0,973.0,981.0,
14.0,19.0,30.0,56.0,73.0,85.0,121.0,150.0,153.0,159.0,174.0,187.0,187.0,228.0,334.0,342.0,399.0,446.0,478.0,876.0,
6.0,8.0,10.0,29.0,124.0,134.0,199.0,222.0,254.0,270.0,286.0,322.0,329.0,330.0,331.0,383.0,429.0,439.0,
14.0,70.0,122.0,131.0,135.0,189.0,216.0,257.0,309.0,319.0,336.0,382.0,397.0,448.0,488.0,497.0,
21.0,55.0,80.0,92.0,92.0,101.0,106.0,122.0,128.0,172.0,186.0,189.0,212.0,214.0,215.0,224.0,285.0,342.0,355.0,427.0,470.0,482.0,498.0,
89.0,98.0,104.0,163.0,189.0,197.0,199.0,265.0,273.0,299.0,316.0,322.0,322.0,371.0,387.0,447.0,469.0,481.0,
8.0,11.0,14.0,105.0,137.0,139.0,145.0,159.0,222.0,283.0,308.0,317.0,324.0,331.0,366.0,392.0,630.0,635.0,673.0,689.0,779.0,810.0,811.0,822.0,844.0,860.0,879.0,883.0,893.0,903.0,966.0,971.0,973.0,1000.0,
11.0,12.0,42.0,46.0,60.0,77.0,82.0,148.0,195.0,199.0,268.0,277.0,368.0,402.0,435.0,448.0,465.0,504.0,533.0,544.0,563.0,584.0,586.0,590.0,612.0,634.0,656.0,674.0,690.0,698.0,728.0,732.0,735.0,737.0,754.0,758.0,773.0,801.0,811.0,859.0,877.0,881.0,899.0,943.0,998.0,
13.0,20.0,55.0,56.0,83.0,88.0,90.0,101.0,120.0,127.0,148.0,182.0,219.0,257.0,278.0,284.0,294.0,303.0,428.0,480.0,508.0,538.0,545.0,566.0,602.0,657.0,677.0,688.0,767.0,773.0,775.0,786.0,800.0,824.0,840.0,860.0,871.0,914.0,966.0,
2.0,11.0,46.0,55.0,88.0,179.0,202.0,204.0,215.0,273.0,278.0,297.0,312.0,323.0,327.0,339.0,375.0,381.0,429.0,443.0,453.0,459.0,475.0,497.0,509.0,514.0,525.0,540.0,546.0,573.0,600.0,607.0,635.0,688.0,698.0,713.0,728.0,742.0,758.0,773.0,828.0,828.0,844.0,966.0,995.0,996.0,
9.0,24.0,34.0,100.0,114.0,147.0,248.0,249.0,253.0,292.0,375.0,415.0,421.0,426.0,429.0,459.0,
23.0,32.0,87.0,114.0,180.0,276.0,346.0,473.0,
12.0,53.0,127.0,166.0,169.0,239.0,265.0,288.0,340.0,344.0,358.0,387.0,394.0,415.0,427.0,455.0,473.0,497.0,506.0,768.0,835.0,871.0,874.0,927.0,
8.0,63.0,82.0,102.0,147.0,157.0,191.0,210.0,211.0,231.0,247.0,286.0,296.0,318.0,333.0,358.0,427.0,467.0,468.0,505.0,759.0,847.0,890.0,
32.0,37.0,57.0,114.0,128.0,135.0,144.0,161.0,203.0,211.0,226.0,251.0,292.0,299.0,335.0,354.0,355.0,356.0,367.0,414.0,425.0,452.0,481.0,498.0,761.0,780.0,833.0,929.0,957.0,961.0,
6.0,72.0,152.0,175.0,183.0,190.0,213.0,277.0,326.0,329.0,383.0,385.0,390.0,451.0,836.0,
12.0,29.0,59.0,83.0,183.0,202.0,214.0,229.0,233.0,239.0,241.0,245.0,262.0,307.0,337.0,352.0,358.0,381.0,396.0,407.0,466.0,
44.0,50.0,54.0,54.0,85.0,154.0,185.0,203.0,203.0,204.0,243.0,324.0,409.0,416.0,430.0,478.0,516.0,598.0,600.0,726.0,729.0,730.0,751.0,799.0,805.0,843.0,877.0,897.0,905.0,931.0,961.0,965.0,974.0,978.0,
2.0,14.0,71.0,83.0,83.0,134.0,160.0,213.0,230.0,286.0,301.0,329.0,348.0,359.0,376.0,407.0,424.0,430.0,484.0,503.0,516.0,600.0,602.0,660.0,695.0,700.0,719.0,775.0,800.0,831.0,835.0,844.0,872.0,886.0,889.0,890.0,893.0,911.0,931.0,965.0,979.0,986.0,
21.0,28.0,31.0,69.0,75.0,98.0,100.0,106.0,141.0,166.0,198.0,207.0,248.0,253.0,257.0,303.0,394.0,401.0,439.0,444.0,474.0,478.0,513.0,708.0,736.0,736.0,791.0,820.0,923.0,959.0,964.0,967.0,987.0,989.0,990.0,
27.0,54.0,61.0,108.0,185.0,227.0,250.0,350.0,357.0,384.0,399.0,443.0,483.0,
31.0,61.0,88.0,142.0,154.0,174.0,222.0,223.0,267.0,282.0,304.0,366.0,393.0,394.0,431.0,440.0,473.0,851.0,885.0,
14.0,69.0,180.0,198.0,202.0,210.0,211.0,252.0,318.0,354.0,365.0,395.0,414.0,422.0,424.0,443.0,444.0,445.0,496.0,733.0,795.0,993.0,
8.0,78.0,123.0,126.0,160.0,201.0,264.0,272.0,280.0,299.0,331.0,354.0,355.0,373.0,447.0,822.0,981.0,
46.0,65.0,66.0,73.0,76.0,77.0,117.0,132.0,168.0,232.0,243.0,256.0,275.0,331.0,335.0,389.0,428.0,432.0,455.0,481.0,486.0,500.0,772.0,775.0,848.0,
23.0,68.0,102.0,103.0,152.0,152.0,168.0,190.0,192.0,201.0,266.0,279.0,280.0,291.0,346.0,350.0,352.0,370.0,387.0,416.0,443.0,467.0,759.0,893.0,994.0,996.0,
72.0,93.0,127.0,141.0,157.0,292.0,315.0,318.0,329.0,330.0,339.0,
21.0,44.0,59.0,76.0,117.0,118.0,139.0,143.0,174.0,205.0,238.0,238.0,254.0,290.0,302.0,304.0,328.0,338.0,340.0,343.0,388.0,392.0,425.0,438.0,449.0,453.0,460.0,495.0,622.0,697.0,700.0,701.0,753.0,770.0,782.0,792.0,805.0,833.0,837.0,928.0,963.0,981.0,994.0,995.0,
73.0,75.0,77.0,104.0,117.0,125.0,142.0,156.0,216.0,253.0,263.0,288.0,328.0,342.0,356.0,364.0,367.0,419.0,433.0,498.0,591.0,635.0,647.0,649.0,652.0,658.0,689.0,726.0,753.0,754.0,797.0,879.0,894.0,919.0,949.0,969.0,977.0,979.0,
10.0,18.0,31.0,37.0,67.0,101.0,162.0,165.0,184.0,191.0,200.0,226.0,285.0,286.0,289.0,312.0,385.0,405.0,407.0,435.0,803.0,805.0,834.0,864.0,896.0,903.0,959.0,969.0,991.0,
6.0,106.0,138.0,168.0,172.0,189.0,236.0,239.0,337.0,382.0,451.0,460.0,468.0,504.0,
5.0,36.0,100.0,158.0,191.0,220.0,245.0,249.0,294.0,318.0,330.0,358.0,370.0,381.0,406.0,424.0,462.0,473.0,872.0,969.0,
7.0,7.0,17.0,57.0,73.0,88.0,124.0,188.0,226.0,403.0,420.0,446.0,486.0,490.0,872.0,908.0,914.0,997.0,
61.0,61.0,72.0,87.0,103.0,145.0,147.0,169.0,173.0,263.0,305.0,324.0,358.0,364.0,379.0,399.0,413.0,459.0,504.0,771.0,790.0,846.0,891.0,985.0,
8.0,39.0,58.0,103.0,103.0,155.0,160.0,178.0,205.0,236.0,303.0,309.0,341.0,382.0,389.0,389.0,390.0,439.0,493.0,496.0,806.0,817.0,826.0,842.0,880.0,971.0,
21.0,41.0,124.0,156.0,209.0,226.0,237.0,250.0,289.0,371.0,371.0,800.0,931.0,945.0,955.0,995.0,
6.0,17.0,95.0,106.0,115.0,117.0,183.0,194.0,206.0,218.0,272.0,302.0,326.0,338.0,416.0,466.0,495.0,
42.0,49.0,64.0,97.0,164.0,166.0,196.0,270.0,278.0,294.0,307.0,321.0,355.0,365.0,379.0,467.0,468.0,484.0,505.0,643.0,844.0,880.0,902.0,934.0,934.0,935.0,941.0,
37.0,38.0,42.0,78.0,94.0,94.0,107.0,156.0,171.0,224.0,262.0,306.0,312.0,329.0,331.0,344.0,449.0,451.0,517.0,546.0,627.0,634.0,702.0,714.0,746.0,782.0,787.0,812.0,873.0,912.0,941.0,
56.0,91.0,94.0,108.0,123.0,154.0,160.0,163.0,209.0,325.0,363.0,410.0,426.0,447.0,657.0,677.0,693.0,713.0,747.0,754.0,754.0,766.0,800.0,842.0,883.0,889.0,899.0,915.0,917.0,956.0,968.0,995.0,
27.0,31.0,55.0,59.0,89.0,99.0,109.0,162.0,228.0,258.0,264.0,352.0,382.0,385.0,427.0,487.0,487.0,493.0,498.0,
34.0,41.0,95.0,116.0,149.0,156.0,181.0,214.0,253.0,276.0,306.0,320.0,335.0,372.0,398.0,442.0,507.0,828.0,874.0,974.0,
18.0,36.0,89.0,124.0,139.0,146.0,149.0,154.0,165.0,200.0,247.0,250.0,265.0,290.0,305.0,310.0,381.0,405.0,481.0,482.0,786.0,789.0,801.0,819.0,888.0,959.0,
10.0,15.0,32.0,43.0,81.0,102.0,157.0,166.0,202.0,245.0,331.0,389.0,392.0,398.0,412.0,427.0,438.0,462.0,485.0,505.0,508.0,806.0,835.0,838.0,864.0,
9.0,17.0,96.0,119.0,135.0,140.0,141.0,162.0,190.0,198.0,200.0,245.0,253.0,273.0,328.0,342.0,359.0,463.0,830.0,980.0,
9.0,20.0,54.0,57.0,114.0,149.0,163.0,178.0,210.0,254.0,304.0,311.0,314.0,315.0,338.0,352.0,435.0,461.0,970.0,
98.0,101.0,115.0,167.0,223.0,230.0,256.0,260.0,265.0,279.0,336.0,342.0,384.0,409.0,419.0,428.0,466.0,473.0,
11.0,22.0,45.0,121.0,123.0,160.0,189.0,291.0,320.0,334.0,359.0,423.0,649.0,716.0,769.0,773.0,830.0,847.0,847.0,850.0,889.0,922.0,953.0,962.0,
55.0,126.0,132.0,150.0,167.0,254.0,294.0,307.0,309.0,321.0,349.0,410.0,436.0,474.0,483.0,513.0,515.0,601.0,621.0,622.0,625.0,666.0,673.0,695.0,708.0,758.0,763.0,784.0,804.0,840.0,850.0,863.0,864.0,881.0,908.0,926.0,932.0,
9.0,33.0,35.0,40.0,45.0,73.0,86.0,108.0,135.0,160.0,180.0,219.0,262.0,281.0,359.0,377.0,386.0,388.0,393.0,512.0,551.0,555.0,581.0,582.0,639.0,662.0,683.0,715.0,740.0,757.0,758.0,760.0,776.0,777.0,802.0,863.0,876.0,940.0,943.0,978.0,979.0,
67.0,138.0,157.0,160.0,161.0,234.0,239.0,286.0,287.0,350.0,360.0,419.0,430.0,444.0,446.0,461.0,462.0,
11.0,21.0,30.0,131.0,151.0,153.0,169.0,249.0,268.0,279.0,328.0,333.0,400.0,459.0,468.0,469.0,479.0,486.0,
44.0,66.0,75.0,131.0,165.0,184.0,186.0,207.0,238.0,243.0,257.0,309.0,316.0,324.0,328.0,442.0,474.0,483.0,509.0,748.0,758.0,813.0,916.0,
36.0,90.0,94.0,115.0,234.0,273.0,292.0,312.0,343.0,362.0,384.0,498.0,984.0,
15.0,20.0,68.0,103.0,146.0,174.0,240.0,244.0,280.0,289.0,324.0,327.0,373.0,387.0,424.0,434.0,439.0,445.0,466.0,470.0,864.0,879.0,935.0,980.0,
62.0,69.0,114.0,121.0,135.0,223.0,264.0,273.0,273.0,345.0,350.0,360.0,404.0,411.0,434.0,473.0,979.0,
19.0,21.0,79.0,130.0,140.0,147.0,238.0,283.0,313.0,334.0,345.0,349.0,351.0,385.0,403.0,427.0,440.0,451.0,492.0,904.0,
6.0,10.0,15.0,55.0,72.0,93.0,129.0,142.0,150.0,155.0,172.0,177.0,191.0,203.0,216.0,244.0,277.0,305.0,334.0,343.0,378.0,386.0,411.0,439.0,479.0,491.0,498.0,657.0,668.0,679.0,730.0,754.0,780.0,810.0,818.0,818.0,820.0,821.0,842.0,870.0,897.0,911.0,925.0,951.0,963.0,986.0,
20.0,25.0,29.0,61.0,87.0,138.0,138.0,140.0,141.0,150.0,154.0,154.0,167.0,196.0,229.0,231.0,250.0,313.0,339.0,403.0,413.0,416.0,422.0,475.0,584.0,588.0,613.0,623.0,632.0,683.0,690.0,725.0,735.0,752.0,805.0,808.0,808.0,814.0,818.0,828.0,830.0,833.0,833.0,845.0,862.0,880.0,885.0,939.0,957.0,
7.0,53.0,74.0,83.0,117.0,123.0,124.0,136.0,164.0,191.0,206.0,217.0,244.0,278.0,286.0,310.0,322.0,346.0,352.0,374.0,377.0,384.0,395.0,416.0,520.0,527.0,558.0,559.0,560.0,602.0,667.0,670.0,680.0,709.0,732.0,734.0,768.0,808.0,862.0,869.0,883.0,885.0,889.0,901.0,925.0,945.0,993.0,
4.0,5.0,49.0,88.0,126.0,146.0,150.0,167.0,234.0,261.0,270.0,276.0,309.0,323.0,327.0,348.0,444.0,457.0,494.0,577.0,595.0,606.0,606.0,627.0,737.0,738.0,760.0,765.0,782.0,843.0,843.0,882.0,884.0,955.0,959.0,966.0,980.0,
2.0,17.0,66.0,67.0,86.0,105.0,125.0,195.0,209.0,224.0,236.0,246.0,257.0,274.0,331.0,357.0,388.0,424.0,430.0,452.0,953.0,
2.0,25.0,38.0,45.0,51.0,68.0,109.0,112.0,130.0,135.0,165.0,178.0,186.0,326.0,329.0,333.0,364.0,385.0,418.0,448.0,
50.0,116.0,132.0,154.0,161.0,169.0,197.0,202.0,207.0,241.0,247.0,269.0,303.0,323.0,407.0,409.0,442.0,466.0,469.0,480.0,487.0,492.0,495.0,507.0,
84.0,127.0,172.0,196.0,207.0,228.0,233.0,321.0,342.0,428.0,452.0,
7.0,31.0,73.0,172.0,201.0,226.0,229.0,254.0,261.0,297.0,368.0,384.0,405.0,426.0,432.0,441.0,455.0,
5.0,111.0,129.0,149.0,184.0,192.0,227.0,235.0,252.0,279.0,342.0,346.0,356.0,360.0,364.0,375.0,391.0,451.0,478.0,491.0,652.0,711.0,723.0,778.0,807.0,818.0,840.0,856.0,864.0,885.0,907.0,960.0,966.0,972.0,
22.0,31.0,38.0,107.0,128.0,158.0,161.0,170.0,209.0,233.0,263.0,270.0,330.0,335.0,398.0,425.0,433.0,443.0,450.0,454.0,483.0,536.0,536.0,579.0,592.0,603.0,630.0,638.0,642.0,685.0,738.0,762.0,850.0,863.0,888.0,891.0,892.0,915.0,968.0,980.0,993.0,1000.0,
13.0,50.0,79.0,102.0,169.0,171.0,172.0,179.0,216.0,219.0,225.0,251.0,270.0,288.0,293.0,298.0,303.0,325.0,330.0,335.0,343.0,363.0,384.0,401.0,407.0,460.0,500.0,528.0,536.0,556.0,573.0,617.0,623.0,631.0,635.0,657.0,729.0,755.0,794.0,800.0,869.0,877.0,885.0,950.0,953.0,970.0,983.0,
30.0,57.0,111.0,120.0,154.0,163.0,169.0,187.0,212.0,238.0,279.0,280.0,364.0,428.0,445.0,461.0,480.0,493.0,537.0,566.0,580.0,606.0,648.0,650.0,650.0,670.0,677.0,706.0,715.0,768.0,774.0,858.0,949.0,960.0,972.0,978.0,
28.0,79.0,237.0,248.0,266.0,368.0,417.0,442.0,461.0,512.0,533.0,559.0,582.0,601.0,610.0,615.0,619.0,639.0,651.0,674.0,680.0,680.0,692.0,695.0,706.0,716.0,720.0,744.0,773.0,774.0,780.0,805.0,824.0,864.0,866.0,894.0,901.0,926.0,930.0,931.0,946.0,973.0,990.0,991.0,995.0,
13.0,41.0,57.0,194.0,265.0,268.0,281.0,333.0,351.0,391.0,394.0,413.0,428.0,439.0,449.0,540.0,605.0,617.0,632.0,651.0,686.0,703.0,709.0,758.0,843.0,846.0,854.0,867.0,888.0,914.0,928.0,938.0,947.0,969.0,
13.0,37.0,57.0,68.0,89.0,113.0,115.0,178.0,200.0,204.0,252.0,274.0,404.0,452.0,459.0,469.0,497.0,632.0,665.0,801.0,829.0,831.0,852.0,878.0,886.0,916.0,
35.0,93.0,121.0,129.0,190.0,198.0,202.0,205.0,225.0,226.0,231.0,234.0,269.0,272.0,276.0,279.0,312.0,312.0,331.0,333.0,462.0,685.0,762.0,770.0,893.0,928.0,975.0,989.0,
4.0,9.0,27.0,50.0,64.0,98.0,102.0,105.0,157.0,168.0,221.0,387.0,388.0,424.0,436.0,490.0,664.0,736.0,753.0,761.0,849.0,852.0,870.0,918.0,935.0,969.0,984.0,994.0,
17.0,20.0,35.0,40.0,67.0,110.0,128.0,152.0,164.0,169.0,182.0,184.0,223.0,230.0,250.0,269.0,277.0,307.0,316.0,379.0,404.0,490.0,507.0,605.0,619.0,624.0,626.0,636.0,683.0,702.0,720.0,732.0,737.0,742.0,765.0,783.0,826.0,841.0,867.0,872.0,929.0,942.0,960.0,
21.0,59.0,61.0,83.0,84.0,227.0,231.0,275.0,436.0,436.0,487.0,513.0,566.0,596.0,636.0,676.0,691.0,693.0,702.0,703.0,704.0,722.0,725.0,759.0,759.0,787.0,848.0,893.0,937.0,940.0,962.0,966.0,977.0,
139.0,145.0,184.0,205.0,217.0,250.0,257.0,289.0,290.0,309.0,322.0,330.0,365.0,393.0,393.0,396.0,416.0,419.0,443.0,538.0,550.0,616.0,652.0,658.0,690.0,705.0,720.0,737.0,745.0,750.0,760.0,763.0,768.0,821.0,832.0,858.0,858.0,869.0,942.0,964.0,994.0,
