17.0,121.0,122.0,143.0,144.0,239.0,266.0,366.0,401.0,407.0,412.0,442.0,478.0,492.0,493.0,533.0,605.0,608.0,661.0,664.0,669.0,669.0,681.0,697.0,746.0,775.0,784.0,834.0,853.0,939.0,946.0,946.0,966.0,974.0,977.0,
2.0,20.0,58.0,101.0,119.0,122.0,137.0,173.0,256.0,258.0,289.0,295.0,304.0,330.0,339.0,345.0,388.0,407.0,504.0,532.0,546.0,559.0,579.0,587.0,600.0,601.0,601.0,637.0,689.0,746.0,760.0,813.0,840.0,876.0,892.0,901.0,989.0,999.0,
7.0,12.0,77.0,95.0,126.0,157.0,176.0,186.0,189.0,199.0,224.0,230.0,255.0,292.0,366.0,401.0,430.0,455.0,463.0,492.0,530.0,616.0,701.0,746.0,761.0,774.0,796.0,819.0,828.0,834.0,843.0,859.0,886.0,918.0,961.0,997.0,
17.0,43.0,48.0,95.0,100.0,199.0,259.0,289.0,306.0,346.0,349.0,404.0,415.0,444.0,476.0,479.0,493.0,503.0,536.0,574.0,583.0,639.0,643.0,655.0,661.0,681.0,705.0,734.0,735.0,790.0,818.0,820.0,843.0,925.0,927.0,975.0,
97.0,104.0,134.0,186.0,190.0,246.0,282.0,296.0,323.0,360.0,367.0,369.0,371.0,384.0,391.0,422.0,423.0,449.0,466.0,468.0,531.0,611.0,633.0,633.0,647.0,662.0,683.0,696.0,716.0,722.0,726.0,738.0,823.0,829.0,846.0,881.0,950.0,
35.0,47.0,52.0,81.0,88.0,102.0,106.0,123.0,124.0,142.0,173.0,185.0,186.0,200.0,216.0,270.0,281.0,412.0,421.0,440.0,449.0,456.0,470.0,482.0,523.0,570.0,576.0,592.0,622.0,629.0,639.0,654.0,672.0,702.0,712.0,720.0,741.0,772.0,784.0,791.0,795.0,804.0,877.0,879.0,902.0,912.0,914.0,938.0,962.0,969.0,
4.0,26.0,39.0,46.0,94.0,102.0,105.0,109.0,146.0,177.0,180.0,181.0,245.0,254.0,281.0,285.0,298.0,333.0,335.0,340.0,364.0,469.0,507.0,537.0,539.0,563.0,577.0,607.0,630.0,695.0,714.0,716.0,776.0,791.0,836.0,848.0,852.0,866.0,867.0,876.0,950.0,958.0,
8.0,49.0,87.0,104.0,116.0,139.0,148.0,150.0,184.0,197.0,228.0,257.0,264.0,308.0,313.0,331.0,337.0,462.0,462.0,464.0,500.0,533.0,544.0,581.0,588.0,601.0,631.0,650.0,667.0,695.0,715.0,828.0,859.0,875.0,877.0,937.0,972.0,993.0,
31.0,46.0,53.0,76.0,113.0,125.0,155.0,166.0,168.0,170.0,170.0,183.0,227.0,270.0,285.0,313.0,321.0,354.0,377.0,382.0,410.0,447.0,457.0,512.0,537.0,575.0,579.0,614.0,655.0,664.0,677.0,709.0,710.0,715.0,720.0,725.0,740.0,746.0,755.0,854.0,859.0,879.0,938.0,941.0,987.0,
45.0,48.0,97.0,168.0,227.0,256.0,260.0,264.0,286.0,312.0,333.0,393.0,434.0,440.0,450.0,463.0,472.0,485.0,496.0,511.0,536.0,555.0,560.0,586.0,654.0,678.0,709.0,715.0,736.0,758.0,808.0,822.0,839.0,842.0,884.0,899.0,902.0,938.0,951.0,959.0,979.0,981.0,
2.0,32.0,59.0,80.0,114.0,129.0,196.0,313.0,341.0,347.0,352.0,358.0,359.0,364.0,364.0,379.0,395.0,458.0,475.0,591.0,635.0,638.0,664.0,690.0,701.0,707.0,712.0,726.0,745.0,814.0,815.0,850.0,851.0,871.0,894.0,908.0,970.0,
9.0,10.0,23.0,52.0,62.0,86.0,123.0,176.0,325.0,372.0,398.0,418.0,426.0,436.0,482.0,483.0,496.0,502.0,508.0,529.0,557.0,607.0,631.0,657.0,718.0,823.0,877.0,917.0,
17.0,28.0,57.0,75.0,97.0,151.0,171.0,173.0,217.0,248.0,250.0,254.0,319.0,340.0,343.0,356.0,374.0,393.0,394.0,401.0,444.0,456.0,473.0,480.0,514.0,536.0,563.0,578.0,598.0,601.0,635.0,636.0,690.0,695.0,754.0,767.0,828.0,838.0,839.0,847.0,866.0,914.0,936.0,967.0,978.0,984.0,988.0,988.0,988.0,
24.0,47.0,87.0,115.0,120.0,130.0,177.0,183.0,207.0,257.0,259.0,279.0,401.0,409.0,413.0,493.0,511.0,531.0,535.0,634.0,681.0,752.0,754.0,763.0,771.0,804.0,831.0,831.0,832.0,839.0,850.0,866.0,879.0,885.0,915.0,924.0,928.0,938.0,968.0,982.0,
45.0,59.0,83.0,99.0,131.0,174.0,200.0,207.0,217.0,238.0,468.0,472.0,472.0,491.0,514.0,558.0,567.0,578.0,617.0,660.0,734.0,798.0,825.0,827.0,845.0,883.0,884.0,889.0,908.0,932.0,959.0,961.0,975.0,992.0,992.0,992.0,
52.0,106.0,112.0,112.0,141.0,225.0,241.0,263.0,282.0,291.0,296.0,359.0,378.0,383.0,401.0,421.0,441.0,454.0,480.0,497.0,510.0,519.0,562.0,636.0,648.0,654.0,659.0,687.0,690.0,699.0,710.0,723.0,730.0,736.0,766.0,806.0,825.0,840.0,859.0,860.0,868.0,881.0,937.0,940.0,960.0,974.0,990.0,993.0,994.0,998.0,999.0,
6.0,65.0,77.0,82.0,89.0,147.0,197.0,230.0,230.0,239.0,256.0,320.0,342.0,343.0,355.0,367.0,385.0,399.0,417.0,433.0,454.0,455.0,498.0,513.0,514.0,526.0,526.0,550.0,581.0,614.0,671.0,701.0,716.0,831.0,859.0,890.0,919.0,934.0,941.0,952.0,966.0,970.0,978.0,997.0,
4.0,57.0,62.0,75.0,76.0,95.0,164.0,186.0,188.0,208.0,208.0,211.0,224.0,266.0,308.0,355.0,371.0,407.0,409.0,423.0,437.0,438.0,440.0,443.0,506.0,526.0,566.0,572.0,588.0,609.0,609.0,634.0,673.0,689.0,715.0,718.0,753.0,773.0,777.0,795.0,806.0,807.0,816.0,897.0,924.0,935.0,949.0,967.0,
25.0,30.0,68.0,90.0,144.0,297.0,309.0,340.0,411.0,503.0,527.0,529.0,551.0,558.0,573.0,574.0,589.0,619.0,638.0,658.0,663.0,744.0,769.0,772.0,785.0,786.0,803.0,803.0,836.0,920.0,934.0,941.0,
14.0,15.0,18.0,92.0,259.0,261.0,354.0,365.0,367.0,402.0,414.0,423.0,456.0,463.0,530.0,556.0,585.0,649.0,673.0,686.0,694.0,715.0,716.0,751.0,867.0,872.0,874.0,970.0,997.0,
22.0,30.0,59.0,62.0,79.0,127.0,128.0,187.0,196.0,247.0,282.0,305.0,307.0,318.0,369.0,370.0,371.0,378.0,385.0,393.0,414.0,485.0,529.0,575.0,597.0,603.0,607.0,650.0,713.0,726.0,740.0,756.0,763.0,786.0,843.0,918.0,975.0,
14.0,34.0,43.0,96.0,99.0,113.0,161.0,161.0,169.0,170.0,192.0,204.0,241.0,256.0,266.0,300.0,337.0,348.0,351.0,372.0,408.0,458.0,483.0,498.0,506.0,513.0,518.0,535.0,573.0,587.0,649.0,664.0,667.0,669.0,671.0,678.0,710.0,727.0,729.0,761.0,779.0,797.0,819.0,821.0,829.0,860.0,887.0,889.0,939.0,976.0,
72.0,74.0,151.0,153.0,159.0,165.0,182.0,192.0,220.0,225.0,287.0,300.0,303.0,330.0,360.0,403.0,411.0,437.0,443.0,462.0,515.0,526.0,547.0,550.0,565.0,581.0,661.0,671.0,676.0,704.0,715.0,719.0,746.0,773.0,780.0,781.0,790.0,792.0,823.0,831.0,867.0,907.0,950.0,955.0,959.0,
16.0,29.0,33.0,82.0,118.0,197.0,222.0,234.0,265.0,310.0,378.0,389.0,389.0,408.0,409.0,464.0,476.0,489.0,495.0,613.0,617.0,630.0,641.0,771.0,797.0,819.0,827.0,844.0,868.0,871.0,956.0,964.0,
11.0,45.0,71.0,77.0,81.0,105.0,145.0,169.0,181.0,226.0,245.0,304.0,314.0,381.0,387.0,448.0,464.0,477.0,773.0,943.0,959.0,960.0,970.0,973.0,990.0,998.0,
17.0,65.0,67.0,226.0,237.0,269.0,323.0,380.0,387.0,393.0,414.0,450.0,483.0,945.0,
48.0,57.0,112.0,139.0,149.0,165.0,170.0,194.0,207.0,241.0,255.0,273.0,301.0,332.0,342.0,380.0,447.0,468.0,478.0,749.0,953.0,980.0,
100.0,111.0,127.0,147.0,153.0,156.0,161.0,174.0,203.0,220.0,233.0,273.0,278.0,297.0,426.0,465.0,512.0,581.0,593.0,618.0,647.0,662.0,672.0,681.0,690.0,696.0,717.0,737.0,767.0,787.0,805.0,808.0,837.0,847.0,856.0,962.0,
83.0,90.0,104.0,118.0,137.0,153.0,153.0,178.0,190.0,191.0,195.0,229.0,247.0,274.0,325.0,368.0,387.0,392.0,467.0,487.0,528.0,529.0,534.0,577.0,600.0,609.0,659.0,659.0,662.0,670.0,726.0,738.0,742.0,746.0,783.0,798.0,815.0,835.0,850.0,853.0,934.0,953.0,964.0,969.0,990.0,993.0,994.0,
61.0,177.0,189.0,203.0,204.0,207.0,209.0,230.0,231.0,326.0,390.0,391.0,409.0,417.0,422.0,453.0,475.0,494.0,496.0,535.0,541.0,544.0,549.0,556.0,613.0,617.0,646.0,648.0,651.0,672.0,684.0,728.0,737.0,785.0,830.0,855.0,863.0,894.0,898.0,923.0,944.0,956.0,958.0,968.0,970.0,993.0,
89.0,126.0,263.0,277.0,289.0,293.0,296.0,334.0,337.0,341.0,358.0,361.0,379.0,452.0,454.0,465.0,503.0,505.0,507.0,630.0,669.0,697.0,767.0,778.0,784.0,849.0,916.0,967.0,974.0,
2.0,18.0,165.0,193.0,239.0,275.0,327.0,355.0,374.0,392.0,394.0,446.0,454.0,460.0,468.0,474.0,552.0,566.0,575.0,598.0,603.0,637.0,646.0,704.0,747.0,748.0,777.0,780.0,844.0,886.0,891.0,892.0,906.0,938.0,956.0,968.0,986.0,
11.0,15.0,37.0,64.0,72.0,90.0,90.0,94.0,95.0,109.0,129.0,150.0,160.0,162.0,170.0,174.0,201.0,220.0,248.0,255.0,377.0,381.0,396.0,401.0,430.0,451.0,490.0,505.0,599.0,669.0,671.0,687.0,697.0,752.0,755.0,773.0,782.0,811.0,841.0,881.0,923.0,937.0,948.0,
13.0,22.0,82.0,127.0,139.0,140.0,160.0,168.0,194.0,207.0,341.0,376.0,397.0,410.0,429.0,475.0,
42.0,56.0,59.0,78.0,84.0,93.0,162.0,162.0,221.0,285.0,312.0,346.0,381.0,428.0,495.0,
3.0,90.0,103.0,108.0,117.0,119.0,122.0,176.0,188.0,197.0,202.0,207.0,280.0,297.0,313.0,317.0,341.0,361.0,424.0,428.0,444.0,504.0,
24.0,40.0,106.0,158.0,160.0,232.0,322.0,329.0,353.0,356.0,364.0,370.0,384.0,385.0,390.0,402.0,491.0,
103.0,105.0,122.0,132.0,183.0,194.0,197.0,199.0,218.0,316.0,356.0,385.0,406.0,442.0,442.0,445.0,471.0,
52.0,59.0,77.0,160.0,205.0,264.0,296.0,296.0,326.0,334.0,351.0,352.0,451.0,481.0,489.0,493.0,563.0,580.0,597.0,662.0,672.0,715.0,716.0,726.0,781.0,873.0,890.0,909.0,943.0,964.0,991.0,995.0,
14.0,37.0,67.0,79.0,92.0,115.0,220.0,260.0,314.0,352.0,377.0,459.0,474.0,519.0,621.0,703.0,732.0,741.0,761.0,766.0,767.0,841.0,845.0,900.0,901.0,971.0,
51.0,118.0,133.0,136.0,140.0,143.0,149.0,212.0,230.0,238.0,305.0,348.0,348.0,364.0,398.0,425.0,446.0,462.0,590.0,617.0,636.0,657.0,670.0,697.0,705.0,738.0,739.0,743.0,749.0,753.0,810.0,812.0,815.0,833.0,860.0,887.0,933.0,943.0,976.0,
30.0,31.0,56.0,57.0,67.0,73.0,113.0,132.0,140.0,157.0,162.0,183.0,184.0,192.0,208.0,224.0,255.0,262.0,267.0,279.0,301.0,359.0,403.0,448.0,465.0,519.0,564.0,585.0,587.0,658.0,667.0,700.0,701.0,709.0,716.0,724.0,736.0,782.0,782.0,846.0,859.0,880.0,895.0,957.0,961.0,
105.0,153.0,170.0,191.0,193.0,234.0,250.0,310.0,350.0,350.0,385.0,389.0,410.0,413.0,416.0,441.0,445.0,447.0,462.0,886.0,
26.0,49.0,71.0,98.0,126.0,143.0,193.0,237.0,242.0,274.0,322.0,338.0,343.0,361.0,383.0,385.0,392.0,395.0,408.0,411.0,988.0,
3.0,235.0,271.0,329.0,344.0,359.0,373.0,388.0,406.0,420.0,424.0,448.0,450.0,466.0,503.0,508.0,778.0,911.0,
4.0,9.0,61.0,65.0,101.0,142.0,178.0,187.0,245.0,258.0,345.0,355.0,391.0,413.0,418.0,441.0,447.0,504.0,776.0,824.0,833.0,912.0,914.0,
140.0,161.0,178.0,214.0,264.0,363.0,389.0,456.0,481.0,799.0,846.0,971.0,
73.0,76.0,79.0,107.0,137.0,156.0,192.0,227.0,260.0,279.0,321.0,322.0,328.0,388.0,392.0,402.0,413.0,461.0,480.0,
147.0,198.0,236.0,247.0,287.0,301.0,306.0,341.0,342.0,464.0,475.0,475.0,733.0,774.0,970.0,
25.0,30.0,77.0,113.0,127.0,128.0,169.0,175.0,204.0,232.0,296.0,302.0,324.0,331.0,359.0,413.0,422.0,442.0,479.0,564.0,592.0,625.0,629.0,634.0,640.0,641.0,672.0,683.0,688.0,705.0,730.0,738.0,745.0,749.0,774.0,818.0,833.0,836.0,847.0,849.0,853.0,870.0,870.0,882.0,902.0,902.0,906.0,909.0,911.0,922.0,926.0,951.0,989.0,
13.0,43.0,56.0,110.0,111.0,120.0,146.0,179.0,204.0,254.0,272.0,303.0,325.0,352.0,401.0,414.0,433.0,450.0,468.0,484.0,587.0,593.0,600.0,609.0,612.0,619.0,642.0,676.0,678.0,689.0,720.0,739.0,740.0,745.0,761.0,827.0,907.0,908.0,946.0,970.0,973.0,982.0,
66.0,93.0,101.0,179.0,189.0,214.0,308.0,349.0,369.0,387.0,393.0,419.0,419.0,442.0,481.0,483.0,483.0,484.0,508.0,525.0,556.0,601.0,628.0,630.0,661.0,669.0,670.0,707.0,774.0,806.0,816.0,817.0,870.0,880.0,896.0,937.0,947.0,976.0,978.0,
10.0,62.0,68.0,68.0,99.0,130.0,225.0,264.0,265.0,273.0,280.0,294.0,367.0,385.0,394.0,452.0,459.0,463.0,894.0,
18.0,27.0,53.0,69.0,81.0,168.0,241.0,254.0,286.0,369.0,410.0,419.0,435.0,441.0,477.0,917.0,945.0,
9.0,19.0,48.0,63.0,77.0,141.0,155.0,221.0,249.0,278.0,371.0,381.0,389.0,427.0,463.0,726.0,856.0,865.0,951.0,
31.0,90.0,116.0,143.0,144.0,169.0,189.0,237.0,245.0,246.0,302.0,305.0,333.0,466.0,473.0,755.0,776.0,807.0,924.0,926.0,985.0,
2.0,5.0,20.0,24.0,55.0,116.0,120.0,182.0,188.0,302.0,357.0,437.0,449.0,459.0,459.0,787.0,852.0,877.0,880.0,934.0,964.0,
37.0,38.0,40.0,117.0,155.0,167.0,197.0,225.0,234.0,258.0,379.0,412.0,415.0,488.0,493.0,915.0,
2.0,3.0,18.0,57.0,66.0,75.0,87.0,87.0,88.0,106.0,232.0,282.0,282.0,316.0,326.0,370.0,387.0,391.0,407.0,447.0,448.0,453.0,470.0,485.0,499.0,939.0,
39.0,143.0,220.0,233.0,326.0,336.0,347.0,359.0,409.0,412.0,418.0,431.0,455.0,526.0,528.0,539.0,567.0,589.0,625.0,632.0,642.0,657.0,662.0,664.0,665.0,677.0,702.0,727.0,733.0,741.0,752.0,769.0,784.0,794.0,819.0,891.0,892.0,926.0,968.0,972.0,990.0,994.0,
3.0,64.0,72.0,89.0,90.0,135.0,177.0,268.0,334.0,336.0,360.0,394.0,415.0,484.0,496.0,551.0,664.0,673.0,714.0,738.0,772.0,837.0,838.0,862.0,865.0,869.0,874.0,932.0,943.0,952.0,961.0,961.0,970.0,
48.0,85.0,103.0,110.0,114.0,124.0,147.0,157.0,189.0,205.0,219.0,229.0,231.0,235.0,250.0,303.0,350.0,379.0,405.0,423.0,451.0,514.0,550.0,568.0,618.0,639.0,721.0,729.0,730.0,735.0,740.0,774.0,785.0,797.0,803.0,808.0,817.0,822.0,847.0,849.0,852.0,854.0,905.0,916.0,947.0,951.0,965.0,
44.0,50.0,81.0,118.0,172.0,213.0,231.0,256.0,267.0,297.0,313.0,313.0,314.0,338.0,349.0,358.0,378.0,405.0,464.0,807.0,922.0,
5.0,33.0,109.0,176.0,308.0,357.0,365.0,366.0,425.0,456.0,482.0,499.0,
34.0,36.0,56.0,76.0,87.0,93.0,99.0,202.0,214.0,215.0,236.0,276.0,277.0,285.0,410.0,427.0,431.0,443.0,462.0,473.0,851.0,860.0,986.0,
91.0,123.0,129.0,147.0,174.0,204.0,207.0,208.0,222.0,242.0,334.0,378.0,406.0,421.0,432.0,433.0,453.0,731.0,850.0,
54.0,61.0,84.0,118.0,126.0,183.0,217.0,223.0,285.0,304.0,320.0,335.0,358.0,435.0,447.0,450.0,481.0,498.0,773.0,809.0,841.0,936.0,969.0,
13.0,18.0,85.0,96.0,118.0,130.0,148.0,150.0,210.0,263.0,263.0,293.0,321.0,336.0,354.0,366.0,430.0,477.0,509.0,
62.0,106.0,128.0,132.0,142.0,161.0,162.0,203.0,251.0,274.0,345.0,485.0,487.0,510.0,894.0,919.0,
15.0,33.0,33.0,46.0,58.0,63.0,105.0,113.0,119.0,140.0,181.0,202.0,244.0,264.0,310.0,318.0,354.0,365.0,399.0,407.0,422.0,441.0,442.0,526.0,562.0,581.0,596.0,637.0,664.0,695.0,698.0,708.0,716.0,717.0,740.0,752.0,770.0,777.0,788.0,791.0,796.0,805.0,828.0,830.0,845.0,885.0,926.0,954.0,1000.0,
152.0,166.0,173.0,180.0,181.0,202.0,234.0,238.0,259.0,259.0,273.0,279.0,292.0,352.0,388.0,404.0,416.0,438.0,462.0,506.0,526.0,542.0,547.0,554.0,609.0,647.0,680.0,724.0,774.0,783.0,846.0,870.0,876.0,900.0,907.0,907.0,946.0,955.0,977.0,
17.0,18.0,45.0,164.0,204.0,221.0,263.0,283.0,283.0,298.0,319.0,360.0,397.0,402.0,433.0,446.0,481.0,513.0,546.0,559.0,576.0,604.0,638.0,659.0,659.0,663.0,675.0,698.0,705.0,719.0,763.0,777.0,782.0,798.0,803.0,841.0,868.0,869.0,884.0,902.0,916.0,937.0,957.0,987.0,989.0,
17.0,109.0,145.0,190.0,206.0,222.0,266.0,323.0,333.0,351.0,370.0,394.0,399.0,399.0,410.0,487.0,503.0,505.0,508.0,591.0,705.0,730.0,761.0,819.0,829.0,839.0,843.0,930.0,
40.0,102.0,179.0,198.0,209.0,210.0,220.0,304.0,344.0,414.0,449.0,459.0,462.0,495.0,499.0,
28.0,74.0,119.0,169.0,169.0,231.0,266.0,273.0,312.0,314.0,336.0,344.0,393.0,421.0,425.0,456.0,471.0,
3.0,19.0,42.0,101.0,115.0,162.0,253.0,297.0,320.0,340.0,348.0,407.0,442.0,457.0,489.0,490.0,
2.0,57.0,152.0,153.0,257.0,286.0,307.0,332.0,474.0,480.0,501.0,
79.0,98.0,163.0,181.0,196.0,223.0,229.0,242.0,282.0,284.0,295.0,338.0,362.0,426.0,451.0,451.0,500.0,501.0,508.0,
9.0,12.0,14.0,17.0,21.0,36.0,43.0,52.0,104.0,118.0,145.0,164.0,171.0,181.0,229.0,233.0,276.0,278.0,300.0,301.0,302.0,321.0,339.0,344.0,386.0,389.0,416.0,434.0,436.0,437.0,459.0,486.0,495.0,515.0,628.0,654.0,662.0,667.0,674.0,705.0,734.0,743.0,753.0,758.0,828.0,843.0,965.0,
4.0,29.0,56.0,73.0,92.0,106.0,128.0,148.0,159.0,160.0,179.0,185.0,208.0,227.0,232.0,305.0,320.0,331.0,336.0,350.0,369.0,382.0,409.0,435.0,494.0,500.0,512.0,553.0,566.0,587.0,600.0,603.0,605.0,727.0,740.0,829.0,837.0,860.0,864.0,866.0,870.0,884.0,935.0,970.0,
40.0,87.0,102.0,194.0,269.0,349.0,534.0,546.0,584.0,725.0,746.0,776.0,793.0,806.0,819.0,823.0,853.0,859.0,890.0,906.0,938.0,943.0,944.0,959.0,967.0,983.0,
111.0,144.0,162.0,180.0,217.0,229.0,231.0,321.0,333.0,367.0,438.0,467.0,529.0,537.0,585.0,617.0,628.0,631.0,647.0,668.0,671.0,677.0,685.0,695.0,712.0,730.0,796.0,835.0,837.0,843.0,928.0,935.0,966.0,
10.0,73.0,84.0,85.0,217.0,257.0,357.0,398.0,475.0,512.0,553.0,567.0,670.0,686.0,733.0,735.0,754.0,758.0,768.0,777.0,777.0,791.0,794.0,810.0,844.0,858.0,858.0,896.0,908.0,919.0,920.0,958.0,983.0,990.0,
51.0,71.0,98.0,153.0,223.0,223.0,263.0,334.0,335.0,343.0,366.0,418.0,452.0,485.0,642.0,659.0,659.0,666.0,691.0,723.0,759.0,764.0,798.0,802.0,825.0,854.0,862.0,875.0,879.0,902.0,920.0,927.0,938.0,
79.0,93.0,132.0,159.0,167.0,178.0,206.0,210.0,229.0,234.0,283.0,306.0,308.0,332.0,374.0,439.0,488.0,803.0,904.0,
54.0,59.0,73.0,103.0,174.0,190.0,222.0,244.0,271.0,377.0,399.0,401.0,421.0,453.0,459.0,917.0,952.0,
88.0,91.0,111.0,120.0,163.0,183.0,188.0,192.0,196.0,212.0,220.0,258.0,290.0,305.0,323.0,357.0,379.0,389.0,397.0,405.0,464.0,735.0,973.0,
59.0,60.0,72.0,81.0,148.0,153.0,177.0,215.0,259.0,320.0,334.0,342.0,354.0,367.0,383.0,467.0,486.0,498.0,502.0,600.0,614.0,663.0,666.0,718.0,780.0,872.0,886.0,899.0,997.0,
5.0,32.0,43.0,53.0,96.0,97.0,101.0,110.0,253.0,262.0,322.0,323.0,347.0,348.0,357.0,379.0,384.0,398.0,422.0,439.0,455.0,467.0,512.0,520.0,587.0,601.0,607.0,611.0,635.0,642.0,659.0,668.0,682.0,728.0,732.0,734.0,739.0,746.0,760.0,760.0,784.0,788.0,791.0,801.0,804.0,818.0,864.0,873.0,886.0,930.0,977.0,985.0,998.0,
14.0,61.0,92.0,156.0,174.0,193.0,283.0,299.0,341.0,350.0,389.0,393.0,441.0,488.0,517.0,541.0,577.0,581.0,587.0,597.0,620.0,626.0,631.0,665.0,676.0,712.0,741.0,743.0,749.0,751.0,752.0,781.0,793.0,834.0,914.0,925.0,959.0,
21.0,26.0,49.0,62.0,67.0,92.0,129.0,132.0,209.0,218.0,224.0,225.0,233.0,237.0,256.0,264.0,271.0,297.0,308.0,323.0,342.0,360.0,366.0,372.0,380.0,408.0,455.0,475.0,508.0,512.0,513.0,517.0,529.0,570.0,589.0,607.0,660.0,678.0,680.0,684.0,686.0,724.0,737.0,760.0,791.0,815.0,816.0,837.0,953.0,998.0,
16.0,44.0,90.0,106.0,112.0,112.0,129.0,135.0,136.0,153.0,163.0,204.0,264.0,305.0,316.0,361.0,399.0,424.0,430.0,458.0,519.0,527.0,558.0,584.0,637.0,692.0,718.0,744.0,786.0,840.0,848.0,877.0,896.0,905.0,905.0,911.0,917.0,941.0,990.0,
131.0,135.0,146.0,150.0,170.0,220.0,235.0,253.0,270.0,354.0,359.0,417.0,432.0,439.0,459.0,484.0,485.0,642.0,671.0,679.0,745.0,762.0,851.0,861.0,877.0,879.0,890.0,916.0,943.0,980.0,
27.0,32.0,38.0,71.0,100.0,112.0,115.0,139.0,158.0,169.0,231.0,242.0,302.0,380.0,398.0,407.0,423.0,447.0,463.0,497.0,514.0,532.0,596.0,626.0,633.0,656.0,664.0,691.0,703.0,722.0,742.0,777.0,780.0,792.0,805.0,806.0,816.0,907.0,909.0,945.0,952.0,979.0,999.0,
70.0,72.0,94.0,109.0,144.0,148.0,155.0,168.0,175.0,186.0,192.0,224.0,244.0,249.0,313.0,318.0,390.0,391.0,414.0,485.0,491.0,496.0,521.0,537.0,555.0,579.0,589.0,602.0,609.0,638.0,651.0,695.0,698.0,724.0,779.0,796.0,813.0,846.0,890.0,890.0,890.0,923.0,942.0,958.0,966.0,992.0,
16.0,97.0,130.0,151.0,182.0,186.0,192.0,194.0,203.0,208.0,223.0,231.0,231.0,234.0,257.0,278.0,278.0,296.0,303.0,309.0,313.0,374.0,467.0,475.0,505.0,515.0,536.0,538.0,561.0,568.0,569.0,576.0,583.0,608.0,614.0,617.0,628.0,644.0,683.0,684.0,714.0,723.0,751.0,753.0,755.0,756.0,784.0,864.0,871.0,890.0,896.0,906.0,925.0,932.0,947.0,952.0,973.0,992.0,995.0,
5.0,49.0,53.0,53.0,81.0,87.0,95.0,122.0,142.0,149.0,202.0,207.0,210.0,210.0,224.0,229.0,245.0,245.0,268.0,289.0,323.0,366.0,377.0,383.0,465.0,465.0,468.0,479.0,517.0,556.0,575.0,622.0,632.0,651.0,659.0,670.0,685.0,712.0,722.0,784.0,802.0,802.0,813.0,847.0,878.0,925.0,950.0,955.0,958.0,977.0,
4.0,15.0,33.0,65.0,66.0,92.0,98.0,149.0,179.0,197.0,213.0,223.0,228.0,291.0,306.0,354.0,364.0,368.0,383.0,430.0,467.0,495.0,510.0,542.0,603.0,610.0,616.0,620.0,626.0,632.0,689.0,747.0,757.0,763.0,769.0,806.0,812.0,841.0,845.0,857.0,859.0,862.0,867.0,870.0,897.0,911.0,918.0,920.0,929.0,936.0,1000.0,
29.0,108.0,108.0,124.0,168.0,202.0,216.0,229.0,285.0,299.0,341.0,390.0,417.0,419.0,442.0,444.0,445.0,446.0,487.0,512.0,519.0,521.0,539.0,545.0,562.0,588.0,613.0,678.0,722.0,776.0,781.0,789.0,816.0,832.0,847.0,856.0,934.0,976.0,
87.0,166.0,197.0,206.0,207.0,223.0,236.0,242.0,273.0,291.0,410.0,431.0,435.0,438.0,442.0,497.0,501.0,628.0,643.0,675.0,681.0,694.0,696.0,705.0,738.0,772.0,811.0,859.0,863.0,886.0,899.0,930.0,962.0,986.0,994.0,
