12.0,78.0,91.0,98.0,101.0,115.0,117.0,118.0,129.0,133.0,177.0,231.0,234.0,241.0,251.0,344.0,420.0,441.0,452.0,476.0,506.0,525.0,550.0,556.0,599.0,602.0,650.0,651.0,681.0,708.0,716.0,736.0,745.0,764.0,772.0,798.0,806.0,807.0,845.0,849.0,881.0,934.0,964.0,
7.0,7.0,28.0,32.0,55.0,56.0,92.0,125.0,181.0,214.0,224.0,285.0,313.0,316.0,322.0,340.0,344.0,353.0,364.0,370.0,390.0,425.0,456.0,485.0,497.0,500.0,560.0,566.0,586.0,597.0,604.0,606.0,608.0,620.0,634.0,697.0,771.0,776.0,804.0,861.0,871.0,936.0,944.0,958.0,963.0,987.0,
43.0,59.0,105.0,140.0,151.0,153.0,181.0,225.0,287.0,300.0,327.0,346.0,389.0,431.0,433.0,562.0,578.0,591.0,613.0,616.0,648.0,677.0,689.0,738.0,793.0,816.0,823.0,908.0,932.0,944.0,952.0,955.0,986.0,995.0,997.0,
11.0,13.0,66.0,69.0,92.0,115.0,144.0,187.0,212.0,219.0,287.0,305.0,338.0,436.0,541.0,546.0,556.0,566.0,586.0,637.0,655.0,690.0,754.0,769.0,823.0,850.0,873.0,880.0,881.0,883.0,904.0,921.0,934.0,939.0,942.0,965.0,981.0,
40.0,41.0,60.0,64.0,86.0,118.0,128.0,191.0,239.0,442.0,455.0,469.0,478.0,498.0,538.0,562.0,627.0,635.0,684.0,741.0,741.0,749.0,754.0,766.0,810.0,843.0,951.0,951.0,969.0,
141.0,146.0,164.0,188.0,191.0,194.0,194.0,243.0,254.0,326.0,366.0,395.0,425.0,436.0,478.0,496.0,505.0,547.0,632.0,635.0,644.0,710.0,719.0,723.0,739.0,751.0,763.0,792.0,823.0,892.0,904.0,906.0,911.0,913.0,938.0,973.0,987.0,
35.0,40.0,40.0,46.0,61.0,66.0,100.0,101.0,120.0,201.0,209.0,337.0,381.0,384.0,430.0,448.0,461.0,463.0,463.0,480.0,496.0,550.0,589.0,601.0,630.0,657.0,663.0,664.0,723.0,736.0,738.0,806.0,838.0,861.0,932.0,940.0,943.0,971.0,980.0,983.0,1000.0,
75.0,83.0,105.0,106.0,133.0,151.0,160.0,184.0,223.0,228.0,380.0,399.0,408.0,477.0,508.0,522.0,541.0,554.0,617.0,645.0,673.0,689.0,691.0,750.0,757.0,761.0,766.0,774.0,803.0,845.0,863.0,887.0,894.0,924.0,
22.0,28.0,48.0,122.0,137.0,157.0,161.0,215.0,227.0,240.0,249.0,286.0,305.0,315.0,338.0,339.0,342.0,358.0,381.0,396.0,397.0,426.0,436.0,440.0,451.0,472.0,491.0,551.0,581.0,592.0,617.0,620.0,628.0,706.0,741.0,767.0,777.0,832.0,857.0,877.0,898.0,922.0,955.0,956.0,959.0,972.0,977.0,
108.0,161.0,194.0,204.0,205.0,226.0,272.0,295.0,308.0,344.0,346.0,349.0,362.0,379.0,380.0,449.0,509.0,550.0,595.0,605.0,620.0,665.0,710.0,790.0,839.0,843.0,845.0,865.0,891.0,920.0,946.0,
20.0,61.0,67.0,77.0,80.0,102.0,152.0,164.0,210.0,214.0,234.0,246.0,317.0,331.0,358.0,360.0,377.0,417.0,473.0,515.0,516.0,550.0,559.0,579.0,636.0,645.0,652.0,656.0,662.0,672.0,684.0,715.0,742.0,778.0,787.0,809.0,912.0,927.0,970.0,977.0,
29.0,32.0,38.0,86.0,121.0,188.0,190.0,253.0,261.0,274.0,300.0,303.0,347.0,415.0,429.0,432.0,449.0,620.0,631.0,647.0,655.0,669.0,673.0,783.0,820.0,851.0,873.0,882.0,902.0,934.0,966.0,986.0,
201.0,225.0,253.0,258.0,297.0,406.0,429.0,454.0,511.0,520.0,522.0,559.0,566.0,585.0,608.0,611.0,612.0,616.0,644.0,646.0,648.0,650.0,652.0,681.0,714.0,718.0,725.0,731.0,775.0,807.0,880.0,931.0,987.0,987.0,991.0,
55.0,88.0,115.0,132.0,166.0,172.0,174.0,200.0,201.0,236.0,287.0,310.0,316.0,336.0,338.0,365.0,389.0,406.0,442.0,443.0,493.0,526.0,533.0,538.0,541.0,560.0,566.0,570.0,607.0,667.0,754.0,796.0,805.0,807.0,901.0,912.0,938.0,950.0,
49.0,72.0,177.0,181.0,196.0,246.0,262.0,295.0,302.0,306.0,312.0,314.0,316.0,326.0,332.0,340.0,382.0,385.0,386.0,434.0,438.0,470.0,481.0,503.0,509.0,555.0,596.0,601.0,648.0,670.0,670.0,722.0,739.0,747.0,752.0,755.0,791.0,845.0,902.0,903.0,905.0,958.0,1000.0,
63.0,88.0,155.0,168.0,175.0,221.0,221.0,276.0,293.0,320.0,387.0,420.0,430.0,447.0,476.0,506.0,511.0,512.0,514.0,516.0,532.0,566.0,581.0,590.0,597.0,598.0,602.0,647.0,659.0,668.0,678.0,697.0,753.0,851.0,859.0,878.0,937.0,947.0,961.0,984.0,995.0,
44.0,76.0,90.0,107.0,111.0,112.0,120.0,136.0,140.0,161.0,175.0,263.0,269.0,319.0,332.0,395.0,406.0,422.0,422.0,425.0,458.0,469.0,492.0,551.0,552.0,591.0,682.0,705.0,714.0,758.0,759.0,761.0,833.0,871.0,873.0,911.0,913.0,968.0,978.0,980.0,
47.0,55.0,81.0,87.0,104.0,117.0,140.0,156.0,166.0,243.0,248.0,259.0,273.0,302.0,331.0,341.0,362.0,389.0,403.0,403.0,410.0,415.0,437.0,485.0,596.0,614.0,621.0,647.0,656.0,694.0,719.0,720.0,775.0,818.0,822.0,827.0,840.0,845.0,890.0,902.0,906.0,910.0,922.0,973.0,985.0,987.0,
4.0,17.0,50.0,95.0,179.0,223.0,231.0,248.0,255.0,365.0,372.0,397.0,444.0,448.0,454.0,472.0,552.0,587.0,587.0,589.0,702.0,717.0,726.0,740.0,756.0,863.0,900.0,912.0,923.0,965.0,985.0,
6.0,35.0,46.0,53.0,112.0,134.0,162.0,193.0,211.0,317.0,324.0,342.0,353.0,396.0,446.0,486.0,508.0,512.0,521.0,589.0,620.0,639.0,706.0,722.0,725.0,744.0,818.0,828.0,863.0,866.0,866.0,874.0,889.0,910.0,915.0,927.0,932.0,933.0,941.0,993.0,
4.0,12.0,12.0,19.0,43.0,109.0,161.0,165.0,277.0,291.0,319.0,367.0,385.0,482.0,484.0,522.0,528.0,533.0,538.0,541.0,569.0,613.0,618.0,633.0,684.0,761.0,788.0,812.0,860.0,867.0,957.0,
30.0,45.0,61.0,64.0,93.0,96.0,97.0,197.0,274.0,311.0,369.0,390.0,461.0,466.0,472.0,491.0,524.0,594.0,642.0,662.0,703.0,791.0,796.0,856.0,878.0,895.0,
32.0,57.0,106.0,165.0,178.0,210.0,275.0,289.0,311.0,347.0,359.0,371.0,407.0,420.0,425.0,436.0,446.0,467.0,520.0,563.0,619.0,639.0,679.0,699.0,701.0,704.0,708.0,750.0,782.0,800.0,812.0,837.0,849.0,869.0,875.0,905.0,915.0,943.0,970.0,
34.0,70.0,77.0,81.0,228.0,301.0,434.0,463.0,501.0,519.0,561.0,582.0,587.0,595.0,641.0,716.0,729.0,736.0,779.0,788.0,806.0,813.0,816.0,888.0,938.0,996.0,
39.0,40.0,74.0,76.0,100.0,131.0,155.0,163.0,170.0,183.0,212.0,227.0,230.0,274.0,297.0,301.0,311.0,321.0,323.0,334.0,393.0,402.0,432.0,450.0,457.0,512.0,535.0,584.0,600.0,604.0,605.0,626.0,638.0,653.0,659.0,709.0,725.0,730.0,734.0,766.0,898.0,909.0,926.0,950.0,987.0,
6.0,17.0,25.0,100.0,124.0,154.0,161.0,200.0,216.0,216.0,242.0,253.0,257.0,271.0,307.0,319.0,357.0,432.0,459.0,465.0,477.0,478.0,489.0,510.0,526.0,540.0,562.0,569.0,577.0,646.0,649.0,679.0,700.0,854.0,858.0,888.0,888.0,890.0,916.0,920.0,922.0,933.0,962.0,973.0,994.0,
28.0,63.0,92.0,131.0,164.0,167.0,192.0,207.0,242.0,296.0,364.0,388.0,412.0,414.0,471.0,527.0,537.0,553.0,581.0,584.0,631.0,633.0,682.0,729.0,734.0,768.0,807.0,814.0,867.0,869.0,895.0,916.0,938.0,972.0,976.0,991.0,
9.0,14.0,79.0,105.0,116.0,140.0,207.0,221.0,222.0,223.0,238.0,298.0,300.0,300.0,302.0,345.0,358.0,388.0,423.0,460.0,463.0,492.0,514.0,544.0,550.0,562.0,593.0,642.0,652.0,667.0,732.0,743.0,779.0,785.0,840.0,932.0,934.0,989.0,994.0,
6.0,15.0,96.0,99.0,112.0,161.0,181.0,229.0,295.0,326.0,445.0,450.0,478.0,481.0,503.0,544.0,556.0,561.0,574.0,574.0,579.0,586.0,640.0,661.0,664.0,673.0,681.0,710.0,716.0,779.0,901.0,903.0,909.0,914.0,969.0,975.0,
7.0,59.0,138.0,167.0,184.0,211.0,254.0,307.0,319.0,386.0,391.0,412.0,461.0,483.0,493.0,495.0,501.0,570.0,573.0,625.0,642.0,661.0,705.0,735.0,787.0,799.0,868.0,902.0,945.0,955.0,961.0,
9.0,94.0,107.0,265.0,276.0,313.0,329.0,339.0,352.0,356.0,400.0,402.0,405.0,477.0,492.0,514.0,600.0,605.0,606.0,637.0,682.0,703.0,731.0,741.0,793.0,795.0,812.0,831.0,927.0,983.0,
12.0,21.0,105.0,205.0,299.0,321.0,362.0,382.0,419.0,424.0,469.0,492.0,496.0,501.0,537.0,540.0,545.0,569.0,799.0,832.0,858.0,865.0,871.0,889.0,898.0,911.0,917.0,923.0,936.0,945.0,991.0,991.0,
3.0,29.0,36.0,43.0,76.0,114.0,165.0,166.0,191.0,200.0,249.0,276.0,280.0,302.0,328.0,343.0,349.0,375.0,377.0,381.0,387.0,456.0,467.0,491.0,507.0,508.0,510.0,536.0,542.0,546.0,569.0,582.0,591.0,654.0,679.0,684.0,697.0,745.0,758.0,878.0,895.0,909.0,936.0,
78.0,82.0,153.0,255.0,265.0,272.0,323.0,377.0,400.0,401.0,429.0,439.0,472.0,508.0,577.0,607.0,633.0,663.0,704.0,713.0,713.0,728.0,824.0,848.0,904.0,934.0,957.0,974.0,980.0,
6.0,16.0,24.0,34.0,42.0,174.0,195.0,209.0,225.0,244.0,258.0,278.0,300.0,383.0,415.0,437.0,450.0,473.0,477.0,546.0,552.0,574.0,612.0,612.0,614.0,618.0,640.0,662.0,673.0,706.0,717.0,825.0,859.0,914.0,934.0,953.0,994.0,995.0,
30.0,50.0,76.0,85.0,104.0,131.0,220.0,223.0,238.0,252.0,258.0,340.0,409.0,416.0,449.0,473.0,515.0,528.0,528.0,537.0,590.0,633.0,642.0,647.0,660.0,721.0,723.0,804.0,830.0,854.0,898.0,939.0,977.0,
21.0,22.0,118.0,122.0,144.0,158.0,196.0,210.0,288.0,314.0,318.0,367.0,369.0,373.0,377.0,389.0,451.0,453.0,495.0,496.0,518.0,580.0,607.0,631.0,633.0,651.0,679.0,694.0,697.0,714.0,738.0,748.0,752.0,786.0,802.0,814.0,844.0,859.0,868.0,872.0,887.0,928.0,981.0,
39.0,58.0,98.0,112.0,116.0,136.0,167.0,242.0,268.0,288.0,289.0,337.0,419.0,433.0,439.0,472.0,487.0,586.0,590.0,591.0,604.0,617.0,649.0,676.0,684.0,696.0,749.0,764.0,790.0,879.0,887.0,889.0,
73.0,86.0,90.0,193.0,251.0,303.0,342.0,395.0,405.0,463.0,482.0,489.0,493.0,605.0,607.0,622.0,635.0,701.0,714.0,760.0,788.0,790.0,835.0,896.0,941.0,979.0,989.0,
119.0,145.0,146.0,259.0,269.0,271.0,310.0,336.0,373.0,385.0,438.0,468.0,469.0,478.0,494.0,513.0,520.0,530.0,550.0,556.0,558.0,563.0,566.0,601.0,663.0,703.0,710.0,717.0,772.0,788.0,845.0,853.0,865.0,916.0,938.0,977.0,
53.0,62.0,77.0,79.0,108.0,112.0,162.0,173.0,245.0,252.0,413.0,421.0,456.0,465.0,482.0,529.0,560.0,563.0,615.0,629.0,635.0,652.0,667.0,688.0,735.0,757.0,779.0,791.0,836.0,859.0,882.0,902.0,903.0,929.0,941.0,973.0,986.0,
5.0,26.0,88.0,89.0,98.0,101.0,133.0,181.0,197.0,234.0,295.0,329.0,342.0,420.0,449.0,471.0,503.0,584.0,612.0,665.0,684.0,692.0,706.0,724.0,725.0,793.0,806.0,809.0,825.0,833.0,851.0,852.0,868.0,883.0,940.0,983.0,994.0,
11.0,11.0,16.0,21.0,32.0,40.0,95.0,119.0,136.0,141.0,144.0,152.0,181.0,182.0,194.0,195.0,231.0,258.0,289.0,386.0,427.0,441.0,483.0,530.0,570.0,585.0,670.0,673.0,675.0,796.0,852.0,867.0,898.0,898.0,961.0,1000.0,
76.0,110.0,124.0,139.0,159.0,167.0,235.0,258.0,259.0,311.0,313.0,314.0,351.0,352.0,359.0,395.0,404.0,411.0,413.0,431.0,435.0,455.0,472.0,478.0,517.0,518.0,520.0,583.0,609.0,612.0,647.0,675.0,719.0,761.0,775.0,787.0,819.0,831.0,874.0,877.0,889.0,921.0,959.0,990.0,
36.0,84.0,99.0,121.0,151.0,160.0,183.0,198.0,209.0,219.0,238.0,241.0,313.0,341.0,358.0,363.0,386.0,387.0,399.0,403.0,407.0,444.0,446.0,449.0,470.0,487.0,522.0,522.0,587.0,614.0,622.0,634.0,643.0,658.0,667.0,716.0,719.0,735.0,743.0,792.0,823.0,824.0,857.0,891.0,
11.0,103.0,178.0,201.0,286.0,328.0,336.0,399.0,505.0,513.0,524.0,527.0,550.0,591.0,677.0,691.0,708.0,715.0,870.0,880.0,903.0,913.0,914.0,948.0,954.0,957.0,970.0,980.0,994.0,1000.0,
21.0,172.0,178.0,183.0,185.0,205.0,210.0,226.0,260.0,283.0,298.0,312.0,330.0,378.0,429.0,535.0,569.0,614.0,642.0,657.0,662.0,676.0,707.0,728.0,730.0,753.0,758.0,800.0,824.0,851.0,852.0,855.0,868.0,880.0,885.0,915.0,921.0,932.0,937.0,947.0,953.0,969.0,970.0,981.0,986.0,
28.0,31.0,42.0,43.0,52.0,67.0,68.0,151.0,163.0,205.0,216.0,260.0,271.0,294.0,346.0,347.0,354.0,362.0,392.0,392.0,419.0,431.0,440.0,447.0,449.0,519.0,650.0,666.0,687.0,700.0,703.0,717.0,718.0,740.0,740.0,743.0,764.0,769.0,828.0,848.0,856.0,911.0,937.0,939.0,954.0,968.0,
74.0,153.0,170.0,192.0,250.0,270.0,316.0,331.0,334.0,381.0,415.0,426.0,428.0,438.0,444.0,481.0,483.0,518.0,540.0,543.0,571.0,731.0,737.0,807.0,811.0,812.0,897.0,915.0,919.0,932.0,964.0,972.0,986.0,
23.0,115.0,126.0,135.0,139.0,151.0,196.0,236.0,247.0,300.0,328.0,344.0,345.0,391.0,398.0,529.0,547.0,617.0,623.0,630.0,675.0,684.0,707.0,719.0,731.0,736.0,775.0,807.0,829.0,856.0,909.0,970.0,
14.0,70.0,82.0,84.0,92.0,114.0,118.0,125.0,167.0,191.0,304.0,323.0,333.0,364.0,402.0,413.0,431.0,476.0,505.0,518.0,557.0,568.0,603.0,635.0,639.0,675.0,731.0,760.0,817.0,820.0,829.0,846.0,946.0,966.0,967.0,988.0,997.0,
2.0,36.0,49.0,74.0,103.0,143.0,167.0,169.0,182.0,191.0,210.0,213.0,227.0,253.0,272.0,323.0,325.0,340.0,354.0,370.0,390.0,402.0,408.0,412.0,429.0,437.0,458.0,459.0,473.0,483.0,551.0,559.0,565.0,669.0,677.0,717.0,729.0,740.0,757.0,766.0,781.0,811.0,869.0,885.0,889.0,918.0,919.0,946.0,974.0,976.0,983.0,983.0,
37.0,39.0,61.0,66.0,69.0,69.0,144.0,153.0,179.0,204.0,205.0,210.0,214.0,236.0,240.0,279.0,315.0,481.0,588.0,605.0,658.0,679.0,741.0,785.0,803.0,806.0,809.0,822.0,843.0,868.0,876.0,880.0,912.0,925.0,926.0,983.0,987.0,
61.0,76.0,86.0,124.0,180.0,208.0,214.0,229.0,235.0,251.0,296.0,319.0,337.0,339.0,359.0,367.0,402.0,432.0,500.0,503.0,612.0,625.0,632.0,846.0,854.0,867.0,
32.0,39.0,71.0,126.0,142.0,148.0,156.0,196.0,205.0,209.0,285.0,379.0,387.0,398.0,444.0,488.0,490.0,508.0,521.0,531.0,537.0,587.0,599.0,608.0,615.0,659.0,725.0,795.0,813.0,860.0,891.0,957.0,973.0,997.0,999.0,
54.0,103.0,110.0,113.0,133.0,144.0,189.0,201.0,221.0,245.0,256.0,257.0,263.0,345.0,346.0,365.0,370.0,405.0,416.0,416.0,417.0,464.0,514.0,527.0,540.0,545.0,553.0,559.0,570.0,578.0,603.0,605.0,607.0,612.0,624.0,649.0,651.0,659.0,666.0,668.0,680.0,695.0,702.0,707.0,711.0,717.0,718.0,725.0,731.0,735.0,746.0,752.0,766.0,771.0,771.0,779.0,793.0,842.0,849.0,858.0,859.0,865.0,896.0,903.0,907.0,912.0,913.0,915.0,917.0,936.0,938.0,946.0,961.0,975.0,982.0,
14.0,30.0,50.0,52.0,75.0,122.0,126.0,137.0,139.0,182.0,193.0,216.0,229.0,234.0,262.0,263.0,284.0,330.0,351.0,360.0,406.0,483.0,499.0,516.0,525.0,557.0,572.0,576.0,578.0,579.0,614.0,650.0,701.0,704.0,726.0,809.0,810.0,828.0,834.0,875.0,901.0,929.0,942.0,951.0,990.0,
53.0,169.0,173.0,225.0,280.0,313.0,332.0,469.0,480.0,495.0,538.0,565.0,733.0,746.0,748.0,770.0,774.0,815.0,820.0,878.0,903.0,941.0,999.0,
40.0,66.0,83.0,109.0,163.0,177.0,188.0,192.0,223.0,242.0,247.0,285.0,319.0,367.0,378.0,394.0,417.0,426.0,460.0,462.0,574.0,579.0,595.0,609.0,625.0,654.0,666.0,686.0,706.0,707.0,709.0,712.0,753.0,793.0,855.0,966.0,
12.0,12.0,63.0,85.0,154.0,168.0,193.0,227.0,244.0,313.0,346.0,385.0,385.0,400.0,409.0,434.0,454.0,470.0,471.0,476.0,480.0,505.0,521.0,554.0,568.0,576.0,577.0,617.0,690.0,708.0,713.0,787.0,800.0,893.0,893.0,952.0,966.0,
9.0,22.0,63.0,108.0,120.0,129.0,150.0,155.0,161.0,174.0,186.0,193.0,195.0,250.0,261.0,299.0,323.0,348.0,372.0,389.0,433.0,435.0,437.0,450.0,501.0,552.0,556.0,588.0,601.0,611.0,622.0,633.0,671.0,683.0,684.0,725.0,733.0,745.0,763.0,785.0,792.0,817.0,861.0,870.0,883.0,939.0,954.0,964.0,985.0,997.0,
52.0,109.0,132.0,143.0,154.0,158.0,187.0,228.0,229.0,250.0,252.0,276.0,280.0,312.0,345.0,350.0,373.0,379.0,406.0,412.0,454.0,517.0,529.0,595.0,615.0,694.0,695.0,705.0,784.0,790.0,886.0,891.0,904.0,926.0,957.0,
32.0,39.0,49.0,50.0,53.0,57.0,60.0,76.0,82.0,96.0,114.0,116.0,170.0,197.0,226.0,240.0,244.0,281.0,303.0,314.0,327.0,340.0,424.0,425.0,472.0,479.0,533.0,558.0,565.0,568.0,575.0,600.0,638.0,643.0,686.0,695.0,723.0,740.0,759.0,760.0,762.0,788.0,808.0,812.0,839.0,970.0,983.0,984.0,
38.0,65.0,76.0,111.0,124.0,126.0,170.0,270.0,303.0,356.0,384.0,384.0,412.0,457.0,523.0,555.0,567.0,650.0,687.0,708.0,720.0,737.0,764.0,828.0,832.0,884.0,893.0,899.0,940.0,985.0,
41.0,55.0,168.0,186.0,226.0,311.0,313.0,322.0,326.0,444.0,484.0,487.0,635.0,660.0,661.0,756.0,822.0,822.0,905.0,911.0,951.0,
8.0,9.0,16.0,116.0,148.0,184.0,192.0,214.0,226.0,283.0,292.0,298.0,307.0,314.0,357.0,369.0,388.0,396.0,417.0,419.0,435.0,442.0,492.0,522.0,527.0,541.0,610.0,643.0,646.0,688.0,723.0,757.0,761.0,770.0,775.0,807.0,810.0,835.0,837.0,848.0,876.0,878.0,890.0,911.0,981.0,
16.0,60.0,63.0,70.0,95.0,96.0,105.0,111.0,146.0,147.0,152.0,201.0,232.0,232.0,275.0,304.0,352.0,387.0,412.0,480.0,487.0,493.0,507.0,563.0,581.0,598.0,616.0,618.0,643.0,655.0,739.0,744.0,795.0,804.0,825.0,832.0,837.0,842.0,862.0,908.0,909.0,914.0,
17.0,17.0,24.0,28.0,100.0,111.0,112.0,114.0,138.0,142.0,158.0,177.0,232.0,247.0,290.0,296.0,302.0,336.0,378.0,393.0,455.0,492.0,510.0,547.0,560.0,592.0,611.0,613.0,620.0,683.0,685.0,697.0,738.0,759.0,807.0,807.0,846.0,860.0,892.0,899.0,927.0,962.0,974.0,
18.0,122.0,169.0,184.0,306.0,319.0,326.0,357.0,437.0,439.0,439.0,451.0,473.0,477.0,566.0,568.0,572.0,585.0,631.0,645.0,694.0,710.0,720.0,728.0,758.0,762.0,775.0,800.0,810.0,822.0,860.0,872.0,939.0,956.0,971.0,975.0,
18.0,23.0,30.0,31.0,57.0,58.0,73.0,79.0,81.0,91.0,166.0,178.0,182.0,202.0,252.0,256.0,261.0,267.0,280.0,303.0,306.0,327.0,331.0,345.0,435.0,452.0,464.0,591.0,654.0,682.0,714.0,716.0,739.0,745.0,763.0,773.0,795.0,798.0,800.0,806.0,893.0,911.0,917.0,974.0,
10.0,105.0,133.0,181.0,217.0,228.0,259.0,359.0,364.0,404.0,416.0,474.0,678.0,682.0,743.0,772.0,904.0,937.0,976.0,
10.0,76.0,184.0,201.0,226.0,299.0,447.0,463.0,495.0,546.0,562.0,572.0,581.0,621.0,623.0,650.0,753.0,774.0,845.0,851.0,915.0,922.0,925.0,968.0,
21.0,116.0,118.0,124.0,127.0,150.0,152.0,155.0,176.0,181.0,221.0,228.0,257.0,267.0,282.0,293.0,323.0,334.0,348.0,371.0,376.0,385.0,397.0,407.0,410.0,414.0,421.0,442.0,501.0,527.0,537.0,578.0,596.0,671.0,676.0,677.0,681.0,714.0,723.0,761.0,830.0,830.0,836.0,851.0,866.0,887.0,981.0,995.0,
12.0,73.0,95.0,110.0,122.0,185.0,206.0,213.0,217.0,271.0,302.0,308.0,335.0,361.0,381.0,401.0,453.0,573.0,651.0,662.0,664.0,711.0,721.0,796.0,803.0,840.0,920.0,
102.0,109.0,194.0,216.0,230.0,287.0,300.0,303.0,311.0,322.0,327.0,353.0,372.0,412.0,422.0,469.0,480.0,524.0,577.0,578.0,580.0,635.0,672.0,673.0,722.0,788.0,793.0,800.0,818.0,821.0,854.0,914.0,955.0,998.0,
44.0,50.0,94.0,113.0,152.0,177.0,218.0,230.0,241.0,246.0,270.0,274.0,298.0,311.0,333.0,390.0,512.0,519.0,588.0,589.0,605.0,617.0,660.0,693.0,730.0,743.0,744.0,805.0,877.0,932.0,936.0,975.0,
85.0,105.0,111.0,135.0,152.0,157.0,238.0,253.0,258.0,305.0,340.0,459.0,535.0,574.0,594.0,652.0,653.0,671.0,730.0,789.0,801.0,811.0,824.0,840.0,923.0,934.0,955.0,956.0,
35.0,40.0,61.0,63.0,87.0,125.0,154.0,160.0,179.0,231.0,238.0,261.0,310.0,311.0,323.0,367.0,376.0,464.0,476.0,508.0,511.0,538.0,552.0,556.0,561.0,566.0,598.0,611.0,711.0,731.0,758.0,792.0,816.0,879.0,975.0,983.0,
26.0,51.0,121.0,143.0,145.0,151.0,156.0,159.0,170.0,201.0,271.0,290.0,293.0,318.0,362.0,371.0,374.0,399.0,428.0,439.0,487.0,576.0,661.0,664.0,668.0,753.0,764.0,842.0,890.0,907.0,916.0,941.0,950.0,
93.0,156.0,178.0,218.0,267.0,286.0,289.0,312.0,390.0,394.0,394.0,441.0,445.0,471.0,474.0,509.0,544.0,550.0,562.0,586.0,623.0,687.0,695.0,766.0,804.0,812.0,815.0,841.0,855.0,859.0,899.0,915.0,935.0,943.0,
77.0,97.0,126.0,144.0,158.0,224.0,279.0,282.0,303.0,338.0,343.0,348.0,381.0,403.0,413.0,434.0,469.0,483.0,554.0,555.0,636.0,661.0,678.0,694.0,743.0,753.0,767.0,818.0,823.0,892.0,910.0,927.0,928.0,998.0,
4.0,8.0,42.0,61.0,89.0,108.0,109.0,113.0,124.0,147.0,196.0,197.0,233.0,281.0,312.0,331.0,369.0,447.0,448.0,460.0,536.0,553.0,572.0,575.0,584.0,585.0,586.0,631.0,645.0,745.0,783.0,896.0,905.0,917.0,933.0,934.0,935.0,936.0,948.0,970.0,975.0,999.0,
47.0,62.0,63.0,73.0,104.0,109.0,127.0,148.0,157.0,181.0,199.0,315.0,353.0,380.0,395.0,396.0,445.0,464.0,477.0,486.0,498.0,523.0,603.0,613.0,621.0,627.0,639.0,669.0,671.0,680.0,828.0,828.0,829.0,840.0,861.0,885.0,901.0,920.0,923.0,928.0,928.0,946.0,962.0,
54.0,98.0,101.0,104.0,174.0,210.0,219.0,261.0,272.0,281.0,331.0,357.0,417.0,420.0,514.0,524.0,544.0,550.0,587.0,597.0,604.0,604.0,621.0,652.0,702.0,756.0,795.0,808.0,820.0,829.0,851.0,869.0,873.0,875.0,951.0,995.0,997.0,
39.0,57.0,73.0,94.0,113.0,126.0,143.0,198.0,259.0,263.0,273.0,301.0,308.0,316.0,333.0,336.0,336.0,356.0,389.0,446.0,483.0,488.0,517.0,537.0,546.0,553.0,554.0,560.0,588.0,614.0,615.0,630.0,698.0,712.0,716.0,740.0,750.0,770.0,787.0,788.0,793.0,809.0,814.0,818.0,830.0,831.0,847.0,856.0,867.0,882.0,890.0,903.0,913.0,924.0,940.0,944.0,970.0,987.0,
14.0,98.0,100.0,212.0,215.0,290.0,294.0,307.0,314.0,319.0,324.0,351.0,360.0,372.0,394.0,413.0,470.0,490.0,494.0,512.0,517.0,519.0,529.0,538.0,562.0,564.0,596.0,627.0,669.0,704.0,738.0,742.0,853.0,940.0,996.0,
21.0,79.0,165.0,175.0,189.0,224.0,271.0,311.0,331.0,358.0,386.0,393.0,418.0,418.0,424.0,432.0,487.0,493.0,545.0,614.0,629.0,638.0,658.0,660.0,688.0,714.0,753.0,755.0,759.0,790.0,800.0,805.0,878.0,923.0,938.0,
44.0,67.0,101.0,129.0,137.0,146.0,157.0,166.0,180.0,189.0,213.0,237.0,268.0,269.0,272.0,290.0,311.0,318.0,389.0,395.0,411.0,428.0,428.0,443.0,465.0,470.0,511.0,551.0,665.0,669.0,702.0,731.0,745.0,787.0,791.0,801.0,805.0,834.0,
22.0,26.0,39.0,53.0,70.0,131.0,175.0,218.0,240.0,291.0,447.0,461.0,503.0,549.0,605.0,674.0,679.0,723.0,731.0,825.0,884.0,910.0,939.0,994.0,
17.0,18.0,18.0,78.0,82.0,84.0,84.0,137.0,146.0,192.0,197.0,202.0,248.0,248.0,263.0,277.0,391.0,560.0,561.0,579.0,595.0,613.0,634.0,641.0,711.0,737.0,738.0,760.0,816.0,829.0,864.0,879.0,885.0,944.0,968.0,968.0,977.0,
5.0,16.0,39.0,50.0,74.0,141.0,167.0,200.0,217.0,282.0,303.0,362.0,388.0,419.0,456.0,541.0,592.0,621.0,643.0,651.0,666.0,666.0,670.0,705.0,776.0,795.0,814.0,821.0,863.0,910.0,992.0,
47.0,99.0,113.0,119.0,123.0,141.0,223.0,268.0,397.0,473.0,485.0,488.0,492.0,514.0,522.0,529.0,567.0,582.0,719.0,721.0,722.0,771.0,778.0,803.0,828.0,859.0,860.0,864.0,939.0,942.0,961.0,969.0,987.0,
2.0,21.0,62.0,85.0,136.0,162.0,170.0,184.0,197.0,206.0,208.0,244.0,260.0,288.0,298.0,341.0,412.0,518.0,550.0,699.0,725.0,759.0,764.0,837.0,842.0,873.0,877.0,900.0,901.0,916.0,918.0,964.0,991.0,
23.0,60.0,81.0,83.0,107.0,134.0,147.0,193.0,209.0,216.0,217.0,297.0,305.0,324.0,371.0,377.0,390.0,410.0,448.0,463.0,514.0,570.0,603.0,613.0,714.0,735.0,747.0,748.0,751.0,791.0,819.0,901.0,917.0,929.0,950.0,961.0,985.0,
12.0,29.0,39.0,72.0,135.0,167.0,314.0,316.0,330.0,330.0,362.0,368.0,406.0,406.0,409.0,425.0,469.0,493.0,507.0,508.0,562.0,581.0,636.0,691.0,705.0,734.0,741.0,756.0,771.0,790.0,804.0,816.0,830.0,852.0,864.0,894.0,900.0,919.0,
14.0,45.0,53.0,58.0,107.0,119.0,172.0,184.0,200.0,216.0,227.0,230.0,240.0,269.0,290.0,350.0,365.0,389.0,399.0,451.0,456.0,527.0,543.0,581.0,634.0,656.0,716.0,826.0,860.0,917.0,924.0,964.0,
37.0,50.0,76.0,106.0,140.0,147.0,150.0,192.0,226.0,257.0,282.0,318.0,319.0,339.0,340.0,355.0,372.0,396.0,433.0,453.0,465.0,470.0,523.0,534.0,559.0,574.0,575.0,606.0,661.0,706.0,781.0,786.0,854.0,854.0,859.0,895.0,914.0,921.0,959.0,975.0,995.0,
11.0,17.0,109.0,130.0,143.0,151.0,168.0,175.0,255.0,275.0,287.0,288.0,315.0,326.0,331.0,344.0,346.0,353.0,383.0,472.0,484.0,496.0,504.0,560.0,583.0,585.0,638.0,745.0,767.0,780.0,798.0,802.0,855.0,879.0,896.0,933.0,934.0,980.0,990.0,996.0,998.0,
3.0,24.0,35.0,60.0,150.0,185.0,226.0,293.0,325.0,326.0,393.0,426.0,443.0,527.0,560.0,619.0,744.0,768.0,773.0,807.0,821.0,859.0,913.0,951.0,956.0,986.0,
2.0,10.0,22.0,51.0,53.0,68.0,92.0,151.0,165.0,211.0,226.0,287.0,298.0,330.0,355.0,421.0,438.0,464.0,513.0,548.0,572.0,573.0,574.0,587.0,608.0,622.0,642.0,686.0,691.0,728.0,759.0,789.0,806.0,832.0,857.0,877.0,944.0,945.0,950.0,951.0,951.0,
