7.0,17.0,21.0,67.0,74.0,144.0,165.0,176.0,202.0,285.0,296.0,308.0,322.0,416.0,429.0,455.0,457.0,575.0,582.0,584.0,605.0,612.0,646.0,654.0,667.0,671.0,676.0,676.0,701.0,892.0,918.0,920.0,962.0,
38.0,41.0,51.0,53.0,88.0,136.0,138.0,161.0,178.0,188.0,268.0,286.0,300.0,305.0,334.0,340.0,434.0,448.0,489.0,510.0,528.0,529.0,544.0,564.0,578.0,590.0,675.0,686.0,688.0,718.0,738.0,862.0,891.0,900.0,936.0,978.0,990.0,
16.0,26.0,26.0,43.0,54.0,59.0,76.0,91.0,117.0,157.0,170.0,232.0,235.0,247.0,290.0,321.0,383.0,404.0,415.0,457.0,470.0,480.0,488.0,558.0,675.0,683.0,723.0,817.0,844.0,847.0,943.0,969.0,985.0,
22.0,46.0,61.0,75.0,136.0,145.0,163.0,196.0,235.0,261.0,297.0,311.0,345.0,385.0,392.0,400.0,449.0,474.0,541.0,569.0,627.0,706.0,708.0,714.0,721.0,743.0,778.0,909.0,923.0,996.0,
20.0,58.0,111.0,122.0,141.0,147.0,148.0,172.0,178.0,211.0,254.0,306.0,323.0,344.0,353.0,361.0,374.0,418.0,464.0,466.0,542.0,552.0,581.0,613.0,673.0,675.0,695.0,711.0,730.0,732.0,754.0,806.0,807.0,847.0,875.0,876.0,932.0,950.0,978.0,994.0,
41.0,49.0,62.0,97.0,143.0,211.0,214.0,341.0,349.0,389.0,390.0,399.0,459.0,483.0,498.0,529.0,591.0,617.0,663.0,680.0,691.0,696.0,698.0,735.0,740.0,742.0,770.0,817.0,821.0,830.0,898.0,926.0,928.0,974.0,
34.0,106.0,124.0,167.0,201.0,216.0,227.0,289.0,317.0,355.0,371.0,377.0,385.0,389.0,420.0,446.0,487.0,503.0,522.0,556.0,556.0,560.0,595.0,601.0,630.0,639.0,641.0,710.0,734.0,747.0,754.0,765.0,787.0,795.0,860.0,861.0,866.0,966.0,987.0,
7.0,9.0,43.0,48.0,59.0,95.0,213.0,216.0,222.0,227.0,242.0,319.0,321.0,330.0,346.0,360.0,394.0,433.0,437.0,445.0,459.0,484.0,498.0,526.0,570.0,578.0,635.0,707.0,722.0,729.0,751.0,762.0,768.0,769.0,805.0,844.0,887.0,890.0,893.0,917.0,932.0,965.0,
77.0,171.0,172.0,193.0,234.0,244.0,276.0,295.0,407.0,454.0,501.0,555.0,570.0,613.0,635.0,650.0,664.0,680.0,699.0,707.0,751.0,752.0,878.0,885.0,917.0,938.0,984.0,990.0,
34.0,62.0,77.0,85.0,126.0,152.0,178.0,205.0,205.0,216.0,282.0,286.0,320.0,370.0,386.0,473.0,488.0,514.0,517.0,535.0,556.0,588.0,659.0,738.0,782.0,807.0,825.0,889.0,893.0,905.0,920.0,935.0,961.0,969.0,996.0,999.0,
24.0,31.0,74.0,110.0,141.0,156.0,159.0,240.0,253.0,272.0,282.0,295.0,306.0,360.0,414.0,420.0,449.0,473.0,495.0,497.0,522.0,543.0,551.0,568.0,578.0,606.0,624.0,655.0,670.0,677.0,684.0,695.0,698.0,778.0,787.0,847.0,864.0,880.0,909.0,942.0,950.0,960.0,969.0,976.0,992.0,
6.0,12.0,12.0,55.0,70.0,84.0,112.0,125.0,142.0,181.0,211.0,222.0,329.0,350.0,389.0,471.0,575.0,627.0,644.0,702.0,728.0,789.0,808.0,903.0,922.0,939.0,
66.0,91.0,96.0,132.0,169.0,200.0,283.0,344.0,360.0,366.0,370.0,373.0,406.0,439.0,443.0,454.0,454.0,502.0,561.0,561.0,651.0,655.0,736.0,744.0,751.0,793.0,803.0,864.0,867.0,878.0,924.0,994.0,
57.0,68.0,73.0,114.0,153.0,185.0,196.0,198.0,271.0,340.0,370.0,379.0,415.0,431.0,500.0,604.0,618.0,651.0,692.0,695.0,717.0,726.0,784.0,801.0,829.0,842.0,887.0,929.0,966.0,991.0,
64.0,111.0,120.0,130.0,170.0,173.0,190.0,201.0,208.0,210.0,244.0,305.0,323.0,325.0,341.0,351.0,395.0,406.0,414.0,429.0,444.0,454.0,484.0,491.0,516.0,534.0,556.0,591.0,624.0,667.0,716.0,722.0,741.0,793.0,878.0,907.0,942.0,977.0,
21.0,29.0,68.0,149.0,190.0,190.0,204.0,238.0,265.0,290.0,321.0,351.0,371.0,437.0,482.0,494.0,579.0,588.0,601.0,637.0,666.0,669.0,696.0,722.0,811.0,868.0,888.0,908.0,972.0,
44.0,83.0,91.0,126.0,128.0,135.0,149.0,163.0,171.0,186.0,190.0,203.0,226.0,233.0,233.0,248.0,277.0,309.0,380.0,401.0,408.0,436.0,476.0,479.0,487.0,499.0,520.0,523.0,600.0,615.0,617.0,630.0,675.0,704.0,705.0,736.0,765.0,780.0,789.0,879.0,887.0,918.0,923.0,935.0,
15.0,55.0,87.0,97.0,154.0,194.0,197.0,214.0,226.0,233.0,244.0,265.0,292.0,330.0,340.0,358.0,389.0,403.0,413.0,421.0,450.0,466.0,484.0,491.0,492.0,494.0,502.0,543.0,577.0,634.0,635.0,679.0,683.0,689.0,702.0,807.0,809.0,848.0,865.0,879.0,885.0,911.0,917.0,971.0,987.0,
7.0,48.0,91.0,102.0,138.0,146.0,224.0,236.0,236.0,269.0,272.0,275.0,329.0,360.0,377.0,381.0,406.0,504.0,520.0,568.0,571.0,584.0,647.0,725.0,727.0,747.0,776.0,781.0,785.0,817.0,867.0,921.0,934.0,
21.0,50.0,67.0,81.0,123.0,170.0,200.0,210.0,229.0,241.0,303.0,314.0,378.0,400.0,409.0,419.0,430.0,511.0,516.0,542.0,558.0,649.0,727.0,729.0,749.0,773.0,808.0,829.0,833.0,844.0,848.0,850.0,851.0,863.0,870.0,922.0,922.0,943.0,998.0,
22.0,80.0,127.0,169.0,175.0,179.0,225.0,240.0,288.0,289.0,291.0,292.0,402.0,435.0,440.0,471.0,489.0,506.0,522.0,530.0,532.0,533.0,613.0,634.0,643.0,668.0,720.0,774.0,815.0,842.0,863.0,864.0,865.0,893.0,900.0,991.0,
21.0,25.0,35.0,44.0,72.0,86.0,132.0,135.0,147.0,149.0,216.0,238.0,243.0,266.0,272.0,280.0,284.0,285.0,293.0,304.0,312.0,323.0,384.0,395.0,462.0,505.0,530.0,551.0,583.0,609.0,611.0,612.0,639.0,647.0,670.0,705.0,735.0,740.0,786.0,798.0,822.0,979.0,983.0,984.0,995.0,
13.0,66.0,82.0,95.0,108.0,127.0,142.0,152.0,171.0,172.0,193.0,200.0,216.0,253.0,256.0,275.0,284.0,291.0,292.0,293.0,295.0,347.0,349.0,366.0,411.0,424.0,559.0,580.0,636.0,672.0,688.0,749.0,810.0,829.0,855.0,878.0,895.0,913.0,920.0,933.0,944.0,969.0,
16.0,17.0,43.0,51.0,77.0,87.0,162.0,167.0,181.0,263.0,289.0,341.0,356.0,378.0,428.0,430.0,460.0,484.0,501.0,506.0,510.0,564.0,619.0,623.0,633.0,653.0,685.0,762.0,789.0,792.0,822.0,968.0,970.0,985.0,
9.0,37.0,64.0,147.0,148.0,152.0,216.0,279.0,296.0,316.0,319.0,331.0,364.0,379.0,382.0,404.0,410.0,489.0,530.0,554.0,567.0,632.0,649.0,694.0,696.0,712.0,751.0,835.0,841.0,843.0,848.0,905.0,919.0,920.0,925.0,931.0,941.0,964.0,
7.0,71.0,78.0,82.0,92.0,102.0,121.0,123.0,130.0,149.0,217.0,222.0,264.0,290.0,352.0,354.0,366.0,383.0,406.0,470.0,560.0,571.0,626.0,647.0,666.0,670.0,692.0,696.0,832.0,948.0,
70.0,91.0,123.0,128.0,136.0,174.0,178.0,191.0,267.0,299.0,300.0,376.0,411.0,465.0,658.0,698.0,713.0,722.0,807.0,813.0,825.0,835.0,859.0,881.0,944.0,973.0,986.0,
21.0,73.0,83.0,94.0,99.0,167.0,190.0,238.0,266.0,335.0,336.0,338.0,345.0,347.0,347.0,368.0,388.0,403.0,434.0,463.0,503.0,515.0,515.0,537.0,603.0,627.0,628.0,631.0,651.0,652.0,684.0,772.0,869.0,878.0,903.0,944.0,
51.0,78.0,117.0,129.0,139.0,148.0,174.0,183.0,231.0,303.0,367.0,385.0,394.0,423.0,505.0,513.0,522.0,601.0,607.0,624.0,629.0,672.0,681.0,682.0,737.0,785.0,795.0,812.0,835.0,837.0,848.0,867.0,914.0,944.0,
35.0,47.0,47.0,105.0,107.0,111.0,119.0,131.0,148.0,153.0,187.0,205.0,233.0,269.0,269.0,269.0,286.0,293.0,294.0,324.0,343.0,344.0,383.0,431.0,445.0,493.0,506.0,510.0,516.0,519.0,578.0,680.0,847.0,891.0,926.0,927.0,931.0,940.0,944.0,957.0,975.0,
12.0,47.0,59.0,73.0,111.0,131.0,162.0,188.0,252.0,277.0,304.0,376.0,376.0,406.0,431.0,435.0,446.0,452.0,522.0,560.0,567.0,567.0,575.0,591.0,593.0,642.0,655.0,657.0,669.0,723.0,733.0,766.0,778.0,779.0,802.0,843.0,850.0,864.0,882.0,915.0,929.0,935.0,
19.0,36.0,53.0,62.0,112.0,114.0,130.0,139.0,153.0,212.0,240.0,267.0,292.0,314.0,361.0,364.0,384.0,427.0,431.0,436.0,439.0,447.0,448.0,469.0,473.0,511.0,552.0,566.0,613.0,712.0,783.0,787.0,843.0,849.0,866.0,870.0,898.0,910.0,926.0,954.0,
4.0,23.0,33.0,109.0,127.0,152.0,171.0,301.0,367.0,387.0,452.0,452.0,461.0,552.0,565.0,567.0,596.0,599.0,601.0,628.0,630.0,677.0,707.0,723.0,728.0,813.0,834.0,853.0,863.0,951.0,
11.0,15.0,41.0,65.0,80.0,133.0,150.0,205.0,209.0,248.0,259.0,290.0,338.0,353.0,360.0,366.0,369.0,454.0,466.0,471.0,485.0,486.0,513.0,526.0,597.0,627.0,653.0,669.0,670.0,730.0,758.0,765.0,794.0,814.0,824.0,847.0,860.0,896.0,910.0,919.0,958.0,996.0,
24.0,36.0,46.0,49.0,94.0,114.0,137.0,157.0,160.0,164.0,172.0,214.0,241.0,256.0,257.0,310.0,326.0,328.0,469.0,476.0,505.0,511.0,543.0,548.0,552.0,593.0,614.0,631.0,646.0,654.0,664.0,680.0,697.0,717.0,731.0,737.0,751.0,777.0,785.0,790.0,828.0,830.0,868.0,913.0,949.0,
23.0,48.0,113.0,135.0,143.0,155.0,166.0,175.0,185.0,199.0,206.0,208.0,212.0,237.0,257.0,259.0,260.0,282.0,311.0,329.0,353.0,357.0,453.0,461.0,488.0,531.0,536.0,550.0,580.0,623.0,657.0,664.0,692.0,715.0,728.0,743.0,756.0,835.0,848.0,860.0,870.0,891.0,971.0,1000.0,
22.0,33.0,138.0,149.0,181.0,191.0,201.0,222.0,245.0,252.0,291.0,291.0,300.0,317.0,321.0,329.0,340.0,374.0,387.0,387.0,397.0,453.0,462.0,500.0,583.0,583.0,612.0,685.0,691.0,731.0,767.0,808.0,820.0,833.0,838.0,853.0,880.0,899.0,909.0,961.0,964.0,
8.0,9.0,14.0,16.0,56.0,152.0,160.0,179.0,216.0,226.0,252.0,252.0,271.0,276.0,278.0,397.0,401.0,449.0,499.0,513.0,564.0,584.0,590.0,603.0,632.0,698.0,702.0,717.0,740.0,776.0,780.0,861.0,869.0,872.0,877.0,884.0,917.0,930.0,938.0,966.0,989.0,1000.0,
7.0,9.0,72.0,77.0,134.0,158.0,167.0,205.0,271.0,306.0,358.0,362.0,393.0,476.0,525.0,531.0,655.0,666.0,677.0,711.0,717.0,739.0,757.0,794.0,796.0,804.0,815.0,833.0,834.0,866.0,876.0,911.0,934.0,936.0,996.0,
21.0,37.0,74.0,83.0,100.0,152.0,159.0,188.0,194.0,261.0,272.0,274.0,287.0,290.0,308.0,377.0,379.0,391.0,400.0,452.0,452.0,472.0,525.0,560.0,588.0,598.0,608.0,633.0,634.0,657.0,706.0,712.0,744.0,768.0,775.0,799.0,892.0,898.0,903.0,
81.0,155.0,169.0,190.0,195.0,216.0,217.0,226.0,239.0,251.0,302.0,340.0,457.0,502.0,520.0,538.0,550.0,561.0,581.0,618.0,633.0,639.0,653.0,698.0,816.0,824.0,846.0,855.0,872.0,909.0,915.0,943.0,950.0,983.0,
43.0,54.0,94.0,95.0,102.0,152.0,162.0,177.0,181.0,234.0,262.0,356.0,407.0,413.0,435.0,466.0,487.0,488.0,515.0,598.0,651.0,691.0,707.0,739.0,766.0,816.0,834.0,864.0,896.0,924.0,937.0,972.0,991.0,994.0,
25.0,74.0,85.0,137.0,141.0,166.0,213.0,264.0,295.0,307.0,411.0,482.0,514.0,532.0,596.0,606.0,620.0,625.0,665.0,695.0,749.0,756.0,785.0,809.0,824.0,874.0,905.0,993.0,
11.0,25.0,39.0,115.0,123.0,179.0,217.0,230.0,266.0,293.0,307.0,330.0,341.0,361.0,448.0,473.0,483.0,491.0,502.0,530.0,548.0,563.0,582.0,597.0,598.0,652.0,667.0,686.0,711.0,750.0,791.0,793.0,799.0,809.0,898.0,906.0,945.0,954.0,969.0,
11.0,19.0,65.0,74.0,98.0,135.0,151.0,159.0,187.0,232.0,248.0,264.0,265.0,271.0,302.0,309.0,319.0,346.0,357.0,368.0,370.0,379.0,402.0,409.0,427.0,431.0,445.0,464.0,476.0,484.0,517.0,531.0,532.0,577.0,595.0,598.0,611.0,637.0,637.0,648.0,670.0,719.0,758.0,763.0,861.0,882.0,928.0,952.0,972.0,975.0,981.0,995.0,
2.0,30.0,36.0,64.0,100.0,115.0,150.0,152.0,160.0,198.0,291.0,301.0,320.0,328.0,343.0,355.0,355.0,389.0,399.0,407.0,503.0,536.0,538.0,548.0,559.0,581.0,607.0,624.0,650.0,656.0,681.0,699.0,710.0,770.0,800.0,802.0,803.0,828.0,878.0,903.0,911.0,926.0,942.0,945.0,947.0,982.0,987.0,989.0,990.0,999.0,
17.0,33.0,39.0,43.0,76.0,77.0,127.0,166.0,202.0,265.0,294.0,316.0,325.0,362.0,403.0,407.0,410.0,416.0,427.0,465.0,505.0,517.0,524.0,525.0,531.0,595.0,620.0,638.0,662.0,671.0,734.0,831.0,925.0,943.0,983.0,988.0,
43.0,50.0,81.0,124.0,146.0,206.0,235.0,249.0,283.0,295.0,305.0,307.0,356.0,359.0,359.0,359.0,378.0,409.0,439.0,441.0,455.0,462.0,572.0,588.0,601.0,622.0,643.0,649.0,715.0,723.0,749.0,787.0,871.0,895.0,907.0,930.0,956.0,998.0,
12.0,14.0,70.0,116.0,134.0,135.0,160.0,164.0,193.0,261.0,285.0,348.0,354.0,361.0,365.0,381.0,413.0,486.0,488.0,538.0,560.0,574.0,622.0,628.0,640.0,643.0,660.0,662.0,676.0,690.0,698.0,718.0,832.0,835.0,888.0,895.0,897.0,927.0,944.0,
6.0,35.0,77.0,87.0,178.0,233.0,271.0,301.0,308.0,319.0,321.0,379.0,385.0,430.0,464.0,471.0,478.0,583.0,608.0,632.0,636.0,639.0,668.0,684.0,700.0,716.0,721.0,731.0,784.0,801.0,801.0,818.0,818.0,820.0,892.0,933.0,965.0,969.0,996.0,1000.0,
30.0,76.0,151.0,152.0,181.0,195.0,210.0,217.0,256.0,260.0,292.0,301.0,314.0,316.0,339.0,351.0,393.0,395.0,400.0,463.0,484.0,496.0,500.0,524.0,524.0,539.0,577.0,580.0,606.0,616.0,633.0,690.0,691.0,723.0,745.0,758.0,759.0,775.0,789.0,817.0,827.0,864.0,891.0,963.0,979.0,
2.0,6.0,14.0,50.0,64.0,119.0,194.0,277.0,286.0,342.0,440.0,504.0,559.0,561.0,681.0,707.0,722.0,738.0,787.0,836.0,872.0,898.0,931.0,973.0,
14.0,35.0,141.0,182.0,214.0,223.0,235.0,322.0,372.0,394.0,398.0,493.0,524.0,534.0,539.0,565.0,567.0,582.0,606.0,621.0,748.0,750.0,805.0,873.0,884.0,905.0,908.0,928.0,939.0,970.0,980.0,
25.0,42.0,50.0,73.0,191.0,199.0,201.0,205.0,208.0,217.0,269.0,290.0,308.0,317.0,321.0,326.0,334.0,337.0,347.0,357.0,425.0,472.0,532.0,532.0,550.0,579.0,603.0,703.0,736.0,737.0,748.0,833.0,875.0,897.0,910.0,919.0,934.0,958.0,
8.0,19.0,32.0,43.0,44.0,68.0,84.0,108.0,128.0,132.0,133.0,169.0,217.0,231.0,248.0,254.0,265.0,284.0,322.0,334.0,360.0,377.0,380.0,406.0,410.0,436.0,527.0,528.0,550.0,577.0,585.0,600.0,603.0,610.0,624.0,624.0,638.0,650.0,726.0,734.0,760.0,797.0,815.0,839.0,843.0,865.0,895.0,901.0,903.0,911.0,930.0,944.0,977.0,986.0,999.0,
81.0,86.0,147.0,163.0,206.0,213.0,268.0,354.0,402.0,433.0,512.0,517.0,526.0,527.0,531.0,536.0,549.0,551.0,556.0,564.0,578.0,588.0,615.0,615.0,618.0,630.0,637.0,643.0,644.0,653.0,669.0,677.0,678.0,689.0,706.0,712.0,734.0,737.0,784.0,796.0,797.0,802.0,818.0,836.0,868.0,875.0,879.0,892.0,893.0,936.0,948.0,962.0,968.0,968.0,987.0,987.0,
17.0,109.0,125.0,132.0,133.0,144.0,164.0,171.0,177.0,183.0,183.0,217.0,231.0,246.0,249.0,285.0,335.0,341.0,352.0,452.0,462.0,474.0,495.0,543.0,598.0,619.0,619.0,625.0,652.0,656.0,728.0,759.0,780.0,796.0,812.0,836.0,855.0,866.0,926.0,957.0,969.0,
15.0,60.0,72.0,168.0,183.0,279.0,326.0,428.0,441.0,453.0,462.0,553.0,554.0,567.0,582.0,588.0,610.0,700.0,730.0,745.0,761.0,767.0,777.0,810.0,815.0,817.0,823.0,825.0,830.0,942.0,942.0,955.0,971.0,993.0,
3.0,7.0,37.0,102.0,109.0,235.0,257.0,277.0,341.0,350.0,361.0,371.0,371.0,401.0,416.0,534.0,545.0,553.0,594.0,620.0,642.0,656.0,663.0,761.0,770.0,774.0,815.0,821.0,842.0,876.0,897.0,906.0,921.0,925.0,930.0,933.0,958.0,973.0,992.0,
19.0,41.0,55.0,60.0,70.0,90.0,127.0,139.0,140.0,157.0,174.0,180.0,187.0,266.0,298.0,317.0,342.0,344.0,345.0,349.0,362.0,398.0,403.0,410.0,441.0,468.0,474.0,483.0,537.0,554.0,597.0,620.0,638.0,646.0,669.0,717.0,720.0,739.0,752.0,818.0,841.0,871.0,954.0,958.0,975.0,
6.0,22.0,24.0,183.0,185.0,199.0,303.0,307.0,321.0,328.0,337.0,366.0,400.0,432.0,438.0,452.0,456.0,468.0,564.0,580.0,649.0,675.0,698.0,779.0,833.0,833.0,845.0,876.0,900.0,906.0,927.0,934.0,936.0,957.0,963.0,973.0,975.0,
3.0,23.0,26.0,60.0,212.0,232.0,255.0,289.0,299.0,331.0,344.0,353.0,365.0,372.0,389.0,401.0,420.0,434.0,441.0,446.0,474.0,490.0,510.0,512.0,596.0,602.0,608.0,640.0,642.0,650.0,658.0,705.0,708.0,727.0,749.0,760.0,774.0,793.0,798.0,870.0,880.0,964.0,978.0,980.0,991.0,
46.0,56.0,141.0,150.0,153.0,223.0,264.0,296.0,359.0,359.0,386.0,390.0,393.0,406.0,416.0,435.0,484.0,485.0,520.0,533.0,548.0,556.0,591.0,664.0,683.0,723.0,758.0,764.0,770.0,785.0,807.0,901.0,913.0,921.0,929.0,933.0,945.0,983.0,995.0,
31.0,119.0,122.0,194.0,204.0,220.0,291.0,313.0,327.0,344.0,391.0,398.0,408.0,451.0,460.0,535.0,537.0,568.0,569.0,594.0,646.0,698.0,738.0,739.0,749.0,764.0,770.0,818.0,825.0,866.0,927.0,992.0,
45.0,96.0,121.0,164.0,234.0,247.0,249.0,297.0,325.0,427.0,430.0,482.0,527.0,528.0,542.0,605.0,641.0,653.0,670.0,701.0,763.0,823.0,837.0,856.0,867.0,889.0,889.0,903.0,927.0,975.0,
3.0,78.0,78.0,86.0,99.0,139.0,140.0,147.0,201.0,210.0,230.0,235.0,324.0,359.0,393.0,523.0,542.0,549.0,553.0,570.0,637.0,645.0,651.0,697.0,703.0,765.0,780.0,827.0,868.0,873.0,875.0,888.0,922.0,923.0,941.0,942.0,956.0,969.0,969.0,984.0,
4.0,38.0,71.0,78.0,78.0,110.0,115.0,244.0,265.0,284.0,296.0,345.0,346.0,370.0,374.0,391.0,396.0,401.0,422.0,454.0,480.0,499.0,535.0,634.0,645.0,682.0,733.0,746.0,747.0,749.0,755.0,756.0,787.0,838.0,911.0,924.0,937.0,969.0,
38.0,49.0,63.0,113.0,124.0,132.0,207.0,302.0,321.0,326.0,360.0,400.0,421.0,448.0,470.0,568.0,605.0,685.0,696.0,740.0,780.0,817.0,834.0,839.0,848.0,973.0,977.0,
17.0,28.0,32.0,43.0,77.0,98.0,110.0,191.0,217.0,231.0,241.0,243.0,252.0,291.0,295.0,298.0,313.0,352.0,356.0,376.0,408.0,411.0,443.0,445.0,471.0,523.0,549.0,554.0,593.0,599.0,670.0,675.0,682.0,691.0,781.0,782.0,788.0,810.0,843.0,853.0,881.0,927.0,937.0,946.0,957.0,991.0,
11.0,22.0,29.0,84.0,158.0,168.0,185.0,195.0,208.0,285.0,291.0,325.0,399.0,412.0,464.0,507.0,578.0,603.0,629.0,652.0,666.0,672.0,702.0,738.0,772.0,772.0,803.0,826.0,839.0,871.0,940.0,942.0,970.0,
15.0,20.0,30.0,40.0,81.0,103.0,172.0,195.0,207.0,258.0,277.0,327.0,354.0,379.0,430.0,436.0,471.0,473.0,479.0,499.0,516.0,596.0,647.0,658.0,677.0,745.0,775.0,812.0,812.0,833.0,879.0,894.0,906.0,934.0,
131.0,297.0,357.0,397.0,420.0,422.0,427.0,441.0,460.0,511.0,559.0,563.0,566.0,580.0,620.0,646.0,668.0,702.0,715.0,715.0,738.0,739.0,817.0,833.0,852.0,856.0,874.0,902.0,919.0,919.0,926.0,964.0,969.0,
65.0,135.0,157.0,205.0,257.0,310.0,311.0,314.0,371.0,393.0,406.0,470.0,474.0,507.0,557.0,581.0,584.0,595.0,603.0,743.0,749.0,773.0,796.0,807.0,823.0,828.0,834.0,851.0,881.0,931.0,969.0,975.0,1000.0,
16.0,45.0,50.0,131.0,132.0,266.0,274.0,310.0,325.0,378.0,402.0,421.0,428.0,440.0,458.0,465.0,496.0,540.0,571.0,605.0,620.0,656.0,666.0,752.0,789.0,861.0,913.0,917.0,
19.0,81.0,108.0,148.0,163.0,280.0,286.0,334.0,349.0,361.0,375.0,383.0,438.0,469.0,480.0,481.0,484.0,609.0,619.0,628.0,678.0,694.0,705.0,787.0,804.0,817.0,830.0,847.0,881.0,896.0,901.0,948.0,
7.0,74.0,92.0,94.0,115.0,214.0,222.0,265.0,280.0,400.0,418.0,451.0,468.0,508.0,567.0,638.0,644.0,648.0,666.0,676.0,779.0,799.0,846.0,898.0,905.0,926.0,933.0,973.0,988.0,989.0,
14.0,55.0,68.0,75.0,104.0,105.0,121.0,140.0,163.0,216.0,227.0,241.0,245.0,256.0,331.0,380.0,382.0,382.0,406.0,420.0,424.0,461.0,510.0,562.0,564.0,644.0,690.0,701.0,705.0,708.0,723.0,757.0,757.0,844.0,899.0,909.0,924.0,974.0,
26.0,70.0,79.0,116.0,139.0,150.0,160.0,182.0,261.0,274.0,330.0,332.0,393.0,423.0,476.0,521.0,549.0,574.0,700.0,705.0,799.0,921.0,932.0,964.0,977.0,
10.0,13.0,26.0,77.0,81.0,81.0,117.0,118.0,124.0,168.0,182.0,211.0,227.0,245.0,255.0,349.0,352.0,368.0,396.0,396.0,400.0,448.0,475.0,487.0,498.0,502.0,541.0,556.0,564.0,572.0,609.0,643.0,657.0,695.0,716.0,806.0,829.0,848.0,872.0,901.0,914.0,928.0,929.0,968.0,997.0,
7.0,20.0,60.0,60.0,67.0,135.0,170.0,180.0,207.0,233.0,250.0,308.0,312.0,320.0,337.0,342.0,427.0,465.0,472.0,516.0,533.0,623.0,700.0,714.0,725.0,744.0,752.0,756.0,794.0,815.0,886.0,905.0,908.0,937.0,974.0,977.0,979.0,987.0,999.0,
78.0,202.0,203.0,212.0,228.0,241.0,278.0,288.0,295.0,338.0,369.0,378.0,388.0,433.0,471.0,525.0,540.0,607.0,650.0,669.0,718.0,728.0,733.0,734.0,740.0,746.0,762.0,784.0,790.0,801.0,822.0,931.0,948.0,984.0,
20.0,21.0,68.0,129.0,140.0,280.0,322.0,366.0,397.0,479.0,485.0,537.0,627.0,641.0,656.0,665.0,685.0,720.0,749.0,776.0,855.0,862.0,863.0,884.0,889.0,912.0,945.0,952.0,989.0,
26.0,38.0,57.0,62.0,69.0,77.0,80.0,95.0,127.0,165.0,193.0,267.0,384.0,393.0,415.0,417.0,430.0,439.0,443.0,472.0,574.0,587.0,635.0,640.0,656.0,673.0,756.0,811.0,827.0,874.0,881.0,889.0,906.0,945.0,976.0,
64.0,65.0,82.0,82.0,91.0,99.0,104.0,144.0,162.0,185.0,215.0,230.0,243.0,451.0,468.0,485.0,505.0,526.0,545.0,563.0,564.0,578.0,589.0,617.0,639.0,680.0,715.0,730.0,733.0,743.0,773.0,807.0,840.0,862.0,948.0,994.0,
47.0,51.0,68.0,78.0,94.0,117.0,121.0,155.0,175.0,255.0,266.0,271.0,302.0,308.0,311.0,342.0,350.0,361.0,370.0,399.0,417.0,431.0,435.0,438.0,461.0,476.0,539.0,549.0,552.0,576.0,582.0,593.0,688.0,702.0,847.0,847.0,848.0,886.0,935.0,941.0,987.0,
16.0,33.0,51.0,67.0,90.0,98.0,115.0,209.0,220.0,242.0,318.0,378.0,394.0,425.0,476.0,557.0,562.0,572.0,636.0,669.0,674.0,736.0,747.0,782.0,820.0,820.0,846.0,894.0,924.0,932.0,969.0,
53.0,54.0,79.0,82.0,153.0,191.0,226.0,255.0,311.0,328.0,340.0,454.0,454.0,491.0,520.0,539.0,541.0,550.0,580.0,581.0,584.0,643.0,644.0,668.0,672.0,737.0,771.0,858.0,881.0,884.0,906.0,917.0,942.0,986.0,993.0,
46.0,61.0,64.0,71.0,93.0,142.0,150.0,226.0,244.0,325.0,327.0,341.0,441.0,503.0,539.0,550.0,570.0,574.0,627.0,659.0,666.0,674.0,713.0,768.0,782.0,797.0,801.0,824.0,848.0,881.0,883.0,884.0,960.0,960.0,965.0,
92.0,140.0,165.0,168.0,202.0,240.0,252.0,319.0,364.0,377.0,379.0,444.0,502.0,539.0,626.0,637.0,661.0,693.0,697.0,706.0,718.0,758.0,764.0,832.0,839.0,884.0,940.0,977.0,
5.0,6.0,27.0,44.0,113.0,148.0,205.0,207.0,250.0,262.0,293.0,304.0,410.0,413.0,424.0,446.0,464.0,498.0,515.0,593.0,598.0,641.0,653.0,730.0,736.0,741.0,750.0,849.0,994.0,
49.0,58.0,74.0,91.0,109.0,112.0,126.0,128.0,147.0,218.0,238.0,261.0,342.0,346.0,379.0,394.0,396.0,398.0,402.0,448.0,506.0,546.0,563.0,604.0,631.0,643.0,698.0,705.0,716.0,760.0,864.0,866.0,959.0,967.0,968.0,
24.0,79.0,129.0,141.0,171.0,185.0,219.0,285.0,288.0,293.0,304.0,392.0,404.0,447.0,452.0,482.0,515.0,666.0,690.0,716.0,727.0,766.0,791.0,793.0,794.0,813.0,848.0,863.0,886.0,900.0,948.0,970.0,979.0,980.0,980.0,995.0,
8.0,15.0,25.0,35.0,50.0,83.0,85.0,101.0,124.0,134.0,142.0,242.0,341.0,419.0,448.0,462.0,465.0,485.0,517.0,528.0,531.0,590.0,597.0,624.0,683.0,781.0,808.0,910.0,918.0,926.0,956.0,967.0,975.0,983.0,989.0,993.0,
67.0,88.0,101.0,112.0,116.0,149.0,155.0,173.0,173.0,193.0,208.0,210.0,221.0,280.0,285.0,318.0,344.0,397.0,404.0,426.0,470.0,477.0,480.0,540.0,556.0,564.0,639.0,663.0,668.0,676.0,687.0,690.0,713.0,736.0,768.0,773.0,777.0,780.0,847.0,874.0,880.0,890.0,891.0,899.0,911.0,970.0,972.0,
36.0,53.0,61.0,106.0,143.0,184.0,189.0,258.0,282.0,320.0,327.0,384.0,421.0,448.0,480.0,536.0,546.0,563.0,593.0,640.0,642.0,668.0,707.0,726.0,728.0,729.0,764.0,770.0,772.0,796.0,852.0,931.0,936.0,968.0,992.0,
90.0,92.0,97.0,116.0,136.0,138.0,167.0,177.0,197.0,200.0,259.0,262.0,288.0,294.0,309.0,316.0,369.0,383.0,399.0,444.0,483.0,532.0,628.0,652.0,735.0,744.0,761.0,767.0,784.0,801.0,857.0,860.0,864.0,867.0,877.0,896.0,901.0,948.0,998.0,
92.0,99.0,137.0,157.0,178.0,244.0,250.0,254.0,255.0,299.0,316.0,317.0,322.0,377.0,405.0,460.0,463.0,532.0,544.0,601.0,665.0,667.0,690.0,691.0,760.0,837.0,917.0,938.0,972.0,979.0,980.0,985.0,
70.0,75.0,135.0,162.0,165.0,175.0,256.0,257.0,279.0,282.0,300.0,301.0,307.0,431.0,457.0,463.0,525.0,570.0,593.0,619.0,638.0,655.0,672.0,681.0,745.0,794.0,844.0,879.0,940.0,966.0,975.0,
35.0,47.0,56.0,84.0,94.0,150.0,177.0,179.0,226.0,249.0,314.0,322.0,357.0,370.0,399.0,414.0,423.0,432.0,434.0,444.0,451.0,510.0,599.0,600.0,649.0,665.0,666.0,733.0,783.0,838.0,844.0,868.0,875.0,885.0,924.0,938.0,969.0,
29.0,41.0,41.0,54.0,107.0,165.0,170.0,245.0,273.0,293.0,362.0,363.0,378.0,378.0,399.0,453.0,484.0,486.0,516.0,598.0,630.0,643.0,649.0,675.0,680.0,689.0,698.0,725.0,775.0,786.0,817.0,856.0,928.0,930.0,965.0,973.0,
