9.0,24.0,31.0,41.0,55.0,67.0,76.0,129.0,132.0,189.0,216.0,243.0,260.0,270.0,304.0,335.0,362.0,392.0,397.0,421.0,449.0,498.0,515.0,530.0,552.0,564.0,568.0,593.0,655.0,702.0,725.0,756.0,807.0,818.0,830.0,938.0,943.0,944.0,965.0,970.0,
6.0,44.0,65.0,75.0,80.0,95.0,104.0,105.0,144.0,200.0,259.0,267.0,278.0,318.0,322.0,332.0,366.0,382.0,393.0,402.0,446.0,449.0,465.0,482.0,557.0,559.0,593.0,628.0,650.0,663.0,669.0,684.0,690.0,694.0,730.0,734.0,736.0,741.0,761.0,766.0,777.0,778.0,785.0,796.0,811.0,897.0,937.0,965.0,999.0,
9.0,18.0,20.0,64.0,68.0,117.0,123.0,136.0,142.0,251.0,346.0,404.0,421.0,434.0,459.0,475.0,492.0,526.0,553.0,569.0,572.0,632.0,717.0,729.0,758.0,762.0,762.0,781.0,797.0,821.0,823.0,902.0,911.0,913.0,917.0,934.0,941.0,948.0,977.0,
23.0,112.0,139.0,140.0,167.0,173.0,209.0,253.0,258.0,262.0,278.0,294.0,307.0,321.0,421.0,520.0,530.0,542.0,545.0,557.0,572.0,575.0,586.0,587.0,613.0,643.0,646.0,693.0,746.0,761.0,782.0,806.0,808.0,822.0,837.0,873.0,889.0,901.0,946.0,957.0,979.0,
40.0,84.0,134.0,188.0,200.0,224.0,262.0,268.0,293.0,307.0,312.0,315.0,378.0,425.0,491.0,567.0,603.0,625.0,670.0,671.0,702.0,800.0,811.0,818.0,856.0,933.0,
25.0,52.0,91.0,140.0,161.0,163.0,191.0,233.0,249.0,276.0,286.0,312.0,329.0,334.0,386.0,387.0,401.0,413.0,437.0,463.0,476.0,477.0,510.0,515.0,535.0,551.0,582.0,633.0,635.0,652.0,655.0,658.0,689.0,728.0,794.0,803.0,807.0,818.0,920.0,
10.0,20.0,46.0,80.0,108.0,160.0,199.0,206.0,272.0,337.0,359.0,382.0,387.0,429.0,482.0,617.0,646.0,650.0,681.0,823.0,837.0,845.0,851.0,882.0,891.0,
34.0,88.0,90.0,146.0,158.0,275.0,279.0,289.0,306.0,309.0,331.0,401.0,420.0,458.0,458.0,521.0,521.0,536.0,547.0,553.0,577.0,620.0,620.0,624.0,647.0,657.0,677.0,682.0,704.0,721.0,725.0,740.0,755.0,801.0,899.0,949.0,969.0,988.0,
36.0,63.0,83.0,189.0,200.0,206.0,212.0,217.0,314.0,316.0,325.0,387.0,424.0,466.0,469.0,482.0,527.0,584.0,606.0,631.0,642.0,663.0,683.0,826.0,905.0,952.0,972.0,985.0,
8.0,39.0,48.0,146.0,173.0,179.0,185.0,216.0,227.0,246.0,258.0,292.0,321.0,399.0,407.0,418.0,434.0,453.0,460.0,473.0,487.0,500.0,560.0,561.0,586.0,603.0,631.0,642.0,658.0,658.0,658.0,673.0,690.0,697.0,731.0,784.0,879.0,923.0,952.0,961.0,987.0,
3.0,35.0,55.0,65.0,117.0,134.0,142.0,165.0,190.0,257.0,331.0,416.0,487.0,496.0,558.0,589.0,592.0,615.0,616.0,650.0,679.0,706.0,760.0,796.0,804.0,829.0,989.0,
9.0,56.0,59.0,127.0,150.0,156.0,175.0,181.0,201.0,238.0,249.0,265.0,278.0,310.0,322.0,332.0,349.0,351.0,366.0,405.0,426.0,460.0,490.0,534.0,551.0,555.0,566.0,578.0,579.0,596.0,609.0,652.0,681.0,714.0,746.0,783.0,811.0,818.0,843.0,845.0,876.0,954.0,
35.0,60.0,102.0,134.0,141.0,144.0,146.0,158.0,179.0,198.0,207.0,221.0,227.0,282.0,301.0,370.0,408.0,468.0,545.0,562.0,576.0,627.0,663.0,739.0,762.0,763.0,830.0,906.0,916.0,919.0,1000.0,
206.0,223.0,249.0,283.0,307.0,346.0,391.0,397.0,399.0,420.0,434.0,438.0,444.0,487.0,515.0,551.0,553.0,557.0,564.0,619.0,621.0,641.0,687.0,692.0,702.0,711.0,870.0,873.0,926.0,980.0,983.0,984.0,992.0,995.0,
14.0,35.0,48.0,77.0,198.0,247.0,268.0,289.0,322.0,370.0,392.0,401.0,412.0,415.0,440.0,449.0,484.0,513.0,517.0,536.0,538.0,544.0,608.0,612.0,649.0,694.0,718.0,723.0,734.0,783.0,786.0,795.0,842.0,859.0,877.0,938.0,
18.0,45.0,55.0,83.0,160.0,163.0,191.0,199.0,239.0,273.0,279.0,284.0,302.0,320.0,336.0,342.0,372.0,387.0,433.0,440.0,458.0,468.0,489.0,500.0,528.0,559.0,576.0,673.0,704.0,711.0,728.0,762.0,771.0,799.0,814.0,837.0,851.0,898.0,906.0,962.0,963.0,970.0,
2.0,42.0,58.0,98.0,99.0,99.0,128.0,149.0,196.0,217.0,242.0,250.0,257.0,339.0,381.0,392.0,399.0,431.0,445.0,458.0,471.0,493.0,532.0,532.0,557.0,626.0,650.0,657.0,661.0,671.0,699.0,723.0,771.0,881.0,902.0,920.0,957.0,997.0,
29.0,64.0,69.0,75.0,130.0,149.0,163.0,208.0,244.0,276.0,294.0,340.0,340.0,349.0,399.0,433.0,471.0,480.0,514.0,522.0,588.0,634.0,655.0,687.0,694.0,705.0,759.0,778.0,859.0,860.0,921.0,931.0,931.0,990.0,
111.0,130.0,157.0,174.0,211.0,318.0,355.0,410.0,413.0,477.0,479.0,504.0,525.0,544.0,556.0,591.0,595.0,599.0,618.0,658.0,764.0,772.0,775.0,792.0,818.0,848.0,941.0,974.0,988.0,1000.0,
51.0,61.0,71.0,93.0,100.0,122.0,230.0,264.0,307.0,333.0,342.0,345.0,364.0,471.0,493.0,503.0,532.0,579.0,589.0,608.0,628.0,637.0,650.0,710.0,781.0,806.0,827.0,837.0,855.0,858.0,862.0,966.0,976.0,
9.0,49.0,87.0,121.0,262.0,273.0,278.0,318.0,332.0,381.0,388.0,398.0,440.0,489.0,626.0,666.0,684.0,697.0,701.0,722.0,730.0,733.0,773.0,775.0,779.0,790.0,818.0,842.0,869.0,883.0,892.0,934.0,935.0,943.0,957.0,975.0,
19.0,33.0,53.0,60.0,93.0,124.0,162.0,184.0,195.0,248.0,265.0,269.0,273.0,278.0,335.0,353.0,353.0,377.0,379.0,394.0,423.0,427.0,455.0,459.0,544.0,619.0,628.0,657.0,672.0,702.0,708.0,761.0,797.0,805.0,820.0,836.0,870.0,943.0,968.0,980.0,982.0,999.0,
8.0,18.0,22.0,27.0,46.0,116.0,129.0,140.0,192.0,228.0,242.0,243.0,257.0,262.0,320.0,329.0,341.0,409.0,435.0,459.0,479.0,503.0,514.0,531.0,533.0,651.0,711.0,746.0,748.0,765.0,794.0,806.0,812.0,813.0,916.0,963.0,978.0,984.0,985.0,996.0,
12.0,52.0,60.0,67.0,87.0,133.0,192.0,236.0,250.0,295.0,353.0,356.0,364.0,384.0,418.0,440.0,492.0,527.0,546.0,569.0,611.0,612.0,810.0,832.0,837.0,964.0,970.0,
45.0,66.0,68.0,107.0,134.0,138.0,143.0,172.0,173.0,185.0,218.0,238.0,309.0,351.0,355.0,389.0,392.0,482.0,482.0,498.0,527.0,587.0,642.0,687.0,703.0,709.0,731.0,774.0,886.0,892.0,893.0,937.0,972.0,
5.0,83.0,124.0,138.0,185.0,221.0,227.0,241.0,254.0,291.0,309.0,311.0,412.0,447.0,459.0,541.0,551.0,553.0,585.0,607.0,653.0,659.0,683.0,759.0,765.0,799.0,804.0,827.0,844.0,853.0,875.0,898.0,901.0,902.0,930.0,965.0,
15.0,68.0,69.0,102.0,107.0,175.0,254.0,270.0,272.0,274.0,278.0,283.0,283.0,319.0,327.0,334.0,371.0,427.0,454.0,536.0,558.0,593.0,610.0,645.0,655.0,699.0,708.0,793.0,997.0,
23.0,44.0,73.0,206.0,222.0,223.0,241.0,248.0,265.0,296.0,301.0,336.0,337.0,343.0,349.0,361.0,364.0,375.0,490.0,499.0,501.0,519.0,536.0,588.0,622.0,637.0,662.0,681.0,736.0,744.0,760.0,776.0,852.0,930.0,951.0,
15.0,23.0,55.0,69.0,78.0,119.0,180.0,197.0,199.0,215.0,226.0,235.0,273.0,311.0,350.0,355.0,369.0,369.0,372.0,439.0,473.0,478.0,479.0,564.0,581.0,659.0,695.0,804.0,822.0,838.0,840.0,849.0,891.0,950.0,
55.0,89.0,141.0,182.0,194.0,245.0,247.0,270.0,280.0,286.0,315.0,346.0,372.0,409.0,419.0,500.0,506.0,512.0,547.0,553.0,583.0,596.0,666.0,710.0,748.0,761.0,762.0,812.0,816.0,817.0,836.0,860.0,871.0,967.0,982.0,
28.0,37.0,49.0,98.0,128.0,133.0,184.0,226.0,251.0,284.0,286.0,288.0,301.0,335.0,483.0,501.0,516.0,554.0,578.0,589.0,593.0,715.0,803.0,846.0,848.0,937.0,
2.0,8.0,32.0,102.0,103.0,114.0,147.0,153.0,160.0,185.0,187.0,207.0,278.0,315.0,365.0,414.0,430.0,468.0,477.0,488.0,500.0,513.0,566.0,583.0,586.0,623.0,628.0,653.0,783.0,844.0,859.0,867.0,868.0,942.0,947.0,950.0,989.0,
7.0,15.0,24.0,30.0,76.0,94.0,146.0,154.0,179.0,195.0,202.0,224.0,243.0,266.0,306.0,310.0,339.0,396.0,406.0,432.0,494.0,509.0,530.0,567.0,589.0,678.0,689.0,699.0,727.0,757.0,771.0,777.0,804.0,854.0,970.0,972.0,
25.0,34.0,51.0,86.0,97.0,150.0,177.0,229.0,238.0,292.0,325.0,373.0,375.0,413.0,519.0,532.0,554.0,557.0,564.0,574.0,600.0,610.0,611.0,650.0,671.0,681.0,688.0,689.0,713.0,719.0,733.0,744.0,800.0,810.0,856.0,890.0,905.0,978.0,
10.0,27.0,40.0,41.0,87.0,102.0,118.0,274.0,322.0,324.0,336.0,338.0,354.0,365.0,389.0,426.0,428.0,465.0,470.0,492.0,512.0,513.0,533.0,537.0,538.0,540.0,542.0,543.0,557.0,565.0,577.0,589.0,601.0,601.0,609.0,620.0,625.0,631.0,653.0,654.0,655.0,671.0,673.0,677.0,710.0,715.0,738.0,760.0,774.0,800.0,801.0,826.0,847.0,850.0,873.0,879.0,887.0,908.0,913.0,925.0,934.0,962.0,968.0,972.0,985.0,986.0,993.0,
40.0,40.0,53.0,86.0,88.0,109.0,120.0,127.0,161.0,192.0,343.0,347.0,348.0,420.0,437.0,451.0,452.0,464.0,487.0,497.0,519.0,520.0,521.0,528.0,536.0,538.0,557.0,559.0,562.0,566.0,570.0,587.0,605.0,610.0,617.0,621.0,621.0,621.0,637.0,639.0,652.0,656.0,662.0,669.0,673.0,677.0,686.0,705.0,770.0,787.0,815.0,833.0,840.0,847.0,856.0,860.0,910.0,922.0,927.0,934.0,945.0,973.0,990.0,1000.0,
25.0,36.0,54.0,92.0,126.0,230.0,236.0,251.0,267.0,279.0,303.0,330.0,349.0,400.0,417.0,450.0,451.0,455.0,483.0,507.0,518.0,518.0,529.0,531.0,538.0,540.0,547.0,548.0,551.0,552.0,553.0,556.0,559.0,566.0,566.0,570.0,570.0,579.0,583.0,586.0,591.0,601.0,607.0,609.0,612.0,618.0,635.0,649.0,662.0,676.0,681.0,686.0,713.0,740.0,754.0,758.0,808.0,840.0,848.0,882.0,926.0,935.0,945.0,967.0,989.0,
7.0,14.0,84.0,118.0,174.0,174.0,186.0,192.0,202.0,220.0,226.0,238.0,258.0,272.0,281.0,363.0,380.0,481.0,497.0,533.0,535.0,540.0,549.0,611.0,628.0,628.0,642.0,665.0,691.0,767.0,848.0,895.0,915.0,946.0,
21.0,100.0,114.0,119.0,196.0,196.0,260.0,268.0,272.0,300.0,302.0,313.0,345.0,417.0,425.0,435.0,460.0,483.0,530.0,587.0,744.0,786.0,811.0,838.0,855.0,862.0,897.0,898.0,948.0,972.0,984.0,
20.0,42.0,77.0,81.0,82.0,138.0,184.0,185.0,196.0,224.0,228.0,234.0,252.0,317.0,337.0,348.0,388.0,400.0,415.0,415.0,471.0,523.0,547.0,554.0,564.0,573.0,595.0,613.0,618.0,641.0,695.0,696.0,705.0,733.0,810.0,883.0,923.0,934.0,960.0,994.0,
132.0,156.0,160.0,160.0,171.0,221.0,254.0,283.0,295.0,306.0,318.0,344.0,476.0,493.0,495.0,539.0,577.0,599.0,608.0,608.0,642.0,649.0,659.0,715.0,716.0,730.0,735.0,777.0,811.0,812.0,929.0,964.0,
44.0,88.0,94.0,106.0,213.0,215.0,221.0,229.0,240.0,272.0,297.0,343.0,357.0,377.0,382.0,400.0,404.0,473.0,496.0,516.0,561.0,604.0,618.0,635.0,654.0,676.0,688.0,692.0,840.0,907.0,945.0,960.0,974.0,994.0,
21.0,90.0,100.0,104.0,144.0,173.0,187.0,261.0,263.0,330.0,368.0,368.0,401.0,402.0,406.0,419.0,424.0,448.0,457.0,474.0,514.0,542.0,548.0,568.0,604.0,651.0,772.0,786.0,788.0,797.0,848.0,854.0,904.0,917.0,940.0,968.0,
17.0,30.0,44.0,59.0,69.0,115.0,131.0,151.0,192.0,267.0,278.0,286.0,298.0,319.0,371.0,396.0,419.0,429.0,454.0,463.0,515.0,526.0,529.0,532.0,548.0,556.0,557.0,560.0,561.0,563.0,566.0,592.0,594.0,595.0,600.0,601.0,608.0,615.0,625.0,625.0,626.0,665.0,670.0,687.0,692.0,708.0,712.0,713.0,718.0,722.0,728.0,738.0,741.0,745.0,750.0,756.0,759.0,761.0,775.0,776.0,780.0,798.0,803.0,823.0,825.0,826.0,833.0,874.0,899.0,900.0,905.0,910.0,916.0,941.0,945.0,956.0,
12.0,32.0,55.0,158.0,197.0,198.0,208.0,210.0,250.0,271.0,302.0,321.0,341.0,355.0,372.0,402.0,409.0,421.0,429.0,453.0,463.0,474.0,478.0,491.0,513.0,521.0,529.0,530.0,531.0,535.0,537.0,537.0,538.0,541.0,542.0,546.0,547.0,550.0,551.0,552.0,567.0,571.0,572.0,573.0,592.0,596.0,598.0,599.0,614.0,615.0,624.0,630.0,638.0,640.0,645.0,647.0,662.0,681.0,692.0,695.0,706.0,725.0,745.0,757.0,765.0,821.0,823.0,833.0,835.0,843.0,846.0,856.0,858.0,885.0,886.0,890.0,893.0,894.0,898.0,912.0,920.0,934.0,
12.0,13.0,48.0,85.0,103.0,127.0,149.0,162.0,174.0,176.0,184.0,239.0,247.0,260.0,309.0,309.0,366.0,374.0,393.0,402.0,416.0,445.0,463.0,476.0,513.0,522.0,524.0,531.0,535.0,537.0,541.0,546.0,546.0,551.0,551.0,556.0,565.0,574.0,574.0,578.0,585.0,593.0,599.0,601.0,608.0,622.0,636.0,641.0,660.0,677.0,686.0,709.0,716.0,724.0,725.0,746.0,748.0,755.0,772.0,777.0,803.0,806.0,857.0,891.0,899.0,913.0,932.0,937.0,995.0,
8.0,45.0,68.0,75.0,103.0,162.0,199.0,216.0,220.0,254.0,346.0,371.0,412.0,425.0,512.0,519.0,530.0,532.0,545.0,550.0,551.0,551.0,558.0,560.0,566.0,568.0,575.0,579.0,583.0,586.0,587.0,590.0,632.0,633.0,650.0,662.0,668.0,678.0,689.0,691.0,692.0,704.0,724.0,735.0,739.0,739.0,769.0,790.0,793.0,796.0,806.0,842.0,847.0,859.0,861.0,870.0,873.0,895.0,900.0,926.0,942.0,947.0,957.0,993.0,995.0,999.0,
18.0,30.0,49.0,51.0,55.0,82.0,90.0,96.0,99.0,158.0,193.0,264.0,271.0,273.0,276.0,380.0,389.0,398.0,409.0,440.0,486.0,507.0,512.0,519.0,529.0,542.0,556.0,562.0,566.0,568.0,572.0,575.0,583.0,584.0,586.0,613.0,614.0,616.0,634.0,636.0,643.0,646.0,663.0,668.0,685.0,705.0,710.0,720.0,724.0,728.0,734.0,738.0,766.0,778.0,781.0,800.0,842.0,844.0,844.0,866.0,868.0,896.0,905.0,909.0,924.0,932.0,939.0,948.0,967.0,996.0,
51.0,54.0,91.0,100.0,121.0,133.0,136.0,137.0,179.0,230.0,374.0,388.0,392.0,430.0,435.0,450.0,488.0,515.0,518.0,572.0,716.0,787.0,860.0,910.0,960.0,989.0,
78.0,96.0,153.0,171.0,180.0,181.0,211.0,246.0,319.0,319.0,331.0,334.0,339.0,411.0,439.0,478.0,547.0,576.0,584.0,654.0,687.0,729.0,753.0,754.0,804.0,804.0,846.0,864.0,873.0,916.0,937.0,956.0,991.0,
42.0,113.0,133.0,136.0,139.0,152.0,229.0,233.0,281.0,320.0,361.0,451.0,463.0,491.0,535.0,536.0,537.0,585.0,615.0,638.0,660.0,760.0,762.0,780.0,785.0,822.0,834.0,859.0,860.0,895.0,923.0,953.0,
8.0,37.0,54.0,95.0,101.0,147.0,177.0,209.0,235.0,264.0,302.0,308.0,345.0,360.0,401.0,404.0,442.0,495.0,547.0,573.0,597.0,600.0,607.0,624.0,640.0,642.0,649.0,659.0,669.0,726.0,726.0,751.0,820.0,834.0,852.0,891.0,933.0,955.0,962.0,971.0,974.0,
27.0,32.0,76.0,81.0,101.0,114.0,145.0,187.0,199.0,221.0,253.0,279.0,374.0,396.0,442.0,537.0,570.0,633.0,655.0,683.0,740.0,769.0,797.0,825.0,926.0,942.0,971.0,
102.0,122.0,132.0,181.0,237.0,251.0,297.0,311.0,358.0,359.0,373.0,388.0,431.0,431.0,442.0,489.0,493.0,505.0,515.0,518.0,520.0,527.0,530.0,534.0,535.0,538.0,542.0,553.0,554.0,567.0,567.0,569.0,570.0,572.0,573.0,576.0,576.0,594.0,603.0,621.0,628.0,633.0,645.0,648.0,662.0,684.0,698.0,700.0,701.0,705.0,713.0,719.0,734.0,737.0,782.0,783.0,816.0,833.0,834.0,854.0,855.0,856.0,897.0,923.0,942.0,975.0,992.0,
17.0,28.0,89.0,113.0,145.0,153.0,174.0,195.0,279.0,310.0,334.0,411.0,427.0,446.0,494.0,495.0,503.0,523.0,527.0,527.0,529.0,532.0,533.0,539.0,548.0,551.0,553.0,554.0,557.0,561.0,570.0,570.0,579.0,585.0,585.0,590.0,594.0,596.0,597.0,600.0,606.0,619.0,653.0,659.0,667.0,670.0,670.0,674.0,682.0,700.0,725.0,726.0,785.0,789.0,794.0,812.0,816.0,823.0,826.0,833.0,836.0,878.0,891.0,892.0,896.0,903.0,909.0,952.0,958.0,988.0,988.0,997.0,
45.0,131.0,152.0,181.0,347.0,381.0,406.0,409.0,465.0,489.0,493.0,505.0,513.0,520.0,525.0,526.0,534.0,538.0,541.0,546.0,552.0,562.0,564.0,568.0,572.0,579.0,586.0,587.0,597.0,600.0,604.0,622.0,627.0,634.0,637.0,645.0,665.0,666.0,667.0,669.0,691.0,692.0,697.0,698.0,712.0,713.0,723.0,756.0,787.0,792.0,798.0,801.0,829.0,833.0,835.0,849.0,897.0,905.0,968.0,976.0,
50.0,146.0,152.0,179.0,184.0,195.0,197.0,245.0,290.0,359.0,440.0,466.0,502.0,515.0,522.0,533.0,534.0,538.0,543.0,546.0,552.0,552.0,553.0,555.0,557.0,559.0,568.0,568.0,570.0,572.0,573.0,575.0,583.0,601.0,603.0,605.0,608.0,609.0,615.0,617.0,629.0,629.0,630.0,638.0,645.0,647.0,656.0,656.0,661.0,671.0,673.0,732.0,737.0,746.0,762.0,784.0,785.0,794.0,797.0,809.0,814.0,826.0,837.0,839.0,847.0,858.0,878.0,885.0,902.0,916.0,921.0,941.0,985.0,987.0,
97.0,177.0,242.0,251.0,281.0,314.0,459.0,503.0,521.0,522.0,532.0,538.0,539.0,545.0,547.0,551.0,556.0,562.0,564.0,565.0,574.0,580.0,581.0,590.0,595.0,599.0,602.0,621.0,624.0,653.0,654.0,654.0,661.0,661.0,668.0,668.0,670.0,681.0,695.0,706.0,721.0,725.0,744.0,750.0,757.0,786.0,803.0,805.0,809.0,812.0,822.0,827.0,843.0,844.0,845.0,848.0,864.0,884.0,917.0,930.0,932.0,941.0,942.0,942.0,946.0,978.0,989.0,992.0,993.0,
27.0,68.0,85.0,94.0,120.0,194.0,215.0,239.0,277.0,291.0,321.0,335.0,343.0,389.0,427.0,497.0,512.0,521.0,528.0,588.0,625.0,748.0,800.0,804.0,822.0,901.0,911.0,937.0,
34.0,73.0,76.0,169.0,171.0,199.0,249.0,282.0,282.0,283.0,293.0,325.0,383.0,389.0,409.0,456.0,465.0,550.0,599.0,692.0,708.0,736.0,742.0,766.0,822.0,832.0,871.0,890.0,890.0,900.0,930.0,957.0,974.0,
24.0,34.0,46.0,146.0,154.0,160.0,184.0,244.0,254.0,278.0,278.0,279.0,321.0,361.0,372.0,405.0,471.0,490.0,499.0,548.0,550.0,578.0,614.0,634.0,641.0,679.0,698.0,714.0,736.0,778.0,800.0,831.0,892.0,949.0,
13.0,22.0,106.0,118.0,128.0,153.0,186.0,192.0,196.0,205.0,217.0,403.0,496.0,521.0,534.0,585.0,594.0,658.0,713.0,727.0,741.0,824.0,866.0,875.0,876.0,877.0,985.0,988.0,
13.0,47.0,81.0,90.0,106.0,107.0,126.0,195.0,206.0,208.0,210.0,304.0,341.0,407.0,409.0,411.0,438.0,444.0,449.0,495.0,511.0,511.0,513.0,519.0,536.0,604.0,752.0,786.0,796.0,824.0,827.0,859.0,889.0,893.0,895.0,952.0,965.0,
64.0,79.0,113.0,134.0,150.0,171.0,185.0,308.0,343.0,348.0,374.0,408.0,463.0,478.0,490.0,512.0,515.0,525.0,528.0,533.0,543.0,550.0,553.0,560.0,563.0,566.0,578.0,584.0,591.0,593.0,595.0,597.0,604.0,604.0,611.0,628.0,634.0,634.0,638.0,639.0,670.0,678.0,700.0,706.0,710.0,712.0,735.0,746.0,756.0,774.0,777.0,801.0,812.0,815.0,842.0,888.0,896.0,898.0,910.0,912.0,915.0,917.0,935.0,948.0,949.0,952.0,960.0,961.0,970.0,992.0,994.0,
28.0,67.0,85.0,125.0,134.0,141.0,153.0,166.0,205.0,213.0,252.0,283.0,341.0,427.0,473.0,488.0,513.0,515.0,523.0,523.0,530.0,530.0,530.0,530.0,531.0,535.0,543.0,547.0,548.0,550.0,564.0,565.0,571.0,576.0,581.0,591.0,595.0,603.0,605.0,606.0,608.0,614.0,615.0,660.0,663.0,679.0,721.0,723.0,726.0,755.0,775.0,776.0,800.0,841.0,848.0,856.0,904.0,925.0,936.0,940.0,944.0,951.0,955.0,970.0,971.0,989.0,
9.0,9.0,19.0,36.0,63.0,100.0,133.0,145.0,147.0,153.0,155.0,158.0,163.0,204.0,238.0,363.0,366.0,370.0,410.0,434.0,442.0,452.0,473.0,473.0,511.0,513.0,520.0,522.0,530.0,530.0,533.0,536.0,536.0,539.0,546.0,549.0,552.0,553.0,553.0,562.0,563.0,566.0,567.0,569.0,574.0,587.0,588.0,589.0,592.0,593.0,603.0,632.0,635.0,641.0,653.0,657.0,659.0,669.0,673.0,762.0,768.0,773.0,787.0,817.0,834.0,867.0,867.0,884.0,896.0,911.0,937.0,962.0,971.0,972.0,974.0,991.0,
3.0,42.0,65.0,96.0,116.0,122.0,135.0,191.0,192.0,200.0,202.0,203.0,214.0,224.0,225.0,226.0,249.0,276.0,293.0,301.0,339.0,355.0,374.0,397.0,402.0,410.0,419.0,420.0,471.0,506.0,521.0,523.0,528.0,531.0,531.0,531.0,533.0,534.0,535.0,537.0,543.0,547.0,554.0,557.0,558.0,560.0,560.0,560.0,568.0,570.0,571.0,579.0,580.0,582.0,583.0,592.0,598.0,609.0,612.0,614.0,621.0,641.0,650.0,667.0,669.0,671.0,687.0,689.0,690.0,690.0,701.0,703.0,716.0,717.0,735.0,735.0,736.0,742.0,744.0,746.0,773.0,778.0,788.0,836.0,836.0,852.0,858.0,861.0,887.0,894.0,895.0,895.0,916.0,918.0,955.0,963.0,970.0,982.0,986.0,
25.0,36.0,68.0,139.0,141.0,152.0,174.0,221.0,232.0,261.0,340.0,359.0,362.0,388.0,459.0,489.0,498.0,523.0,524.0,530.0,537.0,539.0,542.0,543.0,554.0,556.0,556.0,562.0,564.0,570.0,585.0,585.0,592.0,608.0,610.0,631.0,633.0,653.0,676.0,685.0,706.0,729.0,751.0,758.0,793.0,814.0,822.0,828.0,832.0,833.0,842.0,845.0,869.0,876.0,903.0,927.0,978.0,991.0,
12.0,25.0,154.0,168.0,178.0,217.0,225.0,250.0,291.0,331.0,341.0,381.0,439.0,476.0,529.0,572.0,609.0,652.0,659.0,660.0,682.0,757.0,793.0,803.0,877.0,939.0,984.0,
12.0,37.0,41.0,43.0,63.0,132.0,137.0,181.0,207.0,207.0,245.0,253.0,282.0,289.0,296.0,309.0,335.0,356.0,363.0,431.0,455.0,463.0,470.0,482.0,489.0,494.0,521.0,591.0,676.0,679.0,712.0,780.0,823.0,986.0,991.0,
7.0,25.0,97.0,124.0,136.0,154.0,268.0,288.0,304.0,371.0,375.0,378.0,419.0,432.0,462.0,467.0,472.0,488.0,493.0,541.0,543.0,551.0,583.0,607.0,623.0,684.0,687.0,695.0,747.0,753.0,765.0,779.0,791.0,819.0,824.0,887.0,999.0,
37.0,56.0,111.0,150.0,165.0,192.0,206.0,217.0,256.0,298.0,310.0,361.0,371.0,378.0,411.0,412.0,429.0,456.0,470.0,487.0,522.0,591.0,634.0,705.0,730.0,769.0,785.0,793.0,805.0,873.0,879.0,919.0,934.0,940.0,978.0,978.0,
9.0,21.0,42.0,64.0,77.0,94.0,168.0,225.0,234.0,237.0,279.0,288.0,290.0,292.0,298.0,338.0,345.0,422.0,442.0,446.0,470.0,472.0,498.0,559.0,587.0,618.0,631.0,675.0,711.0,720.0,809.0,831.0,874.0,874.0,989.0,991.0,
46.0,68.0,79.0,102.0,128.0,136.0,147.0,170.0,223.0,254.0,350.0,386.0,418.0,436.0,482.0,500.0,509.0,516.0,551.0,562.0,610.0,612.0,615.0,641.0,643.0,739.0,829.0,829.0,872.0,876.0,926.0,981.0,
19.0,64.0,71.0,78.0,147.0,175.0,188.0,203.0,216.0,228.0,245.0,260.0,266.0,274.0,332.0,340.0,386.0,391.0,463.0,488.0,500.0,506.0,510.0,532.0,537.0,560.0,567.0,568.0,576.0,585.0,590.0,593.0,595.0,595.0,601.0,604.0,608.0,613.0,614.0,615.0,625.0,631.0,633.0,663.0,665.0,666.0,667.0,670.0,673.0,690.0,701.0,740.0,752.0,763.0,770.0,786.0,786.0,787.0,811.0,814.0,816.0,825.0,851.0,880.0,893.0,898.0,902.0,906.0,924.0,935.0,940.0,941.0,947.0,970.0,985.0,992.0,
15.0,54.0,58.0,86.0,171.0,173.0,175.0,180.0,200.0,234.0,234.0,301.0,312.0,392.0,420.0,428.0,470.0,475.0,480.0,515.0,523.0,526.0,529.0,531.0,543.0,554.0,556.0,568.0,571.0,575.0,579.0,587.0,593.0,595.0,595.0,597.0,597.0,605.0,608.0,612.0,617.0,621.0,630.0,635.0,637.0,640.0,660.0,672.0,682.0,684.0,692.0,700.0,704.0,716.0,740.0,752.0,776.0,785.0,788.0,793.0,807.0,809.0,817.0,824.0,827.0,833.0,842.0,859.0,861.0,881.0,886.0,899.0,904.0,919.0,920.0,946.0,962.0,963.0,963.0,967.0,977.0,978.0,999.0,
15.0,36.0,39.0,82.0,99.0,101.0,117.0,219.0,239.0,255.0,302.0,305.0,334.0,357.0,378.0,401.0,428.0,469.0,486.0,518.0,521.0,532.0,536.0,542.0,547.0,550.0,552.0,553.0,566.0,579.0,582.0,593.0,599.0,635.0,666.0,669.0,678.0,679.0,691.0,709.0,711.0,733.0,733.0,755.0,762.0,788.0,795.0,801.0,810.0,815.0,823.0,830.0,889.0,897.0,913.0,933.0,950.0,977.0,
3.0,18.0,47.0,49.0,87.0,90.0,103.0,113.0,186.0,210.0,228.0,261.0,287.0,303.0,371.0,520.0,531.0,540.0,542.0,551.0,572.0,664.0,666.0,679.0,717.0,721.0,733.0,736.0,783.0,847.0,858.0,899.0,901.0,927.0,945.0,967.0,997.0,
39.0,98.0,173.0,194.0,204.0,205.0,207.0,293.0,300.0,315.0,329.0,336.0,386.0,460.0,513.0,571.0,633.0,771.0,779.0,800.0,804.0,809.0,813.0,847.0,955.0,964.0,1000.0,
50.0,132.0,136.0,141.0,209.0,321.0,331.0,338.0,390.0,420.0,449.0,461.0,503.0,523.0,536.0,536.0,589.0,590.0,622.0,632.0,639.0,713.0,729.0,768.0,782.0,782.0,820.0,841.0,855.0,856.0,858.0,861.0,954.0,980.0,980.0,
32.0,35.0,57.0,64.0,105.0,108.0,238.0,248.0,280.0,315.0,316.0,348.0,374.0,376.0,412.0,491.0,499.0,510.0,530.0,530.0,613.0,614.0,630.0,671.0,703.0,717.0,733.0,816.0,818.0,824.0,916.0,925.0,929.0,932.0,968.0,973.0,989.0,
18.0,19.0,30.0,83.0,119.0,121.0,134.0,144.0,145.0,167.0,192.0,206.0,218.0,224.0,230.0,239.0,242.0,258.0,263.0,264.0,279.0,287.0,312.0,326.0,335.0,357.0,371.0,401.0,449.0,461.0,530.0,559.0,564.0,565.0,573.0,604.0,611.0,630.0,667.0,670.0,724.0,738.0,755.0,780.0,780.0,787.0,794.0,802.0,836.0,854.0,856.0,873.0,901.0,915.0,922.0,951.0,
63.0,67.0,98.0,132.0,168.0,177.0,195.0,228.0,259.0,263.0,289.0,310.0,318.0,356.0,369.0,371.0,375.0,413.0,453.0,465.0,515.0,539.0,571.0,577.0,639.0,654.0,667.0,678.0,712.0,719.0,764.0,777.0,784.0,813.0,829.0,850.0,870.0,871.0,901.0,917.0,917.0,919.0,929.0,969.0,998.0,
53.0,66.0,100.0,135.0,170.0,184.0,202.0,205.0,235.0,242.0,257.0,272.0,294.0,329.0,361.0,405.0,427.0,433.0,438.0,492.0,508.0,523.0,524.0,524.0,559.0,641.0,660.0,728.0,785.0,832.0,976.0,
2.0,7.0,27.0,43.0,66.0,67.0,93.0,130.0,131.0,136.0,148.0,179.0,190.0,207.0,237.0,257.0,283.0,285.0,324.0,344.0,364.0,374.0,393.0,395.0,453.0,721.0,767.0,837.0,860.0,890.0,955.0,960.0,982.0,996.0,
11.0,35.0,37.0,119.0,145.0,148.0,159.0,167.0,172.0,178.0,184.0,217.0,221.0,224.0,226.0,232.0,286.0,335.0,353.0,376.0,394.0,485.0,487.0,488.0,500.0,520.0,535.0,572.0,587.0,604.0,607.0,615.0,624.0,637.0,773.0,967.0,
10.0,36.0,113.0,121.0,146.0,159.0,173.0,180.0,189.0,214.0,219.0,220.0,237.0,414.0,417.0,421.0,423.0,437.0,442.0,465.0,473.0,487.0,490.0,519.0,521.0,550.0,625.0,689.0,692.0,710.0,778.0,781.0,826.0,891.0,897.0,910.0,911.0,
20.0,25.0,66.0,75.0,99.0,111.0,188.0,222.0,339.0,365.0,532.0,578.0,584.0,609.0,609.0,641.0,669.0,670.0,701.0,707.0,728.0,746.0,800.0,806.0,867.0,902.0,912.0,916.0,926.0,961.0,964.0,
114.0,150.0,197.0,207.0,210.0,299.0,319.0,334.0,392.0,444.0,452.0,481.0,481.0,517.0,519.0,521.0,545.0,548.0,559.0,579.0,582.0,628.0,636.0,639.0,660.0,688.0,689.0,720.0,746.0,772.0,804.0,818.0,908.0,939.0,986.0,
5.0,44.0,71.0,80.0,103.0,177.0,186.0,206.0,247.0,262.0,270.0,273.0,274.0,286.0,310.0,322.0,341.0,357.0,367.0,414.0,436.0,439.0,455.0,490.0,494.0,502.0,512.0,555.0,567.0,574.0,600.0,629.0,641.0,641.0,657.0,665.0,700.0,752.0,764.0,783.0,825.0,844.0,844.0,859.0,863.0,916.0,940.0,988.0,991.0,991.0,
36.0,40.0,59.0,65.0,138.0,169.0,189.0,228.0,249.0,257.0,273.0,348.0,370.0,382.0,386.0,400.0,403.0,407.0,424.0,424.0,443.0,472.0,477.0,516.0,553.0,554.0,584.0,600.0,628.0,701.0,729.0,753.0,791.0,846.0,933.0,933.0,964.0,988.0,
51.0,88.0,100.0,205.0,304.0,351.0,369.0,443.0,523.0,536.0,563.0,576.0,602.0,614.0,645.0,678.0,685.0,695.0,711.0,716.0,726.0,732.0,758.0,763.0,768.0,772.0,865.0,885.0,886.0,916.0,919.0,
8.0,15.0,70.0,91.0,96.0,125.0,176.0,320.0,323.0,342.0,357.0,384.0,404.0,420.0,438.0,467.0,471.0,488.0,513.0,656.0,666.0,686.0,696.0,775.0,790.0,794.0,829.0,830.0,865.0,876.0,878.0,885.0,893.0,895.0,896.0,920.0,924.0,958.0,
3.0,44.0,46.0,84.0,118.0,124.0,127.0,139.0,206.0,229.0,246.0,286.0,298.0,304.0,314.0,341.0,344.0,383.0,389.0,414.0,431.0,443.0,468.0,476.0,486.0,531.0,596.0,615.0,690.0,715.0,731.0,747.0,754.0,826.0,840.0,856.0,870.0,930.0,936.0,957.0,985.0,
6.0,23.0,30.0,84.0,91.0,118.0,179.0,212.0,237.0,257.0,263.0,282.0,295.0,316.0,376.0,406.0,410.0,418.0,424.0,425.0,427.0,510.0,571.0,619.0,650.0,677.0,684.0,692.0,720.0,722.0,780.0,788.0,799.0,806.0,809.0,884.0,888.0,973.0,
63.0,91.0,110.0,134.0,225.0,229.0,249.0,286.0,298.0,338.0,377.0,436.0,464.0,482.0,508.0,508.0,521.0,525.0,530.0,544.0,579.0,591.0,614.0,627.0,627.0,630.0,710.0,716.0,779.0,795.0,795.0,818.0,838.0,851.0,888.0,901.0,904.0,983.0,
40.0,50.0,58.0,60.0,66.0,106.0,132.0,167.0,172.0,176.0,176.0,209.0,268.0,285.0,298.0,316.0,513.0,521.0,522.0,526.0,537.0,551.0,563.0,579.0,581.0,617.0,676.0,702.0,710.0,718.0,733.0,739.0,771.0,794.0,830.0,910.0,914.0,918.0,966.0,984.0,989.0,
107.0,203.0,221.0,233.0,234.0,267.0,283.0,307.0,320.0,395.0,398.0,402.0,468.0,530.0,537.0,545.0,573.0,606.0,620.0,667.0,808.0,839.0,877.0,921.0,971.0,980.0,
2.0,59.0,63.0,75.0,86.0,99.0,116.0,152.0,160.0,208.0,271.0,272.0,297.0,347.0,356.0,360.0,364.0,373.0,419.0,425.0,489.0,554.0,554.0,592.0,621.0,621.0,623.0,643.0,730.0,740.0,743.0,747.0,824.0,826.0,889.0,
30.0,30.0,84.0,115.0,176.0,177.0,259.0,262.0,267.0,316.0,321.0,359.0,372.0,389.0,450.0,456.0,466.0,476.0,497.0,501.0,518.0,538.0,568.0,594.0,716.0,754.0,767.0,778.0,785.0,801.0,804.0,845.0,857.0,900.0,933.0,944.0,963.0,972.0,981.0,
