25.0,81.0,104.0,175.0,187.0,238.0,266.0,279.0,306.0,311.0,315.0,342.0,349.0,388.0,454.0,460.0,469.0,607.0,635.0,646.0,677.0,708.0,725.0,757.0,825.0,858.0,891.0,906.0,931.0,931.0,1000.0,
19.0,47.0,66.0,75.0,99.0,167.0,189.0,223.0,225.0,313.0,328.0,347.0,453.0,461.0,478.0,483.0,509.0,515.0,590.0,634.0,640.0,647.0,675.0,677.0,678.0,678.0,679.0,683.0,725.0,755.0,760.0,776.0,800.0,886.0,912.0,930.0,
5.0,10.0,14.0,41.0,60.0,147.0,151.0,154.0,160.0,196.0,226.0,317.0,332.0,378.0,387.0,388.0,448.0,473.0,561.0,611.0,641.0,690.0,764.0,784.0,794.0,812.0,886.0,914.0,924.0,959.0,
95.0,99.0,142.0,143.0,158.0,164.0,227.0,236.0,240.0,243.0,258.0,286.0,314.0,322.0,345.0,376.0,415.0,450.0,475.0,586.0,588.0,618.0,626.0,649.0,692.0,724.0,740.0,799.0,815.0,886.0,887.0,898.0,915.0,923.0,982.0,
6.0,34.0,39.0,44.0,44.0,53.0,75.0,142.0,147.0,191.0,205.0,282.0,302.0,314.0,332.0,366.0,367.0,413.0,416.0,442.0,479.0,528.0,529.0,542.0,547.0,575.0,577.0,605.0,612.0,636.0,650.0,666.0,678.0,679.0,686.0,768.0,810.0,845.0,854.0,880.0,915.0,958.0,983.0,
91.0,111.0,122.0,169.0,180.0,193.0,194.0,262.0,291.0,323.0,351.0,394.0,413.0,471.0,501.0,502.0,523.0,547.0,556.0,564.0,598.0,639.0,645.0,668.0,675.0,678.0,682.0,684.0,711.0,711.0,771.0,777.0,789.0,869.0,882.0,886.0,910.0,945.0,970.0,973.0,
46.0,53.0,64.0,67.0,78.0,114.0,139.0,152.0,170.0,203.0,263.0,270.0,307.0,340.0,344.0,369.0,381.0,391.0,412.0,451.0,555.0,559.0,669.0,708.0,764.0,827.0,835.0,848.0,852.0,860.0,879.0,879.0,884.0,895.0,896.0,964.0,980.0,989.0,
9.0,95.0,96.0,142.0,145.0,145.0,217.0,217.0,227.0,256.0,274.0,288.0,296.0,331.0,337.0,368.0,424.0,430.0,432.0,432.0,432.0,472.0,529.0,537.0,546.0,566.0,577.0,652.0,716.0,736.0,744.0,781.0,797.0,819.0,839.0,851.0,856.0,884.0,978.0,978.0,995.0,
41.0,42.0,60.0,66.0,92.0,92.0,93.0,93.0,99.0,160.0,171.0,208.0,279.0,292.0,378.0,389.0,406.0,434.0,442.0,453.0,453.0,457.0,459.0,474.0,500.0,574.0,598.0,608.0,610.0,611.0,615.0,640.0,755.0,796.0,820.0,828.0,855.0,856.0,954.0,980.0,987.0,
31.0,60.0,77.0,119.0,124.0,133.0,135.0,138.0,146.0,242.0,275.0,282.0,282.0,285.0,294.0,325.0,342.0,346.0,391.0,394.0,424.0,426.0,428.0,475.0,480.0,505.0,529.0,579.0,639.0,649.0,655.0,659.0,689.0,695.0,698.0,712.0,720.0,740.0,740.0,769.0,771.0,787.0,791.0,796.0,812.0,844.0,873.0,897.0,907.0,940.0,945.0,948.0,965.0,971.0,
21.0,34.0,45.0,92.0,96.0,111.0,119.0,124.0,139.0,196.0,234.0,239.0,263.0,269.0,276.0,279.0,316.0,344.0,390.0,411.0,414.0,422.0,478.0,489.0,504.0,519.0,544.0,546.0,595.0,618.0,662.0,663.0,663.0,703.0,744.0,759.0,793.0,829.0,878.0,885.0,912.0,924.0,960.0,987.0,
81.0,88.0,143.0,152.0,155.0,228.0,235.0,243.0,262.0,269.0,330.0,333.0,360.0,406.0,410.0,411.0,413.0,422.0,436.0,493.0,495.0,510.0,576.0,577.0,580.0,638.0,638.0,643.0,653.0,680.0,692.0,712.0,723.0,784.0,793.0,800.0,807.0,834.0,863.0,903.0,954.0,
84.0,108.0,139.0,213.0,234.0,246.0,260.0,300.0,302.0,322.0,356.0,409.0,458.0,611.0,628.0,641.0,659.0,761.0,793.0,804.0,810.0,879.0,894.0,956.0,982.0,
5.0,31.0,35.0,44.0,70.0,78.0,110.0,131.0,146.0,158.0,187.0,216.0,221.0,289.0,295.0,373.0,377.0,412.0,432.0,445.0,469.0,470.0,526.0,563.0,596.0,598.0,602.0,649.0,652.0,670.0,709.0,733.0,758.0,788.0,814.0,817.0,826.0,855.0,868.0,883.0,926.0,968.0,985.0,987.0,992.0,997.0,
127.0,159.0,162.0,163.0,219.0,223.0,249.0,258.0,268.0,275.0,276.0,284.0,316.0,316.0,326.0,339.0,363.0,372.0,410.0,458.0,482.0,487.0,498.0,510.0,565.0,577.0,583.0,617.0,673.0,675.0,683.0,725.0,730.0,734.0,800.0,801.0,819.0,854.0,860.0,861.0,903.0,908.0,941.0,
5.0,19.0,21.0,29.0,55.0,56.0,83.0,96.0,116.0,206.0,219.0,254.0,262.0,275.0,289.0,326.0,336.0,348.0,351.0,356.0,364.0,365.0,366.0,413.0,447.0,460.0,474.0,486.0,488.0,570.0,613.0,617.0,621.0,621.0,625.0,645.0,667.0,680.0,696.0,703.0,740.0,751.0,758.0,782.0,806.0,879.0,891.0,931.0,948.0,957.0,
37.0,121.0,228.0,252.0,264.0,288.0,315.0,356.0,401.0,409.0,426.0,427.0,484.0,486.0,551.0,600.0,719.0,725.0,746.0,759.0,769.0,780.0,820.0,861.0,868.0,876.0,882.0,892.0,904.0,914.0,925.0,926.0,927.0,951.0,971.0,974.0,978.0,998.0,
36.0,38.0,42.0,122.0,159.0,269.0,278.0,293.0,350.0,435.0,455.0,457.0,474.0,551.0,551.0,572.0,598.0,605.0,618.0,631.0,663.0,669.0,817.0,846.0,855.0,860.0,876.0,894.0,907.0,920.0,934.0,
8.0,9.0,15.0,53.0,96.0,116.0,117.0,120.0,168.0,227.0,279.0,358.0,421.0,428.0,459.0,475.0,557.0,570.0,597.0,603.0,616.0,638.0,703.0,706.0,731.0,731.0,808.0,851.0,942.0,989.0,
3.0,5.0,16.0,21.0,49.0,72.0,113.0,127.0,152.0,157.0,191.0,227.0,259.0,297.0,302.0,317.0,327.0,341.0,383.0,393.0,400.0,407.0,415.0,422.0,448.0,455.0,501.0,533.0,543.0,619.0,626.0,662.0,685.0,691.0,712.0,730.0,743.0,753.0,757.0,787.0,863.0,911.0,920.0,932.0,946.0,955.0,967.0,979.0,
3.0,46.0,71.0,89.0,118.0,118.0,132.0,162.0,192.0,299.0,309.0,376.0,401.0,419.0,430.0,432.0,449.0,471.0,475.0,496.0,515.0,526.0,539.0,554.0,599.0,609.0,618.0,619.0,622.0,692.0,699.0,720.0,749.0,806.0,813.0,816.0,853.0,886.0,890.0,895.0,923.0,953.0,968.0,986.0,
12.0,99.0,113.0,186.0,209.0,213.0,254.0,292.0,297.0,302.0,316.0,331.0,339.0,376.0,382.0,383.0,407.0,409.0,420.0,435.0,457.0,466.0,480.0,518.0,525.0,549.0,581.0,598.0,604.0,612.0,643.0,653.0,682.0,703.0,714.0,752.0,756.0,759.0,800.0,838.0,839.0,851.0,853.0,882.0,946.0,
5.0,10.0,21.0,38.0,86.0,91.0,169.0,177.0,186.0,191.0,209.0,214.0,228.0,232.0,249.0,301.0,360.0,364.0,388.0,400.0,405.0,485.0,493.0,497.0,514.0,569.0,625.0,675.0,691.0,761.0,779.0,827.0,829.0,839.0,856.0,862.0,902.0,909.0,917.0,921.0,931.0,973.0,
87.0,91.0,181.0,189.0,204.0,216.0,222.0,223.0,251.0,283.0,326.0,368.0,375.0,453.0,475.0,495.0,513.0,598.0,608.0,659.0,668.0,679.0,698.0,700.0,702.0,729.0,739.0,755.0,758.0,760.0,769.0,794.0,815.0,847.0,886.0,
22.0,70.0,103.0,113.0,136.0,190.0,298.0,369.0,425.0,440.0,462.0,478.0,497.0,823.0,
7.0,56.0,90.0,134.0,160.0,228.0,229.0,236.0,289.0,290.0,377.0,392.0,457.0,507.0,
14.0,39.0,46.0,52.0,63.0,131.0,209.0,229.0,255.0,288.0,294.0,294.0,379.0,435.0,437.0,451.0,476.0,488.0,499.0,501.0,790.0,
3.0,26.0,35.0,43.0,44.0,47.0,76.0,112.0,147.0,151.0,155.0,169.0,187.0,215.0,283.0,322.0,395.0,455.0,456.0,472.0,494.0,514.0,618.0,650.0,686.0,686.0,743.0,780.0,802.0,812.0,860.0,903.0,916.0,917.0,923.0,939.0,987.0,
27.0,41.0,84.0,99.0,112.0,140.0,206.0,271.0,311.0,322.0,339.0,363.0,374.0,420.0,427.0,443.0,457.0,460.0,551.0,589.0,644.0,656.0,659.0,691.0,693.0,713.0,717.0,743.0,757.0,908.0,948.0,961.0,990.0,1000.0,
13.0,19.0,24.0,29.0,34.0,42.0,57.0,77.0,116.0,136.0,215.0,229.0,301.0,483.0,504.0,507.0,524.0,533.0,540.0,554.0,560.0,584.0,595.0,612.0,643.0,660.0,665.0,705.0,717.0,804.0,824.0,835.0,838.0,878.0,879.0,915.0,926.0,942.0,974.0,985.0,993.0,997.0,997.0,
17.0,46.0,79.0,130.0,151.0,153.0,170.0,183.0,215.0,263.0,313.0,337.0,349.0,351.0,398.0,443.0,489.0,510.0,540.0,545.0,621.0,643.0,673.0,677.0,692.0,701.0,702.0,795.0,798.0,798.0,805.0,843.0,880.0,891.0,893.0,899.0,904.0,925.0,943.0,
31.0,45.0,82.0,90.0,128.0,136.0,138.0,192.0,194.0,213.0,263.0,310.0,319.0,328.0,340.0,350.0,355.0,374.0,402.0,427.0,433.0,452.0,501.0,505.0,538.0,547.0,605.0,616.0,639.0,710.0,737.0,749.0,751.0,756.0,819.0,820.0,829.0,912.0,927.0,931.0,944.0,994.0,
6.0,30.0,49.0,71.0,82.0,149.0,164.0,194.0,213.0,223.0,239.0,283.0,323.0,389.0,390.0,391.0,450.0,459.0,468.0,473.0,488.0,494.0,514.0,610.0,637.0,689.0,735.0,744.0,883.0,895.0,903.0,942.0,944.0,970.0,995.0,
20.0,48.0,91.0,98.0,172.0,182.0,201.0,248.0,300.0,313.0,313.0,315.0,399.0,415.0,462.0,480.0,484.0,506.0,
2.0,5.0,22.0,24.0,158.0,174.0,205.0,261.0,282.0,300.0,306.0,309.0,324.0,408.0,418.0,446.0,452.0,452.0,485.0,500.0,501.0,
19.0,19.0,25.0,132.0,147.0,173.0,191.0,203.0,204.0,250.0,276.0,337.0,340.0,390.0,390.0,398.0,412.0,420.0,441.0,463.0,977.0,
40.0,66.0,79.0,95.0,110.0,116.0,120.0,135.0,148.0,155.0,206.0,226.0,241.0,269.0,283.0,323.0,355.0,398.0,426.0,498.0,962.0,
3.0,6.0,34.0,78.0,98.0,138.0,182.0,240.0,315.0,329.0,347.0,354.0,450.0,
74.0,85.0,115.0,125.0,155.0,157.0,216.0,220.0,228.0,233.0,245.0,249.0,294.0,315.0,316.0,379.0,395.0,425.0,430.0,446.0,516.0,599.0,615.0,618.0,635.0,688.0,694.0,724.0,741.0,860.0,861.0,865.0,892.0,983.0,993.0,
31.0,32.0,39.0,63.0,82.0,84.0,128.0,159.0,221.0,318.0,405.0,483.0,485.0,516.0,549.0,588.0,630.0,640.0,660.0,677.0,693.0,710.0,711.0,730.0,752.0,768.0,781.0,796.0,820.0,820.0,833.0,860.0,862.0,863.0,864.0,872.0,874.0,919.0,919.0,
11.0,19.0,94.0,165.0,171.0,207.0,229.0,263.0,276.0,282.0,312.0,385.0,387.0,402.0,409.0,421.0,459.0,492.0,495.0,528.0,583.0,615.0,657.0,677.0,684.0,697.0,715.0,739.0,767.0,774.0,783.0,813.0,817.0,824.0,875.0,890.0,906.0,908.0,909.0,919.0,950.0,960.0,997.0,1000.0,
13.0,35.0,39.0,46.0,90.0,112.0,114.0,115.0,127.0,145.0,208.0,211.0,221.0,234.0,295.0,315.0,329.0,336.0,341.0,362.0,364.0,367.0,368.0,381.0,435.0,470.0,489.0,504.0,572.0,631.0,667.0,678.0,698.0,712.0,718.0,723.0,723.0,735.0,762.0,788.0,802.0,830.0,841.0,845.0,848.0,864.0,871.0,899.0,935.0,945.0,948.0,954.0,
10.0,54.0,120.0,138.0,149.0,263.0,270.0,305.0,365.0,377.0,381.0,448.0,448.0,875.0,996.0,
12.0,36.0,59.0,135.0,138.0,167.0,183.0,190.0,231.0,272.0,319.0,350.0,355.0,358.0,396.0,420.0,446.0,483.0,489.0,492.0,
26.0,61.0,90.0,124.0,137.0,242.0,283.0,290.0,409.0,418.0,456.0,475.0,493.0,800.0,916.0,948.0,
50.0,78.0,110.0,132.0,134.0,136.0,138.0,172.0,192.0,195.0,197.0,218.0,222.0,232.0,238.0,250.0,301.0,337.0,347.0,349.0,372.0,375.0,386.0,395.0,455.0,458.0,469.0,487.0,782.0,796.0,926.0,
37.0,61.0,64.0,82.0,119.0,143.0,268.0,287.0,296.0,336.0,343.0,353.0,380.0,381.0,409.0,413.0,423.0,426.0,438.0,485.0,913.0,
38.0,87.0,137.0,138.0,168.0,171.0,177.0,243.0,267.0,298.0,319.0,370.0,411.0,460.0,481.0,482.0,
57.0,68.0,103.0,106.0,121.0,127.0,182.0,190.0,204.0,226.0,243.0,266.0,283.0,332.0,334.0,347.0,350.0,366.0,379.0,387.0,387.0,397.0,432.0,436.0,478.0,479.0,782.0,956.0,
42.0,44.0,46.0,48.0,65.0,96.0,116.0,122.0,173.0,192.0,208.0,259.0,291.0,297.0,298.0,299.0,307.0,330.0,369.0,372.0,421.0,463.0,483.0,498.0,501.0,519.0,522.0,525.0,531.0,550.0,595.0,600.0,607.0,614.0,617.0,626.0,645.0,664.0,665.0,693.0,739.0,754.0,795.0,814.0,820.0,826.0,844.0,845.0,858.0,887.0,909.0,945.0,965.0,
53.0,77.0,102.0,103.0,110.0,113.0,143.0,196.0,198.0,201.0,205.0,238.0,242.0,248.0,262.0,272.0,325.0,338.0,365.0,443.0,479.0,527.0,549.0,619.0,626.0,636.0,673.0,689.0,713.0,715.0,721.0,722.0,760.0,854.0,877.0,884.0,917.0,949.0,969.0,999.0,
29.0,86.0,149.0,150.0,167.0,200.0,204.0,228.0,229.0,310.0,323.0,348.0,374.0,443.0,487.0,520.0,591.0,636.0,644.0,669.0,671.0,681.0,688.0,694.0,708.0,724.0,731.0,765.0,782.0,813.0,823.0,854.0,866.0,917.0,974.0,982.0,1000.0,
19.0,22.0,27.0,193.0,202.0,212.0,247.0,269.0,273.0,276.0,281.0,303.0,307.0,372.0,422.0,436.0,459.0,495.0,496.0,
21.0,56.0,111.0,123.0,146.0,244.0,247.0,287.0,303.0,314.0,336.0,341.0,403.0,442.0,457.0,466.0,895.0,997.0,
27.0,41.0,46.0,106.0,130.0,144.0,175.0,225.0,227.0,240.0,263.0,306.0,350.0,361.0,408.0,425.0,451.0,462.0,475.0,731.0,850.0,929.0,968.0,
4.0,21.0,32.0,52.0,61.0,65.0,85.0,143.0,165.0,169.0,231.0,237.0,278.0,340.0,377.0,435.0,445.0,449.0,466.0,492.0,507.0,761.0,765.0,777.0,
19.0,86.0,93.0,115.0,161.0,170.0,187.0,198.0,219.0,223.0,241.0,245.0,257.0,259.0,297.0,310.0,360.0,390.0,398.0,406.0,756.0,830.0,907.0,996.0,
46.0,51.0,60.0,65.0,84.0,96.0,102.0,107.0,131.0,148.0,156.0,166.0,177.0,210.0,247.0,304.0,311.0,317.0,343.0,349.0,351.0,378.0,410.0,423.0,476.0,491.0,497.0,811.0,814.0,843.0,895.0,937.0,
51.0,100.0,101.0,166.0,171.0,172.0,220.0,244.0,275.0,290.0,376.0,415.0,438.0,451.0,458.0,459.0,472.0,475.0,495.0,496.0,910.0,
31.0,57.0,69.0,220.0,236.0,252.0,256.0,266.0,296.0,351.0,390.0,403.0,458.0,583.0,616.0,648.0,659.0,662.0,674.0,740.0,744.0,747.0,768.0,770.0,772.0,807.0,840.0,849.0,887.0,910.0,938.0,956.0,964.0,
31.0,55.0,57.0,228.0,271.0,313.0,321.0,372.0,378.0,405.0,430.0,468.0,471.0,478.0,510.0,582.0,585.0,616.0,618.0,635.0,651.0,653.0,655.0,697.0,742.0,765.0,791.0,814.0,815.0,847.0,891.0,938.0,941.0,990.0,994.0,
19.0,39.0,59.0,73.0,92.0,95.0,98.0,124.0,134.0,188.0,221.0,242.0,252.0,252.0,271.0,298.0,334.0,339.0,377.0,443.0,512.0,556.0,580.0,592.0,592.0,612.0,652.0,672.0,674.0,714.0,716.0,735.0,741.0,756.0,815.0,818.0,821.0,828.0,833.0,850.0,857.0,860.0,878.0,918.0,951.0,955.0,956.0,
20.0,25.0,28.0,31.0,57.0,63.0,95.0,104.0,105.0,124.0,131.0,165.0,299.0,382.0,401.0,448.0,461.0,478.0,788.0,855.0,
45.0,55.0,63.0,120.0,148.0,180.0,240.0,310.0,317.0,338.0,358.0,362.0,391.0,394.0,429.0,441.0,474.0,493.0,995.0,
92.0,125.0,136.0,228.0,232.0,279.0,293.0,313.0,344.0,367.0,400.0,421.0,424.0,464.0,483.0,484.0,747.0,843.0,
14.0,46.0,92.0,205.0,276.0,283.0,291.0,291.0,339.0,378.0,481.0,501.0,831.0,
37.0,53.0,68.0,69.0,162.0,297.0,325.0,372.0,412.0,414.0,503.0,936.0,973.0,992.0,
60.0,104.0,109.0,136.0,144.0,145.0,150.0,165.0,196.0,197.0,289.0,292.0,294.0,299.0,327.0,377.0,415.0,452.0,
29.0,37.0,60.0,79.0,137.0,138.0,159.0,180.0,216.0,222.0,262.0,295.0,309.0,326.0,331.0,340.0,368.0,398.0,401.0,406.0,447.0,
61.0,62.0,79.0,132.0,172.0,244.0,246.0,318.0,357.0,358.0,363.0,392.0,418.0,501.0,507.0,532.0,542.0,553.0,596.0,599.0,625.0,638.0,644.0,654.0,655.0,677.0,691.0,708.0,732.0,738.0,747.0,757.0,782.0,849.0,867.0,886.0,910.0,948.0,955.0,978.0,982.0,986.0,992.0,997.0,
9.0,19.0,95.0,132.0,147.0,169.0,175.0,193.0,204.0,234.0,237.0,282.0,296.0,335.0,339.0,355.0,394.0,396.0,397.0,462.0,466.0,515.0,535.0,561.0,588.0,593.0,601.0,662.0,668.0,671.0,773.0,781.0,782.0,790.0,807.0,815.0,870.0,888.0,900.0,920.0,959.0,980.0,
12.0,51.0,78.0,88.0,88.0,109.0,110.0,146.0,153.0,194.0,264.0,280.0,294.0,306.0,326.0,344.0,390.0,409.0,431.0,443.0,502.0,534.0,565.0,615.0,624.0,640.0,640.0,696.0,699.0,711.0,727.0,731.0,734.0,830.0,840.0,851.0,878.0,896.0,904.0,912.0,929.0,983.0,988.0,
79.0,84.0,105.0,114.0,138.0,166.0,205.0,221.0,236.0,245.0,292.0,299.0,339.0,361.0,381.0,457.0,497.0,656.0,667.0,724.0,736.0,750.0,779.0,803.0,865.0,870.0,944.0,965.0,968.0,978.0,986.0,
9.0,39.0,94.0,125.0,129.0,139.0,150.0,167.0,197.0,229.0,230.0,239.0,266.0,308.0,315.0,332.0,336.0,392.0,397.0,418.0,
41.0,43.0,69.0,105.0,112.0,142.0,164.0,169.0,261.0,311.0,351.0,378.0,390.0,850.0,
76.0,81.0,82.0,98.0,139.0,140.0,160.0,246.0,268.0,287.0,295.0,346.0,362.0,413.0,423.0,445.0,486.0,495.0,979.0,
10.0,57.0,95.0,109.0,142.0,168.0,204.0,268.0,380.0,386.0,439.0,482.0,
4.0,16.0,29.0,87.0,146.0,188.0,193.0,237.0,247.0,248.0,270.0,292.0,333.0,388.0,403.0,454.0,470.0,475.0,484.0,511.0,
11.0,28.0,45.0,53.0,107.0,137.0,137.0,137.0,138.0,145.0,213.0,218.0,245.0,251.0,292.0,294.0,336.0,377.0,379.0,386.0,459.0,484.0,501.0,505.0,510.0,587.0,606.0,610.0,702.0,703.0,715.0,824.0,829.0,840.0,845.0,862.0,872.0,934.0,950.0,962.0,964.0,
5.0,12.0,27.0,63.0,130.0,207.0,242.0,265.0,269.0,303.0,337.0,397.0,402.0,419.0,427.0,469.0,528.0,589.0,593.0,593.0,596.0,655.0,744.0,748.0,755.0,797.0,811.0,820.0,844.0,875.0,876.0,899.0,936.0,951.0,979.0,995.0,998.0,
23.0,38.0,153.0,208.0,258.0,264.0,275.0,320.0,323.0,367.0,433.0,447.0,450.0,487.0,504.0,524.0,543.0,583.0,616.0,629.0,632.0,693.0,716.0,768.0,774.0,779.0,877.0,934.0,949.0,992.0,1000.0,
8.0,30.0,31.0,43.0,119.0,152.0,168.0,182.0,195.0,195.0,217.0,229.0,266.0,304.0,323.0,397.0,403.0,408.0,417.0,429.0,430.0,458.0,479.0,496.0,502.0,507.0,517.0,532.0,551.0,553.0,568.0,584.0,605.0,622.0,635.0,636.0,644.0,652.0,661.0,676.0,726.0,729.0,747.0,768.0,796.0,834.0,864.0,868.0,881.0,898.0,921.0,938.0,940.0,943.0,959.0,
5.0,39.0,39.0,67.0,130.0,186.0,271.0,320.0,331.0,333.0,346.0,405.0,442.0,453.0,457.0,510.0,582.0,620.0,622.0,635.0,652.0,663.0,726.0,735.0,748.0,817.0,817.0,819.0,850.0,859.0,871.0,889.0,913.0,921.0,942.0,
15.0,23.0,38.0,74.0,99.0,148.0,155.0,220.0,234.0,283.0,303.0,337.0,377.0,385.0,409.0,419.0,476.0,492.0,497.0,497.0,500.0,501.0,587.0,681.0,734.0,742.0,774.0,868.0,887.0,901.0,908.0,916.0,928.0,975.0,983.0,995.0,
79.0,129.0,180.0,201.0,228.0,244.0,273.0,287.0,288.0,297.0,323.0,334.0,348.0,408.0,749.0,773.0,906.0,926.0,990.0,
4.0,46.0,81.0,135.0,141.0,157.0,181.0,185.0,209.0,217.0,241.0,259.0,267.0,334.0,403.0,433.0,492.0,
7.0,12.0,12.0,34.0,62.0,137.0,140.0,145.0,154.0,157.0,178.0,222.0,222.0,234.0,252.0,311.0,322.0,334.0,352.0,375.0,380.0,400.0,421.0,462.0,480.0,488.0,505.0,508.0,996.0,
2.0,5.0,34.0,53.0,107.0,134.0,137.0,152.0,243.0,302.0,306.0,351.0,369.0,391.0,397.0,406.0,422.0,423.0,453.0,483.0,499.0,504.0,647.0,651.0,706.0,744.0,753.0,758.0,777.0,801.0,823.0,846.0,882.0,915.0,991.0,994.0,
43.0,59.0,85.0,92.0,105.0,188.0,194.0,215.0,229.0,243.0,248.0,319.0,325.0,359.0,383.0,421.0,520.0,547.0,572.0,573.0,599.0,610.0,644.0,661.0,671.0,678.0,693.0,741.0,748.0,754.0,755.0,779.0,786.0,791.0,815.0,824.0,875.0,878.0,894.0,904.0,906.0,914.0,926.0,941.0,950.0,974.0,
42.0,50.0,70.0,140.0,200.0,235.0,272.0,288.0,314.0,333.0,336.0,405.0,470.0,511.0,544.0,560.0,562.0,602.0,603.0,631.0,671.0,687.0,725.0,750.0,785.0,814.0,830.0,831.0,890.0,904.0,951.0,984.0,985.0,
34.0,48.0,49.0,81.0,86.0,174.0,277.0,294.0,297.0,299.0,300.0,318.0,366.0,413.0,467.0,487.0,490.0,504.0,527.0,554.0,554.0,555.0,562.0,598.0,631.0,685.0,706.0,709.0,736.0,741.0,770.0,771.0,783.0,794.0,851.0,877.0,891.0,937.0,941.0,949.0,954.0,957.0,980.0,982.0,983.0,995.0,
3.0,18.0,156.0,158.0,159.0,203.0,241.0,251.0,313.0,315.0,339.0,354.0,372.0,390.0,456.0,460.0,464.0,467.0,490.0,578.0,587.0,597.0,617.0,620.0,620.0,637.0,651.0,683.0,720.0,727.0,754.0,814.0,885.0,896.0,903.0,905.0,908.0,943.0,952.0,956.0,966.0,993.0,
5.0,19.0,24.0,44.0,61.0,85.0,102.0,110.0,144.0,148.0,152.0,176.0,185.0,216.0,292.0,302.0,349.0,367.0,376.0,408.0,412.0,446.0,508.0,517.0,575.0,594.0,596.0,606.0,641.0,694.0,707.0,727.0,732.0,743.0,747.0,762.0,765.0,792.0,806.0,810.0,925.0,957.0,986.0,
13.0,15.0,18.0,18.0,241.0,254.0,263.0,306.0,338.0,376.0,394.0,411.0,423.0,425.0,433.0,441.0,467.0,483.0,485.0,496.0,501.0,524.0,553.0,627.0,639.0,666.0,717.0,776.0,846.0,863.0,878.0,898.0,909.0,922.0,932.0,958.0,971.0,
4.0,13.0,15.0,30.0,62.0,67.0,89.0,128.0,139.0,169.0,189.0,204.0,269.0,331.0,375.0,380.0,380.0,405.0,413.0,441.0,447.0,501.0,508.0,598.0,601.0,613.0,621.0,628.0,638.0,648.0,684.0,699.0,728.0,735.0,762.0,774.0,776.0,830.0,831.0,849.0,854.0,877.0,931.0,952.0,984.0,
25.0,56.0,108.0,110.0,118.0,152.0,187.0,227.0,228.0,267.0,275.0,299.0,326.0,343.0,352.0,364.0,385.0,391.0,418.0,437.0,526.0,543.0,545.0,551.0,565.0,616.0,619.0,641.0,641.0,675.0,703.0,727.0,739.0,745.0,834.0,869.0,936.0,941.0,957.0,
18.0,59.0,69.0,104.0,115.0,118.0,160.0,191.0,203.0,241.0,275.0,292.0,292.0,303.0,313.0,314.0,342.0,358.0,363.0,383.0,421.0,489.0,498.0,532.0,550.0,560.0,574.0,579.0,618.0,637.0,682.0,697.0,707.0,735.0,736.0,744.0,760.0,789.0,812.0,836.0,838.0,862.0,903.0,975.0,
80.0,110.0,136.0,138.0,231.0,294.0,300.0,357.0,399.0,408.0,435.0,436.0,439.0,468.0,513.0,540.0,548.0,559.0,590.0,613.0,635.0,655.0,688.0,699.0,705.0,718.0,901.0,934.0,951.0,970.0,
37.0,89.0,132.0,139.0,162.0,162.0,164.0,215.0,239.0,311.0,321.0,323.0,357.0,364.0,374.0,382.0,383.0,388.0,414.0,419.0,434.0,471.0,490.0,538.0,544.0,552.0,567.0,569.0,580.0,584.0,592.0,598.0,609.0,609.0,643.0,708.0,722.0,724.0,738.0,756.0,768.0,828.0,836.0,880.0,880.0,897.0,936.0,937.0,966.0,968.0,
4.0,5.0,154.0,197.0,198.0,205.0,253.0,257.0,261.0,270.0,293.0,328.0,357.0,404.0,408.0,434.0,440.0,464.0,465.0,467.0,480.0,484.0,491.0,506.0,544.0,559.0,576.0,607.0,618.0,703.0,708.0,870.0,916.0,924.0,939.0,990.0,
