21.0,29.0,59.0,74.0,83.0,94.0,136.0,163.0,193.0,292.0,298.0,367.0,393.0,426.0,442.0,555.0,584.0,585.0,605.0,675.0,726.0,822.0,859.0,931.0,946.0,
43.0,57.0,103.0,112.0,148.0,159.0,164.0,212.0,215.0,223.0,250.0,264.0,417.0,459.0,471.0,490.0,495.0,513.0,541.0,605.0,621.0,643.0,645.0,672.0,728.0,759.0,814.0,840.0,870.0,889.0,942.0,947.0,955.0,974.0,
3.0,38.0,51.0,59.0,64.0,99.0,112.0,166.0,233.0,234.0,302.0,310.0,353.0,377.0,444.0,538.0,565.0,600.0,611.0,631.0,635.0,677.0,691.0,693.0,720.0,761.0,783.0,853.0,868.0,896.0,946.0,
13.0,24.0,37.0,48.0,60.0,67.0,68.0,94.0,95.0,209.0,236.0,237.0,292.0,298.0,300.0,308.0,365.0,369.0,383.0,400.0,406.0,473.0,579.0,586.0,613.0,627.0,641.0,644.0,645.0,673.0,688.0,743.0,772.0,777.0,796.0,829.0,833.0,843.0,846.0,846.0,856.0,871.0,871.0,894.0,901.0,904.0,974.0,
30.0,107.0,115.0,153.0,160.0,196.0,203.0,249.0,271.0,277.0,289.0,294.0,300.0,341.0,362.0,421.0,443.0,451.0,470.0,478.0,485.0,500.0,510.0,639.0,641.0,656.0,666.0,760.0,788.0,837.0,849.0,866.0,901.0,914.0,915.0,923.0,938.0,947.0,955.0,969.0,972.0,
2.0,4.0,62.0,63.0,70.0,75.0,165.0,177.0,180.0,192.0,204.0,208.0,250.0,253.0,260.0,274.0,285.0,286.0,302.0,317.0,354.0,380.0,389.0,450.0,504.0,526.0,532.0,534.0,611.0,616.0,646.0,654.0,666.0,716.0,730.0,766.0,801.0,852.0,854.0,875.0,912.0,929.0,940.0,955.0,990.0,
20.0,22.0,39.0,75.0,76.0,84.0,88.0,115.0,161.0,204.0,210.0,239.0,240.0,254.0,286.0,287.0,292.0,300.0,321.0,334.0,364.0,375.0,389.0,416.0,489.0,514.0,522.0,568.0,595.0,617.0,678.0,680.0,697.0,697.0,706.0,731.0,759.0,776.0,778.0,779.0,812.0,820.0,851.0,864.0,882.0,891.0,898.0,920.0,974.0,
13.0,63.0,82.0,91.0,96.0,120.0,172.0,234.0,260.0,287.0,315.0,346.0,355.0,442.0,446.0,471.0,524.0,570.0,586.0,594.0,600.0,666.0,676.0,703.0,773.0,785.0,789.0,834.0,860.0,880.0,922.0,925.0,954.0,967.0,974.0,
81.0,102.0,163.0,284.0,300.0,303.0,310.0,320.0,352.0,364.0,374.0,433.0,434.0,555.0,574.0,661.0,668.0,679.0,710.0,730.0,735.0,753.0,776.0,792.0,816.0,819.0,860.0,939.0,979.0,
53.0,61.0,128.0,142.0,241.0,255.0,316.0,319.0,376.0,396.0,417.0,427.0,442.0,445.0,447.0,466.0,484.0,486.0,497.0,560.0,589.0,597.0,599.0,624.0,682.0,731.0,748.0,849.0,849.0,887.0,915.0,938.0,967.0,975.0,986.0,990.0,
105.0,117.0,118.0,119.0,120.0,174.0,179.0,222.0,271.0,277.0,301.0,314.0,350.0,352.0,356.0,374.0,376.0,442.0,498.0,498.0,507.0,553.0,556.0,565.0,566.0,586.0,598.0,661.0,662.0,723.0,750.0,810.0,862.0,882.0,907.0,939.0,960.0,971.0,992.0,
8.0,41.0,79.0,115.0,135.0,140.0,152.0,157.0,178.0,248.0,263.0,267.0,286.0,313.0,328.0,362.0,373.0,393.0,419.0,475.0,517.0,537.0,575.0,582.0,600.0,622.0,643.0,683.0,689.0,710.0,743.0,754.0,833.0,843.0,872.0,874.0,904.0,911.0,935.0,956.0,969.0,971.0,
9.0,67.0,85.0,95.0,119.0,167.0,181.0,221.0,270.0,293.0,297.0,298.0,301.0,323.0,324.0,334.0,337.0,368.0,396.0,397.0,418.0,470.0,474.0,477.0,500.0,548.0,554.0,623.0,711.0,716.0,787.0,793.0,811.0,834.0,881.0,907.0,907.0,913.0,923.0,949.0,989.0,
18.0,26.0,34.0,37.0,72.0,86.0,106.0,127.0,163.0,186.0,213.0,235.0,254.0,264.0,280.0,331.0,414.0,453.0,497.0,543.0,566.0,579.0,583.0,585.0,585.0,589.0,609.0,614.0,627.0,655.0,664.0,664.0,668.0,671.0,715.0,718.0,771.0,776.0,779.0,787.0,817.0,852.0,873.0,880.0,944.0,948.0,961.0,979.0,981.0,984.0,995.0,
14.0,18.0,39.0,63.0,98.0,117.0,130.0,183.0,226.0,250.0,251.0,334.0,341.0,343.0,362.0,404.0,424.0,469.0,486.0,497.0,505.0,553.0,561.0,605.0,667.0,670.0,671.0,682.0,722.0,733.0,798.0,808.0,832.0,851.0,865.0,923.0,942.0,962.0,965.0,999.0,
42.0,46.0,51.0,128.0,164.0,182.0,193.0,229.0,264.0,264.0,287.0,303.0,308.0,344.0,370.0,397.0,438.0,446.0,468.0,475.0,488.0,503.0,529.0,533.0,554.0,567.0,578.0,591.0,596.0,621.0,693.0,700.0,702.0,720.0,748.0,775.0,781.0,794.0,850.0,864.0,882.0,903.0,926.0,949.0,964.0,
5.0,27.0,39.0,42.0,83.0,89.0,90.0,111.0,120.0,148.0,179.0,261.0,336.0,402.0,507.0,563.0,564.0,571.0,590.0,606.0,621.0,633.0,656.0,666.0,674.0,688.0,712.0,716.0,717.0,737.0,758.0,758.0,761.0,762.0,793.0,805.0,859.0,874.0,921.0,931.0,934.0,951.0,957.0,
17.0,17.0,34.0,83.0,100.0,101.0,125.0,137.0,146.0,148.0,167.0,250.0,280.0,306.0,325.0,346.0,366.0,379.0,396.0,414.0,429.0,496.0,521.0,586.0,601.0,601.0,605.0,620.0,655.0,660.0,725.0,734.0,793.0,830.0,870.0,880.0,887.0,899.0,913.0,974.0,
86.0,94.0,100.0,141.0,160.0,162.0,169.0,190.0,193.0,217.0,234.0,239.0,285.0,299.0,305.0,308.0,351.0,356.0,417.0,498.0,549.0,559.0,580.0,607.0,678.0,687.0,708.0,708.0,718.0,750.0,755.0,760.0,850.0,856.0,862.0,890.0,944.0,966.0,997.0,
2.0,37.0,43.0,61.0,71.0,88.0,98.0,113.0,135.0,142.0,156.0,185.0,200.0,207.0,243.0,299.0,319.0,342.0,413.0,467.0,477.0,482.0,483.0,512.0,541.0,570.0,651.0,785.0,798.0,827.0,830.0,862.0,862.0,899.0,931.0,936.0,942.0,943.0,966.0,990.0,999.0,
6.0,6.0,14.0,26.0,56.0,67.0,153.0,160.0,178.0,183.0,252.0,288.0,295.0,312.0,444.0,497.0,526.0,575.0,591.0,657.0,670.0,688.0,692.0,715.0,724.0,733.0,802.0,828.0,834.0,854.0,902.0,921.0,924.0,929.0,938.0,961.0,988.0,
101.0,103.0,109.0,174.0,207.0,260.0,262.0,290.0,294.0,330.0,330.0,393.0,398.0,422.0,446.0,508.0,512.0,558.0,634.0,638.0,685.0,692.0,718.0,766.0,767.0,840.0,889.0,957.0,968.0,976.0,
14.0,28.0,54.0,57.0,78.0,91.0,109.0,111.0,128.0,233.0,239.0,273.0,292.0,297.0,309.0,327.0,377.0,407.0,408.0,411.0,430.0,436.0,445.0,447.0,453.0,461.0,497.0,506.0,661.0,682.0,687.0,700.0,708.0,716.0,733.0,743.0,745.0,765.0,787.0,842.0,855.0,856.0,950.0,970.0,979.0,990.0,
42.0,57.0,69.0,161.0,188.0,201.0,205.0,261.0,296.0,331.0,367.0,371.0,381.0,390.0,404.0,429.0,431.0,432.0,444.0,475.0,503.0,508.0,603.0,646.0,650.0,692.0,694.0,704.0,713.0,720.0,737.0,771.0,785.0,798.0,840.0,841.0,869.0,925.0,938.0,943.0,
50.0,56.0,75.0,84.0,89.0,91.0,98.0,163.0,199.0,218.0,230.0,248.0,328.0,334.0,377.0,379.0,386.0,401.0,424.0,433.0,464.0,467.0,470.0,487.0,774.0,800.0,
6.0,39.0,41.0,58.0,59.0,69.0,114.0,166.0,208.0,208.0,225.0,225.0,227.0,235.0,259.0,262.0,266.0,280.0,285.0,307.0,337.0,339.0,363.0,398.0,468.0,471.0,478.0,508.0,
59.0,82.0,86.0,92.0,97.0,100.0,102.0,102.0,123.0,141.0,156.0,223.0,273.0,275.0,346.0,421.0,426.0,451.0,492.0,505.0,803.0,
7.0,31.0,46.0,81.0,85.0,182.0,203.0,219.0,224.0,298.0,298.0,298.0,319.0,321.0,322.0,350.0,366.0,375.0,388.0,398.0,420.0,426.0,443.0,483.0,783.0,790.0,798.0,825.0,825.0,838.0,875.0,909.0,935.0,958.0,964.0,
4.0,36.0,43.0,62.0,87.0,112.0,141.0,156.0,186.0,245.0,381.0,384.0,389.0,426.0,434.0,441.0,481.0,484.0,493.0,520.0,548.0,565.0,569.0,572.0,587.0,603.0,611.0,642.0,660.0,688.0,710.0,718.0,751.0,767.0,796.0,824.0,856.0,878.0,913.0,920.0,928.0,967.0,970.0,971.0,
15.0,22.0,39.0,41.0,56.0,84.0,127.0,131.0,149.0,157.0,183.0,195.0,197.0,217.0,262.0,267.0,273.0,314.0,353.0,387.0,418.0,447.0,463.0,519.0,529.0,707.0,758.0,764.0,787.0,790.0,807.0,840.0,876.0,915.0,
51.0,84.0,85.0,99.0,158.0,176.0,216.0,216.0,261.0,272.0,306.0,336.0,369.0,382.0,391.0,411.0,419.0,431.0,503.0,503.0,529.0,530.0,568.0,576.0,617.0,664.0,715.0,731.0,779.0,782.0,795.0,828.0,834.0,842.0,843.0,892.0,902.0,
27.0,43.0,55.0,136.0,204.0,206.0,219.0,243.0,263.0,264.0,274.0,285.0,324.0,375.0,414.0,423.0,424.0,456.0,467.0,576.0,606.0,609.0,624.0,625.0,635.0,739.0,849.0,869.0,874.0,927.0,927.0,960.0,965.0,978.0,991.0,
12.0,118.0,154.0,188.0,197.0,278.0,282.0,293.0,317.0,323.0,337.0,415.0,436.0,477.0,483.0,513.0,593.0,650.0,673.0,681.0,781.0,817.0,867.0,901.0,915.0,937.0,946.0,955.0,
51.0,68.0,100.0,136.0,165.0,178.0,182.0,191.0,196.0,203.0,238.0,239.0,263.0,269.0,276.0,310.0,359.0,366.0,406.0,
8.0,16.0,26.0,91.0,117.0,142.0,212.0,221.0,222.0,224.0,227.0,230.0,230.0,236.0,284.0,287.0,312.0,329.0,331.0,360.0,397.0,404.0,969.0,
11.0,67.0,98.0,175.0,199.0,200.0,220.0,236.0,251.0,256.0,259.0,298.0,358.0,368.0,371.0,388.0,408.0,475.0,484.0,491.0,492.0,495.0,818.0,913.0,
24.0,62.0,63.0,109.0,146.0,161.0,226.0,232.0,267.0,308.0,350.0,375.0,401.0,414.0,440.0,467.0,470.0,477.0,500.0,504.0,867.0,931.0,
6.0,17.0,31.0,34.0,36.0,39.0,199.0,221.0,230.0,297.0,366.0,372.0,378.0,384.0,394.0,420.0,
18.0,25.0,37.0,60.0,85.0,87.0,129.0,135.0,181.0,207.0,225.0,269.0,302.0,336.0,438.0,608.0,615.0,648.0,653.0,751.0,786.0,813.0,824.0,868.0,925.0,
4.0,5.0,13.0,16.0,25.0,45.0,51.0,60.0,63.0,69.0,70.0,77.0,78.0,127.0,151.0,173.0,182.0,232.0,248.0,280.0,314.0,318.0,338.0,351.0,398.0,418.0,432.0,495.0,539.0,559.0,592.0,602.0,632.0,636.0,652.0,722.0,731.0,785.0,823.0,849.0,884.0,888.0,946.0,954.0,983.0,
22.0,120.0,155.0,164.0,168.0,184.0,200.0,202.0,220.0,242.0,247.0,287.0,289.0,295.0,311.0,393.0,419.0,428.0,462.0,551.0,662.0,665.0,673.0,681.0,689.0,706.0,714.0,780.0,796.0,813.0,821.0,871.0,911.0,923.0,965.0,
25.0,33.0,77.0,86.0,139.0,159.0,199.0,217.0,220.0,251.0,261.0,264.0,291.0,297.0,300.0,302.0,340.0,392.0,394.0,411.0,414.0,457.0,501.0,550.0,577.0,650.0,683.0,698.0,732.0,733.0,739.0,753.0,755.0,776.0,779.0,790.0,791.0,798.0,800.0,802.0,818.0,820.0,839.0,872.0,874.0,875.0,965.0,
13.0,33.0,64.0,117.0,146.0,151.0,152.0,189.0,208.0,208.0,237.0,244.0,255.0,272.0,326.0,419.0,433.0,450.0,483.0,508.0,508.0,784.0,945.0,954.0,
4.0,88.0,101.0,126.0,151.0,214.0,231.0,249.0,278.0,354.0,375.0,377.0,398.0,398.0,456.0,
10.0,22.0,31.0,53.0,77.0,130.0,137.0,182.0,207.0,233.0,292.0,414.0,439.0,442.0,469.0,471.0,475.0,505.0,820.0,937.0,
24.0,26.0,47.0,47.0,90.0,121.0,167.0,170.0,199.0,209.0,227.0,280.0,285.0,345.0,346.0,379.0,403.0,432.0,441.0,483.0,497.0,508.0,755.0,851.0,900.0,964.0,
72.0,95.0,142.0,217.0,260.0,283.0,346.0,347.0,383.0,387.0,409.0,432.0,459.0,508.0,889.0,897.0,905.0,
80.0,83.0,119.0,120.0,188.0,197.0,232.0,239.0,309.0,338.0,350.0,399.0,
3.0,21.0,97.0,98.0,116.0,131.0,152.0,185.0,204.0,238.0,259.0,274.0,294.0,308.0,323.0,332.0,340.0,380.0,401.0,432.0,436.0,447.0,482.0,500.0,747.0,766.0,770.0,826.0,900.0,962.0,975.0,
18.0,65.0,93.0,131.0,133.0,145.0,157.0,167.0,168.0,172.0,182.0,182.0,260.0,260.0,289.0,292.0,320.0,327.0,343.0,347.0,358.0,387.0,402.0,408.0,473.0,476.0,502.0,527.0,609.0,632.0,689.0,720.0,756.0,790.0,808.0,808.0,809.0,841.0,871.0,896.0,918.0,919.0,955.0,982.0,
10.0,14.0,42.0,46.0,101.0,102.0,115.0,125.0,184.0,194.0,207.0,218.0,224.0,271.0,312.0,318.0,332.0,349.0,378.0,403.0,457.0,482.0,508.0,538.0,579.0,591.0,598.0,622.0,628.0,629.0,661.0,696.0,725.0,738.0,743.0,778.0,820.0,896.0,905.0,905.0,906.0,916.0,918.0,921.0,931.0,938.0,998.0,998.0,999.0,
23.0,37.0,82.0,213.0,223.0,233.0,256.0,272.0,289.0,292.0,305.0,382.0,459.0,486.0,487.0,493.0,547.0,560.0,566.0,605.0,608.0,622.0,623.0,624.0,718.0,725.0,727.0,747.0,838.0,854.0,867.0,882.0,933.0,951.0,969.0,
3.0,41.0,69.0,102.0,120.0,125.0,134.0,148.0,165.0,166.0,271.0,289.0,305.0,334.0,368.0,396.0,427.0,
26.0,80.0,94.0,199.0,222.0,247.0,254.0,256.0,266.0,358.0,397.0,405.0,432.0,485.0,857.0,927.0,
13.0,39.0,41.0,55.0,62.0,99.0,120.0,141.0,180.0,218.0,238.0,248.0,287.0,292.0,299.0,306.0,314.0,316.0,351.0,420.0,423.0,466.0,829.0,
5.0,17.0,17.0,43.0,69.0,144.0,279.0,300.0,381.0,388.0,396.0,407.0,416.0,426.0,457.0,483.0,493.0,504.0,836.0,900.0,903.0,915.0,945.0,
17.0,59.0,79.0,103.0,112.0,137.0,149.0,213.0,234.0,240.0,241.0,296.0,331.0,343.0,363.0,411.0,448.0,462.0,783.0,987.0,989.0,
7.0,39.0,58.0,111.0,135.0,151.0,205.0,229.0,281.0,286.0,305.0,325.0,341.0,345.0,381.0,448.0,455.0,
30.0,65.0,104.0,105.0,150.0,160.0,168.0,202.0,230.0,261.0,288.0,296.0,320.0,328.0,356.0,382.0,444.0,477.0,508.0,945.0,
22.0,30.0,37.0,57.0,70.0,81.0,91.0,157.0,168.0,203.0,219.0,246.0,251.0,261.0,288.0,293.0,308.0,340.0,358.0,395.0,409.0,413.0,419.0,441.0,456.0,524.0,526.0,601.0,642.0,683.0,691.0,734.0,743.0,753.0,763.0,787.0,789.0,867.0,928.0,948.0,973.0,977.0,990.0,
23.0,52.0,72.0,121.0,123.0,133.0,135.0,150.0,184.0,201.0,205.0,240.0,280.0,285.0,295.0,419.0,470.0,481.0,504.0,520.0,578.0,648.0,668.0,697.0,728.0,755.0,764.0,797.0,804.0,809.0,815.0,848.0,853.0,888.0,893.0,900.0,942.0,979.0,1000.0,
3.0,12.0,81.0,110.0,161.0,163.0,165.0,249.0,295.0,302.0,330.0,362.0,381.0,403.0,420.0,424.0,457.0,475.0,522.0,604.0,651.0,680.0,740.0,785.0,807.0,812.0,818.0,819.0,856.0,861.0,871.0,874.0,883.0,900.0,915.0,920.0,932.0,968.0,978.0,988.0,989.0,
35.0,42.0,70.0,97.0,107.0,118.0,186.0,205.0,234.0,356.0,378.0,395.0,433.0,452.0,458.0,491.0,863.0,
34.0,46.0,57.0,60.0,82.0,93.0,121.0,135.0,138.0,193.0,278.0,312.0,330.0,339.0,367.0,371.0,375.0,379.0,403.0,407.0,436.0,442.0,466.0,485.0,488.0,502.0,509.0,873.0,968.0,
7.0,62.0,159.0,213.0,220.0,227.0,309.0,320.0,372.0,388.0,400.0,409.0,416.0,440.0,455.0,476.0,
32.0,46.0,59.0,69.0,96.0,137.0,152.0,172.0,187.0,234.0,248.0,262.0,272.0,273.0,345.0,355.0,363.0,391.0,392.0,432.0,443.0,467.0,500.0,777.0,975.0,
4.0,13.0,31.0,94.0,115.0,120.0,170.0,177.0,184.0,200.0,228.0,254.0,312.0,348.0,356.0,364.0,367.0,379.0,398.0,401.0,410.0,412.0,436.0,470.0,479.0,792.0,881.0,
28.0,45.0,59.0,100.0,149.0,219.0,257.0,289.0,307.0,329.0,356.0,356.0,387.0,856.0,
27.0,52.0,106.0,189.0,213.0,223.0,225.0,232.0,245.0,267.0,341.0,366.0,383.0,412.0,473.0,478.0,503.0,507.0,924.0,
9.0,47.0,68.0,139.0,159.0,159.0,168.0,191.0,214.0,225.0,230.0,235.0,241.0,258.0,336.0,341.0,386.0,406.0,444.0,451.0,494.0,501.0,534.0,542.0,564.0,568.0,583.0,588.0,605.0,632.0,656.0,697.0,756.0,797.0,821.0,834.0,841.0,845.0,857.0,861.0,870.0,886.0,941.0,949.0,999.0,
8.0,22.0,32.0,36.0,36.0,47.0,76.0,79.0,85.0,87.0,93.0,184.0,226.0,268.0,305.0,362.0,458.0,471.0,512.0,521.0,527.0,555.0,573.0,592.0,621.0,622.0,664.0,675.0,718.0,745.0,747.0,751.0,793.0,850.0,857.0,863.0,872.0,906.0,911.0,954.0,956.0,975.0,987.0,
6.0,39.0,72.0,87.0,100.0,113.0,116.0,121.0,134.0,175.0,187.0,230.0,239.0,314.0,338.0,383.0,386.0,410.0,467.0,487.0,498.0,523.0,539.0,558.0,632.0,647.0,668.0,698.0,709.0,781.0,782.0,882.0,888.0,897.0,934.0,965.0,997.0,
11.0,11.0,43.0,91.0,208.0,226.0,226.0,232.0,270.0,291.0,331.0,383.0,420.0,454.0,506.0,616.0,686.0,699.0,716.0,719.0,755.0,811.0,819.0,914.0,948.0,957.0,972.0,992.0,
2.0,41.0,49.0,61.0,83.0,133.0,134.0,191.0,231.0,242.0,262.0,267.0,295.0,302.0,329.0,378.0,
56.0,85.0,227.0,387.0,388.0,407.0,413.0,424.0,436.0,442.0,458.0,470.0,481.0,498.0,
26.0,35.0,47.0,72.0,80.0,149.0,165.0,188.0,222.0,274.0,275.0,348.0,369.0,382.0,405.0,415.0,439.0,508.0,
14.0,16.0,35.0,52.0,88.0,128.0,139.0,174.0,190.0,201.0,210.0,245.0,332.0,388.0,390.0,399.0,408.0,433.0,492.0,493.0,502.0,
14.0,39.0,107.0,174.0,192.0,222.0,242.0,299.0,302.0,318.0,337.0,364.0,433.0,454.0,473.0,
9.0,12.0,38.0,47.0,84.0,133.0,149.0,150.0,166.0,205.0,234.0,248.0,373.0,385.0,386.0,409.0,410.0,440.0,466.0,480.0,739.0,750.0,753.0,815.0,889.0,909.0,917.0,931.0,939.0,944.0,949.0,962.0,965.0,988.0,
6.0,20.0,34.0,35.0,36.0,39.0,51.0,59.0,73.0,185.0,204.0,243.0,299.0,349.0,359.0,364.0,376.0,379.0,450.0,452.0,455.0,470.0,488.0,546.0,565.0,566.0,567.0,572.0,575.0,575.0,583.0,608.0,610.0,615.0,628.0,634.0,639.0,660.0,674.0,749.0,762.0,766.0,796.0,829.0,854.0,860.0,889.0,911.0,982.0,989.0,
6.0,33.0,38.0,154.0,213.0,257.0,267.0,273.0,275.0,416.0,416.0,459.0,493.0,499.0,524.0,551.0,561.0,594.0,598.0,619.0,664.0,666.0,679.0,713.0,720.0,726.0,777.0,783.0,876.0,894.0,923.0,935.0,947.0,975.0,990.0,
17.0,24.0,92.0,111.0,111.0,124.0,152.0,171.0,309.0,327.0,368.0,407.0,443.0,475.0,508.0,529.0,562.0,609.0,619.0,620.0,626.0,649.0,652.0,652.0,682.0,690.0,723.0,739.0,757.0,819.0,840.0,878.0,890.0,896.0,907.0,913.0,916.0,943.0,975.0,
11.0,45.0,58.0,89.0,97.0,159.0,164.0,181.0,232.0,250.0,292.0,391.0,404.0,429.0,432.0,464.0,467.0,478.0,511.0,521.0,603.0,611.0,623.0,654.0,674.0,697.0,703.0,736.0,739.0,763.0,780.0,846.0,854.0,874.0,876.0,878.0,895.0,908.0,913.0,940.0,990.0,996.0,
19.0,36.0,76.0,88.0,157.0,211.0,295.0,327.0,436.0,464.0,465.0,471.0,643.0,659.0,672.0,706.0,747.0,763.0,773.0,785.0,790.0,791.0,811.0,925.0,927.0,928.0,933.0,941.0,991.0,
5.0,71.0,85.0,104.0,141.0,163.0,180.0,193.0,194.0,329.0,329.0,335.0,376.0,388.0,423.0,431.0,457.0,489.0,506.0,843.0,
23.0,32.0,56.0,61.0,143.0,156.0,162.0,186.0,201.0,216.0,229.0,232.0,254.0,263.0,344.0,359.0,368.0,383.0,397.0,415.0,417.0,419.0,449.0,460.0,461.0,474.0,
3.0,39.0,55.0,112.0,123.0,173.0,202.0,233.0,234.0,357.0,428.0,451.0,468.0,739.0,988.0,
110.0,131.0,147.0,205.0,355.0,410.0,441.0,687.0,745.0,833.0,884.0,910.0,922.0,983.0,
20.0,39.0,59.0,129.0,135.0,164.0,168.0,211.0,239.0,249.0,249.0,263.0,270.0,292.0,326.0,347.0,411.0,430.0,455.0,470.0,473.0,489.0,501.0,508.0,542.0,544.0,607.0,610.0,617.0,625.0,635.0,673.0,712.0,714.0,719.0,729.0,735.0,737.0,765.0,839.0,855.0,863.0,878.0,881.0,884.0,906.0,918.0,929.0,936.0,966.0,982.0,
35.0,94.0,125.0,127.0,161.0,169.0,179.0,235.0,293.0,346.0,370.0,374.0,392.0,397.0,412.0,469.0,476.0,479.0,502.0,516.0,527.0,539.0,567.0,585.0,613.0,676.0,682.0,682.0,700.0,759.0,799.0,802.0,883.0,914.0,924.0,938.0,992.0,
19.0,40.0,53.0,59.0,107.0,148.0,183.0,227.0,228.0,251.0,268.0,297.0,354.0,478.0,531.0,540.0,551.0,673.0,688.0,745.0,796.0,881.0,945.0,
57.0,95.0,129.0,167.0,174.0,199.0,238.0,329.0,346.0,377.0,391.0,395.0,452.0,461.0,477.0,498.0,513.0,525.0,557.0,569.0,569.0,590.0,594.0,721.0,742.0,744.0,765.0,776.0,864.0,991.0,
4.0,144.0,281.0,303.0,311.0,313.0,330.0,432.0,434.0,444.0,448.0,465.0,492.0,503.0,561.0,565.0,614.0,625.0,638.0,656.0,726.0,751.0,791.0,813.0,840.0,887.0,888.0,954.0,981.0,999.0,
79.0,84.0,105.0,114.0,139.0,244.0,353.0,362.0,367.0,435.0,448.0,491.0,502.0,503.0,504.0,508.0,597.0,598.0,639.0,668.0,700.0,706.0,707.0,710.0,722.0,724.0,727.0,761.0,771.0,790.0,792.0,824.0,825.0,838.0,848.0,854.0,912.0,923.0,928.0,943.0,981.0,
99.0,118.0,137.0,156.0,176.0,193.0,200.0,244.0,279.0,282.0,339.0,376.0,382.0,391.0,448.0,467.0,514.0,528.0,563.0,575.0,587.0,600.0,621.0,624.0,631.0,640.0,662.0,666.0,668.0,694.0,707.0,723.0,724.0,730.0,739.0,745.0,755.0,755.0,772.0,785.0,786.0,914.0,945.0,950.0,985.0,
8.0,251.0,267.0,338.0,347.0,430.0,468.0,513.0,528.0,550.0,554.0,562.0,568.0,584.0,599.0,605.0,642.0,670.0,677.0,681.0,688.0,735.0,747.0,752.0,780.0,813.0,833.0,838.0,874.0,922.0,928.0,928.0,929.0,965.0,966.0,991.0,
49.0,89.0,96.0,144.0,149.0,173.0,193.0,238.0,284.0,313.0,440.0,487.0,547.0,584.0,586.0,600.0,603.0,616.0,619.0,625.0,637.0,687.0,696.0,706.0,712.0,714.0,720.0,729.0,734.0,780.0,786.0,788.0,815.0,826.0,836.0,858.0,867.0,899.0,911.0,926.0,940.0,950.0,972.0,973.0,
63.0,75.0,86.0,150.0,181.0,184.0,226.0,253.0,256.0,263.0,290.0,296.0,320.0,326.0,363.0,391.0,411.0,545.0,561.0,579.0,585.0,586.0,598.0,631.0,644.0,675.0,678.0,680.0,710.0,725.0,754.0,778.0,790.0,861.0,868.0,908.0,955.0,975.0,987.0,
11.0,28.0,108.0,117.0,130.0,138.0,193.0,194.0,256.0,264.0,370.0,379.0,386.0,405.0,426.0,460.0,464.0,492.0,514.0,550.0,617.0,629.0,634.0,645.0,665.0,675.0,689.0,723.0,730.0,765.0,766.0,766.0,806.0,824.0,895.0,901.0,912.0,918.0,984.0,
27.0,61.0,63.0,72.0,79.0,90.0,105.0,110.0,121.0,124.0,159.0,191.0,206.0,228.0,242.0,245.0,258.0,282.0,310.0,326.0,339.0,360.0,388.0,396.0,402.0,409.0,411.0,416.0,438.0,440.0,478.0,513.0,525.0,552.0,554.0,566.0,593.0,595.0,623.0,632.0,664.0,667.0,685.0,687.0,736.0,741.0,743.0,754.0,826.0,869.0,902.0,902.0,904.0,906.0,919.0,942.0,945.0,996.0,
