14.0,38.0,80.0,101.0,102.0,115.0,176.0,246.0,246.0,259.0,264.0,272.0,303.0,353.0,402.0,408.0,453.0,455.0,455.0,513.0,521.0,533.0,543.0,560.0,560.0,567.0,617.0,661.0,679.0,736.0,754.0,757.0,790.0,821.0,841.0,841.0,846.0,882.0,886.0,889.0,904.0,931.0,965.0,
121.0,135.0,158.0,192.0,199.0,235.0,266.0,287.0,295.0,314.0,321.0,490.0,535.0,536.0,577.0,587.0,598.0,611.0,646.0,708.0,725.0,731.0,735.0,752.0,801.0,908.0,911.0,930.0,941.0,980.0,
5.0,16.0,48.0,55.0,81.0,120.0,146.0,212.0,284.0,333.0,341.0,406.0,413.0,446.0,483.0,519.0,527.0,556.0,560.0,600.0,624.0,631.0,640.0,648.0,650.0,653.0,678.0,711.0,732.0,769.0,775.0,792.0,819.0,840.0,876.0,877.0,926.0,958.0,959.0,983.0,991.0,
34.0,40.0,58.0,120.0,126.0,152.0,184.0,232.0,234.0,295.0,326.0,343.0,352.0,376.0,391.0,398.0,410.0,448.0,465.0,528.0,556.0,584.0,690.0,707.0,718.0,718.0,755.0,758.0,783.0,903.0,909.0,940.0,979.0,981.0,
39.0,48.0,82.0,97.0,100.0,127.0,134.0,196.0,228.0,232.0,244.0,262.0,280.0,281.0,317.0,332.0,337.0,380.0,422.0,429.0,444.0,510.0,541.0,574.0,592.0,592.0,622.0,667.0,674.0,678.0,683.0,698.0,707.0,735.0,747.0,757.0,802.0,856.0,891.0,984.0,
9.0,28.0,55.0,108.0,131.0,147.0,172.0,181.0,225.0,227.0,271.0,283.0,289.0,296.0,334.0,348.0,384.0,402.0,430.0,462.0,483.0,483.0,553.0,596.0,605.0,631.0,678.0,681.0,705.0,706.0,712.0,716.0,731.0,742.0,799.0,801.0,808.0,846.0,848.0,897.0,908.0,910.0,923.0,977.0,
10.0,48.0,85.0,88.0,156.0,156.0,266.0,337.0,340.0,352.0,367.0,372.0,374.0,380.0,417.0,441.0,481.0,489.0,499.0,516.0,540.0,578.0,586.0,588.0,604.0,610.0,610.0,612.0,628.0,636.0,651.0,671.0,703.0,704.0,755.0,770.0,805.0,812.0,819.0,820.0,830.0,834.0,853.0,870.0,880.0,907.0,935.0,968.0,
2.0,63.0,72.0,93.0,125.0,133.0,154.0,181.0,196.0,211.0,235.0,238.0,320.0,360.0,373.0,374.0,425.0,430.0,457.0,469.0,508.0,527.0,527.0,538.0,547.0,553.0,581.0,583.0,639.0,652.0,653.0,653.0,658.0,685.0,729.0,741.0,815.0,817.0,861.0,881.0,894.0,917.0,947.0,971.0,
5.0,21.0,31.0,41.0,61.0,83.0,106.0,130.0,242.0,278.0,284.0,318.0,328.0,329.0,334.0,338.0,370.0,386.0,389.0,398.0,411.0,412.0,455.0,477.0,480.0,516.0,534.0,549.0,627.0,666.0,710.0,747.0,762.0,765.0,791.0,880.0,904.0,956.0,965.0,970.0,981.0,989.0,994.0,
3.0,79.0,100.0,130.0,143.0,147.0,154.0,204.0,224.0,226.0,228.0,325.0,330.0,331.0,353.0,355.0,365.0,389.0,444.0,493.0,528.0,585.0,602.0,618.0,692.0,724.0,738.0,739.0,812.0,842.0,915.0,925.0,
6.0,45.0,59.0,63.0,103.0,103.0,161.0,174.0,241.0,245.0,263.0,293.0,307.0,320.0,332.0,337.0,343.0,346.0,361.0,366.0,457.0,487.0,544.0,574.0,595.0,627.0,639.0,681.0,700.0,758.0,765.0,816.0,821.0,848.0,877.0,897.0,915.0,952.0,966.0,
41.0,50.0,57.0,72.0,90.0,105.0,108.0,143.0,149.0,164.0,180.0,241.0,260.0,276.0,280.0,318.0,324.0,328.0,332.0,369.0,405.0,429.0,461.0,465.0,468.0,473.0,485.0,505.0,539.0,610.0,669.0,684.0,685.0,692.0,722.0,790.0,858.0,877.0,936.0,959.0,964.0,981.0,
30.0,56.0,85.0,104.0,145.0,238.0,251.0,295.0,320.0,331.0,405.0,450.0,493.0,506.0,509.0,546.0,558.0,646.0,671.0,683.0,687.0,705.0,749.0,783.0,823.0,823.0,828.0,840.0,864.0,940.0,995.0,
19.0,76.0,102.0,110.0,161.0,183.0,193.0,201.0,217.0,231.0,241.0,272.0,288.0,290.0,316.0,346.0,389.0,402.0,409.0,433.0,493.0,512.0,518.0,552.0,566.0,584.0,603.0,610.0,611.0,612.0,626.0,627.0,644.0,692.0,751.0,755.0,789.0,797.0,816.0,819.0,827.0,837.0,875.0,906.0,924.0,942.0,943.0,967.0,985.0,
3.0,57.0,114.0,126.0,129.0,152.0,159.0,196.0,210.0,227.0,292.0,366.0,379.0,384.0,421.0,421.0,439.0,460.0,463.0,558.0,584.0,650.0,656.0,666.0,689.0,716.0,725.0,758.0,765.0,780.0,813.0,873.0,954.0,963.0,970.0,980.0,
27.0,36.0,38.0,90.0,104.0,105.0,118.0,197.0,236.0,261.0,272.0,280.0,335.0,362.0,369.0,397.0,410.0,426.0,439.0,493.0,496.0,499.0,547.0,561.0,580.0,588.0,602.0,612.0,619.0,639.0,664.0,679.0,691.0,706.0,714.0,714.0,736.0,768.0,769.0,784.0,844.0,849.0,874.0,874.0,935.0,936.0,963.0,
38.0,96.0,102.0,137.0,147.0,198.0,216.0,244.0,271.0,322.0,366.0,378.0,394.0,501.0,587.0,589.0,614.0,675.0,714.0,719.0,733.0,739.0,759.0,789.0,803.0,805.0,827.0,841.0,882.0,896.0,904.0,937.0,941.0,988.0,993.0,
7.0,10.0,32.0,76.0,198.0,203.0,230.0,241.0,241.0,253.0,275.0,309.0,322.0,327.0,364.0,389.0,392.0,396.0,397.0,452.0,475.0,482.0,512.0,524.0,524.0,580.0,611.0,612.0,618.0,635.0,704.0,718.0,724.0,754.0,766.0,799.0,838.0,891.0,902.0,928.0,938.0,958.0,971.0,976.0,986.0,
6.0,9.0,35.0,48.0,59.0,73.0,73.0,103.0,133.0,184.0,186.0,205.0,212.0,213.0,240.0,272.0,280.0,343.0,373.0,502.0,517.0,527.0,544.0,599.0,614.0,626.0,717.0,727.0,823.0,853.0,872.0,908.0,915.0,956.0,973.0,985.0,994.0,
86.0,143.0,202.0,211.0,302.0,324.0,385.0,386.0,398.0,418.0,438.0,439.0,455.0,490.0,540.0,565.0,590.0,600.0,622.0,667.0,670.0,672.0,686.0,686.0,692.0,711.0,717.0,740.0,751.0,777.0,780.0,809.0,829.0,842.0,855.0,883.0,890.0,904.0,907.0,911.0,916.0,982.0,995.0,
4.0,23.0,48.0,102.0,134.0,150.0,176.0,179.0,240.0,263.0,265.0,338.0,346.0,346.0,364.0,371.0,420.0,450.0,558.0,563.0,564.0,567.0,586.0,598.0,659.0,663.0,673.0,778.0,796.0,841.0,842.0,872.0,883.0,911.0,918.0,920.0,
20.0,26.0,44.0,110.0,164.0,198.0,220.0,254.0,265.0,321.0,322.0,329.0,334.0,364.0,381.0,403.0,434.0,492.0,517.0,522.0,567.0,577.0,657.0,679.0,697.0,713.0,805.0,827.0,836.0,850.0,875.0,894.0,917.0,936.0,991.0,
37.0,56.0,97.0,174.0,279.0,285.0,288.0,347.0,357.0,395.0,442.0,447.0,451.0,453.0,487.0,492.0,509.0,559.0,588.0,610.0,623.0,630.0,639.0,644.0,649.0,689.0,703.0,723.0,726.0,759.0,761.0,834.0,835.0,836.0,838.0,857.0,862.0,866.0,880.0,888.0,890.0,920.0,928.0,941.0,957.0,959.0,
70.0,124.0,138.0,146.0,170.0,188.0,188.0,196.0,202.0,202.0,214.0,214.0,286.0,317.0,332.0,382.0,392.0,407.0,416.0,460.0,507.0,615.0,647.0,654.0,666.0,689.0,707.0,721.0,766.0,830.0,901.0,928.0,957.0,970.0,
7.0,38.0,47.0,52.0,108.0,113.0,187.0,201.0,215.0,223.0,228.0,263.0,263.0,297.0,355.0,358.0,365.0,375.0,382.0,410.0,425.0,470.0,472.0,490.0,884.0,
162.0,225.0,270.0,292.0,388.0,429.0,495.0,
44.0,48.0,108.0,113.0,143.0,183.0,184.0,191.0,231.0,241.0,253.0,308.0,322.0,324.0,328.0,329.0,407.0,432.0,459.0,483.0,485.0,872.0,994.0,
19.0,24.0,46.0,128.0,143.0,145.0,181.0,214.0,229.0,245.0,280.0,347.0,367.0,387.0,395.0,417.0,474.0,483.0,608.0,675.0,681.0,723.0,749.0,762.0,771.0,836.0,857.0,876.0,932.0,970.0,980.0,
9.0,24.0,66.0,112.0,123.0,135.0,187.0,196.0,218.0,254.0,277.0,386.0,436.0,476.0,482.0,523.0,551.0,557.0,586.0,607.0,629.0,645.0,679.0,706.0,723.0,732.0,739.0,751.0,754.0,786.0,786.0,794.0,803.0,810.0,817.0,822.0,846.0,853.0,908.0,921.0,925.0,947.0,962.0,975.0,989.0,991.0,
10.0,43.0,44.0,63.0,156.0,168.0,218.0,233.0,246.0,251.0,265.0,321.0,327.0,341.0,411.0,433.0,529.0,553.0,559.0,568.0,653.0,655.0,692.0,703.0,707.0,714.0,724.0,736.0,757.0,775.0,778.0,807.0,812.0,818.0,831.0,894.0,921.0,971.0,
24.0,36.0,45.0,72.0,120.0,172.0,194.0,224.0,225.0,241.0,255.0,313.0,335.0,380.0,463.0,516.0,524.0,646.0,654.0,669.0,690.0,780.0,791.0,801.0,809.0,821.0,838.0,883.0,903.0,962.0,982.0,994.0,
5.0,8.0,38.0,52.0,147.0,203.0,228.0,267.0,296.0,306.0,337.0,343.0,384.0,403.0,414.0,447.0,472.0,481.0,515.0,533.0,535.0,557.0,572.0,577.0,596.0,614.0,654.0,656.0,666.0,688.0,721.0,735.0,737.0,752.0,820.0,847.0,869.0,889.0,897.0,926.0,933.0,961.0,
59.0,65.0,104.0,115.0,127.0,139.0,146.0,186.0,203.0,205.0,226.0,246.0,290.0,309.0,311.0,342.0,444.0,477.0,483.0,504.0,626.0,741.0,741.0,750.0,780.0,800.0,812.0,833.0,894.0,921.0,929.0,938.0,
9.0,20.0,30.0,50.0,57.0,63.0,71.0,120.0,135.0,173.0,184.0,184.0,206.0,240.0,265.0,278.0,281.0,309.0,343.0,360.0,362.0,413.0,502.0,
2.0,8.0,20.0,59.0,89.0,111.0,157.0,163.0,210.0,221.0,242.0,246.0,309.0,336.0,344.0,392.0,402.0,476.0,485.0,502.0,
5.0,28.0,36.0,50.0,80.0,92.0,109.0,112.0,145.0,163.0,179.0,285.0,290.0,308.0,317.0,324.0,338.0,357.0,369.0,393.0,394.0,399.0,452.0,810.0,863.0,
19.0,92.0,101.0,112.0,153.0,155.0,172.0,193.0,198.0,203.0,211.0,280.0,287.0,325.0,366.0,370.0,432.0,437.0,462.0,488.0,488.0,502.0,
19.0,31.0,93.0,97.0,123.0,127.0,139.0,163.0,190.0,268.0,284.0,308.0,314.0,329.0,339.0,349.0,349.0,432.0,450.0,451.0,466.0,500.0,
79.0,93.0,94.0,124.0,139.0,147.0,161.0,216.0,218.0,233.0,263.0,271.0,290.0,302.0,426.0,429.0,452.0,596.0,608.0,669.0,670.0,794.0,843.0,859.0,864.0,962.0,
7.0,16.0,24.0,66.0,85.0,147.0,169.0,198.0,234.0,253.0,276.0,278.0,404.0,483.0,511.0,534.0,566.0,599.0,611.0,616.0,626.0,651.0,651.0,775.0,807.0,851.0,858.0,861.0,881.0,906.0,940.0,948.0,950.0,964.0,
25.0,32.0,63.0,74.0,83.0,181.0,205.0,242.0,256.0,332.0,371.0,380.0,404.0,408.0,465.0,488.0,495.0,506.0,515.0,528.0,546.0,565.0,621.0,673.0,718.0,822.0,835.0,846.0,851.0,853.0,878.0,903.0,940.0,959.0,981.0,988.0,
28.0,32.0,59.0,135.0,140.0,204.0,242.0,280.0,368.0,396.0,428.0,465.0,469.0,498.0,528.0,535.0,536.0,556.0,569.0,588.0,588.0,642.0,702.0,705.0,705.0,720.0,728.0,836.0,839.0,842.0,845.0,851.0,876.0,879.0,887.0,920.0,943.0,946.0,949.0,959.0,963.0,992.0,1000.0,
14.0,35.0,45.0,58.0,77.0,107.0,128.0,130.0,254.0,267.0,313.0,413.0,435.0,439.0,484.0,
2.0,24.0,70.0,77.0,82.0,121.0,129.0,158.0,168.0,181.0,217.0,233.0,252.0,271.0,303.0,359.0,367.0,427.0,436.0,462.0,509.0,
9.0,20.0,36.0,143.0,192.0,216.0,247.0,291.0,294.0,299.0,300.0,302.0,365.0,405.0,445.0,450.0,461.0,461.0,812.0,904.0,907.0,918.0,
104.0,110.0,119.0,138.0,170.0,217.0,260.0,265.0,345.0,378.0,419.0,441.0,449.0,505.0,823.0,874.0,988.0,
6.0,37.0,45.0,76.0,104.0,139.0,139.0,163.0,228.0,318.0,378.0,447.0,746.0,960.0,
68.0,68.0,70.0,88.0,103.0,108.0,137.0,150.0,234.0,270.0,306.0,322.0,327.0,335.0,338.0,400.0,448.0,
2.0,3.0,26.0,46.0,105.0,198.0,220.0,235.0,260.0,282.0,291.0,321.0,439.0,840.0,895.0,
17.0,33.0,99.0,162.0,195.0,201.0,262.0,275.0,277.0,284.0,286.0,362.0,460.0,494.0,505.0,510.0,519.0,521.0,622.0,631.0,657.0,668.0,712.0,721.0,722.0,793.0,822.0,837.0,843.0,849.0,850.0,879.0,882.0,908.0,913.0,914.0,
64.0,85.0,86.0,98.0,137.0,167.0,216.0,223.0,248.0,293.0,319.0,351.0,380.0,403.0,419.0,433.0,435.0,525.0,570.0,584.0,645.0,746.0,767.0,778.0,789.0,801.0,804.0,916.0,998.0,
8.0,18.0,21.0,31.0,36.0,74.0,98.0,114.0,149.0,228.0,236.0,251.0,260.0,277.0,303.0,385.0,401.0,420.0,435.0,436.0,443.0,465.0,468.0,535.0,540.0,583.0,634.0,638.0,652.0,684.0,707.0,709.0,729.0,738.0,759.0,767.0,776.0,800.0,813.0,834.0,857.0,861.0,871.0,942.0,945.0,958.0,
7.0,17.0,97.0,150.0,155.0,183.0,264.0,272.0,298.0,306.0,310.0,312.0,330.0,405.0,441.0,458.0,470.0,472.0,490.0,
3.0,24.0,73.0,152.0,202.0,229.0,229.0,244.0,248.0,273.0,309.0,321.0,328.0,382.0,390.0,391.0,395.0,436.0,452.0,461.0,466.0,914.0,951.0,986.0,
4.0,7.0,16.0,85.0,99.0,115.0,140.0,145.0,150.0,226.0,241.0,257.0,292.0,322.0,353.0,399.0,469.0,472.0,911.0,
11.0,24.0,80.0,100.0,101.0,129.0,143.0,181.0,215.0,219.0,220.0,239.0,250.0,301.0,330.0,340.0,362.0,375.0,410.0,415.0,497.0,760.0,811.0,822.0,851.0,853.0,949.0,995.0,
46.0,50.0,59.0,77.0,105.0,112.0,115.0,129.0,145.0,147.0,166.0,167.0,197.0,208.0,261.0,265.0,287.0,292.0,343.0,368.0,382.0,386.0,473.0,484.0,494.0,908.0,980.0,999.0,
46.0,48.0,56.0,158.0,188.0,192.0,192.0,194.0,236.0,253.0,254.0,265.0,300.0,347.0,390.0,415.0,422.0,422.0,423.0,452.0,471.0,483.0,499.0,821.0,968.0,
19.0,52.0,123.0,188.0,247.0,366.0,394.0,401.0,436.0,486.0,
15.0,48.0,90.0,153.0,254.0,272.0,284.0,298.0,300.0,353.0,377.0,403.0,405.0,420.0,487.0,504.0,510.0,526.0,583.0,589.0,622.0,624.0,647.0,663.0,711.0,780.0,854.0,890.0,894.0,913.0,914.0,916.0,938.0,947.0,959.0,972.0,
17.0,30.0,34.0,37.0,44.0,70.0,79.0,117.0,127.0,137.0,140.0,148.0,157.0,172.0,195.0,195.0,259.0,281.0,296.0,347.0,377.0,399.0,437.0,444.0,448.0,513.0,553.0,632.0,642.0,679.0,693.0,694.0,697.0,715.0,716.0,738.0,754.0,783.0,789.0,796.0,797.0,832.0,842.0,853.0,874.0,876.0,887.0,936.0,978.0,982.0,984.0,
20.0,35.0,53.0,67.0,98.0,203.0,211.0,258.0,268.0,305.0,312.0,341.0,342.0,367.0,368.0,371.0,388.0,401.0,445.0,490.0,592.0,600.0,647.0,660.0,758.0,773.0,781.0,782.0,787.0,789.0,794.0,821.0,821.0,903.0,925.0,937.0,958.0,970.0,991.0,
31.0,79.0,97.0,106.0,149.0,193.0,196.0,274.0,280.0,317.0,387.0,399.0,401.0,466.0,866.0,871.0,909.0,987.0,
18.0,27.0,50.0,54.0,86.0,93.0,164.0,177.0,198.0,217.0,217.0,245.0,245.0,249.0,257.0,270.0,279.0,286.0,350.0,355.0,370.0,382.0,421.0,450.0,476.0,
4.0,22.0,23.0,29.0,61.0,67.0,83.0,101.0,156.0,177.0,209.0,213.0,264.0,275.0,281.0,286.0,308.0,321.0,327.0,354.0,356.0,360.0,363.0,399.0,898.0,902.0,910.0,937.0,967.0,
18.0,19.0,40.0,50.0,50.0,79.0,143.0,146.0,162.0,174.0,179.0,180.0,182.0,210.0,334.0,379.0,446.0,481.0,492.0,732.0,746.0,811.0,931.0,961.0,
28.0,32.0,45.0,74.0,102.0,122.0,170.0,211.0,298.0,328.0,352.0,377.0,409.0,425.0,491.0,833.0,
90.0,122.0,129.0,133.0,138.0,160.0,207.0,252.0,272.0,273.0,316.0,347.0,356.0,430.0,447.0,455.0,475.0,487.0,494.0,938.0,
6.0,28.0,44.0,162.0,199.0,210.0,225.0,248.0,270.0,284.0,315.0,350.0,437.0,437.0,440.0,458.0,760.0,909.0,
49.0,67.0,81.0,116.0,136.0,145.0,187.0,232.0,274.0,274.0,280.0,304.0,317.0,367.0,436.0,453.0,458.0,467.0,498.0,500.0,511.0,521.0,568.0,582.0,585.0,641.0,660.0,688.0,758.0,763.0,764.0,781.0,783.0,788.0,814.0,820.0,843.0,870.0,871.0,886.0,899.0,900.0,941.0,959.0,965.0,976.0,980.0,983.0,989.0,990.0,999.0,
34.0,34.0,41.0,69.0,108.0,131.0,131.0,190.0,217.0,250.0,276.0,306.0,352.0,374.0,448.0,481.0,566.0,582.0,586.0,648.0,746.0,777.0,814.0,815.0,851.0,870.0,919.0,932.0,959.0,997.0,
4.0,22.0,55.0,67.0,75.0,76.0,85.0,106.0,111.0,130.0,138.0,145.0,170.0,207.0,217.0,222.0,265.0,272.0,341.0,368.0,381.0,397.0,403.0,425.0,442.0,538.0,550.0,627.0,664.0,692.0,712.0,727.0,809.0,816.0,828.0,891.0,917.0,929.0,954.0,959.0,
10.0,23.0,103.0,109.0,109.0,121.0,130.0,159.0,190.0,197.0,226.0,238.0,275.0,308.0,364.0,405.0,425.0,472.0,594.0,645.0,660.0,661.0,669.0,711.0,810.0,813.0,882.0,930.0,963.0,972.0,986.0,1000.0,
54.0,85.0,98.0,98.0,113.0,122.0,122.0,142.0,158.0,171.0,190.0,191.0,221.0,322.0,348.0,388.0,403.0,456.0,466.0,
42.0,63.0,76.0,76.0,78.0,101.0,101.0,117.0,122.0,126.0,172.0,194.0,238.0,280.0,285.0,302.0,314.0,319.0,329.0,346.0,351.0,373.0,380.0,392.0,395.0,402.0,404.0,409.0,419.0,434.0,441.0,495.0,505.0,
6.0,34.0,74.0,98.0,139.0,226.0,237.0,239.0,312.0,317.0,320.0,332.0,345.0,353.0,361.0,382.0,399.0,459.0,831.0,916.0,
41.0,41.0,50.0,63.0,83.0,97.0,102.0,144.0,161.0,165.0,198.0,202.0,212.0,251.0,258.0,263.0,271.0,295.0,309.0,331.0,331.0,341.0,346.0,362.0,383.0,427.0,429.0,435.0,440.0,459.0,468.0,493.0,504.0,
66.0,70.0,105.0,147.0,171.0,196.0,221.0,243.0,425.0,457.0,484.0,
43.0,106.0,107.0,156.0,215.0,251.0,268.0,313.0,354.0,361.0,393.0,396.0,399.0,416.0,464.0,503.0,624.0,660.0,676.0,688.0,690.0,691.0,730.0,753.0,808.0,814.0,854.0,877.0,928.0,940.0,978.0,983.0,995.0,
24.0,75.0,110.0,131.0,236.0,237.0,361.0,374.0,391.0,480.0,491.0,492.0,533.0,540.0,554.0,560.0,567.0,581.0,664.0,710.0,720.0,722.0,787.0,788.0,794.0,810.0,823.0,823.0,858.0,883.0,884.0,889.0,909.0,910.0,916.0,924.0,931.0,963.0,995.0,996.0,998.0,
22.0,50.0,132.0,140.0,177.0,208.0,239.0,278.0,282.0,288.0,300.0,308.0,308.0,333.0,337.0,365.0,370.0,380.0,409.0,427.0,466.0,482.0,482.0,506.0,545.0,566.0,581.0,609.0,609.0,621.0,655.0,701.0,722.0,730.0,760.0,785.0,786.0,853.0,893.0,905.0,915.0,925.0,925.0,991.0,
110.0,141.0,175.0,197.0,208.0,218.0,228.0,270.0,270.0,277.0,289.0,294.0,301.0,305.0,320.0,330.0,405.0,457.0,464.0,481.0,498.0,542.0,548.0,548.0,565.0,606.0,617.0,668.0,675.0,680.0,725.0,755.0,773.0,786.0,810.0,834.0,835.0,881.0,882.0,883.0,906.0,913.0,953.0,975.0,
32.0,122.0,134.0,136.0,137.0,139.0,210.0,233.0,250.0,251.0,272.0,281.0,284.0,285.0,368.0,389.0,402.0,413.0,471.0,475.0,484.0,533.0,547.0,549.0,561.0,581.0,606.0,607.0,629.0,649.0,652.0,655.0,688.0,697.0,713.0,726.0,747.0,773.0,775.0,808.0,822.0,836.0,873.0,892.0,900.0,930.0,1000.0,
43.0,61.0,120.0,141.0,147.0,172.0,179.0,182.0,259.0,336.0,389.0,393.0,447.0,453.0,484.0,485.0,660.0,671.0,737.0,756.0,776.0,806.0,810.0,820.0,902.0,907.0,933.0,989.0,990.0,999.0,
8.0,14.0,55.0,59.0,68.0,135.0,173.0,217.0,221.0,230.0,265.0,296.0,439.0,442.0,453.0,470.0,802.0,
27.0,29.0,90.0,103.0,127.0,166.0,175.0,205.0,226.0,240.0,244.0,253.0,256.0,260.0,302.0,310.0,331.0,417.0,427.0,427.0,492.0,
13.0,69.0,75.0,76.0,122.0,123.0,185.0,187.0,191.0,192.0,215.0,230.0,305.0,313.0,325.0,359.0,363.0,373.0,470.0,478.0,937.0,
28.0,106.0,115.0,134.0,178.0,179.0,212.0,213.0,283.0,285.0,301.0,328.0,341.0,345.0,350.0,371.0,413.0,433.0,489.0,508.0,613.0,623.0,713.0,730.0,771.0,875.0,887.0,891.0,897.0,934.0,951.0,966.0,969.0,983.0,
2.0,23.0,34.0,64.0,92.0,139.0,146.0,197.0,214.0,242.0,312.0,383.0,513.0,522.0,532.0,618.0,642.0,661.0,670.0,714.0,718.0,733.0,803.0,830.0,835.0,861.0,886.0,895.0,896.0,908.0,958.0,983.0,987.0,997.0,
40.0,41.0,59.0,83.0,86.0,101.0,102.0,180.0,186.0,190.0,272.0,277.0,277.0,314.0,317.0,338.0,338.0,388.0,423.0,437.0,524.0,541.0,561.0,562.0,587.0,637.0,644.0,724.0,732.0,748.0,814.0,830.0,836.0,845.0,852.0,897.0,904.0,915.0,923.0,958.0,962.0,974.0,979.0,987.0,
8.0,9.0,14.0,39.0,105.0,107.0,124.0,125.0,187.0,188.0,242.0,248.0,314.0,341.0,401.0,455.0,459.0,478.0,492.0,507.0,528.0,566.0,574.0,597.0,614.0,641.0,656.0,661.0,666.0,707.0,797.0,803.0,811.0,814.0,825.0,856.0,876.0,880.0,886.0,903.0,920.0,972.0,980.0,
31.0,47.0,66.0,84.0,106.0,113.0,130.0,204.0,207.0,268.0,344.0,355.0,374.0,393.0,426.0,428.0,449.0,497.0,526.0,550.0,565.0,590.0,600.0,631.0,633.0,646.0,681.0,683.0,726.0,790.0,799.0,851.0,861.0,884.0,925.0,937.0,
9.0,38.0,39.0,85.0,109.0,126.0,193.0,241.0,251.0,283.0,316.0,368.0,392.0,394.0,430.0,461.0,466.0,489.0,498.0,538.0,606.0,632.0,695.0,709.0,721.0,745.0,767.0,770.0,789.0,810.0,843.0,892.0,921.0,939.0,958.0,982.0,996.0,
27.0,99.0,102.0,111.0,121.0,125.0,138.0,144.0,162.0,202.0,207.0,230.0,250.0,295.0,313.0,365.0,367.0,384.0,395.0,449.0,461.0,484.0,558.0,560.0,563.0,567.0,573.0,578.0,591.0,627.0,632.0,651.0,654.0,700.0,717.0,730.0,736.0,809.0,818.0,821.0,821.0,824.0,826.0,829.0,835.0,936.0,954.0,959.0,961.0,981.0,1000.0,
104.0,162.0,173.0,214.0,248.0,256.0,296.0,304.0,311.0,313.0,360.0,441.0,489.0,490.0,501.0,548.0,576.0,615.0,627.0,635.0,673.0,675.0,699.0,740.0,759.0,763.0,791.0,794.0,826.0,830.0,831.0,882.0,882.0,883.0,890.0,932.0,940.0,948.0,979.0,996.0,
14.0,63.0,118.0,227.0,230.0,273.0,289.0,294.0,350.0,400.0,420.0,427.0,428.0,439.0,491.0,498.0,545.0,575.0,593.0,612.0,612.0,620.0,626.0,637.0,640.0,662.0,704.0,706.0,735.0,737.0,752.0,764.0,828.0,828.0,830.0,845.0,910.0,994.0,998.0,
3.0,6.0,15.0,31.0,111.0,162.0,165.0,218.0,220.0,231.0,301.0,330.0,347.0,381.0,382.0,391.0,421.0,502.0,564.0,569.0,589.0,597.0,632.0,633.0,645.0,673.0,689.0,695.0,715.0,724.0,747.0,787.0,845.0,904.0,906.0,931.0,934.0,965.0,968.0,982.0,983.0,988.0,996.0,
5.0,5.0,10.0,60.0,79.0,111.0,145.0,149.0,211.0,239.0,248.0,256.0,260.0,290.0,306.0,325.0,339.0,358.0,365.0,426.0,438.0,474.0,497.0,504.0,510.0,519.0,520.0,583.0,588.0,599.0,652.0,698.0,705.0,714.0,724.0,744.0,753.0,815.0,839.0,844.0,874.0,884.0,914.0,969.0,
10.0,78.0,109.0,112.0,123.0,144.0,167.0,189.0,241.0,299.0,360.0,376.0,457.0,459.0,467.0,471.0,490.0,504.0,525.0,543.0,555.0,690.0,722.0,749.0,788.0,803.0,818.0,836.0,847.0,871.0,882.0,886.0,937.0,958.0,964.0,972.0,976.0,991.0,
55.0,75.0,113.0,137.0,144.0,148.0,152.0,161.0,166.0,185.0,193.0,229.0,278.0,284.0,287.0,291.0,324.0,338.0,356.0,412.0,425.0,434.0,450.0,506.0,544.0,561.0,571.0,592.0,597.0,650.0,660.0,698.0,719.0,737.0,789.0,793.0,854.0,862.0,882.0,894.0,983.0,997.0,
