51.0,55.0,77.0,101.0,108.0,140.0,229.0,253.0,272.0,325.0,338.0,375.0,379.0,424.0,485.0,497.0,612.0,612.0,623.0,698.0,722.0,727.0,743.0,765.0,829.0,845.0,900.0,912.0,926.0,941.0,946.0,
26.0,80.0,95.0,152.0,169.0,246.0,273.0,350.0,361.0,399.0,399.0,419.0,459.0,468.0,476.0,497.0,502.0,506.0,572.0,621.0,623.0,665.0,674.0,686.0,690.0,699.0,722.0,761.0,762.0,829.0,859.0,898.0,907.0,975.0,980.0,
8.0,15.0,47.0,81.0,84.0,91.0,143.0,148.0,256.0,257.0,276.0,296.0,373.0,418.0,443.0,493.0,508.0,525.0,554.0,556.0,613.0,623.0,665.0,668.0,785.0,856.0,899.0,907.0,965.0,973.0,981.0,
16.0,17.0,28.0,55.0,102.0,116.0,117.0,132.0,146.0,213.0,215.0,232.0,291.0,297.0,308.0,315.0,354.0,358.0,428.0,453.0,458.0,460.0,492.0,499.0,535.0,550.0,651.0,679.0,697.0,701.0,735.0,747.0,761.0,784.0,787.0,789.0,794.0,803.0,812.0,824.0,827.0,837.0,885.0,886.0,901.0,904.0,952.0,964.0,
11.0,16.0,72.0,104.0,133.0,192.0,197.0,274.0,287.0,314.0,346.0,442.0,446.0,478.0,480.0,549.0,694.0,739.0,853.0,860.0,869.0,872.0,873.0,875.0,894.0,902.0,959.0,999.0,
14.0,70.0,78.0,103.0,107.0,130.0,163.0,171.0,202.0,217.0,220.0,255.0,290.0,296.0,298.0,300.0,310.0,343.0,357.0,412.0,420.0,435.0,442.0,443.0,463.0,466.0,473.0,477.0,480.0,482.0,531.0,538.0,546.0,562.0,610.0,678.0,719.0,813.0,878.0,952.0,986.0,
17.0,61.0,76.0,91.0,116.0,118.0,123.0,126.0,141.0,146.0,149.0,190.0,192.0,296.0,350.0,350.0,357.0,361.0,405.0,420.0,473.0,485.0,525.0,537.0,562.0,604.0,648.0,666.0,672.0,699.0,751.0,773.0,947.0,980.0,987.0,993.0,
13.0,13.0,76.0,85.0,95.0,101.0,129.0,145.0,168.0,184.0,201.0,210.0,219.0,235.0,255.0,298.0,365.0,384.0,400.0,430.0,508.0,573.0,615.0,616.0,618.0,650.0,684.0,704.0,707.0,868.0,879.0,
4.0,23.0,28.0,53.0,127.0,179.0,220.0,297.0,309.0,384.0,435.0,436.0,450.0,451.0,457.0,470.0,498.0,545.0,564.0,591.0,615.0,680.0,697.0,703.0,736.0,741.0,781.0,826.0,878.0,889.0,928.0,935.0,938.0,956.0,989.0,993.0,
16.0,36.0,39.0,81.0,85.0,135.0,137.0,145.0,195.0,233.0,240.0,268.0,278.0,311.0,343.0,398.0,452.0,472.0,472.0,502.0,605.0,671.0,694.0,781.0,834.0,847.0,861.0,868.0,933.0,
12.0,46.0,69.0,89.0,144.0,227.0,300.0,342.0,343.0,344.0,355.0,372.0,375.0,388.0,426.0,449.0,478.0,509.0,521.0,535.0,568.0,571.0,648.0,659.0,679.0,691.0,702.0,727.0,747.0,754.0,790.0,844.0,860.0,875.0,879.0,904.0,973.0,
68.0,83.0,96.0,100.0,120.0,139.0,157.0,230.0,233.0,236.0,250.0,283.0,309.0,332.0,357.0,389.0,390.0,401.0,408.0,445.0,471.0,487.0,534.0,569.0,632.0,636.0,645.0,717.0,728.0,827.0,830.0,849.0,870.0,890.0,911.0,958.0,958.0,966.0,972.0,
105.0,114.0,135.0,148.0,156.0,159.0,226.0,231.0,240.0,245.0,273.0,293.0,307.0,333.0,340.0,454.0,556.0,582.0,606.0,608.0,620.0,682.0,710.0,718.0,732.0,820.0,860.0,881.0,938.0,949.0,989.0,
60.0,79.0,84.0,120.0,158.0,181.0,188.0,192.0,222.0,236.0,299.0,301.0,332.0,362.0,369.0,371.0,425.0,451.0,463.0,463.0,505.0,506.0,510.0,514.0,520.0,532.0,563.0,621.0,654.0,661.0,688.0,726.0,818.0,837.0,846.0,854.0,855.0,902.0,914.0,987.0,
28.0,68.0,69.0,99.0,107.0,123.0,123.0,150.0,154.0,168.0,191.0,235.0,244.0,262.0,345.0,383.0,388.0,397.0,413.0,458.0,484.0,521.0,537.0,549.0,592.0,601.0,636.0,639.0,686.0,777.0,778.0,902.0,907.0,937.0,941.0,964.0,975.0,981.0,
36.0,39.0,86.0,97.0,108.0,141.0,170.0,246.0,374.0,409.0,443.0,510.0,551.0,610.0,635.0,663.0,670.0,702.0,723.0,751.0,785.0,807.0,830.0,860.0,906.0,995.0,998.0,
9.0,32.0,80.0,145.0,220.0,273.0,279.0,300.0,304.0,308.0,309.0,377.0,391.0,413.0,445.0,450.0,477.0,493.0,547.0,579.0,596.0,625.0,638.0,726.0,759.0,779.0,788.0,831.0,841.0,869.0,967.0,991.0,
2.0,5.0,14.0,50.0,62.0,110.0,121.0,125.0,183.0,213.0,224.0,259.0,283.0,296.0,314.0,360.0,375.0,416.0,512.0,522.0,542.0,584.0,585.0,596.0,688.0,690.0,703.0,721.0,738.0,753.0,775.0,843.0,862.0,891.0,893.0,932.0,967.0,990.0,
100.0,144.0,153.0,170.0,184.0,196.0,204.0,216.0,250.0,260.0,329.0,329.0,333.0,339.0,345.0,414.0,432.0,441.0,443.0,477.0,478.0,482.0,490.0,558.0,562.0,586.0,590.0,618.0,635.0,733.0,735.0,768.0,777.0,792.0,813.0,912.0,923.0,953.0,961.0,966.0,981.0,
33.0,106.0,145.0,201.0,214.0,221.0,253.0,381.0,386.0,386.0,435.0,480.0,564.0,572.0,573.0,582.0,594.0,624.0,629.0,629.0,670.0,673.0,709.0,728.0,780.0,784.0,787.0,794.0,808.0,829.0,859.0,891.0,932.0,948.0,
45.0,83.0,88.0,119.0,123.0,127.0,180.0,188.0,224.0,242.0,306.0,391.0,397.0,433.0,497.0,536.0,542.0,669.0,808.0,813.0,818.0,825.0,841.0,869.0,876.0,895.0,927.0,930.0,994.0,996.0,
16.0,43.0,81.0,107.0,157.0,179.0,197.0,303.0,382.0,451.0,485.0,547.0,570.0,590.0,643.0,652.0,668.0,675.0,686.0,733.0,737.0,772.0,824.0,862.0,871.0,904.0,917.0,988.0,993.0,
39.0,128.0,204.0,205.0,206.0,222.0,229.0,242.0,282.0,282.0,294.0,311.0,355.0,359.0,360.0,361.0,380.0,446.0,453.0,458.0,597.0,659.0,690.0,731.0,759.0,813.0,823.0,824.0,910.0,971.0,985.0,
10.0,122.0,123.0,164.0,166.0,214.0,237.0,243.0,289.0,305.0,321.0,337.0,369.0,463.0,496.0,508.0,515.0,546.0,559.0,560.0,591.0,627.0,695.0,769.0,771.0,781.0,819.0,851.0,978.0,983.0,995.0,
26.0,28.0,29.0,29.0,39.0,50.0,75.0,115.0,162.0,187.0,196.0,214.0,220.0,258.0,380.0,392.0,416.0,461.0,468.0,516.0,521.0,523.0,536.0,540.0,557.0,559.0,559.0,566.0,582.0,601.0,627.0,644.0,649.0,660.0,683.0,693.0,706.0,723.0,756.0,778.0,789.0,817.0,874.0,968.0,
5.0,12.0,28.0,54.0,72.0,76.0,83.0,86.0,105.0,106.0,122.0,204.0,208.0,209.0,237.0,256.0,262.0,263.0,277.0,295.0,322.0,343.0,347.0,355.0,436.0,441.0,446.0,448.0,451.0,515.0,528.0,531.0,536.0,541.0,541.0,550.0,554.0,559.0,559.0,561.0,565.0,567.0,574.0,575.0,591.0,621.0,624.0,639.0,658.0,659.0,740.0,846.0,870.0,885.0,888.0,893.0,903.0,925.0,926.0,935.0,950.0,964.0,965.0,992.0,992.0,994.0,
82.0,173.0,197.0,371.0,394.0,445.0,449.0,518.0,541.0,544.0,547.0,552.0,552.0,564.0,592.0,616.0,629.0,636.0,644.0,675.0,753.0,777.0,850.0,855.0,873.0,907.0,913.0,918.0,958.0,962.0,977.0,982.0,998.0,
65.0,115.0,136.0,164.0,178.0,193.0,236.0,244.0,347.0,348.0,399.0,436.0,462.0,470.0,480.0,505.0,507.0,509.0,523.0,566.0,580.0,589.0,629.0,630.0,690.0,710.0,890.0,894.0,904.0,927.0,968.0,998.0,
12.0,33.0,52.0,59.0,94.0,136.0,151.0,151.0,157.0,208.0,216.0,234.0,241.0,265.0,273.0,279.0,282.0,289.0,292.0,378.0,453.0,468.0,468.0,476.0,495.0,505.0,544.0,560.0,628.0,648.0,655.0,707.0,743.0,765.0,898.0,961.0,992.0,
27.0,80.0,81.0,98.0,126.0,138.0,181.0,256.0,357.0,383.0,461.0,469.0,474.0,482.0,514.0,542.0,544.0,586.0,619.0,641.0,675.0,690.0,709.0,737.0,746.0,776.0,809.0,846.0,907.0,949.0,964.0,999.0,
3.0,10.0,18.0,31.0,70.0,78.0,80.0,86.0,110.0,116.0,140.0,160.0,179.0,211.0,213.0,237.0,259.0,267.0,275.0,282.0,282.0,289.0,311.0,333.0,357.0,358.0,376.0,383.0,389.0,465.0,466.0,577.0,682.0,694.0,733.0,738.0,772.0,775.0,903.0,909.0,948.0,965.0,
8.0,33.0,64.0,167.0,169.0,194.0,198.0,232.0,250.0,262.0,280.0,298.0,302.0,314.0,368.0,397.0,401.0,405.0,438.0,468.0,506.0,506.0,525.0,532.0,621.0,640.0,669.0,748.0,760.0,775.0,795.0,805.0,831.0,849.0,888.0,935.0,
24.0,69.0,149.0,151.0,160.0,191.0,226.0,226.0,232.0,308.0,324.0,352.0,434.0,434.0,438.0,443.0,461.0,530.0,533.0,552.0,575.0,576.0,605.0,617.0,646.0,668.0,679.0,701.0,704.0,852.0,864.0,870.0,887.0,896.0,928.0,957.0,
61.0,149.0,150.0,159.0,169.0,176.0,237.0,246.0,255.0,358.0,410.0,442.0,448.0,457.0,520.0,520.0,528.0,532.0,567.0,578.0,583.0,587.0,609.0,609.0,616.0,619.0,688.0,692.0,692.0,695.0,718.0,724.0,728.0,739.0,750.0,751.0,767.0,777.0,802.0,805.0,816.0,859.0,868.0,880.0,914.0,925.0,930.0,945.0,948.0,961.0,
9.0,10.0,25.0,31.0,61.0,77.0,80.0,95.0,104.0,130.0,139.0,142.0,170.0,202.0,255.0,303.0,306.0,356.0,371.0,383.0,387.0,398.0,398.0,427.0,445.0,462.0,490.0,490.0,505.0,513.0,513.0,518.0,518.0,526.0,529.0,530.0,532.0,537.0,552.0,554.0,559.0,561.0,564.0,565.0,574.0,605.0,610.0,625.0,636.0,636.0,638.0,639.0,650.0,652.0,657.0,671.0,683.0,692.0,704.0,704.0,744.0,752.0,776.0,788.0,791.0,809.0,828.0,840.0,854.0,870.0,871.0,878.0,889.0,901.0,908.0,920.0,928.0,978.0,988.0,
33.0,48.0,49.0,55.0,60.0,72.0,123.0,162.0,181.0,181.0,184.0,205.0,241.0,245.0,251.0,329.0,342.0,366.0,384.0,513.0,522.0,528.0,528.0,530.0,535.0,541.0,542.0,543.0,548.0,554.0,554.0,561.0,565.0,570.0,572.0,581.0,588.0,600.0,608.0,608.0,625.0,639.0,660.0,678.0,690.0,693.0,695.0,696.0,709.0,723.0,754.0,767.0,788.0,812.0,826.0,826.0,842.0,845.0,848.0,849.0,856.0,866.0,877.0,882.0,894.0,923.0,944.0,950.0,961.0,962.0,971.0,974.0,982.0,992.0,
19.0,20.0,92.0,100.0,120.0,148.0,163.0,177.0,200.0,252.0,422.0,457.0,517.0,519.0,522.0,527.0,530.0,532.0,533.0,543.0,544.0,548.0,550.0,556.0,561.0,562.0,575.0,586.0,592.0,595.0,597.0,598.0,614.0,615.0,615.0,622.0,626.0,634.0,644.0,650.0,668.0,669.0,680.0,682.0,684.0,695.0,717.0,740.0,744.0,744.0,756.0,787.0,798.0,801.0,809.0,818.0,838.0,868.0,878.0,878.0,892.0,905.0,914.0,914.0,955.0,966.0,976.0,983.0,997.0,
27.0,55.0,71.0,82.0,94.0,152.0,166.0,190.0,217.0,258.0,311.0,363.0,418.0,447.0,464.0,510.0,524.0,531.0,532.0,536.0,540.0,541.0,547.0,548.0,549.0,550.0,556.0,564.0,566.0,581.0,583.0,585.0,591.0,594.0,604.0,653.0,681.0,698.0,725.0,730.0,753.0,756.0,771.0,781.0,792.0,798.0,798.0,831.0,835.0,839.0,851.0,854.0,882.0,882.0,905.0,912.0,922.0,984.0,986.0,
19.0,31.0,48.0,76.0,77.0,93.0,139.0,146.0,148.0,172.0,175.0,181.0,201.0,230.0,247.0,282.0,355.0,388.0,434.0,459.0,481.0,486.0,509.0,534.0,535.0,541.0,594.0,615.0,706.0,707.0,734.0,871.0,881.0,908.0,927.0,961.0,983.0,
2.0,18.0,43.0,131.0,176.0,188.0,189.0,265.0,268.0,282.0,318.0,319.0,358.0,421.0,432.0,437.0,478.0,494.0,496.0,502.0,537.0,569.0,597.0,761.0,793.0,801.0,808.0,846.0,868.0,892.0,893.0,
28.0,32.0,52.0,90.0,92.0,152.0,232.0,247.0,287.0,291.0,305.0,308.0,402.0,437.0,437.0,440.0,445.0,490.0,520.0,522.0,543.0,559.0,560.0,602.0,678.0,694.0,698.0,740.0,743.0,744.0,790.0,801.0,809.0,884.0,898.0,
12.0,54.0,175.0,212.0,221.0,234.0,295.0,305.0,311.0,350.0,412.0,421.0,498.0,499.0,527.0,561.0,676.0,725.0,732.0,763.0,874.0,927.0,
10.0,20.0,73.0,88.0,89.0,93.0,107.0,123.0,152.0,175.0,175.0,175.0,176.0,207.0,251.0,252.0,265.0,268.0,301.0,326.0,328.0,365.0,368.0,376.0,444.0,483.0,535.0,561.0,573.0,577.0,592.0,613.0,634.0,653.0,658.0,677.0,681.0,681.0,688.0,706.0,780.0,805.0,870.0,896.0,903.0,952.0,986.0,
20.0,32.0,44.0,57.0,60.0,77.0,93.0,143.0,143.0,151.0,200.0,204.0,218.0,239.0,243.0,245.0,267.0,269.0,276.0,284.0,310.0,328.0,335.0,351.0,401.0,430.0,442.0,449.0,475.0,506.0,520.0,522.0,524.0,526.0,529.0,531.0,537.0,538.0,540.0,542.0,545.0,549.0,550.0,558.0,564.0,574.0,576.0,594.0,615.0,621.0,628.0,630.0,639.0,642.0,643.0,649.0,660.0,675.0,693.0,718.0,725.0,755.0,778.0,799.0,808.0,820.0,915.0,930.0,956.0,979.0,992.0,
8.0,40.0,56.0,91.0,98.0,105.0,136.0,148.0,168.0,196.0,255.0,273.0,341.0,362.0,432.0,485.0,515.0,523.0,534.0,537.0,538.0,539.0,543.0,550.0,556.0,571.0,578.0,578.0,580.0,599.0,601.0,618.0,621.0,625.0,641.0,656.0,658.0,666.0,680.0,685.0,689.0,690.0,718.0,720.0,737.0,740.0,744.0,761.0,770.0,794.0,804.0,830.0,863.0,870.0,872.0,883.0,889.0,922.0,925.0,960.0,962.0,984.0,995.0,
57.0,58.0,76.0,78.0,78.0,127.0,128.0,142.0,162.0,249.0,312.0,357.0,496.0,520.0,521.0,523.0,539.0,546.0,553.0,553.0,554.0,554.0,555.0,555.0,572.0,579.0,579.0,583.0,586.0,587.0,591.0,603.0,616.0,617.0,619.0,620.0,622.0,628.0,638.0,675.0,677.0,682.0,684.0,686.0,721.0,739.0,749.0,757.0,773.0,792.0,807.0,858.0,859.0,874.0,892.0,896.0,918.0,968.0,978.0,980.0,985.0,986.0,
37.0,71.0,75.0,103.0,129.0,142.0,156.0,178.0,196.0,212.0,245.0,282.0,305.0,310.0,312.0,317.0,352.0,356.0,362.0,366.0,391.0,396.0,403.0,466.0,475.0,480.0,504.0,523.0,524.0,529.0,531.0,533.0,536.0,538.0,543.0,549.0,550.0,552.0,554.0,555.0,555.0,557.0,561.0,564.0,571.0,573.0,576.0,601.0,605.0,608.0,631.0,636.0,647.0,648.0,650.0,721.0,723.0,738.0,745.0,765.0,772.0,785.0,790.0,799.0,802.0,817.0,841.0,847.0,858.0,871.0,909.0,925.0,928.0,933.0,958.0,965.0,
126.0,159.0,173.0,208.0,214.0,266.0,274.0,293.0,372.0,391.0,409.0,422.0,433.0,437.0,438.0,475.0,484.0,521.0,523.0,541.0,544.0,546.0,549.0,559.0,561.0,563.0,563.0,566.0,569.0,577.0,578.0,581.0,590.0,596.0,614.0,616.0,624.0,633.0,635.0,645.0,675.0,720.0,732.0,769.0,776.0,819.0,836.0,848.0,857.0,864.0,867.0,905.0,929.0,940.0,949.0,961.0,982.0,992.0,
6.0,56.0,65.0,100.0,102.0,120.0,142.0,190.0,262.0,297.0,383.0,387.0,396.0,424.0,468.0,477.0,481.0,530.0,534.0,542.0,548.0,595.0,598.0,608.0,608.0,610.0,622.0,663.0,680.0,697.0,713.0,731.0,733.0,735.0,761.0,822.0,840.0,857.0,865.0,931.0,988.0,
20.0,65.0,70.0,137.0,176.0,201.0,203.0,228.0,244.0,337.0,348.0,405.0,437.0,471.0,491.0,520.0,523.0,526.0,533.0,563.0,660.0,699.0,705.0,711.0,713.0,787.0,814.0,825.0,840.0,859.0,875.0,881.0,912.0,965.0,990.0,
2.0,65.0,65.0,116.0,159.0,235.0,284.0,290.0,311.0,379.0,422.0,422.0,427.0,432.0,449.0,449.0,494.0,496.0,513.0,543.0,544.0,550.0,600.0,612.0,618.0,626.0,646.0,670.0,671.0,680.0,699.0,726.0,755.0,765.0,771.0,793.0,840.0,857.0,865.0,891.0,895.0,900.0,902.0,910.0,930.0,941.0,968.0,
123.0,157.0,170.0,207.0,216.0,227.0,252.0,264.0,275.0,276.0,303.0,323.0,358.0,379.0,404.0,430.0,468.0,469.0,596.0,649.0,707.0,772.0,820.0,834.0,835.0,990.0,
8.0,10.0,16.0,17.0,26.0,96.0,97.0,114.0,150.0,166.0,241.0,279.0,317.0,318.0,341.0,383.0,429.0,496.0,517.0,533.0,537.0,546.0,548.0,551.0,569.0,570.0,574.0,575.0,584.0,598.0,601.0,605.0,605.0,610.0,620.0,621.0,635.0,666.0,693.0,701.0,706.0,796.0,807.0,829.0,834.0,892.0,905.0,912.0,922.0,940.0,942.0,975.0,980.0,992.0,
36.0,38.0,54.0,68.0,149.0,171.0,185.0,189.0,286.0,324.0,362.0,363.0,367.0,372.0,389.0,407.0,447.0,457.0,465.0,511.0,515.0,522.0,542.0,555.0,557.0,557.0,563.0,579.0,580.0,582.0,611.0,621.0,625.0,634.0,636.0,641.0,682.0,695.0,705.0,711.0,750.0,752.0,752.0,753.0,783.0,787.0,800.0,809.0,815.0,816.0,835.0,840.0,857.0,866.0,934.0,959.0,968.0,995.0,
6.0,95.0,100.0,113.0,142.0,183.0,195.0,214.0,259.0,278.0,289.0,296.0,368.0,375.0,396.0,398.0,407.0,449.0,467.0,488.0,493.0,504.0,510.0,524.0,524.0,526.0,530.0,530.0,531.0,532.0,535.0,536.0,538.0,583.0,590.0,612.0,624.0,655.0,659.0,661.0,667.0,676.0,689.0,695.0,700.0,701.0,714.0,717.0,718.0,730.0,731.0,756.0,757.0,767.0,778.0,823.0,835.0,842.0,869.0,871.0,880.0,894.0,899.0,908.0,919.0,929.0,944.0,967.0,971.0,987.0,
35.0,100.0,105.0,128.0,128.0,130.0,138.0,169.0,182.0,191.0,198.0,199.0,210.0,215.0,245.0,245.0,318.0,359.0,399.0,435.0,451.0,479.0,517.0,531.0,531.0,532.0,534.0,539.0,539.0,539.0,543.0,564.0,569.0,572.0,598.0,600.0,605.0,608.0,609.0,629.0,632.0,633.0,640.0,653.0,660.0,660.0,666.0,668.0,682.0,700.0,710.0,725.0,725.0,759.0,759.0,794.0,804.0,822.0,858.0,860.0,890.0,902.0,927.0,948.0,974.0,990.0,
16.0,52.0,62.0,65.0,122.0,123.0,124.0,132.0,158.0,187.0,216.0,222.0,245.0,257.0,298.0,309.0,325.0,363.0,364.0,369.0,386.0,463.0,466.0,521.0,525.0,526.0,527.0,541.0,543.0,549.0,550.0,555.0,557.0,567.0,568.0,572.0,581.0,583.0,588.0,608.0,619.0,620.0,626.0,644.0,676.0,680.0,686.0,691.0,697.0,700.0,701.0,720.0,733.0,750.0,761.0,764.0,793.0,868.0,879.0,881.0,882.0,882.0,893.0,906.0,909.0,946.0,
88.0,97.0,97.0,108.0,141.0,165.0,174.0,232.0,258.0,283.0,330.0,364.0,381.0,408.0,511.0,515.0,519.0,519.0,524.0,530.0,534.0,543.0,545.0,555.0,558.0,558.0,563.0,564.0,566.0,589.0,592.0,598.0,604.0,645.0,670.0,706.0,737.0,738.0,739.0,742.0,752.0,771.0,817.0,821.0,825.0,830.0,891.0,900.0,932.0,932.0,933.0,935.0,944.0,952.0,966.0,987.0,
20.0,49.0,146.0,227.0,227.0,242.0,286.0,324.0,329.0,333.0,363.0,364.0,364.0,377.0,382.0,385.0,400.0,433.0,487.0,522.0,531.0,552.0,561.0,563.0,564.0,564.0,569.0,571.0,578.0,591.0,595.0,595.0,600.0,603.0,604.0,613.0,626.0,656.0,676.0,690.0,704.0,723.0,806.0,814.0,828.0,839.0,852.0,866.0,877.0,905.0,914.0,929.0,951.0,992.0,
15.0,31.0,37.0,72.0,130.0,185.0,200.0,237.0,251.0,290.0,301.0,321.0,399.0,415.0,433.0,448.0,465.0,501.0,557.0,599.0,603.0,623.0,628.0,636.0,678.0,717.0,740.0,766.0,871.0,963.0,
62.0,92.0,111.0,123.0,134.0,159.0,162.0,190.0,198.0,198.0,221.0,257.0,258.0,295.0,317.0,321.0,372.0,414.0,424.0,443.0,449.0,461.0,524.0,563.0,598.0,604.0,613.0,619.0,650.0,660.0,689.0,697.0,703.0,736.0,771.0,779.0,793.0,812.0,843.0,894.0,901.0,935.0,998.0,
34.0,72.0,82.0,84.0,106.0,117.0,118.0,161.0,173.0,191.0,195.0,197.0,197.0,209.0,292.0,294.0,295.0,302.0,324.0,345.0,386.0,438.0,439.0,475.0,493.0,521.0,579.0,581.0,633.0,855.0,862.0,872.0,876.0,892.0,895.0,903.0,911.0,957.0,989.0,992.0,
4.0,73.0,94.0,110.0,181.0,186.0,192.0,241.0,264.0,278.0,296.0,312.0,313.0,316.0,327.0,352.0,405.0,442.0,460.0,516.0,529.0,531.0,532.0,555.0,561.0,562.0,564.0,580.0,619.0,633.0,638.0,677.0,688.0,794.0,796.0,884.0,890.0,912.0,924.0,930.0,930.0,962.0,969.0,999.0,
58.0,99.0,168.0,174.0,192.0,193.0,206.0,208.0,247.0,249.0,280.0,297.0,347.0,371.0,400.0,538.0,548.0,550.0,554.0,557.0,558.0,563.0,564.0,582.0,582.0,599.0,604.0,605.0,606.0,610.0,618.0,619.0,631.0,635.0,641.0,644.0,644.0,664.0,670.0,672.0,683.0,685.0,686.0,693.0,703.0,716.0,723.0,762.0,771.0,775.0,792.0,797.0,797.0,797.0,798.0,806.0,807.0,829.0,849.0,852.0,882.0,904.0,904.0,909.0,914.0,932.0,937.0,943.0,
23.0,28.0,92.0,95.0,113.0,120.0,123.0,132.0,169.0,221.0,264.0,268.0,365.0,401.0,406.0,412.0,501.0,509.0,518.0,525.0,532.0,532.0,535.0,536.0,538.0,541.0,543.0,546.0,551.0,554.0,557.0,567.0,569.0,570.0,571.0,573.0,586.0,588.0,601.0,605.0,605.0,618.0,620.0,624.0,627.0,628.0,632.0,637.0,643.0,675.0,689.0,692.0,697.0,716.0,771.0,772.0,792.0,796.0,797.0,803.0,812.0,826.0,832.0,834.0,845.0,866.0,881.0,887.0,889.0,898.0,920.0,972.0,972.0,
18.0,48.0,56.0,102.0,108.0,142.0,185.0,241.0,258.0,261.0,293.0,329.0,341.0,413.0,421.0,427.0,427.0,432.0,479.0,480.0,513.0,517.0,525.0,529.0,541.0,550.0,554.0,555.0,560.0,569.0,570.0,578.0,578.0,580.0,582.0,593.0,618.0,621.0,647.0,650.0,670.0,671.0,703.0,707.0,716.0,729.0,731.0,738.0,742.0,775.0,794.0,811.0,818.0,830.0,834.0,876.0,890.0,899.0,918.0,922.0,959.0,961.0,970.0,
18.0,22.0,32.0,39.0,50.0,57.0,77.0,79.0,98.0,141.0,145.0,149.0,163.0,173.0,255.0,276.0,318.0,348.0,352.0,384.0,394.0,433.0,440.0,470.0,521.0,525.0,525.0,526.0,531.0,536.0,537.0,539.0,539.0,539.0,540.0,544.0,544.0,550.0,558.0,570.0,573.0,587.0,593.0,594.0,596.0,604.0,605.0,606.0,616.0,632.0,632.0,633.0,648.0,663.0,664.0,672.0,683.0,683.0,701.0,735.0,763.0,764.0,764.0,793.0,798.0,810.0,819.0,839.0,845.0,849.0,874.0,960.0,967.0,
4.0,43.0,45.0,67.0,137.0,138.0,146.0,150.0,153.0,153.0,165.0,201.0,335.0,345.0,364.0,369.0,395.0,405.0,418.0,447.0,493.0,520.0,521.0,524.0,525.0,526.0,528.0,540.0,541.0,548.0,550.0,555.0,555.0,555.0,557.0,561.0,562.0,570.0,570.0,571.0,572.0,581.0,584.0,587.0,601.0,620.0,636.0,637.0,639.0,641.0,645.0,651.0,661.0,663.0,673.0,674.0,675.0,683.0,687.0,697.0,711.0,712.0,714.0,715.0,715.0,716.0,728.0,734.0,734.0,735.0,738.0,793.0,796.0,800.0,825.0,825.0,828.0,834.0,881.0,888.0,889.0,893.0,895.0,896.0,913.0,922.0,925.0,925.0,937.0,957.0,977.0,983.0,994.0,994.0,995.0,
42.0,70.0,75.0,86.0,127.0,150.0,183.0,278.0,310.0,344.0,413.0,456.0,493.0,503.0,536.0,538.0,541.0,551.0,562.0,594.0,613.0,618.0,619.0,642.0,677.0,685.0,717.0,728.0,737.0,742.0,753.0,769.0,882.0,895.0,942.0,952.0,972.0,
4.0,24.0,35.0,48.0,49.0,73.0,90.0,160.0,218.0,250.0,272.0,280.0,283.0,294.0,307.0,336.0,405.0,412.0,467.0,501.0,521.0,523.0,574.0,618.0,685.0,715.0,917.0,932.0,949.0,967.0,
9.0,35.0,36.0,69.0,155.0,213.0,215.0,298.0,317.0,371.0,376.0,377.0,397.0,403.0,405.0,447.0,463.0,483.0,537.0,559.0,563.0,601.0,611.0,620.0,630.0,633.0,668.0,723.0,737.0,763.0,769.0,779.0,834.0,880.0,940.0,
28.0,87.0,88.0,174.0,194.0,203.0,223.0,244.0,258.0,265.0,309.0,344.0,365.0,405.0,442.0,448.0,450.0,467.0,505.0,522.0,531.0,532.0,540.0,556.0,637.0,663.0,675.0,787.0,806.0,807.0,853.0,887.0,897.0,901.0,947.0,951.0,952.0,972.0,973.0,
49.0,70.0,71.0,107.0,208.0,209.0,255.0,278.0,315.0,338.0,385.0,412.0,444.0,460.0,517.0,520.0,521.0,531.0,546.0,567.0,582.0,642.0,722.0,735.0,808.0,818.0,837.0,845.0,870.0,935.0,947.0,965.0,971.0,
102.0,103.0,103.0,148.0,248.0,255.0,277.0,294.0,309.0,321.0,326.0,374.0,397.0,454.0,454.0,485.0,489.0,526.0,527.0,528.0,529.0,548.0,557.0,566.0,574.0,579.0,604.0,607.0,614.0,617.0,630.0,639.0,646.0,668.0,699.0,720.0,729.0,737.0,833.0,846.0,851.0,855.0,857.0,866.0,877.0,888.0,890.0,903.0,907.0,921.0,951.0,964.0,
67.0,97.0,111.0,121.0,148.0,158.0,186.0,191.0,221.0,386.0,404.0,432.0,480.0,499.0,529.0,532.0,534.0,543.0,551.0,558.0,561.0,570.0,589.0,593.0,594.0,622.0,626.0,627.0,627.0,646.0,654.0,665.0,665.0,668.0,670.0,677.0,685.0,692.0,699.0,708.0,737.0,748.0,749.0,764.0,767.0,773.0,798.0,816.0,819.0,831.0,832.0,839.0,841.0,856.0,885.0,913.0,931.0,932.0,945.0,950.0,979.0,
5.0,29.0,38.0,47.0,125.0,173.0,180.0,220.0,234.0,245.0,252.0,309.0,333.0,336.0,353.0,362.0,367.0,367.0,373.0,486.0,513.0,533.0,536.0,536.0,539.0,540.0,551.0,551.0,559.0,565.0,574.0,591.0,604.0,608.0,611.0,614.0,615.0,638.0,641.0,651.0,651.0,651.0,661.0,686.0,687.0,708.0,774.0,781.0,807.0,808.0,809.0,845.0,884.0,894.0,918.0,921.0,921.0,930.0,932.0,944.0,951.0,958.0,959.0,971.0,979.0,
13.0,46.0,50.0,69.0,99.0,103.0,126.0,142.0,144.0,223.0,236.0,239.0,243.0,253.0,326.0,351.0,392.0,409.0,438.0,445.0,466.0,474.0,524.0,532.0,534.0,539.0,543.0,545.0,553.0,555.0,567.0,570.0,572.0,580.0,583.0,585.0,590.0,593.0,603.0,616.0,627.0,629.0,634.0,639.0,640.0,642.0,658.0,664.0,670.0,746.0,755.0,758.0,763.0,779.0,807.0,809.0,816.0,849.0,873.0,874.0,882.0,897.0,907.0,908.0,912.0,915.0,939.0,942.0,951.0,960.0,962.0,979.0,991.0,994.0,
9.0,18.0,38.0,66.0,114.0,143.0,201.0,233.0,263.0,293.0,313.0,329.0,377.0,436.0,473.0,478.0,478.0,519.0,522.0,529.0,530.0,544.0,549.0,561.0,572.0,573.0,574.0,576.0,590.0,591.0,599.0,606.0,607.0,610.0,613.0,622.0,647.0,651.0,651.0,655.0,662.0,669.0,687.0,716.0,731.0,757.0,770.0,775.0,779.0,781.0,817.0,827.0,856.0,861.0,900.0,907.0,908.0,919.0,919.0,924.0,934.0,942.0,943.0,969.0,996.0,
18.0,47.0,50.0,58.0,68.0,72.0,87.0,100.0,101.0,102.0,114.0,129.0,158.0,158.0,158.0,160.0,166.0,186.0,195.0,246.0,258.0,289.0,306.0,313.0,424.0,539.0,542.0,554.0,568.0,572.0,601.0,610.0,635.0,644.0,678.0,711.0,722.0,729.0,737.0,750.0,754.0,767.0,774.0,846.0,875.0,880.0,895.0,929.0,967.0,991.0,
26.0,27.0,29.0,48.0,50.0,72.0,108.0,113.0,113.0,121.0,132.0,172.0,182.0,207.0,255.0,271.0,303.0,303.0,365.0,381.0,390.0,435.0,515.0,566.0,626.0,635.0,664.0,721.0,722.0,754.0,836.0,885.0,886.0,909.0,
25.0,41.0,51.0,56.0,67.0,86.0,159.0,162.0,196.0,229.0,261.0,340.0,379.0,382.0,392.0,443.0,453.0,474.0,509.0,510.0,576.0,588.0,640.0,663.0,671.0,688.0,721.0,737.0,744.0,749.0,750.0,750.0,852.0,865.0,877.0,883.0,896.0,976.0,989.0,993.0,1000.0,
79.0,108.0,133.0,166.0,178.0,271.0,275.0,306.0,314.0,327.0,379.0,451.0,498.0,513.0,541.0,555.0,574.0,591.0,628.0,638.0,666.0,690.0,698.0,699.0,707.0,718.0,721.0,757.0,813.0,847.0,859.0,870.0,890.0,988.0,
35.0,41.0,68.0,78.0,79.0,88.0,90.0,109.0,121.0,145.0,226.0,231.0,264.0,306.0,314.0,317.0,328.0,381.0,407.0,436.0,458.0,507.0,517.0,538.0,540.0,606.0,634.0,654.0,662.0,752.0,755.0,835.0,857.0,882.0,907.0,929.0,981.0,998.0,
2.0,71.0,74.0,91.0,93.0,96.0,117.0,125.0,129.0,130.0,145.0,204.0,221.0,289.0,309.0,329.0,349.0,352.0,364.0,365.0,385.0,433.0,453.0,459.0,485.0,486.0,493.0,526.0,583.0,598.0,612.0,638.0,691.0,709.0,737.0,738.0,748.0,791.0,796.0,900.0,909.0,918.0,951.0,
5.0,35.0,38.0,59.0,70.0,71.0,76.0,85.0,97.0,139.0,194.0,207.0,211.0,225.0,229.0,231.0,232.0,281.0,292.0,312.0,373.0,383.0,390.0,392.0,433.0,489.0,512.0,543.0,549.0,552.0,569.0,578.0,598.0,610.0,617.0,621.0,636.0,654.0,677.0,720.0,723.0,739.0,756.0,817.0,821.0,822.0,823.0,832.0,837.0,839.0,878.0,892.0,900.0,936.0,938.0,994.0,
29.0,30.0,66.0,79.0,103.0,137.0,160.0,224.0,229.0,387.0,390.0,411.0,510.0,511.0,514.0,522.0,529.0,530.0,530.0,534.0,552.0,561.0,596.0,601.0,605.0,611.0,613.0,628.0,637.0,643.0,718.0,725.0,726.0,726.0,733.0,753.0,755.0,769.0,785.0,805.0,808.0,819.0,829.0,840.0,844.0,844.0,859.0,890.0,932.0,943.0,956.0,997.0,
59.0,102.0,102.0,121.0,191.0,192.0,255.0,260.0,284.0,304.0,305.0,318.0,352.0,444.0,454.0,458.0,521.0,540.0,546.0,551.0,553.0,562.0,563.0,570.0,580.0,583.0,629.0,634.0,635.0,641.0,660.0,668.0,688.0,745.0,755.0,778.0,778.0,788.0,810.0,827.0,841.0,868.0,897.0,905.0,908.0,925.0,932.0,957.0,969.0,990.0,
112.0,123.0,124.0,139.0,155.0,163.0,196.0,231.0,286.0,300.0,329.0,348.0,352.0,424.0,476.0,481.0,492.0,508.0,560.0,569.0,782.0,800.0,858.0,888.0,932.0,
4.0,8.0,39.0,123.0,138.0,139.0,219.0,226.0,272.0,295.0,334.0,411.0,431.0,434.0,445.0,484.0,485.0,505.0,517.0,519.0,619.0,665.0,711.0,718.0,761.0,837.0,901.0,913.0,928.0,992.0,993.0,
42.0,52.0,60.0,229.0,247.0,293.0,329.0,350.0,387.0,388.0,500.0,512.0,599.0,655.0,679.0,681.0,682.0,691.0,702.0,724.0,755.0,758.0,759.0,811.0,859.0,953.0,962.0,
27.0,36.0,65.0,98.0,158.0,269.0,296.0,337.0,350.0,404.0,464.0,505.0,525.0,575.0,589.0,655.0,663.0,671.0,864.0,869.0,872.0,899.0,900.0,969.0,977.0,999.0,
54.0,101.0,110.0,126.0,212.0,237.0,250.0,284.0,285.0,288.0,348.0,419.0,450.0,518.0,548.0,585.0,593.0,617.0,654.0,677.0,697.0,716.0,743.0,745.0,795.0,832.0,857.0,925.0,929.0,935.0,949.0,999.0,
29.0,32.0,50.0,58.0,152.0,160.0,195.0,201.0,239.0,249.0,286.0,327.0,356.0,380.0,429.0,445.0,459.0,460.0,481.0,542.0,624.0,635.0,660.0,707.0,759.0,777.0,798.0,867.0,884.0,900.0,907.0,925.0,935.0,980.0,
16.0,99.0,105.0,109.0,131.0,173.0,219.0,259.0,303.0,351.0,367.0,413.0,418.0,440.0,452.0,459.0,486.0,493.0,518.0,576.0,613.0,678.0,681.0,685.0,755.0,761.0,790.0,811.0,812.0,813.0,943.0,955.0,965.0,974.0,995.0,
4.0,54.0,72.0,130.0,183.0,199.0,225.0,229.0,230.0,304.0,369.0,411.0,436.0,483.0,532.0,533.0,567.0,569.0,629.0,634.0,658.0,674.0,695.0,700.0,750.0,835.0,
78.0,187.0,201.0,219.0,222.0,262.0,287.0,298.0,336.0,374.0,446.0,515.0,571.0,590.0,613.0,644.0,651.0,713.0,751.0,858.0,954.0,974.0,990.0,
21.0,117.0,128.0,133.0,153.0,219.0,260.0,286.0,287.0,309.0,310.0,317.0,331.0,335.0,357.0,412.0,433.0,434.0,459.0,466.0,478.0,482.0,521.0,521.0,559.0,581.0,713.0,776.0,780.0,828.0,891.0,902.0,917.0,
23.0,26.0,31.0,46.0,59.0,110.0,134.0,188.0,210.0,299.0,300.0,321.0,374.0,436.0,437.0,493.0,498.0,523.0,524.0,538.0,599.0,613.0,613.0,701.0,707.0,716.0,752.0,778.0,800.0,810.0,821.0,883.0,922.0,951.0,959.0,970.0,978.0,
48.0,118.0,137.0,185.0,186.0,210.0,217.0,273.0,337.0,364.0,427.0,432.0,433.0,449.0,466.0,500.0,522.0,549.0,567.0,651.0,661.0,705.0,748.0,759.0,761.0,814.0,912.0,932.0,
8.0,42.0,48.0,51.0,67.0,69.0,73.0,186.0,204.0,236.0,247.0,262.0,303.0,332.0,345.0,383.0,387.0,402.0,436.0,503.0,582.0,590.0,602.0,669.0,686.0,691.0,717.0,746.0,747.0,830.0,865.0,881.0,914.0,926.0,973.0,977.0,
