50.0,59.0,72.0,119.0,129.0,135.0,197.0,212.0,212.0,234.0,262.0,270.0,270.0,289.0,312.0,349.0,352.0,361.0,377.0,385.0,419.0,435.0,445.0,480.0,486.0,502.0,544.0,577.0,594.0,612.0,640.0,643.0,648.0,684.0,776.0,785.0,797.0,829.0,880.0,894.0,918.0,956.0,957.0,977.0,
20.0,66.0,67.0,96.0,114.0,151.0,197.0,224.0,288.0,308.0,357.0,393.0,403.0,426.0,446.0,486.0,487.0,489.0,557.0,647.0,702.0,705.0,706.0,714.0,732.0,741.0,756.0,769.0,787.0,800.0,805.0,824.0,837.0,853.0,876.0,877.0,887.0,919.0,975.0,986.0,
11.0,85.0,91.0,103.0,118.0,128.0,130.0,229.0,284.0,417.0,420.0,483.0,561.0,565.0,591.0,633.0,647.0,676.0,678.0,742.0,753.0,766.0,902.0,930.0,932.0,967.0,
58.0,77.0,97.0,145.0,154.0,207.0,225.0,234.0,243.0,296.0,300.0,311.0,322.0,413.0,417.0,425.0,489.0,489.0,495.0,499.0,512.0,540.0,560.0,618.0,626.0,636.0,650.0,661.0,686.0,701.0,706.0,707.0,719.0,728.0,753.0,769.0,802.0,820.0,839.0,922.0,981.0,
5.0,6.0,25.0,76.0,101.0,105.0,113.0,151.0,157.0,166.0,170.0,173.0,173.0,249.0,339.0,398.0,523.0,562.0,581.0,605.0,608.0,620.0,656.0,657.0,661.0,661.0,715.0,727.0,753.0,766.0,778.0,785.0,811.0,829.0,830.0,845.0,862.0,868.0,907.0,914.0,918.0,931.0,948.0,952.0,955.0,966.0,982.0,
28.0,69.0,116.0,139.0,146.0,168.0,267.0,273.0,285.0,285.0,310.0,357.0,392.0,413.0,419.0,426.0,472.0,476.0,478.0,478.0,502.0,567.0,577.0,595.0,600.0,657.0,705.0,709.0,721.0,732.0,743.0,749.0,803.0,804.0,807.0,872.0,898.0,899.0,938.0,941.0,956.0,958.0,965.0,
19.0,23.0,33.0,48.0,77.0,92.0,119.0,121.0,144.0,149.0,198.0,313.0,318.0,350.0,397.0,403.0,438.0,439.0,450.0,493.0,518.0,527.0,576.0,581.0,584.0,610.0,611.0,614.0,637.0,675.0,769.0,814.0,854.0,860.0,861.0,867.0,
3.0,12.0,26.0,76.0,134.0,159.0,172.0,239.0,288.0,293.0,304.0,330.0,335.0,341.0,365.0,403.0,412.0,420.0,423.0,426.0,430.0,487.0,498.0,503.0,584.0,591.0,594.0,702.0,722.0,730.0,762.0,905.0,934.0,956.0,964.0,
4.0,73.0,87.0,186.0,229.0,230.0,248.0,306.0,313.0,316.0,368.0,389.0,390.0,392.0,395.0,444.0,454.0,463.0,480.0,496.0,585.0,606.0,623.0,679.0,699.0,746.0,762.0,774.0,803.0,809.0,817.0,818.0,853.0,860.0,860.0,867.0,877.0,909.0,940.0,961.0,974.0,991.0,
23.0,58.0,122.0,142.0,153.0,167.0,170.0,170.0,182.0,187.0,285.0,288.0,308.0,322.0,345.0,371.0,403.0,451.0,466.0,693.0,702.0,705.0,723.0,731.0,801.0,825.0,833.0,835.0,885.0,890.0,916.0,916.0,928.0,974.0,
38.0,56.0,107.0,244.0,279.0,290.0,303.0,311.0,358.0,375.0,382.0,382.0,384.0,384.0,485.0,490.0,494.0,504.0,518.0,539.0,550.0,666.0,689.0,707.0,709.0,734.0,771.0,791.0,797.0,826.0,853.0,883.0,978.0,988.0,
2.0,4.0,27.0,41.0,62.0,92.0,107.0,121.0,162.0,208.0,271.0,278.0,315.0,322.0,330.0,333.0,346.0,346.0,362.0,401.0,403.0,429.0,464.0,479.0,482.0,493.0,502.0,586.0,604.0,609.0,648.0,659.0,667.0,673.0,711.0,762.0,770.0,857.0,859.0,868.0,877.0,901.0,909.0,931.0,960.0,984.0,
2.0,127.0,137.0,142.0,182.0,195.0,227.0,235.0,239.0,253.0,273.0,289.0,310.0,354.0,388.0,423.0,444.0,453.0,484.0,498.0,516.0,525.0,593.0,628.0,671.0,677.0,683.0,687.0,724.0,733.0,735.0,813.0,833.0,861.0,875.0,883.0,896.0,915.0,915.0,924.0,926.0,956.0,996.0,997.0,
5.0,11.0,22.0,51.0,81.0,86.0,125.0,149.0,150.0,158.0,205.0,227.0,304.0,308.0,357.0,381.0,387.0,388.0,404.0,409.0,422.0,438.0,453.0,514.0,520.0,551.0,596.0,599.0,732.0,744.0,895.0,
21.0,32.0,122.0,140.0,147.0,150.0,207.0,215.0,219.0,264.0,298.0,318.0,328.0,344.0,361.0,372.0,460.0,491.0,491.0,584.0,597.0,641.0,659.0,714.0,735.0,858.0,872.0,890.0,916.0,926.0,955.0,969.0,
66.0,125.0,148.0,150.0,159.0,172.0,198.0,220.0,242.0,250.0,281.0,291.0,320.0,366.0,377.0,378.0,423.0,439.0,445.0,447.0,471.0,485.0,500.0,540.0,584.0,655.0,656.0,686.0,713.0,744.0,759.0,782.0,799.0,822.0,855.0,909.0,954.0,
2.0,17.0,41.0,61.0,104.0,134.0,166.0,166.0,173.0,197.0,206.0,270.0,272.0,275.0,284.0,334.0,340.0,348.0,359.0,487.0,523.0,534.0,544.0,547.0,588.0,620.0,621.0,627.0,634.0,658.0,699.0,709.0,711.0,854.0,955.0,
15.0,106.0,106.0,129.0,183.0,211.0,220.0,287.0,363.0,365.0,387.0,393.0,437.0,471.0,484.0,487.0,502.0,594.0,616.0,621.0,641.0,721.0,757.0,806.0,831.0,879.0,926.0,938.0,940.0,946.0,965.0,981.0,
8.0,12.0,17.0,34.0,101.0,108.0,127.0,128.0,138.0,217.0,238.0,239.0,266.0,277.0,286.0,355.0,414.0,415.0,437.0,466.0,466.0,516.0,531.0,636.0,679.0,768.0,781.0,787.0,819.0,836.0,915.0,
10.0,28.0,29.0,108.0,133.0,190.0,195.0,197.0,219.0,255.0,275.0,337.0,357.0,360.0,394.0,409.0,410.0,422.0,432.0,434.0,440.0,444.0,517.0,575.0,610.0,646.0,657.0,658.0,680.0,681.0,682.0,726.0,762.0,807.0,861.0,872.0,874.0,908.0,914.0,922.0,925.0,930.0,940.0,986.0,
25.0,97.0,104.0,146.0,188.0,221.0,263.0,306.0,311.0,351.0,407.0,521.0,524.0,657.0,682.0,745.0,767.0,774.0,795.0,819.0,824.0,865.0,896.0,
58.0,68.0,75.0,81.0,102.0,107.0,111.0,112.0,223.0,225.0,229.0,287.0,343.0,394.0,425.0,425.0,450.0,466.0,467.0,595.0,598.0,605.0,627.0,681.0,692.0,761.0,796.0,842.0,861.0,893.0,911.0,911.0,978.0,997.0,997.0,
35.0,52.0,67.0,112.0,154.0,164.0,167.0,207.0,209.0,218.0,230.0,231.0,245.0,247.0,436.0,534.0,542.0,544.0,578.0,628.0,680.0,687.0,701.0,735.0,752.0,776.0,791.0,827.0,840.0,871.0,872.0,881.0,904.0,980.0,
8.0,17.0,28.0,51.0,85.0,101.0,134.0,162.0,212.0,219.0,220.0,273.0,273.0,285.0,291.0,308.0,375.0,385.0,388.0,427.0,448.0,463.0,463.0,468.0,502.0,518.0,559.0,580.0,584.0,585.0,626.0,640.0,707.0,715.0,726.0,741.0,802.0,814.0,911.0,939.0,989.0,
48.0,73.0,121.0,162.0,183.0,207.0,217.0,227.0,228.0,245.0,259.0,292.0,328.0,346.0,361.0,433.0,434.0,436.0,438.0,442.0,455.0,457.0,478.0,487.0,508.0,518.0,524.0,528.0,550.0,553.0,556.0,587.0,605.0,637.0,638.0,664.0,691.0,698.0,753.0,846.0,853.0,855.0,907.0,928.0,931.0,983.0,
19.0,33.0,43.0,99.0,166.0,224.0,245.0,290.0,293.0,300.0,343.0,425.0,425.0,429.0,482.0,490.0,499.0,519.0,551.0,565.0,573.0,588.0,595.0,599.0,601.0,642.0,667.0,667.0,679.0,697.0,707.0,737.0,766.0,974.0,985.0,998.0,999.0,
61.0,88.0,111.0,135.0,155.0,178.0,226.0,253.0,323.0,371.0,479.0,481.0,523.0,524.0,525.0,553.0,579.0,602.0,612.0,616.0,684.0,711.0,720.0,724.0,734.0,752.0,766.0,778.0,787.0,809.0,812.0,824.0,829.0,887.0,897.0,916.0,957.0,959.0,973.0,983.0,993.0,
36.0,103.0,128.0,134.0,196.0,222.0,224.0,276.0,311.0,322.0,324.0,329.0,366.0,429.0,451.0,487.0,490.0,525.0,543.0,548.0,568.0,576.0,603.0,654.0,706.0,731.0,791.0,860.0,941.0,987.0,997.0,
14.0,37.0,76.0,90.0,103.0,175.0,175.0,178.0,197.0,226.0,299.0,306.0,346.0,363.0,383.0,394.0,476.0,581.0,645.0,664.0,664.0,724.0,731.0,734.0,746.0,773.0,793.0,836.0,868.0,880.0,914.0,965.0,996.0,
64.0,83.0,92.0,93.0,99.0,104.0,154.0,187.0,251.0,354.0,371.0,381.0,396.0,441.0,489.0,504.0,517.0,526.0,569.0,580.0,606.0,626.0,700.0,737.0,748.0,799.0,813.0,814.0,823.0,907.0,916.0,924.0,936.0,963.0,984.0,
14.0,18.0,32.0,59.0,60.0,61.0,111.0,117.0,165.0,195.0,197.0,241.0,271.0,278.0,294.0,336.0,344.0,370.0,392.0,418.0,438.0,456.0,460.0,461.0,481.0,502.0,518.0,610.0,635.0,664.0,695.0,745.0,856.0,870.0,895.0,897.0,976.0,979.0,
8.0,16.0,30.0,101.0,106.0,115.0,136.0,181.0,205.0,247.0,293.0,333.0,343.0,379.0,392.0,432.0,471.0,516.0,523.0,524.0,555.0,606.0,659.0,662.0,667.0,698.0,700.0,709.0,723.0,733.0,736.0,756.0,764.0,839.0,877.0,895.0,907.0,
4.0,24.0,47.0,70.0,70.0,73.0,86.0,87.0,131.0,174.0,228.0,237.0,254.0,282.0,283.0,287.0,345.0,401.0,436.0,449.0,513.0,518.0,548.0,584.0,647.0,665.0,678.0,785.0,826.0,870.0,883.0,
52.0,145.0,173.0,181.0,182.0,185.0,186.0,199.0,208.0,219.0,241.0,280.0,288.0,330.0,371.0,382.0,414.0,434.0,471.0,531.0,542.0,546.0,567.0,575.0,582.0,603.0,617.0,618.0,622.0,633.0,642.0,652.0,658.0,659.0,660.0,661.0,680.0,713.0,743.0,761.0,762.0,765.0,765.0,864.0,867.0,875.0,884.0,929.0,930.0,932.0,956.0,973.0,
4.0,24.0,118.0,118.0,174.0,176.0,207.0,272.0,282.0,301.0,321.0,418.0,422.0,431.0,454.0,458.0,507.0,521.0,526.0,541.0,549.0,553.0,556.0,557.0,558.0,563.0,564.0,574.0,578.0,590.0,593.0,597.0,598.0,607.0,607.0,625.0,625.0,629.0,639.0,654.0,704.0,719.0,721.0,723.0,733.0,749.0,758.0,765.0,806.0,838.0,840.0,851.0,854.0,861.0,865.0,879.0,881.0,888.0,917.0,938.0,949.0,954.0,956.0,986.0,987.0,992.0,993.0,994.0,
7.0,30.0,49.0,62.0,68.0,86.0,116.0,167.0,185.0,211.0,223.0,247.0,257.0,294.0,329.0,429.0,464.0,484.0,497.0,508.0,516.0,528.0,529.0,529.0,533.0,541.0,544.0,544.0,555.0,564.0,567.0,575.0,579.0,584.0,587.0,607.0,610.0,612.0,628.0,634.0,638.0,653.0,659.0,661.0,671.0,679.0,702.0,706.0,738.0,752.0,754.0,755.0,769.0,769.0,776.0,786.0,794.0,795.0,796.0,800.0,804.0,811.0,820.0,830.0,844.0,883.0,887.0,891.0,894.0,923.0,926.0,929.0,932.0,934.0,978.0,985.0,
61.0,77.0,84.0,124.0,162.0,186.0,201.0,239.0,248.0,263.0,302.0,321.0,322.0,332.0,352.0,385.0,429.0,449.0,510.0,524.0,533.0,535.0,540.0,540.0,542.0,542.0,543.0,550.0,550.0,552.0,554.0,561.0,567.0,570.0,574.0,587.0,591.0,593.0,597.0,608.0,612.0,630.0,632.0,641.0,644.0,651.0,665.0,685.0,699.0,721.0,766.0,768.0,777.0,787.0,793.0,798.0,844.0,846.0,868.0,869.0,883.0,922.0,923.0,953.0,966.0,971.0,977.0,997.0,
62.0,67.0,132.0,145.0,204.0,244.0,266.0,268.0,280.0,282.0,296.0,315.0,321.0,339.0,387.0,430.0,432.0,441.0,462.0,466.0,492.0,495.0,519.0,525.0,529.0,539.0,539.0,540.0,548.0,553.0,571.0,602.0,608.0,618.0,623.0,627.0,628.0,662.0,666.0,677.0,697.0,706.0,711.0,715.0,741.0,758.0,775.0,787.0,792.0,796.0,800.0,810.0,820.0,837.0,889.0,913.0,930.0,936.0,960.0,970.0,974.0,986.0,995.0,
26.0,68.0,117.0,189.0,260.0,281.0,283.0,378.0,398.0,451.0,470.0,471.0,477.0,480.0,551.0,593.0,658.0,733.0,759.0,761.0,783.0,805.0,851.0,906.0,985.0,
22.0,84.0,97.0,103.0,124.0,129.0,259.0,274.0,278.0,332.0,344.0,366.0,406.0,420.0,428.0,473.0,482.0,520.0,536.0,548.0,549.0,597.0,626.0,642.0,647.0,679.0,679.0,755.0,800.0,842.0,939.0,939.0,942.0,957.0,
27.0,70.0,123.0,230.0,245.0,295.0,330.0,360.0,393.0,424.0,429.0,430.0,666.0,678.0,693.0,694.0,748.0,778.0,784.0,906.0,
54.0,81.0,99.0,123.0,175.0,196.0,202.0,207.0,210.0,226.0,232.0,265.0,288.0,305.0,310.0,316.0,347.0,439.0,489.0,528.0,552.0,572.0,637.0,686.0,744.0,761.0,799.0,818.0,877.0,884.0,884.0,885.0,904.0,905.0,908.0,946.0,981.0,990.0,
11.0,71.0,83.0,103.0,130.0,145.0,189.0,220.0,223.0,242.0,254.0,334.0,359.0,376.0,390.0,395.0,417.0,422.0,455.0,484.0,513.0,517.0,521.0,548.0,554.0,593.0,636.0,693.0,701.0,709.0,710.0,710.0,722.0,725.0,734.0,917.0,932.0,948.0,961.0,997.0,
28.0,65.0,81.0,87.0,122.0,141.0,160.0,191.0,199.0,218.0,239.0,251.0,258.0,361.0,373.0,380.0,383.0,419.0,438.0,516.0,519.0,528.0,530.0,530.0,534.0,541.0,543.0,548.0,552.0,555.0,556.0,565.0,567.0,568.0,574.0,576.0,576.0,587.0,588.0,595.0,598.0,604.0,605.0,623.0,634.0,638.0,642.0,660.0,686.0,714.0,716.0,724.0,750.0,765.0,778.0,792.0,796.0,824.0,827.0,835.0,846.0,854.0,858.0,861.0,871.0,882.0,895.0,906.0,906.0,913.0,923.0,928.0,929.0,961.0,964.0,965.0,989.0,
95.0,133.0,247.0,258.0,280.0,341.0,357.0,386.0,389.0,402.0,413.0,415.0,479.0,494.0,501.0,512.0,513.0,531.0,540.0,547.0,553.0,558.0,563.0,563.0,570.0,604.0,606.0,626.0,630.0,640.0,665.0,690.0,694.0,702.0,732.0,738.0,754.0,775.0,783.0,788.0,805.0,809.0,815.0,826.0,862.0,886.0,921.0,936.0,937.0,979.0,
9.0,14.0,27.0,33.0,121.0,170.0,196.0,207.0,241.0,250.0,287.0,294.0,301.0,432.0,434.0,448.0,453.0,465.0,480.0,494.0,514.0,516.0,528.0,535.0,535.0,538.0,543.0,544.0,551.0,556.0,556.0,561.0,567.0,571.0,572.0,586.0,586.0,591.0,597.0,599.0,599.0,601.0,602.0,603.0,608.0,614.0,626.0,626.0,651.0,662.0,713.0,719.0,733.0,757.0,771.0,780.0,797.0,803.0,804.0,834.0,836.0,855.0,864.0,873.0,897.0,897.0,899.0,900.0,955.0,958.0,959.0,989.0,998.0,
36.0,44.0,110.0,167.0,269.0,286.0,302.0,338.0,348.0,369.0,370.0,396.0,424.0,426.0,475.0,489.0,510.0,514.0,527.0,527.0,531.0,532.0,547.0,550.0,550.0,556.0,560.0,561.0,572.0,574.0,575.0,575.0,576.0,578.0,580.0,582.0,586.0,591.0,596.0,602.0,623.0,631.0,633.0,634.0,681.0,690.0,695.0,704.0,718.0,739.0,753.0,768.0,790.0,805.0,813.0,853.0,856.0,872.0,879.0,882.0,898.0,904.0,913.0,917.0,921.0,930.0,933.0,933.0,965.0,982.0,984.0,
110.0,124.0,169.0,181.0,192.0,314.0,325.0,326.0,326.0,342.0,348.0,369.0,388.0,515.0,516.0,521.0,523.0,527.0,531.0,541.0,542.0,545.0,545.0,558.0,577.0,587.0,590.0,590.0,596.0,600.0,600.0,604.0,606.0,659.0,662.0,696.0,734.0,737.0,746.0,749.0,769.0,776.0,777.0,780.0,795.0,829.0,844.0,857.0,861.0,885.0,891.0,923.0,924.0,925.0,926.0,929.0,938.0,952.0,956.0,964.0,983.0,985.0,985.0,989.0,997.0,
36.0,70.0,72.0,122.0,128.0,151.0,195.0,237.0,306.0,315.0,352.0,404.0,410.0,411.0,416.0,440.0,450.0,527.0,532.0,555.0,557.0,561.0,563.0,565.0,572.0,573.0,651.0,710.0,774.0,792.0,819.0,849.0,855.0,881.0,912.0,935.0,960.0,968.0,993.0,
31.0,64.0,86.0,92.0,114.0,140.0,153.0,174.0,202.0,325.0,368.0,412.0,441.0,448.0,461.0,479.0,541.0,547.0,560.0,643.0,656.0,701.0,717.0,751.0,863.0,913.0,924.0,954.0,958.0,960.0,978.0,
21.0,23.0,47.0,117.0,123.0,124.0,167.0,209.0,215.0,240.0,249.0,249.0,255.0,260.0,279.0,284.0,301.0,307.0,323.0,338.0,343.0,350.0,380.0,380.0,390.0,434.0,466.0,487.0,533.0,574.0,575.0,582.0,631.0,707.0,733.0,738.0,753.0,778.0,778.0,791.0,805.0,823.0,827.0,868.0,944.0,
10.0,123.0,125.0,171.0,183.0,207.0,211.0,227.0,252.0,283.0,319.0,360.0,374.0,393.0,395.0,397.0,468.0,481.0,491.0,540.0,597.0,598.0,705.0,760.0,847.0,869.0,938.0,984.0,993.0,
6.0,11.0,70.0,119.0,167.0,250.0,274.0,354.0,436.0,449.0,462.0,505.0,510.0,512.0,538.0,554.0,555.0,558.0,567.0,571.0,579.0,639.0,659.0,659.0,665.0,679.0,692.0,702.0,706.0,707.0,712.0,714.0,720.0,736.0,743.0,754.0,760.0,800.0,804.0,814.0,817.0,823.0,884.0,892.0,979.0,1000.0,
38.0,162.0,163.0,204.0,215.0,237.0,264.0,269.0,298.0,302.0,306.0,315.0,333.0,398.0,407.0,478.0,493.0,506.0,521.0,523.0,526.0,530.0,532.0,532.0,540.0,542.0,545.0,552.0,561.0,572.0,578.0,578.0,593.0,596.0,597.0,599.0,608.0,614.0,635.0,651.0,655.0,656.0,675.0,677.0,686.0,697.0,700.0,728.0,735.0,738.0,748.0,774.0,787.0,814.0,827.0,832.0,834.0,842.0,848.0,849.0,872.0,908.0,922.0,930.0,955.0,964.0,970.0,994.0,
33.0,56.0,74.0,81.0,116.0,120.0,155.0,181.0,198.0,268.0,288.0,315.0,352.0,371.0,390.0,419.0,517.0,522.0,523.0,528.0,528.0,532.0,533.0,537.0,538.0,538.0,550.0,552.0,558.0,559.0,587.0,589.0,592.0,594.0,599.0,607.0,618.0,624.0,651.0,663.0,670.0,684.0,698.0,702.0,703.0,707.0,750.0,786.0,797.0,801.0,804.0,813.0,825.0,849.0,849.0,852.0,873.0,887.0,892.0,896.0,942.0,947.0,949.0,970.0,975.0,992.0,
87.0,200.0,219.0,255.0,269.0,295.0,357.0,440.0,504.0,512.0,513.0,516.0,526.0,527.0,532.0,541.0,546.0,547.0,557.0,562.0,573.0,574.0,576.0,590.0,601.0,602.0,604.0,604.0,609.0,613.0,616.0,693.0,693.0,694.0,729.0,736.0,754.0,769.0,787.0,788.0,790.0,819.0,850.0,884.0,935.0,963.0,
82.0,93.0,102.0,153.0,177.0,186.0,187.0,226.0,241.0,304.0,425.0,458.0,503.0,505.0,515.0,519.0,531.0,539.0,543.0,543.0,544.0,571.0,571.0,589.0,601.0,606.0,614.0,618.0,621.0,622.0,651.0,651.0,668.0,680.0,682.0,684.0,700.0,702.0,708.0,720.0,723.0,764.0,764.0,771.0,772.0,800.0,801.0,805.0,816.0,820.0,824.0,825.0,826.0,852.0,913.0,938.0,939.0,945.0,973.0,
12.0,22.0,35.0,48.0,93.0,100.0,183.0,195.0,230.0,234.0,255.0,278.0,309.0,332.0,332.0,337.0,337.0,349.0,359.0,367.0,478.0,492.0,492.0,508.0,519.0,520.0,522.0,533.0,544.0,547.0,548.0,570.0,577.0,580.0,581.0,587.0,589.0,590.0,614.0,625.0,631.0,641.0,667.0,668.0,674.0,676.0,706.0,742.0,744.0,752.0,770.0,800.0,805.0,825.0,827.0,830.0,839.0,856.0,865.0,870.0,880.0,891.0,908.0,919.0,921.0,929.0,930.0,954.0,963.0,997.0,
110.0,115.0,158.0,189.0,193.0,342.0,351.0,412.0,413.0,436.0,475.0,516.0,531.0,531.0,534.0,547.0,549.0,553.0,576.0,596.0,610.0,623.0,650.0,664.0,666.0,668.0,683.0,691.0,706.0,715.0,717.0,731.0,735.0,806.0,830.0,849.0,894.0,941.0,998.0,
8.0,53.0,89.0,113.0,133.0,155.0,167.0,177.0,206.0,245.0,287.0,305.0,344.0,369.0,399.0,402.0,428.0,445.0,460.0,468.0,474.0,513.0,541.0,681.0,714.0,725.0,739.0,780.0,863.0,876.0,
44.0,64.0,91.0,102.0,114.0,161.0,186.0,192.0,207.0,234.0,257.0,314.0,381.0,391.0,420.0,421.0,425.0,442.0,443.0,449.0,508.0,602.0,659.0,714.0,735.0,739.0,775.0,789.0,823.0,835.0,836.0,862.0,903.0,907.0,912.0,917.0,923.0,936.0,982.0,989.0,
19.0,24.0,31.0,31.0,130.0,157.0,165.0,192.0,206.0,226.0,235.0,239.0,240.0,253.0,255.0,300.0,301.0,322.0,346.0,362.0,363.0,368.0,386.0,390.0,432.0,451.0,460.0,461.0,475.0,486.0,517.0,529.0,577.0,600.0,614.0,621.0,633.0,637.0,659.0,705.0,774.0,801.0,825.0,860.0,862.0,867.0,902.0,926.0,966.0,
7.0,36.0,56.0,72.0,81.0,89.0,90.0,123.0,124.0,153.0,217.0,236.0,268.0,282.0,296.0,366.0,419.0,424.0,436.0,458.0,520.0,529.0,536.0,538.0,539.0,541.0,545.0,554.0,585.0,606.0,613.0,642.0,643.0,643.0,666.0,696.0,711.0,745.0,770.0,793.0,807.0,832.0,939.0,943.0,
19.0,155.0,162.0,175.0,189.0,199.0,218.0,237.0,260.0,277.0,338.0,351.0,359.0,417.0,530.0,530.0,541.0,544.0,547.0,552.0,553.0,563.0,565.0,571.0,572.0,574.0,578.0,587.0,594.0,596.0,611.0,617.0,634.0,635.0,648.0,653.0,662.0,663.0,679.0,687.0,687.0,689.0,692.0,700.0,720.0,734.0,737.0,742.0,751.0,752.0,763.0,763.0,765.0,773.0,781.0,785.0,791.0,800.0,818.0,820.0,825.0,863.0,871.0,882.0,887.0,941.0,941.0,945.0,945.0,954.0,987.0,990.0,994.0,
24.0,70.0,72.0,79.0,84.0,169.0,185.0,186.0,198.0,204.0,214.0,224.0,248.0,259.0,266.0,279.0,302.0,315.0,339.0,392.0,445.0,484.0,488.0,513.0,517.0,521.0,521.0,537.0,545.0,547.0,548.0,552.0,556.0,562.0,570.0,583.0,589.0,601.0,602.0,604.0,605.0,619.0,628.0,629.0,629.0,631.0,637.0,640.0,672.0,681.0,733.0,752.0,774.0,775.0,778.0,781.0,781.0,787.0,832.0,834.0,836.0,845.0,869.0,890.0,897.0,897.0,910.0,911.0,911.0,922.0,925.0,933.0,953.0,989.0,991.0,
17.0,31.0,73.0,93.0,198.0,199.0,228.0,255.0,326.0,344.0,373.0,373.0,395.0,436.0,463.0,484.0,486.0,526.0,531.0,533.0,534.0,535.0,540.0,540.0,548.0,553.0,556.0,562.0,566.0,570.0,570.0,577.0,581.0,582.0,585.0,594.0,597.0,600.0,601.0,614.0,628.0,649.0,654.0,671.0,694.0,700.0,701.0,727.0,732.0,776.0,780.0,821.0,856.0,865.0,907.0,914.0,936.0,947.0,955.0,957.0,963.0,975.0,999.0,
20.0,40.0,43.0,113.0,172.0,267.0,281.0,297.0,419.0,503.0,516.0,517.0,523.0,533.0,533.0,539.0,539.0,544.0,546.0,552.0,556.0,558.0,560.0,573.0,576.0,578.0,583.0,585.0,600.0,601.0,604.0,606.0,608.0,611.0,617.0,618.0,626.0,629.0,633.0,639.0,647.0,647.0,654.0,658.0,659.0,659.0,664.0,755.0,798.0,812.0,824.0,843.0,845.0,848.0,858.0,862.0,880.0,890.0,892.0,911.0,922.0,948.0,966.0,994.0,
18.0,25.0,47.0,93.0,128.0,170.0,173.0,178.0,214.0,228.0,267.0,275.0,311.0,334.0,356.0,362.0,370.0,416.0,432.0,433.0,441.0,443.0,446.0,539.0,540.0,540.0,544.0,552.0,561.0,562.0,567.0,571.0,578.0,585.0,589.0,591.0,592.0,602.0,606.0,635.0,638.0,644.0,658.0,697.0,701.0,703.0,763.0,765.0,772.0,803.0,811.0,825.0,828.0,829.0,839.0,842.0,864.0,866.0,888.0,889.0,891.0,925.0,929.0,929.0,953.0,970.0,975.0,981.0,
8.0,26.0,42.0,61.0,95.0,169.0,179.0,182.0,210.0,218.0,237.0,240.0,251.0,251.0,330.0,334.0,358.0,365.0,437.0,477.0,488.0,495.0,496.0,513.0,530.0,535.0,549.0,553.0,556.0,557.0,559.0,574.0,593.0,611.0,612.0,628.0,656.0,693.0,796.0,797.0,823.0,908.0,942.0,973.0,976.0,993.0,
9.0,17.0,20.0,57.0,60.0,60.0,61.0,62.0,65.0,94.0,99.0,148.0,161.0,166.0,182.0,193.0,194.0,194.0,253.0,267.0,278.0,292.0,345.0,368.0,388.0,401.0,432.0,452.0,460.0,500.0,521.0,525.0,615.0,644.0,663.0,673.0,815.0,855.0,911.0,955.0,964.0,
26.0,43.0,49.0,54.0,68.0,73.0,99.0,116.0,116.0,118.0,121.0,178.0,229.0,241.0,248.0,253.0,292.0,334.0,337.0,410.0,417.0,418.0,424.0,432.0,480.0,486.0,499.0,595.0,614.0,678.0,716.0,749.0,787.0,820.0,857.0,861.0,862.0,887.0,999.0,
49.0,66.0,108.0,132.0,138.0,164.0,176.0,192.0,214.0,226.0,314.0,323.0,360.0,372.0,393.0,417.0,437.0,462.0,468.0,469.0,476.0,482.0,509.0,543.0,550.0,554.0,585.0,628.0,650.0,657.0,723.0,735.0,762.0,767.0,787.0,802.0,853.0,859.0,874.0,874.0,912.0,928.0,952.0,971.0,
111.0,140.0,142.0,159.0,195.0,206.0,269.0,304.0,314.0,330.0,336.0,338.0,352.0,384.0,404.0,407.0,420.0,430.0,466.0,477.0,488.0,533.0,534.0,556.0,573.0,577.0,595.0,749.0,817.0,818.0,824.0,831.0,896.0,969.0,1000.0,
24.0,35.0,38.0,81.0,122.0,134.0,151.0,170.0,220.0,239.0,295.0,334.0,360.0,364.0,511.0,519.0,527.0,531.0,533.0,536.0,537.0,538.0,544.0,547.0,555.0,558.0,561.0,562.0,564.0,566.0,576.0,579.0,582.0,593.0,598.0,598.0,599.0,600.0,607.0,607.0,609.0,618.0,624.0,633.0,642.0,648.0,650.0,652.0,657.0,672.0,725.0,729.0,776.0,792.0,817.0,864.0,874.0,888.0,907.0,908.0,945.0,970.0,971.0,
21.0,31.0,34.0,47.0,92.0,106.0,112.0,143.0,153.0,184.0,212.0,252.0,291.0,316.0,324.0,355.0,376.0,384.0,410.0,435.0,468.0,494.0,502.0,519.0,528.0,531.0,532.0,533.0,533.0,537.0,538.0,542.0,548.0,550.0,551.0,552.0,558.0,564.0,567.0,576.0,582.0,583.0,595.0,601.0,603.0,613.0,618.0,646.0,693.0,701.0,735.0,737.0,745.0,755.0,764.0,772.0,791.0,813.0,844.0,866.0,870.0,880.0,902.0,904.0,912.0,946.0,959.0,989.0,998.0,
35.0,35.0,41.0,71.0,91.0,131.0,154.0,165.0,198.0,253.0,287.0,307.0,319.0,347.0,355.0,358.0,360.0,379.0,383.0,407.0,429.0,478.0,486.0,507.0,515.0,517.0,524.0,524.0,532.0,536.0,538.0,550.0,553.0,554.0,556.0,558.0,558.0,558.0,564.0,575.0,581.0,589.0,589.0,593.0,597.0,598.0,600.0,607.0,622.0,625.0,626.0,627.0,634.0,637.0,642.0,648.0,648.0,683.0,685.0,686.0,696.0,697.0,703.0,732.0,759.0,764.0,775.0,793.0,807.0,810.0,833.0,841.0,853.0,858.0,875.0,889.0,894.0,908.0,924.0,926.0,927.0,937.0,947.0,969.0,970.0,977.0,
17.0,54.0,76.0,192.0,208.0,273.0,302.0,364.0,476.0,488.0,515.0,526.0,528.0,531.0,535.0,535.0,538.0,538.0,548.0,548.0,549.0,550.0,552.0,556.0,557.0,561.0,563.0,575.0,578.0,580.0,582.0,583.0,583.0,591.0,591.0,600.0,600.0,613.0,629.0,654.0,678.0,685.0,693.0,726.0,728.0,735.0,744.0,751.0,755.0,759.0,783.0,795.0,795.0,803.0,816.0,818.0,869.0,879.0,895.0,905.0,905.0,938.0,963.0,976.0,990.0,993.0,996.0,
44.0,46.0,68.0,83.0,129.0,167.0,172.0,177.0,229.0,236.0,258.0,265.0,275.0,294.0,340.0,363.0,368.0,381.0,396.0,471.0,512.0,527.0,528.0,537.0,548.0,565.0,569.0,582.0,589.0,600.0,605.0,617.0,632.0,662.0,673.0,675.0,680.0,702.0,710.0,746.0,748.0,769.0,775.0,796.0,817.0,817.0,826.0,843.0,844.0,859.0,859.0,860.0,866.0,881.0,894.0,901.0,903.0,918.0,925.0,968.0,971.0,
5.0,75.0,79.0,152.0,163.0,216.0,256.0,267.0,272.0,275.0,300.0,308.0,369.0,384.0,450.0,474.0,499.0,534.0,536.0,538.0,549.0,553.0,579.0,632.0,703.0,862.0,917.0,947.0,
4.0,44.0,78.0,106.0,127.0,151.0,185.0,189.0,192.0,227.0,227.0,273.0,331.0,342.0,401.0,417.0,471.0,475.0,495.0,557.0,619.0,630.0,646.0,679.0,722.0,773.0,835.0,843.0,912.0,959.0,
29.0,35.0,73.0,222.0,228.0,303.0,439.0,443.0,482.0,560.0,593.0,596.0,638.0,649.0,662.0,694.0,718.0,761.0,765.0,835.0,843.0,846.0,873.0,
31.0,41.0,81.0,121.0,144.0,148.0,192.0,257.0,267.0,307.0,349.0,356.0,376.0,403.0,411.0,412.0,421.0,432.0,501.0,502.0,525.0,530.0,548.0,556.0,571.0,608.0,641.0,642.0,705.0,728.0,731.0,733.0,789.0,814.0,816.0,819.0,850.0,859.0,872.0,947.0,966.0,
16.0,18.0,87.0,117.0,130.0,148.0,149.0,232.0,237.0,254.0,355.0,373.0,389.0,428.0,429.0,476.0,491.0,508.0,521.0,530.0,539.0,562.0,578.0,639.0,681.0,719.0,789.0,789.0,828.0,829.0,839.0,851.0,863.0,865.0,893.0,893.0,917.0,983.0,
21.0,74.0,78.0,118.0,135.0,137.0,163.0,174.0,186.0,220.0,256.0,283.0,314.0,323.0,342.0,343.0,377.0,393.0,425.0,441.0,452.0,459.0,469.0,486.0,527.0,633.0,764.0,777.0,799.0,879.0,893.0,918.0,975.0,
84.0,93.0,127.0,161.0,165.0,177.0,178.0,186.0,290.0,305.0,314.0,329.0,365.0,367.0,379.0,398.0,412.0,473.0,480.0,492.0,519.0,521.0,544.0,567.0,567.0,570.0,613.0,647.0,657.0,660.0,700.0,715.0,728.0,761.0,768.0,802.0,814.0,829.0,888.0,889.0,907.0,923.0,931.0,990.0,
16.0,71.0,111.0,221.0,225.0,258.0,271.0,298.0,315.0,351.0,363.0,364.0,376.0,428.0,439.0,448.0,476.0,515.0,520.0,526.0,536.0,544.0,573.0,577.0,578.0,580.0,591.0,597.0,598.0,603.0,616.0,622.0,628.0,629.0,636.0,655.0,658.0,687.0,690.0,697.0,726.0,741.0,745.0,754.0,781.0,834.0,846.0,874.0,951.0,956.0,966.0,970.0,
4.0,8.0,15.0,17.0,46.0,56.0,119.0,136.0,185.0,228.0,242.0,298.0,330.0,340.0,394.0,410.0,466.0,500.0,500.0,521.0,531.0,532.0,542.0,562.0,580.0,616.0,646.0,655.0,685.0,692.0,716.0,744.0,755.0,779.0,841.0,843.0,857.0,928.0,944.0,
19.0,58.0,87.0,128.0,154.0,157.0,175.0,191.0,198.0,203.0,246.0,249.0,254.0,292.0,300.0,308.0,314.0,318.0,353.0,365.0,368.0,450.0,468.0,496.0,497.0,512.0,517.0,519.0,551.0,552.0,593.0,636.0,669.0,699.0,701.0,705.0,768.0,789.0,797.0,934.0,935.0,943.0,
52.0,65.0,76.0,108.0,111.0,117.0,157.0,166.0,171.0,187.0,190.0,235.0,266.0,268.0,269.0,275.0,390.0,459.0,476.0,480.0,536.0,536.0,546.0,554.0,587.0,610.0,636.0,686.0,686.0,824.0,831.0,857.0,899.0,908.0,909.0,965.0,969.0,974.0,975.0,993.0,
23.0,49.0,76.0,120.0,139.0,185.0,191.0,193.0,239.0,260.0,298.0,300.0,329.0,354.0,359.0,363.0,425.0,437.0,441.0,444.0,454.0,474.0,477.0,527.0,534.0,536.0,537.0,683.0,685.0,693.0,709.0,735.0,737.0,738.0,746.0,798.0,890.0,920.0,944.0,964.0,973.0,992.0,
14.0,14.0,17.0,32.0,35.0,115.0,115.0,132.0,138.0,140.0,142.0,142.0,169.0,193.0,232.0,247.0,351.0,363.0,369.0,384.0,400.0,431.0,438.0,499.0,544.0,544.0,567.0,578.0,686.0,710.0,724.0,763.0,772.0,842.0,855.0,875.0,908.0,920.0,933.0,933.0,969.0,974.0,1000.0,
14.0,14.0,49.0,58.0,74.0,87.0,128.0,134.0,164.0,170.0,192.0,194.0,198.0,260.0,276.0,280.0,333.0,348.0,349.0,353.0,380.0,388.0,428.0,442.0,448.0,469.0,470.0,480.0,491.0,519.0,523.0,570.0,595.0,604.0,615.0,635.0,657.0,696.0,774.0,783.0,786.0,819.0,828.0,837.0,854.0,860.0,953.0,955.0,
17.0,21.0,30.0,118.0,145.0,155.0,166.0,167.0,200.0,201.0,221.0,247.0,271.0,315.0,345.0,370.0,400.0,416.0,470.0,474.0,511.0,547.0,571.0,572.0,604.0,658.0,691.0,724.0,746.0,780.0,817.0,824.0,826.0,850.0,903.0,
24.0,89.0,93.0,101.0,155.0,189.0,226.0,226.0,241.0,247.0,262.0,385.0,411.0,420.0,441.0,467.0,469.0,536.0,554.0,577.0,596.0,620.0,632.0,746.0,760.0,777.0,816.0,882.0,898.0,933.0,936.0,953.0,965.0,
2.0,20.0,91.0,107.0,117.0,121.0,136.0,147.0,158.0,172.0,173.0,187.0,195.0,200.0,242.0,293.0,306.0,433.0,450.0,478.0,502.0,503.0,567.0,634.0,637.0,660.0,728.0,743.0,833.0,853.0,955.0,955.0,974.0,982.0,983.0,
18.0,44.0,74.0,78.0,83.0,90.0,93.0,142.0,146.0,169.0,235.0,254.0,257.0,280.0,288.0,288.0,304.0,307.0,309.0,311.0,338.0,343.0,353.0,368.0,384.0,526.0,566.0,584.0,620.0,621.0,685.0,721.0,750.0,765.0,772.0,794.0,796.0,820.0,868.0,889.0,902.0,906.0,909.0,914.0,930.0,933.0,960.0,973.0,
36.0,41.0,62.0,62.0,71.0,77.0,133.0,161.0,171.0,186.0,187.0,189.0,190.0,202.0,350.0,367.0,377.0,414.0,422.0,430.0,499.0,514.0,603.0,732.0,746.0,800.0,842.0,916.0,921.0,982.0,
25.0,64.0,66.0,76.0,97.0,174.0,179.0,184.0,195.0,218.0,260.0,262.0,282.0,286.0,291.0,291.0,330.0,429.0,525.0,608.0,612.0,613.0,756.0,884.0,932.0,936.0,968.0,969.0,1000.0,
9.0,22.0,33.0,65.0,138.0,169.0,209.0,215.0,223.0,261.0,308.0,309.0,334.0,368.0,432.0,432.0,448.0,463.0,471.0,483.0,587.0,653.0,691.0,697.0,720.0,751.0,809.0,814.0,846.0,856.0,864.0,897.0,918.0,939.0,973.0,979.0,
19.0,37.0,43.0,48.0,82.0,114.0,124.0,231.0,241.0,272.0,288.0,313.0,334.0,340.0,353.0,420.0,432.0,433.0,475.0,477.0,478.0,511.0,569.0,607.0,652.0,668.0,699.0,746.0,764.0,781.0,787.0,828.0,834.0,857.0,873.0,895.0,917.0,926.0,957.0,975.0,975.0,983.0,998.0,
