13.0,29.0,45.0,65.0,69.0,83.0,105.0,110.0,187.0,201.0,306.0,315.0,329.0,351.0,352.0,406.0,419.0,432.0,436.0,497.0,511.0,549.0,562.0,576.0,581.0,626.0,678.0,703.0,715.0,739.0,755.0,755.0,802.0,809.0,835.0,864.0,886.0,905.0,912.0,943.0,
27.0,45.0,104.0,109.0,154.0,197.0,213.0,225.0,257.0,282.0,289.0,362.0,388.0,392.0,395.0,421.0,423.0,428.0,471.0,472.0,475.0,502.0,503.0,508.0,561.0,568.0,569.0,627.0,639.0,645.0,681.0,714.0,722.0,751.0,773.0,803.0,808.0,814.0,818.0,845.0,845.0,905.0,935.0,939.0,967.0,
18.0,39.0,94.0,139.0,144.0,174.0,221.0,224.0,239.0,322.0,336.0,382.0,398.0,427.0,445.0,452.0,486.0,501.0,506.0,519.0,558.0,563.0,596.0,602.0,647.0,648.0,676.0,705.0,746.0,854.0,886.0,920.0,935.0,
3.0,48.0,86.0,96.0,146.0,153.0,156.0,164.0,203.0,216.0,239.0,284.0,292.0,368.0,370.0,482.0,493.0,497.0,514.0,543.0,566.0,571.0,574.0,698.0,708.0,720.0,724.0,738.0,784.0,853.0,869.0,877.0,904.0,931.0,937.0,946.0,955.0,983.0,996.0,
3.0,33.0,45.0,66.0,69.0,71.0,72.0,72.0,76.0,116.0,124.0,154.0,164.0,205.0,226.0,233.0,264.0,267.0,271.0,288.0,301.0,325.0,355.0,393.0,407.0,428.0,473.0,517.0,525.0,534.0,602.0,612.0,644.0,660.0,671.0,690.0,700.0,775.0,780.0,805.0,812.0,849.0,868.0,868.0,877.0,919.0,951.0,967.0,1000.0,
6.0,12.0,17.0,68.0,80.0,108.0,113.0,142.0,161.0,169.0,176.0,188.0,193.0,211.0,222.0,223.0,245.0,251.0,294.0,296.0,305.0,350.0,351.0,426.0,432.0,450.0,466.0,515.0,556.0,571.0,590.0,647.0,677.0,757.0,803.0,838.0,856.0,865.0,874.0,878.0,881.0,954.0,964.0,996.0,
66.0,79.0,85.0,135.0,147.0,247.0,259.0,304.0,339.0,408.0,415.0,445.0,481.0,505.0,533.0,546.0,596.0,641.0,642.0,833.0,859.0,891.0,906.0,961.0,973.0,982.0,985.0,
7.0,9.0,68.0,83.0,104.0,154.0,164.0,184.0,225.0,239.0,250.0,273.0,311.0,317.0,319.0,342.0,371.0,403.0,474.0,495.0,503.0,620.0,688.0,709.0,744.0,778.0,780.0,800.0,803.0,819.0,866.0,908.0,929.0,932.0,939.0,
13.0,34.0,36.0,40.0,66.0,73.0,78.0,85.0,115.0,133.0,135.0,141.0,238.0,241.0,251.0,268.0,283.0,327.0,355.0,365.0,383.0,385.0,397.0,426.0,455.0,490.0,496.0,528.0,548.0,550.0,557.0,598.0,616.0,652.0,665.0,675.0,688.0,698.0,724.0,761.0,798.0,816.0,844.0,878.0,880.0,926.0,941.0,993.0,
11.0,118.0,171.0,208.0,212.0,217.0,261.0,311.0,316.0,367.0,421.0,429.0,433.0,440.0,444.0,448.0,460.0,463.0,476.0,520.0,583.0,620.0,665.0,678.0,703.0,708.0,709.0,723.0,755.0,772.0,784.0,803.0,811.0,824.0,835.0,857.0,888.0,894.0,941.0,
50.0,59.0,61.0,62.0,85.0,144.0,144.0,221.0,242.0,333.0,350.0,356.0,363.0,461.0,476.0,522.0,525.0,536.0,547.0,552.0,597.0,617.0,621.0,684.0,706.0,725.0,770.0,785.0,806.0,811.0,815.0,910.0,937.0,956.0,969.0,
19.0,102.0,102.0,110.0,115.0,138.0,264.0,271.0,289.0,328.0,343.0,346.0,372.0,396.0,408.0,449.0,475.0,497.0,606.0,656.0,698.0,716.0,769.0,771.0,776.0,809.0,815.0,903.0,968.0,
19.0,82.0,244.0,261.0,329.0,336.0,365.0,393.0,455.0,493.0,515.0,530.0,538.0,574.0,648.0,721.0,733.0,734.0,757.0,883.0,886.0,892.0,963.0,980.0,999.0,1000.0,
11.0,27.0,28.0,53.0,69.0,105.0,105.0,116.0,126.0,133.0,147.0,216.0,248.0,266.0,282.0,328.0,347.0,351.0,413.0,416.0,451.0,484.0,501.0,502.0,516.0,533.0,598.0,601.0,616.0,620.0,630.0,660.0,662.0,666.0,671.0,674.0,679.0,680.0,687.0,688.0,721.0,780.0,791.0,849.0,867.0,871.0,901.0,916.0,949.0,958.0,961.0,965.0,981.0,
4.0,7.0,46.0,72.0,76.0,101.0,104.0,185.0,250.0,300.0,335.0,357.0,434.0,436.0,446.0,457.0,461.0,507.0,509.0,512.0,520.0,597.0,628.0,658.0,700.0,700.0,818.0,843.0,860.0,933.0,948.0,966.0,968.0,974.0,980.0,
89.0,135.0,195.0,223.0,251.0,288.0,291.0,302.0,309.0,312.0,341.0,398.0,432.0,443.0,494.0,503.0,685.0,718.0,733.0,752.0,795.0,802.0,823.0,824.0,851.0,855.0,938.0,947.0,
7.0,53.0,66.0,90.0,97.0,151.0,161.0,171.0,190.0,194.0,205.0,230.0,248.0,258.0,299.0,349.0,351.0,373.0,409.0,418.0,440.0,463.0,491.0,570.0,594.0,595.0,596.0,599.0,605.0,711.0,746.0,830.0,851.0,857.0,891.0,906.0,908.0,958.0,978.0,
4.0,30.0,31.0,92.0,110.0,117.0,143.0,147.0,157.0,190.0,193.0,214.0,252.0,264.0,316.0,319.0,357.0,416.0,417.0,451.0,512.0,616.0,680.0,720.0,732.0,780.0,855.0,857.0,865.0,874.0,879.0,904.0,911.0,986.0,988.0,
9.0,60.0,85.0,95.0,100.0,123.0,137.0,165.0,222.0,226.0,270.0,288.0,294.0,337.0,377.0,388.0,417.0,425.0,446.0,477.0,528.0,553.0,555.0,669.0,710.0,739.0,766.0,767.0,805.0,868.0,887.0,904.0,911.0,
24.0,73.0,126.0,129.0,159.0,164.0,170.0,206.0,230.0,262.0,265.0,268.0,317.0,346.0,449.0,465.0,476.0,492.0,503.0,504.0,512.0,551.0,562.0,585.0,704.0,716.0,787.0,808.0,864.0,895.0,912.0,922.0,965.0,972.0,
22.0,32.0,51.0,136.0,144.0,223.0,236.0,256.0,318.0,359.0,371.0,500.0,513.0,519.0,523.0,555.0,572.0,627.0,673.0,740.0,747.0,777.0,891.0,906.0,913.0,927.0,928.0,939.0,
28.0,35.0,85.0,95.0,193.0,258.0,345.0,349.0,352.0,360.0,403.0,442.0,528.0,545.0,553.0,560.0,574.0,576.0,608.0,704.0,713.0,719.0,732.0,734.0,747.0,754.0,768.0,804.0,830.0,847.0,891.0,946.0,981.0,993.0,995.0,
2.0,3.0,10.0,43.0,63.0,81.0,90.0,147.0,182.0,209.0,210.0,278.0,301.0,326.0,396.0,424.0,439.0,485.0,501.0,504.0,531.0,541.0,545.0,673.0,714.0,862.0,871.0,890.0,895.0,896.0,942.0,
68.0,113.0,124.0,126.0,130.0,229.0,253.0,256.0,291.0,328.0,337.0,362.0,377.0,380.0,385.0,397.0,408.0,411.0,418.0,456.0,470.0,601.0,604.0,608.0,740.0,747.0,774.0,780.0,859.0,860.0,878.0,907.0,928.0,990.0,
21.0,27.0,97.0,114.0,128.0,138.0,220.0,252.0,299.0,345.0,423.0,424.0,480.0,521.0,522.0,538.0,538.0,543.0,547.0,551.0,556.0,601.0,612.0,614.0,643.0,655.0,669.0,672.0,678.0,711.0,722.0,747.0,747.0,751.0,760.0,771.0,781.0,798.0,864.0,864.0,874.0,900.0,903.0,904.0,931.0,987.0,990.0,993.0,
42.0,58.0,133.0,186.0,190.0,195.0,225.0,276.0,306.0,318.0,359.0,391.0,398.0,399.0,400.0,400.0,404.0,405.0,515.0,523.0,528.0,534.0,534.0,538.0,539.0,544.0,547.0,555.0,556.0,575.0,584.0,593.0,596.0,621.0,629.0,715.0,738.0,743.0,761.0,781.0,787.0,818.0,859.0,862.0,899.0,903.0,928.0,956.0,961.0,990.0,
19.0,26.0,66.0,76.0,138.0,146.0,182.0,216.0,217.0,259.0,301.0,304.0,325.0,382.0,384.0,422.0,423.0,446.0,464.0,485.0,505.0,505.0,508.0,517.0,527.0,539.0,545.0,581.0,582.0,588.0,608.0,679.0,724.0,728.0,771.0,771.0,820.0,880.0,892.0,932.0,961.0,
17.0,38.0,74.0,86.0,118.0,167.0,228.0,231.0,231.0,248.0,320.0,355.0,366.0,458.0,481.0,501.0,512.0,513.0,595.0,597.0,699.0,770.0,841.0,852.0,933.0,957.0,990.0,
3.0,4.0,50.0,136.0,161.0,172.0,177.0,191.0,222.0,241.0,251.0,273.0,326.0,338.0,367.0,379.0,410.0,411.0,418.0,428.0,475.0,487.0,489.0,514.0,526.0,539.0,544.0,544.0,556.0,571.0,581.0,596.0,601.0,608.0,657.0,666.0,722.0,820.0,968.0,985.0,
70.0,71.0,112.0,112.0,174.0,221.0,247.0,265.0,271.0,290.0,308.0,334.0,380.0,426.0,456.0,463.0,465.0,488.0,493.0,551.0,570.0,575.0,580.0,584.0,592.0,632.0,651.0,674.0,679.0,756.0,760.0,777.0,829.0,877.0,878.0,878.0,885.0,896.0,932.0,933.0,959.0,987.0,
2.0,14.0,37.0,48.0,90.0,107.0,136.0,151.0,250.0,269.0,293.0,300.0,341.0,342.0,363.0,374.0,415.0,423.0,436.0,444.0,579.0,621.0,638.0,668.0,676.0,704.0,783.0,798.0,858.0,868.0,949.0,967.0,983.0,987.0,995.0,
13.0,67.0,87.0,91.0,105.0,150.0,152.0,156.0,214.0,311.0,340.0,341.0,346.0,356.0,370.0,378.0,398.0,418.0,423.0,477.0,479.0,530.0,578.0,593.0,620.0,621.0,623.0,658.0,703.0,768.0,786.0,798.0,810.0,815.0,817.0,819.0,905.0,937.0,
10.0,54.0,70.0,77.0,98.0,107.0,170.0,174.0,189.0,253.0,258.0,263.0,268.0,299.0,316.0,326.0,414.0,420.0,469.0,471.0,481.0,502.0,502.0,506.0,513.0,521.0,527.0,531.0,534.0,539.0,558.0,606.0,610.0,615.0,670.0,696.0,705.0,726.0,770.0,792.0,851.0,906.0,914.0,955.0,962.0,989.0,
2.0,6.0,18.0,25.0,76.0,99.0,99.0,105.0,111.0,111.0,157.0,210.0,273.0,321.0,331.0,346.0,348.0,369.0,378.0,385.0,386.0,392.0,470.0,470.0,491.0,495.0,531.0,532.0,540.0,543.0,549.0,549.0,554.0,564.0,604.0,609.0,611.0,614.0,710.0,715.0,732.0,755.0,776.0,798.0,802.0,811.0,812.0,818.0,871.0,909.0,922.0,936.0,938.0,941.0,962.0,965.0,993.0,994.0,
6.0,114.0,151.0,168.0,238.0,240.0,265.0,275.0,298.0,328.0,341.0,361.0,389.0,403.0,446.0,463.0,492.0,498.0,516.0,530.0,537.0,541.0,552.0,556.0,556.0,556.0,561.0,565.0,566.0,570.0,575.0,578.0,588.0,588.0,591.0,595.0,602.0,626.0,626.0,628.0,632.0,651.0,664.0,682.0,688.0,692.0,705.0,710.0,711.0,720.0,721.0,734.0,735.0,737.0,737.0,739.0,742.0,755.0,779.0,793.0,795.0,813.0,817.0,820.0,830.0,835.0,837.0,846.0,866.0,889.0,900.0,903.0,916.0,922.0,937.0,938.0,963.0,
16.0,31.0,36.0,99.0,124.0,125.0,139.0,166.0,177.0,204.0,205.0,208.0,221.0,246.0,262.0,280.0,291.0,328.0,339.0,350.0,385.0,421.0,428.0,470.0,511.0,519.0,535.0,539.0,541.0,543.0,543.0,559.0,565.0,567.0,568.0,577.0,581.0,582.0,584.0,589.0,589.0,614.0,616.0,618.0,625.0,632.0,640.0,662.0,669.0,680.0,688.0,692.0,697.0,697.0,708.0,721.0,721.0,744.0,749.0,756.0,759.0,779.0,786.0,792.0,811.0,823.0,841.0,850.0,864.0,873.0,877.0,894.0,907.0,915.0,922.0,934.0,936.0,954.0,957.0,967.0,969.0,970.0,981.0,987.0,993.0,
13.0,60.0,148.0,171.0,195.0,202.0,203.0,235.0,277.0,284.0,286.0,306.0,312.0,343.0,411.0,521.0,523.0,531.0,534.0,536.0,541.0,547.0,548.0,552.0,558.0,567.0,570.0,574.0,574.0,581.0,586.0,614.0,651.0,664.0,713.0,716.0,718.0,727.0,738.0,756.0,770.0,789.0,794.0,802.0,804.0,821.0,829.0,837.0,901.0,909.0,910.0,917.0,918.0,930.0,931.0,951.0,972.0,978.0,985.0,
8.0,32.0,79.0,82.0,102.0,112.0,116.0,164.0,206.0,223.0,274.0,314.0,328.0,332.0,354.0,356.0,378.0,425.0,428.0,430.0,430.0,455.0,464.0,506.0,522.0,525.0,539.0,544.0,552.0,552.0,568.0,585.0,586.0,589.0,590.0,596.0,601.0,604.0,604.0,608.0,609.0,613.0,642.0,648.0,662.0,679.0,691.0,721.0,722.0,729.0,737.0,742.0,748.0,756.0,796.0,817.0,824.0,830.0,879.0,879.0,910.0,918.0,934.0,939.0,939.0,965.0,976.0,991.0,
12.0,118.0,120.0,156.0,174.0,268.0,275.0,277.0,318.0,341.0,341.0,434.0,545.0,559.0,585.0,590.0,590.0,592.0,602.0,630.0,645.0,648.0,648.0,650.0,658.0,663.0,845.0,919.0,982.0,
16.0,18.0,37.0,114.0,141.0,145.0,177.0,211.0,225.0,250.0,262.0,271.0,313.0,333.0,360.0,382.0,419.0,431.0,507.0,548.0,554.0,557.0,668.0,703.0,758.0,763.0,811.0,828.0,867.0,877.0,926.0,963.0,973.0,
23.0,26.0,103.0,121.0,128.0,133.0,136.0,143.0,144.0,175.0,241.0,264.0,327.0,341.0,367.0,368.0,380.0,460.0,468.0,543.0,583.0,584.0,598.0,642.0,662.0,668.0,679.0,703.0,787.0,797.0,821.0,866.0,875.0,896.0,943.0,967.0,975.0,
9.0,52.0,119.0,152.0,162.0,174.0,189.0,237.0,271.0,278.0,434.0,451.0,459.0,467.0,476.0,485.0,524.0,552.0,626.0,665.0,665.0,684.0,689.0,703.0,818.0,824.0,832.0,873.0,884.0,901.0,976.0,990.0,
28.0,34.0,50.0,71.0,88.0,95.0,108.0,116.0,123.0,135.0,145.0,184.0,193.0,197.0,225.0,275.0,280.0,327.0,352.0,371.0,404.0,428.0,455.0,490.0,525.0,530.0,548.0,549.0,568.0,585.0,585.0,644.0,684.0,734.0,747.0,801.0,832.0,841.0,860.0,944.0,945.0,963.0,
15.0,31.0,52.0,53.0,63.0,68.0,106.0,108.0,137.0,149.0,152.0,175.0,226.0,237.0,243.0,248.0,295.0,358.0,364.0,395.0,402.0,477.0,484.0,488.0,497.0,507.0,512.0,515.0,516.0,527.0,528.0,528.0,531.0,532.0,534.0,535.0,538.0,539.0,541.0,549.0,553.0,558.0,561.0,561.0,567.0,577.0,584.0,587.0,591.0,593.0,595.0,608.0,611.0,613.0,618.0,620.0,621.0,632.0,636.0,636.0,649.0,653.0,706.0,713.0,750.0,758.0,760.0,765.0,768.0,799.0,799.0,821.0,822.0,848.0,855.0,864.0,878.0,910.0,934.0,955.0,956.0,959.0,967.0,983.0,
34.0,40.0,52.0,62.0,110.0,124.0,134.0,160.0,221.0,226.0,234.0,240.0,290.0,319.0,322.0,343.0,357.0,359.0,361.0,368.0,379.0,401.0,416.0,453.0,463.0,516.0,520.0,521.0,525.0,538.0,545.0,549.0,585.0,592.0,593.0,594.0,605.0,624.0,624.0,633.0,650.0,670.0,680.0,690.0,692.0,695.0,704.0,704.0,711.0,740.0,751.0,762.0,766.0,778.0,780.0,805.0,816.0,856.0,861.0,899.0,904.0,915.0,947.0,952.0,971.0,980.0,985.0,990.0,
4.0,5.0,15.0,24.0,72.0,114.0,143.0,195.0,206.0,241.0,242.0,253.0,267.0,317.0,333.0,339.0,343.0,351.0,403.0,430.0,454.0,473.0,488.0,491.0,510.0,512.0,516.0,519.0,526.0,532.0,536.0,539.0,546.0,547.0,553.0,555.0,559.0,560.0,567.0,568.0,578.0,581.0,582.0,582.0,612.0,619.0,622.0,630.0,638.0,639.0,646.0,653.0,657.0,661.0,663.0,665.0,727.0,750.0,758.0,766.0,773.0,790.0,805.0,809.0,815.0,822.0,831.0,841.0,868.0,891.0,907.0,930.0,939.0,940.0,946.0,986.0,
2.0,46.0,196.0,213.0,215.0,220.0,247.0,255.0,266.0,339.0,365.0,412.0,439.0,463.0,488.0,491.0,500.0,522.0,523.0,536.0,544.0,548.0,552.0,552.0,557.0,559.0,569.0,570.0,574.0,578.0,578.0,581.0,595.0,596.0,628.0,635.0,641.0,651.0,663.0,676.0,702.0,714.0,725.0,735.0,741.0,748.0,766.0,786.0,790.0,813.0,817.0,868.0,875.0,902.0,905.0,907.0,933.0,940.0,945.0,967.0,
22.0,22.0,28.0,99.0,145.0,158.0,254.0,279.0,290.0,320.0,401.0,445.0,447.0,482.0,515.0,518.0,519.0,529.0,529.0,536.0,540.0,542.0,544.0,547.0,553.0,558.0,559.0,561.0,562.0,567.0,574.0,586.0,587.0,590.0,592.0,594.0,608.0,613.0,614.0,641.0,644.0,669.0,678.0,681.0,681.0,696.0,706.0,726.0,739.0,748.0,755.0,757.0,769.0,777.0,787.0,791.0,798.0,799.0,803.0,836.0,840.0,847.0,858.0,863.0,871.0,873.0,881.0,892.0,911.0,916.0,922.0,935.0,949.0,964.0,968.0,974.0,988.0,
65.0,81.0,91.0,106.0,157.0,164.0,251.0,261.0,290.0,352.0,391.0,392.0,439.0,469.0,490.0,494.0,502.0,549.0,553.0,563.0,577.0,586.0,588.0,613.0,646.0,672.0,696.0,726.0,756.0,770.0,807.0,832.0,877.0,885.0,893.0,926.0,939.0,991.0,
9.0,57.0,135.0,150.0,162.0,174.0,182.0,222.0,235.0,265.0,290.0,290.0,322.0,360.0,375.0,431.0,449.0,561.0,618.0,685.0,718.0,722.0,802.0,804.0,914.0,926.0,934.0,
3.0,67.0,92.0,101.0,139.0,164.0,224.0,240.0,259.0,270.0,272.0,273.0,347.0,356.0,377.0,412.0,458.0,472.0,509.0,515.0,557.0,576.0,590.0,592.0,628.0,645.0,660.0,671.0,710.0,725.0,745.0,764.0,767.0,797.0,863.0,885.0,893.0,907.0,928.0,934.0,999.0,
9.0,52.0,66.0,72.0,90.0,123.0,128.0,166.0,203.0,222.0,223.0,249.0,287.0,313.0,327.0,332.0,348.0,382.0,398.0,405.0,471.0,480.0,490.0,601.0,619.0,751.0,774.0,810.0,877.0,886.0,984.0,998.0,
22.0,51.0,55.0,59.0,105.0,132.0,192.0,274.0,297.0,327.0,328.0,414.0,418.0,481.0,484.0,493.0,522.0,542.0,544.0,552.0,559.0,565.0,568.0,568.0,569.0,569.0,574.0,575.0,577.0,577.0,601.0,609.0,615.0,617.0,622.0,637.0,647.0,694.0,738.0,744.0,768.0,773.0,776.0,792.0,818.0,826.0,841.0,890.0,927.0,961.0,961.0,962.0,
39.0,51.0,90.0,165.0,254.0,271.0,272.0,275.0,282.0,327.0,363.0,369.0,376.0,412.0,438.0,483.0,492.0,492.0,518.0,521.0,528.0,529.0,530.0,533.0,541.0,556.0,571.0,573.0,574.0,578.0,582.0,583.0,587.0,592.0,596.0,609.0,612.0,615.0,616.0,619.0,622.0,639.0,654.0,658.0,684.0,691.0,699.0,702.0,702.0,740.0,764.0,788.0,832.0,834.0,850.0,854.0,916.0,917.0,918.0,923.0,946.0,960.0,992.0,996.0,
25.0,26.0,28.0,50.0,85.0,157.0,171.0,208.0,339.0,386.0,395.0,423.0,519.0,520.0,526.0,528.0,533.0,540.0,541.0,543.0,543.0,554.0,555.0,561.0,580.0,587.0,591.0,600.0,607.0,612.0,632.0,633.0,636.0,643.0,645.0,677.0,689.0,689.0,723.0,733.0,733.0,742.0,750.0,752.0,796.0,819.0,834.0,862.0,866.0,867.0,914.0,965.0,975.0,987.0,
37.0,49.0,116.0,181.0,202.0,210.0,234.0,249.0,264.0,365.0,367.0,380.0,420.0,433.0,444.0,452.0,467.0,475.0,507.0,516.0,516.0,519.0,525.0,526.0,530.0,536.0,541.0,541.0,550.0,556.0,562.0,574.0,574.0,575.0,579.0,588.0,595.0,605.0,607.0,627.0,639.0,642.0,649.0,654.0,669.0,679.0,685.0,688.0,703.0,711.0,728.0,733.0,751.0,760.0,768.0,780.0,805.0,823.0,860.0,884.0,904.0,924.0,948.0,960.0,
45.0,79.0,88.0,97.0,100.0,123.0,147.0,186.0,220.0,223.0,226.0,227.0,240.0,355.0,389.0,432.0,467.0,514.0,520.0,527.0,532.0,537.0,538.0,545.0,547.0,549.0,552.0,554.0,555.0,569.0,573.0,578.0,583.0,585.0,599.0,612.0,620.0,648.0,659.0,660.0,664.0,689.0,695.0,703.0,709.0,709.0,745.0,789.0,797.0,812.0,827.0,857.0,861.0,868.0,873.0,891.0,904.0,917.0,926.0,946.0,949.0,967.0,996.0,
15.0,36.0,70.0,95.0,131.0,136.0,169.0,171.0,216.0,327.0,360.0,396.0,448.0,483.0,501.0,523.0,525.0,529.0,531.0,539.0,552.0,560.0,567.0,569.0,571.0,573.0,573.0,575.0,579.0,580.0,582.0,583.0,585.0,586.0,595.0,595.0,599.0,605.0,619.0,620.0,638.0,643.0,651.0,659.0,661.0,663.0,664.0,671.0,673.0,673.0,687.0,709.0,710.0,714.0,721.0,729.0,757.0,761.0,764.0,773.0,782.0,786.0,801.0,811.0,818.0,829.0,839.0,842.0,846.0,880.0,893.0,895.0,896.0,898.0,903.0,916.0,921.0,930.0,934.0,955.0,957.0,962.0,964.0,970.0,976.0,976.0,978.0,1000.0,
4.0,37.0,71.0,88.0,95.0,102.0,106.0,114.0,117.0,124.0,143.0,152.0,163.0,174.0,189.0,206.0,230.0,238.0,244.0,274.0,278.0,328.0,329.0,383.0,401.0,442.0,446.0,461.0,467.0,522.0,546.0,550.0,553.0,560.0,565.0,565.0,567.0,576.0,576.0,618.0,640.0,643.0,651.0,651.0,689.0,695.0,703.0,733.0,758.0,764.0,766.0,770.0,775.0,777.0,782.0,798.0,810.0,832.0,835.0,836.0,882.0,891.0,923.0,939.0,944.0,
38.0,40.0,100.0,140.0,157.0,161.0,167.0,172.0,238.0,276.0,352.0,353.0,439.0,456.0,462.0,494.0,519.0,549.0,594.0,686.0,720.0,895.0,904.0,987.0,
40.0,67.0,68.0,71.0,72.0,76.0,148.0,177.0,199.0,202.0,217.0,219.0,232.0,391.0,403.0,425.0,448.0,486.0,534.0,540.0,547.0,556.0,643.0,652.0,677.0,694.0,790.0,854.0,873.0,876.0,884.0,950.0,959.0,967.0,975.0,
31.0,45.0,52.0,81.0,105.0,148.0,156.0,192.0,206.0,226.0,240.0,304.0,341.0,372.0,375.0,429.0,502.0,517.0,533.0,555.0,575.0,593.0,851.0,854.0,860.0,869.0,969.0,977.0,
4.0,39.0,43.0,51.0,75.0,116.0,148.0,204.0,207.0,243.0,257.0,308.0,327.0,391.0,399.0,415.0,462.0,491.0,518.0,541.0,557.0,576.0,589.0,598.0,603.0,633.0,638.0,706.0,709.0,745.0,821.0,829.0,842.0,843.0,855.0,868.0,899.0,912.0,965.0,998.0,
92.0,137.0,140.0,141.0,153.0,224.0,328.0,336.0,339.0,362.0,368.0,399.0,421.0,432.0,513.0,517.0,524.0,527.0,528.0,528.0,541.0,542.0,542.0,543.0,547.0,550.0,570.0,589.0,601.0,604.0,619.0,626.0,629.0,636.0,641.0,645.0,650.0,651.0,661.0,664.0,669.0,677.0,692.0,692.0,700.0,716.0,718.0,720.0,724.0,726.0,737.0,755.0,778.0,788.0,833.0,836.0,848.0,860.0,865.0,867.0,877.0,907.0,918.0,952.0,964.0,975.0,978.0,992.0,999.0,
10.0,31.0,113.0,188.0,192.0,264.0,284.0,337.0,351.0,371.0,389.0,441.0,442.0,484.0,526.0,529.0,531.0,540.0,546.0,550.0,554.0,559.0,562.0,588.0,595.0,603.0,604.0,605.0,605.0,624.0,628.0,631.0,635.0,638.0,710.0,731.0,741.0,754.0,779.0,782.0,793.0,796.0,797.0,843.0,862.0,949.0,955.0,961.0,964.0,972.0,977.0,
40.0,62.0,73.0,94.0,151.0,166.0,211.0,236.0,257.0,301.0,334.0,342.0,346.0,391.0,415.0,470.0,496.0,517.0,519.0,523.0,523.0,550.0,561.0,562.0,563.0,566.0,574.0,578.0,583.0,599.0,602.0,642.0,645.0,648.0,649.0,659.0,664.0,666.0,691.0,695.0,701.0,704.0,709.0,767.0,797.0,819.0,843.0,846.0,846.0,857.0,885.0,892.0,902.0,905.0,913.0,932.0,972.0,977.0,
127.0,141.0,144.0,179.0,196.0,218.0,244.0,275.0,310.0,320.0,337.0,423.0,426.0,466.0,493.0,525.0,528.0,533.0,533.0,534.0,535.0,551.0,554.0,557.0,564.0,569.0,569.0,573.0,580.0,584.0,585.0,594.0,599.0,603.0,609.0,618.0,631.0,643.0,648.0,655.0,676.0,679.0,680.0,695.0,706.0,757.0,763.0,767.0,825.0,885.0,887.0,894.0,911.0,924.0,924.0,952.0,993.0,
6.0,9.0,73.0,76.0,85.0,114.0,120.0,140.0,194.0,203.0,223.0,240.0,284.0,314.0,353.0,357.0,374.0,397.0,402.0,457.0,484.0,512.0,513.0,517.0,518.0,531.0,535.0,535.0,548.0,549.0,549.0,558.0,566.0,578.0,583.0,586.0,591.0,594.0,594.0,604.0,607.0,611.0,643.0,644.0,645.0,663.0,672.0,676.0,693.0,702.0,716.0,737.0,757.0,762.0,766.0,798.0,800.0,811.0,820.0,820.0,822.0,825.0,836.0,845.0,865.0,892.0,904.0,933.0,967.0,985.0,987.0,
64.0,68.0,68.0,96.0,100.0,116.0,117.0,119.0,125.0,188.0,200.0,242.0,286.0,326.0,347.0,391.0,399.0,496.0,506.0,515.0,536.0,537.0,538.0,555.0,558.0,564.0,579.0,584.0,585.0,586.0,587.0,597.0,628.0,645.0,645.0,650.0,690.0,690.0,695.0,731.0,768.0,775.0,777.0,845.0,907.0,923.0,973.0,976.0,
35.0,51.0,55.0,102.0,113.0,151.0,161.0,166.0,221.0,266.0,278.0,282.0,289.0,295.0,301.0,324.0,337.0,368.0,419.0,444.0,463.0,499.0,525.0,525.0,559.0,562.0,565.0,585.0,650.0,681.0,811.0,853.0,869.0,877.0,892.0,934.0,942.0,964.0,967.0,975.0,977.0,
8.0,41.0,52.0,66.0,77.0,78.0,101.0,110.0,120.0,145.0,155.0,194.0,196.0,211.0,243.0,294.0,296.0,333.0,339.0,341.0,355.0,365.0,406.0,485.0,494.0,499.0,503.0,531.0,538.0,582.0,628.0,672.0,673.0,676.0,705.0,722.0,755.0,756.0,853.0,857.0,893.0,908.0,908.0,925.0,929.0,946.0,947.0,
29.0,30.0,76.0,167.0,208.0,233.0,295.0,391.0,398.0,453.0,457.0,457.0,458.0,532.0,590.0,601.0,610.0,631.0,747.0,769.0,830.0,875.0,907.0,937.0,
53.0,71.0,87.0,95.0,125.0,131.0,207.0,235.0,241.0,259.0,315.0,343.0,377.0,381.0,559.0,559.0,575.0,579.0,598.0,679.0,700.0,730.0,882.0,886.0,929.0,962.0,
10.0,102.0,122.0,136.0,154.0,160.0,191.0,246.0,275.0,289.0,341.0,362.0,362.0,363.0,381.0,391.0,429.0,470.0,520.0,521.0,524.0,524.0,554.0,567.0,567.0,567.0,568.0,575.0,578.0,582.0,589.0,606.0,607.0,619.0,629.0,631.0,649.0,664.0,668.0,672.0,688.0,707.0,711.0,744.0,746.0,747.0,800.0,822.0,847.0,879.0,908.0,910.0,922.0,928.0,935.0,943.0,947.0,998.0,
57.0,59.0,61.0,117.0,124.0,129.0,136.0,172.0,180.0,189.0,189.0,191.0,269.0,277.0,292.0,316.0,321.0,340.0,384.0,389.0,396.0,432.0,443.0,483.0,524.0,527.0,528.0,529.0,530.0,534.0,536.0,540.0,545.0,547.0,570.0,579.0,582.0,583.0,585.0,590.0,604.0,609.0,609.0,628.0,681.0,696.0,698.0,722.0,734.0,773.0,773.0,776.0,787.0,789.0,793.0,796.0,808.0,811.0,818.0,827.0,840.0,842.0,855.0,855.0,865.0,867.0,873.0,919.0,924.0,934.0,948.0,965.0,970.0,973.0,976.0,978.0,990.0,
26.0,85.0,123.0,138.0,163.0,170.0,213.0,222.0,223.0,238.0,254.0,255.0,269.0,271.0,272.0,285.0,301.0,309.0,341.0,344.0,366.0,366.0,370.0,370.0,373.0,389.0,398.0,409.0,419.0,481.0,497.0,499.0,506.0,509.0,520.0,523.0,532.0,537.0,539.0,543.0,544.0,549.0,564.0,567.0,568.0,570.0,574.0,577.0,583.0,587.0,587.0,588.0,600.0,608.0,621.0,627.0,645.0,651.0,680.0,689.0,712.0,713.0,723.0,735.0,758.0,770.0,775.0,786.0,794.0,805.0,821.0,825.0,832.0,836.0,853.0,861.0,871.0,888.0,889.0,895.0,904.0,930.0,942.0,953.0,990.0,999.0,
8.0,44.0,57.0,117.0,136.0,173.0,193.0,195.0,263.0,270.0,284.0,315.0,349.0,361.0,366.0,376.0,404.0,416.0,431.0,440.0,471.0,478.0,490.0,509.0,515.0,531.0,540.0,543.0,545.0,545.0,554.0,556.0,560.0,562.0,570.0,582.0,585.0,586.0,588.0,589.0,589.0,589.0,611.0,613.0,617.0,623.0,627.0,629.0,633.0,648.0,653.0,656.0,662.0,666.0,671.0,673.0,677.0,688.0,697.0,700.0,740.0,752.0,754.0,797.0,800.0,804.0,812.0,830.0,833.0,840.0,854.0,865.0,874.0,882.0,906.0,922.0,932.0,981.0,992.0,999.0,
35.0,120.0,156.0,238.0,256.0,256.0,269.0,283.0,434.0,536.0,541.0,541.0,542.0,547.0,550.0,552.0,552.0,559.0,563.0,563.0,569.0,582.0,585.0,593.0,594.0,599.0,625.0,631.0,634.0,666.0,696.0,704.0,713.0,725.0,739.0,774.0,798.0,804.0,804.0,816.0,817.0,833.0,849.0,866.0,866.0,891.0,939.0,989.0,
77.0,86.0,89.0,101.0,105.0,235.0,240.0,287.0,321.0,328.0,340.0,386.0,436.0,445.0,456.0,482.0,485.0,489.0,492.0,498.0,513.0,524.0,525.0,573.0,655.0,659.0,682.0,775.0,781.0,817.0,828.0,844.0,846.0,876.0,942.0,963.0,986.0,
67.0,91.0,104.0,105.0,106.0,167.0,197.0,208.0,232.0,236.0,264.0,293.0,297.0,312.0,322.0,353.0,450.0,469.0,584.0,589.0,593.0,600.0,606.0,652.0,662.0,687.0,706.0,709.0,719.0,753.0,794.0,815.0,866.0,944.0,957.0,992.0,997.0,
7.0,42.0,55.0,60.0,66.0,93.0,99.0,116.0,143.0,145.0,181.0,204.0,217.0,298.0,330.0,349.0,368.0,430.0,490.0,505.0,520.0,528.0,553.0,584.0,595.0,618.0,643.0,676.0,678.0,750.0,767.0,835.0,841.0,890.0,908.0,917.0,955.0,960.0,977.0,
24.0,27.0,48.0,49.0,51.0,65.0,69.0,75.0,140.0,191.0,292.0,305.0,316.0,339.0,341.0,376.0,400.0,405.0,419.0,456.0,493.0,520.0,530.0,550.0,586.0,593.0,599.0,609.0,675.0,710.0,731.0,731.0,731.0,735.0,745.0,765.0,792.0,804.0,807.0,827.0,845.0,847.0,860.0,869.0,948.0,986.0,995.0,
60.0,71.0,80.0,95.0,101.0,136.0,157.0,187.0,215.0,218.0,253.0,275.0,283.0,303.0,312.0,348.0,397.0,401.0,491.0,502.0,524.0,561.0,579.0,599.0,612.0,635.0,713.0,714.0,715.0,845.0,846.0,969.0,976.0,
63.0,73.0,79.0,170.0,174.0,196.0,208.0,216.0,324.0,341.0,404.0,406.0,419.0,455.0,492.0,534.0,536.0,544.0,549.0,585.0,594.0,605.0,634.0,638.0,653.0,679.0,716.0,727.0,820.0,832.0,892.0,
20.0,133.0,135.0,143.0,171.0,188.0,197.0,209.0,235.0,251.0,265.0,273.0,286.0,311.0,357.0,404.0,407.0,415.0,418.0,442.0,464.0,502.0,506.0,511.0,534.0,539.0,550.0,555.0,559.0,579.0,605.0,614.0,618.0,620.0,656.0,657.0,663.0,669.0,678.0,691.0,704.0,789.0,818.0,891.0,947.0,960.0,974.0,
38.0,44.0,70.0,77.0,100.0,108.0,133.0,229.0,261.0,271.0,305.0,314.0,330.0,332.0,333.0,341.0,342.0,409.0,443.0,476.0,482.0,500.0,521.0,537.0,538.0,539.0,540.0,549.0,558.0,584.0,593.0,613.0,624.0,656.0,687.0,693.0,696.0,726.0,728.0,733.0,738.0,754.0,785.0,837.0,879.0,941.0,945.0,960.0,974.0,981.0,
29.0,34.0,43.0,83.0,119.0,126.0,128.0,149.0,164.0,174.0,176.0,229.0,244.0,246.0,270.0,288.0,346.0,369.0,374.0,388.0,454.0,469.0,487.0,517.0,518.0,528.0,537.0,537.0,540.0,542.0,577.0,599.0,600.0,602.0,646.0,660.0,727.0,813.0,839.0,856.0,861.0,870.0,878.0,884.0,889.0,931.0,943.0,950.0,951.0,
45.0,58.0,111.0,120.0,272.0,300.0,329.0,369.0,386.0,410.0,416.0,417.0,438.0,439.0,505.0,529.0,533.0,537.0,549.0,575.0,601.0,683.0,722.0,743.0,745.0,749.0,751.0,781.0,911.0,913.0,940.0,
23.0,46.0,52.0,55.0,69.0,70.0,94.0,134.0,149.0,155.0,350.0,407.0,415.0,431.0,460.0,470.0,492.0,519.0,535.0,564.0,636.0,711.0,757.0,757.0,820.0,830.0,848.0,853.0,861.0,873.0,878.0,907.0,911.0,922.0,969.0,987.0,
9.0,42.0,63.0,69.0,206.0,211.0,252.0,272.0,326.0,339.0,344.0,362.0,378.0,407.0,435.0,459.0,489.0,540.0,568.0,570.0,576.0,576.0,593.0,704.0,705.0,731.0,765.0,788.0,791.0,801.0,860.0,862.0,865.0,882.0,917.0,941.0,946.0,997.0,
21.0,30.0,37.0,51.0,110.0,321.0,347.0,366.0,422.0,428.0,435.0,498.0,509.0,512.0,531.0,573.0,583.0,604.0,659.0,667.0,682.0,693.0,761.0,819.0,844.0,860.0,860.0,875.0,890.0,911.0,934.0,938.0,946.0,963.0,983.0,986.0,996.0,
6.0,81.0,84.0,106.0,154.0,194.0,196.0,322.0,381.0,401.0,427.0,442.0,455.0,455.0,473.0,507.0,508.0,529.0,558.0,583.0,584.0,615.0,657.0,670.0,677.0,698.0,705.0,754.0,755.0,759.0,846.0,852.0,886.0,907.0,947.0,950.0,954.0,
6.0,12.0,17.0,60.0,68.0,168.0,226.0,255.0,330.0,435.0,493.0,526.0,530.0,530.0,541.0,545.0,561.0,562.0,580.0,596.0,614.0,704.0,736.0,810.0,819.0,827.0,827.0,846.0,853.0,865.0,868.0,877.0,961.0,965.0,
18.0,58.0,62.0,82.0,132.0,196.0,208.0,239.0,265.0,275.0,306.0,319.0,367.0,386.0,396.0,411.0,420.0,427.0,430.0,434.0,450.0,463.0,489.0,512.0,517.0,523.0,536.0,571.0,573.0,592.0,711.0,785.0,798.0,833.0,856.0,864.0,909.0,939.0,943.0,
19.0,49.0,86.0,99.0,118.0,122.0,158.0,185.0,192.0,210.0,237.0,257.0,306.0,340.0,380.0,394.0,409.0,484.0,527.0,527.0,625.0,668.0,678.0,701.0,801.0,880.0,886.0,997.0,999.0,
4.0,9.0,27.0,41.0,142.0,277.0,310.0,322.0,325.0,352.0,364.0,379.0,410.0,411.0,412.0,417.0,444.0,445.0,471.0,577.0,579.0,603.0,659.0,668.0,677.0,723.0,734.0,752.0,773.0,884.0,885.0,901.0,904.0,949.0,976.0,
15.0,44.0,81.0,179.0,217.0,235.0,238.0,312.0,314.0,317.0,341.0,342.0,357.0,430.0,435.0,474.0,535.0,596.0,644.0,657.0,670.0,717.0,758.0,767.0,775.0,786.0,803.0,853.0,888.0,913.0,947.0,1000.0,
26.0,31.0,117.0,171.0,205.0,214.0,239.0,250.0,270.0,350.0,352.0,431.0,445.0,450.0,460.0,463.0,471.0,487.0,537.0,547.0,554.0,656.0,664.0,680.0,695.0,741.0,768.0,825.0,832.0,833.0,841.0,853.0,866.0,918.0,
59.0,76.0,143.0,153.0,169.0,182.0,251.0,311.0,323.0,330.0,355.0,364.0,394.0,430.0,435.0,456.0,478.0,482.0,518.0,521.0,537.0,571.0,578.0,595.0,610.0,672.0,687.0,707.0,814.0,826.0,834.0,927.0,970.0,996.0,
6.0,56.0,91.0,106.0,125.0,125.0,159.0,169.0,173.0,180.0,192.0,240.0,264.0,265.0,266.0,269.0,280.0,335.0,401.0,502.0,572.0,596.0,680.0,730.0,732.0,757.0,793.0,819.0,831.0,835.0,844.0,851.0,892.0,912.0,914.0,919.0,
