22.0,63.0,90.0,103.0,128.0,156.0,190.0,200.0,217.0,221.0,228.0,256.0,267.0,269.0,270.0,321.0,331.0,336.0,339.0,379.0,396.0,400.0,436.0,461.0,566.0,567.0,586.0,607.0,630.0,637.0,669.0,692.0,719.0,759.0,771.0,777.0,813.0,828.0,834.0,841.0,893.0,929.0,959.0,988.0,
50.0,64.0,81.0,100.0,130.0,130.0,153.0,154.0,193.0,322.0,350.0,360.0,365.0,408.0,442.0,443.0,458.0,463.0,464.0,498.0,530.0,598.0,601.0,609.0,610.0,629.0,659.0,665.0,708.0,731.0,750.0,754.0,759.0,802.0,810.0,831.0,860.0,883.0,899.0,915.0,986.0,
31.0,80.0,95.0,107.0,127.0,174.0,175.0,285.0,310.0,336.0,367.0,378.0,424.0,445.0,488.0,489.0,490.0,558.0,561.0,589.0,624.0,644.0,661.0,689.0,721.0,740.0,760.0,795.0,904.0,911.0,927.0,929.0,
59.0,114.0,128.0,159.0,170.0,212.0,219.0,239.0,240.0,260.0,274.0,293.0,296.0,360.0,360.0,371.0,393.0,403.0,432.0,443.0,445.0,449.0,487.0,492.0,506.0,529.0,550.0,572.0,582.0,595.0,599.0,658.0,712.0,730.0,753.0,777.0,782.0,793.0,851.0,902.0,943.0,950.0,959.0,
67.0,121.0,161.0,166.0,196.0,231.0,233.0,239.0,250.0,258.0,303.0,316.0,319.0,325.0,401.0,405.0,410.0,423.0,423.0,451.0,496.0,501.0,540.0,546.0,546.0,550.0,585.0,612.0,667.0,671.0,710.0,714.0,719.0,794.0,812.0,880.0,912.0,919.0,940.0,945.0,947.0,954.0,989.0,992.0,
65.0,75.0,101.0,185.0,239.0,257.0,301.0,344.0,344.0,350.0,415.0,443.0,453.0,455.0,459.0,584.0,702.0,766.0,818.0,824.0,873.0,882.0,930.0,967.0,
7.0,158.0,186.0,204.0,238.0,241.0,242.0,251.0,270.0,342.0,343.0,354.0,360.0,377.0,379.0,407.0,412.0,415.0,420.0,441.0,462.0,471.0,550.0,574.0,586.0,664.0,703.0,710.0,713.0,742.0,764.0,765.0,793.0,799.0,838.0,847.0,847.0,850.0,854.0,858.0,864.0,882.0,
5.0,37.0,52.0,56.0,142.0,254.0,302.0,328.0,353.0,359.0,383.0,385.0,388.0,447.0,479.0,479.0,533.0,538.0,648.0,652.0,694.0,711.0,780.0,785.0,832.0,850.0,861.0,862.0,876.0,882.0,904.0,949.0,952.0,960.0,985.0,994.0,997.0,
62.0,73.0,118.0,244.0,351.0,366.0,372.0,385.0,413.0,418.0,424.0,452.0,459.0,468.0,480.0,482.0,510.0,518.0,519.0,560.0,610.0,651.0,712.0,712.0,748.0,758.0,791.0,823.0,871.0,891.0,914.0,914.0,974.0,
58.0,128.0,132.0,188.0,212.0,227.0,231.0,232.0,233.0,274.0,298.0,326.0,326.0,337.0,370.0,376.0,384.0,394.0,437.0,567.0,589.0,595.0,688.0,693.0,842.0,856.0,886.0,892.0,928.0,972.0,
7.0,18.0,66.0,141.0,182.0,185.0,200.0,227.0,248.0,275.0,302.0,302.0,304.0,322.0,335.0,339.0,419.0,484.0,527.0,542.0,550.0,564.0,590.0,641.0,733.0,742.0,859.0,860.0,898.0,912.0,919.0,959.0,963.0,987.0,
53.0,115.0,138.0,173.0,269.0,271.0,315.0,352.0,372.0,387.0,388.0,412.0,515.0,543.0,543.0,594.0,666.0,745.0,774.0,777.0,778.0,852.0,868.0,894.0,904.0,942.0,
3.0,39.0,45.0,91.0,104.0,135.0,168.0,188.0,188.0,264.0,264.0,325.0,327.0,403.0,421.0,426.0,519.0,526.0,528.0,621.0,688.0,691.0,719.0,768.0,775.0,790.0,803.0,855.0,911.0,911.0,922.0,970.0,976.0,
19.0,20.0,49.0,50.0,76.0,90.0,108.0,133.0,136.0,148.0,194.0,195.0,246.0,254.0,260.0,261.0,263.0,306.0,341.0,357.0,391.0,437.0,450.0,501.0,507.0,527.0,541.0,629.0,652.0,662.0,739.0,886.0,921.0,943.0,946.0,963.0,968.0,1000.0,
42.0,98.0,126.0,187.0,204.0,230.0,241.0,250.0,265.0,274.0,293.0,314.0,337.0,415.0,416.0,459.0,487.0,523.0,540.0,590.0,595.0,603.0,648.0,672.0,697.0,698.0,743.0,808.0,811.0,813.0,830.0,843.0,876.0,878.0,880.0,967.0,
7.0,51.0,69.0,132.0,179.0,199.0,252.0,278.0,279.0,303.0,311.0,329.0,350.0,432.0,442.0,479.0,485.0,531.0,542.0,554.0,579.0,608.0,622.0,630.0,647.0,697.0,700.0,732.0,744.0,749.0,759.0,785.0,821.0,888.0,936.0,987.0,
63.0,77.0,108.0,118.0,138.0,139.0,140.0,178.0,191.0,198.0,204.0,237.0,238.0,267.0,276.0,311.0,383.0,394.0,402.0,500.0,598.0,608.0,648.0,659.0,668.0,696.0,762.0,788.0,827.0,830.0,862.0,868.0,870.0,896.0,900.0,936.0,941.0,941.0,981.0,999.0,
3.0,22.0,127.0,181.0,190.0,219.0,226.0,252.0,255.0,265.0,312.0,333.0,377.0,377.0,383.0,414.0,415.0,437.0,449.0,500.0,547.0,562.0,572.0,615.0,678.0,687.0,815.0,815.0,863.0,866.0,885.0,931.0,957.0,
21.0,40.0,56.0,88.0,93.0,97.0,103.0,115.0,187.0,223.0,300.0,335.0,345.0,374.0,378.0,392.0,520.0,526.0,547.0,556.0,573.0,607.0,609.0,645.0,705.0,709.0,723.0,745.0,786.0,816.0,829.0,856.0,857.0,911.0,911.0,937.0,963.0,
42.0,57.0,59.0,161.0,211.0,238.0,261.0,265.0,267.0,291.0,325.0,333.0,375.0,378.0,404.0,452.0,456.0,476.0,488.0,515.0,526.0,630.0,637.0,661.0,678.0,705.0,769.0,789.0,831.0,881.0,899.0,
21.0,43.0,100.0,148.0,152.0,162.0,202.0,206.0,237.0,243.0,256.0,263.0,286.0,288.0,303.0,305.0,344.0,348.0,434.0,502.0,511.0,523.0,555.0,560.0,597.0,600.0,626.0,641.0,654.0,704.0,726.0,738.0,766.0,784.0,822.0,860.0,888.0,913.0,956.0,957.0,971.0,
117.0,135.0,143.0,159.0,219.0,225.0,237.0,263.0,299.0,324.0,324.0,393.0,409.0,424.0,457.0,498.0,506.0,528.0,543.0,568.0,591.0,600.0,672.0,692.0,719.0,751.0,752.0,777.0,780.0,816.0,868.0,872.0,935.0,950.0,958.0,984.0,
18.0,84.0,118.0,138.0,168.0,183.0,208.0,210.0,225.0,239.0,257.0,309.0,329.0,369.0,441.0,477.0,490.0,493.0,503.0,528.0,559.0,561.0,592.0,629.0,640.0,662.0,668.0,681.0,690.0,704.0,705.0,730.0,751.0,758.0,762.0,778.0,787.0,814.0,832.0,868.0,877.0,878.0,881.0,898.0,899.0,927.0,935.0,967.0,983.0,
30.0,37.0,80.0,98.0,102.0,119.0,124.0,140.0,151.0,196.0,287.0,320.0,345.0,394.0,463.0,470.0,504.0,507.0,534.0,557.0,568.0,621.0,646.0,653.0,716.0,720.0,728.0,736.0,760.0,791.0,809.0,814.0,883.0,914.0,916.0,917.0,921.0,929.0,930.0,946.0,999.0,
26.0,31.0,59.0,70.0,73.0,159.0,179.0,181.0,199.0,227.0,314.0,377.0,390.0,391.0,398.0,447.0,453.0,485.0,505.0,558.0,600.0,628.0,647.0,707.0,719.0,850.0,898.0,917.0,932.0,941.0,952.0,968.0,991.0,1000.0,
39.0,69.0,69.0,71.0,94.0,106.0,128.0,147.0,258.0,261.0,267.0,284.0,300.0,318.0,324.0,333.0,410.0,475.0,513.0,538.0,544.0,548.0,549.0,590.0,595.0,614.0,689.0,781.0,847.0,862.0,865.0,900.0,980.0,
22.0,54.0,69.0,80.0,109.0,161.0,173.0,196.0,221.0,230.0,285.0,298.0,329.0,340.0,361.0,406.0,418.0,418.0,431.0,446.0,494.0,504.0,507.0,550.0,563.0,567.0,568.0,592.0,603.0,655.0,690.0,716.0,717.0,719.0,749.0,756.0,808.0,816.0,845.0,890.0,892.0,
10.0,10.0,13.0,113.0,127.0,140.0,235.0,236.0,261.0,261.0,263.0,294.0,323.0,358.0,408.0,445.0,450.0,497.0,507.0,510.0,571.0,577.0,591.0,620.0,688.0,730.0,734.0,782.0,823.0,857.0,871.0,881.0,895.0,902.0,915.0,929.0,962.0,986.0,
15.0,65.0,103.0,161.0,165.0,194.0,196.0,289.0,336.0,391.0,425.0,460.0,481.0,536.0,542.0,590.0,619.0,621.0,657.0,701.0,721.0,734.0,766.0,792.0,800.0,843.0,852.0,854.0,871.0,886.0,907.0,928.0,933.0,947.0,
16.0,39.0,41.0,148.0,157.0,246.0,261.0,269.0,274.0,335.0,337.0,382.0,527.0,529.0,552.0,603.0,611.0,666.0,671.0,726.0,776.0,781.0,802.0,833.0,851.0,909.0,930.0,953.0,985.0,995.0,
15.0,39.0,51.0,133.0,154.0,231.0,250.0,392.0,395.0,401.0,403.0,405.0,454.0,468.0,475.0,481.0,549.0,553.0,570.0,591.0,621.0,629.0,650.0,676.0,688.0,701.0,732.0,769.0,792.0,866.0,897.0,911.0,930.0,932.0,967.0,973.0,
48.0,57.0,71.0,88.0,199.0,208.0,225.0,270.0,271.0,275.0,306.0,355.0,373.0,378.0,398.0,403.0,416.0,431.0,535.0,537.0,569.0,572.0,572.0,595.0,596.0,611.0,614.0,684.0,688.0,693.0,753.0,765.0,801.0,822.0,824.0,825.0,842.0,868.0,881.0,889.0,907.0,991.0,
3.0,19.0,44.0,47.0,99.0,128.0,143.0,170.0,226.0,290.0,370.0,438.0,452.0,489.0,538.0,539.0,579.0,597.0,618.0,634.0,711.0,768.0,775.0,780.0,796.0,839.0,847.0,852.0,894.0,921.0,976.0,
46.0,66.0,100.0,144.0,195.0,252.0,259.0,270.0,291.0,324.0,345.0,403.0,436.0,443.0,445.0,513.0,523.0,548.0,592.0,645.0,678.0,708.0,759.0,802.0,841.0,843.0,862.0,891.0,924.0,948.0,968.0,1000.0,
8.0,47.0,57.0,110.0,128.0,143.0,147.0,196.0,215.0,276.0,313.0,314.0,315.0,319.0,342.0,376.0,390.0,416.0,489.0,498.0,608.0,610.0,617.0,645.0,682.0,723.0,753.0,762.0,779.0,790.0,796.0,843.0,853.0,853.0,866.0,868.0,896.0,902.0,
73.0,91.0,120.0,167.0,174.0,179.0,235.0,268.0,293.0,300.0,313.0,379.0,416.0,501.0,509.0,575.0,629.0,673.0,776.0,783.0,790.0,827.0,859.0,893.0,926.0,935.0,968.0,997.0,
10.0,96.0,104.0,221.0,232.0,240.0,299.0,308.0,316.0,318.0,404.0,405.0,417.0,426.0,544.0,558.0,601.0,651.0,690.0,712.0,741.0,788.0,856.0,885.0,891.0,895.0,895.0,969.0,995.0,997.0,
50.0,105.0,142.0,164.0,259.0,274.0,300.0,304.0,376.0,379.0,383.0,418.0,419.0,435.0,458.0,503.0,505.0,523.0,525.0,609.0,650.0,716.0,747.0,748.0,817.0,824.0,827.0,900.0,902.0,933.0,998.0,
23.0,29.0,49.0,63.0,105.0,106.0,148.0,166.0,189.0,212.0,228.0,242.0,250.0,283.0,318.0,319.0,393.0,490.0,518.0,532.0,553.0,562.0,572.0,599.0,671.0,688.0,782.0,815.0,843.0,966.0,969.0,
17.0,49.0,102.0,103.0,125.0,145.0,210.0,220.0,257.0,294.0,352.0,396.0,398.0,423.0,427.0,445.0,494.0,514.0,516.0,536.0,594.0,618.0,678.0,715.0,718.0,727.0,730.0,754.0,805.0,835.0,868.0,898.0,909.0,988.0,
19.0,87.0,91.0,103.0,107.0,129.0,139.0,159.0,190.0,239.0,247.0,247.0,248.0,267.0,288.0,350.0,367.0,383.0,389.0,400.0,466.0,475.0,478.0,480.0,501.0,503.0,574.0,591.0,592.0,643.0,646.0,671.0,741.0,762.0,784.0,803.0,821.0,845.0,855.0,861.0,925.0,928.0,961.0,964.0,985.0,
19.0,94.0,140.0,256.0,267.0,273.0,321.0,358.0,403.0,406.0,430.0,453.0,458.0,507.0,529.0,568.0,570.0,577.0,621.0,697.0,698.0,706.0,707.0,713.0,724.0,735.0,752.0,758.0,770.0,777.0,784.0,785.0,826.0,860.0,903.0,912.0,929.0,986.0,
32.0,33.0,37.0,46.0,90.0,139.0,153.0,158.0,213.0,213.0,249.0,300.0,307.0,344.0,361.0,372.0,408.0,408.0,419.0,468.0,490.0,583.0,588.0,590.0,594.0,605.0,639.0,703.0,706.0,712.0,734.0,738.0,761.0,820.0,902.0,946.0,997.0,
18.0,40.0,52.0,66.0,119.0,138.0,177.0,196.0,226.0,242.0,265.0,269.0,275.0,387.0,426.0,445.0,455.0,537.0,565.0,591.0,598.0,601.0,603.0,616.0,638.0,644.0,677.0,702.0,742.0,744.0,764.0,786.0,806.0,837.0,842.0,845.0,914.0,919.0,922.0,925.0,948.0,978.0,993.0,
23.0,34.0,46.0,148.0,177.0,226.0,258.0,297.0,353.0,364.0,389.0,393.0,419.0,426.0,460.0,491.0,504.0,526.0,554.0,555.0,563.0,584.0,585.0,615.0,643.0,661.0,754.0,787.0,805.0,808.0,831.0,876.0,936.0,945.0,958.0,972.0,973.0,
10.0,10.0,25.0,58.0,124.0,127.0,143.0,151.0,211.0,223.0,314.0,362.0,491.0,513.0,547.0,599.0,604.0,633.0,645.0,661.0,684.0,689.0,701.0,706.0,723.0,735.0,737.0,748.0,766.0,772.0,775.0,802.0,813.0,821.0,844.0,873.0,886.0,891.0,907.0,909.0,
29.0,89.0,92.0,129.0,251.0,259.0,264.0,357.0,368.0,472.0,496.0,535.0,553.0,556.0,572.0,618.0,622.0,623.0,638.0,645.0,662.0,665.0,750.0,836.0,934.0,
27.0,44.0,47.0,54.0,60.0,76.0,79.0,89.0,107.0,153.0,154.0,154.0,155.0,168.0,222.0,251.0,342.0,385.0,397.0,535.0,541.0,573.0,596.0,641.0,734.0,748.0,768.0,789.0,793.0,852.0,853.0,865.0,900.0,902.0,915.0,973.0,
20.0,28.0,75.0,76.0,89.0,90.0,101.0,108.0,113.0,140.0,145.0,171.0,174.0,205.0,270.0,303.0,350.0,351.0,389.0,391.0,440.0,465.0,472.0,483.0,497.0,497.0,504.0,511.0,630.0,697.0,734.0,738.0,754.0,756.0,800.0,865.0,888.0,894.0,959.0,
38.0,40.0,44.0,52.0,79.0,88.0,139.0,145.0,227.0,304.0,335.0,351.0,425.0,442.0,472.0,473.0,561.0,574.0,596.0,608.0,613.0,662.0,670.0,703.0,742.0,797.0,802.0,805.0,818.0,863.0,889.0,908.0,923.0,982.0,
11.0,45.0,48.0,71.0,87.0,117.0,129.0,166.0,211.0,212.0,231.0,273.0,276.0,294.0,334.0,362.0,374.0,380.0,423.0,425.0,438.0,444.0,463.0,518.0,582.0,586.0,590.0,604.0,638.0,642.0,644.0,653.0,671.0,703.0,743.0,847.0,849.0,850.0,879.0,886.0,907.0,916.0,936.0,968.0,974.0,
111.0,166.0,184.0,190.0,195.0,213.0,260.0,268.0,268.0,318.0,330.0,365.0,389.0,408.0,489.0,578.0,585.0,605.0,651.0,655.0,670.0,705.0,741.0,744.0,908.0,917.0,993.0,
29.0,48.0,98.0,107.0,115.0,117.0,158.0,188.0,195.0,223.0,231.0,274.0,276.0,318.0,368.0,384.0,387.0,395.0,400.0,420.0,433.0,454.0,488.0,490.0,524.0,538.0,548.0,566.0,606.0,609.0,643.0,693.0,743.0,797.0,815.0,851.0,864.0,940.0,979.0,991.0,994.0,
11.0,73.0,119.0,141.0,146.0,176.0,208.0,277.0,285.0,293.0,349.0,351.0,352.0,397.0,406.0,409.0,472.0,484.0,630.0,637.0,658.0,685.0,686.0,693.0,710.0,742.0,791.0,792.0,833.0,837.0,856.0,871.0,908.0,919.0,936.0,936.0,947.0,
12.0,60.0,65.0,106.0,128.0,155.0,171.0,182.0,204.0,211.0,245.0,310.0,310.0,320.0,344.0,368.0,396.0,401.0,402.0,494.0,508.0,587.0,615.0,669.0,703.0,706.0,864.0,884.0,948.0,962.0,962.0,977.0,989.0,
22.0,78.0,85.0,126.0,197.0,220.0,242.0,326.0,369.0,383.0,394.0,399.0,407.0,420.0,430.0,455.0,464.0,466.0,483.0,514.0,572.0,589.0,658.0,662.0,678.0,735.0,736.0,748.0,749.0,843.0,850.0,863.0,872.0,885.0,920.0,969.0,975.0,
12.0,34.0,69.0,80.0,101.0,138.0,143.0,147.0,170.0,194.0,257.0,290.0,334.0,373.0,415.0,450.0,523.0,554.0,597.0,606.0,629.0,655.0,688.0,690.0,747.0,756.0,762.0,762.0,780.0,789.0,856.0,863.0,865.0,879.0,917.0,918.0,923.0,933.0,964.0,
13.0,50.0,127.0,162.0,254.0,267.0,311.0,321.0,328.0,338.0,343.0,452.0,478.0,486.0,532.0,608.0,625.0,661.0,684.0,687.0,717.0,785.0,842.0,854.0,876.0,886.0,897.0,914.0,915.0,944.0,984.0,
16.0,21.0,22.0,25.0,57.0,72.0,88.0,125.0,150.0,204.0,209.0,217.0,251.0,308.0,316.0,344.0,373.0,382.0,388.0,447.0,482.0,490.0,501.0,520.0,526.0,536.0,553.0,609.0,613.0,645.0,665.0,675.0,686.0,739.0,774.0,794.0,822.0,843.0,860.0,870.0,886.0,924.0,927.0,929.0,959.0,
73.0,105.0,117.0,131.0,158.0,243.0,246.0,249.0,259.0,284.0,300.0,325.0,344.0,357.0,385.0,396.0,401.0,428.0,437.0,439.0,456.0,482.0,501.0,526.0,559.0,602.0,623.0,627.0,642.0,652.0,660.0,698.0,724.0,764.0,797.0,823.0,827.0,832.0,910.0,938.0,969.0,983.0,
7.0,13.0,56.0,85.0,109.0,119.0,124.0,146.0,165.0,175.0,206.0,216.0,228.0,394.0,491.0,603.0,611.0,639.0,873.0,907.0,949.0,950.0,974.0,
2.0,7.0,32.0,140.0,193.0,252.0,275.0,282.0,293.0,314.0,364.0,406.0,413.0,503.0,536.0,556.0,582.0,667.0,680.0,681.0,699.0,754.0,771.0,804.0,814.0,865.0,880.0,894.0,980.0,
4.0,30.0,62.0,74.0,123.0,142.0,158.0,169.0,207.0,245.0,315.0,337.0,346.0,524.0,537.0,544.0,544.0,551.0,555.0,668.0,738.0,841.0,900.0,911.0,928.0,951.0,
9.0,80.0,87.0,91.0,95.0,97.0,130.0,150.0,150.0,157.0,173.0,215.0,255.0,265.0,274.0,280.0,292.0,410.0,435.0,448.0,461.0,488.0,502.0,542.0,572.0,573.0,578.0,583.0,597.0,609.0,622.0,648.0,673.0,731.0,759.0,814.0,822.0,855.0,891.0,892.0,894.0,971.0,
38.0,48.0,126.0,159.0,170.0,180.0,192.0,240.0,266.0,275.0,300.0,344.0,400.0,422.0,448.0,476.0,550.0,574.0,575.0,580.0,627.0,636.0,640.0,680.0,706.0,720.0,751.0,769.0,777.0,789.0,834.0,869.0,872.0,921.0,928.0,934.0,944.0,968.0,985.0,
57.0,77.0,81.0,90.0,187.0,217.0,233.0,234.0,239.0,250.0,270.0,279.0,322.0,335.0,342.0,479.0,535.0,542.0,560.0,578.0,581.0,591.0,663.0,683.0,687.0,731.0,736.0,767.0,880.0,882.0,960.0,
18.0,32.0,33.0,82.0,98.0,102.0,147.0,148.0,153.0,185.0,252.0,266.0,300.0,340.0,431.0,494.0,520.0,556.0,566.0,573.0,580.0,583.0,609.0,657.0,660.0,691.0,699.0,710.0,716.0,731.0,749.0,920.0,977.0,
79.0,80.0,83.0,111.0,126.0,165.0,295.0,298.0,303.0,349.0,368.0,379.0,383.0,390.0,399.0,481.0,485.0,540.0,551.0,606.0,694.0,695.0,703.0,705.0,707.0,766.0,788.0,791.0,809.0,822.0,837.0,862.0,872.0,876.0,892.0,903.0,909.0,913.0,940.0,963.0,968.0,983.0,988.0,
12.0,29.0,54.0,96.0,180.0,193.0,216.0,234.0,295.0,300.0,318.0,328.0,352.0,400.0,416.0,424.0,443.0,479.0,499.0,512.0,528.0,554.0,578.0,613.0,616.0,644.0,645.0,679.0,690.0,709.0,743.0,771.0,796.0,816.0,834.0,857.0,860.0,921.0,954.0,955.0,962.0,989.0,
29.0,84.0,105.0,162.0,182.0,186.0,215.0,229.0,259.0,270.0,281.0,293.0,309.0,427.0,497.0,509.0,559.0,579.0,621.0,627.0,676.0,688.0,689.0,835.0,843.0,885.0,926.0,935.0,939.0,
8.0,14.0,31.0,37.0,43.0,73.0,109.0,131.0,145.0,201.0,207.0,246.0,277.0,282.0,295.0,345.0,353.0,374.0,428.0,456.0,470.0,473.0,490.0,498.0,513.0,521.0,548.0,612.0,628.0,633.0,653.0,681.0,691.0,718.0,733.0,760.0,825.0,839.0,841.0,863.0,865.0,875.0,876.0,925.0,938.0,965.0,971.0,
17.0,49.0,52.0,91.0,112.0,197.0,232.0,267.0,270.0,297.0,301.0,352.0,409.0,418.0,464.0,466.0,475.0,477.0,487.0,519.0,567.0,568.0,591.0,709.0,711.0,749.0,785.0,792.0,800.0,801.0,857.0,918.0,938.0,939.0,958.0,
155.0,169.0,192.0,202.0,225.0,236.0,256.0,287.0,351.0,512.0,525.0,534.0,555.0,612.0,690.0,755.0,761.0,810.0,858.0,904.0,928.0,956.0,970.0,987.0,
35.0,44.0,46.0,67.0,130.0,135.0,170.0,203.0,236.0,249.0,269.0,289.0,297.0,311.0,315.0,325.0,348.0,356.0,372.0,461.0,486.0,525.0,525.0,553.0,584.0,587.0,641.0,661.0,665.0,669.0,717.0,725.0,752.0,791.0,811.0,814.0,818.0,833.0,901.0,948.0,955.0,961.0,
86.0,121.0,130.0,139.0,190.0,204.0,227.0,250.0,266.0,326.0,332.0,347.0,348.0,401.0,468.0,480.0,533.0,614.0,626.0,633.0,639.0,717.0,749.0,760.0,796.0,813.0,878.0,968.0,974.0,998.0,
18.0,22.0,45.0,105.0,136.0,180.0,181.0,227.0,321.0,347.0,380.0,387.0,448.0,477.0,487.0,545.0,651.0,661.0,662.0,669.0,685.0,722.0,727.0,734.0,776.0,790.0,832.0,869.0,877.0,899.0,921.0,958.0,977.0,
2.0,47.0,92.0,135.0,139.0,155.0,193.0,213.0,253.0,254.0,334.0,383.0,400.0,411.0,424.0,434.0,434.0,437.0,448.0,474.0,491.0,515.0,552.0,605.0,686.0,723.0,725.0,728.0,735.0,779.0,783.0,899.0,926.0,938.0,960.0,993.0,
26.0,33.0,58.0,80.0,98.0,125.0,144.0,162.0,256.0,296.0,300.0,310.0,317.0,326.0,345.0,427.0,465.0,480.0,515.0,603.0,658.0,659.0,664.0,670.0,700.0,760.0,787.0,844.0,846.0,907.0,925.0,961.0,968.0,
45.0,51.0,51.0,69.0,112.0,126.0,177.0,211.0,255.0,268.0,272.0,274.0,289.0,300.0,354.0,370.0,395.0,410.0,456.0,472.0,472.0,473.0,481.0,495.0,496.0,559.0,563.0,571.0,579.0,585.0,594.0,603.0,607.0,621.0,665.0,681.0,694.0,700.0,738.0,750.0,771.0,785.0,785.0,890.0,
18.0,59.0,100.0,178.0,255.0,304.0,311.0,461.0,475.0,504.0,532.0,584.0,599.0,667.0,667.0,683.0,710.0,718.0,720.0,769.0,769.0,774.0,822.0,834.0,895.0,932.0,992.0,993.0,
52.0,97.0,121.0,125.0,135.0,153.0,168.0,179.0,186.0,301.0,302.0,305.0,325.0,332.0,343.0,400.0,414.0,428.0,473.0,492.0,500.0,511.0,517.0,535.0,570.0,673.0,674.0,690.0,692.0,822.0,851.0,875.0,936.0,964.0,984.0,999.0,
3.0,18.0,50.0,63.0,67.0,68.0,86.0,94.0,128.0,173.0,176.0,257.0,272.0,273.0,274.0,279.0,302.0,316.0,325.0,348.0,362.0,377.0,457.0,510.0,523.0,540.0,640.0,644.0,712.0,773.0,848.0,957.0,974.0,
67.0,71.0,79.0,129.0,154.0,155.0,189.0,343.0,397.0,400.0,410.0,459.0,466.0,478.0,494.0,504.0,546.0,616.0,617.0,708.0,721.0,746.0,752.0,756.0,822.0,833.0,864.0,935.0,939.0,944.0,986.0,
22.0,77.0,86.0,108.0,121.0,146.0,149.0,188.0,207.0,238.0,251.0,256.0,279.0,299.0,302.0,327.0,363.0,430.0,448.0,453.0,476.0,514.0,520.0,576.0,604.0,614.0,715.0,717.0,738.0,762.0,792.0,797.0,799.0,807.0,809.0,813.0,889.0,893.0,946.0,954.0,976.0,996.0,
11.0,82.0,91.0,92.0,133.0,155.0,170.0,172.0,196.0,201.0,206.0,262.0,265.0,283.0,294.0,305.0,305.0,336.0,524.0,533.0,637.0,645.0,647.0,672.0,698.0,717.0,722.0,727.0,736.0,828.0,838.0,879.0,883.0,915.0,916.0,923.0,937.0,
29.0,45.0,68.0,80.0,82.0,153.0,158.0,179.0,188.0,205.0,218.0,221.0,246.0,265.0,277.0,288.0,291.0,294.0,311.0,324.0,336.0,341.0,365.0,377.0,390.0,398.0,403.0,458.0,477.0,508.0,523.0,529.0,554.0,557.0,674.0,680.0,765.0,817.0,825.0,858.0,870.0,893.0,903.0,908.0,977.0,979.0,
3.0,41.0,106.0,107.0,136.0,168.0,241.0,248.0,301.0,324.0,335.0,374.0,398.0,405.0,458.0,461.0,486.0,553.0,557.0,557.0,560.0,561.0,574.0,586.0,594.0,619.0,699.0,770.0,810.0,820.0,891.0,911.0,920.0,978.0,978.0,
17.0,55.0,63.0,67.0,103.0,122.0,126.0,141.0,161.0,263.0,277.0,296.0,324.0,401.0,420.0,425.0,431.0,460.0,524.0,540.0,568.0,607.0,680.0,740.0,763.0,804.0,869.0,908.0,913.0,920.0,922.0,930.0,950.0,
7.0,47.0,55.0,66.0,71.0,74.0,80.0,150.0,165.0,165.0,184.0,225.0,232.0,252.0,295.0,296.0,329.0,332.0,346.0,349.0,358.0,391.0,401.0,410.0,422.0,436.0,438.0,459.0,475.0,485.0,499.0,515.0,517.0,525.0,581.0,588.0,602.0,609.0,663.0,698.0,708.0,719.0,731.0,748.0,753.0,756.0,784.0,798.0,799.0,846.0,876.0,930.0,931.0,938.0,961.0,989.0,999.0,
38.0,76.0,82.0,102.0,106.0,108.0,114.0,150.0,190.0,236.0,264.0,313.0,380.0,410.0,427.0,459.0,466.0,469.0,491.0,493.0,544.0,573.0,630.0,632.0,661.0,725.0,770.0,783.0,818.0,924.0,942.0,944.0,977.0,999.0,
8.0,63.0,89.0,123.0,127.0,172.0,195.0,206.0,229.0,229.0,282.0,304.0,328.0,373.0,401.0,428.0,437.0,438.0,487.0,525.0,602.0,609.0,615.0,637.0,643.0,668.0,679.0,855.0,868.0,881.0,891.0,897.0,959.0,979.0,983.0,
7.0,117.0,134.0,163.0,194.0,210.0,224.0,239.0,263.0,301.0,324.0,362.0,400.0,409.0,447.0,451.0,456.0,457.0,489.0,537.0,560.0,638.0,704.0,822.0,894.0,916.0,938.0,961.0,968.0,971.0,995.0,
9.0,95.0,97.0,244.0,250.0,269.0,274.0,381.0,395.0,403.0,405.0,415.0,476.0,530.0,537.0,580.0,670.0,705.0,729.0,755.0,865.0,869.0,910.0,917.0,950.0,956.0,968.0,979.0,
40.0,88.0,95.0,127.0,139.0,192.0,221.0,241.0,247.0,262.0,278.0,283.0,296.0,303.0,346.0,351.0,363.0,407.0,419.0,431.0,440.0,461.0,483.0,544.0,578.0,588.0,604.0,621.0,624.0,627.0,641.0,647.0,769.0,873.0,884.0,947.0,962.0,964.0,986.0,
19.0,64.0,100.0,104.0,187.0,190.0,193.0,215.0,216.0,253.0,261.0,293.0,303.0,304.0,310.0,354.0,358.0,389.0,394.0,396.0,408.0,410.0,462.0,479.0,480.0,495.0,520.0,536.0,584.0,628.0,647.0,664.0,678.0,690.0,708.0,811.0,843.0,893.0,902.0,947.0,968.0,972.0,
11.0,22.0,22.0,44.0,65.0,70.0,71.0,74.0,152.0,164.0,209.0,229.0,234.0,246.0,248.0,357.0,377.0,450.0,462.0,467.0,496.0,527.0,641.0,650.0,676.0,676.0,687.0,701.0,714.0,748.0,782.0,791.0,799.0,825.0,940.0,954.0,968.0,
57.0,60.0,83.0,107.0,209.0,236.0,255.0,262.0,275.0,317.0,327.0,345.0,350.0,354.0,381.0,413.0,440.0,448.0,467.0,477.0,485.0,504.0,594.0,680.0,711.0,726.0,816.0,820.0,822.0,825.0,849.0,864.0,879.0,912.0,917.0,946.0,947.0,991.0,
18.0,24.0,30.0,31.0,37.0,44.0,77.0,89.0,105.0,170.0,181.0,209.0,267.0,303.0,311.0,330.0,357.0,382.0,451.0,455.0,491.0,497.0,516.0,571.0,572.0,585.0,615.0,631.0,635.0,650.0,689.0,724.0,813.0,855.0,857.0,957.0,999.0,
41.0,82.0,113.0,128.0,170.0,204.0,213.0,231.0,238.0,257.0,258.0,275.0,286.0,370.0,371.0,521.0,524.0,552.0,609.0,609.0,615.0,620.0,649.0,674.0,717.0,747.0,756.0,763.0,766.0,778.0,801.0,810.0,814.0,865.0,947.0,955.0,972.0,988.0,
10.0,19.0,41.0,58.0,75.0,76.0,121.0,138.0,143.0,173.0,254.0,271.0,274.0,320.0,329.0,356.0,379.0,411.0,428.0,451.0,514.0,534.0,555.0,562.0,570.0,585.0,630.0,684.0,716.0,748.0,755.0,760.0,769.0,773.0,778.0,786.0,795.0,815.0,843.0,883.0,898.0,905.0,909.0,952.0,963.0,964.0,
