80.0,122.0,138.0,166.0,167.0,192.0,214.0,253.0,277.0,299.0,343.0,367.0,385.0,386.0,425.0,436.0,443.0,461.0,477.0,538.0,563.0,581.0,592.0,636.0,642.0,644.0,696.0,697.0,700.0,716.0,743.0,778.0,834.0,877.0,887.0,939.0,
22.0,77.0,105.0,124.0,302.0,313.0,335.0,350.0,371.0,373.0,380.0,404.0,419.0,482.0,517.0,559.0,581.0,639.0,639.0,696.0,726.0,733.0,790.0,791.0,793.0,795.0,849.0,868.0,990.0,994.0,
62.0,127.0,145.0,167.0,239.0,259.0,286.0,298.0,325.0,357.0,373.0,407.0,425.0,435.0,468.0,512.0,515.0,549.0,559.0,577.0,600.0,624.0,635.0,665.0,690.0,697.0,751.0,822.0,850.0,862.0,923.0,
88.0,88.0,136.0,144.0,149.0,159.0,159.0,256.0,305.0,326.0,330.0,331.0,349.0,359.0,431.0,481.0,496.0,572.0,597.0,606.0,613.0,714.0,775.0,786.0,796.0,809.0,864.0,919.0,
64.0,147.0,188.0,205.0,216.0,218.0,223.0,231.0,247.0,306.0,319.0,336.0,342.0,364.0,392.0,395.0,429.0,502.0,530.0,540.0,580.0,615.0,658.0,713.0,788.0,792.0,805.0,837.0,846.0,906.0,920.0,945.0,
2.0,34.0,35.0,59.0,71.0,124.0,152.0,163.0,310.0,356.0,366.0,410.0,419.0,496.0,512.0,517.0,561.0,562.0,601.0,631.0,665.0,709.0,713.0,802.0,845.0,894.0,901.0,905.0,914.0,921.0,927.0,941.0,968.0,983.0,997.0,
5.0,19.0,24.0,72.0,76.0,77.0,77.0,84.0,116.0,209.0,218.0,224.0,243.0,298.0,367.0,404.0,430.0,478.0,482.0,495.0,507.0,520.0,559.0,564.0,576.0,585.0,617.0,631.0,644.0,662.0,685.0,706.0,731.0,737.0,744.0,748.0,816.0,832.0,842.0,874.0,898.0,914.0,915.0,949.0,
5.0,17.0,46.0,54.0,59.0,65.0,84.0,88.0,99.0,113.0,168.0,205.0,212.0,212.0,265.0,464.0,509.0,517.0,517.0,534.0,555.0,585.0,640.0,646.0,695.0,702.0,705.0,730.0,749.0,760.0,811.0,839.0,908.0,917.0,942.0,978.0,
2.0,31.0,45.0,57.0,67.0,133.0,142.0,148.0,157.0,192.0,239.0,254.0,281.0,319.0,333.0,513.0,513.0,519.0,521.0,526.0,572.0,587.0,688.0,690.0,692.0,696.0,712.0,715.0,739.0,744.0,783.0,795.0,799.0,801.0,850.0,904.0,
42.0,43.0,46.0,50.0,69.0,88.0,163.0,164.0,173.0,188.0,189.0,205.0,231.0,248.0,265.0,266.0,278.0,321.0,322.0,335.0,358.0,363.0,395.0,411.0,446.0,448.0,528.0,532.0,616.0,639.0,640.0,657.0,697.0,704.0,708.0,740.0,761.0,778.0,797.0,801.0,819.0,848.0,870.0,884.0,906.0,916.0,920.0,953.0,962.0,969.0,
32.0,41.0,50.0,62.0,90.0,103.0,144.0,154.0,202.0,219.0,242.0,248.0,251.0,276.0,284.0,332.0,371.0,388.0,435.0,507.0,590.0,601.0,619.0,670.0,770.0,783.0,790.0,810.0,830.0,839.0,860.0,912.0,924.0,
2.0,38.0,44.0,66.0,106.0,118.0,119.0,168.0,197.0,231.0,246.0,274.0,343.0,352.0,358.0,380.0,434.0,472.0,483.0,508.0,528.0,530.0,612.0,665.0,708.0,710.0,724.0,751.0,778.0,787.0,840.0,871.0,896.0,945.0,978.0,
17.0,26.0,52.0,62.0,69.0,76.0,200.0,201.0,202.0,216.0,232.0,251.0,283.0,309.0,309.0,335.0,360.0,400.0,424.0,428.0,435.0,439.0,445.0,509.0,512.0,554.0,561.0,574.0,676.0,702.0,777.0,801.0,804.0,823.0,831.0,847.0,886.0,894.0,904.0,929.0,932.0,976.0,981.0,
9.0,25.0,25.0,42.0,90.0,172.0,198.0,207.0,221.0,304.0,308.0,310.0,319.0,323.0,339.0,403.0,433.0,470.0,475.0,547.0,552.0,591.0,596.0,600.0,618.0,627.0,662.0,740.0,745.0,797.0,830.0,928.0,958.0,963.0,974.0,980.0,
3.0,20.0,28.0,45.0,108.0,117.0,122.0,157.0,163.0,211.0,233.0,246.0,311.0,348.0,349.0,386.0,405.0,420.0,523.0,543.0,558.0,607.0,637.0,643.0,650.0,651.0,762.0,771.0,785.0,820.0,834.0,870.0,877.0,910.0,932.0,939.0,941.0,
15.0,25.0,44.0,88.0,101.0,106.0,134.0,170.0,189.0,215.0,241.0,263.0,271.0,302.0,309.0,318.0,336.0,343.0,352.0,358.0,371.0,389.0,459.0,486.0,572.0,611.0,621.0,621.0,676.0,751.0,771.0,811.0,845.0,853.0,859.0,886.0,889.0,918.0,950.0,
5.0,17.0,23.0,28.0,55.0,128.0,134.0,174.0,183.0,225.0,232.0,320.0,340.0,369.0,374.0,416.0,432.0,444.0,479.0,550.0,585.0,595.0,598.0,674.0,732.0,750.0,766.0,775.0,777.0,790.0,800.0,801.0,802.0,882.0,956.0,974.0,985.0,
94.0,183.0,230.0,260.0,288.0,302.0,308.0,370.0,392.0,439.0,439.0,460.0,470.0,512.0,527.0,546.0,571.0,576.0,579.0,583.0,596.0,634.0,640.0,656.0,735.0,747.0,826.0,835.0,849.0,858.0,900.0,
19.0,57.0,71.0,83.0,93.0,106.0,113.0,128.0,191.0,273.0,299.0,354.0,384.0,401.0,481.0,518.0,546.0,547.0,657.0,663.0,758.0,797.0,797.0,875.0,892.0,902.0,943.0,945.0,963.0,999.0,
8.0,91.0,106.0,116.0,121.0,122.0,123.0,134.0,180.0,218.0,239.0,247.0,283.0,339.0,339.0,342.0,354.0,377.0,379.0,411.0,424.0,447.0,470.0,598.0,627.0,652.0,655.0,729.0,766.0,777.0,782.0,785.0,843.0,873.0,934.0,961.0,981.0,
96.0,121.0,197.0,203.0,230.0,256.0,258.0,266.0,373.0,414.0,436.0,464.0,540.0,540.0,556.0,641.0,682.0,692.0,759.0,771.0,891.0,894.0,899.0,906.0,932.0,942.0,968.0,976.0,1000.0,
21.0,31.0,51.0,73.0,111.0,133.0,169.0,181.0,199.0,241.0,278.0,305.0,316.0,445.0,462.0,479.0,510.0,518.0,557.0,598.0,637.0,674.0,677.0,715.0,728.0,733.0,742.0,750.0,762.0,837.0,848.0,857.0,863.0,885.0,886.0,975.0,
7.0,30.0,34.0,67.0,99.0,104.0,110.0,113.0,133.0,137.0,208.0,249.0,319.0,354.0,367.0,383.0,387.0,426.0,455.0,474.0,491.0,554.0,575.0,582.0,657.0,804.0,839.0,852.0,853.0,857.0,918.0,984.0,
71.0,80.0,123.0,154.0,188.0,216.0,258.0,280.0,299.0,332.0,337.0,345.0,352.0,353.0,426.0,433.0,448.0,451.0,459.0,465.0,533.0,557.0,576.0,645.0,647.0,653.0,671.0,679.0,714.0,745.0,747.0,772.0,796.0,826.0,831.0,840.0,926.0,958.0,990.0,996.0,
18.0,19.0,23.0,47.0,54.0,73.0,104.0,128.0,155.0,155.0,191.0,278.0,284.0,303.0,314.0,361.0,426.0,491.0,513.0,549.0,573.0,580.0,613.0,668.0,700.0,700.0,724.0,725.0,747.0,761.0,766.0,767.0,798.0,826.0,852.0,873.0,899.0,945.0,
10.0,22.0,96.0,184.0,185.0,200.0,230.0,282.0,287.0,298.0,336.0,350.0,380.0,505.0,511.0,584.0,592.0,609.0,637.0,670.0,682.0,708.0,715.0,749.0,750.0,771.0,827.0,871.0,889.0,935.0,951.0,986.0,996.0,
22.0,46.0,76.0,86.0,129.0,132.0,138.0,139.0,154.0,177.0,200.0,232.0,296.0,302.0,306.0,320.0,376.0,404.0,415.0,516.0,538.0,587.0,635.0,638.0,730.0,793.0,814.0,852.0,868.0,926.0,926.0,952.0,953.0,976.0,983.0,
61.0,68.0,95.0,136.0,175.0,230.0,239.0,244.0,255.0,268.0,285.0,302.0,304.0,309.0,335.0,362.0,389.0,393.0,408.0,424.0,454.0,457.0,514.0,568.0,621.0,628.0,649.0,667.0,765.0,779.0,864.0,885.0,891.0,898.0,900.0,961.0,983.0,
5.0,6.0,10.0,24.0,60.0,64.0,67.0,108.0,153.0,158.0,174.0,180.0,219.0,263.0,286.0,317.0,330.0,415.0,425.0,442.0,461.0,468.0,473.0,479.0,528.0,553.0,560.0,593.0,610.0,619.0,653.0,670.0,672.0,681.0,716.0,723.0,793.0,821.0,824.0,859.0,871.0,
4.0,6.0,14.0,15.0,62.0,123.0,124.0,177.0,183.0,194.0,246.0,263.0,367.0,426.0,430.0,435.0,497.0,545.0,557.0,637.0,638.0,647.0,661.0,696.0,718.0,788.0,799.0,801.0,805.0,914.0,975.0,996.0,
22.0,57.0,114.0,194.0,200.0,201.0,232.0,244.0,259.0,270.0,280.0,354.0,359.0,406.0,408.0,456.0,497.0,517.0,551.0,579.0,580.0,581.0,587.0,621.0,653.0,661.0,663.0,689.0,720.0,756.0,814.0,825.0,855.0,896.0,919.0,
38.0,80.0,89.0,90.0,93.0,141.0,145.0,151.0,165.0,198.0,209.0,219.0,307.0,337.0,355.0,356.0,377.0,431.0,471.0,471.0,519.0,589.0,593.0,613.0,624.0,646.0,655.0,660.0,688.0,705.0,711.0,720.0,731.0,756.0,770.0,793.0,860.0,878.0,897.0,926.0,1000.0,
82.0,142.0,148.0,161.0,191.0,208.0,261.0,277.0,278.0,292.0,341.0,359.0,424.0,438.0,508.0,511.0,582.0,587.0,616.0,620.0,631.0,660.0,668.0,692.0,775.0,778.0,787.0,792.0,827.0,869.0,909.0,925.0,995.0,
26.0,42.0,49.0,57.0,80.0,82.0,164.0,179.0,192.0,252.0,269.0,305.0,339.0,341.0,348.0,367.0,414.0,422.0,515.0,613.0,629.0,652.0,673.0,686.0,714.0,760.0,761.0,765.0,770.0,788.0,819.0,845.0,857.0,857.0,859.0,897.0,923.0,925.0,927.0,965.0,993.0,995.0,
5.0,24.0,120.0,135.0,146.0,148.0,151.0,181.0,280.0,347.0,382.0,422.0,462.0,472.0,488.0,491.0,524.0,564.0,608.0,610.0,691.0,719.0,722.0,854.0,898.0,931.0,958.0,973.0,982.0,992.0,
22.0,41.0,80.0,82.0,122.0,125.0,138.0,147.0,158.0,164.0,202.0,209.0,251.0,270.0,297.0,375.0,389.0,425.0,453.0,512.0,513.0,545.0,561.0,562.0,578.0,584.0,604.0,609.0,621.0,637.0,643.0,643.0,698.0,726.0,739.0,839.0,847.0,857.0,877.0,920.0,930.0,942.0,992.0,
14.0,22.0,28.0,68.0,75.0,108.0,109.0,136.0,163.0,163.0,171.0,171.0,201.0,207.0,225.0,266.0,275.0,331.0,387.0,396.0,398.0,404.0,407.0,510.0,510.0,581.0,604.0,613.0,631.0,704.0,756.0,790.0,816.0,858.0,879.0,891.0,914.0,934.0,957.0,961.0,
11.0,21.0,115.0,118.0,128.0,280.0,288.0,301.0,302.0,310.0,353.0,371.0,382.0,399.0,423.0,435.0,442.0,469.0,495.0,523.0,577.0,598.0,600.0,603.0,624.0,633.0,645.0,652.0,678.0,689.0,689.0,707.0,711.0,720.0,744.0,766.0,820.0,833.0,848.0,860.0,878.0,923.0,923.0,955.0,
2.0,25.0,26.0,44.0,87.0,126.0,141.0,162.0,167.0,181.0,250.0,277.0,302.0,320.0,361.0,394.0,450.0,451.0,452.0,490.0,538.0,603.0,610.0,612.0,616.0,650.0,672.0,674.0,686.0,776.0,801.0,834.0,929.0,942.0,
25.0,28.0,51.0,180.0,214.0,215.0,234.0,236.0,268.0,316.0,336.0,350.0,369.0,370.0,380.0,382.0,405.0,416.0,440.0,445.0,586.0,594.0,676.0,693.0,707.0,720.0,728.0,736.0,758.0,766.0,782.0,787.0,810.0,830.0,834.0,852.0,867.0,885.0,903.0,933.0,941.0,987.0,989.0,
20.0,67.0,86.0,94.0,98.0,217.0,233.0,239.0,275.0,307.0,340.0,413.0,417.0,439.0,482.0,485.0,512.0,519.0,561.0,582.0,588.0,609.0,652.0,663.0,682.0,694.0,702.0,707.0,837.0,892.0,930.0,935.0,936.0,951.0,951.0,975.0,
18.0,59.0,87.0,114.0,130.0,152.0,162.0,164.0,165.0,173.0,174.0,201.0,212.0,304.0,337.0,356.0,364.0,393.0,423.0,463.0,464.0,485.0,505.0,517.0,521.0,537.0,590.0,613.0,711.0,833.0,841.0,881.0,901.0,922.0,941.0,965.0,982.0,988.0,
26.0,38.0,39.0,89.0,203.0,209.0,228.0,232.0,301.0,323.0,337.0,383.0,396.0,410.0,455.0,504.0,554.0,585.0,605.0,709.0,724.0,733.0,740.0,742.0,776.0,786.0,800.0,843.0,856.0,865.0,912.0,925.0,939.0,943.0,959.0,965.0,972.0,
11.0,56.0,63.0,108.0,124.0,152.0,216.0,379.0,387.0,450.0,540.0,581.0,621.0,637.0,652.0,668.0,679.0,682.0,697.0,699.0,705.0,736.0,804.0,817.0,884.0,
37.0,120.0,124.0,127.0,135.0,138.0,149.0,161.0,161.0,173.0,210.0,220.0,230.0,265.0,275.0,312.0,323.0,411.0,456.0,490.0,491.0,515.0,546.0,616.0,636.0,649.0,651.0,677.0,683.0,715.0,730.0,733.0,772.0,791.0,838.0,909.0,912.0,964.0,976.0,
2.0,71.0,72.0,98.0,151.0,178.0,208.0,230.0,243.0,246.0,319.0,327.0,384.0,411.0,426.0,434.0,494.0,522.0,581.0,607.0,613.0,617.0,686.0,700.0,702.0,741.0,784.0,798.0,812.0,857.0,916.0,922.0,938.0,939.0,971.0,976.0,996.0,998.0,
10.0,151.0,154.0,155.0,202.0,215.0,251.0,269.0,277.0,344.0,377.0,389.0,401.0,424.0,471.0,547.0,570.0,577.0,581.0,595.0,608.0,674.0,695.0,785.0,802.0,829.0,830.0,926.0,930.0,
17.0,25.0,147.0,242.0,246.0,262.0,272.0,287.0,297.0,326.0,337.0,369.0,395.0,397.0,400.0,407.0,443.0,462.0,463.0,468.0,499.0,533.0,613.0,636.0,732.0,751.0,777.0,804.0,807.0,819.0,863.0,928.0,990.0,
27.0,52.0,57.0,74.0,85.0,96.0,117.0,186.0,206.0,221.0,227.0,231.0,272.0,321.0,342.0,346.0,470.0,517.0,563.0,564.0,570.0,587.0,596.0,611.0,636.0,739.0,769.0,772.0,775.0,788.0,801.0,811.0,840.0,892.0,909.0,926.0,927.0,935.0,960.0,968.0,980.0,986.0,989.0,
15.0,17.0,141.0,180.0,262.0,274.0,286.0,298.0,300.0,307.0,309.0,315.0,325.0,389.0,392.0,418.0,423.0,436.0,466.0,513.0,592.0,594.0,619.0,679.0,685.0,712.0,728.0,756.0,761.0,766.0,785.0,833.0,836.0,858.0,858.0,950.0,995.0,
41.0,62.0,91.0,136.0,148.0,157.0,190.0,255.0,261.0,274.0,276.0,278.0,296.0,297.0,319.0,338.0,395.0,423.0,434.0,445.0,515.0,521.0,549.0,623.0,630.0,643.0,705.0,735.0,761.0,809.0,826.0,842.0,853.0,863.0,885.0,898.0,916.0,917.0,932.0,999.0,
20.0,26.0,119.0,137.0,173.0,179.0,201.0,204.0,233.0,247.0,270.0,277.0,285.0,287.0,327.0,362.0,363.0,378.0,397.0,416.0,421.0,450.0,452.0,523.0,533.0,541.0,546.0,582.0,607.0,661.0,693.0,706.0,728.0,732.0,748.0,753.0,755.0,773.0,773.0,792.0,822.0,846.0,856.0,862.0,915.0,916.0,927.0,930.0,970.0,
23.0,26.0,35.0,104.0,116.0,158.0,201.0,224.0,226.0,243.0,254.0,261.0,283.0,348.0,349.0,359.0,432.0,456.0,595.0,672.0,693.0,786.0,853.0,853.0,862.0,912.0,922.0,971.0,996.0,
10.0,21.0,149.0,161.0,171.0,197.0,239.0,243.0,248.0,273.0,285.0,314.0,322.0,341.0,350.0,376.0,412.0,433.0,442.0,472.0,541.0,557.0,600.0,623.0,653.0,710.0,712.0,715.0,741.0,746.0,753.0,784.0,789.0,811.0,888.0,900.0,977.0,
14.0,25.0,26.0,103.0,126.0,151.0,187.0,187.0,192.0,201.0,236.0,270.0,306.0,318.0,338.0,345.0,349.0,397.0,426.0,442.0,473.0,527.0,532.0,555.0,558.0,597.0,624.0,631.0,695.0,696.0,705.0,757.0,771.0,783.0,784.0,930.0,938.0,982.0,
35.0,63.0,72.0,81.0,110.0,123.0,205.0,209.0,248.0,268.0,302.0,314.0,356.0,363.0,385.0,416.0,418.0,419.0,422.0,527.0,571.0,593.0,594.0,595.0,641.0,649.0,671.0,682.0,702.0,763.0,765.0,767.0,777.0,793.0,827.0,838.0,854.0,867.0,893.0,915.0,922.0,946.0,
6.0,37.0,41.0,144.0,150.0,151.0,166.0,173.0,179.0,201.0,204.0,243.0,266.0,321.0,361.0,380.0,380.0,397.0,417.0,471.0,473.0,497.0,604.0,615.0,628.0,632.0,658.0,679.0,715.0,718.0,810.0,847.0,850.0,870.0,894.0,900.0,918.0,931.0,945.0,974.0,975.0,
15.0,26.0,70.0,97.0,128.0,129.0,173.0,260.0,287.0,301.0,305.0,391.0,465.0,507.0,529.0,576.0,576.0,630.0,657.0,670.0,691.0,707.0,832.0,833.0,968.0,993.0,
25.0,181.0,281.0,370.0,390.0,420.0,504.0,533.0,569.0,626.0,634.0,689.0,691.0,698.0,716.0,719.0,750.0,761.0,785.0,846.0,925.0,946.0,964.0,971.0,990.0,
8.0,18.0,53.0,63.0,73.0,75.0,89.0,109.0,115.0,116.0,179.0,259.0,283.0,315.0,375.0,392.0,407.0,412.0,447.0,479.0,480.0,484.0,492.0,497.0,497.0,537.0,546.0,561.0,587.0,599.0,685.0,718.0,731.0,837.0,872.0,876.0,888.0,889.0,915.0,944.0,987.0,
31.0,42.0,45.0,54.0,60.0,71.0,88.0,134.0,141.0,167.0,204.0,209.0,214.0,250.0,252.0,257.0,263.0,323.0,328.0,347.0,374.0,416.0,418.0,435.0,449.0,478.0,480.0,498.0,550.0,552.0,607.0,633.0,670.0,677.0,694.0,696.0,735.0,773.0,794.0,798.0,826.0,881.0,881.0,937.0,941.0,987.0,
22.0,51.0,57.0,76.0,120.0,219.0,222.0,231.0,258.0,261.0,294.0,322.0,386.0,447.0,498.0,578.0,588.0,590.0,702.0,742.0,797.0,834.0,860.0,874.0,906.0,908.0,966.0,978.0,988.0,997.0,
39.0,40.0,56.0,81.0,117.0,217.0,236.0,300.0,312.0,395.0,397.0,399.0,457.0,532.0,614.0,657.0,698.0,802.0,814.0,855.0,866.0,881.0,891.0,893.0,948.0,957.0,978.0,982.0,997.0,
63.0,71.0,111.0,148.0,158.0,189.0,287.0,319.0,337.0,366.0,366.0,398.0,405.0,428.0,431.0,439.0,460.0,460.0,465.0,477.0,482.0,486.0,517.0,533.0,559.0,570.0,589.0,605.0,627.0,664.0,693.0,726.0,768.0,840.0,844.0,872.0,921.0,954.0,958.0,966.0,992.0,
49.0,75.0,116.0,138.0,148.0,169.0,204.0,211.0,261.0,323.0,365.0,379.0,406.0,414.0,438.0,450.0,478.0,513.0,652.0,665.0,701.0,725.0,730.0,736.0,738.0,820.0,846.0,857.0,878.0,880.0,934.0,963.0,988.0,
19.0,73.0,96.0,121.0,177.0,185.0,209.0,220.0,223.0,240.0,243.0,246.0,257.0,300.0,336.0,379.0,472.0,497.0,534.0,547.0,567.0,581.0,695.0,697.0,702.0,713.0,717.0,731.0,744.0,789.0,791.0,797.0,838.0,954.0,961.0,963.0,975.0,977.0,985.0,997.0,
32.0,93.0,107.0,144.0,150.0,181.0,226.0,249.0,263.0,268.0,303.0,324.0,371.0,405.0,408.0,417.0,439.0,453.0,457.0,473.0,477.0,546.0,591.0,695.0,706.0,715.0,824.0,834.0,834.0,891.0,901.0,929.0,961.0,991.0,999.0,
16.0,67.0,78.0,106.0,111.0,140.0,144.0,177.0,259.0,268.0,274.0,281.0,295.0,322.0,348.0,425.0,429.0,430.0,442.0,466.0,467.0,497.0,528.0,532.0,558.0,570.0,575.0,593.0,632.0,658.0,662.0,683.0,721.0,744.0,746.0,888.0,976.0,978.0,
25.0,64.0,74.0,86.0,93.0,105.0,106.0,111.0,116.0,160.0,163.0,258.0,331.0,391.0,409.0,416.0,512.0,553.0,577.0,603.0,692.0,705.0,729.0,745.0,754.0,786.0,819.0,819.0,836.0,879.0,894.0,906.0,933.0,961.0,
28.0,50.0,70.0,91.0,110.0,111.0,125.0,140.0,206.0,246.0,256.0,302.0,335.0,335.0,339.0,382.0,384.0,398.0,431.0,458.0,543.0,596.0,605.0,690.0,703.0,706.0,711.0,759.0,767.0,767.0,791.0,864.0,885.0,964.0,980.0,
10.0,23.0,67.0,78.0,119.0,136.0,139.0,142.0,144.0,146.0,163.0,199.0,216.0,232.0,271.0,314.0,315.0,320.0,347.0,359.0,395.0,406.0,422.0,430.0,483.0,495.0,510.0,527.0,551.0,595.0,597.0,680.0,726.0,743.0,772.0,772.0,791.0,817.0,846.0,885.0,920.0,
35.0,120.0,149.0,155.0,157.0,190.0,244.0,261.0,440.0,473.0,541.0,546.0,550.0,576.0,621.0,622.0,656.0,666.0,723.0,723.0,738.0,745.0,763.0,767.0,775.0,786.0,800.0,889.0,904.0,924.0,966.0,
9.0,22.0,73.0,93.0,133.0,144.0,162.0,202.0,215.0,225.0,256.0,256.0,268.0,270.0,281.0,296.0,316.0,328.0,346.0,353.0,356.0,372.0,375.0,388.0,457.0,466.0,529.0,568.0,578.0,601.0,611.0,616.0,681.0,722.0,734.0,754.0,765.0,801.0,804.0,844.0,854.0,862.0,893.0,930.0,970.0,
5.0,47.0,52.0,75.0,147.0,191.0,234.0,256.0,270.0,333.0,347.0,349.0,375.0,391.0,419.0,424.0,500.0,558.0,582.0,614.0,622.0,630.0,636.0,644.0,646.0,651.0,666.0,694.0,706.0,722.0,724.0,738.0,768.0,793.0,805.0,852.0,871.0,896.0,910.0,923.0,926.0,983.0,
8.0,26.0,28.0,122.0,155.0,241.0,257.0,261.0,302.0,306.0,324.0,343.0,355.0,374.0,426.0,449.0,450.0,467.0,472.0,480.0,631.0,652.0,687.0,691.0,724.0,726.0,735.0,739.0,754.0,806.0,887.0,893.0,905.0,907.0,911.0,917.0,927.0,947.0,975.0,
16.0,69.0,79.0,135.0,139.0,141.0,188.0,239.0,274.0,341.0,409.0,437.0,448.0,468.0,496.0,514.0,573.0,601.0,605.0,615.0,634.0,690.0,700.0,714.0,763.0,766.0,799.0,827.0,848.0,873.0,893.0,914.0,973.0,980.0,999.0,
14.0,22.0,39.0,67.0,80.0,98.0,192.0,210.0,222.0,247.0,310.0,312.0,357.0,401.0,463.0,479.0,489.0,508.0,524.0,532.0,546.0,564.0,589.0,820.0,833.0,889.0,895.0,933.0,940.0,950.0,974.0,
59.0,71.0,80.0,104.0,153.0,159.0,211.0,231.0,270.0,293.0,294.0,321.0,390.0,404.0,437.0,439.0,464.0,549.0,553.0,560.0,565.0,597.0,602.0,619.0,623.0,661.0,663.0,720.0,742.0,774.0,793.0,829.0,841.0,902.0,920.0,928.0,942.0,949.0,954.0,982.0,
10.0,19.0,90.0,123.0,162.0,191.0,203.0,209.0,211.0,224.0,258.0,271.0,275.0,309.0,337.0,343.0,415.0,424.0,436.0,443.0,454.0,506.0,538.0,602.0,633.0,652.0,687.0,688.0,721.0,819.0,829.0,832.0,904.0,958.0,971.0,975.0,
17.0,38.0,43.0,85.0,113.0,129.0,167.0,262.0,279.0,290.0,292.0,300.0,307.0,310.0,318.0,325.0,351.0,357.0,372.0,379.0,414.0,436.0,461.0,467.0,468.0,502.0,507.0,525.0,544.0,568.0,588.0,635.0,658.0,694.0,718.0,730.0,757.0,763.0,763.0,801.0,838.0,839.0,843.0,870.0,906.0,914.0,916.0,927.0,945.0,955.0,979.0,
14.0,17.0,64.0,236.0,271.0,276.0,303.0,319.0,366.0,386.0,408.0,457.0,509.0,516.0,549.0,620.0,673.0,731.0,769.0,774.0,852.0,872.0,885.0,928.0,929.0,962.0,962.0,974.0,983.0,1000.0,
3.0,20.0,26.0,34.0,47.0,66.0,79.0,81.0,123.0,154.0,164.0,200.0,241.0,264.0,307.0,329.0,347.0,372.0,396.0,402.0,420.0,493.0,526.0,545.0,546.0,562.0,587.0,595.0,617.0,618.0,647.0,656.0,669.0,685.0,716.0,769.0,776.0,805.0,839.0,842.0,853.0,853.0,892.0,894.0,898.0,902.0,931.0,950.0,
38.0,80.0,98.0,116.0,138.0,163.0,214.0,255.0,282.0,285.0,287.0,322.0,411.0,426.0,437.0,438.0,476.0,534.0,559.0,596.0,655.0,663.0,669.0,686.0,706.0,708.0,753.0,785.0,845.0,859.0,919.0,921.0,922.0,929.0,968.0,993.0,
26.0,61.0,71.0,85.0,147.0,147.0,246.0,373.0,391.0,407.0,465.0,469.0,514.0,562.0,588.0,610.0,654.0,665.0,675.0,684.0,686.0,686.0,705.0,760.0,791.0,817.0,834.0,950.0,965.0,983.0,993.0,
14.0,18.0,81.0,82.0,88.0,156.0,172.0,179.0,187.0,206.0,234.0,238.0,249.0,279.0,282.0,293.0,305.0,312.0,341.0,345.0,366.0,421.0,443.0,448.0,496.0,510.0,526.0,569.0,579.0,614.0,624.0,636.0,638.0,696.0,724.0,751.0,755.0,767.0,872.0,895.0,910.0,934.0,937.0,
9.0,55.0,59.0,82.0,94.0,115.0,160.0,167.0,231.0,244.0,250.0,276.0,283.0,341.0,344.0,365.0,374.0,387.0,433.0,439.0,450.0,454.0,478.0,494.0,531.0,533.0,543.0,583.0,601.0,645.0,659.0,727.0,743.0,747.0,753.0,753.0,785.0,810.0,832.0,846.0,846.0,961.0,981.0,
6.0,21.0,45.0,60.0,69.0,70.0,107.0,118.0,132.0,187.0,221.0,312.0,353.0,400.0,441.0,445.0,468.0,503.0,524.0,539.0,588.0,614.0,666.0,669.0,708.0,732.0,737.0,739.0,756.0,765.0,844.0,857.0,867.0,895.0,901.0,920.0,
4.0,27.0,33.0,120.0,170.0,203.0,217.0,224.0,251.0,282.0,294.0,297.0,320.0,335.0,369.0,373.0,425.0,431.0,431.0,452.0,492.0,521.0,536.0,587.0,589.0,623.0,654.0,675.0,698.0,723.0,726.0,727.0,734.0,774.0,795.0,825.0,832.0,862.0,889.0,915.0,920.0,926.0,938.0,949.0,990.0,992.0,1000.0,
44.0,74.0,136.0,147.0,196.0,197.0,257.0,261.0,301.0,407.0,411.0,425.0,437.0,437.0,441.0,444.0,462.0,499.0,502.0,513.0,537.0,579.0,611.0,633.0,658.0,661.0,672.0,714.0,735.0,755.0,758.0,790.0,798.0,846.0,846.0,965.0,971.0,975.0,
31.0,51.0,89.0,94.0,97.0,97.0,117.0,120.0,131.0,194.0,239.0,258.0,295.0,325.0,360.0,384.0,397.0,417.0,424.0,445.0,448.0,465.0,491.0,498.0,521.0,556.0,571.0,630.0,670.0,678.0,690.0,694.0,740.0,749.0,766.0,790.0,806.0,840.0,863.0,868.0,875.0,876.0,932.0,986.0,
17.0,23.0,57.0,130.0,175.0,309.0,326.0,330.0,331.0,353.0,371.0,439.0,468.0,544.0,544.0,591.0,620.0,649.0,724.0,759.0,831.0,866.0,885.0,888.0,976.0,
8.0,20.0,79.0,98.0,156.0,183.0,198.0,240.0,330.0,343.0,354.0,384.0,405.0,407.0,415.0,462.0,538.0,544.0,561.0,637.0,655.0,694.0,705.0,726.0,738.0,765.0,829.0,849.0,871.0,876.0,928.0,934.0,936.0,
8.0,26.0,33.0,41.0,73.0,91.0,109.0,113.0,144.0,158.0,174.0,190.0,201.0,208.0,214.0,243.0,278.0,322.0,340.0,348.0,365.0,375.0,439.0,444.0,449.0,623.0,763.0,769.0,769.0,784.0,791.0,800.0,804.0,805.0,842.0,845.0,848.0,926.0,937.0,948.0,984.0,
11.0,46.0,66.0,88.0,93.0,129.0,156.0,181.0,262.0,283.0,312.0,312.0,327.0,339.0,455.0,544.0,562.0,580.0,582.0,609.0,615.0,624.0,651.0,719.0,726.0,745.0,823.0,832.0,934.0,947.0,989.0,
6.0,24.0,38.0,43.0,56.0,111.0,119.0,197.0,206.0,238.0,326.0,326.0,376.0,395.0,440.0,444.0,455.0,490.0,513.0,514.0,514.0,521.0,531.0,548.0,572.0,600.0,609.0,615.0,617.0,621.0,674.0,717.0,732.0,746.0,753.0,815.0,815.0,831.0,844.0,856.0,861.0,878.0,878.0,896.0,915.0,921.0,938.0,939.0,942.0,976.0,994.0,
18.0,58.0,79.0,99.0,104.0,117.0,143.0,148.0,155.0,173.0,190.0,199.0,210.0,211.0,256.0,258.0,265.0,265.0,266.0,274.0,334.0,358.0,368.0,402.0,404.0,413.0,417.0,609.0,628.0,633.0,688.0,709.0,722.0,750.0,750.0,759.0,782.0,892.0,965.0,
116.0,207.0,208.0,250.0,252.0,255.0,292.0,325.0,326.0,338.0,365.0,372.0,378.0,468.0,490.0,505.0,516.0,522.0,524.0,562.0,566.0,669.0,677.0,683.0,697.0,751.0,760.0,777.0,814.0,831.0,836.0,842.0,934.0,989.0,
15.0,42.0,73.0,110.0,127.0,142.0,159.0,164.0,182.0,188.0,230.0,242.0,244.0,279.0,286.0,296.0,297.0,306.0,312.0,318.0,323.0,345.0,353.0,484.0,486.0,491.0,615.0,730.0,813.0,827.0,828.0,835.0,921.0,931.0,968.0,973.0,985.0,
17.0,42.0,56.0,64.0,110.0,162.0,206.0,228.0,260.0,310.0,325.0,331.0,336.0,345.0,350.0,365.0,367.0,432.0,441.0,442.0,444.0,455.0,466.0,495.0,503.0,513.0,524.0,534.0,569.0,579.0,611.0,614.0,623.0,637.0,666.0,705.0,731.0,762.0,812.0,837.0,857.0,
41.0,51.0,83.0,89.0,143.0,220.0,250.0,297.0,313.0,322.0,347.0,348.0,352.0,421.0,426.0,446.0,451.0,454.0,479.0,484.0,492.0,517.0,519.0,521.0,531.0,585.0,629.0,651.0,653.0,694.0,805.0,809.0,844.0,973.0,992.0,
