25.0,29.0,31.0,74.0,80.0,81.0,83.0,97.0,145.0,173.0,233.0,234.0,237.0,279.0,354.0,357.0,383.0,401.0,414.0,475.0,491.0,559.0,590.0,605.0,658.0,691.0,726.0,732.0,841.0,908.0,928.0,955.0,955.0,
66.0,69.0,75.0,81.0,127.0,205.0,219.0,244.0,245.0,260.0,303.0,355.0,384.0,425.0,516.0,524.0,595.0,630.0,664.0,697.0,709.0,725.0,748.0,753.0,775.0,783.0,852.0,869.0,904.0,924.0,947.0,956.0,991.0,993.0,994.0,
18.0,21.0,22.0,62.0,87.0,134.0,161.0,179.0,200.0,240.0,246.0,266.0,273.0,281.0,295.0,326.0,381.0,395.0,444.0,503.0,527.0,606.0,637.0,649.0,649.0,667.0,696.0,704.0,718.0,756.0,765.0,790.0,807.0,825.0,878.0,896.0,916.0,953.0,969.0,992.0,996.0,
124.0,150.0,180.0,250.0,279.0,282.0,286.0,339.0,349.0,349.0,373.0,387.0,405.0,439.0,439.0,449.0,501.0,534.0,583.0,606.0,613.0,623.0,645.0,707.0,737.0,737.0,741.0,796.0,854.0,855.0,870.0,893.0,896.0,929.0,938.0,940.0,964.0,980.0,986.0,
10.0,41.0,48.0,61.0,89.0,103.0,126.0,126.0,159.0,169.0,252.0,255.0,266.0,268.0,300.0,339.0,341.0,347.0,350.0,375.0,384.0,440.0,463.0,491.0,509.0,536.0,545.0,545.0,550.0,576.0,605.0,624.0,699.0,707.0,719.0,744.0,776.0,778.0,786.0,795.0,804.0,809.0,817.0,839.0,885.0,893.0,895.0,924.0,962.0,
5.0,39.0,59.0,101.0,177.0,177.0,216.0,330.0,339.0,352.0,389.0,397.0,413.0,416.0,418.0,449.0,450.0,491.0,501.0,549.0,599.0,611.0,625.0,685.0,741.0,762.0,793.0,800.0,861.0,872.0,889.0,952.0,1000.0,
4.0,90.0,122.0,169.0,191.0,197.0,261.0,287.0,312.0,492.0,495.0,497.0,519.0,528.0,548.0,566.0,570.0,585.0,600.0,611.0,630.0,673.0,689.0,744.0,860.0,917.0,918.0,927.0,934.0,991.0,
28.0,41.0,93.0,252.0,270.0,283.0,285.0,318.0,325.0,343.0,395.0,426.0,486.0,594.0,634.0,667.0,688.0,688.0,692.0,705.0,708.0,733.0,791.0,794.0,828.0,879.0,934.0,958.0,989.0,
81.0,97.0,104.0,105.0,113.0,144.0,144.0,152.0,174.0,216.0,231.0,286.0,293.0,329.0,330.0,415.0,420.0,431.0,461.0,463.0,518.0,545.0,577.0,587.0,638.0,668.0,739.0,748.0,757.0,761.0,766.0,770.0,783.0,788.0,812.0,931.0,965.0,971.0,
179.0,218.0,252.0,334.0,369.0,371.0,395.0,458.0,467.0,521.0,535.0,580.0,625.0,626.0,656.0,690.0,735.0,758.0,773.0,806.0,873.0,896.0,897.0,901.0,901.0,
13.0,15.0,73.0,213.0,283.0,308.0,323.0,338.0,377.0,400.0,411.0,432.0,442.0,465.0,474.0,682.0,699.0,705.0,722.0,723.0,737.0,762.0,767.0,776.0,856.0,900.0,908.0,941.0,997.0,
31.0,33.0,33.0,96.0,106.0,112.0,189.0,195.0,198.0,199.0,216.0,248.0,258.0,337.0,342.0,364.0,498.0,537.0,545.0,559.0,576.0,606.0,608.0,662.0,675.0,687.0,721.0,738.0,749.0,778.0,809.0,854.0,893.0,905.0,911.0,914.0,919.0,
7.0,46.0,69.0,85.0,89.0,109.0,135.0,147.0,163.0,207.0,232.0,238.0,269.0,278.0,317.0,375.0,407.0,417.0,455.0,457.0,474.0,496.0,535.0,554.0,573.0,575.0,618.0,662.0,674.0,695.0,752.0,758.0,784.0,791.0,796.0,799.0,804.0,852.0,859.0,860.0,887.0,913.0,976.0,994.0,
4.0,24.0,169.0,176.0,180.0,218.0,222.0,254.0,256.0,277.0,307.0,359.0,372.0,441.0,573.0,603.0,608.0,627.0,640.0,641.0,663.0,694.0,695.0,700.0,710.0,711.0,727.0,729.0,764.0,792.0,815.0,884.0,903.0,906.0,937.0,939.0,995.0,
7.0,8.0,8.0,70.0,72.0,188.0,233.0,253.0,279.0,289.0,290.0,347.0,354.0,369.0,424.0,468.0,491.0,602.0,607.0,636.0,652.0,712.0,714.0,750.0,766.0,831.0,853.0,855.0,973.0,998.0,998.0,
17.0,20.0,43.0,97.0,109.0,147.0,166.0,237.0,269.0,271.0,298.0,334.0,352.0,353.0,365.0,375.0,443.0,445.0,446.0,492.0,492.0,525.0,525.0,609.0,611.0,636.0,692.0,732.0,742.0,750.0,794.0,812.0,821.0,839.0,843.0,878.0,927.0,996.0,998.0,
11.0,12.0,23.0,34.0,72.0,108.0,148.0,286.0,328.0,342.0,350.0,399.0,421.0,422.0,424.0,449.0,486.0,543.0,545.0,591.0,634.0,688.0,723.0,743.0,754.0,768.0,786.0,792.0,806.0,865.0,866.0,991.0,
74.0,91.0,91.0,109.0,184.0,190.0,213.0,253.0,254.0,262.0,272.0,300.0,332.0,345.0,351.0,368.0,413.0,439.0,445.0,461.0,483.0,548.0,575.0,611.0,612.0,613.0,696.0,706.0,725.0,766.0,779.0,781.0,785.0,814.0,866.0,892.0,919.0,922.0,938.0,952.0,
5.0,18.0,26.0,29.0,50.0,105.0,122.0,168.0,198.0,208.0,247.0,256.0,272.0,273.0,362.0,367.0,415.0,439.0,446.0,457.0,477.0,495.0,512.0,516.0,631.0,642.0,666.0,681.0,699.0,753.0,795.0,848.0,852.0,879.0,915.0,929.0,955.0,976.0,990.0,
35.0,112.0,150.0,154.0,170.0,175.0,178.0,193.0,197.0,249.0,250.0,257.0,274.0,300.0,323.0,352.0,361.0,384.0,392.0,415.0,419.0,426.0,429.0,437.0,467.0,493.0,494.0,519.0,569.0,571.0,580.0,609.0,673.0,689.0,712.0,723.0,741.0,754.0,776.0,782.0,787.0,792.0,801.0,808.0,834.0,849.0,909.0,944.0,987.0,
9.0,34.0,51.0,53.0,73.0,138.0,138.0,183.0,209.0,231.0,237.0,258.0,292.0,416.0,464.0,520.0,527.0,557.0,566.0,616.0,634.0,721.0,736.0,750.0,773.0,857.0,908.0,913.0,925.0,936.0,948.0,
16.0,35.0,138.0,162.0,441.0,445.0,450.0,470.0,541.0,548.0,555.0,555.0,564.0,584.0,629.0,639.0,664.0,727.0,796.0,865.0,887.0,951.0,954.0,976.0,
4.0,20.0,65.0,155.0,156.0,197.0,200.0,211.0,265.0,284.0,348.0,377.0,411.0,411.0,451.0,458.0,492.0,609.0,610.0,641.0,648.0,680.0,739.0,745.0,783.0,788.0,796.0,825.0,863.0,883.0,884.0,913.0,914.0,956.0,
45.0,48.0,69.0,134.0,155.0,159.0,185.0,194.0,198.0,217.0,253.0,289.0,345.0,363.0,367.0,372.0,396.0,423.0,438.0,446.0,524.0,538.0,574.0,590.0,617.0,649.0,706.0,716.0,731.0,731.0,744.0,751.0,774.0,802.0,809.0,941.0,998.0,
43.0,102.0,112.0,137.0,164.0,191.0,223.0,232.0,275.0,283.0,311.0,326.0,337.0,338.0,387.0,403.0,415.0,416.0,442.0,457.0,475.0,521.0,550.0,604.0,609.0,631.0,632.0,636.0,654.0,656.0,673.0,692.0,699.0,743.0,765.0,839.0,854.0,870.0,877.0,896.0,944.0,
10.0,59.0,68.0,149.0,186.0,202.0,206.0,221.0,267.0,308.0,324.0,335.0,340.0,378.0,379.0,390.0,394.0,435.0,437.0,514.0,522.0,625.0,654.0,688.0,699.0,706.0,841.0,844.0,872.0,947.0,950.0,998.0,
41.0,70.0,113.0,238.0,255.0,263.0,270.0,280.0,302.0,387.0,413.0,427.0,442.0,500.0,515.0,519.0,531.0,541.0,573.0,591.0,640.0,651.0,659.0,679.0,733.0,764.0,767.0,788.0,811.0,816.0,820.0,921.0,954.0,979.0,
19.0,32.0,44.0,60.0,128.0,133.0,149.0,159.0,217.0,260.0,260.0,274.0,277.0,282.0,286.0,298.0,309.0,317.0,336.0,365.0,400.0,438.0,458.0,464.0,465.0,485.0,532.0,533.0,577.0,615.0,641.0,660.0,670.0,675.0,692.0,733.0,745.0,751.0,778.0,818.0,859.0,870.0,993.0,
2.0,10.0,27.0,30.0,38.0,51.0,78.0,90.0,189.0,211.0,238.0,251.0,313.0,329.0,362.0,383.0,395.0,407.0,423.0,468.0,469.0,492.0,493.0,499.0,505.0,533.0,535.0,547.0,567.0,574.0,589.0,600.0,612.0,617.0,626.0,636.0,642.0,672.0,705.0,707.0,715.0,744.0,772.0,775.0,811.0,815.0,820.0,827.0,827.0,852.0,880.0,924.0,940.0,947.0,962.0,963.0,
3.0,104.0,105.0,147.0,157.0,177.0,197.0,266.0,310.0,315.0,346.0,354.0,357.0,473.0,484.0,500.0,535.0,552.0,563.0,620.0,621.0,622.0,630.0,710.0,727.0,779.0,805.0,887.0,916.0,926.0,936.0,967.0,1000.0,
79.0,98.0,116.0,147.0,168.0,174.0,200.0,211.0,229.0,237.0,248.0,283.0,289.0,292.0,292.0,324.0,344.0,378.0,441.0,459.0,496.0,505.0,514.0,549.0,550.0,558.0,573.0,628.0,649.0,761.0,796.0,830.0,890.0,921.0,922.0,
21.0,39.0,75.0,97.0,119.0,162.0,188.0,237.0,253.0,263.0,303.0,314.0,333.0,414.0,422.0,427.0,427.0,467.0,487.0,502.0,557.0,573.0,588.0,626.0,757.0,761.0,778.0,798.0,825.0,896.0,929.0,936.0,
37.0,38.0,50.0,66.0,73.0,79.0,86.0,88.0,104.0,125.0,148.0,176.0,192.0,211.0,222.0,236.0,274.0,279.0,287.0,366.0,385.0,397.0,408.0,440.0,478.0,483.0,487.0,488.0,533.0,563.0,581.0,591.0,593.0,596.0,619.0,657.0,670.0,673.0,737.0,774.0,789.0,790.0,796.0,809.0,845.0,871.0,918.0,923.0,935.0,943.0,962.0,981.0,
65.0,88.0,118.0,138.0,156.0,302.0,308.0,315.0,321.0,377.0,394.0,397.0,406.0,443.0,449.0,507.0,508.0,515.0,533.0,564.0,585.0,629.0,657.0,693.0,765.0,878.0,901.0,951.0,988.0,
3.0,9.0,23.0,65.0,80.0,85.0,98.0,99.0,144.0,155.0,196.0,244.0,254.0,285.0,320.0,337.0,423.0,449.0,458.0,458.0,472.0,477.0,481.0,579.0,624.0,649.0,675.0,682.0,685.0,723.0,787.0,787.0,872.0,885.0,944.0,950.0,952.0,965.0,977.0,
30.0,38.0,50.0,56.0,65.0,77.0,86.0,115.0,190.0,248.0,263.0,287.0,343.0,368.0,379.0,393.0,469.0,488.0,499.0,519.0,523.0,551.0,580.0,593.0,600.0,659.0,670.0,720.0,723.0,760.0,781.0,814.0,819.0,882.0,931.0,931.0,957.0,987.0,
55.0,59.0,110.0,157.0,212.0,234.0,240.0,248.0,276.0,279.0,286.0,294.0,303.0,317.0,331.0,354.0,395.0,408.0,417.0,428.0,495.0,614.0,700.0,722.0,728.0,733.0,746.0,803.0,809.0,811.0,825.0,837.0,876.0,883.0,899.0,905.0,935.0,948.0,
14.0,23.0,82.0,162.0,252.0,259.0,278.0,289.0,363.0,386.0,393.0,436.0,471.0,495.0,555.0,568.0,588.0,656.0,657.0,663.0,685.0,724.0,735.0,759.0,761.0,791.0,793.0,831.0,915.0,959.0,963.0,988.0,
47.0,98.0,101.0,113.0,120.0,140.0,170.0,185.0,195.0,198.0,235.0,302.0,428.0,436.0,444.0,481.0,508.0,548.0,558.0,568.0,605.0,632.0,641.0,649.0,684.0,780.0,791.0,798.0,856.0,884.0,923.0,927.0,957.0,990.0,
25.0,32.0,53.0,105.0,116.0,122.0,124.0,136.0,180.0,194.0,195.0,198.0,292.0,297.0,324.0,341.0,374.0,376.0,385.0,404.0,430.0,545.0,567.0,577.0,640.0,643.0,675.0,707.0,718.0,738.0,796.0,797.0,798.0,809.0,836.0,896.0,902.0,912.0,957.0,965.0,1000.0,
26.0,32.0,37.0,44.0,133.0,142.0,182.0,190.0,342.0,347.0,430.0,447.0,462.0,518.0,518.0,547.0,602.0,620.0,640.0,649.0,662.0,662.0,730.0,734.0,793.0,816.0,839.0,893.0,943.0,
86.0,89.0,207.0,234.0,238.0,238.0,277.0,313.0,315.0,320.0,382.0,387.0,428.0,449.0,495.0,503.0,505.0,513.0,529.0,559.0,578.0,607.0,650.0,651.0,676.0,677.0,742.0,829.0,863.0,868.0,907.0,912.0,
57.0,66.0,79.0,211.0,238.0,250.0,265.0,316.0,349.0,368.0,385.0,401.0,470.0,483.0,527.0,537.0,583.0,604.0,635.0,682.0,722.0,748.0,797.0,798.0,798.0,803.0,831.0,863.0,894.0,941.0,953.0,958.0,961.0,963.0,989.0,
76.0,132.0,147.0,166.0,207.0,251.0,253.0,257.0,346.0,355.0,386.0,410.0,415.0,432.0,433.0,458.0,464.0,496.0,504.0,552.0,635.0,706.0,708.0,757.0,774.0,792.0,811.0,841.0,842.0,906.0,
34.0,67.0,69.0,85.0,85.0,100.0,105.0,177.0,179.0,213.0,217.0,300.0,321.0,327.0,337.0,351.0,362.0,387.0,389.0,425.0,438.0,446.0,514.0,523.0,529.0,531.0,541.0,552.0,597.0,608.0,625.0,628.0,651.0,747.0,761.0,795.0,808.0,830.0,868.0,882.0,887.0,987.0,
25.0,37.0,38.0,84.0,132.0,148.0,155.0,162.0,172.0,199.0,208.0,233.0,255.0,281.0,363.0,382.0,432.0,436.0,480.0,485.0,520.0,539.0,541.0,561.0,589.0,590.0,600.0,686.0,714.0,780.0,804.0,823.0,826.0,887.0,952.0,971.0,
39.0,111.0,211.0,256.0,274.0,298.0,327.0,328.0,363.0,377.0,424.0,437.0,440.0,446.0,480.0,487.0,492.0,591.0,695.0,712.0,714.0,729.0,756.0,762.0,765.0,811.0,815.0,829.0,865.0,872.0,928.0,956.0,
36.0,187.0,246.0,309.0,322.0,335.0,394.0,413.0,527.0,570.0,571.0,608.0,702.0,731.0,750.0,770.0,778.0,790.0,815.0,819.0,824.0,871.0,882.0,960.0,970.0,992.0,994.0,
9.0,42.0,53.0,53.0,59.0,82.0,117.0,132.0,139.0,158.0,161.0,179.0,184.0,207.0,216.0,229.0,231.0,280.0,292.0,355.0,360.0,371.0,438.0,445.0,447.0,475.0,492.0,499.0,642.0,651.0,658.0,673.0,686.0,693.0,737.0,741.0,763.0,763.0,804.0,853.0,860.0,875.0,876.0,879.0,917.0,940.0,1000.0,
19.0,84.0,142.0,143.0,204.0,284.0,311.0,319.0,339.0,467.0,479.0,494.0,498.0,645.0,659.0,717.0,737.0,748.0,829.0,884.0,916.0,928.0,975.0,989.0,
86.0,98.0,103.0,125.0,197.0,218.0,223.0,293.0,294.0,394.0,399.0,421.0,483.0,496.0,496.0,549.0,595.0,608.0,611.0,646.0,646.0,863.0,916.0,923.0,975.0,988.0,
6.0,17.0,38.0,69.0,147.0,147.0,167.0,255.0,288.0,304.0,327.0,413.0,418.0,439.0,482.0,484.0,495.0,557.0,561.0,567.0,583.0,609.0,610.0,675.0,699.0,712.0,779.0,803.0,848.0,851.0,882.0,896.0,907.0,913.0,970.0,981.0,997.0,
7.0,8.0,19.0,33.0,137.0,160.0,166.0,182.0,212.0,217.0,220.0,237.0,268.0,274.0,276.0,334.0,337.0,343.0,393.0,396.0,420.0,427.0,434.0,442.0,445.0,480.0,515.0,554.0,564.0,577.0,582.0,584.0,625.0,635.0,660.0,704.0,798.0,851.0,898.0,905.0,934.0,940.0,958.0,967.0,979.0,1000.0,
3.0,12.0,51.0,69.0,70.0,143.0,177.0,232.0,248.0,275.0,295.0,331.0,413.0,417.0,431.0,439.0,453.0,470.0,470.0,493.0,494.0,499.0,519.0,520.0,543.0,551.0,586.0,644.0,674.0,701.0,712.0,814.0,835.0,864.0,909.0,923.0,960.0,970.0,972.0,980.0,
13.0,48.0,59.0,76.0,99.0,124.0,128.0,133.0,160.0,167.0,178.0,200.0,216.0,245.0,262.0,298.0,306.0,330.0,342.0,388.0,398.0,432.0,440.0,451.0,453.0,465.0,486.0,497.0,498.0,521.0,561.0,575.0,626.0,640.0,654.0,711.0,871.0,921.0,985.0,991.0,
42.0,49.0,70.0,75.0,169.0,236.0,252.0,264.0,273.0,322.0,341.0,350.0,402.0,422.0,430.0,431.0,432.0,456.0,464.0,471.0,484.0,491.0,500.0,542.0,544.0,556.0,565.0,571.0,596.0,599.0,607.0,629.0,741.0,748.0,759.0,805.0,807.0,810.0,839.0,857.0,864.0,874.0,887.0,891.0,921.0,931.0,937.0,959.0,
43.0,48.0,69.0,71.0,85.0,109.0,122.0,182.0,205.0,307.0,352.0,356.0,367.0,406.0,500.0,523.0,547.0,584.0,694.0,752.0,779.0,806.0,811.0,816.0,826.0,854.0,892.0,895.0,905.0,908.0,911.0,927.0,931.0,940.0,
11.0,28.0,36.0,69.0,86.0,88.0,227.0,314.0,357.0,378.0,391.0,482.0,518.0,606.0,628.0,645.0,656.0,662.0,674.0,682.0,695.0,701.0,772.0,872.0,912.0,915.0,920.0,951.0,971.0,981.0,984.0,
31.0,35.0,69.0,105.0,106.0,118.0,150.0,162.0,162.0,192.0,193.0,212.0,278.0,287.0,333.0,340.0,360.0,362.0,393.0,400.0,405.0,407.0,417.0,427.0,445.0,453.0,477.0,479.0,509.0,512.0,551.0,613.0,663.0,674.0,685.0,715.0,737.0,758.0,782.0,800.0,933.0,938.0,953.0,986.0,
16.0,115.0,123.0,123.0,177.0,203.0,231.0,293.0,358.0,445.0,464.0,483.0,486.0,496.0,515.0,534.0,576.0,577.0,579.0,594.0,605.0,662.0,740.0,753.0,786.0,801.0,817.0,818.0,832.0,853.0,874.0,876.0,933.0,959.0,990.0,
23.0,103.0,112.0,161.0,180.0,188.0,304.0,322.0,334.0,336.0,409.0,438.0,453.0,512.0,517.0,521.0,534.0,567.0,643.0,655.0,687.0,692.0,737.0,738.0,764.0,780.0,799.0,815.0,871.0,896.0,906.0,935.0,941.0,959.0,960.0,967.0,968.0,977.0,992.0,
15.0,23.0,30.0,97.0,114.0,128.0,149.0,151.0,277.0,334.0,352.0,363.0,402.0,415.0,441.0,451.0,452.0,467.0,508.0,530.0,565.0,594.0,595.0,629.0,637.0,655.0,681.0,683.0,689.0,706.0,740.0,782.0,788.0,807.0,818.0,830.0,925.0,940.0,956.0,967.0,968.0,989.0,
10.0,18.0,103.0,105.0,126.0,144.0,198.0,241.0,255.0,256.0,353.0,373.0,385.0,396.0,399.0,427.0,452.0,478.0,484.0,515.0,571.0,606.0,616.0,637.0,678.0,683.0,736.0,738.0,746.0,753.0,762.0,798.0,806.0,836.0,846.0,848.0,910.0,938.0,
21.0,56.0,72.0,75.0,96.0,97.0,130.0,147.0,188.0,237.0,259.0,305.0,311.0,368.0,399.0,406.0,438.0,444.0,493.0,499.0,513.0,518.0,526.0,611.0,615.0,636.0,681.0,696.0,736.0,778.0,801.0,817.0,817.0,840.0,892.0,896.0,933.0,945.0,982.0,
28.0,45.0,63.0,77.0,92.0,125.0,180.0,289.0,293.0,298.0,299.0,351.0,395.0,430.0,432.0,448.0,487.0,501.0,561.0,582.0,650.0,704.0,724.0,735.0,768.0,772.0,811.0,852.0,906.0,909.0,917.0,925.0,977.0,983.0,
24.0,35.0,39.0,86.0,112.0,196.0,232.0,272.0,280.0,292.0,316.0,320.0,350.0,450.0,492.0,562.0,564.0,565.0,579.0,585.0,629.0,635.0,637.0,658.0,664.0,701.0,761.0,763.0,770.0,788.0,789.0,809.0,933.0,947.0,971.0,993.0,
53.0,124.0,154.0,190.0,216.0,240.0,268.0,283.0,299.0,306.0,346.0,352.0,380.0,388.0,392.0,401.0,407.0,445.0,463.0,477.0,504.0,526.0,527.0,567.0,572.0,582.0,608.0,633.0,668.0,692.0,738.0,754.0,775.0,807.0,877.0,905.0,
41.0,46.0,51.0,72.0,82.0,102.0,105.0,117.0,146.0,279.0,297.0,328.0,328.0,330.0,346.0,354.0,359.0,368.0,383.0,396.0,457.0,522.0,582.0,583.0,585.0,615.0,708.0,
29.0,46.0,64.0,75.0,94.0,97.0,148.0,162.0,165.0,171.0,192.0,197.0,271.0,367.0,397.0,403.0,417.0,474.0,488.0,495.0,518.0,522.0,537.0,601.0,610.0,619.0,645.0,654.0,691.0,709.0,750.0,788.0,835.0,850.0,896.0,924.0,930.0,973.0,
5.0,10.0,24.0,80.0,141.0,216.0,248.0,249.0,275.0,282.0,309.0,391.0,447.0,482.0,483.0,489.0,556.0,633.0,645.0,658.0,684.0,694.0,699.0,722.0,731.0,768.0,805.0,891.0,902.0,903.0,922.0,979.0,981.0,
52.0,94.0,107.0,148.0,159.0,185.0,198.0,236.0,237.0,241.0,243.0,261.0,286.0,358.0,458.0,474.0,483.0,497.0,528.0,531.0,535.0,537.0,539.0,546.0,580.0,591.0,603.0,608.0,629.0,633.0,661.0,698.0,743.0,766.0,803.0,814.0,815.0,829.0,833.0,845.0,877.0,933.0,970.0,988.0,988.0,
4.0,29.0,35.0,51.0,58.0,60.0,79.0,110.0,121.0,133.0,141.0,143.0,202.0,213.0,219.0,237.0,245.0,310.0,338.0,354.0,394.0,396.0,409.0,429.0,436.0,436.0,453.0,473.0,493.0,531.0,606.0,607.0,627.0,669.0,712.0,732.0,753.0,767.0,778.0,782.0,798.0,844.0,856.0,859.0,891.0,900.0,920.0,955.0,979.0,989.0,
37.0,39.0,81.0,87.0,104.0,117.0,128.0,191.0,220.0,222.0,223.0,242.0,259.0,267.0,279.0,413.0,494.0,502.0,542.0,551.0,569.0,578.0,604.0,742.0,802.0,830.0,840.0,893.0,898.0,934.0,968.0,974.0,998.0,
2.0,85.0,106.0,175.0,208.0,244.0,255.0,303.0,315.0,324.0,336.0,363.0,429.0,511.0,526.0,534.0,538.0,545.0,548.0,555.0,586.0,593.0,626.0,660.0,679.0,704.0,731.0,758.0,767.0,782.0,833.0,865.0,890.0,890.0,954.0,974.0,
109.0,110.0,119.0,121.0,128.0,156.0,157.0,169.0,176.0,201.0,239.0,245.0,258.0,270.0,286.0,351.0,425.0,434.0,436.0,446.0,455.0,460.0,492.0,493.0,504.0,528.0,530.0,556.0,589.0,621.0,629.0,631.0,669.0,734.0,740.0,780.0,800.0,803.0,819.0,853.0,860.0,892.0,901.0,944.0,972.0,988.0,
2.0,5.0,7.0,10.0,22.0,26.0,28.0,36.0,51.0,63.0,72.0,121.0,131.0,152.0,210.0,236.0,278.0,290.0,298.0,339.0,350.0,354.0,364.0,413.0,462.0,480.0,502.0,507.0,519.0,521.0,533.0,546.0,577.0,578.0,596.0,598.0,616.0,638.0,644.0,676.0,687.0,717.0,730.0,745.0,746.0,792.0,850.0,867.0,883.0,897.0,899.0,929.0,
13.0,30.0,82.0,147.0,175.0,212.0,265.0,292.0,294.0,301.0,324.0,355.0,361.0,370.0,400.0,441.0,502.0,530.0,590.0,612.0,617.0,680.0,698.0,703.0,790.0,891.0,900.0,939.0,956.0,
15.0,21.0,73.0,133.0,151.0,155.0,164.0,178.0,178.0,180.0,206.0,246.0,262.0,271.0,281.0,320.0,371.0,387.0,440.0,442.0,449.0,464.0,474.0,477.0,484.0,568.0,621.0,639.0,639.0,651.0,735.0,809.0,849.0,858.0,873.0,873.0,897.0,927.0,935.0,956.0,988.0,
32.0,39.0,48.0,99.0,135.0,207.0,209.0,221.0,271.0,323.0,365.0,399.0,422.0,430.0,433.0,442.0,480.0,536.0,538.0,565.0,572.0,636.0,666.0,685.0,707.0,734.0,757.0,780.0,791.0,829.0,906.0,914.0,921.0,923.0,932.0,944.0,986.0,995.0,998.0,998.0,
32.0,88.0,171.0,174.0,177.0,192.0,193.0,194.0,270.0,287.0,346.0,346.0,370.0,408.0,432.0,436.0,452.0,464.0,480.0,511.0,608.0,612.0,619.0,621.0,713.0,718.0,723.0,729.0,738.0,755.0,766.0,847.0,912.0,912.0,999.0,
47.0,83.0,94.0,102.0,110.0,110.0,117.0,134.0,173.0,215.0,216.0,228.0,269.0,293.0,297.0,336.0,338.0,370.0,371.0,379.0,397.0,449.0,452.0,557.0,560.0,573.0,602.0,638.0,649.0,653.0,684.0,793.0,803.0,830.0,856.0,912.0,919.0,925.0,955.0,959.0,
53.0,75.0,107.0,127.0,219.0,227.0,268.0,361.0,392.0,439.0,449.0,506.0,517.0,533.0,548.0,570.0,594.0,636.0,659.0,663.0,743.0,766.0,806.0,822.0,824.0,837.0,841.0,883.0,897.0,936.0,947.0,949.0,
16.0,33.0,73.0,92.0,140.0,153.0,201.0,213.0,350.0,355.0,367.0,420.0,434.0,442.0,466.0,467.0,603.0,605.0,637.0,668.0,701.0,718.0,744.0,744.0,766.0,769.0,773.0,789.0,805.0,831.0,845.0,858.0,860.0,911.0,941.0,
93.0,115.0,145.0,147.0,177.0,190.0,230.0,256.0,291.0,342.0,348.0,383.0,410.0,414.0,427.0,455.0,477.0,506.0,555.0,571.0,571.0,629.0,643.0,665.0,680.0,723.0,725.0,739.0,804.0,865.0,882.0,934.0,972.0,
44.0,80.0,145.0,150.0,157.0,224.0,229.0,236.0,287.0,309.0,321.0,359.0,385.0,393.0,403.0,549.0,587.0,636.0,637.0,673.0,697.0,786.0,789.0,800.0,829.0,835.0,898.0,986.0,
19.0,51.0,77.0,155.0,188.0,235.0,280.0,297.0,308.0,313.0,365.0,371.0,382.0,447.0,458.0,525.0,537.0,550.0,570.0,584.0,626.0,633.0,701.0,713.0,754.0,792.0,793.0,860.0,888.0,915.0,915.0,916.0,917.0,931.0,935.0,948.0,1000.0,
10.0,19.0,57.0,78.0,90.0,147.0,166.0,203.0,254.0,267.0,271.0,276.0,324.0,328.0,357.0,400.0,439.0,475.0,541.0,587.0,603.0,607.0,608.0,617.0,656.0,682.0,743.0,749.0,761.0,812.0,822.0,831.0,862.0,875.0,898.0,933.0,945.0,995.0,
57.0,58.0,63.0,68.0,96.0,97.0,115.0,214.0,247.0,278.0,316.0,336.0,345.0,456.0,482.0,492.0,502.0,516.0,538.0,547.0,548.0,603.0,626.0,638.0,661.0,664.0,672.0,673.0,674.0,693.0,694.0,699.0,700.0,725.0,741.0,805.0,813.0,826.0,842.0,863.0,868.0,873.0,885.0,911.0,922.0,963.0,966.0,
16.0,40.0,91.0,150.0,177.0,224.0,271.0,287.0,373.0,465.0,491.0,492.0,500.0,507.0,530.0,540.0,567.0,649.0,651.0,651.0,664.0,673.0,700.0,707.0,740.0,740.0,743.0,760.0,762.0,767.0,788.0,800.0,822.0,823.0,835.0,852.0,868.0,925.0,982.0,987.0,
11.0,26.0,45.0,93.0,124.0,161.0,178.0,181.0,266.0,268.0,286.0,303.0,320.0,372.0,407.0,498.0,570.0,593.0,692.0,731.0,769.0,775.0,818.0,830.0,867.0,898.0,924.0,959.0,960.0,
19.0,25.0,41.0,63.0,83.0,110.0,118.0,151.0,188.0,194.0,225.0,247.0,281.0,307.0,308.0,373.0,436.0,443.0,447.0,526.0,530.0,557.0,563.0,585.0,688.0,698.0,734.0,764.0,825.0,831.0,849.0,855.0,869.0,873.0,
12.0,45.0,77.0,120.0,120.0,148.0,157.0,195.0,265.0,267.0,343.0,344.0,371.0,409.0,419.0,441.0,603.0,631.0,679.0,701.0,774.0,782.0,788.0,793.0,828.0,869.0,882.0,891.0,923.0,935.0,946.0,956.0,971.0,997.0,
13.0,36.0,41.0,60.0,74.0,133.0,141.0,172.0,186.0,297.0,298.0,343.0,356.0,379.0,456.0,481.0,493.0,510.0,546.0,549.0,551.0,565.0,632.0,674.0,676.0,697.0,740.0,744.0,755.0,759.0,774.0,774.0,822.0,826.0,839.0,865.0,876.0,889.0,
21.0,24.0,40.0,44.0,45.0,112.0,140.0,202.0,207.0,241.0,242.0,252.0,299.0,336.0,349.0,366.0,387.0,401.0,461.0,462.0,467.0,472.0,477.0,482.0,514.0,516.0,517.0,525.0,528.0,539.0,547.0,568.0,571.0,575.0,590.0,599.0,645.0,675.0,717.0,742.0,756.0,796.0,807.0,855.0,861.0,882.0,915.0,937.0,941.0,
40.0,41.0,53.0,61.0,111.0,151.0,164.0,166.0,237.0,243.0,284.0,369.0,428.0,451.0,494.0,507.0,512.0,520.0,532.0,534.0,615.0,632.0,674.0,717.0,800.0,809.0,814.0,815.0,849.0,925.0,937.0,951.0,988.0,
14.0,60.0,64.0,86.0,142.0,183.0,188.0,193.0,207.0,226.0,250.0,268.0,287.0,331.0,340.0,417.0,430.0,436.0,451.0,456.0,474.0,487.0,526.0,526.0,542.0,595.0,609.0,616.0,623.0,627.0,637.0,640.0,656.0,685.0,691.0,697.0,701.0,740.0,780.0,843.0,877.0,887.0,918.0,925.0,981.0,990.0,
42.0,55.0,79.0,173.0,189.0,213.0,215.0,219.0,338.0,370.0,379.0,500.0,573.0,677.0,706.0,728.0,732.0,740.0,760.0,765.0,769.0,774.0,776.0,779.0,863.0,867.0,873.0,878.0,886.0,901.0,906.0,923.0,978.0,
11.0,14.0,24.0,48.0,58.0,81.0,92.0,138.0,154.0,197.0,243.0,249.0,252.0,292.0,301.0,320.0,360.0,374.0,424.0,459.0,522.0,526.0,541.0,542.0,546.0,571.0,581.0,617.0,621.0,637.0,647.0,675.0,677.0,707.0,768.0,772.0,784.0,828.0,834.0,882.0,908.0,931.0,944.0,974.0,
4.0,68.0,71.0,72.0,149.0,150.0,199.0,208.0,219.0,242.0,246.0,377.0,379.0,411.0,423.0,442.0,448.0,505.0,527.0,641.0,655.0,664.0,680.0,725.0,733.0,783.0,825.0,852.0,854.0,862.0,873.0,958.0,979.0,984.0,992.0,
19.0,59.0,69.0,70.0,72.0,91.0,141.0,156.0,207.0,260.0,312.0,314.0,337.0,339.0,366.0,411.0,434.0,513.0,540.0,546.0,547.0,582.0,599.0,600.0,614.0,622.0,646.0,659.0,692.0,785.0,812.0,851.0,862.0,896.0,908.0,967.0,
