50.0,167.0,193.0,209.0,216.0,313.0,364.0,380.0,385.0,386.0,418.0,482.0,562.0,577.0,615.0,617.0,724.0,795.0,917.0,952.0,962.0,986.0,993.0,
5.0,119.0,196.0,239.0,418.0,451.0,458.0,462.0,465.0,504.0,512.0,708.0,723.0,753.0,771.0,784.0,830.0,859.0,860.0,871.0,889.0,906.0,920.0,921.0,921.0,936.0,943.0,961.0,986.0,
8.0,11.0,13.0,54.0,57.0,83.0,106.0,121.0,122.0,128.0,142.0,170.0,184.0,205.0,259.0,287.0,295.0,361.0,368.0,396.0,449.0,484.0,487.0,492.0,511.0,520.0,529.0,553.0,556.0,600.0,604.0,644.0,660.0,672.0,753.0,777.0,792.0,809.0,815.0,897.0,916.0,946.0,951.0,994.0,
24.0,47.0,149.0,178.0,192.0,201.0,214.0,232.0,234.0,239.0,260.0,268.0,274.0,275.0,281.0,313.0,376.0,394.0,398.0,486.0,506.0,567.0,588.0,688.0,700.0,700.0,776.0,788.0,794.0,867.0,969.0,972.0,
5.0,17.0,45.0,84.0,116.0,151.0,274.0,297.0,306.0,326.0,344.0,351.0,377.0,402.0,410.0,463.0,466.0,480.0,497.0,518.0,565.0,573.0,580.0,599.0,703.0,728.0,739.0,784.0,785.0,790.0,793.0,808.0,819.0,819.0,839.0,861.0,886.0,890.0,924.0,924.0,954.0,1000.0,
14.0,31.0,134.0,181.0,181.0,185.0,206.0,232.0,256.0,299.0,359.0,380.0,390.0,409.0,412.0,429.0,484.0,549.0,577.0,586.0,634.0,637.0,672.0,722.0,727.0,730.0,739.0,750.0,791.0,818.0,842.0,845.0,846.0,881.0,935.0,976.0,988.0,
2.0,88.0,183.0,234.0,248.0,320.0,324.0,377.0,426.0,443.0,455.0,477.0,486.0,492.0,505.0,509.0,531.0,539.0,558.0,561.0,590.0,594.0,611.0,618.0,623.0,645.0,673.0,699.0,765.0,765.0,786.0,788.0,794.0,794.0,813.0,849.0,869.0,916.0,924.0,926.0,929.0,971.0,986.0,
10.0,41.0,156.0,167.0,168.0,235.0,261.0,285.0,298.0,375.0,414.0,437.0,443.0,445.0,453.0,470.0,494.0,503.0,557.0,559.0,563.0,571.0,670.0,684.0,695.0,807.0,849.0,860.0,885.0,886.0,905.0,909.0,975.0,983.0,994.0,999.0,
3.0,133.0,152.0,161.0,172.0,220.0,237.0,245.0,255.0,275.0,365.0,366.0,508.0,530.0,548.0,551.0,632.0,643.0,651.0,656.0,657.0,687.0,703.0,726.0,811.0,851.0,903.0,929.0,945.0,953.0,966.0,967.0,973.0,976.0,983.0,
9.0,36.0,47.0,49.0,92.0,96.0,107.0,120.0,131.0,151.0,174.0,178.0,201.0,246.0,286.0,308.0,311.0,343.0,345.0,357.0,443.0,472.0,504.0,544.0,579.0,587.0,634.0,636.0,639.0,643.0,662.0,687.0,693.0,704.0,717.0,787.0,837.0,850.0,966.0,972.0,
3.0,64.0,74.0,102.0,149.0,169.0,180.0,193.0,304.0,386.0,432.0,477.0,482.0,531.0,551.0,555.0,583.0,598.0,695.0,699.0,722.0,732.0,746.0,840.0,924.0,
11.0,17.0,26.0,178.0,214.0,256.0,270.0,327.0,347.0,351.0,410.0,413.0,432.0,443.0,492.0,562.0,586.0,626.0,645.0,708.0,744.0,906.0,957.0,980.0,992.0,
67.0,75.0,98.0,104.0,109.0,118.0,144.0,144.0,146.0,242.0,262.0,270.0,288.0,360.0,375.0,404.0,424.0,424.0,436.0,529.0,567.0,591.0,605.0,608.0,614.0,615.0,637.0,690.0,691.0,697.0,707.0,734.0,747.0,767.0,778.0,786.0,788.0,799.0,843.0,845.0,847.0,899.0,948.0,981.0,
118.0,183.0,255.0,262.0,287.0,332.0,351.0,364.0,439.0,494.0,501.0,520.0,563.0,579.0,596.0,607.0,618.0,627.0,627.0,651.0,696.0,704.0,722.0,773.0,780.0,798.0,822.0,835.0,865.0,888.0,926.0,
37.0,73.0,80.0,91.0,161.0,170.0,176.0,189.0,234.0,258.0,293.0,296.0,307.0,309.0,356.0,370.0,401.0,444.0,449.0,514.0,515.0,548.0,573.0,574.0,615.0,653.0,682.0,698.0,726.0,755.0,863.0,991.0,
73.0,103.0,129.0,142.0,144.0,149.0,213.0,223.0,224.0,224.0,230.0,268.0,272.0,282.0,372.0,412.0,431.0,435.0,451.0,477.0,480.0,563.0,592.0,594.0,612.0,624.0,625.0,638.0,667.0,675.0,820.0,836.0,839.0,847.0,867.0,877.0,945.0,983.0,
15.0,47.0,80.0,86.0,113.0,127.0,129.0,135.0,148.0,162.0,225.0,230.0,250.0,298.0,319.0,350.0,375.0,386.0,411.0,441.0,460.0,467.0,513.0,519.0,535.0,536.0,545.0,624.0,699.0,723.0,736.0,755.0,757.0,776.0,819.0,825.0,827.0,985.0,996.0,
11.0,12.0,19.0,64.0,73.0,77.0,105.0,205.0,211.0,226.0,260.0,323.0,362.0,365.0,412.0,430.0,433.0,485.0,512.0,530.0,642.0,645.0,671.0,749.0,766.0,780.0,803.0,875.0,883.0,908.0,938.0,952.0,959.0,
9.0,15.0,25.0,25.0,91.0,100.0,102.0,110.0,134.0,140.0,155.0,165.0,184.0,234.0,258.0,259.0,419.0,462.0,564.0,576.0,672.0,687.0,690.0,695.0,768.0,787.0,797.0,871.0,882.0,961.0,962.0,974.0,981.0,990.0,
81.0,84.0,99.0,108.0,118.0,141.0,178.0,205.0,230.0,254.0,280.0,293.0,296.0,367.0,411.0,420.0,461.0,502.0,529.0,535.0,583.0,598.0,618.0,622.0,626.0,637.0,663.0,669.0,674.0,687.0,740.0,759.0,772.0,810.0,817.0,833.0,838.0,855.0,929.0,943.0,
5.0,59.0,80.0,109.0,143.0,143.0,157.0,201.0,221.0,255.0,268.0,311.0,344.0,457.0,466.0,631.0,648.0,660.0,674.0,679.0,715.0,764.0,767.0,781.0,789.0,791.0,805.0,837.0,855.0,869.0,899.0,916.0,935.0,943.0,945.0,957.0,958.0,978.0,
10.0,28.0,39.0,47.0,180.0,205.0,235.0,276.0,307.0,313.0,337.0,365.0,368.0,412.0,426.0,427.0,440.0,475.0,479.0,515.0,535.0,562.0,568.0,601.0,709.0,729.0,837.0,837.0,838.0,847.0,874.0,913.0,989.0,
21.0,68.0,95.0,131.0,137.0,188.0,195.0,239.0,252.0,323.0,361.0,362.0,380.0,395.0,455.0,500.0,557.0,599.0,600.0,609.0,615.0,618.0,635.0,659.0,665.0,680.0,684.0,722.0,723.0,765.0,769.0,801.0,811.0,851.0,858.0,887.0,960.0,962.0,962.0,
28.0,51.0,85.0,144.0,146.0,175.0,267.0,274.0,281.0,311.0,414.0,450.0,532.0,541.0,562.0,603.0,690.0,701.0,730.0,733.0,759.0,782.0,804.0,825.0,840.0,869.0,932.0,955.0,979.0,986.0,994.0,
3.0,59.0,89.0,163.0,202.0,278.0,282.0,320.0,336.0,357.0,377.0,379.0,389.0,433.0,478.0,590.0,594.0,714.0,761.0,762.0,810.0,819.0,857.0,864.0,892.0,901.0,987.0,
28.0,54.0,63.0,87.0,92.0,139.0,140.0,149.0,156.0,161.0,163.0,172.0,189.0,227.0,278.0,294.0,356.0,395.0,402.0,426.0,450.0,541.0,544.0,625.0,658.0,714.0,739.0,787.0,810.0,822.0,846.0,918.0,964.0,
11.0,14.0,15.0,53.0,81.0,98.0,101.0,109.0,110.0,165.0,180.0,183.0,205.0,259.0,291.0,304.0,322.0,403.0,460.0,494.0,505.0,519.0,574.0,580.0,599.0,616.0,641.0,695.0,716.0,798.0,814.0,827.0,862.0,873.0,959.0,
14.0,45.0,71.0,125.0,126.0,192.0,215.0,259.0,277.0,306.0,345.0,383.0,395.0,407.0,442.0,506.0,583.0,657.0,678.0,700.0,706.0,714.0,716.0,720.0,730.0,732.0,759.0,797.0,844.0,858.0,859.0,860.0,927.0,931.0,938.0,
43.0,73.0,94.0,116.0,164.0,169.0,193.0,198.0,224.0,233.0,234.0,249.0,255.0,292.0,317.0,342.0,366.0,372.0,407.0,414.0,459.0,475.0,490.0,582.0,593.0,625.0,627.0,642.0,644.0,678.0,681.0,755.0,759.0,907.0,
6.0,27.0,174.0,248.0,252.0,279.0,316.0,324.0,354.0,380.0,399.0,456.0,495.0,496.0,511.0,518.0,519.0,540.0,581.0,589.0,608.0,651.0,704.0,713.0,757.0,780.0,859.0,864.0,881.0,917.0,959.0,974.0,975.0,979.0,
122.0,148.0,200.0,201.0,305.0,321.0,334.0,376.0,383.0,477.0,543.0,576.0,578.0,586.0,596.0,631.0,679.0,704.0,753.0,762.0,773.0,798.0,835.0,870.0,879.0,895.0,900.0,904.0,953.0,960.0,982.0,
107.0,117.0,160.0,200.0,261.0,319.0,327.0,360.0,367.0,368.0,373.0,382.0,398.0,414.0,416.0,429.0,461.0,461.0,503.0,507.0,534.0,544.0,567.0,589.0,668.0,680.0,687.0,793.0,818.0,843.0,908.0,993.0,
7.0,57.0,57.0,66.0,70.0,100.0,128.0,162.0,170.0,173.0,232.0,236.0,241.0,297.0,301.0,311.0,317.0,322.0,332.0,399.0,400.0,409.0,437.0,451.0,493.0,515.0,536.0,578.0,580.0,616.0,622.0,660.0,711.0,733.0,796.0,809.0,849.0,975.0,
32.0,36.0,70.0,78.0,79.0,134.0,207.0,213.0,224.0,247.0,310.0,328.0,346.0,361.0,386.0,391.0,445.0,508.0,521.0,556.0,605.0,608.0,611.0,632.0,638.0,739.0,747.0,825.0,837.0,844.0,873.0,876.0,878.0,898.0,911.0,948.0,979.0,1000.0,
70.0,120.0,120.0,140.0,146.0,146.0,153.0,183.0,198.0,265.0,276.0,294.0,322.0,332.0,355.0,365.0,388.0,423.0,423.0,453.0,466.0,473.0,560.0,570.0,605.0,618.0,620.0,645.0,653.0,696.0,740.0,774.0,792.0,910.0,914.0,926.0,977.0,978.0,
25.0,36.0,45.0,61.0,78.0,85.0,98.0,142.0,152.0,180.0,253.0,255.0,391.0,398.0,413.0,423.0,466.0,466.0,471.0,489.0,552.0,580.0,625.0,627.0,707.0,731.0,746.0,809.0,838.0,909.0,918.0,918.0,977.0,
23.0,74.0,102.0,108.0,109.0,113.0,144.0,146.0,160.0,174.0,191.0,230.0,247.0,293.0,314.0,359.0,372.0,394.0,424.0,504.0,517.0,563.0,626.0,683.0,728.0,741.0,745.0,747.0,788.0,830.0,834.0,858.0,868.0,875.0,884.0,957.0,970.0,987.0,990.0,
33.0,34.0,50.0,57.0,96.0,116.0,123.0,155.0,182.0,219.0,260.0,270.0,306.0,314.0,364.0,476.0,483.0,486.0,500.0,550.0,568.0,599.0,601.0,616.0,633.0,658.0,673.0,703.0,709.0,731.0,735.0,775.0,820.0,868.0,871.0,916.0,1000.0,
44.0,60.0,106.0,128.0,206.0,249.0,308.0,311.0,335.0,365.0,370.0,410.0,414.0,419.0,425.0,519.0,545.0,563.0,563.0,564.0,593.0,605.0,605.0,623.0,627.0,651.0,685.0,700.0,726.0,743.0,786.0,807.0,825.0,834.0,860.0,936.0,988.0,
2.0,88.0,133.0,141.0,201.0,220.0,224.0,244.0,256.0,269.0,284.0,334.0,364.0,373.0,390.0,405.0,432.0,452.0,482.0,513.0,532.0,546.0,614.0,619.0,628.0,653.0,656.0,739.0,768.0,954.0,
11.0,40.0,50.0,63.0,68.0,78.0,180.0,197.0,217.0,218.0,233.0,233.0,278.0,283.0,340.0,397.0,430.0,476.0,476.0,505.0,506.0,547.0,553.0,556.0,669.0,675.0,737.0,785.0,847.0,885.0,917.0,930.0,932.0,950.0,964.0,
73.0,134.0,183.0,207.0,224.0,227.0,246.0,276.0,287.0,315.0,316.0,319.0,334.0,338.0,348.0,433.0,468.0,521.0,589.0,590.0,592.0,600.0,617.0,634.0,680.0,692.0,812.0,842.0,867.0,895.0,977.0,989.0,992.0,996.0,
76.0,102.0,105.0,111.0,122.0,127.0,143.0,163.0,222.0,271.0,292.0,301.0,337.0,373.0,383.0,416.0,433.0,502.0,509.0,516.0,544.0,572.0,594.0,597.0,635.0,640.0,690.0,791.0,804.0,831.0,834.0,844.0,856.0,884.0,933.0,933.0,951.0,972.0,
28.0,30.0,32.0,48.0,75.0,104.0,105.0,136.0,158.0,192.0,199.0,242.0,269.0,305.0,321.0,328.0,329.0,345.0,368.0,374.0,403.0,417.0,445.0,452.0,567.0,586.0,621.0,621.0,651.0,721.0,729.0,738.0,759.0,764.0,799.0,817.0,829.0,888.0,954.0,
120.0,166.0,192.0,203.0,221.0,261.0,282.0,306.0,308.0,326.0,330.0,348.0,420.0,451.0,475.0,492.0,511.0,581.0,593.0,610.0,617.0,635.0,647.0,654.0,685.0,688.0,757.0,802.0,852.0,873.0,923.0,936.0,943.0,982.0,
12.0,38.0,39.0,60.0,106.0,172.0,271.0,284.0,293.0,333.0,335.0,338.0,344.0,361.0,362.0,368.0,377.0,380.0,395.0,412.0,419.0,424.0,483.0,492.0,532.0,533.0,549.0,557.0,558.0,579.0,600.0,602.0,609.0,615.0,635.0,645.0,651.0,663.0,665.0,688.0,805.0,833.0,844.0,858.0,922.0,934.0,980.0,988.0,997.0,
28.0,131.0,151.0,208.0,219.0,241.0,260.0,276.0,294.0,316.0,338.0,345.0,368.0,451.0,452.0,479.0,491.0,580.0,599.0,607.0,614.0,667.0,674.0,717.0,774.0,823.0,831.0,832.0,865.0,899.0,906.0,971.0,976.0,
8.0,12.0,35.0,40.0,46.0,69.0,98.0,122.0,129.0,240.0,240.0,306.0,314.0,331.0,353.0,368.0,370.0,374.0,385.0,471.0,524.0,555.0,557.0,567.0,572.0,588.0,677.0,704.0,707.0,731.0,837.0,860.0,864.0,917.0,920.0,925.0,949.0,955.0,981.0,
8.0,16.0,22.0,162.0,264.0,287.0,320.0,331.0,447.0,492.0,493.0,497.0,498.0,546.0,560.0,562.0,588.0,600.0,640.0,659.0,679.0,689.0,691.0,745.0,799.0,828.0,868.0,918.0,959.0,974.0,976.0,981.0,
69.0,153.0,162.0,170.0,194.0,207.0,265.0,292.0,308.0,331.0,333.0,421.0,470.0,481.0,517.0,531.0,532.0,550.0,551.0,565.0,573.0,579.0,580.0,644.0,656.0,677.0,771.0,782.0,783.0,785.0,802.0,821.0,837.0,838.0,847.0,855.0,890.0,921.0,928.0,966.0,992.0,
6.0,18.0,18.0,56.0,58.0,130.0,142.0,157.0,187.0,208.0,283.0,320.0,330.0,356.0,405.0,418.0,448.0,480.0,499.0,505.0,516.0,541.0,568.0,578.0,604.0,640.0,653.0,684.0,770.0,775.0,796.0,817.0,828.0,828.0,840.0,862.0,868.0,891.0,
21.0,52.0,54.0,102.0,133.0,134.0,216.0,273.0,279.0,300.0,309.0,326.0,359.0,381.0,449.0,450.0,567.0,577.0,614.0,618.0,624.0,642.0,667.0,687.0,744.0,792.0,852.0,858.0,864.0,912.0,913.0,915.0,918.0,994.0,996.0,
9.0,23.0,38.0,45.0,101.0,224.0,226.0,382.0,423.0,475.0,487.0,571.0,583.0,599.0,619.0,621.0,645.0,665.0,665.0,674.0,690.0,693.0,695.0,714.0,763.0,800.0,843.0,862.0,876.0,901.0,938.0,963.0,964.0,
24.0,42.0,72.0,119.0,188.0,249.0,259.0,315.0,323.0,328.0,340.0,406.0,408.0,444.0,478.0,485.0,504.0,520.0,586.0,665.0,704.0,722.0,723.0,741.0,755.0,757.0,763.0,767.0,774.0,778.0,806.0,817.0,843.0,852.0,870.0,891.0,910.0,972.0,990.0,
8.0,11.0,155.0,199.0,255.0,266.0,270.0,276.0,307.0,317.0,415.0,578.0,611.0,637.0,685.0,711.0,715.0,718.0,724.0,743.0,831.0,835.0,861.0,891.0,900.0,901.0,958.0,969.0,
33.0,89.0,100.0,163.0,206.0,212.0,239.0,251.0,296.0,300.0,318.0,336.0,341.0,346.0,372.0,372.0,404.0,405.0,447.0,574.0,628.0,677.0,786.0,874.0,887.0,901.0,914.0,925.0,940.0,
53.0,62.0,66.0,116.0,159.0,160.0,230.0,285.0,316.0,369.0,382.0,408.0,445.0,452.0,484.0,506.0,527.0,560.0,571.0,583.0,610.0,634.0,636.0,636.0,653.0,722.0,728.0,774.0,784.0,793.0,796.0,828.0,855.0,863.0,892.0,973.0,
24.0,87.0,90.0,125.0,158.0,173.0,184.0,213.0,223.0,252.0,258.0,275.0,275.0,313.0,332.0,338.0,347.0,391.0,415.0,533.0,572.0,575.0,580.0,590.0,622.0,637.0,659.0,667.0,669.0,681.0,685.0,693.0,720.0,750.0,796.0,816.0,879.0,890.0,
23.0,26.0,127.0,127.0,130.0,174.0,178.0,194.0,208.0,208.0,234.0,236.0,260.0,376.0,401.0,443.0,470.0,502.0,529.0,540.0,558.0,562.0,567.0,580.0,584.0,597.0,598.0,641.0,671.0,673.0,722.0,726.0,783.0,789.0,825.0,866.0,878.0,878.0,889.0,893.0,909.0,923.0,923.0,924.0,
36.0,52.0,54.0,70.0,75.0,124.0,137.0,173.0,174.0,196.0,259.0,279.0,293.0,324.0,334.0,337.0,411.0,421.0,451.0,459.0,468.0,477.0,484.0,490.0,536.0,543.0,567.0,573.0,574.0,577.0,588.0,604.0,717.0,833.0,892.0,955.0,
12.0,35.0,73.0,108.0,162.0,192.0,213.0,243.0,250.0,296.0,298.0,394.0,438.0,472.0,483.0,616.0,744.0,748.0,790.0,802.0,826.0,860.0,861.0,970.0,986.0,
39.0,43.0,79.0,145.0,215.0,258.0,313.0,328.0,337.0,349.0,361.0,411.0,451.0,472.0,528.0,533.0,543.0,577.0,582.0,612.0,624.0,647.0,657.0,705.0,716.0,765.0,776.0,779.0,794.0,808.0,811.0,835.0,917.0,920.0,977.0,989.0,
52.0,55.0,92.0,113.0,119.0,123.0,128.0,167.0,169.0,178.0,234.0,288.0,293.0,302.0,333.0,339.0,352.0,373.0,394.0,416.0,443.0,450.0,508.0,513.0,514.0,534.0,548.0,627.0,637.0,682.0,693.0,707.0,724.0,734.0,746.0,794.0,803.0,821.0,832.0,869.0,897.0,921.0,938.0,997.0,
4.0,7.0,21.0,36.0,54.0,55.0,76.0,77.0,93.0,169.0,185.0,196.0,197.0,198.0,202.0,214.0,216.0,232.0,284.0,285.0,386.0,389.0,402.0,421.0,512.0,554.0,560.0,585.0,585.0,595.0,600.0,639.0,664.0,678.0,701.0,712.0,758.0,760.0,774.0,876.0,900.0,966.0,973.0,976.0,
24.0,27.0,35.0,54.0,67.0,80.0,88.0,99.0,132.0,179.0,221.0,226.0,229.0,229.0,272.0,297.0,304.0,323.0,433.0,459.0,493.0,565.0,571.0,573.0,577.0,584.0,610.0,648.0,735.0,772.0,821.0,841.0,867.0,929.0,991.0,
2.0,41.0,131.0,136.0,159.0,189.0,250.0,283.0,304.0,306.0,313.0,336.0,380.0,385.0,391.0,414.0,507.0,624.0,627.0,666.0,672.0,723.0,780.0,794.0,815.0,842.0,914.0,933.0,990.0,
31.0,53.0,63.0,89.0,112.0,118.0,157.0,205.0,232.0,255.0,260.0,269.0,300.0,372.0,403.0,418.0,439.0,449.0,449.0,451.0,487.0,522.0,528.0,563.0,582.0,600.0,603.0,638.0,652.0,678.0,730.0,736.0,747.0,771.0,852.0,900.0,931.0,946.0,967.0,
35.0,56.0,56.0,134.0,195.0,238.0,253.0,319.0,320.0,463.0,464.0,465.0,478.0,493.0,505.0,535.0,568.0,572.0,607.0,635.0,677.0,711.0,716.0,719.0,726.0,767.0,819.0,853.0,881.0,
43.0,64.0,113.0,190.0,214.0,221.0,251.0,285.0,291.0,293.0,355.0,381.0,396.0,420.0,424.0,466.0,499.0,674.0,677.0,693.0,717.0,724.0,761.0,766.0,800.0,803.0,845.0,857.0,868.0,872.0,874.0,882.0,910.0,923.0,944.0,993.0,
62.0,96.0,182.0,194.0,271.0,298.0,301.0,304.0,366.0,385.0,395.0,417.0,419.0,429.0,486.0,486.0,503.0,551.0,554.0,585.0,588.0,600.0,654.0,654.0,660.0,735.0,747.0,770.0,907.0,908.0,961.0,965.0,967.0,987.0,989.0,
2.0,125.0,140.0,188.0,209.0,216.0,226.0,227.0,239.0,284.0,294.0,313.0,346.0,360.0,363.0,365.0,374.0,448.0,456.0,500.0,505.0,555.0,611.0,629.0,823.0,835.0,839.0,889.0,891.0,908.0,921.0,934.0,956.0,980.0,
4.0,43.0,56.0,76.0,99.0,114.0,125.0,153.0,159.0,168.0,220.0,230.0,295.0,379.0,398.0,416.0,427.0,434.0,463.0,504.0,522.0,558.0,569.0,596.0,627.0,683.0,692.0,704.0,705.0,731.0,734.0,780.0,808.0,838.0,900.0,904.0,927.0,940.0,972.0,
35.0,79.0,112.0,121.0,130.0,218.0,234.0,242.0,285.0,336.0,377.0,392.0,417.0,503.0,534.0,556.0,559.0,570.0,611.0,633.0,633.0,645.0,688.0,710.0,734.0,747.0,748.0,809.0,839.0,866.0,916.0,938.0,938.0,
112.0,171.0,179.0,183.0,189.0,215.0,219.0,221.0,226.0,288.0,298.0,301.0,302.0,321.0,349.0,363.0,388.0,393.0,394.0,415.0,490.0,491.0,507.0,509.0,517.0,586.0,596.0,685.0,687.0,728.0,746.0,750.0,808.0,887.0,912.0,940.0,977.0,993.0,995.0,1000.0,
8.0,21.0,168.0,210.0,223.0,229.0,239.0,399.0,442.0,459.0,500.0,533.0,548.0,579.0,648.0,675.0,684.0,685.0,707.0,736.0,832.0,885.0,889.0,912.0,913.0,
18.0,36.0,44.0,62.0,71.0,76.0,81.0,128.0,161.0,170.0,217.0,219.0,274.0,296.0,307.0,315.0,317.0,323.0,335.0,338.0,345.0,350.0,359.0,380.0,383.0,383.0,390.0,390.0,422.0,443.0,478.0,587.0,604.0,616.0,660.0,705.0,748.0,761.0,773.0,780.0,808.0,812.0,823.0,824.0,827.0,834.0,847.0,850.0,867.0,947.0,963.0,
19.0,56.0,83.0,96.0,102.0,111.0,113.0,115.0,133.0,173.0,178.0,238.0,258.0,270.0,309.0,314.0,338.0,340.0,355.0,377.0,384.0,386.0,390.0,404.0,411.0,487.0,495.0,501.0,509.0,518.0,533.0,604.0,626.0,642.0,662.0,673.0,679.0,713.0,727.0,745.0,778.0,785.0,794.0,827.0,849.0,879.0,920.0,988.0,
4.0,47.0,52.0,86.0,96.0,167.0,185.0,275.0,305.0,323.0,443.0,448.0,480.0,486.0,527.0,550.0,576.0,612.0,639.0,749.0,806.0,818.0,897.0,919.0,920.0,928.0,946.0,948.0,957.0,973.0,985.0,
6.0,68.0,140.0,168.0,171.0,190.0,273.0,284.0,286.0,298.0,308.0,356.0,398.0,398.0,435.0,441.0,452.0,472.0,480.0,506.0,549.0,576.0,587.0,596.0,642.0,646.0,672.0,731.0,735.0,749.0,785.0,807.0,832.0,834.0,859.0,862.0,884.0,898.0,958.0,970.0,971.0,977.0,996.0,
9.0,10.0,25.0,83.0,96.0,97.0,99.0,125.0,126.0,166.0,188.0,219.0,226.0,248.0,326.0,420.0,426.0,434.0,437.0,464.0,489.0,614.0,616.0,660.0,682.0,807.0,821.0,849.0,852.0,858.0,869.0,878.0,892.0,907.0,918.0,945.0,979.0,990.0,
45.0,102.0,105.0,114.0,116.0,141.0,183.0,188.0,219.0,242.0,259.0,265.0,299.0,315.0,326.0,334.0,336.0,350.0,361.0,377.0,390.0,390.0,436.0,439.0,439.0,449.0,459.0,482.0,498.0,511.0,516.0,557.0,600.0,605.0,616.0,645.0,667.0,718.0,743.0,764.0,764.0,772.0,781.0,813.0,853.0,862.0,865.0,883.0,899.0,905.0,922.0,
27.0,63.0,87.0,98.0,104.0,110.0,111.0,154.0,237.0,253.0,256.0,283.0,287.0,299.0,300.0,301.0,302.0,303.0,328.0,359.0,392.0,398.0,442.0,507.0,517.0,527.0,537.0,570.0,573.0,599.0,609.0,643.0,674.0,674.0,681.0,695.0,747.0,758.0,761.0,787.0,792.0,826.0,833.0,840.0,851.0,852.0,866.0,867.0,898.0,916.0,918.0,922.0,925.0,983.0,
45.0,61.0,73.0,77.0,84.0,88.0,93.0,147.0,164.0,258.0,269.0,318.0,377.0,390.0,451.0,466.0,473.0,493.0,498.0,500.0,559.0,584.0,587.0,627.0,738.0,752.0,757.0,778.0,778.0,787.0,788.0,820.0,824.0,838.0,850.0,860.0,866.0,871.0,904.0,929.0,978.0,995.0,
19.0,48.0,49.0,64.0,153.0,295.0,295.0,306.0,317.0,319.0,328.0,344.0,417.0,450.0,456.0,465.0,494.0,533.0,540.0,559.0,572.0,585.0,597.0,636.0,652.0,707.0,710.0,712.0,721.0,761.0,762.0,781.0,792.0,866.0,875.0,903.0,947.0,977.0,990.0,
11.0,35.0,78.0,85.0,133.0,177.0,224.0,225.0,255.0,261.0,340.0,340.0,365.0,371.0,420.0,459.0,474.0,477.0,509.0,509.0,632.0,789.0,851.0,885.0,902.0,903.0,954.0,970.0,984.0,988.0,
73.0,79.0,106.0,127.0,139.0,146.0,197.0,228.0,265.0,318.0,325.0,328.0,349.0,407.0,440.0,441.0,474.0,490.0,501.0,544.0,555.0,633.0,659.0,680.0,684.0,701.0,713.0,729.0,742.0,825.0,843.0,845.0,853.0,
7.0,35.0,39.0,62.0,81.0,129.0,145.0,160.0,281.0,337.0,358.0,374.0,376.0,388.0,412.0,413.0,470.0,479.0,485.0,495.0,525.0,629.0,630.0,630.0,652.0,655.0,657.0,744.0,750.0,810.0,822.0,826.0,828.0,838.0,909.0,915.0,949.0,950.0,958.0,970.0,987.0,
17.0,62.0,97.0,104.0,185.0,246.0,286.0,288.0,294.0,316.0,337.0,411.0,425.0,427.0,458.0,490.0,537.0,571.0,580.0,605.0,622.0,624.0,657.0,657.0,661.0,668.0,685.0,701.0,702.0,758.0,767.0,777.0,835.0,854.0,868.0,894.0,987.0,992.0,
52.0,69.0,79.0,82.0,108.0,117.0,119.0,174.0,232.0,254.0,260.0,314.0,336.0,462.0,482.0,491.0,536.0,537.0,538.0,561.0,763.0,764.0,817.0,829.0,887.0,891.0,923.0,934.0,964.0,
2.0,41.0,53.0,54.0,67.0,81.0,85.0,143.0,168.0,193.0,212.0,232.0,267.0,300.0,302.0,322.0,328.0,328.0,331.0,363.0,369.0,374.0,380.0,386.0,424.0,469.0,474.0,479.0,492.0,512.0,566.0,631.0,635.0,636.0,653.0,682.0,721.0,786.0,829.0,834.0,840.0,841.0,855.0,924.0,930.0,934.0,945.0,961.0,990.0,
18.0,24.0,44.0,65.0,71.0,123.0,134.0,179.0,209.0,277.0,280.0,305.0,343.0,397.0,432.0,462.0,475.0,496.0,523.0,551.0,625.0,630.0,653.0,692.0,737.0,794.0,802.0,839.0,857.0,888.0,896.0,919.0,946.0,967.0,994.0,997.0,
46.0,143.0,161.0,164.0,202.0,223.0,232.0,237.0,294.0,323.0,346.0,360.0,378.0,379.0,404.0,411.0,418.0,487.0,498.0,545.0,645.0,708.0,708.0,732.0,739.0,828.0,833.0,843.0,892.0,907.0,944.0,
31.0,48.0,50.0,66.0,104.0,133.0,152.0,152.0,166.0,190.0,197.0,219.0,296.0,303.0,307.0,359.0,372.0,394.0,409.0,427.0,432.0,513.0,552.0,581.0,650.0,680.0,701.0,730.0,825.0,827.0,828.0,835.0,849.0,849.0,858.0,859.0,862.0,876.0,879.0,929.0,956.0,978.0,979.0,987.0,995.0,996.0,
4.0,9.0,22.0,45.0,83.0,207.0,216.0,223.0,235.0,254.0,262.0,285.0,326.0,327.0,339.0,343.0,418.0,426.0,469.0,486.0,513.0,522.0,535.0,587.0,619.0,634.0,658.0,682.0,726.0,787.0,804.0,808.0,816.0,819.0,868.0,881.0,888.0,894.0,908.0,932.0,956.0,978.0,979.0,988.0,
39.0,61.0,74.0,76.0,98.0,104.0,111.0,124.0,127.0,127.0,146.0,155.0,177.0,182.0,220.0,223.0,250.0,275.0,291.0,293.0,350.0,353.0,354.0,423.0,436.0,467.0,508.0,511.0,621.0,629.0,637.0,664.0,684.0,696.0,773.0,819.0,829.0,843.0,911.0,914.0,943.0,958.0,972.0,976.0,1000.0,
2.0,64.0,93.0,97.0,110.0,168.0,189.0,203.0,262.0,351.0,416.0,475.0,494.0,502.0,541.0,570.0,582.0,590.0,596.0,599.0,612.0,663.0,707.0,719.0,722.0,724.0,731.0,731.0,789.0,790.0,794.0,839.0,847.0,866.0,990.0,
73.0,130.0,157.0,232.0,280.0,326.0,336.0,337.0,365.0,437.0,451.0,453.0,459.0,513.0,536.0,550.0,561.0,627.0,647.0,692.0,706.0,750.0,869.0,895.0,932.0,962.0,969.0,979.0,999.0,
4.0,84.0,141.0,229.0,236.0,301.0,322.0,357.0,390.0,413.0,419.0,425.0,486.0,495.0,513.0,513.0,564.0,570.0,610.0,642.0,661.0,838.0,943.0,959.0,
36.0,81.0,177.0,198.0,222.0,275.0,280.0,317.0,331.0,575.0,621.0,641.0,691.0,727.0,735.0,736.0,755.0,774.0,797.0,799.0,851.0,861.0,882.0,905.0,987.0,
73.0,87.0,109.0,121.0,124.0,140.0,286.0,380.0,409.0,415.0,437.0,437.0,442.0,480.0,500.0,506.0,521.0,534.0,540.0,603.0,620.0,624.0,651.0,677.0,736.0,739.0,761.0,772.0,775.0,804.0,826.0,842.0,852.0,879.0,881.0,884.0,888.0,893.0,900.0,950.0,972.0,979.0,
