41.0,48.0,97.0,177.0,197.0,223.0,271.0,274.0,290.0,298.0,310.0,351.0,363.0,377.0,403.0,414.0,426.0,435.0,439.0,473.0,485.0,575.0,679.0,716.0,750.0,772.0,793.0,809.0,875.0,878.0,878.0,878.0,896.0,896.0,954.0,981.0,982.0,
20.0,47.0,59.0,90.0,124.0,154.0,157.0,183.0,210.0,233.0,245.0,251.0,294.0,312.0,388.0,447.0,506.0,506.0,545.0,546.0,547.0,562.0,564.0,620.0,624.0,634.0,662.0,663.0,686.0,693.0,720.0,911.0,913.0,940.0,964.0,972.0,993.0,
32.0,34.0,69.0,91.0,108.0,137.0,143.0,154.0,182.0,255.0,256.0,314.0,385.0,430.0,433.0,433.0,457.0,481.0,485.0,490.0,498.0,543.0,544.0,580.0,581.0,640.0,677.0,740.0,776.0,796.0,798.0,805.0,861.0,908.0,934.0,
37.0,117.0,151.0,160.0,173.0,203.0,230.0,278.0,341.0,416.0,456.0,456.0,488.0,529.0,598.0,602.0,626.0,628.0,637.0,672.0,682.0,689.0,778.0,819.0,842.0,902.0,965.0,987.0,994.0,
40.0,50.0,65.0,71.0,83.0,108.0,138.0,188.0,216.0,236.0,299.0,341.0,364.0,366.0,378.0,384.0,419.0,488.0,498.0,564.0,566.0,578.0,607.0,634.0,650.0,657.0,667.0,686.0,811.0,820.0,843.0,855.0,856.0,870.0,905.0,913.0,914.0,931.0,935.0,948.0,959.0,
33.0,33.0,37.0,55.0,68.0,100.0,188.0,204.0,222.0,274.0,299.0,337.0,359.0,392.0,408.0,410.0,414.0,417.0,418.0,427.0,448.0,452.0,469.0,537.0,608.0,680.0,684.0,695.0,723.0,760.0,800.0,862.0,888.0,890.0,912.0,994.0,
34.0,45.0,68.0,83.0,105.0,119.0,146.0,147.0,210.0,246.0,258.0,290.0,355.0,397.0,444.0,444.0,533.0,547.0,550.0,567.0,658.0,662.0,673.0,712.0,721.0,736.0,755.0,823.0,840.0,877.0,937.0,940.0,973.0,976.0,977.0,992.0,
24.0,47.0,69.0,94.0,170.0,237.0,238.0,256.0,258.0,335.0,360.0,367.0,380.0,398.0,417.0,425.0,445.0,497.0,504.0,539.0,543.0,555.0,575.0,601.0,610.0,647.0,671.0,692.0,693.0,731.0,738.0,781.0,788.0,873.0,875.0,887.0,904.0,920.0,924.0,938.0,950.0,978.0,981.0,983.0,990.0,
120.0,123.0,205.0,218.0,269.0,310.0,362.0,409.0,416.0,448.0,454.0,457.0,470.0,521.0,545.0,578.0,580.0,637.0,710.0,711.0,712.0,724.0,744.0,782.0,806.0,830.0,836.0,870.0,883.0,934.0,935.0,945.0,
11.0,79.0,99.0,133.0,155.0,160.0,173.0,259.0,279.0,291.0,364.0,390.0,397.0,399.0,407.0,459.0,538.0,630.0,671.0,688.0,754.0,763.0,763.0,828.0,835.0,867.0,887.0,921.0,952.0,958.0,
12.0,28.0,56.0,82.0,98.0,184.0,212.0,255.0,293.0,353.0,358.0,413.0,439.0,450.0,460.0,471.0,487.0,524.0,526.0,531.0,604.0,681.0,700.0,701.0,726.0,805.0,813.0,814.0,827.0,871.0,874.0,886.0,893.0,920.0,935.0,976.0,
4.0,20.0,32.0,51.0,83.0,89.0,120.0,160.0,188.0,199.0,272.0,292.0,334.0,347.0,394.0,418.0,445.0,474.0,530.0,555.0,561.0,604.0,629.0,649.0,746.0,756.0,778.0,794.0,798.0,799.0,803.0,873.0,893.0,894.0,918.0,977.0,987.0,1000.0,
18.0,45.0,79.0,132.0,135.0,139.0,159.0,179.0,204.0,254.0,317.0,356.0,368.0,370.0,399.0,413.0,457.0,462.0,632.0,674.0,695.0,715.0,722.0,731.0,775.0,794.0,799.0,809.0,815.0,841.0,844.0,869.0,888.0,899.0,930.0,936.0,990.0,999.0,
29.0,40.0,58.0,81.0,107.0,117.0,130.0,138.0,141.0,148.0,240.0,247.0,253.0,304.0,325.0,327.0,327.0,343.0,392.0,443.0,459.0,474.0,475.0,475.0,483.0,508.0,560.0,564.0,589.0,611.0,632.0,703.0,747.0,758.0,765.0,809.0,838.0,847.0,855.0,863.0,864.0,929.0,948.0,984.0,
12.0,25.0,63.0,84.0,108.0,118.0,133.0,164.0,171.0,226.0,273.0,292.0,310.0,356.0,368.0,376.0,410.0,425.0,477.0,526.0,537.0,575.0,589.0,615.0,649.0,720.0,762.0,768.0,790.0,828.0,864.0,870.0,890.0,893.0,913.0,923.0,962.0,
3.0,11.0,24.0,60.0,92.0,100.0,112.0,142.0,212.0,236.0,244.0,293.0,398.0,414.0,424.0,460.0,486.0,513.0,577.0,579.0,580.0,632.0,670.0,672.0,700.0,711.0,732.0,732.0,811.0,835.0,840.0,845.0,874.0,882.0,886.0,940.0,
13.0,18.0,87.0,123.0,159.0,176.0,189.0,208.0,217.0,219.0,266.0,276.0,293.0,366.0,385.0,393.0,415.0,420.0,552.0,589.0,596.0,605.0,650.0,673.0,705.0,725.0,738.0,881.0,938.0,942.0,954.0,967.0,978.0,982.0,
103.0,105.0,129.0,140.0,151.0,191.0,199.0,204.0,240.0,242.0,310.0,368.0,381.0,398.0,434.0,495.0,507.0,529.0,556.0,563.0,684.0,706.0,710.0,716.0,765.0,794.0,797.0,854.0,943.0,951.0,957.0,999.0,
4.0,15.0,49.0,59.0,73.0,91.0,108.0,249.0,269.0,295.0,295.0,337.0,337.0,354.0,366.0,390.0,392.0,398.0,422.0,535.0,536.0,578.0,590.0,596.0,604.0,627.0,647.0,680.0,683.0,817.0,836.0,838.0,888.0,890.0,910.0,946.0,950.0,954.0,963.0,
23.0,66.0,77.0,83.0,119.0,122.0,146.0,150.0,161.0,281.0,296.0,303.0,466.0,479.0,532.0,540.0,563.0,569.0,575.0,647.0,665.0,703.0,714.0,715.0,726.0,763.0,765.0,779.0,793.0,809.0,856.0,908.0,916.0,942.0,951.0,980.0,983.0,
22.0,36.0,46.0,79.0,144.0,154.0,159.0,176.0,186.0,208.0,249.0,263.0,264.0,274.0,303.0,312.0,361.0,380.0,405.0,519.0,528.0,559.0,579.0,585.0,591.0,666.0,682.0,687.0,708.0,716.0,723.0,769.0,779.0,799.0,929.0,941.0,951.0,952.0,987.0,
6.0,9.0,129.0,130.0,192.0,194.0,239.0,241.0,307.0,320.0,333.0,360.0,387.0,388.0,393.0,398.0,433.0,469.0,484.0,497.0,497.0,534.0,603.0,636.0,665.0,671.0,706.0,713.0,725.0,729.0,795.0,811.0,865.0,867.0,873.0,926.0,982.0,
35.0,111.0,138.0,170.0,170.0,183.0,186.0,196.0,200.0,240.0,248.0,251.0,257.0,309.0,309.0,341.0,396.0,399.0,438.0,450.0,452.0,472.0,485.0,499.0,518.0,613.0,628.0,629.0,640.0,663.0,672.0,680.0,685.0,751.0,752.0,754.0,764.0,775.0,775.0,813.0,942.0,
102.0,141.0,207.0,255.0,255.0,300.0,324.0,326.0,327.0,384.0,387.0,389.0,391.0,449.0,482.0,482.0,491.0,510.0,533.0,573.0,588.0,632.0,655.0,658.0,662.0,672.0,720.0,724.0,727.0,729.0,741.0,742.0,754.0,831.0,841.0,880.0,931.0,
4.0,20.0,96.0,118.0,166.0,174.0,175.0,178.0,183.0,233.0,274.0,319.0,352.0,394.0,431.0,435.0,440.0,451.0,471.0,508.0,514.0,543.0,593.0,593.0,610.0,621.0,627.0,638.0,656.0,658.0,699.0,720.0,757.0,768.0,782.0,783.0,836.0,947.0,952.0,960.0,993.0,
31.0,36.0,151.0,155.0,181.0,257.0,348.0,362.0,405.0,430.0,430.0,449.0,533.0,562.0,616.0,622.0,631.0,678.0,683.0,692.0,706.0,710.0,716.0,747.0,749.0,808.0,833.0,852.0,868.0,901.0,959.0,970.0,991.0,
44.0,67.0,92.0,131.0,135.0,222.0,272.0,307.0,337.0,358.0,396.0,413.0,468.0,494.0,527.0,582.0,586.0,659.0,687.0,723.0,724.0,783.0,811.0,862.0,866.0,927.0,956.0,960.0,961.0,983.0,994.0,
6.0,100.0,116.0,131.0,234.0,256.0,296.0,304.0,305.0,349.0,356.0,393.0,411.0,449.0,450.0,455.0,488.0,499.0,509.0,528.0,535.0,629.0,656.0,755.0,799.0,829.0,837.0,900.0,908.0,916.0,928.0,939.0,967.0,
139.0,181.0,194.0,208.0,209.0,300.0,360.0,420.0,448.0,451.0,456.0,470.0,474.0,512.0,514.0,525.0,541.0,567.0,575.0,602.0,608.0,618.0,621.0,682.0,710.0,713.0,783.0,805.0,818.0,835.0,862.0,879.0,945.0,985.0,
62.0,97.0,104.0,115.0,135.0,191.0,201.0,240.0,315.0,322.0,355.0,404.0,445.0,448.0,452.0,572.0,606.0,620.0,624.0,631.0,705.0,711.0,750.0,792.0,802.0,823.0,858.0,866.0,882.0,913.0,938.0,952.0,965.0,976.0,990.0,
3.0,21.0,22.0,44.0,66.0,83.0,84.0,100.0,139.0,180.0,183.0,196.0,270.0,303.0,338.0,355.0,373.0,421.0,430.0,582.0,583.0,613.0,616.0,631.0,687.0,688.0,703.0,704.0,717.0,775.0,786.0,845.0,901.0,928.0,980.0,998.0,1000.0,
138.0,169.0,193.0,193.0,244.0,255.0,281.0,315.0,329.0,349.0,373.0,391.0,446.0,510.0,524.0,549.0,645.0,681.0,690.0,732.0,734.0,783.0,826.0,833.0,836.0,838.0,839.0,841.0,878.0,889.0,909.0,961.0,
24.0,35.0,67.0,69.0,104.0,205.0,229.0,244.0,267.0,292.0,316.0,323.0,344.0,345.0,382.0,387.0,395.0,418.0,427.0,459.0,462.0,469.0,545.0,560.0,565.0,576.0,630.0,666.0,668.0,669.0,674.0,719.0,741.0,762.0,774.0,832.0,935.0,941.0,953.0,962.0,987.0,
7.0,68.0,119.0,141.0,174.0,196.0,199.0,204.0,223.0,232.0,237.0,293.0,313.0,327.0,361.0,386.0,427.0,448.0,459.0,473.0,480.0,501.0,505.0,515.0,522.0,536.0,607.0,654.0,660.0,672.0,678.0,691.0,697.0,702.0,708.0,710.0,729.0,765.0,827.0,857.0,878.0,903.0,988.0,
19.0,64.0,90.0,95.0,98.0,98.0,118.0,158.0,289.0,301.0,321.0,327.0,429.0,468.0,471.0,474.0,524.0,525.0,555.0,638.0,640.0,662.0,731.0,837.0,846.0,847.0,891.0,913.0,932.0,933.0,979.0,994.0,999.0,
19.0,36.0,42.0,62.0,67.0,87.0,88.0,102.0,111.0,176.0,206.0,219.0,305.0,308.0,319.0,327.0,369.0,378.0,416.0,421.0,435.0,452.0,453.0,485.0,566.0,644.0,686.0,709.0,720.0,733.0,743.0,753.0,754.0,771.0,824.0,883.0,941.0,944.0,
60.0,141.0,151.0,187.0,206.0,219.0,229.0,255.0,290.0,296.0,298.0,310.0,438.0,456.0,533.0,533.0,601.0,678.0,690.0,697.0,756.0,770.0,834.0,840.0,881.0,919.0,993.0,
34.0,55.0,86.0,102.0,127.0,142.0,157.0,158.0,211.0,249.0,255.0,270.0,281.0,287.0,328.0,345.0,348.0,401.0,430.0,439.0,452.0,490.0,515.0,526.0,557.0,690.0,699.0,763.0,773.0,778.0,783.0,786.0,798.0,805.0,815.0,910.0,923.0,938.0,947.0,982.0,
14.0,60.0,74.0,120.0,189.0,207.0,244.0,251.0,285.0,291.0,369.0,376.0,380.0,385.0,388.0,422.0,431.0,440.0,454.0,471.0,476.0,495.0,522.0,535.0,541.0,546.0,559.0,646.0,813.0,825.0,890.0,926.0,940.0,
18.0,46.0,61.0,102.0,179.0,193.0,226.0,239.0,245.0,297.0,298.0,316.0,339.0,437.0,437.0,451.0,550.0,580.0,627.0,677.0,685.0,686.0,688.0,702.0,724.0,731.0,732.0,779.0,808.0,895.0,903.0,912.0,912.0,973.0,
15.0,38.0,43.0,58.0,83.0,93.0,115.0,120.0,140.0,157.0,158.0,164.0,178.0,178.0,204.0,206.0,209.0,225.0,235.0,236.0,247.0,285.0,289.0,328.0,368.0,369.0,446.0,521.0,558.0,598.0,628.0,646.0,663.0,684.0,753.0,823.0,838.0,868.0,898.0,903.0,905.0,957.0,966.0,
12.0,72.0,77.0,105.0,113.0,161.0,183.0,247.0,252.0,312.0,336.0,344.0,392.0,401.0,459.0,461.0,467.0,494.0,576.0,601.0,614.0,639.0,653.0,684.0,693.0,702.0,714.0,750.0,769.0,798.0,835.0,864.0,880.0,886.0,902.0,964.0,973.0,980.0,
71.0,77.0,92.0,94.0,113.0,123.0,124.0,126.0,163.0,176.0,181.0,205.0,208.0,270.0,282.0,285.0,291.0,378.0,397.0,468.0,484.0,551.0,584.0,600.0,607.0,703.0,704.0,724.0,730.0,733.0,753.0,767.0,781.0,808.0,856.0,867.0,882.0,912.0,949.0,998.0,
12.0,17.0,48.0,125.0,132.0,166.0,201.0,207.0,227.0,235.0,240.0,261.0,285.0,293.0,306.0,311.0,393.0,460.0,488.0,490.0,491.0,538.0,575.0,605.0,648.0,651.0,767.0,787.0,796.0,814.0,821.0,913.0,929.0,970.0,972.0,979.0,996.0,
26.0,45.0,57.0,73.0,129.0,160.0,177.0,181.0,241.0,293.0,307.0,361.0,365.0,371.0,385.0,412.0,493.0,560.0,633.0,648.0,651.0,673.0,706.0,766.0,797.0,822.0,835.0,836.0,890.0,910.0,921.0,947.0,
41.0,91.0,133.0,138.0,153.0,155.0,174.0,190.0,198.0,204.0,248.0,254.0,265.0,267.0,288.0,316.0,333.0,334.0,346.0,364.0,394.0,411.0,465.0,488.0,494.0,512.0,582.0,619.0,666.0,668.0,668.0,678.0,688.0,693.0,803.0,803.0,826.0,844.0,846.0,875.0,960.0,
70.0,83.0,98.0,189.0,192.0,246.0,253.0,343.0,352.0,366.0,422.0,459.0,476.0,515.0,526.0,537.0,541.0,553.0,580.0,585.0,598.0,620.0,638.0,647.0,668.0,673.0,684.0,720.0,736.0,743.0,751.0,790.0,805.0,805.0,811.0,817.0,822.0,828.0,829.0,830.0,878.0,930.0,
8.0,22.0,45.0,60.0,89.0,133.0,141.0,155.0,219.0,243.0,253.0,291.0,329.0,351.0,357.0,368.0,441.0,469.0,469.0,532.0,622.0,637.0,653.0,686.0,705.0,754.0,755.0,891.0,936.0,946.0,955.0,963.0,965.0,
6.0,58.0,96.0,114.0,116.0,133.0,135.0,212.0,242.0,247.0,250.0,263.0,275.0,278.0,296.0,305.0,326.0,350.0,358.0,366.0,403.0,405.0,406.0,424.0,444.0,477.0,499.0,511.0,546.0,650.0,655.0,667.0,704.0,705.0,729.0,737.0,754.0,755.0,809.0,829.0,833.0,856.0,891.0,910.0,918.0,968.0,979.0,994.0,
192.0,195.0,218.0,221.0,233.0,268.0,280.0,296.0,298.0,366.0,370.0,374.0,396.0,399.0,449.0,457.0,482.0,523.0,549.0,611.0,641.0,653.0,664.0,671.0,681.0,703.0,754.0,755.0,806.0,858.0,881.0,896.0,900.0,919.0,923.0,959.0,983.0,
10.0,15.0,61.0,98.0,116.0,121.0,151.0,183.0,208.0,231.0,233.0,245.0,253.0,272.0,282.0,403.0,412.0,420.0,442.0,459.0,472.0,529.0,540.0,580.0,586.0,674.0,686.0,778.0,787.0,789.0,845.0,873.0,920.0,946.0,967.0,981.0,991.0,
41.0,129.0,137.0,178.0,203.0,237.0,246.0,300.0,323.0,412.0,455.0,558.0,560.0,592.0,594.0,611.0,640.0,678.0,693.0,719.0,776.0,790.0,791.0,796.0,845.0,857.0,914.0,927.0,945.0,967.0,975.0,
3.0,8.0,19.0,105.0,150.0,195.0,212.0,223.0,242.0,260.0,350.0,367.0,381.0,389.0,412.0,428.0,452.0,497.0,517.0,519.0,548.0,556.0,570.0,583.0,678.0,690.0,739.0,751.0,785.0,796.0,860.0,895.0,899.0,920.0,921.0,999.0,
18.0,32.0,47.0,119.0,153.0,159.0,160.0,190.0,198.0,212.0,222.0,237.0,243.0,251.0,278.0,298.0,300.0,310.0,316.0,403.0,496.0,552.0,591.0,621.0,622.0,661.0,705.0,711.0,729.0,741.0,852.0,864.0,877.0,906.0,930.0,969.0,977.0,986.0,1000.0,
19.0,45.0,67.0,91.0,117.0,142.0,206.0,207.0,215.0,253.0,265.0,304.0,309.0,334.0,396.0,399.0,424.0,448.0,456.0,484.0,518.0,573.0,582.0,639.0,665.0,682.0,731.0,732.0,752.0,806.0,837.0,856.0,881.0,989.0,
19.0,66.0,102.0,103.0,115.0,160.0,177.0,204.0,251.0,256.0,301.0,307.0,309.0,341.0,456.0,465.0,506.0,508.0,510.0,
45.0,50.0,81.0,122.0,126.0,146.0,167.0,177.0,189.0,208.0,227.0,236.0,253.0,296.0,312.0,352.0,372.0,375.0,459.0,471.0,558.0,617.0,631.0,644.0,644.0,700.0,711.0,760.0,771.0,774.0,791.0,793.0,840.0,874.0,920.0,956.0,971.0,971.0,
24.0,27.0,80.0,86.0,93.0,188.0,255.0,278.0,283.0,286.0,292.0,340.0,344.0,346.0,351.0,382.0,386.0,455.0,521.0,568.0,603.0,610.0,634.0,646.0,666.0,669.0,686.0,687.0,772.0,784.0,797.0,849.0,890.0,890.0,908.0,915.0,926.0,
21.0,91.0,143.0,156.0,169.0,281.0,295.0,297.0,327.0,337.0,358.0,364.0,404.0,454.0,560.0,570.0,577.0,600.0,674.0,700.0,700.0,709.0,735.0,739.0,816.0,883.0,896.0,920.0,943.0,
6.0,8.0,8.0,112.0,198.0,224.0,260.0,268.0,285.0,285.0,309.0,323.0,331.0,336.0,378.0,403.0,488.0,501.0,509.0,554.0,596.0,616.0,633.0,637.0,641.0,683.0,708.0,750.0,751.0,767.0,769.0,774.0,792.0,810.0,812.0,823.0,828.0,892.0,960.0,970.0,
54.0,105.0,113.0,139.0,159.0,184.0,195.0,199.0,240.0,255.0,281.0,297.0,314.0,345.0,360.0,360.0,362.0,416.0,422.0,436.0,441.0,464.0,533.0,550.0,587.0,664.0,676.0,677.0,686.0,695.0,701.0,703.0,729.0,730.0,791.0,794.0,858.0,940.0,950.0,968.0,
3.0,8.0,12.0,23.0,46.0,47.0,62.0,67.0,73.0,74.0,104.0,105.0,124.0,124.0,127.0,171.0,231.0,240.0,252.0,292.0,330.0,347.0,407.0,456.0,465.0,497.0,587.0,593.0,594.0,620.0,671.0,714.0,767.0,767.0,767.0,781.0,827.0,841.0,895.0,910.0,987.0,988.0,
14.0,51.0,203.0,211.0,213.0,215.0,232.0,240.0,287.0,294.0,303.0,338.0,363.0,368.0,369.0,378.0,498.0,532.0,569.0,574.0,579.0,629.0,641.0,693.0,794.0,899.0,903.0,917.0,963.0,
20.0,36.0,72.0,190.0,192.0,223.0,246.0,282.0,288.0,335.0,336.0,364.0,409.0,445.0,482.0,608.0,631.0,659.0,669.0,692.0,770.0,778.0,903.0,911.0,913.0,968.0,
47.0,69.0,135.0,198.0,318.0,340.0,374.0,395.0,403.0,416.0,440.0,469.0,487.0,533.0,557.0,615.0,651.0,654.0,701.0,702.0,717.0,729.0,744.0,753.0,754.0,796.0,803.0,874.0,889.0,890.0,
8.0,13.0,15.0,43.0,351.0,371.0,377.0,380.0,396.0,413.0,434.0,437.0,459.0,483.0,483.0,588.0,591.0,641.0,697.0,728.0,728.0,769.0,782.0,793.0,814.0,814.0,838.0,867.0,888.0,901.0,963.0,
23.0,38.0,84.0,87.0,87.0,88.0,99.0,106.0,204.0,208.0,214.0,247.0,271.0,361.0,399.0,430.0,441.0,455.0,456.0,541.0,543.0,546.0,555.0,598.0,620.0,642.0,647.0,660.0,726.0,751.0,760.0,809.0,833.0,901.0,906.0,926.0,948.0,
86.0,93.0,137.0,151.0,175.0,182.0,221.0,268.0,275.0,291.0,304.0,369.0,375.0,437.0,505.0,511.0,554.0,623.0,633.0,641.0,679.0,691.0,702.0,718.0,773.0,779.0,804.0,815.0,820.0,873.0,908.0,921.0,937.0,969.0,988.0,
76.0,87.0,106.0,136.0,139.0,170.0,175.0,183.0,185.0,224.0,229.0,245.0,308.0,323.0,324.0,335.0,381.0,409.0,462.0,482.0,536.0,542.0,597.0,624.0,626.0,630.0,677.0,727.0,732.0,733.0,743.0,769.0,774.0,783.0,823.0,824.0,861.0,881.0,933.0,945.0,978.0,
5.0,13.0,23.0,52.0,65.0,90.0,97.0,143.0,154.0,155.0,162.0,183.0,209.0,234.0,273.0,302.0,324.0,363.0,382.0,399.0,436.0,442.0,462.0,490.0,520.0,565.0,587.0,597.0,646.0,667.0,728.0,738.0,792.0,795.0,797.0,830.0,831.0,863.0,880.0,904.0,934.0,946.0,981.0,993.0,995.0,
72.0,102.0,114.0,132.0,140.0,154.0,203.0,241.0,290.0,338.0,342.0,346.0,349.0,359.0,369.0,387.0,418.0,421.0,428.0,430.0,461.0,495.0,533.0,541.0,548.0,557.0,572.0,576.0,630.0,674.0,686.0,687.0,704.0,714.0,729.0,783.0,805.0,823.0,862.0,920.0,944.0,981.0,
53.0,93.0,95.0,117.0,121.0,189.0,263.0,280.0,305.0,310.0,335.0,362.0,410.0,458.0,468.0,468.0,523.0,599.0,641.0,645.0,646.0,648.0,672.0,677.0,716.0,725.0,758.0,785.0,800.0,805.0,833.0,874.0,886.0,949.0,
32.0,67.0,72.0,103.0,118.0,168.0,174.0,175.0,193.0,224.0,235.0,237.0,270.0,293.0,315.0,316.0,396.0,448.0,449.0,459.0,504.0,542.0,555.0,596.0,605.0,639.0,688.0,695.0,701.0,710.0,735.0,791.0,820.0,859.0,884.0,884.0,909.0,931.0,
30.0,39.0,47.0,64.0,83.0,120.0,131.0,140.0,169.0,182.0,185.0,193.0,199.0,344.0,399.0,448.0,451.0,480.0,483.0,506.0,508.0,534.0,555.0,579.0,618.0,632.0,645.0,650.0,657.0,686.0,692.0,709.0,736.0,798.0,809.0,856.0,864.0,922.0,926.0,945.0,999.0,
6.0,35.0,45.0,47.0,123.0,150.0,185.0,204.0,204.0,376.0,377.0,426.0,469.0,489.0,512.0,530.0,552.0,586.0,599.0,679.0,700.0,751.0,783.0,808.0,821.0,861.0,894.0,957.0,959.0,974.0,977.0,
41.0,42.0,83.0,140.0,148.0,175.0,261.0,271.0,271.0,292.0,292.0,294.0,316.0,341.0,382.0,393.0,413.0,451.0,474.0,476.0,519.0,521.0,527.0,541.0,572.0,637.0,660.0,670.0,683.0,768.0,782.0,802.0,816.0,873.0,994.0,
26.0,49.0,51.0,67.0,85.0,88.0,156.0,161.0,162.0,302.0,304.0,346.0,361.0,383.0,419.0,430.0,444.0,479.0,565.0,586.0,598.0,712.0,772.0,808.0,826.0,829.0,851.0,890.0,920.0,949.0,966.0,
16.0,16.0,34.0,47.0,48.0,87.0,147.0,216.0,238.0,240.0,257.0,279.0,283.0,345.0,352.0,422.0,437.0,451.0,481.0,632.0,636.0,671.0,699.0,715.0,729.0,744.0,777.0,851.0,955.0,971.0,986.0,996.0,
10.0,34.0,57.0,65.0,80.0,100.0,157.0,159.0,162.0,176.0,183.0,191.0,248.0,386.0,394.0,408.0,413.0,440.0,452.0,455.0,461.0,501.0,502.0,516.0,541.0,570.0,615.0,626.0,654.0,680.0,738.0,749.0,820.0,840.0,861.0,893.0,923.0,924.0,952.0,964.0,966.0,
48.0,53.0,98.0,111.0,124.0,195.0,236.0,238.0,274.0,276.0,287.0,306.0,312.0,338.0,381.0,397.0,400.0,461.0,465.0,468.0,480.0,507.0,508.0,529.0,532.0,534.0,539.0,600.0,618.0,620.0,623.0,655.0,671.0,714.0,724.0,733.0,761.0,764.0,768.0,778.0,792.0,792.0,817.0,820.0,826.0,827.0,840.0,841.0,850.0,882.0,892.0,893.0,931.0,952.0,964.0,971.0,972.0,976.0,
54.0,70.0,87.0,123.0,131.0,206.0,214.0,222.0,247.0,334.0,365.0,385.0,426.0,460.0,460.0,472.0,479.0,513.0,658.0,667.0,685.0,700.0,832.0,866.0,882.0,937.0,967.0,984.0,995.0,997.0,
13.0,27.0,31.0,73.0,111.0,150.0,159.0,179.0,224.0,244.0,255.0,282.0,299.0,305.0,316.0,325.0,388.0,456.0,468.0,480.0,530.0,537.0,567.0,579.0,580.0,584.0,640.0,666.0,668.0,672.0,690.0,716.0,758.0,762.0,779.0,804.0,837.0,884.0,885.0,954.0,997.0,
12.0,44.0,68.0,89.0,95.0,96.0,106.0,203.0,263.0,280.0,282.0,329.0,403.0,431.0,452.0,476.0,487.0,515.0,527.0,553.0,581.0,586.0,592.0,615.0,656.0,683.0,735.0,748.0,755.0,766.0,820.0,841.0,877.0,877.0,885.0,902.0,931.0,936.0,941.0,966.0,966.0,970.0,995.0,
2.0,42.0,44.0,52.0,61.0,162.0,193.0,196.0,210.0,269.0,270.0,271.0,285.0,348.0,367.0,388.0,428.0,436.0,441.0,457.0,480.0,498.0,534.0,545.0,553.0,607.0,660.0,687.0,699.0,703.0,738.0,742.0,783.0,783.0,783.0,787.0,814.0,872.0,954.0,966.0,
28.0,34.0,60.0,93.0,106.0,114.0,189.0,200.0,216.0,230.0,270.0,298.0,314.0,368.0,370.0,377.0,401.0,406.0,416.0,434.0,460.0,498.0,518.0,518.0,597.0,600.0,633.0,636.0,644.0,703.0,768.0,776.0,786.0,795.0,796.0,845.0,893.0,928.0,941.0,945.0,986.0,
22.0,55.0,63.0,84.0,157.0,216.0,248.0,259.0,331.0,360.0,404.0,433.0,439.0,444.0,464.0,495.0,507.0,510.0,540.0,568.0,619.0,622.0,644.0,667.0,686.0,721.0,747.0,828.0,886.0,969.0,
6.0,103.0,129.0,145.0,182.0,226.0,240.0,244.0,249.0,292.0,311.0,330.0,399.0,407.0,430.0,453.0,496.0,507.0,527.0,557.0,580.0,593.0,601.0,604.0,630.0,646.0,656.0,664.0,672.0,680.0,692.0,697.0,698.0,712.0,725.0,739.0,770.0,789.0,796.0,806.0,811.0,817.0,863.0,878.0,886.0,894.0,925.0,981.0,
9.0,14.0,14.0,38.0,40.0,140.0,165.0,175.0,193.0,220.0,221.0,272.0,289.0,291.0,306.0,324.0,342.0,350.0,350.0,372.0,382.0,440.0,443.0,452.0,469.0,472.0,479.0,489.0,510.0,540.0,553.0,599.0,601.0,604.0,628.0,661.0,668.0,672.0,685.0,705.0,718.0,722.0,739.0,746.0,776.0,779.0,817.0,859.0,902.0,903.0,948.0,948.0,966.0,972.0,995.0,
7.0,97.0,105.0,140.0,160.0,169.0,192.0,214.0,220.0,270.0,297.0,335.0,411.0,425.0,434.0,441.0,464.0,467.0,473.0,496.0,511.0,521.0,552.0,629.0,639.0,675.0,686.0,687.0,718.0,746.0,748.0,753.0,780.0,805.0,822.0,938.0,952.0,969.0,998.0,
77.0,111.0,118.0,119.0,141.0,182.0,186.0,205.0,235.0,288.0,335.0,479.0,484.0,546.0,584.0,737.0,757.0,759.0,773.0,775.0,784.0,794.0,824.0,868.0,879.0,880.0,892.0,902.0,907.0,918.0,942.0,971.0,991.0,
14.0,44.0,49.0,89.0,105.0,117.0,127.0,141.0,170.0,173.0,194.0,223.0,276.0,279.0,313.0,318.0,321.0,339.0,341.0,341.0,352.0,360.0,389.0,409.0,452.0,459.0,471.0,474.0,482.0,483.0,489.0,492.0,521.0,558.0,559.0,564.0,576.0,601.0,621.0,666.0,684.0,703.0,720.0,747.0,765.0,782.0,788.0,827.0,878.0,880.0,891.0,937.0,
6.0,7.0,32.0,32.0,47.0,61.0,100.0,115.0,119.0,138.0,185.0,202.0,216.0,251.0,267.0,293.0,318.0,332.0,341.0,359.0,397.0,417.0,429.0,447.0,486.0,505.0,513.0,525.0,529.0,538.0,542.0,543.0,547.0,625.0,722.0,759.0,786.0,792.0,808.0,876.0,940.0,943.0,948.0,950.0,958.0,969.0,972.0,
9.0,34.0,137.0,140.0,188.0,215.0,224.0,301.0,318.0,395.0,440.0,494.0,505.0,556.0,592.0,675.0,676.0,704.0,740.0,796.0,797.0,809.0,826.0,841.0,880.0,928.0,939.0,979.0,
65.0,95.0,169.0,191.0,199.0,209.0,259.0,260.0,263.0,284.0,294.0,359.0,363.0,376.0,424.0,432.0,440.0,445.0,458.0,558.0,562.0,603.0,610.0,617.0,618.0,649.0,777.0,820.0,852.0,859.0,888.0,893.0,911.0,975.0,1000.0,1000.0,
65.0,71.0,75.0,82.0,84.0,105.0,142.0,146.0,149.0,156.0,178.0,201.0,209.0,217.0,249.0,258.0,303.0,386.0,390.0,412.0,434.0,450.0,461.0,491.0,505.0,511.0,520.0,535.0,560.0,638.0,706.0,729.0,732.0,739.0,747.0,808.0,831.0,914.0,930.0,
49.0,62.0,78.0,79.0,161.0,221.0,243.0,279.0,314.0,314.0,314.0,329.0,354.0,362.0,376.0,457.0,475.0,488.0,500.0,520.0,546.0,634.0,654.0,681.0,707.0,709.0,726.0,787.0,793.0,819.0,830.0,897.0,898.0,918.0,977.0,
2.0,15.0,21.0,50.0,69.0,120.0,146.0,148.0,213.0,245.0,303.0,342.0,382.0,417.0,430.0,460.0,464.0,482.0,486.0,512.0,560.0,606.0,632.0,672.0,675.0,702.0,717.0,724.0,774.0,781.0,830.0,832.0,857.0,887.0,895.0,899.0,906.0,954.0,966.0,980.0,991.0,
10.0,19.0,25.0,78.0,79.0,84.0,124.0,144.0,173.0,290.0,308.0,337.0,437.0,447.0,459.0,481.0,504.0,520.0,538.0,546.0,585.0,640.0,702.0,735.0,785.0,828.0,845.0,921.0,933.0,941.0,
144.0,151.0,157.0,161.0,175.0,182.0,185.0,203.0,221.0,252.0,255.0,341.0,447.0,506.0,511.0,565.0,589.0,752.0,783.0,884.0,885.0,930.0,970.0,
4.0,89.0,97.0,140.0,154.0,164.0,164.0,229.0,313.0,454.0,484.0,500.0,505.0,522.0,544.0,544.0,560.0,562.0,572.0,648.0,655.0,668.0,710.0,724.0,759.0,766.0,779.0,829.0,836.0,873.0,888.0,888.0,
