5.0,89.0,103.0,138.0,145.0,158.0,173.0,225.0,262.0,298.0,312.0,330.0,351.0,402.0,415.0,420.0,432.0,457.0,474.0,487.0,492.0,522.0,531.0,535.0,539.0,605.0,628.0,641.0,641.0,658.0,674.0,688.0,708.0,723.0,767.0,767.0,822.0,828.0,839.0,954.0,962.0,
27.0,30.0,37.0,51.0,58.0,60.0,62.0,95.0,101.0,118.0,163.0,177.0,258.0,266.0,305.0,316.0,320.0,382.0,413.0,437.0,483.0,502.0,566.0,606.0,618.0,648.0,654.0,662.0,674.0,677.0,711.0,734.0,766.0,806.0,812.0,835.0,887.0,908.0,936.0,1000.0,
22.0,64.0,65.0,116.0,265.0,327.0,338.0,379.0,456.0,485.0,534.0,564.0,584.0,615.0,645.0,670.0,714.0,747.0,770.0,810.0,824.0,883.0,897.0,912.0,958.0,982.0,
117.0,118.0,129.0,155.0,183.0,312.0,333.0,352.0,483.0,496.0,541.0,615.0,645.0,676.0,771.0,806.0,810.0,830.0,839.0,867.0,885.0,891.0,907.0,914.0,949.0,972.0,974.0,982.0,
101.0,107.0,151.0,160.0,167.0,192.0,206.0,235.0,243.0,255.0,267.0,314.0,318.0,369.0,474.0,489.0,490.0,537.0,575.0,655.0,659.0,667.0,668.0,672.0,680.0,712.0,744.0,782.0,822.0,824.0,839.0,879.0,950.0,
57.0,80.0,85.0,89.0,209.0,210.0,244.0,246.0,257.0,274.0,330.0,373.0,418.0,422.0,460.0,466.0,478.0,568.0,600.0,727.0,741.0,757.0,763.0,770.0,807.0,870.0,887.0,888.0,901.0,918.0,992.0,
10.0,68.0,92.0,131.0,155.0,220.0,233.0,243.0,257.0,277.0,295.0,308.0,354.0,360.0,361.0,378.0,386.0,418.0,421.0,432.0,451.0,478.0,569.0,570.0,579.0,632.0,636.0,639.0,654.0,702.0,710.0,728.0,792.0,804.0,829.0,829.0,855.0,859.0,889.0,894.0,909.0,917.0,939.0,952.0,
127.0,156.0,178.0,184.0,189.0,199.0,199.0,225.0,241.0,261.0,268.0,270.0,271.0,304.0,320.0,341.0,372.0,376.0,385.0,413.0,460.0,511.0,595.0,634.0,708.0,720.0,725.0,766.0,847.0,959.0,961.0,
17.0,25.0,54.0,74.0,116.0,219.0,220.0,241.0,293.0,346.0,402.0,439.0,518.0,518.0,569.0,624.0,630.0,676.0,773.0,852.0,859.0,863.0,924.0,933.0,936.0,997.0,
28.0,42.0,59.0,94.0,128.0,146.0,162.0,175.0,186.0,191.0,196.0,241.0,256.0,346.0,386.0,415.0,442.0,470.0,567.0,627.0,689.0,690.0,690.0,725.0,844.0,850.0,897.0,903.0,909.0,
5.0,5.0,15.0,21.0,61.0,90.0,100.0,104.0,113.0,182.0,192.0,217.0,352.0,363.0,406.0,419.0,431.0,476.0,497.0,555.0,612.0,641.0,727.0,779.0,849.0,858.0,877.0,916.0,996.0,
10.0,16.0,39.0,51.0,105.0,126.0,136.0,158.0,253.0,260.0,294.0,303.0,307.0,314.0,315.0,349.0,351.0,374.0,381.0,470.0,473.0,481.0,529.0,534.0,544.0,662.0,690.0,699.0,747.0,782.0,798.0,816.0,849.0,902.0,920.0,923.0,926.0,965.0,966.0,981.0,981.0,993.0,
20.0,67.0,106.0,182.0,188.0,200.0,205.0,282.0,293.0,314.0,396.0,431.0,437.0,474.0,531.0,580.0,604.0,638.0,643.0,688.0,806.0,807.0,846.0,937.0,949.0,949.0,963.0,966.0,985.0,
12.0,71.0,91.0,107.0,118.0,151.0,157.0,193.0,196.0,198.0,201.0,207.0,216.0,246.0,257.0,261.0,269.0,286.0,347.0,377.0,390.0,392.0,395.0,427.0,436.0,457.0,471.0,548.0,555.0,559.0,574.0,599.0,600.0,609.0,645.0,651.0,656.0,676.0,713.0,780.0,828.0,878.0,892.0,896.0,928.0,973.0,979.0,
8.0,17.0,89.0,101.0,111.0,161.0,189.0,232.0,236.0,255.0,260.0,273.0,288.0,298.0,346.0,364.0,431.0,493.0,536.0,563.0,580.0,636.0,679.0,731.0,755.0,772.0,795.0,821.0,892.0,913.0,927.0,929.0,954.0,
27.0,57.0,69.0,126.0,139.0,150.0,161.0,205.0,239.0,356.0,361.0,401.0,417.0,428.0,445.0,518.0,521.0,548.0,550.0,558.0,571.0,600.0,642.0,656.0,660.0,668.0,744.0,776.0,783.0,803.0,839.0,840.0,861.0,887.0,913.0,
7.0,47.0,183.0,187.0,208.0,226.0,250.0,301.0,322.0,423.0,435.0,464.0,468.0,477.0,493.0,525.0,532.0,532.0,574.0,586.0,593.0,666.0,689.0,690.0,690.0,845.0,890.0,915.0,960.0,
20.0,55.0,85.0,120.0,123.0,126.0,129.0,139.0,198.0,324.0,341.0,355.0,362.0,366.0,414.0,433.0,450.0,477.0,513.0,548.0,571.0,579.0,594.0,598.0,604.0,653.0,694.0,699.0,729.0,806.0,832.0,850.0,866.0,898.0,906.0,909.0,912.0,929.0,930.0,946.0,949.0,987.0,
42.0,43.0,102.0,134.0,146.0,161.0,198.0,199.0,306.0,327.0,335.0,338.0,375.0,435.0,453.0,464.0,480.0,501.0,509.0,513.0,535.0,573.0,623.0,637.0,639.0,647.0,647.0,651.0,660.0,687.0,744.0,747.0,782.0,785.0,796.0,809.0,866.0,883.0,903.0,909.0,973.0,
35.0,69.0,107.0,163.0,218.0,227.0,230.0,299.0,321.0,330.0,556.0,562.0,571.0,574.0,589.0,611.0,739.0,742.0,747.0,756.0,772.0,825.0,851.0,915.0,937.0,975.0,987.0,
5.0,12.0,28.0,34.0,95.0,118.0,293.0,300.0,314.0,345.0,395.0,437.0,438.0,463.0,464.0,465.0,476.0,495.0,531.0,607.0,650.0,656.0,686.0,688.0,710.0,783.0,806.0,809.0,824.0,856.0,886.0,922.0,937.0,943.0,993.0,
6.0,11.0,65.0,98.0,106.0,113.0,157.0,194.0,231.0,238.0,275.0,302.0,303.0,340.0,343.0,418.0,453.0,465.0,501.0,522.0,555.0,580.0,597.0,637.0,708.0,736.0,814.0,827.0,842.0,842.0,882.0,889.0,909.0,936.0,951.0,962.0,
20.0,24.0,25.0,31.0,53.0,59.0,70.0,150.0,166.0,192.0,236.0,238.0,293.0,302.0,304.0,308.0,309.0,335.0,360.0,386.0,387.0,393.0,438.0,439.0,541.0,575.0,595.0,629.0,632.0,642.0,656.0,662.0,692.0,714.0,810.0,828.0,837.0,856.0,905.0,931.0,940.0,941.0,946.0,986.0,
77.0,79.0,104.0,156.0,186.0,214.0,218.0,263.0,292.0,292.0,382.0,400.0,404.0,488.0,534.0,581.0,622.0,630.0,631.0,637.0,638.0,729.0,753.0,756.0,762.0,763.0,796.0,797.0,825.0,842.0,855.0,859.0,950.0,968.0,983.0,
4.0,48.0,87.0,95.0,191.0,203.0,291.0,307.0,330.0,343.0,359.0,368.0,387.0,408.0,433.0,452.0,453.0,508.0,544.0,678.0,705.0,751.0,776.0,777.0,780.0,859.0,911.0,911.0,924.0,925.0,
8.0,30.0,67.0,116.0,118.0,194.0,314.0,328.0,342.0,357.0,386.0,402.0,410.0,434.0,437.0,455.0,480.0,499.0,523.0,527.0,541.0,555.0,593.0,612.0,644.0,658.0,665.0,689.0,728.0,731.0,747.0,750.0,762.0,785.0,794.0,854.0,858.0,872.0,885.0,930.0,942.0,
55.0,60.0,81.0,114.0,124.0,184.0,211.0,235.0,252.0,327.0,348.0,355.0,405.0,425.0,448.0,467.0,470.0,476.0,512.0,531.0,572.0,592.0,611.0,702.0,752.0,756.0,780.0,799.0,877.0,877.0,885.0,914.0,927.0,
10.0,10.0,58.0,85.0,121.0,164.0,180.0,183.0,197.0,222.0,292.0,294.0,304.0,307.0,338.0,340.0,362.0,407.0,479.0,496.0,566.0,639.0,689.0,710.0,723.0,761.0,778.0,784.0,798.0,899.0,906.0,912.0,927.0,930.0,946.0,962.0,963.0,981.0,
18.0,26.0,65.0,66.0,90.0,111.0,151.0,165.0,166.0,184.0,215.0,225.0,235.0,265.0,265.0,307.0,372.0,381.0,405.0,470.0,511.0,518.0,660.0,661.0,713.0,770.0,810.0,840.0,867.0,868.0,882.0,884.0,970.0,985.0,
9.0,37.0,49.0,67.0,70.0,80.0,114.0,119.0,125.0,157.0,219.0,265.0,322.0,344.0,349.0,350.0,362.0,372.0,380.0,383.0,449.0,467.0,470.0,487.0,492.0,503.0,515.0,593.0,619.0,632.0,653.0,664.0,678.0,716.0,724.0,867.0,882.0,882.0,892.0,923.0,926.0,971.0,
20.0,104.0,112.0,134.0,170.0,281.0,316.0,337.0,339.0,347.0,410.0,440.0,476.0,493.0,550.0,556.0,565.0,601.0,702.0,727.0,730.0,743.0,810.0,958.0,959.0,966.0,979.0,
4.0,19.0,50.0,64.0,71.0,174.0,186.0,260.0,288.0,317.0,390.0,421.0,431.0,522.0,523.0,538.0,554.0,581.0,585.0,587.0,609.0,635.0,715.0,748.0,761.0,796.0,805.0,806.0,863.0,876.0,878.0,927.0,933.0,968.0,
80.0,85.0,138.0,168.0,192.0,229.0,267.0,301.0,360.0,365.0,418.0,462.0,477.0,484.0,486.0,498.0,511.0,544.0,546.0,550.0,563.0,576.0,587.0,588.0,612.0,612.0,613.0,627.0,642.0,690.0,695.0,749.0,754.0,769.0,807.0,808.0,879.0,911.0,927.0,997.0,
57.0,83.0,85.0,97.0,133.0,136.0,214.0,275.0,278.0,295.0,309.0,318.0,407.0,472.0,476.0,486.0,499.0,499.0,509.0,511.0,524.0,527.0,529.0,543.0,562.0,625.0,658.0,677.0,694.0,697.0,705.0,722.0,761.0,772.0,845.0,862.0,871.0,885.0,904.0,997.0,
14.0,70.0,157.0,174.0,183.0,188.0,192.0,194.0,221.0,244.0,264.0,299.0,339.0,376.0,380.0,386.0,471.0,654.0,744.0,882.0,888.0,951.0,959.0,971.0,999.0,
15.0,18.0,19.0,23.0,27.0,62.0,146.0,148.0,162.0,200.0,205.0,233.0,278.0,291.0,337.0,337.0,347.0,360.0,371.0,406.0,471.0,576.0,636.0,647.0,652.0,687.0,711.0,716.0,718.0,722.0,731.0,744.0,763.0,777.0,778.0,800.0,807.0,809.0,823.0,841.0,841.0,847.0,857.0,869.0,903.0,904.0,950.0,
6.0,18.0,26.0,43.0,89.0,97.0,135.0,147.0,185.0,219.0,227.0,232.0,239.0,262.0,335.0,338.0,342.0,375.0,377.0,378.0,385.0,409.0,414.0,434.0,464.0,508.0,521.0,556.0,578.0,591.0,631.0,641.0,685.0,693.0,825.0,873.0,903.0,906.0,916.0,978.0,994.0,
34.0,61.0,73.0,78.0,86.0,131.0,135.0,178.0,182.0,231.0,231.0,249.0,264.0,325.0,399.0,429.0,431.0,481.0,581.0,752.0,768.0,775.0,776.0,863.0,868.0,889.0,893.0,913.0,956.0,986.0,
5.0,5.0,48.0,69.0,136.0,170.0,200.0,227.0,239.0,241.0,250.0,305.0,402.0,423.0,441.0,474.0,476.0,489.0,518.0,525.0,537.0,558.0,587.0,590.0,694.0,718.0,748.0,783.0,822.0,857.0,866.0,905.0,933.0,939.0,950.0,977.0,982.0,993.0,999.0,
12.0,31.0,58.0,87.0,96.0,119.0,120.0,155.0,265.0,275.0,286.0,305.0,401.0,403.0,406.0,416.0,418.0,436.0,446.0,455.0,458.0,464.0,503.0,510.0,601.0,629.0,644.0,769.0,778.0,793.0,867.0,957.0,958.0,974.0,985.0,
2.0,4.0,46.0,84.0,117.0,124.0,223.0,271.0,281.0,301.0,338.0,353.0,415.0,463.0,529.0,590.0,591.0,633.0,649.0,683.0,701.0,772.0,810.0,820.0,839.0,861.0,898.0,942.0,966.0,
58.0,68.0,149.0,175.0,194.0,207.0,241.0,287.0,292.0,301.0,357.0,381.0,396.0,474.0,497.0,513.0,520.0,524.0,543.0,590.0,688.0,694.0,711.0,721.0,739.0,751.0,754.0,764.0,815.0,819.0,886.0,896.0,905.0,905.0,961.0,963.0,
6.0,40.0,43.0,64.0,77.0,83.0,101.0,112.0,129.0,261.0,266.0,283.0,283.0,305.0,312.0,349.0,388.0,441.0,445.0,447.0,479.0,555.0,556.0,576.0,577.0,579.0,626.0,630.0,637.0,648.0,655.0,693.0,700.0,701.0,717.0,718.0,732.0,735.0,742.0,761.0,840.0,851.0,889.0,893.0,923.0,927.0,980.0,
16.0,18.0,24.0,27.0,28.0,53.0,61.0,69.0,75.0,87.0,105.0,128.0,132.0,152.0,165.0,168.0,182.0,241.0,275.0,278.0,305.0,326.0,358.0,438.0,454.0,482.0,488.0,552.0,574.0,635.0,786.0,791.0,794.0,804.0,925.0,941.0,952.0,964.0,982.0,
2.0,9.0,26.0,32.0,89.0,96.0,98.0,146.0,155.0,157.0,180.0,195.0,209.0,217.0,232.0,233.0,240.0,250.0,254.0,263.0,268.0,321.0,367.0,373.0,415.0,422.0,425.0,436.0,483.0,496.0,499.0,563.0,583.0,595.0,597.0,634.0,661.0,688.0,718.0,839.0,877.0,928.0,960.0,965.0,985.0,998.0,1000.0,
43.0,43.0,51.0,57.0,61.0,64.0,66.0,72.0,97.0,122.0,130.0,142.0,171.0,224.0,227.0,241.0,280.0,311.0,317.0,389.0,402.0,430.0,443.0,471.0,500.0,560.0,749.0,776.0,791.0,816.0,829.0,836.0,849.0,859.0,866.0,942.0,987.0,997.0,
13.0,64.0,72.0,88.0,90.0,107.0,124.0,143.0,144.0,145.0,194.0,221.0,350.0,362.0,368.0,380.0,428.0,442.0,460.0,469.0,477.0,482.0,485.0,493.0,503.0,517.0,524.0,534.0,569.0,579.0,615.0,634.0,645.0,679.0,684.0,694.0,697.0,710.0,717.0,798.0,804.0,810.0,819.0,843.0,859.0,900.0,925.0,937.0,944.0,973.0,994.0,995.0,
49.0,66.0,78.0,161.0,205.0,228.0,275.0,281.0,371.0,388.0,396.0,426.0,446.0,465.0,465.0,469.0,473.0,483.0,492.0,514.0,522.0,547.0,559.0,584.0,597.0,613.0,619.0,665.0,696.0,770.0,823.0,836.0,849.0,851.0,898.0,988.0,
91.0,142.0,165.0,170.0,190.0,225.0,290.0,291.0,307.0,374.0,418.0,427.0,456.0,464.0,486.0,488.0,495.0,522.0,552.0,578.0,581.0,603.0,615.0,625.0,626.0,692.0,730.0,735.0,765.0,773.0,868.0,906.0,909.0,910.0,930.0,994.0,
14.0,21.0,98.0,104.0,133.0,134.0,149.0,159.0,197.0,225.0,258.0,300.0,322.0,324.0,354.0,361.0,368.0,386.0,429.0,463.0,514.0,537.0,604.0,612.0,621.0,653.0,658.0,720.0,721.0,735.0,752.0,756.0,963.0,966.0,972.0,976.0,
40.0,62.0,69.0,111.0,113.0,149.0,190.0,197.0,252.0,279.0,288.0,320.0,324.0,347.0,376.0,383.0,417.0,451.0,456.0,529.0,586.0,591.0,627.0,628.0,668.0,702.0,716.0,716.0,732.0,815.0,840.0,920.0,924.0,935.0,
25.0,69.0,92.0,114.0,137.0,152.0,188.0,208.0,227.0,261.0,272.0,294.0,310.0,324.0,370.0,388.0,404.0,404.0,421.0,422.0,450.0,461.0,465.0,466.0,466.0,509.0,526.0,530.0,572.0,605.0,608.0,643.0,691.0,703.0,824.0,858.0,863.0,869.0,911.0,975.0,
68.0,117.0,123.0,179.0,201.0,237.0,261.0,269.0,272.0,278.0,278.0,289.0,300.0,306.0,320.0,329.0,346.0,358.0,369.0,390.0,429.0,444.0,492.0,494.0,517.0,555.0,631.0,687.0,721.0,724.0,788.0,815.0,822.0,846.0,851.0,869.0,881.0,888.0,889.0,899.0,901.0,938.0,941.0,953.0,964.0,969.0,
4.0,11.0,106.0,136.0,138.0,140.0,200.0,210.0,228.0,238.0,251.0,254.0,276.0,293.0,312.0,327.0,379.0,388.0,453.0,505.0,527.0,555.0,582.0,604.0,634.0,662.0,828.0,832.0,836.0,845.0,860.0,867.0,868.0,948.0,
2.0,3.0,51.0,81.0,181.0,207.0,218.0,259.0,289.0,298.0,301.0,312.0,321.0,343.0,369.0,387.0,400.0,417.0,418.0,422.0,439.0,446.0,447.0,484.0,485.0,489.0,512.0,564.0,565.0,573.0,580.0,596.0,628.0,647.0,710.0,765.0,792.0,900.0,919.0,973.0,975.0,994.0,998.0,
48.0,56.0,64.0,94.0,95.0,129.0,139.0,288.0,336.0,358.0,377.0,402.0,413.0,420.0,423.0,452.0,467.0,484.0,487.0,492.0,501.0,806.0,969.0,
27.0,35.0,42.0,43.0,44.0,46.0,50.0,90.0,136.0,144.0,159.0,207.0,250.0,315.0,320.0,351.0,479.0,554.0,569.0,576.0,617.0,651.0,669.0,682.0,689.0,729.0,748.0,754.0,765.0,792.0,826.0,827.0,844.0,879.0,901.0,906.0,952.0,
26.0,92.0,115.0,171.0,173.0,182.0,187.0,193.0,193.0,225.0,263.0,313.0,315.0,318.0,322.0,364.0,420.0,441.0,446.0,523.0,530.0,532.0,581.0,587.0,627.0,668.0,743.0,817.0,828.0,859.0,932.0,945.0,945.0,
14.0,19.0,28.0,35.0,41.0,79.0,89.0,215.0,233.0,271.0,272.0,313.0,372.0,451.0,521.0,533.0,576.0,602.0,615.0,648.0,677.0,682.0,730.0,742.0,756.0,772.0,777.0,794.0,800.0,812.0,826.0,838.0,857.0,872.0,904.0,904.0,922.0,981.0,
25.0,39.0,56.0,106.0,168.0,188.0,208.0,208.0,217.0,250.0,270.0,387.0,397.0,406.0,407.0,428.0,452.0,456.0,456.0,482.0,497.0,506.0,514.0,529.0,534.0,569.0,572.0,576.0,614.0,615.0,647.0,664.0,709.0,720.0,770.0,773.0,803.0,819.0,837.0,867.0,893.0,909.0,946.0,951.0,951.0,966.0,
15.0,54.0,89.0,95.0,163.0,174.0,184.0,206.0,261.0,293.0,305.0,311.0,346.0,373.0,375.0,379.0,380.0,413.0,444.0,448.0,489.0,489.0,609.0,616.0,654.0,668.0,674.0,712.0,739.0,812.0,836.0,847.0,866.0,880.0,908.0,
77.0,80.0,90.0,92.0,112.0,146.0,164.0,181.0,221.0,234.0,261.0,316.0,369.0,381.0,385.0,420.0,424.0,468.0,486.0,525.0,582.0,595.0,606.0,630.0,648.0,773.0,780.0,822.0,856.0,936.0,938.0,946.0,948.0,966.0,969.0,
5.0,109.0,137.0,140.0,165.0,183.0,202.0,224.0,235.0,270.0,275.0,293.0,347.0,386.0,429.0,431.0,465.0,472.0,479.0,493.0,569.0,571.0,623.0,624.0,647.0,653.0,709.0,744.0,759.0,760.0,789.0,796.0,802.0,824.0,863.0,925.0,932.0,943.0,945.0,970.0,
50.0,54.0,55.0,69.0,72.0,85.0,88.0,126.0,141.0,161.0,177.0,192.0,233.0,241.0,260.0,307.0,344.0,365.0,420.0,531.0,553.0,554.0,621.0,623.0,645.0,668.0,720.0,753.0,760.0,766.0,853.0,916.0,937.0,960.0,975.0,
25.0,69.0,95.0,95.0,102.0,108.0,135.0,160.0,171.0,171.0,173.0,204.0,240.0,241.0,244.0,300.0,377.0,382.0,387.0,462.0,492.0,500.0,514.0,529.0,536.0,538.0,540.0,558.0,563.0,598.0,670.0,740.0,745.0,757.0,796.0,797.0,799.0,832.0,905.0,949.0,999.0,
7.0,9.0,52.0,72.0,164.0,173.0,208.0,220.0,243.0,264.0,337.0,435.0,506.0,532.0,536.0,540.0,618.0,623.0,628.0,633.0,634.0,655.0,662.0,725.0,747.0,774.0,789.0,794.0,820.0,824.0,889.0,898.0,942.0,968.0,976.0,
25.0,48.0,149.0,165.0,183.0,219.0,243.0,248.0,278.0,297.0,326.0,343.0,352.0,402.0,402.0,407.0,486.0,515.0,517.0,518.0,545.0,612.0,613.0,617.0,625.0,656.0,705.0,710.0,715.0,717.0,722.0,729.0,734.0,849.0,889.0,937.0,972.0,
13.0,30.0,82.0,96.0,101.0,136.0,217.0,264.0,265.0,267.0,296.0,296.0,322.0,432.0,455.0,480.0,493.0,514.0,544.0,549.0,550.0,553.0,561.0,570.0,571.0,635.0,645.0,692.0,733.0,793.0,817.0,841.0,858.0,875.0,959.0,984.0,991.0,
47.0,54.0,64.0,64.0,145.0,162.0,177.0,184.0,188.0,199.0,237.0,248.0,273.0,293.0,314.0,383.0,410.0,428.0,448.0,454.0,482.0,490.0,500.0,589.0,595.0,619.0,635.0,663.0,665.0,671.0,703.0,737.0,739.0,758.0,807.0,949.0,
54.0,64.0,89.0,140.0,143.0,186.0,219.0,228.0,229.0,247.0,252.0,255.0,325.0,368.0,374.0,402.0,405.0,624.0,666.0,671.0,673.0,675.0,686.0,700.0,723.0,794.0,797.0,800.0,802.0,802.0,832.0,840.0,843.0,860.0,902.0,910.0,951.0,960.0,968.0,
13.0,67.0,102.0,183.0,190.0,195.0,322.0,401.0,410.0,411.0,449.0,477.0,491.0,545.0,561.0,565.0,590.0,606.0,628.0,641.0,672.0,716.0,770.0,822.0,873.0,909.0,945.0,971.0,984.0,1000.0,
8.0,20.0,29.0,55.0,59.0,116.0,165.0,170.0,224.0,230.0,273.0,392.0,401.0,432.0,514.0,537.0,567.0,582.0,585.0,611.0,659.0,663.0,735.0,760.0,790.0,853.0,867.0,897.0,910.0,912.0,953.0,962.0,965.0,977.0,978.0,991.0,
5.0,8.0,27.0,60.0,77.0,100.0,180.0,199.0,216.0,251.0,272.0,315.0,370.0,405.0,445.0,572.0,601.0,606.0,673.0,709.0,747.0,748.0,775.0,805.0,999.0,
63.0,72.0,108.0,178.0,212.0,226.0,288.0,305.0,323.0,375.0,401.0,412.0,416.0,489.0,501.0,509.0,513.0,589.0,604.0,686.0,716.0,719.0,732.0,793.0,799.0,843.0,855.0,862.0,916.0,948.0,955.0,957.0,964.0,980.0,984.0,
18.0,53.0,57.0,80.0,133.0,146.0,150.0,158.0,163.0,173.0,296.0,370.0,376.0,379.0,383.0,394.0,431.0,442.0,474.0,480.0,520.0,535.0,558.0,559.0,565.0,570.0,577.0,619.0,644.0,659.0,668.0,683.0,697.0,703.0,707.0,759.0,770.0,821.0,864.0,892.0,908.0,911.0,925.0,972.0,996.0,
50.0,60.0,121.0,138.0,188.0,197.0,219.0,243.0,287.0,290.0,295.0,308.0,369.0,425.0,448.0,493.0,499.0,531.0,562.0,573.0,574.0,606.0,697.0,744.0,751.0,755.0,761.0,763.0,772.0,802.0,831.0,840.0,844.0,877.0,943.0,953.0,972.0,
20.0,67.0,125.0,167.0,181.0,186.0,197.0,201.0,216.0,310.0,337.0,343.0,354.0,438.0,465.0,469.0,506.0,587.0,612.0,614.0,730.0,755.0,773.0,776.0,797.0,800.0,855.0,865.0,871.0,885.0,918.0,963.0,967.0,975.0,994.0,
2.0,15.0,17.0,40.0,48.0,84.0,104.0,110.0,121.0,123.0,125.0,142.0,227.0,236.0,239.0,243.0,247.0,261.0,282.0,300.0,332.0,383.0,402.0,453.0,502.0,521.0,522.0,549.0,575.0,618.0,697.0,729.0,735.0,781.0,812.0,823.0,829.0,854.0,865.0,872.0,900.0,903.0,952.0,972.0,
11.0,35.0,65.0,68.0,74.0,146.0,219.0,245.0,267.0,328.0,370.0,389.0,407.0,474.0,477.0,496.0,525.0,527.0,528.0,538.0,539.0,551.0,556.0,559.0,634.0,649.0,662.0,677.0,693.0,748.0,852.0,915.0,918.0,950.0,999.0,
52.0,150.0,151.0,169.0,254.0,282.0,322.0,367.0,384.0,385.0,479.0,486.0,510.0,546.0,585.0,590.0,601.0,691.0,700.0,733.0,736.0,794.0,813.0,825.0,920.0,941.0,970.0,986.0,990.0,990.0,995.0,
38.0,60.0,83.0,123.0,123.0,174.0,211.0,236.0,272.0,275.0,315.0,326.0,341.0,361.0,397.0,419.0,431.0,463.0,488.0,492.0,502.0,526.0,558.0,572.0,594.0,595.0,604.0,627.0,638.0,702.0,723.0,802.0,812.0,818.0,859.0,888.0,911.0,945.0,968.0,
72.0,80.0,141.0,168.0,201.0,234.0,244.0,252.0,253.0,253.0,263.0,321.0,340.0,393.0,404.0,424.0,454.0,456.0,475.0,496.0,503.0,543.0,563.0,564.0,567.0,578.0,595.0,619.0,624.0,680.0,691.0,704.0,727.0,757.0,792.0,828.0,839.0,871.0,877.0,928.0,961.0,972.0,979.0,999.0,
11.0,12.0,22.0,47.0,96.0,137.0,178.0,192.0,249.0,273.0,291.0,309.0,340.0,351.0,369.0,370.0,372.0,388.0,406.0,461.0,473.0,481.0,532.0,584.0,598.0,621.0,636.0,649.0,743.0,755.0,766.0,772.0,820.0,856.0,920.0,
33.0,66.0,99.0,127.0,192.0,201.0,225.0,239.0,291.0,319.0,361.0,382.0,410.0,413.0,444.0,473.0,496.0,528.0,537.0,539.0,543.0,579.0,582.0,588.0,597.0,637.0,680.0,681.0,684.0,691.0,711.0,781.0,804.0,818.0,866.0,887.0,896.0,932.0,
39.0,51.0,63.0,115.0,133.0,168.0,169.0,174.0,194.0,206.0,208.0,242.0,275.0,283.0,298.0,382.0,396.0,413.0,428.0,475.0,483.0,484.0,517.0,544.0,589.0,678.0,702.0,718.0,724.0,763.0,803.0,842.0,888.0,905.0,907.0,936.0,994.0,
9.0,31.0,36.0,58.0,103.0,116.0,121.0,126.0,143.0,193.0,209.0,272.0,367.0,468.0,484.0,504.0,539.0,549.0,608.0,651.0,657.0,826.0,828.0,845.0,861.0,882.0,885.0,885.0,886.0,966.0,986.0,
10.0,38.0,74.0,143.0,145.0,158.0,187.0,237.0,262.0,290.0,334.0,352.0,356.0,386.0,409.0,409.0,446.0,451.0,461.0,476.0,547.0,557.0,630.0,632.0,663.0,755.0,787.0,807.0,808.0,829.0,841.0,900.0,922.0,931.0,
11.0,34.0,190.0,191.0,211.0,214.0,372.0,389.0,482.0,487.0,491.0,491.0,547.0,595.0,616.0,618.0,626.0,632.0,639.0,667.0,678.0,689.0,704.0,740.0,745.0,768.0,777.0,785.0,812.0,855.0,914.0,
32.0,37.0,54.0,190.0,223.0,245.0,263.0,344.0,385.0,423.0,427.0,508.0,564.0,579.0,626.0,642.0,678.0,729.0,731.0,745.0,789.0,843.0,897.0,914.0,941.0,985.0,995.0,
4.0,15.0,146.0,146.0,147.0,225.0,377.0,393.0,402.0,420.0,426.0,429.0,456.0,470.0,485.0,540.0,557.0,621.0,651.0,664.0,677.0,678.0,687.0,688.0,700.0,786.0,793.0,814.0,817.0,853.0,861.0,879.0,905.0,951.0,972.0,1000.0,
7.0,42.0,86.0,109.0,125.0,142.0,153.0,160.0,192.0,266.0,290.0,302.0,303.0,312.0,402.0,418.0,424.0,450.0,502.0,524.0,566.0,611.0,631.0,652.0,655.0,680.0,696.0,702.0,755.0,777.0,783.0,808.0,888.0,931.0,933.0,937.0,978.0,
5.0,118.0,140.0,140.0,174.0,182.0,189.0,253.0,295.0,318.0,369.0,375.0,403.0,440.0,441.0,450.0,475.0,475.0,492.0,532.0,534.0,544.0,556.0,581.0,625.0,728.0,745.0,751.0,758.0,777.0,804.0,854.0,864.0,882.0,921.0,952.0,984.0,999.0,
13.0,28.0,35.0,42.0,52.0,64.0,141.0,158.0,190.0,199.0,291.0,363.0,391.0,437.0,475.0,509.0,547.0,556.0,573.0,637.0,646.0,664.0,690.0,746.0,751.0,780.0,782.0,815.0,826.0,854.0,864.0,994.0,
4.0,48.0,53.0,60.0,67.0,142.0,165.0,168.0,181.0,230.0,230.0,262.0,277.0,278.0,281.0,296.0,299.0,304.0,320.0,353.0,372.0,377.0,401.0,402.0,405.0,440.0,501.0,526.0,533.0,622.0,625.0,645.0,655.0,662.0,706.0,718.0,796.0,810.0,826.0,863.0,889.0,907.0,923.0,939.0,943.0,981.0,
5.0,23.0,42.0,98.0,108.0,108.0,185.0,241.0,242.0,256.0,262.0,270.0,278.0,297.0,323.0,335.0,387.0,417.0,483.0,485.0,496.0,505.0,521.0,529.0,586.0,653.0,658.0,690.0,735.0,802.0,812.0,822.0,850.0,865.0,932.0,948.0,959.0,
42.0,133.0,172.0,193.0,193.0,202.0,228.0,286.0,306.0,312.0,317.0,330.0,413.0,457.0,460.0,461.0,473.0,501.0,538.0,577.0,612.0,650.0,652.0,719.0,728.0,793.0,843.0,848.0,930.0,
19.0,24.0,31.0,38.0,54.0,66.0,69.0,125.0,149.0,180.0,183.0,202.0,256.0,274.0,284.0,288.0,313.0,330.0,405.0,415.0,431.0,474.0,477.0,507.0,547.0,561.0,565.0,566.0,569.0,572.0,658.0,682.0,690.0,733.0,754.0,804.0,809.0,849.0,881.0,891.0,901.0,915.0,988.0,
18.0,26.0,58.0,73.0,82.0,124.0,130.0,154.0,195.0,196.0,197.0,234.0,298.0,315.0,317.0,325.0,365.0,391.0,453.0,464.0,468.0,495.0,633.0,648.0,665.0,734.0,762.0,767.0,777.0,803.0,843.0,868.0,881.0,881.0,921.0,940.0,977.0,980.0,995.0,
33.0,87.0,123.0,133.0,151.0,161.0,171.0,227.0,229.0,230.0,246.0,359.0,384.0,413.0,425.0,448.0,460.0,517.0,540.0,541.0,710.0,718.0,743.0,779.0,835.0,900.0,936.0,980.0,
128.0,143.0,158.0,165.0,178.0,182.0,199.0,207.0,218.0,242.0,266.0,282.0,294.0,307.0,343.0,455.0,541.0,593.0,617.0,620.0,620.0,650.0,696.0,721.0,743.0,787.0,802.0,823.0,828.0,855.0,866.0,888.0,912.0,967.0,988.0,997.0,
