77.0,123.0,138.0,147.0,171.0,211.0,248.0,249.0,287.0,301.0,309.0,312.0,317.0,320.0,412.0,417.0,421.0,449.0,450.0,450.0,473.0,492.0,494.0,497.0,504.0,506.0,520.0,540.0,546.0,569.0,597.0,598.0,642.0,649.0,664.0,665.0,680.0,720.0,748.0,778.0,781.0,809.0,885.0,898.0,918.0,926.0,938.0,951.0,952.0,987.0,
24.0,58.0,73.0,145.0,160.0,163.0,167.0,185.0,187.0,242.0,267.0,315.0,346.0,353.0,401.0,459.0,459.0,472.0,491.0,575.0,633.0,711.0,779.0,839.0,862.0,865.0,868.0,898.0,938.0,945.0,973.0,975.0,976.0,981.0,
7.0,24.0,33.0,34.0,65.0,118.0,140.0,145.0,163.0,169.0,172.0,211.0,239.0,243.0,298.0,324.0,333.0,351.0,377.0,396.0,411.0,470.0,473.0,494.0,592.0,594.0,601.0,622.0,640.0,647.0,649.0,741.0,744.0,781.0,794.0,824.0,879.0,901.0,911.0,928.0,932.0,935.0,975.0,998.0,
33.0,46.0,52.0,127.0,158.0,181.0,218.0,246.0,259.0,260.0,296.0,371.0,436.0,513.0,517.0,538.0,563.0,583.0,588.0,598.0,648.0,679.0,681.0,686.0,696.0,742.0,744.0,759.0,794.0,803.0,808.0,865.0,865.0,976.0,
51.0,130.0,160.0,205.0,218.0,268.0,327.0,331.0,340.0,358.0,407.0,407.0,489.0,531.0,535.0,593.0,737.0,743.0,757.0,792.0,817.0,861.0,918.0,923.0,938.0,955.0,970.0,972.0,
57.0,58.0,92.0,144.0,199.0,209.0,212.0,237.0,250.0,300.0,306.0,312.0,316.0,324.0,372.0,400.0,415.0,439.0,557.0,602.0,613.0,613.0,622.0,622.0,709.0,719.0,726.0,748.0,781.0,823.0,858.0,885.0,897.0,917.0,928.0,941.0,949.0,954.0,995.0,
14.0,34.0,42.0,66.0,73.0,109.0,137.0,195.0,242.0,316.0,321.0,360.0,381.0,388.0,429.0,449.0,465.0,496.0,510.0,515.0,523.0,538.0,661.0,670.0,692.0,696.0,781.0,864.0,871.0,920.0,925.0,953.0,957.0,
33.0,51.0,112.0,143.0,209.0,233.0,243.0,278.0,327.0,338.0,340.0,379.0,398.0,440.0,452.0,456.0,456.0,481.0,496.0,542.0,563.0,565.0,611.0,651.0,687.0,741.0,810.0,818.0,819.0,826.0,874.0,917.0,969.0,995.0,
23.0,39.0,57.0,78.0,84.0,101.0,130.0,135.0,168.0,204.0,213.0,276.0,277.0,287.0,336.0,362.0,439.0,464.0,531.0,539.0,558.0,561.0,574.0,604.0,698.0,744.0,744.0,758.0,767.0,770.0,815.0,831.0,833.0,842.0,851.0,882.0,902.0,913.0,
3.0,57.0,101.0,123.0,131.0,132.0,135.0,178.0,181.0,189.0,212.0,243.0,248.0,260.0,288.0,298.0,357.0,358.0,380.0,388.0,462.0,479.0,493.0,501.0,517.0,532.0,547.0,554.0,573.0,622.0,637.0,646.0,665.0,716.0,719.0,735.0,758.0,767.0,776.0,781.0,825.0,825.0,875.0,880.0,898.0,955.0,975.0,984.0,999.0,
27.0,55.0,60.0,63.0,85.0,121.0,122.0,171.0,202.0,247.0,270.0,273.0,301.0,351.0,358.0,375.0,486.0,495.0,522.0,580.0,592.0,604.0,605.0,623.0,636.0,672.0,673.0,732.0,747.0,830.0,840.0,886.0,889.0,898.0,899.0,911.0,914.0,914.0,
23.0,74.0,82.0,120.0,125.0,163.0,177.0,214.0,218.0,269.0,276.0,288.0,311.0,365.0,441.0,498.0,498.0,516.0,523.0,533.0,560.0,641.0,669.0,676.0,694.0,728.0,761.0,798.0,826.0,829.0,833.0,838.0,848.0,854.0,924.0,944.0,980.0,
9.0,51.0,141.0,163.0,210.0,244.0,247.0,261.0,292.0,299.0,307.0,310.0,327.0,349.0,349.0,364.0,388.0,410.0,411.0,453.0,480.0,504.0,530.0,531.0,540.0,580.0,582.0,648.0,667.0,692.0,721.0,726.0,733.0,774.0,782.0,805.0,814.0,830.0,914.0,954.0,980.0,
37.0,68.0,71.0,116.0,126.0,166.0,196.0,216.0,230.0,257.0,258.0,261.0,271.0,307.0,333.0,434.0,450.0,498.0,506.0,525.0,528.0,530.0,546.0,554.0,584.0,605.0,630.0,691.0,705.0,741.0,760.0,806.0,834.0,865.0,878.0,895.0,918.0,938.0,956.0,963.0,981.0,984.0,987.0,1000.0,
36.0,51.0,73.0,101.0,118.0,137.0,148.0,177.0,228.0,237.0,255.0,294.0,310.0,332.0,388.0,411.0,475.0,510.0,514.0,538.0,544.0,599.0,605.0,691.0,709.0,827.0,858.0,904.0,912.0,915.0,924.0,933.0,934.0,963.0,
18.0,32.0,83.0,87.0,108.0,150.0,151.0,224.0,228.0,271.0,355.0,399.0,400.0,439.0,441.0,480.0,494.0,568.0,574.0,597.0,667.0,691.0,710.0,715.0,782.0,829.0,881.0,908.0,919.0,937.0,997.0,
20.0,63.0,157.0,220.0,271.0,320.0,379.0,381.0,431.0,454.0,478.0,494.0,502.0,523.0,560.0,589.0,601.0,615.0,670.0,679.0,681.0,721.0,758.0,770.0,770.0,775.0,790.0,807.0,843.0,848.0,848.0,849.0,879.0,899.0,910.0,931.0,972.0,
55.0,93.0,130.0,149.0,150.0,165.0,172.0,213.0,246.0,253.0,253.0,307.0,312.0,396.0,429.0,464.0,471.0,497.0,505.0,519.0,523.0,529.0,571.0,621.0,624.0,633.0,653.0,659.0,694.0,711.0,757.0,798.0,819.0,822.0,824.0,878.0,891.0,910.0,981.0,1000.0,
33.0,66.0,75.0,94.0,138.0,170.0,224.0,301.0,323.0,358.0,398.0,413.0,422.0,424.0,452.0,471.0,519.0,546.0,562.0,605.0,607.0,611.0,684.0,698.0,736.0,739.0,748.0,749.0,763.0,769.0,840.0,864.0,897.0,990.0,
90.0,101.0,169.0,210.0,232.0,255.0,269.0,294.0,323.0,325.0,339.0,352.0,374.0,387.0,407.0,416.0,443.0,460.0,509.0,575.0,622.0,677.0,678.0,682.0,711.0,717.0,756.0,843.0,846.0,992.0,1000.0,
3.0,52.0,57.0,73.0,100.0,115.0,115.0,135.0,137.0,175.0,175.0,255.0,276.0,333.0,379.0,387.0,417.0,424.0,501.0,506.0,546.0,562.0,587.0,701.0,777.0,792.0,834.0,834.0,840.0,842.0,850.0,853.0,869.0,870.0,917.0,949.0,951.0,964.0,
3.0,83.0,103.0,113.0,144.0,226.0,231.0,269.0,300.0,300.0,397.0,398.0,400.0,410.0,454.0,454.0,465.0,490.0,503.0,566.0,609.0,628.0,642.0,644.0,672.0,688.0,747.0,757.0,767.0,777.0,813.0,897.0,899.0,946.0,959.0,968.0,980.0,991.0,
2.0,10.0,21.0,27.0,88.0,102.0,148.0,148.0,258.0,301.0,319.0,368.0,373.0,382.0,421.0,484.0,484.0,486.0,492.0,511.0,525.0,529.0,558.0,580.0,601.0,651.0,685.0,697.0,703.0,710.0,719.0,722.0,764.0,798.0,825.0,830.0,843.0,848.0,855.0,954.0,
27.0,39.0,50.0,97.0,126.0,140.0,151.0,211.0,219.0,257.0,286.0,334.0,354.0,373.0,418.0,451.0,481.0,535.0,542.0,564.0,593.0,601.0,603.0,630.0,659.0,750.0,752.0,759.0,828.0,830.0,852.0,860.0,896.0,936.0,937.0,995.0,
16.0,99.0,99.0,135.0,170.0,199.0,206.0,216.0,242.0,306.0,323.0,347.0,371.0,379.0,451.0,462.0,487.0,527.0,612.0,631.0,635.0,665.0,694.0,732.0,894.0,905.0,918.0,934.0,937.0,941.0,950.0,956.0,
65.0,73.0,106.0,114.0,127.0,129.0,136.0,149.0,153.0,173.0,178.0,294.0,301.0,344.0,360.0,380.0,392.0,400.0,404.0,451.0,454.0,468.0,618.0,652.0,686.0,696.0,724.0,760.0,792.0,845.0,861.0,892.0,910.0,930.0,947.0,955.0,981.0,
33.0,34.0,51.0,73.0,83.0,88.0,101.0,120.0,168.0,190.0,197.0,215.0,218.0,230.0,242.0,246.0,266.0,269.0,293.0,302.0,309.0,329.0,365.0,375.0,433.0,439.0,443.0,455.0,470.0,503.0,545.0,599.0,603.0,638.0,639.0,687.0,738.0,780.0,795.0,890.0,891.0,942.0,969.0,972.0,996.0,
7.0,33.0,47.0,98.0,100.0,114.0,133.0,158.0,162.0,173.0,259.0,265.0,270.0,278.0,330.0,339.0,361.0,367.0,410.0,410.0,483.0,516.0,567.0,572.0,586.0,602.0,662.0,675.0,726.0,826.0,850.0,874.0,922.0,955.0,995.0,
7.0,73.0,81.0,92.0,154.0,241.0,266.0,276.0,331.0,347.0,428.0,444.0,457.0,497.0,562.0,602.0,656.0,692.0,716.0,731.0,732.0,748.0,764.0,776.0,941.0,974.0,
20.0,43.0,47.0,48.0,66.0,83.0,91.0,159.0,205.0,243.0,265.0,335.0,356.0,399.0,463.0,472.0,501.0,571.0,585.0,614.0,674.0,690.0,722.0,767.0,795.0,813.0,818.0,837.0,853.0,857.0,883.0,912.0,976.0,
15.0,22.0,48.0,57.0,64.0,68.0,134.0,150.0,210.0,268.0,409.0,417.0,419.0,444.0,492.0,505.0,518.0,562.0,568.0,618.0,621.0,676.0,703.0,780.0,794.0,796.0,797.0,799.0,820.0,939.0,953.0,968.0,973.0,
13.0,22.0,27.0,58.0,71.0,75.0,120.0,141.0,223.0,227.0,248.0,253.0,257.0,387.0,444.0,482.0,494.0,503.0,518.0,589.0,620.0,626.0,627.0,673.0,680.0,680.0,681.0,694.0,760.0,764.0,770.0,775.0,825.0,834.0,878.0,883.0,890.0,932.0,945.0,952.0,962.0,
7.0,16.0,41.0,41.0,46.0,75.0,126.0,157.0,162.0,216.0,242.0,313.0,319.0,332.0,396.0,416.0,424.0,469.0,482.0,508.0,532.0,624.0,654.0,664.0,681.0,711.0,715.0,721.0,791.0,818.0,844.0,887.0,902.0,937.0,939.0,939.0,998.0,
27.0,51.0,53.0,63.0,66.0,73.0,120.0,175.0,262.0,271.0,303.0,308.0,324.0,356.0,356.0,364.0,391.0,394.0,398.0,408.0,435.0,439.0,447.0,506.0,507.0,547.0,633.0,676.0,738.0,756.0,779.0,784.0,897.0,905.0,917.0,1000.0,
2.0,10.0,34.0,91.0,140.0,152.0,179.0,191.0,222.0,230.0,243.0,293.0,315.0,368.0,385.0,401.0,430.0,492.0,533.0,558.0,565.0,602.0,629.0,637.0,645.0,653.0,715.0,718.0,848.0,941.0,961.0,998.0,
35.0,45.0,49.0,63.0,97.0,142.0,166.0,206.0,229.0,246.0,326.0,340.0,350.0,398.0,515.0,578.0,603.0,605.0,621.0,637.0,684.0,716.0,721.0,742.0,749.0,760.0,781.0,795.0,813.0,854.0,890.0,933.0,943.0,961.0,975.0,982.0,990.0,995.0,
64.0,99.0,146.0,201.0,204.0,205.0,273.0,288.0,304.0,308.0,317.0,341.0,383.0,418.0,462.0,469.0,474.0,527.0,565.0,601.0,665.0,670.0,702.0,705.0,706.0,896.0,952.0,969.0,
22.0,77.0,78.0,125.0,133.0,140.0,146.0,171.0,261.0,265.0,290.0,309.0,351.0,372.0,436.0,446.0,484.0,514.0,559.0,605.0,627.0,646.0,723.0,750.0,821.0,931.0,952.0,965.0,980.0,
25.0,28.0,33.0,34.0,74.0,101.0,165.0,205.0,210.0,250.0,251.0,262.0,263.0,368.0,386.0,433.0,449.0,452.0,469.0,487.0,523.0,527.0,540.0,549.0,553.0,591.0,616.0,627.0,632.0,677.0,722.0,732.0,747.0,748.0,787.0,822.0,851.0,862.0,909.0,926.0,960.0,962.0,967.0,978.0,999.0,
7.0,145.0,148.0,168.0,203.0,209.0,238.0,270.0,335.0,368.0,370.0,376.0,384.0,398.0,407.0,447.0,454.0,488.0,493.0,501.0,508.0,517.0,557.0,567.0,579.0,582.0,616.0,649.0,684.0,716.0,729.0,793.0,808.0,810.0,845.0,957.0,
87.0,100.0,101.0,118.0,131.0,198.0,314.0,322.0,339.0,362.0,396.0,418.0,462.0,481.0,495.0,499.0,607.0,609.0,622.0,635.0,711.0,732.0,753.0,797.0,799.0,806.0,847.0,854.0,892.0,908.0,972.0,
21.0,34.0,87.0,121.0,261.0,316.0,321.0,333.0,339.0,371.0,427.0,466.0,477.0,508.0,518.0,528.0,537.0,602.0,611.0,625.0,636.0,643.0,734.0,768.0,769.0,789.0,802.0,806.0,869.0,870.0,885.0,907.0,927.0,942.0,
9.0,17.0,24.0,35.0,101.0,214.0,218.0,229.0,239.0,248.0,292.0,293.0,297.0,301.0,322.0,361.0,365.0,373.0,379.0,390.0,406.0,464.0,496.0,528.0,570.0,606.0,624.0,787.0,875.0,915.0,926.0,968.0,987.0,
7.0,37.0,88.0,88.0,206.0,281.0,331.0,381.0,397.0,399.0,453.0,471.0,492.0,528.0,557.0,645.0,646.0,671.0,675.0,693.0,695.0,724.0,728.0,729.0,742.0,748.0,749.0,751.0,782.0,800.0,909.0,924.0,930.0,938.0,964.0,971.0,991.0,994.0,
9.0,22.0,32.0,35.0,57.0,104.0,202.0,225.0,253.0,337.0,341.0,399.0,416.0,441.0,530.0,566.0,568.0,569.0,603.0,630.0,722.0,750.0,784.0,855.0,873.0,914.0,941.0,946.0,964.0,1000.0,1000.0,
19.0,21.0,35.0,75.0,92.0,124.0,135.0,216.0,222.0,233.0,251.0,261.0,282.0,287.0,324.0,336.0,350.0,368.0,392.0,421.0,435.0,504.0,513.0,522.0,546.0,554.0,591.0,593.0,601.0,627.0,722.0,732.0,735.0,745.0,755.0,824.0,824.0,845.0,865.0,895.0,951.0,993.0,
72.0,99.0,134.0,175.0,192.0,236.0,282.0,290.0,362.0,395.0,400.0,405.0,419.0,427.0,448.0,450.0,464.0,499.0,550.0,577.0,593.0,595.0,621.0,642.0,675.0,694.0,701.0,715.0,749.0,756.0,761.0,814.0,864.0,886.0,887.0,900.0,902.0,925.0,951.0,956.0,970.0,978.0,1000.0,
29.0,64.0,93.0,123.0,225.0,231.0,267.0,289.0,295.0,331.0,341.0,347.0,353.0,365.0,443.0,445.0,495.0,508.0,519.0,533.0,561.0,562.0,581.0,595.0,646.0,660.0,685.0,689.0,791.0,807.0,813.0,826.0,833.0,834.0,848.0,935.0,953.0,960.0,975.0,990.0,997.0,
8.0,8.0,10.0,23.0,46.0,62.0,77.0,82.0,137.0,241.0,259.0,266.0,303.0,315.0,337.0,390.0,415.0,442.0,449.0,495.0,528.0,718.0,725.0,727.0,736.0,753.0,795.0,854.0,907.0,929.0,952.0,956.0,969.0,978.0,986.0,993.0,
33.0,37.0,51.0,90.0,131.0,138.0,148.0,195.0,210.0,289.0,313.0,369.0,437.0,442.0,505.0,515.0,542.0,562.0,563.0,582.0,599.0,630.0,641.0,681.0,683.0,687.0,722.0,734.0,743.0,762.0,798.0,830.0,841.0,878.0,900.0,909.0,923.0,
29.0,62.0,81.0,106.0,122.0,169.0,214.0,221.0,227.0,238.0,249.0,252.0,316.0,348.0,357.0,366.0,389.0,403.0,414.0,466.0,478.0,527.0,539.0,552.0,610.0,663.0,672.0,700.0,730.0,735.0,789.0,796.0,803.0,847.0,854.0,859.0,875.0,876.0,877.0,890.0,891.0,928.0,977.0,997.0,
10.0,48.0,72.0,146.0,172.0,219.0,222.0,231.0,290.0,334.0,483.0,484.0,526.0,600.0,682.0,700.0,707.0,725.0,758.0,812.0,841.0,863.0,863.0,884.0,912.0,923.0,936.0,945.0,
62.0,65.0,90.0,108.0,121.0,170.0,172.0,184.0,190.0,206.0,216.0,264.0,307.0,308.0,380.0,410.0,533.0,545.0,565.0,576.0,586.0,589.0,606.0,617.0,630.0,671.0,694.0,707.0,742.0,754.0,768.0,770.0,789.0,811.0,827.0,831.0,844.0,866.0,874.0,880.0,899.0,909.0,995.0,
16.0,18.0,31.0,57.0,84.0,151.0,200.0,215.0,232.0,235.0,237.0,282.0,295.0,317.0,354.0,361.0,403.0,420.0,449.0,476.0,480.0,482.0,500.0,527.0,576.0,593.0,624.0,626.0,667.0,668.0,682.0,709.0,720.0,743.0,751.0,752.0,831.0,846.0,910.0,962.0,969.0,985.0,
73.0,115.0,146.0,168.0,193.0,295.0,316.0,317.0,320.0,331.0,376.0,378.0,396.0,435.0,519.0,525.0,576.0,586.0,587.0,595.0,653.0,666.0,670.0,709.0,734.0,768.0,783.0,807.0,856.0,870.0,887.0,890.0,928.0,978.0,
104.0,109.0,147.0,165.0,180.0,202.0,212.0,248.0,266.0,297.0,338.0,353.0,370.0,376.0,377.0,381.0,429.0,443.0,471.0,474.0,486.0,487.0,
8.0,48.0,50.0,57.0,65.0,69.0,129.0,165.0,167.0,241.0,244.0,250.0,300.0,301.0,333.0,425.0,438.0,474.0,485.0,502.0,502.0,504.0,510.0,572.0,630.0,677.0,680.0,687.0,701.0,742.0,798.0,869.0,884.0,937.0,939.0,946.0,956.0,
2.0,73.0,179.0,187.0,232.0,260.0,265.0,283.0,384.0,390.0,394.0,504.0,508.0,509.0,521.0,574.0,641.0,676.0,710.0,712.0,764.0,781.0,784.0,785.0,803.0,839.0,849.0,865.0,873.0,904.0,904.0,932.0,948.0,960.0,965.0,
6.0,60.0,134.0,160.0,162.0,163.0,183.0,191.0,206.0,241.0,255.0,284.0,343.0,354.0,418.0,429.0,432.0,452.0,507.0,512.0,561.0,601.0,671.0,689.0,694.0,704.0,781.0,781.0,863.0,879.0,904.0,953.0,
71.0,116.0,122.0,129.0,145.0,162.0,191.0,207.0,209.0,224.0,232.0,247.0,316.0,326.0,351.0,360.0,368.0,378.0,434.0,464.0,533.0,543.0,548.0,552.0,574.0,619.0,744.0,792.0,806.0,814.0,837.0,839.0,857.0,901.0,915.0,966.0,980.0,991.0,993.0,
10.0,35.0,72.0,85.0,120.0,134.0,158.0,170.0,224.0,248.0,281.0,334.0,366.0,489.0,509.0,510.0,524.0,528.0,545.0,586.0,621.0,664.0,700.0,715.0,755.0,776.0,803.0,818.0,910.0,931.0,955.0,981.0,997.0,
12.0,13.0,20.0,123.0,138.0,149.0,156.0,165.0,210.0,216.0,325.0,329.0,343.0,346.0,442.0,506.0,517.0,571.0,577.0,636.0,652.0,668.0,739.0,780.0,784.0,808.0,826.0,864.0,892.0,909.0,974.0,990.0,998.0,
5.0,58.0,69.0,71.0,88.0,100.0,168.0,198.0,204.0,213.0,224.0,237.0,287.0,291.0,312.0,325.0,382.0,386.0,392.0,435.0,441.0,456.0,535.0,541.0,554.0,599.0,686.0,709.0,725.0,736.0,772.0,781.0,844.0,930.0,939.0,
3.0,4.0,5.0,7.0,13.0,69.0,76.0,77.0,159.0,184.0,237.0,267.0,277.0,283.0,322.0,334.0,354.0,372.0,419.0,448.0,631.0,634.0,634.0,657.0,676.0,699.0,702.0,740.0,760.0,771.0,777.0,785.0,799.0,810.0,837.0,847.0,924.0,931.0,979.0,994.0,
16.0,25.0,28.0,67.0,68.0,100.0,117.0,136.0,147.0,161.0,162.0,165.0,168.0,171.0,173.0,190.0,267.0,274.0,275.0,301.0,304.0,345.0,380.0,386.0,416.0,461.0,526.0,534.0,583.0,587.0,605.0,610.0,659.0,673.0,688.0,734.0,744.0,800.0,817.0,847.0,
36.0,137.0,145.0,168.0,196.0,201.0,233.0,248.0,259.0,285.0,361.0,471.0,482.0,502.0,529.0,625.0,750.0,785.0,806.0,817.0,830.0,836.0,841.0,898.0,926.0,929.0,999.0,
7.0,43.0,46.0,74.0,80.0,96.0,153.0,173.0,188.0,225.0,238.0,245.0,275.0,307.0,362.0,420.0,453.0,461.0,524.0,528.0,557.0,560.0,569.0,572.0,641.0,668.0,670.0,704.0,742.0,793.0,847.0,873.0,876.0,897.0,897.0,907.0,917.0,961.0,973.0,
7.0,58.0,61.0,97.0,103.0,115.0,169.0,171.0,190.0,195.0,199.0,215.0,225.0,269.0,281.0,294.0,324.0,327.0,356.0,376.0,381.0,401.0,402.0,433.0,434.0,497.0,541.0,582.0,583.0,583.0,594.0,612.0,638.0,650.0,652.0,726.0,736.0,737.0,756.0,779.0,817.0,849.0,887.0,896.0,898.0,922.0,962.0,976.0,982.0,982.0,
113.0,120.0,134.0,201.0,249.0,284.0,285.0,419.0,427.0,438.0,442.0,489.0,497.0,520.0,530.0,611.0,615.0,619.0,622.0,635.0,700.0,753.0,782.0,785.0,789.0,797.0,856.0,862.0,891.0,910.0,918.0,952.0,964.0,982.0,993.0,999.0,
28.0,55.0,59.0,77.0,164.0,197.0,230.0,243.0,267.0,296.0,303.0,336.0,338.0,338.0,370.0,378.0,394.0,404.0,446.0,470.0,474.0,526.0,584.0,635.0,750.0,803.0,806.0,826.0,839.0,852.0,885.0,904.0,953.0,967.0,981.0,996.0,
4.0,52.0,66.0,156.0,170.0,185.0,216.0,329.0,356.0,378.0,380.0,393.0,402.0,422.0,440.0,447.0,450.0,464.0,513.0,527.0,596.0,600.0,619.0,623.0,641.0,664.0,700.0,723.0,739.0,744.0,783.0,783.0,804.0,817.0,817.0,835.0,840.0,858.0,920.0,932.0,956.0,970.0,981.0,994.0,
37.0,51.0,53.0,69.0,91.0,118.0,130.0,180.0,250.0,263.0,275.0,277.0,281.0,289.0,340.0,349.0,405.0,471.0,479.0,485.0,506.0,575.0,618.0,655.0,698.0,701.0,727.0,836.0,872.0,878.0,878.0,880.0,880.0,889.0,943.0,960.0,962.0,964.0,977.0,990.0,
12.0,41.0,43.0,96.0,103.0,110.0,114.0,130.0,145.0,146.0,157.0,210.0,240.0,248.0,294.0,301.0,312.0,330.0,377.0,392.0,407.0,469.0,475.0,486.0,492.0,523.0,541.0,542.0,548.0,578.0,579.0,591.0,674.0,685.0,695.0,700.0,722.0,746.0,751.0,753.0,754.0,775.0,799.0,810.0,828.0,861.0,870.0,920.0,931.0,988.0,
28.0,35.0,150.0,151.0,178.0,187.0,187.0,205.0,222.0,228.0,243.0,254.0,282.0,298.0,308.0,310.0,340.0,346.0,357.0,363.0,394.0,414.0,417.0,426.0,509.0,520.0,533.0,559.0,628.0,633.0,648.0,683.0,689.0,725.0,742.0,758.0,823.0,828.0,893.0,947.0,986.0,
6.0,60.0,72.0,115.0,137.0,172.0,175.0,265.0,285.0,286.0,303.0,305.0,347.0,361.0,404.0,422.0,518.0,519.0,531.0,553.0,577.0,588.0,595.0,644.0,665.0,700.0,739.0,752.0,790.0,797.0,821.0,828.0,845.0,862.0,885.0,906.0,948.0,964.0,
92.0,113.0,122.0,151.0,163.0,168.0,193.0,274.0,355.0,380.0,396.0,419.0,420.0,445.0,496.0,503.0,535.0,584.0,597.0,656.0,691.0,691.0,694.0,703.0,719.0,725.0,748.0,789.0,800.0,865.0,868.0,935.0,949.0,985.0,995.0,
78.0,98.0,115.0,131.0,150.0,152.0,170.0,209.0,228.0,265.0,326.0,344.0,388.0,411.0,516.0,536.0,570.0,579.0,586.0,627.0,665.0,678.0,684.0,687.0,688.0,721.0,775.0,782.0,789.0,794.0,794.0,815.0,885.0,898.0,908.0,910.0,954.0,959.0,965.0,1000.0,
50.0,98.0,152.0,153.0,182.0,193.0,206.0,225.0,353.0,402.0,433.0,444.0,501.0,548.0,566.0,582.0,588.0,589.0,619.0,653.0,730.0,742.0,782.0,794.0,804.0,823.0,839.0,853.0,853.0,889.0,972.0,977.0,
75.0,120.0,200.0,228.0,234.0,264.0,306.0,325.0,329.0,330.0,397.0,400.0,476.0,508.0,539.0,552.0,578.0,580.0,585.0,605.0,625.0,657.0,681.0,711.0,726.0,737.0,744.0,765.0,770.0,788.0,826.0,927.0,959.0,
58.0,72.0,90.0,100.0,122.0,268.0,268.0,296.0,297.0,340.0,374.0,437.0,473.0,493.0,510.0,534.0,591.0,657.0,693.0,704.0,756.0,776.0,790.0,798.0,803.0,809.0,818.0,841.0,881.0,919.0,951.0,953.0,973.0,
34.0,51.0,156.0,204.0,223.0,235.0,238.0,280.0,289.0,303.0,313.0,318.0,328.0,346.0,355.0,418.0,490.0,531.0,554.0,559.0,586.0,649.0,655.0,675.0,689.0,690.0,710.0,719.0,746.0,793.0,829.0,838.0,888.0,890.0,894.0,921.0,955.0,963.0,984.0,989.0,
63.0,68.0,79.0,142.0,163.0,172.0,234.0,249.0,254.0,272.0,351.0,358.0,372.0,435.0,451.0,471.0,519.0,533.0,561.0,604.0,620.0,638.0,717.0,720.0,740.0,776.0,779.0,807.0,815.0,835.0,861.0,894.0,919.0,949.0,952.0,958.0,
30.0,65.0,82.0,90.0,92.0,101.0,143.0,171.0,202.0,230.0,233.0,235.0,240.0,253.0,259.0,279.0,294.0,298.0,311.0,368.0,373.0,394.0,414.0,420.0,454.0,470.0,488.0,497.0,510.0,527.0,595.0,612.0,619.0,644.0,647.0,666.0,685.0,827.0,879.0,897.0,926.0,931.0,941.0,964.0,972.0,
12.0,47.0,59.0,64.0,85.0,94.0,102.0,327.0,332.0,404.0,450.0,472.0,484.0,495.0,555.0,562.0,580.0,603.0,617.0,641.0,654.0,658.0,677.0,713.0,720.0,722.0,740.0,751.0,772.0,785.0,817.0,849.0,966.0,976.0,982.0,
25.0,35.0,154.0,155.0,160.0,161.0,208.0,212.0,270.0,288.0,316.0,351.0,373.0,408.0,440.0,450.0,488.0,493.0,616.0,616.0,630.0,720.0,731.0,771.0,804.0,844.0,856.0,954.0,977.0,1000.0,
2.0,6.0,47.0,51.0,109.0,171.0,177.0,223.0,241.0,252.0,265.0,273.0,328.0,330.0,355.0,378.0,399.0,415.0,422.0,457.0,504.0,517.0,522.0,538.0,584.0,597.0,674.0,708.0,710.0,721.0,735.0,763.0,770.0,785.0,804.0,815.0,851.0,856.0,879.0,900.0,927.0,994.0,995.0,
20.0,60.0,64.0,68.0,69.0,105.0,108.0,123.0,162.0,196.0,236.0,264.0,288.0,302.0,313.0,349.0,361.0,416.0,468.0,565.0,573.0,582.0,612.0,637.0,661.0,674.0,753.0,756.0,765.0,779.0,786.0,842.0,879.0,883.0,891.0,926.0,939.0,959.0,964.0,974.0,
39.0,56.0,119.0,191.0,204.0,205.0,219.0,263.0,313.0,339.0,360.0,396.0,429.0,471.0,513.0,536.0,578.0,601.0,777.0,803.0,815.0,879.0,897.0,897.0,922.0,944.0,947.0,961.0,
70.0,116.0,133.0,142.0,169.0,236.0,274.0,275.0,301.0,308.0,360.0,418.0,434.0,434.0,462.0,486.0,505.0,571.0,590.0,606.0,633.0,679.0,698.0,700.0,707.0,726.0,747.0,765.0,815.0,844.0,862.0,866.0,927.0,930.0,935.0,948.0,981.0,
56.0,103.0,182.0,182.0,208.0,212.0,223.0,269.0,408.0,458.0,460.0,471.0,508.0,523.0,531.0,532.0,556.0,659.0,723.0,727.0,742.0,748.0,767.0,782.0,806.0,808.0,879.0,902.0,920.0,964.0,981.0,
14.0,44.0,45.0,73.0,181.0,234.0,272.0,288.0,347.0,353.0,353.0,399.0,448.0,456.0,467.0,482.0,499.0,502.0,507.0,647.0,651.0,677.0,725.0,745.0,745.0,777.0,792.0,892.0,908.0,951.0,
9.0,10.0,96.0,219.0,236.0,256.0,267.0,281.0,324.0,376.0,387.0,403.0,406.0,420.0,459.0,490.0,588.0,605.0,655.0,669.0,673.0,722.0,727.0,728.0,729.0,746.0,796.0,819.0,879.0,886.0,894.0,911.0,923.0,933.0,956.0,963.0,967.0,
8.0,66.0,70.0,86.0,93.0,121.0,128.0,135.0,182.0,283.0,289.0,309.0,350.0,353.0,506.0,552.0,648.0,689.0,733.0,823.0,832.0,848.0,856.0,857.0,928.0,973.0,986.0,
16.0,33.0,69.0,85.0,91.0,143.0,193.0,228.0,241.0,247.0,249.0,263.0,272.0,309.0,314.0,323.0,412.0,447.0,449.0,507.0,520.0,575.0,652.0,664.0,671.0,676.0,677.0,696.0,714.0,714.0,784.0,804.0,903.0,945.0,958.0,
18.0,52.0,80.0,96.0,113.0,122.0,222.0,226.0,228.0,258.0,336.0,348.0,400.0,437.0,441.0,540.0,574.0,575.0,600.0,605.0,637.0,645.0,666.0,667.0,744.0,786.0,799.0,807.0,826.0,832.0,851.0,899.0,910.0,934.0,
24.0,72.0,164.0,202.0,202.0,231.0,276.0,284.0,297.0,311.0,321.0,348.0,419.0,444.0,560.0,576.0,580.0,599.0,624.0,625.0,632.0,640.0,647.0,655.0,657.0,717.0,730.0,844.0,866.0,868.0,881.0,952.0,960.0,981.0,
15.0,41.0,69.0,86.0,111.0,125.0,128.0,170.0,180.0,189.0,259.0,335.0,397.0,465.0,497.0,576.0,596.0,636.0,653.0,669.0,671.0,724.0,748.0,760.0,813.0,841.0,944.0,979.0,979.0,
27.0,62.0,97.0,108.0,145.0,147.0,172.0,205.0,221.0,263.0,279.0,298.0,311.0,470.0,486.0,488.0,533.0,597.0,608.0,628.0,658.0,727.0,790.0,856.0,887.0,980.0,988.0,989.0,
2.0,81.0,93.0,94.0,103.0,106.0,132.0,201.0,216.0,223.0,230.0,264.0,274.0,276.0,280.0,369.0,410.0,537.0,540.0,572.0,572.0,616.0,618.0,627.0,688.0,725.0,737.0,740.0,759.0,766.0,782.0,785.0,803.0,806.0,976.0,982.0,987.0,987.0,
11.0,29.0,95.0,96.0,105.0,205.0,206.0,210.0,218.0,220.0,233.0,244.0,252.0,262.0,277.0,288.0,288.0,386.0,401.0,414.0,415.0,425.0,429.0,451.0,463.0,608.0,617.0,681.0,713.0,784.0,792.0,875.0,904.0,
