70.0,117.0,156.0,161.0,181.0,234.0,293.0,298.0,314.0,338.0,344.0,387.0,454.0,492.0,494.0,529.0,535.0,550.0,568.0,593.0,596.0,598.0,606.0,627.0,655.0,801.0,815.0,856.0,868.0,882.0,893.0,901.0,974.0,
26.0,94.0,138.0,167.0,181.0,226.0,234.0,308.0,319.0,337.0,344.0,369.0,426.0,445.0,521.0,555.0,559.0,604.0,654.0,669.0,685.0,707.0,712.0,723.0,760.0,791.0,797.0,820.0,846.0,893.0,956.0,959.0,
12.0,58.0,71.0,76.0,95.0,96.0,105.0,126.0,185.0,204.0,253.0,264.0,266.0,284.0,314.0,357.0,360.0,365.0,389.0,393.0,394.0,443.0,528.0,578.0,626.0,628.0,632.0,648.0,656.0,658.0,662.0,686.0,777.0,841.0,842.0,847.0,854.0,904.0,938.0,939.0,
16.0,43.0,67.0,137.0,140.0,267.0,268.0,275.0,286.0,307.0,308.0,357.0,371.0,380.0,404.0,460.0,492.0,515.0,524.0,526.0,548.0,561.0,569.0,571.0,645.0,666.0,708.0,716.0,734.0,750.0,771.0,883.0,902.0,907.0,909.0,985.0,
18.0,77.0,111.0,128.0,131.0,132.0,153.0,154.0,198.0,282.0,308.0,317.0,351.0,358.0,365.0,369.0,378.0,455.0,491.0,555.0,615.0,655.0,663.0,692.0,698.0,705.0,734.0,735.0,778.0,793.0,877.0,921.0,929.0,963.0,997.0,
58.0,83.0,94.0,149.0,164.0,200.0,203.0,217.0,242.0,287.0,342.0,413.0,426.0,501.0,512.0,531.0,548.0,553.0,554.0,583.0,598.0,626.0,641.0,682.0,749.0,830.0,867.0,919.0,922.0,976.0,
14.0,26.0,34.0,37.0,41.0,171.0,198.0,202.0,289.0,317.0,337.0,354.0,414.0,414.0,490.0,513.0,522.0,531.0,535.0,537.0,542.0,543.0,607.0,634.0,641.0,652.0,655.0,658.0,689.0,703.0,805.0,813.0,829.0,855.0,874.0,897.0,945.0,952.0,954.0,
23.0,45.0,50.0,55.0,74.0,82.0,83.0,84.0,87.0,95.0,123.0,166.0,251.0,270.0,289.0,298.0,366.0,371.0,393.0,472.0,524.0,541.0,553.0,558.0,568.0,574.0,576.0,602.0,624.0,625.0,648.0,687.0,727.0,785.0,822.0,824.0,834.0,841.0,918.0,930.0,
11.0,84.0,115.0,123.0,211.0,243.0,259.0,287.0,310.0,334.0,371.0,398.0,414.0,418.0,438.0,510.0,518.0,533.0,566.0,569.0,623.0,623.0,655.0,658.0,717.0,740.0,741.0,750.0,754.0,787.0,843.0,877.0,878.0,976.0,
10.0,50.0,68.0,70.0,79.0,131.0,135.0,247.0,275.0,283.0,318.0,392.0,424.0,462.0,470.0,474.0,589.0,604.0,613.0,628.0,662.0,701.0,705.0,710.0,721.0,744.0,826.0,932.0,996.0,999.0,
16.0,54.0,68.0,76.0,99.0,126.0,226.0,226.0,256.0,262.0,290.0,302.0,321.0,371.0,378.0,463.0,525.0,559.0,618.0,718.0,730.0,741.0,806.0,809.0,850.0,863.0,864.0,904.0,908.0,941.0,955.0,988.0,
137.0,183.0,184.0,229.0,248.0,253.0,261.0,298.0,314.0,324.0,347.0,413.0,439.0,469.0,475.0,526.0,627.0,668.0,707.0,716.0,772.0,804.0,869.0,904.0,911.0,925.0,927.0,934.0,960.0,975.0,
19.0,31.0,31.0,76.0,97.0,107.0,127.0,161.0,184.0,193.0,257.0,326.0,328.0,352.0,376.0,400.0,459.0,470.0,514.0,592.0,613.0,641.0,648.0,652.0,662.0,694.0,737.0,779.0,785.0,800.0,835.0,839.0,868.0,882.0,898.0,906.0,
9.0,44.0,54.0,55.0,60.0,131.0,158.0,181.0,182.0,184.0,203.0,203.0,208.0,211.0,217.0,259.0,274.0,342.0,360.0,377.0,420.0,441.0,520.0,578.0,585.0,601.0,618.0,625.0,630.0,632.0,652.0,656.0,672.0,691.0,722.0,736.0,749.0,762.0,766.0,772.0,808.0,896.0,896.0,912.0,985.0,987.0,
70.0,83.0,96.0,174.0,261.0,287.0,292.0,299.0,320.0,330.0,348.0,388.0,448.0,469.0,545.0,583.0,585.0,616.0,630.0,674.0,691.0,725.0,737.0,739.0,765.0,794.0,829.0,854.0,866.0,914.0,994.0,995.0,
41.0,45.0,45.0,61.0,124.0,127.0,251.0,262.0,296.0,359.0,366.0,387.0,390.0,390.0,392.0,430.0,432.0,448.0,451.0,455.0,459.0,471.0,509.0,522.0,533.0,579.0,579.0,611.0,657.0,662.0,683.0,685.0,699.0,706.0,743.0,780.0,851.0,869.0,925.0,932.0,939.0,939.0,947.0,948.0,983.0,993.0,
26.0,35.0,58.0,84.0,101.0,106.0,145.0,152.0,175.0,208.0,226.0,248.0,296.0,312.0,329.0,375.0,414.0,465.0,496.0,517.0,573.0,622.0,624.0,631.0,657.0,675.0,708.0,759.0,760.0,796.0,798.0,815.0,822.0,838.0,869.0,966.0,
4.0,24.0,48.0,56.0,57.0,57.0,80.0,92.0,172.0,181.0,216.0,216.0,256.0,265.0,292.0,299.0,361.0,390.0,395.0,427.0,457.0,501.0,526.0,533.0,545.0,545.0,545.0,587.0,595.0,597.0,639.0,661.0,672.0,697.0,772.0,874.0,889.0,922.0,966.0,
17.0,25.0,26.0,49.0,51.0,92.0,96.0,147.0,186.0,200.0,271.0,288.0,313.0,367.0,394.0,396.0,398.0,452.0,452.0,477.0,494.0,496.0,549.0,620.0,627.0,637.0,681.0,814.0,824.0,854.0,891.0,901.0,905.0,911.0,915.0,928.0,972.0,974.0,991.0,
7.0,69.0,78.0,100.0,112.0,141.0,163.0,186.0,194.0,195.0,225.0,232.0,242.0,250.0,255.0,284.0,293.0,342.0,351.0,357.0,414.0,417.0,431.0,445.0,449.0,481.0,508.0,580.0,596.0,601.0,640.0,645.0,655.0,668.0,681.0,768.0,914.0,928.0,941.0,947.0,956.0,990.0,
60.0,99.0,102.0,104.0,139.0,178.0,186.0,202.0,247.0,255.0,281.0,334.0,352.0,390.0,430.0,485.0,567.0,582.0,583.0,590.0,597.0,670.0,674.0,676.0,680.0,703.0,762.0,836.0,855.0,865.0,906.0,953.0,953.0,961.0,970.0,978.0,985.0,1000.0,
58.0,73.0,76.0,78.0,98.0,99.0,99.0,118.0,146.0,184.0,192.0,206.0,215.0,216.0,235.0,257.0,330.0,333.0,396.0,455.0,459.0,522.0,574.0,599.0,620.0,657.0,768.0,790.0,829.0,885.0,919.0,926.0,933.0,943.0,959.0,966.0,999.0,
20.0,73.0,98.0,104.0,155.0,164.0,177.0,181.0,208.0,246.0,296.0,299.0,364.0,432.0,478.0,593.0,651.0,683.0,714.0,724.0,731.0,746.0,765.0,783.0,792.0,803.0,818.0,988.0,990.0,999.0,
5.0,37.0,45.0,136.0,159.0,160.0,197.0,241.0,247.0,275.0,279.0,279.0,310.0,320.0,360.0,373.0,388.0,388.0,396.0,439.0,484.0,495.0,501.0,532.0,549.0,559.0,581.0,611.0,619.0,633.0,647.0,658.0,658.0,659.0,668.0,679.0,708.0,713.0,725.0,733.0,739.0,771.0,830.0,856.0,858.0,865.0,880.0,883.0,888.0,894.0,908.0,918.0,936.0,
76.0,83.0,95.0,96.0,163.0,172.0,186.0,190.0,224.0,279.0,321.0,323.0,359.0,433.0,468.0,485.0,490.0,505.0,558.0,570.0,589.0,603.0,645.0,648.0,688.0,821.0,852.0,860.0,903.0,956.0,976.0,988.0,
28.0,29.0,32.0,38.0,47.0,62.0,113.0,165.0,200.0,257.0,269.0,272.0,281.0,313.0,316.0,341.0,342.0,381.0,446.0,461.0,467.0,518.0,536.0,607.0,609.0,669.0,704.0,714.0,799.0,804.0,822.0,844.0,904.0,952.0,
99.0,112.0,208.0,229.0,259.0,328.0,342.0,365.0,447.0,466.0,486.0,513.0,519.0,529.0,545.0,599.0,645.0,677.0,709.0,776.0,854.0,857.0,902.0,922.0,927.0,996.0,
71.0,81.0,92.0,109.0,109.0,118.0,138.0,151.0,163.0,190.0,199.0,231.0,238.0,291.0,291.0,328.0,430.0,431.0,447.0,471.0,528.0,568.0,651.0,656.0,657.0,692.0,717.0,758.0,780.0,824.0,827.0,851.0,871.0,875.0,893.0,912.0,930.0,948.0,963.0,987.0,
6.0,16.0,41.0,66.0,74.0,84.0,92.0,135.0,171.0,226.0,246.0,259.0,277.0,357.0,439.0,446.0,481.0,487.0,501.0,522.0,568.0,586.0,601.0,608.0,637.0,675.0,681.0,745.0,769.0,827.0,854.0,918.0,921.0,934.0,999.0,
14.0,91.0,150.0,173.0,195.0,220.0,232.0,244.0,276.0,353.0,386.0,410.0,417.0,420.0,429.0,445.0,466.0,479.0,503.0,516.0,536.0,562.0,563.0,630.0,741.0,748.0,751.0,818.0,825.0,825.0,842.0,881.0,887.0,917.0,936.0,
23.0,53.0,116.0,154.0,158.0,217.0,218.0,224.0,228.0,242.0,242.0,252.0,442.0,457.0,483.0,575.0,577.0,578.0,634.0,684.0,726.0,735.0,751.0,798.0,846.0,857.0,882.0,883.0,925.0,956.0,
16.0,31.0,34.0,35.0,86.0,126.0,135.0,188.0,222.0,226.0,231.0,235.0,240.0,253.0,288.0,346.0,348.0,353.0,355.0,420.0,422.0,425.0,456.0,539.0,555.0,606.0,624.0,642.0,644.0,655.0,658.0,714.0,714.0,752.0,795.0,836.0,840.0,850.0,868.0,878.0,895.0,898.0,944.0,967.0,971.0,996.0,
21.0,160.0,189.0,212.0,226.0,257.0,258.0,341.0,400.0,410.0,440.0,509.0,516.0,562.0,585.0,586.0,604.0,611.0,653.0,674.0,677.0,698.0,730.0,792.0,884.0,992.0,
12.0,25.0,72.0,81.0,89.0,132.0,151.0,229.0,240.0,246.0,299.0,308.0,347.0,360.0,381.0,391.0,474.0,479.0,499.0,522.0,536.0,544.0,582.0,601.0,693.0,704.0,726.0,741.0,774.0,780.0,790.0,795.0,813.0,825.0,859.0,879.0,967.0,
41.0,84.0,89.0,127.0,132.0,149.0,184.0,196.0,215.0,253.0,268.0,302.0,344.0,355.0,373.0,379.0,440.0,459.0,517.0,518.0,520.0,522.0,580.0,593.0,612.0,639.0,647.0,683.0,728.0,763.0,776.0,897.0,901.0,912.0,914.0,915.0,919.0,996.0,
47.0,55.0,65.0,81.0,85.0,88.0,106.0,124.0,144.0,151.0,183.0,186.0,189.0,190.0,191.0,193.0,256.0,288.0,306.0,307.0,330.0,333.0,368.0,382.0,413.0,419.0,438.0,467.0,472.0,477.0,508.0,570.0,630.0,652.0,656.0,659.0,684.0,715.0,752.0,797.0,848.0,859.0,876.0,889.0,897.0,909.0,926.0,954.0,
3.0,69.0,106.0,234.0,258.0,266.0,292.0,329.0,329.0,338.0,341.0,362.0,366.0,433.0,457.0,485.0,499.0,513.0,541.0,546.0,547.0,625.0,664.0,709.0,719.0,721.0,747.0,807.0,858.0,907.0,978.0,989.0,
20.0,63.0,72.0,79.0,132.0,134.0,158.0,198.0,203.0,221.0,234.0,320.0,335.0,343.0,349.0,354.0,433.0,523.0,535.0,555.0,581.0,636.0,659.0,661.0,672.0,690.0,693.0,720.0,736.0,748.0,755.0,757.0,788.0,831.0,834.0,874.0,881.0,938.0,948.0,999.0,
5.0,42.0,57.0,130.0,154.0,157.0,171.0,250.0,256.0,294.0,304.0,405.0,415.0,435.0,557.0,558.0,561.0,570.0,691.0,713.0,715.0,718.0,722.0,754.0,768.0,774.0,796.0,821.0,833.0,887.0,982.0,
29.0,31.0,49.0,55.0,56.0,69.0,99.0,110.0,121.0,125.0,126.0,139.0,157.0,170.0,171.0,171.0,215.0,261.0,265.0,296.0,333.0,347.0,376.0,383.0,396.0,400.0,401.0,413.0,447.0,465.0,497.0,512.0,538.0,556.0,589.0,616.0,630.0,633.0,645.0,684.0,697.0,715.0,721.0,722.0,737.0,762.0,778.0,804.0,835.0,839.0,841.0,855.0,888.0,947.0,981.0,
34.0,83.0,208.0,241.0,261.0,279.0,284.0,285.0,300.0,338.0,349.0,356.0,448.0,469.0,503.0,535.0,552.0,555.0,649.0,664.0,681.0,713.0,726.0,746.0,769.0,791.0,799.0,803.0,851.0,881.0,900.0,960.0,993.0,
3.0,23.0,38.0,57.0,98.0,123.0,173.0,178.0,182.0,215.0,242.0,252.0,261.0,279.0,324.0,345.0,376.0,480.0,501.0,505.0,534.0,609.0,619.0,632.0,662.0,664.0,666.0,676.0,695.0,767.0,828.0,846.0,
24.0,29.0,45.0,60.0,64.0,86.0,100.0,107.0,107.0,222.0,296.0,432.0,456.0,478.0,532.0,554.0,556.0,563.0,565.0,567.0,573.0,625.0,628.0,633.0,710.0,744.0,763.0,770.0,806.0,829.0,867.0,883.0,905.0,910.0,
57.0,62.0,66.0,67.0,79.0,125.0,127.0,158.0,262.0,262.0,278.0,283.0,392.0,439.0,449.0,470.0,509.0,513.0,516.0,559.0,604.0,619.0,665.0,692.0,735.0,748.0,792.0,799.0,807.0,808.0,827.0,953.0,968.0,985.0,
29.0,56.0,92.0,94.0,134.0,170.0,201.0,223.0,237.0,261.0,264.0,273.0,317.0,325.0,370.0,382.0,465.0,535.0,610.0,666.0,709.0,764.0,765.0,786.0,789.0,793.0,821.0,831.0,853.0,863.0,874.0,875.0,941.0,958.0,
47.0,137.0,172.0,224.0,225.0,249.0,289.0,351.0,367.0,368.0,415.0,458.0,584.0,631.0,638.0,662.0,678.0,689.0,704.0,720.0,731.0,740.0,756.0,763.0,791.0,803.0,809.0,809.0,813.0,873.0,897.0,904.0,925.0,956.0,
13.0,67.0,77.0,87.0,96.0,136.0,186.0,216.0,217.0,252.0,286.0,288.0,311.0,315.0,338.0,352.0,364.0,381.0,397.0,404.0,458.0,479.0,625.0,749.0,787.0,849.0,890.0,891.0,968.0,
2.0,55.0,66.0,70.0,88.0,123.0,208.0,209.0,276.0,317.0,400.0,568.0,573.0,596.0,598.0,602.0,608.0,632.0,727.0,760.0,784.0,828.0,840.0,869.0,905.0,921.0,923.0,942.0,946.0,976.0,977.0,978.0,982.0,983.0,
44.0,63.0,85.0,98.0,103.0,145.0,160.0,166.0,168.0,197.0,236.0,236.0,258.0,274.0,279.0,316.0,349.0,427.0,443.0,507.0,518.0,527.0,535.0,550.0,558.0,571.0,614.0,633.0,656.0,672.0,730.0,757.0,761.0,770.0,828.0,897.0,907.0,909.0,922.0,924.0,929.0,
15.0,31.0,39.0,57.0,129.0,143.0,145.0,165.0,184.0,231.0,233.0,287.0,302.0,472.0,479.0,622.0,656.0,670.0,694.0,701.0,721.0,761.0,852.0,880.0,911.0,917.0,918.0,951.0,991.0,
94.0,137.0,143.0,157.0,198.0,204.0,228.0,229.0,231.0,268.0,324.0,326.0,364.0,366.0,471.0,500.0,508.0,532.0,558.0,570.0,625.0,641.0,681.0,778.0,797.0,803.0,810.0,844.0,880.0,883.0,911.0,921.0,964.0,
65.0,84.0,96.0,113.0,163.0,203.0,248.0,253.0,266.0,268.0,296.0,340.0,343.0,343.0,360.0,403.0,413.0,453.0,455.0,476.0,478.0,534.0,551.0,570.0,572.0,572.0,588.0,598.0,731.0,783.0,800.0,802.0,820.0,930.0,942.0,972.0,976.0,981.0,
9.0,42.0,43.0,44.0,65.0,65.0,116.0,136.0,142.0,167.0,244.0,262.0,309.0,383.0,405.0,506.0,511.0,522.0,576.0,582.0,589.0,667.0,674.0,716.0,775.0,794.0,804.0,818.0,819.0,885.0,897.0,902.0,935.0,936.0,990.0,994.0,
5.0,42.0,44.0,88.0,94.0,135.0,152.0,154.0,158.0,184.0,188.0,224.0,236.0,243.0,261.0,281.0,351.0,390.0,416.0,520.0,565.0,599.0,608.0,625.0,663.0,664.0,680.0,682.0,688.0,688.0,734.0,757.0,769.0,780.0,838.0,840.0,884.0,901.0,907.0,951.0,
6.0,13.0,40.0,82.0,128.0,128.0,157.0,160.0,168.0,169.0,173.0,207.0,220.0,226.0,230.0,286.0,318.0,319.0,324.0,336.0,416.0,459.0,480.0,574.0,614.0,619.0,633.0,649.0,657.0,709.0,725.0,740.0,743.0,749.0,800.0,896.0,906.0,923.0,925.0,965.0,968.0,
15.0,23.0,92.0,102.0,110.0,115.0,162.0,191.0,205.0,317.0,339.0,348.0,403.0,464.0,482.0,501.0,
4.0,23.0,36.0,133.0,151.0,160.0,196.0,316.0,317.0,359.0,428.0,529.0,605.0,620.0,622.0,633.0,635.0,710.0,737.0,768.0,775.0,790.0,825.0,829.0,843.0,871.0,881.0,889.0,954.0,970.0,
17.0,39.0,41.0,52.0,60.0,71.0,99.0,150.0,156.0,158.0,178.0,197.0,282.0,286.0,290.0,314.0,319.0,327.0,362.0,373.0,380.0,411.0,435.0,476.0,515.0,524.0,533.0,573.0,612.0,613.0,616.0,636.0,657.0,680.0,705.0,734.0,739.0,747.0,786.0,822.0,824.0,875.0,901.0,922.0,949.0,962.0,981.0,990.0,
24.0,57.0,257.0,371.0,397.0,415.0,422.0,427.0,458.0,492.0,494.0,577.0,627.0,640.0,777.0,782.0,810.0,884.0,893.0,931.0,988.0,
15.0,19.0,51.0,132.0,168.0,186.0,197.0,213.0,230.0,276.0,296.0,299.0,389.0,403.0,489.0,530.0,614.0,632.0,637.0,683.0,684.0,743.0,798.0,
24.0,72.0,98.0,196.0,230.0,251.0,271.0,300.0,365.0,366.0,390.0,393.0,401.0,434.0,463.0,482.0,494.0,526.0,533.0,545.0,548.0,586.0,751.0,769.0,806.0,807.0,831.0,868.0,901.0,911.0,948.0,950.0,955.0,
17.0,33.0,68.0,81.0,86.0,169.0,320.0,383.0,383.0,429.0,486.0,487.0,546.0,574.0,605.0,642.0,677.0,681.0,760.0,774.0,776.0,823.0,926.0,949.0,971.0,
75.0,75.0,100.0,105.0,149.0,253.0,319.0,374.0,375.0,379.0,384.0,408.0,479.0,488.0,501.0,511.0,612.0,671.0,734.0,745.0,767.0,768.0,774.0,777.0,779.0,786.0,829.0,904.0,920.0,942.0,955.0,
47.0,52.0,97.0,108.0,108.0,115.0,155.0,194.0,197.0,216.0,323.0,344.0,346.0,377.0,433.0,483.0,516.0,518.0,556.0,560.0,621.0,665.0,679.0,694.0,704.0,705.0,727.0,780.0,833.0,889.0,962.0,
14.0,69.0,89.0,98.0,151.0,154.0,190.0,215.0,227.0,252.0,323.0,402.0,458.0,468.0,492.0,520.0,585.0,586.0,594.0,600.0,618.0,637.0,684.0,700.0,700.0,701.0,735.0,741.0,758.0,769.0,805.0,808.0,922.0,942.0,978.0,
6.0,13.0,17.0,26.0,26.0,84.0,93.0,106.0,106.0,112.0,125.0,196.0,198.0,316.0,351.0,351.0,361.0,396.0,398.0,415.0,418.0,478.0,517.0,524.0,572.0,574.0,637.0,686.0,806.0,842.0,866.0,932.0,962.0,965.0,976.0,
10.0,11.0,29.0,37.0,102.0,139.0,175.0,199.0,205.0,231.0,233.0,280.0,299.0,338.0,428.0,438.0,455.0,466.0,493.0,501.0,601.0,647.0,709.0,729.0,762.0,828.0,830.0,884.0,887.0,891.0,900.0,908.0,929.0,936.0,981.0,998.0,
27.0,58.0,102.0,119.0,144.0,146.0,230.0,248.0,295.0,315.0,318.0,323.0,335.0,336.0,438.0,438.0,444.0,490.0,499.0,540.0,574.0,629.0,639.0,655.0,665.0,726.0,740.0,784.0,791.0,863.0,894.0,949.0,955.0,980.0,
30.0,58.0,70.0,73.0,87.0,100.0,152.0,186.0,197.0,211.0,234.0,251.0,259.0,295.0,363.0,394.0,449.0,499.0,513.0,529.0,546.0,567.0,580.0,609.0,636.0,638.0,666.0,710.0,731.0,736.0,738.0,746.0,805.0,843.0,845.0,900.0,926.0,932.0,940.0,954.0,970.0,978.0,994.0,
20.0,20.0,25.0,79.0,135.0,179.0,191.0,213.0,330.0,390.0,469.0,548.0,604.0,605.0,698.0,722.0,725.0,764.0,810.0,814.0,842.0,850.0,884.0,897.0,913.0,982.0,
217.0,226.0,234.0,239.0,260.0,261.0,271.0,271.0,315.0,330.0,341.0,346.0,379.0,381.0,394.0,413.0,459.0,473.0,476.0,522.0,599.0,612.0,695.0,707.0,714.0,752.0,835.0,867.0,918.0,934.0,945.0,952.0,954.0,961.0,982.0,
27.0,65.0,73.0,75.0,87.0,115.0,164.0,179.0,182.0,195.0,198.0,202.0,244.0,268.0,293.0,295.0,320.0,347.0,367.0,369.0,408.0,490.0,571.0,573.0,580.0,588.0,601.0,657.0,713.0,739.0,748.0,805.0,823.0,848.0,857.0,927.0,934.0,963.0,969.0,984.0,
33.0,101.0,152.0,167.0,204.0,220.0,230.0,249.0,302.0,305.0,312.0,368.0,399.0,434.0,437.0,454.0,526.0,526.0,548.0,614.0,618.0,653.0,656.0,661.0,663.0,669.0,706.0,742.0,766.0,780.0,798.0,851.0,954.0,989.0,991.0,995.0,996.0,1000.0,
50.0,57.0,64.0,67.0,68.0,126.0,132.0,145.0,184.0,187.0,205.0,287.0,290.0,305.0,309.0,329.0,351.0,361.0,422.0,423.0,485.0,486.0,525.0,532.0,538.0,591.0,592.0,627.0,645.0,670.0,718.0,735.0,774.0,798.0,847.0,906.0,925.0,927.0,992.0,
2.0,69.0,106.0,135.0,162.0,167.0,205.0,226.0,319.0,320.0,363.0,436.0,447.0,451.0,467.0,487.0,529.0,540.0,579.0,588.0,614.0,659.0,685.0,704.0,754.0,759.0,761.0,765.0,776.0,815.0,830.0,869.0,891.0,953.0,968.0,992.0,
10.0,14.0,25.0,81.0,111.0,137.0,145.0,150.0,152.0,199.0,208.0,221.0,249.0,293.0,309.0,322.0,407.0,445.0,475.0,486.0,517.0,564.0,582.0,617.0,619.0,642.0,707.0,728.0,734.0,770.0,783.0,784.0,794.0,817.0,824.0,894.0,909.0,921.0,923.0,930.0,933.0,957.0,963.0,
18.0,37.0,147.0,182.0,185.0,186.0,217.0,226.0,246.0,280.0,306.0,321.0,342.0,385.0,386.0,474.0,517.0,523.0,525.0,549.0,577.0,600.0,602.0,758.0,768.0,773.0,804.0,822.0,924.0,963.0,978.0,
2.0,26.0,39.0,58.0,58.0,61.0,93.0,114.0,117.0,138.0,155.0,184.0,238.0,242.0,276.0,315.0,390.0,405.0,482.0,510.0,552.0,572.0,594.0,606.0,608.0,629.0,633.0,651.0,689.0,717.0,798.0,803.0,816.0,860.0,892.0,946.0,
14.0,21.0,33.0,48.0,124.0,179.0,241.0,251.0,258.0,270.0,339.0,374.0,376.0,421.0,428.0,445.0,463.0,493.0,549.0,551.0,584.0,590.0,604.0,629.0,728.0,761.0,785.0,796.0,856.0,892.0,957.0,974.0,
3.0,22.0,31.0,41.0,116.0,131.0,173.0,198.0,296.0,382.0,398.0,423.0,427.0,493.0,521.0,530.0,539.0,670.0,672.0,707.0,733.0,743.0,765.0,859.0,863.0,914.0,918.0,919.0,933.0,934.0,953.0,998.0,
31.0,43.0,45.0,48.0,51.0,87.0,110.0,135.0,190.0,214.0,288.0,294.0,294.0,308.0,317.0,387.0,406.0,440.0,440.0,446.0,467.0,523.0,586.0,605.0,611.0,651.0,681.0,704.0,722.0,725.0,755.0,765.0,792.0,823.0,840.0,858.0,874.0,905.0,927.0,937.0,938.0,971.0,
34.0,45.0,48.0,50.0,53.0,57.0,96.0,139.0,151.0,220.0,223.0,238.0,296.0,326.0,350.0,395.0,407.0,424.0,435.0,471.0,514.0,525.0,528.0,606.0,608.0,616.0,639.0,659.0,684.0,698.0,708.0,712.0,725.0,853.0,866.0,965.0,969.0,981.0,
12.0,27.0,65.0,81.0,154.0,194.0,206.0,226.0,226.0,260.0,323.0,339.0,361.0,380.0,418.0,522.0,534.0,538.0,555.0,590.0,614.0,614.0,637.0,701.0,719.0,728.0,791.0,818.0,844.0,900.0,935.0,945.0,950.0,955.0,976.0,
30.0,31.0,37.0,65.0,83.0,88.0,120.0,125.0,195.0,219.0,283.0,340.0,341.0,356.0,407.0,422.0,455.0,462.0,500.0,521.0,536.0,541.0,567.0,578.0,638.0,691.0,735.0,787.0,802.0,826.0,838.0,849.0,878.0,883.0,893.0,933.0,952.0,961.0,998.0,
11.0,68.0,108.0,132.0,135.0,155.0,155.0,160.0,169.0,190.0,195.0,238.0,299.0,318.0,320.0,323.0,375.0,393.0,393.0,393.0,410.0,425.0,500.0,514.0,590.0,596.0,677.0,716.0,732.0,734.0,738.0,761.0,763.0,896.0,989.0,
38.0,47.0,54.0,62.0,90.0,104.0,151.0,235.0,245.0,282.0,295.0,314.0,403.0,419.0,426.0,451.0,459.0,500.0,558.0,579.0,633.0,685.0,688.0,717.0,839.0,845.0,877.0,932.0,966.0,969.0,978.0,987.0,990.0,991.0,
16.0,33.0,78.0,99.0,106.0,150.0,164.0,165.0,198.0,290.0,361.0,367.0,423.0,465.0,542.0,557.0,569.0,576.0,591.0,610.0,623.0,770.0,787.0,793.0,795.0,806.0,825.0,848.0,853.0,873.0,889.0,902.0,914.0,922.0,922.0,930.0,996.0,
14.0,20.0,80.0,92.0,152.0,163.0,180.0,203.0,219.0,227.0,241.0,246.0,255.0,263.0,503.0,513.0,545.0,562.0,578.0,602.0,656.0,666.0,671.0,675.0,749.0,769.0,770.0,846.0,855.0,866.0,872.0,884.0,890.0,905.0,956.0,980.0,999.0,
18.0,39.0,90.0,95.0,247.0,248.0,260.0,268.0,336.0,387.0,396.0,407.0,446.0,457.0,481.0,513.0,520.0,544.0,551.0,595.0,601.0,612.0,619.0,681.0,695.0,711.0,716.0,743.0,790.0,837.0,843.0,873.0,880.0,885.0,928.0,942.0,949.0,949.0,
4.0,119.0,134.0,139.0,269.0,275.0,286.0,298.0,344.0,353.0,412.0,444.0,501.0,510.0,560.0,651.0,698.0,707.0,713.0,748.0,783.0,799.0,822.0,825.0,846.0,921.0,943.0,956.0,957.0,961.0,993.0,
4.0,49.0,57.0,74.0,109.0,120.0,158.0,184.0,186.0,208.0,243.0,282.0,316.0,326.0,326.0,382.0,399.0,413.0,576.0,583.0,617.0,655.0,676.0,718.0,732.0,758.0,766.0,769.0,775.0,799.0,866.0,880.0,940.0,958.0,963.0,996.0,999.0,
12.0,39.0,49.0,50.0,69.0,111.0,113.0,129.0,142.0,242.0,242.0,300.0,358.0,409.0,449.0,450.0,503.0,583.0,593.0,621.0,626.0,626.0,639.0,653.0,704.0,724.0,742.0,750.0,762.0,776.0,813.0,893.0,937.0,938.0,983.0,
95.0,139.0,141.0,158.0,166.0,196.0,234.0,257.0,308.0,309.0,310.0,386.0,391.0,416.0,426.0,445.0,519.0,561.0,615.0,615.0,627.0,692.0,698.0,734.0,734.0,743.0,768.0,798.0,891.0,973.0,
28.0,39.0,57.0,84.0,104.0,111.0,155.0,175.0,179.0,204.0,208.0,209.0,216.0,245.0,355.0,369.0,374.0,376.0,403.0,420.0,446.0,490.0,505.0,511.0,556.0,579.0,601.0,634.0,643.0,688.0,726.0,734.0,813.0,827.0,830.0,862.0,931.0,946.0,969.0,972.0,983.0,
18.0,22.0,57.0,78.0,180.0,196.0,203.0,247.0,280.0,281.0,286.0,300.0,313.0,359.0,360.0,365.0,366.0,435.0,441.0,496.0,499.0,519.0,527.0,577.0,610.0,640.0,709.0,734.0,792.0,801.0,805.0,823.0,828.0,832.0,923.0,992.0,
3.0,7.0,15.0,74.0,141.0,224.0,271.0,272.0,280.0,295.0,374.0,386.0,402.0,430.0,435.0,445.0,460.0,463.0,465.0,467.0,496.0,524.0,570.0,578.0,578.0,585.0,616.0,643.0,678.0,706.0,723.0,747.0,753.0,760.0,821.0,916.0,929.0,947.0,967.0,
22.0,40.0,82.0,101.0,113.0,114.0,147.0,175.0,208.0,279.0,392.0,403.0,442.0,478.0,498.0,510.0,515.0,536.0,571.0,651.0,704.0,722.0,725.0,730.0,795.0,873.0,889.0,944.0,953.0,
3.0,24.0,28.0,33.0,35.0,53.0,68.0,96.0,108.0,124.0,134.0,152.0,156.0,194.0,216.0,272.0,306.0,353.0,356.0,357.0,360.0,373.0,397.0,440.0,458.0,470.0,488.0,506.0,523.0,553.0,571.0,603.0,622.0,634.0,660.0,679.0,804.0,832.0,856.0,878.0,921.0,957.0,960.0,977.0,981.0,
51.0,58.0,67.0,89.0,92.0,98.0,105.0,116.0,119.0,139.0,206.0,230.0,244.0,273.0,344.0,346.0,360.0,370.0,408.0,424.0,438.0,510.0,530.0,569.0,577.0,582.0,592.0,601.0,623.0,654.0,660.0,667.0,701.0,723.0,733.0,793.0,803.0,823.0,848.0,910.0,944.0,
9.0,75.0,91.0,116.0,131.0,143.0,186.0,188.0,287.0,306.0,354.0,375.0,388.0,451.0,455.0,517.0,527.0,569.0,595.0,647.0,666.0,682.0,697.0,719.0,719.0,761.0,776.0,783.0,841.0,842.0,869.0,902.0,971.0,975.0,996.0,
