17.0,23.0,67.0,115.0,135.0,137.0,217.0,252.0,314.0,363.0,367.0,371.0,451.0,462.0,476.0,547.0,580.0,587.0,613.0,692.0,707.0,715.0,724.0,733.0,788.0,828.0,839.0,851.0,900.0,934.0,964.0,985.0,993.0,996.0,
46.0,95.0,97.0,100.0,100.0,114.0,283.0,346.0,369.0,391.0,400.0,406.0,413.0,444.0,465.0,466.0,488.0,501.0,512.0,605.0,663.0,714.0,741.0,757.0,768.0,777.0,779.0,785.0,798.0,807.0,817.0,819.0,839.0,839.0,871.0,874.0,879.0,931.0,951.0,955.0,986.0,996.0,
83.0,132.0,146.0,158.0,162.0,169.0,194.0,206.0,278.0,366.0,391.0,415.0,420.0,428.0,445.0,446.0,468.0,483.0,487.0,501.0,522.0,530.0,559.0,585.0,589.0,601.0,605.0,628.0,673.0,717.0,799.0,832.0,836.0,845.0,849.0,852.0,976.0,976.0,994.0,996.0,
12.0,27.0,54.0,59.0,107.0,147.0,163.0,212.0,253.0,254.0,259.0,284.0,337.0,348.0,389.0,463.0,487.0,507.0,531.0,573.0,577.0,581.0,591.0,629.0,636.0,732.0,768.0,793.0,918.0,920.0,934.0,964.0,968.0,
12.0,79.0,93.0,108.0,158.0,174.0,192.0,199.0,276.0,290.0,326.0,348.0,356.0,380.0,480.0,486.0,489.0,504.0,539.0,591.0,614.0,624.0,705.0,719.0,795.0,918.0,938.0,
49.0,58.0,83.0,84.0,111.0,126.0,140.0,184.0,188.0,188.0,236.0,373.0,385.0,407.0,415.0,511.0,555.0,612.0,674.0,678.0,704.0,769.0,798.0,817.0,832.0,853.0,930.0,972.0,
4.0,44.0,50.0,53.0,63.0,120.0,149.0,162.0,166.0,231.0,271.0,342.0,353.0,407.0,429.0,491.0,558.0,620.0,627.0,704.0,739.0,801.0,859.0,865.0,897.0,899.0,900.0,904.0,907.0,949.0,950.0,953.0,961.0,
183.0,215.0,221.0,248.0,256.0,285.0,291.0,348.0,370.0,397.0,416.0,457.0,467.0,567.0,600.0,614.0,627.0,650.0,696.0,714.0,719.0,736.0,749.0,848.0,852.0,934.0,935.0,
41.0,47.0,151.0,152.0,184.0,197.0,205.0,206.0,284.0,294.0,314.0,325.0,425.0,439.0,463.0,506.0,525.0,534.0,617.0,641.0,670.0,727.0,764.0,845.0,905.0,910.0,922.0,938.0,946.0,977.0,
23.0,24.0,32.0,37.0,142.0,161.0,185.0,218.0,267.0,275.0,290.0,315.0,316.0,349.0,358.0,368.0,382.0,489.0,507.0,510.0,549.0,559.0,560.0,586.0,602.0,623.0,680.0,699.0,726.0,729.0,736.0,762.0,781.0,815.0,853.0,867.0,878.0,886.0,975.0,993.0,995.0,
29.0,34.0,90.0,127.0,127.0,155.0,204.0,221.0,230.0,250.0,293.0,340.0,352.0,414.0,420.0,428.0,437.0,533.0,578.0,588.0,664.0,670.0,677.0,699.0,726.0,748.0,766.0,785.0,794.0,817.0,821.0,854.0,875.0,919.0,927.0,938.0,977.0,990.0,
30.0,32.0,80.0,90.0,106.0,106.0,108.0,145.0,155.0,156.0,191.0,212.0,239.0,256.0,297.0,300.0,336.0,365.0,395.0,425.0,440.0,449.0,451.0,456.0,459.0,472.0,518.0,526.0,545.0,561.0,603.0,605.0,625.0,653.0,725.0,744.0,782.0,961.0,976.0,
3.0,39.0,44.0,47.0,47.0,63.0,86.0,90.0,95.0,104.0,150.0,191.0,197.0,221.0,229.0,281.0,332.0,333.0,353.0,375.0,399.0,436.0,459.0,514.0,516.0,546.0,566.0,615.0,615.0,660.0,711.0,863.0,877.0,966.0,
11.0,11.0,33.0,41.0,175.0,195.0,233.0,250.0,252.0,277.0,284.0,310.0,311.0,317.0,318.0,365.0,432.0,438.0,444.0,446.0,454.0,491.0,508.0,509.0,510.0,570.0,578.0,604.0,658.0,697.0,714.0,714.0,726.0,736.0,747.0,757.0,779.0,827.0,838.0,840.0,891.0,921.0,922.0,926.0,938.0,940.0,958.0,958.0,982.0,
2.0,20.0,21.0,44.0,57.0,82.0,92.0,98.0,116.0,193.0,196.0,217.0,224.0,239.0,300.0,316.0,421.0,500.0,526.0,559.0,568.0,594.0,640.0,653.0,687.0,692.0,693.0,696.0,751.0,782.0,783.0,830.0,844.0,850.0,896.0,909.0,934.0,973.0,
3.0,18.0,35.0,81.0,164.0,179.0,181.0,263.0,263.0,266.0,287.0,312.0,314.0,346.0,373.0,443.0,500.0,505.0,507.0,555.0,566.0,581.0,581.0,600.0,604.0,677.0,683.0,716.0,803.0,822.0,827.0,893.0,901.0,935.0,980.0,
68.0,88.0,127.0,129.0,140.0,147.0,154.0,175.0,188.0,199.0,205.0,220.0,230.0,268.0,281.0,286.0,288.0,371.0,398.0,407.0,535.0,549.0,553.0,576.0,646.0,651.0,695.0,735.0,813.0,855.0,891.0,922.0,942.0,972.0,
45.0,79.0,126.0,136.0,163.0,170.0,191.0,199.0,269.0,275.0,310.0,324.0,415.0,425.0,450.0,473.0,513.0,538.0,541.0,551.0,552.0,560.0,567.0,583.0,593.0,600.0,620.0,651.0,707.0,738.0,747.0,749.0,782.0,809.0,815.0,835.0,883.0,925.0,929.0,983.0,985.0,
61.0,119.0,141.0,196.0,253.0,254.0,325.0,350.0,352.0,368.0,383.0,406.0,483.0,486.0,510.0,533.0,580.0,580.0,584.0,593.0,596.0,615.0,615.0,625.0,634.0,653.0,671.0,673.0,673.0,686.0,723.0,725.0,750.0,775.0,795.0,933.0,945.0,973.0,997.0,
6.0,8.0,42.0,60.0,67.0,84.0,85.0,88.0,107.0,110.0,129.0,169.0,179.0,221.0,246.0,285.0,297.0,299.0,303.0,307.0,385.0,393.0,459.0,488.0,532.0,550.0,661.0,689.0,702.0,758.0,780.0,851.0,954.0,971.0,
2.0,10.0,77.0,92.0,102.0,108.0,221.0,238.0,271.0,275.0,337.0,359.0,360.0,364.0,364.0,400.0,414.0,417.0,418.0,480.0,547.0,549.0,572.0,615.0,651.0,652.0,745.0,761.0,763.0,817.0,851.0,852.0,908.0,921.0,937.0,946.0,
8.0,51.0,55.0,71.0,104.0,166.0,170.0,176.0,198.0,215.0,307.0,307.0,396.0,408.0,479.0,550.0,622.0,670.0,676.0,683.0,715.0,730.0,732.0,743.0,760.0,793.0,828.0,834.0,841.0,853.0,867.0,871.0,872.0,875.0,
12.0,92.0,110.0,116.0,142.0,201.0,248.0,259.0,347.0,347.0,387.0,433.0,436.0,439.0,445.0,450.0,457.0,470.0,500.0,520.0,572.0,614.0,640.0,649.0,662.0,676.0,688.0,700.0,711.0,749.0,826.0,832.0,841.0,905.0,918.0,923.0,941.0,995.0,
10.0,84.0,88.0,97.0,128.0,139.0,224.0,351.0,363.0,372.0,383.0,385.0,443.0,470.0,496.0,499.0,547.0,553.0,580.0,658.0,705.0,808.0,810.0,873.0,928.0,933.0,938.0,982.0,999.0,
31.0,41.0,56.0,94.0,99.0,99.0,181.0,237.0,256.0,260.0,310.0,326.0,450.0,455.0,479.0,487.0,524.0,529.0,537.0,563.0,584.0,651.0,651.0,851.0,857.0,893.0,907.0,909.0,918.0,931.0,947.0,953.0,973.0,
65.0,71.0,94.0,102.0,110.0,114.0,184.0,190.0,192.0,223.0,254.0,290.0,327.0,332.0,391.0,396.0,438.0,449.0,498.0,502.0,513.0,586.0,587.0,593.0,641.0,649.0,661.0,662.0,691.0,737.0,795.0,806.0,866.0,900.0,
14.0,59.0,68.0,76.0,82.0,85.0,118.0,121.0,148.0,171.0,252.0,265.0,273.0,278.0,292.0,293.0,394.0,452.0,458.0,463.0,468.0,543.0,582.0,607.0,676.0,693.0,717.0,739.0,747.0,757.0,774.0,822.0,854.0,878.0,906.0,951.0,970.0,
42.0,112.0,164.0,177.0,184.0,204.0,232.0,235.0,260.0,320.0,328.0,339.0,400.0,406.0,432.0,474.0,490.0,594.0,598.0,666.0,675.0,701.0,709.0,751.0,754.0,778.0,781.0,795.0,854.0,873.0,895.0,898.0,914.0,917.0,927.0,928.0,936.0,945.0,947.0,948.0,984.0,
65.0,127.0,153.0,159.0,184.0,215.0,270.0,287.0,289.0,326.0,333.0,335.0,337.0,407.0,431.0,434.0,440.0,452.0,460.0,468.0,494.0,510.0,576.0,624.0,634.0,694.0,707.0,728.0,824.0,836.0,851.0,877.0,891.0,916.0,921.0,926.0,948.0,987.0,995.0,
12.0,15.0,39.0,116.0,158.0,188.0,209.0,274.0,357.0,393.0,403.0,467.0,490.0,496.0,503.0,506.0,531.0,538.0,576.0,576.0,628.0,643.0,685.0,705.0,712.0,728.0,736.0,825.0,826.0,866.0,885.0,
9.0,11.0,91.0,135.0,154.0,157.0,189.0,196.0,225.0,233.0,283.0,357.0,421.0,427.0,441.0,466.0,524.0,532.0,537.0,562.0,585.0,675.0,704.0,704.0,726.0,735.0,761.0,781.0,808.0,808.0,825.0,826.0,858.0,877.0,889.0,903.0,952.0,989.0,
24.0,62.0,69.0,74.0,76.0,88.0,124.0,166.0,211.0,266.0,266.0,294.0,305.0,315.0,323.0,337.0,356.0,393.0,397.0,405.0,407.0,485.0,513.0,549.0,589.0,644.0,653.0,662.0,686.0,744.0,806.0,807.0,817.0,851.0,861.0,931.0,937.0,971.0,
5.0,11.0,30.0,38.0,56.0,76.0,83.0,91.0,135.0,136.0,174.0,180.0,208.0,213.0,214.0,215.0,305.0,309.0,332.0,333.0,336.0,434.0,438.0,459.0,470.0,475.0,489.0,490.0,529.0,599.0,604.0,605.0,610.0,620.0,634.0,636.0,651.0,696.0,701.0,723.0,760.0,787.0,845.0,869.0,995.0,
11.0,55.0,65.0,69.0,73.0,169.0,198.0,209.0,253.0,254.0,323.0,353.0,358.0,371.0,373.0,390.0,530.0,534.0,565.0,565.0,574.0,610.0,616.0,616.0,690.0,749.0,814.0,815.0,847.0,885.0,916.0,964.0,978.0,998.0,
78.0,83.0,105.0,206.0,236.0,237.0,259.0,282.0,320.0,327.0,344.0,353.0,353.0,379.0,447.0,456.0,457.0,470.0,474.0,491.0,496.0,538.0,541.0,564.0,571.0,609.0,622.0,665.0,700.0,710.0,740.0,755.0,774.0,830.0,841.0,878.0,887.0,900.0,937.0,959.0,970.0,971.0,1000.0,
7.0,7.0,76.0,77.0,108.0,111.0,126.0,151.0,178.0,180.0,207.0,278.0,311.0,325.0,339.0,356.0,361.0,385.0,406.0,416.0,436.0,464.0,512.0,557.0,604.0,631.0,664.0,688.0,703.0,716.0,783.0,786.0,946.0,975.0,993.0,
39.0,69.0,107.0,118.0,128.0,147.0,210.0,231.0,248.0,310.0,344.0,364.0,398.0,476.0,485.0,530.0,545.0,591.0,598.0,641.0,684.0,684.0,726.0,733.0,743.0,748.0,837.0,842.0,861.0,869.0,872.0,898.0,961.0,972.0,
26.0,93.0,119.0,123.0,132.0,137.0,162.0,172.0,230.0,269.0,285.0,353.0,404.0,416.0,464.0,505.0,541.0,554.0,561.0,567.0,614.0,621.0,627.0,635.0,640.0,656.0,696.0,775.0,873.0,917.0,944.0,979.0,988.0,
42.0,42.0,113.0,124.0,136.0,368.0,379.0,462.0,517.0,531.0,549.0,575.0,605.0,679.0,733.0,735.0,762.0,845.0,851.0,865.0,888.0,901.0,902.0,931.0,973.0,982.0,
25.0,33.0,64.0,72.0,164.0,164.0,199.0,200.0,207.0,217.0,250.0,251.0,312.0,336.0,336.0,358.0,372.0,375.0,376.0,460.0,482.0,487.0,546.0,580.0,620.0,630.0,636.0,685.0,746.0,753.0,755.0,775.0,803.0,867.0,893.0,910.0,933.0,959.0,983.0,
32.0,60.0,102.0,108.0,207.0,215.0,251.0,364.0,400.0,413.0,451.0,451.0,475.0,483.0,523.0,545.0,548.0,563.0,574.0,623.0,666.0,688.0,695.0,711.0,717.0,755.0,787.0,806.0,855.0,921.0,934.0,968.0,989.0,989.0,992.0,
11.0,18.0,23.0,89.0,97.0,176.0,236.0,242.0,272.0,313.0,314.0,317.0,383.0,389.0,429.0,431.0,438.0,452.0,462.0,567.0,651.0,653.0,654.0,663.0,675.0,698.0,698.0,711.0,765.0,822.0,887.0,915.0,918.0,940.0,963.0,985.0,986.0,989.0,
4.0,13.0,44.0,102.0,130.0,193.0,211.0,223.0,240.0,269.0,270.0,271.0,297.0,387.0,430.0,436.0,484.0,493.0,494.0,538.0,555.0,560.0,588.0,617.0,648.0,653.0,662.0,672.0,672.0,741.0,757.0,762.0,853.0,857.0,874.0,892.0,898.0,902.0,910.0,924.0,935.0,973.0,993.0,
38.0,130.0,159.0,192.0,277.0,278.0,361.0,377.0,403.0,410.0,421.0,422.0,426.0,469.0,476.0,488.0,506.0,571.0,579.0,595.0,616.0,668.0,672.0,674.0,686.0,694.0,735.0,753.0,823.0,852.0,935.0,
14.0,15.0,15.0,27.0,49.0,54.0,83.0,181.0,218.0,229.0,249.0,357.0,360.0,374.0,383.0,391.0,414.0,443.0,445.0,456.0,496.0,500.0,500.0,517.0,557.0,560.0,602.0,628.0,640.0,649.0,703.0,749.0,782.0,786.0,801.0,806.0,813.0,843.0,847.0,893.0,992.0,996.0,
31.0,61.0,63.0,79.0,84.0,148.0,163.0,165.0,191.0,255.0,281.0,293.0,309.0,337.0,362.0,380.0,448.0,462.0,474.0,538.0,662.0,692.0,719.0,745.0,767.0,769.0,790.0,812.0,822.0,825.0,841.0,849.0,861.0,893.0,898.0,921.0,933.0,955.0,967.0,978.0,
80.0,80.0,102.0,124.0,142.0,148.0,190.0,210.0,223.0,226.0,229.0,256.0,281.0,288.0,289.0,307.0,346.0,382.0,399.0,407.0,466.0,512.0,516.0,546.0,570.0,573.0,650.0,664.0,698.0,716.0,728.0,730.0,795.0,819.0,868.0,871.0,874.0,896.0,920.0,944.0,978.0,
91.0,102.0,109.0,139.0,191.0,197.0,221.0,301.0,390.0,493.0,514.0,540.0,562.0,568.0,589.0,612.0,623.0,636.0,637.0,648.0,690.0,697.0,712.0,726.0,751.0,752.0,767.0,797.0,814.0,844.0,864.0,893.0,906.0,917.0,
3.0,6.0,12.0,17.0,42.0,53.0,59.0,64.0,90.0,116.0,123.0,202.0,216.0,228.0,265.0,272.0,361.0,365.0,495.0,557.0,585.0,586.0,649.0,655.0,689.0,706.0,722.0,730.0,736.0,737.0,783.0,783.0,793.0,827.0,851.0,886.0,893.0,929.0,964.0,
2.0,8.0,13.0,39.0,44.0,66.0,107.0,121.0,138.0,196.0,243.0,256.0,258.0,278.0,365.0,373.0,383.0,415.0,422.0,437.0,472.0,474.0,549.0,565.0,566.0,593.0,617.0,652.0,798.0,936.0,959.0,966.0,967.0,
2.0,24.0,54.0,78.0,109.0,118.0,129.0,177.0,192.0,271.0,302.0,319.0,419.0,435.0,457.0,618.0,673.0,794.0,819.0,953.0,982.0,
58.0,108.0,111.0,122.0,140.0,187.0,237.0,272.0,278.0,294.0,323.0,325.0,336.0,401.0,403.0,434.0,459.0,496.0,508.0,593.0,625.0,632.0,685.0,696.0,698.0,705.0,707.0,778.0,785.0,787.0,797.0,855.0,892.0,930.0,947.0,980.0,
58.0,79.0,123.0,149.0,157.0,195.0,196.0,299.0,301.0,320.0,452.0,483.0,497.0,510.0,556.0,556.0,601.0,626.0,632.0,637.0,704.0,749.0,757.0,795.0,805.0,830.0,930.0,955.0,989.0,
7.0,10.0,56.0,65.0,68.0,79.0,104.0,206.0,232.0,236.0,264.0,305.0,337.0,338.0,350.0,374.0,405.0,417.0,439.0,460.0,465.0,473.0,510.0,528.0,542.0,608.0,612.0,632.0,652.0,712.0,733.0,775.0,790.0,818.0,826.0,832.0,894.0,906.0,920.0,
10.0,29.0,50.0,73.0,86.0,123.0,128.0,134.0,185.0,196.0,200.0,230.0,264.0,269.0,292.0,352.0,401.0,402.0,447.0,471.0,484.0,488.0,491.0,519.0,565.0,617.0,626.0,712.0,750.0,798.0,944.0,978.0,
38.0,58.0,78.0,104.0,108.0,181.0,207.0,225.0,230.0,253.0,295.0,336.0,336.0,371.0,388.0,397.0,427.0,469.0,471.0,
112.0,163.0,184.0,214.0,234.0,292.0,315.0,335.0,416.0,422.0,423.0,426.0,448.0,490.0,524.0,528.0,532.0,618.0,660.0,713.0,753.0,767.0,834.0,966.0,986.0,993.0,994.0,998.0,
6.0,26.0,50.0,70.0,81.0,139.0,153.0,196.0,208.0,221.0,245.0,252.0,255.0,344.0,405.0,408.0,438.0,445.0,461.0,463.0,532.0,539.0,543.0,559.0,570.0,596.0,596.0,604.0,607.0,618.0,631.0,633.0,711.0,728.0,788.0,803.0,808.0,835.0,840.0,844.0,856.0,901.0,949.0,
25.0,66.0,83.0,113.0,200.0,207.0,246.0,249.0,360.0,384.0,489.0,503.0,516.0,539.0,616.0,621.0,665.0,667.0,698.0,699.0,733.0,760.0,779.0,786.0,795.0,823.0,825.0,842.0,875.0,886.0,949.0,959.0,964.0,
4.0,38.0,65.0,71.0,145.0,146.0,169.0,179.0,181.0,185.0,188.0,196.0,204.0,287.0,340.0,342.0,354.0,404.0,429.0,454.0,455.0,474.0,500.0,505.0,518.0,528.0,538.0,545.0,584.0,634.0,639.0,692.0,693.0,695.0,735.0,742.0,745.0,746.0,749.0,841.0,869.0,913.0,942.0,
2.0,37.0,57.0,60.0,65.0,70.0,84.0,109.0,125.0,126.0,155.0,159.0,266.0,293.0,367.0,372.0,394.0,404.0,416.0,421.0,465.0,482.0,525.0,542.0,567.0,610.0,643.0,681.0,730.0,736.0,736.0,737.0,749.0,773.0,783.0,799.0,799.0,814.0,838.0,846.0,910.0,922.0,966.0,971.0,
22.0,36.0,44.0,76.0,90.0,92.0,210.0,256.0,265.0,341.0,366.0,386.0,494.0,526.0,641.0,651.0,676.0,714.0,716.0,728.0,731.0,736.0,741.0,785.0,797.0,806.0,811.0,919.0,941.0,949.0,957.0,960.0,986.0,991.0,993.0,
26.0,41.0,44.0,121.0,131.0,207.0,236.0,239.0,338.0,347.0,347.0,376.0,410.0,418.0,421.0,432.0,471.0,527.0,554.0,568.0,579.0,620.0,658.0,663.0,683.0,686.0,691.0,716.0,719.0,762.0,804.0,805.0,818.0,833.0,838.0,887.0,912.0,945.0,979.0,989.0,991.0,991.0,
15.0,27.0,47.0,82.0,152.0,227.0,242.0,260.0,289.0,400.0,401.0,409.0,473.0,479.0,493.0,501.0,539.0,574.0,581.0,618.0,634.0,664.0,674.0,718.0,727.0,785.0,805.0,848.0,887.0,893.0,902.0,904.0,960.0,
60.0,82.0,87.0,91.0,120.0,141.0,171.0,176.0,179.0,188.0,204.0,219.0,282.0,283.0,308.0,325.0,354.0,487.0,513.0,563.0,599.0,607.0,653.0,679.0,688.0,691.0,744.0,756.0,812.0,890.0,895.0,930.0,954.0,
56.0,75.0,105.0,125.0,144.0,156.0,175.0,238.0,264.0,286.0,290.0,304.0,365.0,400.0,404.0,463.0,469.0,495.0,500.0,523.0,626.0,627.0,678.0,680.0,683.0,689.0,744.0,770.0,814.0,818.0,850.0,867.0,904.0,915.0,922.0,982.0,
20.0,136.0,147.0,176.0,197.0,202.0,218.0,219.0,247.0,258.0,274.0,293.0,325.0,382.0,383.0,408.0,425.0,444.0,445.0,471.0,479.0,549.0,584.0,593.0,603.0,614.0,675.0,712.0,731.0,751.0,762.0,795.0,799.0,804.0,818.0,852.0,865.0,868.0,874.0,901.0,929.0,947.0,971.0,993.0,
182.0,201.0,217.0,236.0,275.0,293.0,321.0,331.0,354.0,375.0,392.0,401.0,437.0,440.0,508.0,537.0,537.0,563.0,600.0,611.0,639.0,677.0,764.0,828.0,869.0,876.0,940.0,957.0,961.0,987.0,
16.0,37.0,170.0,219.0,305.0,321.0,411.0,427.0,455.0,497.0,554.0,600.0,602.0,619.0,633.0,650.0,665.0,736.0,745.0,760.0,781.0,796.0,802.0,814.0,815.0,865.0,884.0,912.0,
58.0,66.0,66.0,87.0,99.0,108.0,155.0,170.0,174.0,197.0,201.0,207.0,217.0,228.0,235.0,261.0,357.0,409.0,428.0,442.0,455.0,496.0,577.0,613.0,635.0,654.0,682.0,684.0,739.0,751.0,752.0,789.0,804.0,820.0,838.0,845.0,862.0,871.0,890.0,933.0,948.0,971.0,976.0,
3.0,18.0,18.0,30.0,53.0,68.0,81.0,117.0,159.0,164.0,184.0,229.0,255.0,269.0,273.0,277.0,284.0,331.0,347.0,413.0,424.0,425.0,467.0,481.0,492.0,521.0,550.0,597.0,618.0,622.0,623.0,650.0,665.0,695.0,723.0,757.0,768.0,779.0,911.0,922.0,929.0,962.0,
20.0,22.0,32.0,85.0,90.0,115.0,219.0,277.0,293.0,319.0,368.0,376.0,417.0,463.0,469.0,507.0,514.0,697.0,716.0,718.0,738.0,752.0,779.0,788.0,859.0,985.0,
112.0,170.0,179.0,275.0,282.0,320.0,329.0,383.0,394.0,402.0,418.0,436.0,457.0,484.0,488.0,587.0,617.0,620.0,663.0,672.0,673.0,675.0,683.0,710.0,730.0,762.0,798.0,961.0,973.0,994.0,
30.0,39.0,78.0,104.0,158.0,160.0,182.0,188.0,200.0,226.0,239.0,270.0,305.0,363.0,378.0,444.0,447.0,477.0,514.0,522.0,530.0,589.0,640.0,700.0,805.0,830.0,865.0,899.0,972.0,995.0,
11.0,100.0,114.0,121.0,123.0,125.0,174.0,198.0,292.0,304.0,350.0,351.0,393.0,411.0,416.0,428.0,507.0,587.0,599.0,602.0,623.0,636.0,638.0,652.0,713.0,719.0,724.0,730.0,751.0,753.0,756.0,756.0,760.0,831.0,833.0,858.0,871.0,877.0,884.0,931.0,978.0,986.0,
2.0,29.0,45.0,75.0,78.0,81.0,89.0,137.0,142.0,148.0,185.0,226.0,240.0,245.0,250.0,292.0,315.0,321.0,438.0,475.0,477.0,487.0,495.0,497.0,516.0,529.0,614.0,659.0,701.0,717.0,726.0,729.0,733.0,741.0,751.0,790.0,800.0,842.0,935.0,936.0,941.0,949.0,962.0,976.0,989.0,
13.0,13.0,44.0,117.0,205.0,206.0,254.0,302.0,434.0,462.0,471.0,485.0,521.0,530.0,541.0,544.0,598.0,610.0,620.0,645.0,649.0,658.0,670.0,790.0,883.0,884.0,887.0,904.0,913.0,953.0,959.0,960.0,992.0,
16.0,33.0,34.0,108.0,122.0,124.0,172.0,178.0,192.0,277.0,279.0,335.0,340.0,349.0,447.0,545.0,546.0,562.0,566.0,575.0,587.0,655.0,664.0,711.0,746.0,776.0,849.0,857.0,871.0,889.0,901.0,904.0,949.0,975.0,976.0,992.0,
26.0,38.0,60.0,96.0,147.0,178.0,193.0,303.0,313.0,314.0,332.0,400.0,443.0,458.0,462.0,508.0,525.0,552.0,559.0,572.0,575.0,604.0,678.0,699.0,702.0,733.0,736.0,793.0,843.0,866.0,873.0,905.0,908.0,920.0,979.0,
28.0,39.0,133.0,155.0,168.0,192.0,251.0,260.0,289.0,348.0,360.0,467.0,531.0,589.0,678.0,701.0,716.0,747.0,768.0,787.0,837.0,863.0,884.0,890.0,935.0,996.0,
23.0,35.0,65.0,89.0,102.0,124.0,140.0,236.0,244.0,270.0,276.0,292.0,327.0,347.0,373.0,409.0,425.0,527.0,563.0,566.0,578.0,636.0,656.0,685.0,696.0,726.0,730.0,737.0,740.0,769.0,790.0,811.0,833.0,839.0,913.0,935.0,936.0,953.0,960.0,965.0,978.0,
54.0,119.0,121.0,122.0,149.0,177.0,204.0,205.0,245.0,261.0,292.0,312.0,342.0,360.0,471.0,671.0,674.0,766.0,795.0,844.0,850.0,944.0,958.0,961.0,
49.0,72.0,81.0,89.0,136.0,189.0,209.0,247.0,280.0,307.0,323.0,339.0,349.0,357.0,360.0,362.0,436.0,438.0,443.0,452.0,513.0,562.0,565.0,584.0,584.0,709.0,752.0,752.0,759.0,802.0,810.0,854.0,855.0,856.0,893.0,900.0,946.0,971.0,
55.0,64.0,110.0,159.0,214.0,230.0,241.0,269.0,327.0,334.0,344.0,439.0,457.0,468.0,477.0,560.0,573.0,596.0,669.0,681.0,683.0,699.0,701.0,719.0,756.0,759.0,774.0,800.0,817.0,820.0,831.0,883.0,891.0,917.0,946.0,986.0,
5.0,12.0,32.0,68.0,85.0,93.0,135.0,139.0,189.0,210.0,240.0,241.0,273.0,287.0,341.0,350.0,361.0,363.0,367.0,368.0,369.0,406.0,514.0,514.0,536.0,544.0,571.0,632.0,663.0,785.0,808.0,817.0,850.0,853.0,859.0,892.0,940.0,
7.0,95.0,104.0,120.0,124.0,124.0,139.0,145.0,155.0,176.0,190.0,210.0,252.0,255.0,274.0,365.0,365.0,388.0,410.0,491.0,504.0,527.0,529.0,534.0,646.0,702.0,713.0,734.0,769.0,786.0,795.0,802.0,805.0,832.0,854.0,860.0,902.0,902.0,905.0,921.0,923.0,998.0,
49.0,49.0,89.0,106.0,133.0,138.0,143.0,272.0,279.0,299.0,378.0,380.0,499.0,512.0,512.0,545.0,548.0,583.0,596.0,630.0,662.0,673.0,689.0,696.0,716.0,725.0,768.0,812.0,870.0,884.0,892.0,933.0,959.0,973.0,
24.0,52.0,98.0,147.0,150.0,173.0,196.0,250.0,253.0,307.0,374.0,377.0,380.0,384.0,401.0,402.0,410.0,444.0,478.0,482.0,533.0,608.0,630.0,633.0,685.0,696.0,853.0,931.0,951.0,954.0,
7.0,30.0,123.0,125.0,129.0,146.0,165.0,172.0,182.0,230.0,267.0,273.0,281.0,346.0,357.0,359.0,397.0,412.0,415.0,431.0,462.0,511.0,598.0,607.0,609.0,621.0,645.0,675.0,704.0,727.0,729.0,748.0,763.0,777.0,780.0,782.0,786.0,807.0,843.0,870.0,900.0,904.0,909.0,918.0,922.0,941.0,
21.0,61.0,145.0,150.0,156.0,215.0,219.0,271.0,299.0,329.0,347.0,357.0,379.0,386.0,390.0,406.0,445.0,445.0,464.0,490.0,500.0,608.0,617.0,624.0,708.0,709.0,715.0,718.0,727.0,739.0,768.0,775.0,780.0,788.0,838.0,869.0,950.0,953.0,954.0,969.0,992.0,
41.0,43.0,46.0,150.0,212.0,248.0,249.0,264.0,288.0,361.0,379.0,402.0,431.0,452.0,457.0,480.0,504.0,507.0,537.0,553.0,556.0,598.0,608.0,631.0,643.0,646.0,647.0,664.0,670.0,703.0,718.0,729.0,826.0,827.0,841.0,881.0,893.0,900.0,907.0,920.0,927.0,928.0,936.0,
2.0,23.0,86.0,94.0,112.0,163.0,167.0,191.0,201.0,273.0,310.0,317.0,333.0,365.0,481.0,533.0,545.0,558.0,608.0,641.0,643.0,655.0,675.0,755.0,755.0,765.0,881.0,903.0,931.0,975.0,
28.0,34.0,42.0,140.0,142.0,233.0,259.0,353.0,426.0,479.0,489.0,529.0,560.0,568.0,591.0,601.0,606.0,621.0,636.0,644.0,647.0,740.0,757.0,881.0,908.0,974.0,
23.0,41.0,43.0,46.0,51.0,74.0,84.0,119.0,123.0,153.0,186.0,224.0,250.0,327.0,456.0,460.0,468.0,476.0,506.0,509.0,591.0,617.0,619.0,668.0,672.0,717.0,720.0,846.0,857.0,894.0,939.0,957.0,966.0,970.0,981.0,994.0,
35.0,159.0,230.0,234.0,264.0,267.0,349.0,379.0,387.0,387.0,452.0,488.0,521.0,541.0,577.0,604.0,624.0,669.0,717.0,780.0,822.0,876.0,918.0,931.0,933.0,972.0,978.0,992.0,
30.0,42.0,56.0,87.0,95.0,97.0,141.0,146.0,155.0,224.0,343.0,358.0,394.0,422.0,432.0,450.0,506.0,554.0,578.0,635.0,651.0,652.0,670.0,692.0,721.0,753.0,776.0,778.0,800.0,810.0,867.0,871.0,892.0,895.0,900.0,907.0,
2.0,132.0,208.0,223.0,231.0,242.0,246.0,256.0,303.0,308.0,312.0,459.0,489.0,523.0,536.0,559.0,560.0,680.0,687.0,693.0,718.0,722.0,742.0,784.0,809.0,840.0,882.0,980.0,986.0,992.0,993.0,
63.0,125.0,139.0,170.0,241.0,275.0,341.0,356.0,366.0,392.0,393.0,425.0,474.0,502.0,582.0,594.0,647.0,673.0,760.0,777.0,784.0,794.0,828.0,832.0,890.0,972.0,
34.0,61.0,63.0,126.0,149.0,230.0,314.0,356.0,381.0,424.0,446.0,454.0,455.0,467.0,477.0,485.0,502.0,536.0,596.0,612.0,613.0,619.0,625.0,645.0,645.0,705.0,710.0,718.0,721.0,726.0,750.0,781.0,825.0,828.0,879.0,886.0,1000.0,
4.0,18.0,19.0,31.0,47.0,56.0,79.0,87.0,149.0,153.0,165.0,180.0,188.0,190.0,273.0,323.0,334.0,359.0,379.0,381.0,382.0,389.0,456.0,491.0,497.0,519.0,549.0,565.0,586.0,593.0,596.0,604.0,619.0,631.0,677.0,691.0,691.0,697.0,704.0,780.0,790.0,806.0,841.0,845.0,846.0,857.0,919.0,927.0,937.0,967.0,975.0,999.0,
