27.0,86.0,116.0,173.0,210.0,234.0,266.0,299.0,335.0,401.0,408.0,426.0,490.0,493.0,515.0,577.0,625.0,629.0,637.0,657.0,666.0,669.0,745.0,750.0,782.0,825.0,864.0,917.0,932.0,956.0,986.0,
16.0,28.0,77.0,87.0,143.0,145.0,154.0,177.0,237.0,237.0,246.0,357.0,371.0,392.0,429.0,433.0,445.0,471.0,494.0,504.0,523.0,544.0,604.0,637.0,641.0,716.0,787.0,796.0,802.0,828.0,844.0,887.0,927.0,940.0,944.0,953.0,971.0,
39.0,100.0,112.0,128.0,151.0,154.0,165.0,169.0,221.0,281.0,286.0,289.0,289.0,293.0,311.0,314.0,357.0,361.0,443.0,452.0,466.0,516.0,531.0,563.0,567.0,571.0,590.0,598.0,619.0,644.0,663.0,675.0,726.0,734.0,753.0,755.0,771.0,794.0,822.0,828.0,903.0,911.0,932.0,942.0,
4.0,129.0,159.0,182.0,186.0,223.0,249.0,307.0,349.0,350.0,373.0,393.0,429.0,474.0,497.0,504.0,509.0,511.0,523.0,560.0,672.0,687.0,720.0,749.0,760.0,762.0,844.0,861.0,868.0,951.0,
9.0,124.0,140.0,145.0,152.0,154.0,188.0,203.0,207.0,234.0,319.0,320.0,365.0,409.0,442.0,454.0,579.0,599.0,664.0,665.0,711.0,722.0,803.0,817.0,839.0,864.0,878.0,878.0,907.0,908.0,923.0,928.0,930.0,945.0,952.0,954.0,994.0,
31.0,129.0,148.0,184.0,190.0,292.0,296.0,300.0,335.0,360.0,372.0,399.0,425.0,445.0,483.0,489.0,530.0,555.0,629.0,631.0,646.0,660.0,689.0,706.0,710.0,735.0,748.0,764.0,855.0,883.0,969.0,975.0,
19.0,67.0,67.0,73.0,97.0,131.0,148.0,165.0,198.0,202.0,249.0,267.0,269.0,288.0,291.0,347.0,395.0,423.0,440.0,447.0,541.0,597.0,635.0,643.0,688.0,694.0,700.0,743.0,750.0,755.0,756.0,819.0,850.0,912.0,941.0,973.0,
36.0,46.0,64.0,108.0,109.0,126.0,148.0,230.0,231.0,241.0,286.0,332.0,343.0,357.0,369.0,437.0,465.0,487.0,489.0,585.0,596.0,603.0,627.0,633.0,644.0,680.0,692.0,740.0,776.0,794.0,810.0,823.0,851.0,865.0,892.0,910.0,923.0,956.0,957.0,977.0,
84.0,90.0,111.0,114.0,186.0,243.0,293.0,314.0,345.0,445.0,469.0,478.0,524.0,597.0,646.0,676.0,726.0,732.0,762.0,782.0,787.0,805.0,951.0,960.0,962.0,965.0,988.0,
28.0,39.0,133.0,144.0,152.0,161.0,186.0,219.0,240.0,249.0,292.0,346.0,365.0,397.0,404.0,419.0,450.0,453.0,463.0,470.0,505.0,521.0,542.0,549.0,555.0,563.0,645.0,657.0,695.0,696.0,739.0,798.0,816.0,823.0,909.0,932.0,944.0,952.0,955.0,963.0,968.0,984.0,
52.0,77.0,189.0,191.0,202.0,208.0,327.0,339.0,417.0,418.0,433.0,445.0,533.0,563.0,575.0,591.0,608.0,642.0,662.0,692.0,721.0,722.0,734.0,876.0,881.0,958.0,986.0,987.0,988.0,
109.0,139.0,150.0,177.0,206.0,207.0,232.0,259.0,311.0,336.0,339.0,351.0,370.0,373.0,410.0,414.0,427.0,440.0,451.0,474.0,480.0,486.0,503.0,520.0,534.0,565.0,701.0,707.0,775.0,777.0,878.0,881.0,918.0,985.0,985.0,986.0,
12.0,28.0,112.0,139.0,148.0,183.0,188.0,217.0,247.0,248.0,266.0,302.0,306.0,310.0,317.0,332.0,358.0,430.0,463.0,481.0,514.0,521.0,554.0,580.0,613.0,642.0,648.0,652.0,676.0,682.0,705.0,711.0,731.0,740.0,743.0,761.0,771.0,806.0,846.0,952.0,960.0,
49.0,100.0,139.0,217.0,236.0,276.0,289.0,310.0,318.0,403.0,407.0,423.0,431.0,443.0,511.0,535.0,552.0,592.0,593.0,597.0,635.0,639.0,671.0,696.0,727.0,753.0,766.0,826.0,908.0,917.0,980.0,999.0,
21.0,44.0,126.0,141.0,148.0,156.0,192.0,201.0,206.0,214.0,235.0,238.0,239.0,246.0,253.0,379.0,422.0,445.0,450.0,506.0,514.0,573.0,575.0,596.0,817.0,828.0,831.0,867.0,874.0,874.0,909.0,935.0,939.0,947.0,963.0,985.0,995.0,
4.0,89.0,115.0,143.0,146.0,209.0,255.0,277.0,289.0,298.0,300.0,315.0,325.0,336.0,401.0,403.0,411.0,420.0,453.0,460.0,462.0,490.0,530.0,532.0,539.0,568.0,588.0,592.0,594.0,642.0,737.0,832.0,840.0,845.0,921.0,935.0,937.0,972.0,986.0,986.0,990.0,995.0,
11.0,55.0,99.0,153.0,177.0,190.0,191.0,195.0,255.0,275.0,284.0,328.0,441.0,451.0,521.0,524.0,533.0,545.0,575.0,582.0,605.0,648.0,687.0,698.0,705.0,708.0,739.0,780.0,824.0,828.0,878.0,902.0,915.0,923.0,
47.0,49.0,121.0,138.0,168.0,215.0,244.0,263.0,347.0,485.0,512.0,514.0,515.0,545.0,550.0,566.0,625.0,664.0,670.0,685.0,696.0,824.0,863.0,872.0,912.0,916.0,947.0,988.0,991.0,
29.0,42.0,49.0,56.0,82.0,96.0,134.0,139.0,173.0,203.0,232.0,240.0,244.0,246.0,250.0,260.0,301.0,311.0,322.0,365.0,421.0,424.0,429.0,447.0,471.0,501.0,526.0,526.0,611.0,662.0,687.0,723.0,749.0,800.0,802.0,840.0,883.0,895.0,911.0,929.0,937.0,
10.0,25.0,38.0,94.0,122.0,123.0,125.0,245.0,246.0,269.0,280.0,286.0,314.0,335.0,375.0,433.0,449.0,493.0,494.0,518.0,607.0,608.0,664.0,720.0,752.0,757.0,829.0,842.0,860.0,944.0,952.0,
31.0,43.0,46.0,86.0,116.0,151.0,196.0,255.0,261.0,291.0,298.0,319.0,342.0,350.0,360.0,365.0,438.0,505.0,528.0,533.0,541.0,547.0,559.0,595.0,666.0,684.0,697.0,714.0,817.0,877.0,899.0,944.0,
132.0,145.0,177.0,209.0,211.0,230.0,332.0,339.0,361.0,366.0,377.0,393.0,504.0,507.0,576.0,585.0,602.0,617.0,642.0,675.0,688.0,704.0,807.0,814.0,994.0,
17.0,50.0,82.0,98.0,110.0,116.0,138.0,140.0,167.0,170.0,189.0,195.0,216.0,227.0,238.0,301.0,303.0,407.0,446.0,483.0,493.0,532.0,610.0,643.0,658.0,674.0,695.0,736.0,736.0,747.0,772.0,801.0,826.0,849.0,855.0,882.0,900.0,910.0,968.0,988.0,
7.0,11.0,24.0,27.0,121.0,146.0,156.0,162.0,178.0,192.0,197.0,288.0,309.0,316.0,380.0,410.0,426.0,448.0,452.0,472.0,488.0,616.0,625.0,643.0,667.0,679.0,683.0,694.0,737.0,743.0,796.0,867.0,953.0,970.0,996.0,999.0,
19.0,135.0,154.0,160.0,164.0,180.0,181.0,216.0,227.0,245.0,304.0,366.0,397.0,435.0,459.0,470.0,477.0,481.0,483.0,489.0,543.0,549.0,565.0,578.0,590.0,658.0,702.0,704.0,719.0,749.0,750.0,840.0,841.0,850.0,863.0,963.0,996.0,
29.0,71.0,175.0,237.0,307.0,333.0,389.0,398.0,415.0,419.0,426.0,442.0,612.0,620.0,622.0,629.0,637.0,691.0,705.0,705.0,709.0,735.0,742.0,881.0,901.0,910.0,915.0,959.0,
7.0,32.0,40.0,46.0,70.0,94.0,98.0,111.0,144.0,214.0,224.0,238.0,250.0,266.0,328.0,333.0,338.0,345.0,385.0,433.0,441.0,446.0,517.0,525.0,597.0,610.0,721.0,746.0,753.0,799.0,803.0,813.0,819.0,833.0,874.0,891.0,892.0,905.0,907.0,925.0,952.0,1000.0,
10.0,19.0,142.0,166.0,224.0,244.0,253.0,271.0,275.0,290.0,307.0,308.0,354.0,386.0,419.0,525.0,543.0,557.0,561.0,595.0,659.0,698.0,770.0,805.0,875.0,888.0,892.0,926.0,945.0,950.0,974.0,985.0,
54.0,85.0,181.0,186.0,213.0,239.0,245.0,269.0,288.0,294.0,388.0,436.0,442.0,524.0,540.0,549.0,555.0,584.0,591.0,645.0,660.0,662.0,667.0,679.0,685.0,686.0,736.0,772.0,778.0,819.0,821.0,838.0,899.0,913.0,963.0,965.0,983.0,990.0,997.0,
30.0,35.0,55.0,59.0,83.0,114.0,119.0,160.0,192.0,252.0,293.0,338.0,347.0,360.0,391.0,439.0,442.0,476.0,494.0,502.0,555.0,668.0,728.0,733.0,811.0,834.0,846.0,908.0,912.0,983.0,
12.0,32.0,49.0,68.0,76.0,92.0,108.0,113.0,141.0,175.0,201.0,214.0,218.0,237.0,284.0,293.0,310.0,318.0,347.0,386.0,386.0,399.0,479.0,483.0,521.0,536.0,569.0,627.0,634.0,644.0,791.0,798.0,873.0,893.0,905.0,909.0,947.0,967.0,973.0,
4.0,27.0,36.0,46.0,93.0,117.0,189.0,228.0,239.0,283.0,375.0,399.0,408.0,423.0,467.0,495.0,542.0,560.0,561.0,578.0,642.0,647.0,650.0,653.0,653.0,757.0,761.0,763.0,792.0,809.0,827.0,852.0,856.0,858.0,906.0,934.0,958.0,980.0,
161.0,186.0,219.0,240.0,257.0,265.0,311.0,320.0,321.0,381.0,413.0,414.0,431.0,585.0,635.0,656.0,669.0,672.0,704.0,735.0,737.0,753.0,757.0,757.0,793.0,837.0,847.0,848.0,939.0,973.0,993.0,
7.0,12.0,15.0,49.0,138.0,200.0,200.0,296.0,314.0,383.0,385.0,426.0,453.0,518.0,530.0,580.0,602.0,672.0,724.0,765.0,887.0,933.0,972.0,
12.0,27.0,66.0,73.0,81.0,94.0,158.0,182.0,276.0,286.0,296.0,330.0,343.0,350.0,350.0,364.0,400.0,445.0,455.0,472.0,526.0,544.0,567.0,582.0,600.0,602.0,635.0,703.0,708.0,723.0,783.0,823.0,871.0,923.0,950.0,
43.0,58.0,145.0,146.0,154.0,211.0,325.0,336.0,361.0,420.0,457.0,461.0,479.0,495.0,522.0,534.0,542.0,568.0,572.0,783.0,786.0,833.0,871.0,880.0,899.0,971.0,
2.0,33.0,34.0,110.0,138.0,180.0,212.0,251.0,260.0,268.0,333.0,368.0,393.0,393.0,394.0,400.0,407.0,509.0,519.0,523.0,555.0,556.0,557.0,591.0,657.0,697.0,828.0,852.0,
102.0,170.0,244.0,331.0,357.0,384.0,404.0,436.0,441.0,457.0,491.0,498.0,510.0,538.0,570.0,571.0,579.0,579.0,593.0,608.0,687.0,718.0,728.0,759.0,793.0,836.0,861.0,912.0,912.0,929.0,998.0,
13.0,102.0,102.0,120.0,121.0,121.0,180.0,262.0,288.0,296.0,327.0,381.0,382.0,389.0,394.0,396.0,403.0,413.0,451.0,496.0,502.0,537.0,542.0,554.0,588.0,655.0,672.0,675.0,686.0,703.0,710.0,761.0,857.0,867.0,883.0,898.0,918.0,972.0,
14.0,23.0,62.0,73.0,107.0,109.0,129.0,131.0,179.0,199.0,203.0,236.0,270.0,312.0,383.0,427.0,455.0,493.0,624.0,626.0,651.0,651.0,654.0,703.0,710.0,710.0,855.0,891.0,914.0,915.0,946.0,978.0,
22.0,31.0,158.0,241.0,262.0,294.0,311.0,318.0,339.0,340.0,340.0,367.0,385.0,409.0,415.0,479.0,561.0,575.0,587.0,589.0,606.0,612.0,621.0,773.0,831.0,881.0,888.0,920.0,960.0,969.0,
18.0,30.0,51.0,147.0,168.0,187.0,188.0,252.0,283.0,286.0,286.0,309.0,325.0,405.0,411.0,433.0,444.0,445.0,446.0,449.0,477.0,532.0,534.0,554.0,597.0,603.0,635.0,641.0,661.0,665.0,687.0,715.0,733.0,767.0,804.0,853.0,906.0,919.0,947.0,957.0,980.0,985.0,
16.0,20.0,34.0,48.0,49.0,90.0,90.0,113.0,119.0,133.0,186.0,223.0,230.0,383.0,385.0,417.0,427.0,456.0,456.0,467.0,476.0,503.0,507.0,545.0,551.0,611.0,617.0,626.0,654.0,683.0,702.0,703.0,709.0,764.0,774.0,820.0,836.0,839.0,844.0,879.0,883.0,899.0,922.0,
16.0,28.0,32.0,38.0,59.0,91.0,107.0,145.0,164.0,184.0,193.0,210.0,215.0,219.0,256.0,258.0,326.0,326.0,343.0,345.0,352.0,375.0,386.0,399.0,422.0,509.0,527.0,528.0,660.0,746.0,760.0,823.0,825.0,836.0,884.0,891.0,951.0,988.0,
2.0,4.0,15.0,21.0,34.0,42.0,68.0,68.0,70.0,118.0,130.0,141.0,199.0,209.0,239.0,293.0,318.0,333.0,356.0,360.0,361.0,380.0,384.0,413.0,423.0,461.0,500.0,512.0,515.0,516.0,553.0,702.0,750.0,771.0,810.0,829.0,839.0,843.0,861.0,862.0,906.0,910.0,
17.0,18.0,34.0,39.0,68.0,81.0,118.0,193.0,235.0,342.0,354.0,392.0,393.0,400.0,412.0,448.0,458.0,473.0,489.0,518.0,544.0,560.0,561.0,580.0,581.0,601.0,617.0,619.0,628.0,651.0,667.0,683.0,690.0,714.0,732.0,734.0,762.0,767.0,794.0,799.0,799.0,823.0,833.0,838.0,849.0,856.0,873.0,886.0,892.0,900.0,913.0,934.0,937.0,966.0,977.0,
13.0,50.0,51.0,67.0,81.0,93.0,155.0,170.0,186.0,188.0,204.0,212.0,224.0,232.0,262.0,289.0,338.0,350.0,356.0,404.0,414.0,457.0,457.0,506.0,521.0,561.0,622.0,625.0,639.0,644.0,665.0,674.0,680.0,710.0,717.0,728.0,740.0,745.0,845.0,855.0,884.0,975.0,
43.0,49.0,83.0,83.0,129.0,179.0,221.0,333.0,373.0,387.0,423.0,491.0,507.0,532.0,561.0,574.0,583.0,633.0,712.0,798.0,823.0,869.0,877.0,924.0,931.0,950.0,968.0,
5.0,11.0,47.0,83.0,95.0,97.0,102.0,117.0,149.0,160.0,169.0,183.0,221.0,231.0,252.0,282.0,313.0,333.0,340.0,342.0,363.0,452.0,483.0,523.0,535.0,546.0,605.0,614.0,641.0,772.0,777.0,791.0,801.0,804.0,813.0,864.0,882.0,908.0,914.0,925.0,954.0,
21.0,23.0,27.0,73.0,130.0,140.0,146.0,196.0,210.0,215.0,249.0,317.0,333.0,397.0,443.0,483.0,499.0,537.0,581.0,664.0,733.0,819.0,822.0,823.0,865.0,893.0,900.0,919.0,937.0,968.0,996.0,
57.0,75.0,77.0,80.0,92.0,216.0,224.0,225.0,234.0,241.0,265.0,293.0,313.0,351.0,451.0,457.0,475.0,504.0,510.0,641.0,643.0,695.0,714.0,769.0,797.0,825.0,852.0,869.0,898.0,999.0,
110.0,123.0,188.0,200.0,224.0,246.0,260.0,261.0,271.0,291.0,296.0,305.0,359.0,385.0,402.0,497.0,509.0,515.0,518.0,533.0,537.0,565.0,566.0,570.0,662.0,690.0,793.0,800.0,820.0,832.0,834.0,840.0,842.0,945.0,983.0,993.0,
62.0,77.0,106.0,108.0,116.0,133.0,150.0,162.0,174.0,177.0,238.0,287.0,331.0,471.0,474.0,482.0,504.0,519.0,558.0,614.0,739.0,763.0,803.0,879.0,887.0,887.0,906.0,929.0,930.0,983.0,988.0,992.0,
3.0,22.0,28.0,43.0,101.0,119.0,142.0,180.0,220.0,250.0,299.0,367.0,372.0,420.0,510.0,522.0,623.0,638.0,652.0,655.0,728.0,789.0,793.0,799.0,859.0,864.0,865.0,902.0,926.0,940.0,969.0,978.0,981.0,
14.0,24.0,44.0,52.0,121.0,213.0,225.0,226.0,227.0,256.0,258.0,329.0,392.0,399.0,406.0,422.0,432.0,450.0,466.0,472.0,490.0,495.0,495.0,533.0,538.0,546.0,550.0,551.0,571.0,572.0,573.0,594.0,602.0,629.0,647.0,651.0,652.0,676.0,685.0,693.0,704.0,707.0,711.0,764.0,785.0,831.0,836.0,869.0,888.0,925.0,982.0,1000.0,
54.0,75.0,239.0,331.0,337.0,370.0,379.0,390.0,425.0,491.0,491.0,498.0,512.0,529.0,531.0,536.0,543.0,545.0,549.0,549.0,556.0,559.0,563.0,571.0,577.0,578.0,593.0,599.0,606.0,635.0,655.0,659.0,670.0,676.0,690.0,695.0,700.0,709.0,717.0,723.0,725.0,729.0,730.0,733.0,740.0,744.0,745.0,765.0,774.0,777.0,781.0,789.0,790.0,803.0,804.0,823.0,824.0,834.0,839.0,842.0,870.0,871.0,884.0,890.0,895.0,896.0,897.0,898.0,900.0,915.0,930.0,934.0,939.0,948.0,955.0,965.0,977.0,990.0,995.0,
28.0,58.0,68.0,79.0,90.0,95.0,102.0,116.0,121.0,131.0,142.0,213.0,267.0,284.0,286.0,314.0,345.0,405.0,407.0,447.0,459.0,468.0,470.0,524.0,529.0,537.0,539.0,545.0,546.0,551.0,556.0,559.0,562.0,564.0,583.0,614.0,615.0,620.0,653.0,661.0,696.0,700.0,714.0,731.0,731.0,738.0,742.0,743.0,761.0,788.0,795.0,796.0,797.0,810.0,813.0,842.0,863.0,885.0,926.0,929.0,934.0,934.0,941.0,984.0,
6.0,10.0,23.0,98.0,118.0,129.0,194.0,203.0,209.0,220.0,227.0,234.0,246.0,260.0,286.0,356.0,400.0,407.0,451.0,476.0,530.0,532.0,578.0,618.0,647.0,715.0,765.0,780.0,795.0,810.0,811.0,819.0,825.0,850.0,886.0,
56.0,62.0,103.0,105.0,116.0,130.0,140.0,145.0,165.0,287.0,295.0,361.0,380.0,394.0,400.0,415.0,444.0,503.0,523.0,537.0,559.0,566.0,584.0,587.0,627.0,646.0,669.0,670.0,692.0,729.0,776.0,803.0,803.0,823.0,838.0,863.0,864.0,878.0,934.0,966.0,
72.0,93.0,97.0,131.0,182.0,184.0,184.0,213.0,230.0,233.0,235.0,263.0,271.0,323.0,327.0,342.0,364.0,382.0,385.0,388.0,399.0,417.0,554.0,669.0,676.0,691.0,715.0,720.0,755.0,776.0,788.0,840.0,860.0,884.0,937.0,955.0,961.0,970.0,997.0,
29.0,36.0,191.0,305.0,321.0,345.0,382.0,392.0,408.0,471.0,508.0,512.0,530.0,566.0,569.0,580.0,619.0,623.0,627.0,652.0,677.0,678.0,704.0,741.0,802.0,818.0,841.0,847.0,873.0,884.0,898.0,912.0,914.0,933.0,938.0,998.0,
30.0,74.0,97.0,102.0,145.0,147.0,172.0,192.0,193.0,214.0,218.0,224.0,296.0,332.0,342.0,355.0,356.0,370.0,377.0,383.0,392.0,393.0,422.0,438.0,464.0,476.0,476.0,495.0,520.0,524.0,585.0,655.0,780.0,791.0,818.0,896.0,902.0,902.0,904.0,933.0,936.0,971.0,
6.0,21.0,42.0,46.0,82.0,90.0,91.0,94.0,96.0,193.0,213.0,277.0,380.0,382.0,389.0,398.0,413.0,417.0,427.0,500.0,618.0,664.0,676.0,683.0,718.0,739.0,744.0,784.0,788.0,844.0,861.0,931.0,931.0,942.0,943.0,
88.0,115.0,126.0,146.0,182.0,186.0,255.0,274.0,400.0,413.0,481.0,560.0,574.0,582.0,612.0,621.0,673.0,722.0,791.0,799.0,816.0,922.0,944.0,982.0,
140.0,179.0,188.0,192.0,228.0,236.0,258.0,264.0,402.0,426.0,427.0,427.0,431.0,484.0,525.0,530.0,577.0,616.0,631.0,631.0,654.0,680.0,684.0,699.0,708.0,721.0,784.0,785.0,809.0,825.0,838.0,848.0,852.0,914.0,943.0,
7.0,50.0,87.0,100.0,138.0,156.0,161.0,169.0,171.0,184.0,205.0,273.0,344.0,367.0,441.0,443.0,449.0,459.0,518.0,521.0,524.0,541.0,548.0,549.0,556.0,564.0,566.0,572.0,574.0,588.0,593.0,603.0,630.0,635.0,663.0,666.0,694.0,698.0,706.0,727.0,754.0,765.0,829.0,832.0,844.0,847.0,852.0,861.0,862.0,862.0,862.0,877.0,894.0,897.0,906.0,930.0,947.0,
5.0,8.0,31.0,41.0,46.0,65.0,84.0,103.0,116.0,126.0,162.0,171.0,197.0,210.0,239.0,272.0,416.0,427.0,493.0,552.0,587.0,614.0,619.0,638.0,647.0,649.0,659.0,670.0,713.0,752.0,757.0,793.0,801.0,825.0,854.0,873.0,897.0,941.0,
18.0,99.0,113.0,199.0,262.0,273.0,424.0,457.0,513.0,612.0,690.0,698.0,774.0,787.0,805.0,807.0,829.0,830.0,837.0,933.0,981.0,
13.0,65.0,89.0,132.0,138.0,142.0,162.0,180.0,182.0,191.0,211.0,213.0,223.0,226.0,239.0,253.0,307.0,351.0,415.0,482.0,545.0,546.0,559.0,621.0,673.0,685.0,689.0,696.0,714.0,732.0,757.0,793.0,808.0,829.0,837.0,872.0,891.0,931.0,933.0,934.0,938.0,
30.0,35.0,44.0,92.0,140.0,158.0,158.0,220.0,242.0,279.0,294.0,297.0,317.0,318.0,337.0,357.0,377.0,382.0,449.0,450.0,529.0,530.0,541.0,542.0,559.0,601.0,633.0,664.0,675.0,678.0,681.0,750.0,765.0,774.0,822.0,824.0,824.0,843.0,845.0,877.0,921.0,957.0,965.0,996.0,
7.0,14.0,16.0,27.0,43.0,72.0,76.0,117.0,122.0,129.0,155.0,158.0,210.0,258.0,356.0,442.0,506.0,513.0,565.0,572.0,584.0,587.0,596.0,652.0,662.0,683.0,706.0,715.0,770.0,805.0,831.0,855.0,892.0,933.0,965.0,980.0,
34.0,42.0,56.0,85.0,90.0,118.0,159.0,185.0,221.0,224.0,248.0,265.0,273.0,304.0,330.0,349.0,398.0,408.0,462.0,491.0,494.0,518.0,542.0,669.0,707.0,710.0,734.0,756.0,757.0,807.0,857.0,946.0,959.0,975.0,
69.0,82.0,112.0,128.0,170.0,206.0,211.0,253.0,292.0,297.0,306.0,314.0,319.0,368.0,395.0,433.0,483.0,689.0,698.0,699.0,713.0,766.0,830.0,881.0,882.0,891.0,930.0,957.0,960.0,
10.0,28.0,33.0,52.0,58.0,76.0,87.0,124.0,164.0,200.0,253.0,260.0,277.0,277.0,337.0,371.0,389.0,398.0,433.0,474.0,538.0,578.0,596.0,712.0,728.0,730.0,769.0,783.0,811.0,839.0,859.0,895.0,951.0,961.0,
71.0,95.0,145.0,146.0,154.0,159.0,195.0,205.0,274.0,275.0,296.0,296.0,299.0,345.0,361.0,381.0,403.0,407.0,443.0,465.0,532.0,553.0,578.0,604.0,651.0,663.0,677.0,683.0,685.0,755.0,771.0,772.0,781.0,798.0,813.0,827.0,833.0,905.0,923.0,
25.0,106.0,114.0,144.0,158.0,164.0,169.0,182.0,185.0,185.0,218.0,229.0,240.0,275.0,277.0,291.0,309.0,321.0,364.0,365.0,425.0,442.0,453.0,456.0,463.0,465.0,482.0,526.0,572.0,585.0,604.0,634.0,640.0,649.0,732.0,742.0,743.0,743.0,802.0,821.0,839.0,843.0,925.0,964.0,980.0,
19.0,102.0,131.0,160.0,208.0,220.0,234.0,260.0,330.0,335.0,372.0,423.0,441.0,458.0,514.0,529.0,555.0,556.0,561.0,594.0,599.0,621.0,627.0,649.0,696.0,722.0,741.0,792.0,810.0,882.0,949.0,970.0,991.0,
31.0,45.0,50.0,53.0,84.0,84.0,108.0,145.0,182.0,182.0,198.0,203.0,267.0,303.0,309.0,310.0,365.0,469.0,480.0,592.0,619.0,656.0,667.0,708.0,723.0,731.0,778.0,781.0,789.0,824.0,847.0,866.0,891.0,891.0,896.0,910.0,911.0,924.0,929.0,931.0,948.0,991.0,
6.0,15.0,23.0,27.0,71.0,99.0,103.0,107.0,166.0,197.0,224.0,264.0,270.0,283.0,304.0,341.0,375.0,446.0,499.0,499.0,516.0,524.0,543.0,572.0,579.0,663.0,663.0,678.0,689.0,701.0,709.0,729.0,731.0,780.0,885.0,934.0,944.0,947.0,953.0,991.0,994.0,
27.0,38.0,44.0,82.0,91.0,269.0,271.0,291.0,373.0,378.0,406.0,460.0,462.0,463.0,470.0,477.0,498.0,550.0,578.0,594.0,636.0,675.0,709.0,730.0,736.0,801.0,824.0,835.0,852.0,864.0,867.0,900.0,956.0,970.0,
17.0,66.0,69.0,106.0,110.0,173.0,241.0,288.0,319.0,327.0,427.0,432.0,437.0,467.0,509.0,512.0,518.0,527.0,544.0,581.0,594.0,617.0,659.0,665.0,666.0,739.0,768.0,774.0,777.0,791.0,791.0,793.0,810.0,828.0,861.0,871.0,878.0,883.0,922.0,937.0,945.0,955.0,975.0,
12.0,12.0,12.0,29.0,51.0,54.0,66.0,74.0,85.0,95.0,126.0,130.0,143.0,263.0,266.0,328.0,447.0,474.0,484.0,527.0,578.0,582.0,596.0,603.0,627.0,650.0,713.0,793.0,800.0,813.0,814.0,833.0,837.0,859.0,859.0,909.0,918.0,935.0,993.0,995.0,
3.0,54.0,67.0,118.0,122.0,165.0,167.0,184.0,194.0,201.0,239.0,302.0,343.0,378.0,436.0,440.0,457.0,471.0,508.0,522.0,531.0,578.0,589.0,594.0,619.0,623.0,646.0,691.0,702.0,707.0,709.0,755.0,877.0,952.0,988.0,
35.0,41.0,57.0,61.0,97.0,112.0,198.0,236.0,258.0,295.0,316.0,321.0,334.0,346.0,358.0,431.0,454.0,467.0,486.0,493.0,519.0,578.0,595.0,626.0,631.0,679.0,682.0,685.0,702.0,704.0,706.0,707.0,730.0,773.0,799.0,816.0,830.0,835.0,940.0,951.0,
27.0,43.0,141.0,153.0,172.0,249.0,263.0,281.0,297.0,305.0,343.0,347.0,351.0,359.0,401.0,421.0,439.0,445.0,474.0,514.0,521.0,593.0,620.0,654.0,676.0,716.0,750.0,763.0,764.0,767.0,875.0,963.0,
55.0,73.0,75.0,75.0,88.0,116.0,130.0,144.0,149.0,203.0,207.0,212.0,243.0,265.0,278.0,365.0,376.0,381.0,382.0,383.0,400.0,439.0,482.0,521.0,526.0,546.0,581.0,593.0,643.0,643.0,647.0,678.0,722.0,750.0,768.0,857.0,884.0,901.0,912.0,942.0,956.0,961.0,
92.0,106.0,136.0,171.0,190.0,227.0,241.0,274.0,285.0,285.0,323.0,339.0,359.0,392.0,393.0,399.0,424.0,443.0,466.0,468.0,483.0,555.0,570.0,587.0,588.0,592.0,615.0,634.0,755.0,761.0,796.0,822.0,822.0,873.0,954.0,1000.0,
7.0,21.0,35.0,59.0,62.0,65.0,78.0,84.0,123.0,134.0,145.0,185.0,205.0,316.0,353.0,365.0,373.0,396.0,439.0,453.0,462.0,531.0,586.0,602.0,634.0,638.0,649.0,676.0,686.0,707.0,710.0,746.0,751.0,772.0,805.0,852.0,873.0,913.0,975.0,978.0,983.0,
25.0,74.0,89.0,147.0,236.0,273.0,318.0,319.0,379.0,400.0,417.0,463.0,463.0,475.0,483.0,506.0,515.0,530.0,533.0,550.0,572.0,575.0,590.0,622.0,631.0,633.0,638.0,680.0,715.0,744.0,754.0,754.0,756.0,764.0,768.0,771.0,791.0,807.0,834.0,849.0,887.0,929.0,930.0,
4.0,30.0,31.0,50.0,60.0,99.0,129.0,162.0,163.0,171.0,178.0,272.0,276.0,277.0,286.0,384.0,387.0,434.0,475.0,494.0,519.0,525.0,554.0,623.0,659.0,746.0,747.0,788.0,886.0,968.0,970.0,976.0,985.0,
60.0,66.0,150.0,179.0,241.0,315.0,317.0,332.0,337.0,373.0,415.0,419.0,428.0,429.0,451.0,475.0,476.0,493.0,524.0,589.0,603.0,609.0,615.0,618.0,629.0,664.0,667.0,706.0,725.0,735.0,751.0,772.0,782.0,801.0,849.0,888.0,893.0,901.0,908.0,974.0,976.0,
11.0,17.0,23.0,73.0,82.0,90.0,160.0,174.0,179.0,201.0,201.0,211.0,223.0,266.0,291.0,341.0,416.0,429.0,478.0,510.0,523.0,599.0,600.0,660.0,678.0,679.0,714.0,717.0,743.0,746.0,751.0,752.0,769.0,784.0,910.0,925.0,949.0,961.0,962.0,
3.0,58.0,71.0,81.0,125.0,157.0,210.0,226.0,254.0,285.0,304.0,327.0,336.0,379.0,396.0,396.0,429.0,433.0,553.0,611.0,647.0,661.0,661.0,674.0,685.0,772.0,826.0,835.0,857.0,868.0,910.0,
11.0,76.0,89.0,104.0,141.0,143.0,184.0,208.0,224.0,239.0,277.0,278.0,279.0,318.0,329.0,335.0,343.0,348.0,361.0,365.0,369.0,435.0,479.0,512.0,531.0,547.0,556.0,601.0,617.0,623.0,637.0,640.0,652.0,722.0,753.0,771.0,821.0,853.0,857.0,893.0,927.0,932.0,936.0,975.0,
8.0,70.0,77.0,107.0,127.0,165.0,173.0,221.0,241.0,253.0,272.0,295.0,303.0,319.0,336.0,344.0,446.0,451.0,495.0,499.0,512.0,512.0,530.0,547.0,556.0,578.0,579.0,588.0,642.0,658.0,683.0,708.0,755.0,767.0,775.0,794.0,802.0,811.0,903.0,932.0,940.0,946.0,968.0,
23.0,31.0,31.0,50.0,169.0,192.0,216.0,246.0,251.0,266.0,406.0,431.0,434.0,444.0,447.0,568.0,603.0,620.0,629.0,677.0,686.0,691.0,721.0,770.0,783.0,802.0,825.0,838.0,882.0,908.0,922.0,944.0,965.0,968.0,968.0,976.0,991.0,993.0,1000.0,
50.0,51.0,73.0,87.0,92.0,98.0,137.0,224.0,237.0,239.0,274.0,289.0,308.0,357.0,417.0,442.0,504.0,548.0,642.0,670.0,698.0,712.0,728.0,749.0,796.0,814.0,832.0,848.0,886.0,955.0,969.0,
35.0,103.0,117.0,172.0,187.0,199.0,202.0,208.0,255.0,285.0,308.0,316.0,319.0,326.0,415.0,444.0,495.0,499.0,506.0,532.0,541.0,558.0,607.0,695.0,701.0,743.0,759.0,761.0,769.0,778.0,809.0,874.0,880.0,940.0,984.0,994.0,
10.0,40.0,51.0,87.0,96.0,115.0,146.0,151.0,159.0,164.0,165.0,302.0,328.0,358.0,369.0,428.0,503.0,505.0,581.0,592.0,612.0,634.0,662.0,677.0,714.0,784.0,805.0,817.0,822.0,867.0,880.0,884.0,911.0,921.0,980.0,
12.0,24.0,29.0,105.0,151.0,153.0,160.0,167.0,238.0,245.0,254.0,286.0,294.0,304.0,316.0,319.0,336.0,344.0,377.0,392.0,425.0,460.0,493.0,504.0,543.0,624.0,686.0,692.0,719.0,762.0,765.0,767.0,774.0,807.0,807.0,835.0,846.0,862.0,881.0,882.0,939.0,944.0,
