6.0,85.0,126.0,186.0,199.0,232.0,238.0,242.0,246.0,307.0,308.0,338.0,401.0,408.0,434.0,484.0,488.0,515.0,530.0,624.0,637.0,646.0,651.0,751.0,764.0,783.0,847.0,850.0,864.0,866.0,875.0,879.0,891.0,901.0,970.0,982.0,
20.0,31.0,66.0,74.0,74.0,82.0,116.0,134.0,136.0,147.0,175.0,192.0,239.0,272.0,295.0,297.0,307.0,356.0,363.0,364.0,485.0,523.0,543.0,543.0,602.0,618.0,627.0,634.0,643.0,659.0,675.0,712.0,748.0,754.0,787.0,842.0,879.0,888.0,911.0,960.0,967.0,987.0,
10.0,14.0,38.0,44.0,82.0,89.0,94.0,109.0,137.0,179.0,316.0,334.0,352.0,358.0,359.0,405.0,405.0,468.0,490.0,498.0,508.0,531.0,534.0,662.0,709.0,722.0,790.0,847.0,863.0,872.0,894.0,901.0,906.0,906.0,964.0,
40.0,121.0,140.0,162.0,191.0,215.0,276.0,321.0,330.0,330.0,373.0,402.0,480.0,490.0,583.0,587.0,679.0,732.0,749.0,771.0,789.0,797.0,821.0,867.0,871.0,902.0,917.0,980.0,990.0,
9.0,48.0,68.0,81.0,121.0,135.0,167.0,179.0,183.0,185.0,192.0,202.0,222.0,241.0,279.0,284.0,295.0,319.0,334.0,337.0,368.0,424.0,471.0,489.0,542.0,629.0,630.0,632.0,636.0,669.0,725.0,741.0,753.0,801.0,833.0,847.0,851.0,852.0,854.0,862.0,864.0,865.0,884.0,917.0,919.0,923.0,925.0,934.0,
75.0,87.0,104.0,113.0,113.0,174.0,216.0,217.0,235.0,239.0,274.0,276.0,331.0,342.0,349.0,379.0,408.0,425.0,477.0,480.0,483.0,500.0,569.0,630.0,663.0,690.0,704.0,742.0,791.0,822.0,825.0,885.0,891.0,895.0,911.0,924.0,961.0,970.0,981.0,
6.0,19.0,35.0,92.0,97.0,103.0,106.0,138.0,143.0,196.0,203.0,237.0,243.0,273.0,362.0,380.0,410.0,414.0,419.0,428.0,430.0,439.0,462.0,563.0,620.0,628.0,665.0,677.0,769.0,778.0,779.0,811.0,814.0,850.0,884.0,889.0,929.0,954.0,955.0,986.0,999.0,
22.0,35.0,74.0,121.0,132.0,137.0,158.0,177.0,201.0,241.0,268.0,310.0,328.0,345.0,348.0,358.0,381.0,434.0,441.0,513.0,520.0,607.0,675.0,690.0,697.0,701.0,743.0,744.0,756.0,771.0,772.0,783.0,799.0,931.0,958.0,986.0,
4.0,49.0,58.0,86.0,202.0,251.0,258.0,288.0,289.0,386.0,401.0,475.0,478.0,496.0,505.0,522.0,560.0,576.0,624.0,636.0,645.0,666.0,672.0,674.0,687.0,695.0,702.0,750.0,811.0,815.0,825.0,848.0,853.0,857.0,862.0,863.0,914.0,958.0,965.0,
8.0,44.0,46.0,56.0,90.0,125.0,158.0,162.0,191.0,239.0,308.0,313.0,346.0,372.0,374.0,376.0,390.0,478.0,564.0,585.0,586.0,590.0,615.0,628.0,675.0,688.0,728.0,739.0,761.0,777.0,792.0,799.0,804.0,875.0,881.0,
19.0,52.0,72.0,93.0,116.0,119.0,121.0,129.0,131.0,155.0,178.0,182.0,198.0,217.0,255.0,272.0,282.0,326.0,331.0,348.0,352.0,451.0,453.0,457.0,508.0,535.0,582.0,592.0,662.0,683.0,708.0,728.0,768.0,785.0,828.0,841.0,869.0,886.0,897.0,905.0,968.0,
16.0,26.0,73.0,81.0,83.0,149.0,195.0,207.0,269.0,332.0,365.0,368.0,372.0,410.0,427.0,454.0,479.0,522.0,541.0,547.0,548.0,635.0,693.0,698.0,749.0,785.0,792.0,829.0,830.0,834.0,858.0,871.0,887.0,890.0,911.0,914.0,937.0,991.0,
9.0,12.0,16.0,30.0,32.0,64.0,71.0,76.0,87.0,97.0,155.0,280.0,293.0,345.0,367.0,390.0,406.0,420.0,543.0,555.0,559.0,570.0,574.0,583.0,589.0,606.0,637.0,651.0,768.0,855.0,857.0,888.0,960.0,
19.0,75.0,90.0,99.0,105.0,118.0,119.0,124.0,127.0,147.0,154.0,185.0,224.0,240.0,300.0,317.0,322.0,335.0,372.0,459.0,494.0,508.0,527.0,576.0,623.0,627.0,661.0,676.0,723.0,725.0,789.0,791.0,832.0,882.0,889.0,908.0,958.0,960.0,997.0,
74.0,128.0,222.0,271.0,288.0,296.0,306.0,348.0,348.0,359.0,413.0,420.0,433.0,449.0,489.0,546.0,571.0,595.0,611.0,692.0,695.0,698.0,701.0,751.0,770.0,779.0,802.0,833.0,836.0,844.0,890.0,891.0,940.0,970.0,978.0,980.0,
19.0,78.0,83.0,92.0,115.0,130.0,156.0,241.0,246.0,268.0,320.0,332.0,338.0,343.0,346.0,347.0,374.0,390.0,391.0,417.0,449.0,465.0,477.0,495.0,503.0,505.0,552.0,553.0,578.0,592.0,607.0,699.0,708.0,732.0,755.0,857.0,933.0,959.0,
5.0,7.0,33.0,48.0,68.0,100.0,101.0,102.0,129.0,151.0,151.0,167.0,182.0,187.0,218.0,248.0,253.0,276.0,286.0,292.0,324.0,328.0,354.0,410.0,416.0,422.0,425.0,435.0,484.0,495.0,562.0,594.0,605.0,635.0,665.0,673.0,725.0,734.0,793.0,815.0,818.0,836.0,928.0,934.0,941.0,981.0,
25.0,59.0,198.0,332.0,340.0,356.0,359.0,387.0,441.0,444.0,496.0,511.0,598.0,602.0,665.0,713.0,714.0,723.0,746.0,759.0,764.0,788.0,803.0,823.0,858.0,880.0,893.0,909.0,
3.0,3.0,11.0,20.0,37.0,56.0,78.0,168.0,174.0,209.0,217.0,222.0,327.0,365.0,382.0,388.0,423.0,465.0,468.0,597.0,606.0,637.0,642.0,645.0,653.0,751.0,801.0,804.0,817.0,898.0,943.0,946.0,969.0,983.0,
4.0,22.0,76.0,142.0,178.0,265.0,297.0,313.0,325.0,332.0,347.0,350.0,380.0,467.0,523.0,545.0,584.0,618.0,623.0,633.0,687.0,699.0,759.0,799.0,822.0,845.0,851.0,890.0,896.0,899.0,989.0,
28.0,79.0,103.0,157.0,182.0,269.0,270.0,283.0,324.0,342.0,362.0,379.0,403.0,426.0,439.0,443.0,456.0,510.0,571.0,629.0,674.0,712.0,719.0,789.0,825.0,831.0,860.0,867.0,868.0,883.0,905.0,908.0,933.0,943.0,960.0,979.0,992.0,995.0,
24.0,32.0,40.0,54.0,60.0,99.0,157.0,163.0,177.0,203.0,270.0,270.0,323.0,327.0,365.0,377.0,394.0,434.0,459.0,484.0,531.0,531.0,542.0,562.0,590.0,591.0,600.0,609.0,614.0,681.0,685.0,725.0,736.0,748.0,811.0,888.0,908.0,912.0,918.0,973.0,
56.0,92.0,94.0,108.0,128.0,237.0,257.0,282.0,282.0,290.0,303.0,353.0,362.0,387.0,400.0,413.0,418.0,443.0,497.0,512.0,529.0,549.0,576.0,597.0,608.0,614.0,626.0,717.0,718.0,737.0,846.0,877.0,886.0,893.0,917.0,929.0,929.0,985.0,
20.0,55.0,82.0,173.0,246.0,268.0,276.0,312.0,328.0,356.0,376.0,506.0,529.0,539.0,697.0,698.0,700.0,703.0,718.0,719.0,771.0,776.0,785.0,791.0,838.0,892.0,910.0,928.0,937.0,
2.0,35.0,59.0,101.0,107.0,126.0,155.0,163.0,188.0,198.0,223.0,289.0,363.0,416.0,442.0,504.0,532.0,551.0,558.0,559.0,592.0,604.0,667.0,676.0,683.0,703.0,720.0,746.0,770.0,790.0,798.0,824.0,838.0,846.0,870.0,958.0,964.0,984.0,994.0,
28.0,108.0,112.0,134.0,141.0,144.0,171.0,198.0,271.0,394.0,416.0,440.0,459.0,493.0,546.0,578.0,609.0,660.0,678.0,749.0,751.0,766.0,783.0,839.0,839.0,884.0,898.0,918.0,990.0,
20.0,28.0,32.0,43.0,137.0,172.0,245.0,256.0,260.0,289.0,322.0,323.0,394.0,471.0,513.0,513.0,587.0,590.0,607.0,615.0,678.0,680.0,710.0,744.0,751.0,757.0,851.0,900.0,964.0,974.0,979.0,998.0,
4.0,18.0,32.0,64.0,64.0,69.0,73.0,96.0,115.0,118.0,143.0,164.0,189.0,205.0,244.0,251.0,381.0,393.0,394.0,406.0,419.0,429.0,451.0,472.0,486.0,491.0,515.0,516.0,536.0,582.0,628.0,655.0,659.0,719.0,725.0,726.0,768.0,772.0,893.0,900.0,943.0,950.0,964.0,
82.0,103.0,140.0,163.0,175.0,195.0,199.0,204.0,207.0,217.0,242.0,290.0,350.0,364.0,372.0,430.0,459.0,464.0,480.0,574.0,621.0,628.0,700.0,803.0,810.0,811.0,820.0,891.0,913.0,916.0,922.0,924.0,972.0,
79.0,172.0,174.0,177.0,232.0,243.0,268.0,285.0,289.0,361.0,366.0,375.0,457.0,458.0,468.0,557.0,571.0,583.0,594.0,634.0,680.0,718.0,725.0,761.0,795.0,797.0,982.0,
8.0,36.0,56.0,90.0,116.0,120.0,171.0,183.0,290.0,294.0,338.0,348.0,352.0,365.0,403.0,438.0,455.0,461.0,485.0,495.0,536.0,603.0,614.0,625.0,638.0,792.0,796.0,836.0,854.0,857.0,859.0,868.0,880.0,933.0,942.0,959.0,
16.0,84.0,95.0,105.0,142.0,148.0,157.0,163.0,204.0,225.0,261.0,302.0,345.0,346.0,373.0,418.0,426.0,459.0,471.0,544.0,553.0,562.0,597.0,670.0,691.0,696.0,773.0,791.0,795.0,827.0,839.0,841.0,846.0,895.0,938.0,958.0,960.0,981.0,
27.0,42.0,61.0,71.0,73.0,84.0,97.0,112.0,315.0,325.0,362.0,391.0,401.0,442.0,466.0,472.0,478.0,492.0,501.0,574.0,595.0,663.0,685.0,690.0,694.0,714.0,754.0,754.0,787.0,829.0,840.0,853.0,915.0,926.0,968.0,977.0,978.0,996.0,998.0,
3.0,12.0,40.0,70.0,111.0,122.0,177.0,177.0,218.0,229.0,303.0,346.0,354.0,387.0,409.0,416.0,451.0,536.0,550.0,615.0,618.0,659.0,721.0,743.0,777.0,871.0,882.0,911.0,962.0,969.0,979.0,992.0,
7.0,20.0,29.0,45.0,78.0,80.0,117.0,164.0,186.0,271.0,283.0,284.0,295.0,296.0,298.0,341.0,364.0,420.0,431.0,471.0,476.0,483.0,492.0,496.0,574.0,587.0,603.0,699.0,714.0,716.0,855.0,923.0,947.0,956.0,966.0,984.0,997.0,
2.0,3.0,33.0,38.0,57.0,60.0,149.0,254.0,259.0,265.0,294.0,299.0,360.0,364.0,443.0,530.0,535.0,538.0,653.0,662.0,666.0,767.0,838.0,841.0,868.0,886.0,901.0,964.0,
5.0,7.0,20.0,55.0,60.0,64.0,85.0,107.0,111.0,111.0,149.0,156.0,191.0,200.0,241.0,263.0,284.0,297.0,326.0,356.0,364.0,407.0,417.0,421.0,431.0,458.0,476.0,499.0,527.0,527.0,560.0,582.0,590.0,611.0,692.0,694.0,709.0,735.0,772.0,815.0,825.0,829.0,895.0,999.0,
4.0,8.0,16.0,30.0,51.0,102.0,108.0,137.0,144.0,161.0,192.0,198.0,223.0,279.0,282.0,289.0,296.0,319.0,356.0,366.0,366.0,413.0,447.0,449.0,452.0,452.0,470.0,482.0,486.0,609.0,639.0,664.0,694.0,774.0,827.0,844.0,937.0,964.0,
75.0,104.0,161.0,172.0,234.0,262.0,282.0,340.0,360.0,452.0,455.0,476.0,515.0,516.0,550.0,561.0,568.0,572.0,584.0,589.0,632.0,715.0,725.0,727.0,732.0,773.0,791.0,796.0,815.0,857.0,890.0,930.0,944.0,975.0,990.0,
6.0,79.0,89.0,220.0,236.0,301.0,307.0,318.0,342.0,421.0,422.0,461.0,461.0,490.0,503.0,566.0,613.0,621.0,679.0,692.0,701.0,731.0,736.0,751.0,782.0,837.0,840.0,852.0,867.0,877.0,903.0,946.0,954.0,978.0,
15.0,78.0,130.0,161.0,181.0,200.0,230.0,256.0,271.0,283.0,292.0,292.0,297.0,322.0,325.0,334.0,381.0,430.0,476.0,505.0,634.0,649.0,673.0,702.0,746.0,760.0,820.0,825.0,844.0,845.0,868.0,939.0,967.0,
71.0,80.0,86.0,107.0,109.0,113.0,118.0,140.0,155.0,219.0,263.0,306.0,352.0,381.0,412.0,502.0,527.0,539.0,549.0,566.0,592.0,655.0,687.0,756.0,804.0,821.0,869.0,894.0,911.0,954.0,956.0,962.0,987.0,
2.0,29.0,65.0,93.0,109.0,117.0,264.0,279.0,328.0,332.0,341.0,354.0,357.0,387.0,449.0,501.0,543.0,638.0,639.0,641.0,665.0,790.0,829.0,835.0,851.0,883.0,883.0,885.0,886.0,936.0,958.0,961.0,979.0,
11.0,31.0,33.0,40.0,50.0,81.0,82.0,89.0,96.0,98.0,144.0,155.0,285.0,322.0,332.0,423.0,453.0,504.0,547.0,551.0,566.0,584.0,610.0,636.0,658.0,661.0,666.0,702.0,731.0,766.0,779.0,827.0,829.0,862.0,907.0,922.0,980.0,
12.0,18.0,33.0,47.0,64.0,76.0,99.0,140.0,194.0,267.0,271.0,277.0,302.0,396.0,476.0,500.0,522.0,557.0,610.0,612.0,621.0,664.0,722.0,723.0,732.0,766.0,880.0,918.0,972.0,985.0,998.0,
43.0,132.0,145.0,164.0,191.0,235.0,273.0,303.0,327.0,337.0,372.0,385.0,406.0,420.0,442.0,444.0,445.0,453.0,497.0,501.0,518.0,534.0,537.0,550.0,559.0,562.0,572.0,575.0,577.0,596.0,621.0,642.0,650.0,656.0,662.0,691.0,715.0,729.0,737.0,745.0,749.0,749.0,751.0,770.0,801.0,815.0,818.0,829.0,838.0,842.0,852.0,867.0,871.0,893.0,897.0,908.0,922.0,929.0,953.0,967.0,
25.0,43.0,45.0,90.0,108.0,220.0,224.0,259.0,275.0,352.0,362.0,434.0,513.0,527.0,532.0,534.0,562.0,572.0,589.0,609.0,618.0,622.0,624.0,625.0,652.0,691.0,700.0,725.0,735.0,746.0,757.0,763.0,825.0,831.0,837.0,944.0,953.0,
3.0,4.0,14.0,14.0,15.0,26.0,54.0,54.0,56.0,80.0,140.0,150.0,184.0,254.0,256.0,315.0,396.0,409.0,420.0,429.0,514.0,515.0,521.0,529.0,548.0,598.0,598.0,639.0,642.0,665.0,666.0,716.0,734.0,782.0,938.0,939.0,
5.0,27.0,32.0,62.0,180.0,187.0,199.0,221.0,301.0,306.0,342.0,440.0,450.0,485.0,496.0,522.0,532.0,557.0,570.0,580.0,589.0,601.0,628.0,670.0,678.0,698.0,767.0,811.0,903.0,904.0,938.0,962.0,
11.0,20.0,68.0,75.0,125.0,165.0,183.0,225.0,238.0,292.0,323.0,350.0,364.0,375.0,404.0,405.0,413.0,507.0,512.0,560.0,582.0,613.0,642.0,665.0,675.0,697.0,713.0,722.0,752.0,843.0,853.0,860.0,884.0,964.0,984.0,
15.0,92.0,135.0,160.0,161.0,162.0,163.0,207.0,217.0,335.0,387.0,399.0,436.0,457.0,486.0,494.0,496.0,515.0,537.0,555.0,564.0,579.0,643.0,664.0,719.0,790.0,836.0,853.0,905.0,973.0,986.0,994.0,996.0,1000.0,
56.0,62.0,76.0,120.0,188.0,194.0,196.0,199.0,218.0,229.0,267.0,303.0,303.0,315.0,352.0,382.0,408.0,416.0,439.0,477.0,505.0,525.0,620.0,646.0,694.0,719.0,791.0,
12.0,38.0,73.0,96.0,112.0,117.0,177.0,180.0,199.0,200.0,236.0,245.0,247.0,255.0,258.0,284.0,293.0,311.0,342.0,349.0,356.0,364.0,370.0,511.0,515.0,517.0,566.0,576.0,585.0,700.0,779.0,836.0,865.0,898.0,957.0,968.0,
65.0,69.0,70.0,70.0,81.0,137.0,145.0,150.0,188.0,195.0,205.0,250.0,253.0,269.0,272.0,305.0,331.0,383.0,411.0,460.0,478.0,497.0,499.0,500.0,523.0,547.0,560.0,562.0,580.0,621.0,641.0,673.0,763.0,765.0,808.0,935.0,935.0,957.0,993.0,995.0,
36.0,105.0,108.0,121.0,138.0,247.0,271.0,300.0,324.0,326.0,368.0,375.0,432.0,466.0,471.0,490.0,501.0,519.0,519.0,524.0,529.0,531.0,536.0,541.0,542.0,545.0,559.0,565.0,566.0,570.0,580.0,580.0,585.0,587.0,608.0,616.0,624.0,691.0,701.0,708.0,751.0,761.0,764.0,770.0,771.0,774.0,779.0,782.0,784.0,807.0,827.0,832.0,845.0,855.0,860.0,867.0,868.0,869.0,911.0,917.0,944.0,949.0,951.0,965.0,965.0,980.0,985.0,
4.0,15.0,16.0,125.0,155.0,170.0,173.0,179.0,236.0,239.0,249.0,253.0,283.0,337.0,363.0,376.0,394.0,419.0,435.0,480.0,502.0,517.0,523.0,525.0,525.0,529.0,535.0,537.0,541.0,542.0,547.0,548.0,554.0,554.0,558.0,566.0,566.0,571.0,576.0,585.0,596.0,601.0,601.0,601.0,609.0,611.0,613.0,621.0,622.0,625.0,659.0,662.0,666.0,672.0,680.0,700.0,701.0,702.0,714.0,721.0,722.0,744.0,752.0,757.0,768.0,770.0,771.0,781.0,785.0,795.0,801.0,807.0,817.0,820.0,837.0,846.0,851.0,872.0,874.0,874.0,874.0,875.0,909.0,913.0,939.0,949.0,953.0,987.0,993.0,
17.0,27.0,70.0,102.0,113.0,231.0,277.0,277.0,326.0,495.0,500.0,512.0,516.0,532.0,535.0,546.0,546.0,553.0,557.0,562.0,597.0,603.0,609.0,611.0,611.0,612.0,612.0,628.0,628.0,631.0,661.0,674.0,708.0,710.0,710.0,728.0,757.0,777.0,786.0,792.0,829.0,830.0,846.0,852.0,853.0,853.0,873.0,892.0,901.0,902.0,931.0,960.0,968.0,970.0,990.0,
87.0,110.0,218.0,218.0,228.0,237.0,243.0,269.0,274.0,278.0,351.0,366.0,389.0,414.0,417.0,434.0,465.0,496.0,570.0,574.0,579.0,659.0,706.0,712.0,730.0,733.0,767.0,782.0,798.0,893.0,903.0,907.0,
25.0,25.0,39.0,78.0,112.0,118.0,146.0,159.0,184.0,211.0,248.0,277.0,328.0,353.0,384.0,401.0,432.0,483.0,495.0,497.0,502.0,566.0,615.0,647.0,690.0,724.0,727.0,731.0,737.0,750.0,780.0,863.0,892.0,907.0,932.0,
3.0,35.0,35.0,52.0,78.0,88.0,123.0,183.0,214.0,276.0,277.0,282.0,286.0,315.0,420.0,440.0,476.0,504.0,521.0,521.0,563.0,572.0,630.0,680.0,725.0,736.0,797.0,843.0,848.0,856.0,885.0,892.0,987.0,991.0,
64.0,80.0,141.0,143.0,149.0,212.0,234.0,237.0,240.0,272.0,291.0,304.0,309.0,315.0,340.0,415.0,416.0,422.0,431.0,436.0,473.0,544.0,544.0,593.0,628.0,637.0,657.0,712.0,808.0,822.0,824.0,840.0,850.0,852.0,855.0,857.0,896.0,915.0,930.0,944.0,961.0,980.0,
25.0,92.0,106.0,120.0,140.0,142.0,173.0,245.0,264.0,269.0,270.0,319.0,331.0,356.0,366.0,376.0,384.0,453.0,530.0,536.0,576.0,639.0,662.0,666.0,671.0,702.0,705.0,761.0,783.0,790.0,802.0,814.0,836.0,838.0,860.0,876.0,891.0,988.0,
18.0,68.0,87.0,120.0,128.0,157.0,158.0,160.0,221.0,258.0,263.0,266.0,297.0,320.0,349.0,440.0,443.0,456.0,478.0,503.0,520.0,536.0,588.0,606.0,611.0,619.0,621.0,668.0,691.0,696.0,737.0,803.0,806.0,844.0,892.0,934.0,958.0,
22.0,60.0,66.0,120.0,136.0,150.0,167.0,175.0,215.0,262.0,267.0,269.0,281.0,298.0,371.0,388.0,399.0,458.0,475.0,476.0,571.0,592.0,708.0,731.0,753.0,758.0,818.0,850.0,904.0,905.0,911.0,941.0,941.0,967.0,
6.0,68.0,78.0,92.0,128.0,139.0,146.0,174.0,197.0,200.0,218.0,220.0,326.0,336.0,411.0,427.0,467.0,475.0,505.0,514.0,537.0,569.0,569.0,576.0,578.0,609.0,666.0,789.0,804.0,820.0,823.0,881.0,890.0,926.0,962.0,977.0,991.0,
6.0,6.0,30.0,49.0,55.0,87.0,100.0,112.0,140.0,141.0,146.0,204.0,252.0,274.0,282.0,316.0,364.0,376.0,381.0,403.0,409.0,424.0,443.0,472.0,473.0,513.0,523.0,529.0,536.0,547.0,552.0,568.0,569.0,573.0,592.0,615.0,629.0,630.0,634.0,642.0,654.0,711.0,715.0,724.0,774.0,778.0,781.0,787.0,802.0,809.0,820.0,821.0,835.0,866.0,874.0,876.0,900.0,914.0,914.0,923.0,930.0,942.0,953.0,963.0,966.0,980.0,
6.0,15.0,26.0,57.0,77.0,117.0,123.0,128.0,136.0,158.0,175.0,183.0,212.0,291.0,330.0,397.0,406.0,444.0,450.0,456.0,458.0,467.0,488.0,512.0,522.0,532.0,534.0,549.0,567.0,572.0,573.0,586.0,587.0,591.0,631.0,648.0,663.0,674.0,675.0,701.0,771.0,818.0,828.0,839.0,854.0,864.0,933.0,953.0,961.0,970.0,980.0,987.0,
4.0,6.0,37.0,66.0,84.0,93.0,99.0,176.0,258.0,291.0,332.0,366.0,377.0,405.0,462.0,511.0,514.0,515.0,525.0,560.0,579.0,580.0,580.0,688.0,694.0,814.0,840.0,892.0,966.0,
7.0,9.0,21.0,43.0,49.0,97.0,109.0,110.0,128.0,138.0,189.0,256.0,272.0,273.0,287.0,300.0,305.0,309.0,339.0,351.0,382.0,395.0,402.0,402.0,422.0,481.0,484.0,498.0,547.0,561.0,664.0,667.0,768.0,787.0,787.0,850.0,894.0,896.0,900.0,923.0,950.0,976.0,
17.0,86.0,94.0,133.0,134.0,171.0,177.0,187.0,280.0,293.0,300.0,344.0,352.0,394.0,406.0,531.0,580.0,606.0,606.0,646.0,687.0,697.0,729.0,737.0,772.0,796.0,831.0,844.0,850.0,873.0,876.0,978.0,980.0,983.0,
7.0,25.0,132.0,148.0,155.0,162.0,211.0,232.0,238.0,253.0,283.0,312.0,315.0,470.0,513.0,518.0,520.0,548.0,603.0,641.0,708.0,713.0,721.0,726.0,748.0,770.0,814.0,848.0,877.0,895.0,912.0,930.0,
14.0,50.0,54.0,59.0,94.0,95.0,151.0,154.0,155.0,219.0,282.0,301.0,312.0,313.0,334.0,378.0,401.0,488.0,493.0,505.0,507.0,564.0,586.0,593.0,626.0,675.0,676.0,686.0,714.0,740.0,795.0,808.0,815.0,885.0,994.0,
37.0,38.0,60.0,136.0,136.0,163.0,217.0,257.0,258.0,271.0,282.0,335.0,335.0,361.0,365.0,372.0,387.0,409.0,447.0,459.0,471.0,474.0,505.0,527.0,532.0,563.0,597.0,640.0,646.0,667.0,719.0,723.0,786.0,811.0,812.0,817.0,882.0,889.0,911.0,922.0,927.0,956.0,957.0,966.0,
121.0,165.0,175.0,212.0,229.0,324.0,373.0,384.0,427.0,432.0,441.0,456.0,458.0,531.0,535.0,589.0,631.0,632.0,663.0,666.0,681.0,741.0,773.0,778.0,803.0,850.0,865.0,872.0,916.0,953.0,
5.0,69.0,72.0,73.0,74.0,80.0,92.0,113.0,137.0,165.0,175.0,188.0,221.0,239.0,311.0,358.0,436.0,468.0,479.0,530.0,561.0,618.0,620.0,636.0,662.0,679.0,718.0,729.0,768.0,798.0,808.0,891.0,949.0,
11.0,26.0,51.0,78.0,92.0,120.0,171.0,180.0,206.0,225.0,236.0,237.0,283.0,287.0,318.0,340.0,353.0,384.0,416.0,423.0,426.0,480.0,498.0,505.0,514.0,516.0,517.0,542.0,608.0,625.0,691.0,760.0,787.0,789.0,804.0,807.0,821.0,838.0,885.0,
5.0,22.0,57.0,90.0,119.0,177.0,201.0,226.0,232.0,311.0,325.0,352.0,353.0,415.0,490.0,491.0,510.0,548.0,560.0,566.0,591.0,620.0,673.0,691.0,715.0,742.0,773.0,823.0,855.0,888.0,890.0,937.0,972.0,972.0,
67.0,73.0,77.0,78.0,109.0,133.0,159.0,178.0,201.0,203.0,220.0,244.0,270.0,274.0,288.0,320.0,346.0,357.0,369.0,392.0,403.0,412.0,417.0,424.0,455.0,462.0,487.0,499.0,508.0,560.0,578.0,640.0,645.0,676.0,749.0,750.0,777.0,778.0,815.0,845.0,927.0,949.0,
39.0,106.0,126.0,133.0,137.0,144.0,150.0,158.0,217.0,218.0,258.0,264.0,302.0,330.0,342.0,354.0,370.0,392.0,404.0,452.0,481.0,494.0,503.0,566.0,571.0,578.0,582.0,619.0,632.0,642.0,737.0,807.0,809.0,835.0,837.0,839.0,851.0,870.0,879.0,884.0,892.0,899.0,909.0,948.0,998.0,
65.0,125.0,165.0,235.0,270.0,298.0,339.0,343.0,406.0,411.0,428.0,458.0,495.0,534.0,592.0,745.0,749.0,778.0,785.0,793.0,803.0,815.0,875.0,892.0,916.0,918.0,999.0,1000.0,
19.0,22.0,37.0,89.0,154.0,187.0,189.0,218.0,255.0,274.0,277.0,293.0,299.0,320.0,402.0,412.0,428.0,432.0,438.0,441.0,445.0,455.0,477.0,478.0,518.0,558.0,577.0,617.0,620.0,698.0,707.0,725.0,746.0,747.0,770.0,904.0,909.0,961.0,
46.0,65.0,72.0,104.0,152.0,205.0,222.0,242.0,252.0,317.0,371.0,414.0,424.0,468.0,487.0,557.0,600.0,612.0,627.0,641.0,683.0,710.0,711.0,716.0,725.0,808.0,853.0,867.0,875.0,899.0,936.0,942.0,964.0,970.0,
52.0,77.0,89.0,100.0,137.0,143.0,144.0,160.0,215.0,223.0,224.0,226.0,229.0,256.0,385.0,387.0,397.0,410.0,429.0,532.0,604.0,645.0,653.0,655.0,710.0,788.0,824.0,849.0,932.0,984.0,
33.0,53.0,54.0,65.0,98.0,127.0,165.0,207.0,231.0,234.0,239.0,275.0,285.0,289.0,295.0,297.0,302.0,308.0,315.0,350.0,360.0,383.0,395.0,570.0,585.0,590.0,625.0,646.0,666.0,668.0,729.0,754.0,775.0,800.0,814.0,816.0,824.0,824.0,885.0,920.0,933.0,963.0,
9.0,11.0,13.0,34.0,74.0,110.0,116.0,125.0,127.0,147.0,237.0,311.0,327.0,386.0,394.0,402.0,414.0,425.0,441.0,447.0,482.0,526.0,538.0,587.0,601.0,612.0,628.0,669.0,706.0,718.0,725.0,807.0,902.0,908.0,920.0,946.0,958.0,974.0,977.0,
8.0,14.0,29.0,45.0,57.0,86.0,89.0,116.0,136.0,160.0,239.0,301.0,341.0,359.0,405.0,408.0,413.0,418.0,420.0,432.0,438.0,455.0,515.0,537.0,549.0,575.0,681.0,701.0,716.0,729.0,750.0,762.0,794.0,800.0,821.0,839.0,876.0,897.0,900.0,900.0,903.0,909.0,915.0,950.0,965.0,
15.0,32.0,56.0,62.0,68.0,144.0,184.0,201.0,215.0,232.0,236.0,271.0,337.0,349.0,373.0,380.0,404.0,428.0,438.0,450.0,463.0,554.0,566.0,573.0,593.0,614.0,614.0,645.0,667.0,671.0,682.0,701.0,712.0,790.0,798.0,826.0,843.0,892.0,913.0,
18.0,39.0,75.0,141.0,171.0,174.0,186.0,200.0,201.0,204.0,208.0,233.0,307.0,363.0,375.0,386.0,436.0,461.0,494.0,523.0,536.0,545.0,571.0,576.0,631.0,658.0,662.0,770.0,788.0,813.0,853.0,897.0,942.0,945.0,959.0,974.0,983.0,
3.0,8.0,30.0,76.0,129.0,145.0,204.0,275.0,288.0,291.0,304.0,310.0,318.0,324.0,363.0,387.0,393.0,394.0,410.0,418.0,445.0,521.0,523.0,527.0,542.0,550.0,572.0,618.0,624.0,629.0,636.0,653.0,676.0,687.0,687.0,723.0,756.0,780.0,806.0,841.0,931.0,950.0,959.0,963.0,981.0,993.0,
29.0,33.0,41.0,46.0,70.0,88.0,93.0,131.0,215.0,253.0,271.0,294.0,331.0,335.0,368.0,394.0,404.0,440.0,504.0,546.0,589.0,641.0,675.0,681.0,689.0,698.0,726.0,763.0,785.0,790.0,796.0,816.0,853.0,857.0,875.0,897.0,903.0,912.0,976.0,
5.0,22.0,28.0,44.0,69.0,87.0,96.0,160.0,171.0,177.0,257.0,268.0,281.0,314.0,375.0,385.0,393.0,407.0,437.0,460.0,471.0,474.0,474.0,482.0,490.0,513.0,537.0,557.0,568.0,595.0,608.0,612.0,620.0,620.0,673.0,697.0,726.0,748.0,789.0,800.0,893.0,898.0,899.0,923.0,930.0,932.0,936.0,937.0,982.0,
50.0,75.0,78.0,129.0,133.0,154.0,168.0,208.0,265.0,290.0,365.0,369.0,406.0,407.0,409.0,423.0,436.0,437.0,439.0,464.0,518.0,594.0,749.0,749.0,795.0,818.0,890.0,900.0,959.0,961.0,967.0,968.0,969.0,
10.0,26.0,47.0,63.0,73.0,104.0,131.0,143.0,147.0,191.0,199.0,216.0,230.0,256.0,265.0,269.0,272.0,289.0,355.0,413.0,419.0,424.0,443.0,551.0,552.0,582.0,593.0,595.0,603.0,645.0,651.0,684.0,696.0,714.0,739.0,742.0,754.0,761.0,761.0,763.0,807.0,871.0,932.0,934.0,943.0,951.0,
21.0,51.0,77.0,103.0,144.0,191.0,196.0,228.0,260.0,266.0,268.0,304.0,306.0,338.0,381.0,438.0,443.0,450.0,451.0,465.0,513.0,538.0,554.0,558.0,570.0,578.0,588.0,602.0,621.0,647.0,698.0,702.0,725.0,785.0,818.0,842.0,843.0,875.0,932.0,940.0,976.0,
37.0,118.0,141.0,150.0,227.0,248.0,287.0,309.0,319.0,343.0,375.0,393.0,399.0,449.0,452.0,481.0,482.0,513.0,580.0,598.0,618.0,659.0,668.0,670.0,695.0,699.0,704.0,713.0,737.0,763.0,767.0,816.0,827.0,877.0,885.0,930.0,947.0,
44.0,50.0,77.0,87.0,175.0,211.0,213.0,225.0,247.0,389.0,400.0,420.0,429.0,433.0,476.0,543.0,569.0,585.0,592.0,596.0,678.0,692.0,692.0,698.0,709.0,735.0,755.0,759.0,764.0,778.0,802.0,893.0,928.0,942.0,948.0,980.0,
136.0,174.0,215.0,261.0,264.0,265.0,299.0,363.0,364.0,374.0,442.0,446.0,528.0,530.0,539.0,588.0,645.0,647.0,789.0,802.0,816.0,831.0,838.0,861.0,864.0,876.0,901.0,923.0,926.0,930.0,934.0,937.0,980.0,983.0,
35.0,65.0,97.0,99.0,132.0,151.0,194.0,210.0,254.0,279.0,288.0,307.0,321.0,330.0,337.0,362.0,407.0,418.0,448.0,480.0,481.0,508.0,552.0,569.0,587.0,621.0,662.0,728.0,733.0,754.0,762.0,846.0,868.0,869.0,898.0,946.0,959.0,970.0,970.0,
6.0,25.0,32.0,41.0,49.0,52.0,53.0,64.0,78.0,87.0,116.0,122.0,126.0,136.0,185.0,190.0,234.0,376.0,398.0,401.0,411.0,414.0,427.0,437.0,438.0,442.0,463.0,471.0,638.0,667.0,679.0,738.0,783.0,821.0,832.0,864.0,908.0,925.0,929.0,937.0,948.0,
37.0,88.0,123.0,155.0,250.0,301.0,306.0,319.0,335.0,345.0,402.0,403.0,426.0,433.0,488.0,559.0,584.0,623.0,638.0,680.0,718.0,768.0,831.0,843.0,843.0,879.0,894.0,931.0,935.0,936.0,957.0,958.0,991.0,993.0,
