27.0,37.0,39.0,90.0,111.0,129.0,279.0,291.0,314.0,336.0,347.0,389.0,406.0,408.0,438.0,456.0,468.0,474.0,504.0,531.0,604.0,628.0,660.0,667.0,730.0,770.0,792.0,794.0,821.0,840.0,897.0,
17.0,19.0,114.0,126.0,234.0,273.0,289.0,352.0,457.0,465.0,494.0,511.0,521.0,660.0,700.0,732.0,759.0,769.0,772.0,792.0,811.0,813.0,849.0,908.0,919.0,931.0,961.0,976.0,
41.0,53.0,120.0,141.0,157.0,257.0,261.0,282.0,286.0,287.0,335.0,355.0,399.0,400.0,405.0,410.0,419.0,464.0,468.0,470.0,495.0,512.0,550.0,568.0,608.0,627.0,630.0,666.0,682.0,683.0,691.0,709.0,731.0,741.0,772.0,783.0,814.0,829.0,845.0,898.0,903.0,927.0,955.0,
4.0,8.0,9.0,24.0,65.0,72.0,120.0,126.0,175.0,216.0,225.0,248.0,266.0,310.0,313.0,345.0,347.0,443.0,454.0,456.0,476.0,487.0,493.0,494.0,536.0,544.0,569.0,618.0,621.0,622.0,657.0,683.0,693.0,698.0,712.0,744.0,819.0,830.0,836.0,837.0,845.0,850.0,866.0,870.0,897.0,899.0,907.0,922.0,981.0,997.0,
13.0,31.0,132.0,156.0,162.0,164.0,185.0,246.0,281.0,305.0,324.0,346.0,369.0,388.0,404.0,427.0,443.0,493.0,555.0,597.0,617.0,625.0,731.0,737.0,800.0,815.0,861.0,867.0,902.0,904.0,919.0,937.0,945.0,953.0,954.0,969.0,982.0,
38.0,59.0,89.0,106.0,112.0,115.0,136.0,150.0,151.0,250.0,251.0,290.0,298.0,304.0,337.0,353.0,373.0,433.0,468.0,474.0,482.0,483.0,488.0,560.0,560.0,566.0,583.0,593.0,609.0,632.0,652.0,652.0,691.0,700.0,704.0,720.0,737.0,755.0,770.0,804.0,805.0,808.0,846.0,875.0,897.0,900.0,902.0,936.0,953.0,972.0,973.0,979.0,991.0,997.0,
30.0,184.0,254.0,281.0,324.0,350.0,351.0,356.0,361.0,405.0,436.0,447.0,468.0,473.0,537.0,567.0,568.0,642.0,650.0,661.0,678.0,685.0,695.0,713.0,721.0,765.0,778.0,817.0,818.0,821.0,835.0,878.0,901.0,925.0,939.0,991.0,
39.0,41.0,83.0,102.0,106.0,133.0,170.0,170.0,171.0,230.0,234.0,255.0,300.0,302.0,303.0,325.0,328.0,345.0,348.0,352.0,381.0,396.0,413.0,476.0,501.0,506.0,521.0,525.0,573.0,589.0,598.0,607.0,612.0,634.0,635.0,696.0,710.0,757.0,763.0,797.0,820.0,823.0,829.0,834.0,857.0,876.0,899.0,910.0,911.0,915.0,931.0,944.0,
54.0,56.0,80.0,102.0,120.0,123.0,138.0,178.0,196.0,196.0,211.0,258.0,259.0,272.0,380.0,395.0,396.0,441.0,485.0,507.0,518.0,539.0,548.0,553.0,701.0,724.0,725.0,741.0,754.0,764.0,784.0,816.0,818.0,851.0,977.0,
2.0,3.0,3.0,80.0,88.0,90.0,108.0,121.0,133.0,136.0,139.0,203.0,266.0,271.0,279.0,281.0,286.0,313.0,368.0,385.0,389.0,393.0,451.0,536.0,590.0,670.0,672.0,684.0,699.0,711.0,729.0,744.0,816.0,843.0,858.0,890.0,891.0,894.0,938.0,958.0,964.0,977.0,985.0,1000.0,
73.0,98.0,117.0,153.0,160.0,176.0,198.0,206.0,210.0,222.0,234.0,255.0,388.0,394.0,414.0,443.0,467.0,467.0,568.0,576.0,582.0,614.0,638.0,638.0,647.0,662.0,664.0,703.0,769.0,794.0,837.0,889.0,905.0,932.0,955.0,1000.0,
27.0,45.0,51.0,83.0,87.0,108.0,109.0,164.0,211.0,222.0,238.0,243.0,243.0,269.0,330.0,332.0,334.0,345.0,418.0,433.0,449.0,478.0,492.0,507.0,533.0,563.0,585.0,594.0,611.0,706.0,707.0,806.0,840.0,845.0,923.0,949.0,956.0,975.0,989.0,991.0,
94.0,100.0,129.0,148.0,207.0,213.0,216.0,219.0,255.0,256.0,300.0,321.0,343.0,362.0,471.0,500.0,519.0,535.0,553.0,580.0,587.0,647.0,656.0,707.0,714.0,729.0,744.0,794.0,823.0,872.0,881.0,902.0,922.0,926.0,936.0,937.0,943.0,984.0,
36.0,114.0,130.0,135.0,158.0,181.0,252.0,253.0,262.0,280.0,333.0,335.0,353.0,377.0,423.0,428.0,467.0,493.0,766.0,836.0,952.0,962.0,988.0,
4.0,6.0,87.0,109.0,175.0,203.0,225.0,281.0,296.0,298.0,299.0,336.0,369.0,385.0,409.0,436.0,446.0,477.0,483.0,497.0,
13.0,121.0,126.0,130.0,184.0,198.0,230.0,245.0,248.0,283.0,306.0,329.0,347.0,368.0,391.0,408.0,413.0,415.0,464.0,502.0,
47.0,59.0,99.0,224.0,249.0,251.0,283.0,284.0,312.0,328.0,355.0,366.0,388.0,396.0,411.0,428.0,458.0,460.0,463.0,468.0,477.0,510.0,
11.0,33.0,68.0,71.0,160.0,172.0,174.0,192.0,216.0,221.0,227.0,258.0,315.0,350.0,358.0,375.0,384.0,397.0,407.0,418.0,481.0,486.0,812.0,932.0,995.0,
14.0,42.0,69.0,69.0,169.0,175.0,192.0,206.0,229.0,272.0,274.0,282.0,290.0,304.0,357.0,362.0,364.0,364.0,382.0,440.0,447.0,471.0,472.0,504.0,512.0,604.0,613.0,622.0,633.0,647.0,727.0,744.0,747.0,765.0,813.0,841.0,861.0,864.0,870.0,875.0,894.0,904.0,906.0,907.0,916.0,933.0,942.0,954.0,972.0,992.0,
21.0,60.0,71.0,103.0,155.0,160.0,221.0,241.0,272.0,287.0,296.0,301.0,335.0,340.0,359.0,388.0,463.0,527.0,536.0,580.0,658.0,669.0,677.0,705.0,709.0,789.0,839.0,845.0,853.0,895.0,909.0,920.0,921.0,980.0,985.0,997.0,
18.0,21.0,25.0,37.0,68.0,134.0,134.0,137.0,139.0,162.0,186.0,194.0,210.0,264.0,276.0,314.0,371.0,451.0,500.0,506.0,516.0,542.0,554.0,561.0,570.0,610.0,616.0,671.0,693.0,764.0,769.0,779.0,790.0,791.0,807.0,841.0,841.0,844.0,891.0,894.0,930.0,951.0,970.0,976.0,977.0,978.0,983.0,
51.0,79.0,196.0,198.0,209.0,214.0,234.0,249.0,273.0,281.0,298.0,301.0,313.0,326.0,359.0,394.0,408.0,414.0,456.0,460.0,473.0,488.0,497.0,514.0,535.0,605.0,608.0,628.0,664.0,668.0,677.0,699.0,706.0,718.0,725.0,739.0,764.0,776.0,822.0,827.0,855.0,909.0,929.0,974.0,988.0,
29.0,182.0,188.0,191.0,196.0,252.0,272.0,297.0,318.0,331.0,335.0,505.0,
31.0,40.0,40.0,52.0,77.0,168.0,175.0,179.0,232.0,260.0,261.0,291.0,306.0,320.0,387.0,406.0,446.0,452.0,463.0,465.0,487.0,
30.0,63.0,80.0,113.0,147.0,174.0,178.0,212.0,212.0,226.0,246.0,250.0,297.0,400.0,430.0,462.0,491.0,497.0,851.0,884.0,918.0,
11.0,23.0,35.0,38.0,49.0,50.0,110.0,129.0,167.0,212.0,223.0,271.0,281.0,349.0,377.0,396.0,449.0,470.0,483.0,492.0,493.0,502.0,506.0,885.0,
35.0,49.0,50.0,59.0,67.0,72.0,87.0,104.0,112.0,113.0,121.0,156.0,229.0,249.0,266.0,319.0,337.0,352.0,356.0,360.0,384.0,408.0,435.0,492.0,
57.0,172.0,224.0,233.0,242.0,252.0,279.0,297.0,322.0,325.0,360.0,426.0,450.0,490.0,
20.0,27.0,39.0,42.0,51.0,75.0,80.0,116.0,140.0,200.0,211.0,213.0,245.0,297.0,309.0,311.0,454.0,473.0,763.0,822.0,
15.0,142.0,159.0,169.0,192.0,208.0,228.0,231.0,245.0,268.0,288.0,288.0,338.0,420.0,424.0,427.0,455.0,463.0,495.0,500.0,531.0,586.0,601.0,623.0,635.0,662.0,679.0,679.0,697.0,716.0,732.0,739.0,774.0,808.0,813.0,832.0,836.0,842.0,850.0,873.0,878.0,893.0,922.0,976.0,
18.0,38.0,48.0,57.0,60.0,60.0,109.0,144.0,147.0,194.0,215.0,268.0,275.0,337.0,400.0,407.0,439.0,440.0,490.0,491.0,493.0,494.0,502.0,510.0,526.0,544.0,546.0,620.0,661.0,668.0,679.0,709.0,712.0,820.0,823.0,841.0,845.0,856.0,878.0,936.0,946.0,
33.0,77.0,94.0,113.0,126.0,128.0,140.0,160.0,192.0,210.0,227.0,241.0,259.0,292.0,305.0,309.0,335.0,356.0,385.0,430.0,482.0,709.0,712.0,718.0,720.0,782.0,881.0,944.0,997.0,
32.0,33.0,135.0,173.0,192.0,196.0,214.0,264.0,272.0,279.0,372.0,377.0,404.0,410.0,424.0,432.0,454.0,
7.0,18.0,22.0,109.0,111.0,115.0,122.0,126.0,176.0,198.0,199.0,233.0,298.0,354.0,400.0,415.0,449.0,506.0,744.0,865.0,
22.0,27.0,45.0,50.0,72.0,130.0,144.0,162.0,219.0,308.0,341.0,360.0,376.0,399.0,459.0,462.0,510.0,777.0,810.0,852.0,
4.0,13.0,37.0,50.0,51.0,59.0,71.0,83.0,120.0,126.0,261.0,264.0,279.0,286.0,328.0,361.0,389.0,405.0,473.0,501.0,505.0,853.0,922.0,991.0,
73.0,127.0,135.0,197.0,381.0,388.0,453.0,936.0,958.0,
31.0,49.0,68.0,110.0,115.0,166.0,182.0,234.0,236.0,250.0,332.0,345.0,369.0,376.0,394.0,423.0,446.0,456.0,767.0,901.0,921.0,974.0,
9.0,28.0,33.0,69.0,233.0,262.0,264.0,314.0,345.0,356.0,421.0,447.0,473.0,
2.0,6.0,22.0,98.0,169.0,198.0,207.0,215.0,279.0,400.0,421.0,485.0,487.0,490.0,504.0,509.0,720.0,748.0,749.0,763.0,798.0,862.0,
7.0,13.0,13.0,22.0,55.0,80.0,105.0,118.0,135.0,237.0,246.0,263.0,363.0,454.0,460.0,484.0,525.0,556.0,560.0,583.0,586.0,617.0,619.0,635.0,641.0,647.0,691.0,714.0,737.0,813.0,814.0,842.0,879.0,903.0,912.0,913.0,915.0,946.0,955.0,
59.0,60.0,67.0,68.0,129.0,159.0,166.0,171.0,179.0,248.0,273.0,285.0,341.0,351.0,388.0,389.0,403.0,406.0,453.0,461.0,491.0,
7.0,12.0,19.0,37.0,41.0,46.0,58.0,84.0,128.0,130.0,145.0,157.0,227.0,241.0,245.0,284.0,287.0,299.0,311.0,328.0,341.0,469.0,765.0,959.0,
12.0,54.0,61.0,68.0,68.0,88.0,103.0,108.0,124.0,161.0,195.0,214.0,239.0,252.0,271.0,281.0,300.0,336.0,342.0,342.0,344.0,356.0,401.0,418.0,422.0,429.0,429.0,429.0,464.0,475.0,481.0,490.0,497.0,758.0,787.0,962.0,987.0,
28.0,30.0,90.0,122.0,137.0,146.0,176.0,192.0,236.0,245.0,361.0,394.0,402.0,420.0,451.0,760.0,845.0,872.0,928.0,967.0,
27.0,78.0,82.0,111.0,117.0,187.0,206.0,211.0,215.0,280.0,295.0,307.0,310.0,321.0,323.0,330.0,364.0,405.0,441.0,492.0,498.0,743.0,761.0,873.0,921.0,974.0,982.0,987.0,
69.0,73.0,79.0,80.0,113.0,119.0,138.0,164.0,187.0,231.0,284.0,300.0,348.0,400.0,444.0,482.0,487.0,489.0,768.0,833.0,987.0,
49.0,69.0,106.0,115.0,126.0,134.0,178.0,223.0,294.0,339.0,373.0,406.0,412.0,430.0,431.0,462.0,489.0,504.0,988.0,993.0,
3.0,17.0,36.0,62.0,71.0,119.0,128.0,142.0,156.0,161.0,180.0,234.0,256.0,277.0,280.0,308.0,313.0,316.0,367.0,378.0,392.0,453.0,485.0,500.0,
9.0,35.0,63.0,138.0,139.0,162.0,186.0,229.0,349.0,393.0,393.0,482.0,488.0,489.0,
27.0,57.0,69.0,86.0,138.0,157.0,158.0,211.0,234.0,287.0,332.0,343.0,357.0,362.0,395.0,407.0,463.0,510.0,516.0,532.0,582.0,587.0,600.0,606.0,626.0,637.0,644.0,655.0,666.0,682.0,745.0,757.0,764.0,776.0,778.0,800.0,819.0,842.0,877.0,878.0,896.0,900.0,906.0,910.0,921.0,948.0,
50.0,63.0,103.0,111.0,115.0,135.0,274.0,315.0,394.0,395.0,413.0,414.0,428.0,430.0,461.0,
39.0,42.0,110.0,135.0,137.0,250.0,323.0,342.0,361.0,394.0,398.0,417.0,450.0,473.0,473.0,481.0,884.0,
2.0,14.0,31.0,48.0,49.0,68.0,125.0,129.0,251.0,296.0,352.0,355.0,392.0,396.0,404.0,446.0,461.0,471.0,484.0,819.0,885.0,906.0,916.0,
13.0,38.0,120.0,167.0,173.0,177.0,178.0,186.0,197.0,225.0,243.0,285.0,287.0,317.0,318.0,343.0,365.0,379.0,381.0,410.0,433.0,443.0,447.0,510.0,738.0,801.0,
25.0,39.0,118.0,126.0,153.0,172.0,231.0,234.0,248.0,298.0,348.0,362.0,375.0,379.0,433.0,455.0,466.0,477.0,489.0,495.0,757.0,867.0,903.0,
11.0,32.0,73.0,86.0,178.0,208.0,225.0,279.0,283.0,324.0,330.0,379.0,408.0,412.0,470.0,720.0,745.0,764.0,774.0,857.0,884.0,937.0,970.0,986.0,
27.0,27.0,45.0,87.0,91.0,91.0,96.0,196.0,315.0,322.0,331.0,333.0,374.0,381.0,402.0,412.0,476.0,779.0,846.0,849.0,
50.0,61.0,95.0,103.0,186.0,202.0,204.0,222.0,277.0,294.0,302.0,385.0,388.0,391.0,408.0,421.0,424.0,904.0,955.0,
35.0,76.0,105.0,106.0,120.0,136.0,137.0,166.0,172.0,177.0,179.0,183.0,183.0,199.0,201.0,208.0,212.0,333.0,356.0,358.0,359.0,362.0,365.0,374.0,376.0,389.0,402.0,469.0,473.0,495.0,
26.0,50.0,88.0,170.0,196.0,251.0,279.0,291.0,305.0,357.0,362.0,368.0,389.0,408.0,412.0,413.0,414.0,422.0,424.0,434.0,506.0,525.0,530.0,538.0,551.0,552.0,558.0,580.0,603.0,628.0,635.0,648.0,655.0,666.0,704.0,717.0,756.0,807.0,831.0,831.0,847.0,867.0,888.0,930.0,931.0,939.0,991.0,
22.0,94.0,100.0,103.0,239.0,327.0,358.0,413.0,867.0,
13.0,62.0,98.0,116.0,164.0,164.0,221.0,245.0,250.0,377.0,380.0,395.0,446.0,457.0,471.0,472.0,
47.0,55.0,135.0,138.0,140.0,178.0,204.0,286.0,329.0,366.0,372.0,379.0,455.0,461.0,
21.0,118.0,167.0,183.0,185.0,201.0,323.0,341.0,382.0,382.0,393.0,411.0,421.0,426.0,449.0,450.0,457.0,813.0,840.0,882.0,
16.0,50.0,51.0,56.0,64.0,67.0,86.0,97.0,108.0,166.0,192.0,199.0,254.0,288.0,296.0,316.0,321.0,334.0,394.0,431.0,461.0,474.0,480.0,500.0,788.0,827.0,874.0,960.0,970.0,
149.0,206.0,210.0,244.0,250.0,252.0,272.0,290.0,290.0,315.0,338.0,344.0,351.0,402.0,426.0,448.0,768.0,814.0,838.0,909.0,943.0,946.0,951.0,981.0,
25.0,41.0,205.0,210.0,232.0,236.0,245.0,271.0,297.0,305.0,326.0,327.0,353.0,364.0,396.0,415.0,422.0,464.0,470.0,799.0,801.0,831.0,850.0,853.0,877.0,952.0,
23.0,120.0,140.0,190.0,194.0,219.0,269.0,279.0,337.0,406.0,427.0,435.0,493.0,504.0,776.0,888.0,
22.0,138.0,147.0,153.0,159.0,162.0,185.0,191.0,212.0,222.0,224.0,228.0,252.0,281.0,286.0,300.0,309.0,313.0,318.0,322.0,365.0,386.0,409.0,488.0,493.0,
3.0,40.0,42.0,76.0,107.0,125.0,129.0,184.0,187.0,216.0,222.0,234.0,286.0,301.0,360.0,369.0,384.0,457.0,458.0,465.0,479.0,499.0,508.0,523.0,543.0,602.0,604.0,610.0,633.0,644.0,646.0,649.0,656.0,666.0,673.0,699.0,712.0,717.0,720.0,732.0,786.0,792.0,870.0,894.0,894.0,904.0,905.0,907.0,909.0,914.0,926.0,926.0,929.0,935.0,937.0,965.0,965.0,984.0,998.0,
4.0,28.0,50.0,76.0,105.0,152.0,161.0,199.0,229.0,293.0,356.0,364.0,378.0,388.0,425.0,469.0,488.0,702.0,709.0,728.0,741.0,834.0,836.0,854.0,879.0,880.0,904.0,929.0,953.0,963.0,
13.0,69.0,80.0,85.0,155.0,239.0,254.0,269.0,353.0,360.0,387.0,403.0,428.0,434.0,446.0,457.0,486.0,487.0,
4.0,14.0,43.0,46.0,47.0,102.0,113.0,125.0,130.0,156.0,177.0,183.0,187.0,201.0,217.0,235.0,260.0,262.0,287.0,303.0,327.0,343.0,346.0,358.0,360.0,391.0,409.0,419.0,429.0,429.0,433.0,456.0,463.0,508.0,766.0,776.0,921.0,
64.0,92.0,95.0,109.0,161.0,166.0,199.0,202.0,242.0,307.0,388.0,403.0,439.0,443.0,491.0,503.0,769.0,795.0,889.0,894.0,968.0,
71.0,110.0,241.0,260.0,289.0,295.0,331.0,331.0,348.0,371.0,407.0,451.0,458.0,477.0,490.0,502.0,908.0,
34.0,83.0,116.0,160.0,169.0,230.0,239.0,264.0,283.0,311.0,335.0,411.0,456.0,488.0,489.0,503.0,901.0,909.0,913.0,925.0,
7.0,22.0,44.0,68.0,139.0,139.0,144.0,222.0,231.0,270.0,286.0,290.0,297.0,319.0,341.0,367.0,411.0,454.0,454.0,455.0,794.0,892.0,
24.0,37.0,44.0,59.0,79.0,99.0,134.0,140.0,143.0,145.0,176.0,231.0,235.0,253.0,275.0,302.0,383.0,439.0,461.0,492.0,
59.0,88.0,109.0,116.0,119.0,119.0,218.0,237.0,241.0,301.0,372.0,375.0,376.0,383.0,432.0,450.0,455.0,462.0,494.0,496.0,502.0,700.0,720.0,811.0,825.0,939.0,
30.0,95.0,101.0,255.0,263.0,270.0,270.0,272.0,305.0,379.0,380.0,424.0,515.0,555.0,557.0,572.0,582.0,644.0,649.0,651.0,656.0,694.0,706.0,713.0,718.0,722.0,739.0,743.0,748.0,779.0,794.0,797.0,805.0,807.0,864.0,916.0,953.0,957.0,969.0,
70.0,76.0,83.0,116.0,125.0,141.0,170.0,174.0,273.0,282.0,301.0,304.0,331.0,352.0,381.0,385.0,392.0,416.0,422.0,424.0,440.0,446.0,456.0,536.0,592.0,615.0,617.0,623.0,641.0,650.0,669.0,681.0,692.0,703.0,709.0,714.0,734.0,751.0,794.0,796.0,822.0,861.0,888.0,905.0,914.0,920.0,927.0,930.0,934.0,939.0,972.0,
42.0,112.0,122.0,167.0,171.0,183.0,196.0,202.0,241.0,245.0,247.0,268.0,295.0,325.0,329.0,389.0,400.0,425.0,463.0,496.0,
10.0,16.0,20.0,27.0,99.0,135.0,140.0,301.0,301.0,314.0,317.0,373.0,400.0,495.0,
35.0,83.0,123.0,127.0,134.0,173.0,183.0,226.0,229.0,290.0,315.0,339.0,368.0,371.0,377.0,850.0,947.0,
50.0,69.0,85.0,97.0,103.0,107.0,122.0,168.0,191.0,196.0,227.0,229.0,298.0,382.0,446.0,452.0,466.0,475.0,491.0,498.0,808.0,
6.0,46.0,48.0,88.0,92.0,93.0,137.0,166.0,183.0,192.0,195.0,222.0,224.0,265.0,267.0,309.0,320.0,326.0,331.0,338.0,363.0,363.0,397.0,409.0,441.0,485.0,959.0,
44.0,62.0,105.0,139.0,145.0,188.0,211.0,236.0,243.0,244.0,248.0,256.0,281.0,313.0,322.0,364.0,397.0,451.0,479.0,483.0,500.0,505.0,
12.0,126.0,136.0,138.0,157.0,180.0,185.0,203.0,243.0,255.0,267.0,324.0,365.0,387.0,443.0,848.0,901.0,
16.0,22.0,32.0,49.0,56.0,80.0,97.0,110.0,129.0,176.0,217.0,218.0,245.0,273.0,298.0,334.0,352.0,385.0,417.0,420.0,465.0,476.0,488.0,494.0,520.0,543.0,562.0,582.0,585.0,609.0,627.0,674.0,699.0,718.0,742.0,749.0,778.0,796.0,835.0,839.0,840.0,930.0,945.0,947.0,956.0,967.0,970.0,
31.0,54.0,60.0,73.0,93.0,94.0,98.0,112.0,128.0,152.0,158.0,247.0,371.0,382.0,412.0,423.0,439.0,509.0,512.0,555.0,571.0,588.0,743.0,745.0,828.0,841.0,842.0,866.0,890.0,936.0,
26.0,26.0,43.0,141.0,152.0,158.0,200.0,209.0,257.0,272.0,309.0,319.0,328.0,370.0,385.0,398.0,403.0,415.0,439.0,439.0,466.0,471.0,481.0,501.0,604.0,609.0,611.0,626.0,688.0,710.0,716.0,728.0,748.0,776.0,809.0,811.0,834.0,881.0,882.0,894.0,909.0,909.0,925.0,932.0,945.0,
47.0,50.0,59.0,62.0,151.0,191.0,193.0,217.0,218.0,268.0,292.0,353.0,408.0,570.0,579.0,604.0,707.0,714.0,759.0,767.0,791.0,803.0,810.0,820.0,833.0,854.0,885.0,971.0,
17.0,26.0,75.0,78.0,134.0,137.0,162.0,202.0,213.0,225.0,258.0,366.0,371.0,372.0,433.0,479.0,498.0,513.0,658.0,697.0,716.0,734.0,770.0,832.0,842.0,909.0,912.0,920.0,961.0,963.0,984.0,989.0,
22.0,30.0,74.0,93.0,94.0,202.0,210.0,238.0,260.0,321.0,340.0,368.0,451.0,458.0,460.0,477.0,487.0,507.0,
9.0,20.0,50.0,78.0,110.0,115.0,147.0,188.0,230.0,239.0,256.0,288.0,289.0,290.0,318.0,340.0,341.0,342.0,360.0,406.0,449.0,452.0,487.0,491.0,498.0,500.0,
29.0,32.0,79.0,126.0,138.0,151.0,190.0,196.0,225.0,229.0,241.0,252.0,378.0,381.0,382.0,386.0,398.0,408.0,410.0,463.0,473.0,
54.0,56.0,67.0,103.0,121.0,130.0,133.0,143.0,157.0,199.0,215.0,215.0,236.0,261.0,300.0,363.0,397.0,400.0,490.0,730.0,834.0,863.0,961.0,962.0,975.0,
41.0,49.0,53.0,134.0,161.0,162.0,168.0,201.0,201.0,262.0,294.0,300.0,321.0,323.0,342.0,393.0,410.0,413.0,428.0,488.0,492.0,496.0,508.0,576.0,581.0,618.0,631.0,632.0,666.0,693.0,695.0,762.0,779.0,782.0,811.0,823.0,861.0,900.0,914.0,916.0,917.0,
14.0,21.0,33.0,109.0,112.0,139.0,161.0,197.0,254.0,256.0,273.0,299.0,388.0,391.0,410.0,451.0,458.0,472.0,477.0,522.0,530.0,535.0,554.0,586.0,656.0,675.0,692.0,809.0,822.0,857.0,859.0,866.0,956.0,958.0,961.0,981.0,986.0,
