82.0,122.0,137.0,149.0,181.0,181.0,224.0,285.0,301.0,302.0,419.0,430.0,511.0,555.0,578.0,579.0,584.0,599.0,600.0,621.0,621.0,656.0,674.0,680.0,689.0,770.0,781.0,796.0,831.0,836.0,920.0,945.0,
21.0,91.0,191.0,276.0,295.0,308.0,330.0,390.0,428.0,461.0,505.0,516.0,548.0,586.0,590.0,604.0,612.0,714.0,718.0,767.0,784.0,827.0,829.0,854.0,856.0,890.0,942.0,966.0,971.0,974.0,
29.0,56.0,66.0,91.0,101.0,106.0,137.0,137.0,227.0,278.0,284.0,286.0,297.0,333.0,343.0,353.0,399.0,435.0,454.0,479.0,493.0,556.0,630.0,637.0,674.0,689.0,692.0,724.0,728.0,732.0,749.0,762.0,791.0,833.0,840.0,903.0,905.0,914.0,
6.0,14.0,19.0,53.0,66.0,78.0,88.0,88.0,107.0,124.0,143.0,144.0,169.0,186.0,189.0,210.0,300.0,313.0,318.0,338.0,339.0,400.0,483.0,531.0,539.0,600.0,603.0,641.0,649.0,654.0,657.0,663.0,690.0,697.0,707.0,722.0,739.0,758.0,762.0,812.0,872.0,897.0,915.0,959.0,
2.0,22.0,60.0,90.0,107.0,140.0,166.0,181.0,186.0,199.0,214.0,228.0,278.0,281.0,282.0,290.0,318.0,391.0,420.0,421.0,439.0,442.0,462.0,512.0,547.0,557.0,571.0,581.0,590.0,594.0,642.0,677.0,678.0,721.0,736.0,737.0,746.0,792.0,849.0,879.0,882.0,904.0,948.0,971.0,973.0,
78.0,90.0,115.0,117.0,201.0,203.0,225.0,229.0,278.0,302.0,315.0,344.0,375.0,382.0,444.0,458.0,472.0,510.0,514.0,528.0,564.0,579.0,606.0,632.0,644.0,647.0,657.0,664.0,703.0,706.0,714.0,718.0,748.0,776.0,797.0,847.0,867.0,877.0,887.0,912.0,939.0,952.0,962.0,968.0,
7.0,8.0,22.0,47.0,171.0,171.0,175.0,205.0,258.0,289.0,320.0,428.0,443.0,452.0,505.0,568.0,646.0,682.0,713.0,741.0,746.0,757.0,764.0,768.0,788.0,817.0,828.0,830.0,844.0,858.0,865.0,872.0,908.0,916.0,967.0,970.0,
12.0,56.0,131.0,138.0,194.0,205.0,216.0,348.0,356.0,373.0,396.0,406.0,426.0,459.0,469.0,480.0,493.0,580.0,583.0,591.0,604.0,608.0,644.0,686.0,691.0,704.0,712.0,760.0,779.0,797.0,812.0,821.0,834.0,868.0,880.0,886.0,912.0,960.0,979.0,
20.0,31.0,40.0,41.0,61.0,97.0,119.0,123.0,127.0,138.0,206.0,218.0,265.0,290.0,319.0,339.0,371.0,449.0,469.0,496.0,516.0,583.0,588.0,590.0,608.0,636.0,720.0,731.0,756.0,761.0,808.0,860.0,949.0,955.0,968.0,969.0,972.0,
28.0,68.0,78.0,86.0,104.0,140.0,148.0,158.0,166.0,219.0,256.0,294.0,308.0,333.0,339.0,372.0,400.0,408.0,477.0,501.0,534.0,602.0,693.0,704.0,706.0,711.0,717.0,762.0,789.0,827.0,834.0,872.0,892.0,895.0,901.0,912.0,912.0,913.0,974.0,975.0,991.0,
14.0,46.0,81.0,91.0,107.0,115.0,126.0,131.0,166.0,167.0,175.0,181.0,207.0,266.0,323.0,329.0,346.0,391.0,406.0,408.0,410.0,427.0,463.0,477.0,480.0,528.0,555.0,590.0,596.0,619.0,654.0,742.0,743.0,763.0,799.0,800.0,855.0,861.0,866.0,868.0,954.0,998.0,
17.0,25.0,35.0,67.0,76.0,88.0,104.0,109.0,114.0,238.0,276.0,283.0,295.0,298.0,340.0,383.0,389.0,518.0,541.0,553.0,560.0,563.0,593.0,640.0,696.0,713.0,747.0,843.0,897.0,909.0,949.0,959.0,971.0,
27.0,61.0,80.0,104.0,109.0,145.0,182.0,193.0,198.0,228.0,228.0,255.0,268.0,303.0,311.0,323.0,336.0,356.0,381.0,443.0,463.0,597.0,617.0,646.0,665.0,666.0,667.0,673.0,690.0,693.0,733.0,745.0,772.0,782.0,783.0,858.0,889.0,918.0,929.0,949.0,967.0,975.0,
47.0,89.0,117.0,159.0,188.0,219.0,248.0,249.0,271.0,305.0,320.0,325.0,334.0,352.0,363.0,405.0,411.0,437.0,443.0,464.0,465.0,742.0,759.0,779.0,786.0,791.0,835.0,840.0,848.0,894.0,938.0,974.0,
20.0,33.0,49.0,63.0,116.0,134.0,140.0,173.0,201.0,212.0,246.0,248.0,256.0,258.0,270.0,283.0,302.0,309.0,309.0,339.0,348.0,387.0,387.0,392.0,428.0,456.0,969.0,
41.0,43.0,68.0,94.0,115.0,122.0,186.0,215.0,228.0,236.0,296.0,302.0,321.0,341.0,347.0,368.0,394.0,436.0,464.0,480.0,
3.0,22.0,78.0,84.0,117.0,129.0,169.0,180.0,203.0,215.0,222.0,266.0,304.0,309.0,350.0,403.0,415.0,431.0,454.0,
22.0,24.0,27.0,62.0,70.0,79.0,80.0,82.0,94.0,153.0,213.0,236.0,237.0,242.0,266.0,266.0,312.0,337.0,345.0,421.0,466.0,728.0,796.0,812.0,933.0,941.0,963.0,
5.0,46.0,69.0,87.0,115.0,121.0,126.0,159.0,176.0,184.0,199.0,207.0,222.0,253.0,307.0,331.0,343.0,386.0,406.0,499.0,521.0,581.0,606.0,617.0,631.0,654.0,677.0,693.0,812.0,817.0,861.0,885.0,896.0,915.0,919.0,975.0,981.0,993.0,
5.0,37.0,134.0,143.0,175.0,191.0,201.0,230.0,268.0,270.0,328.0,330.0,486.0,491.0,497.0,511.0,515.0,530.0,549.0,564.0,599.0,613.0,664.0,671.0,682.0,713.0,747.0,771.0,853.0,916.0,922.0,
3.0,7.0,15.0,67.0,89.0,99.0,117.0,129.0,142.0,149.0,152.0,152.0,172.0,333.0,344.0,352.0,382.0,388.0,399.0,399.0,416.0,432.0,433.0,500.0,541.0,547.0,560.0,589.0,615.0,620.0,632.0,646.0,668.0,673.0,691.0,692.0,697.0,709.0,743.0,763.0,771.0,778.0,792.0,796.0,824.0,860.0,861.0,928.0,934.0,998.0,1000.0,
63.0,69.0,79.0,83.0,145.0,190.0,253.0,255.0,294.0,311.0,319.0,332.0,403.0,405.0,418.0,432.0,433.0,440.0,579.0,659.0,680.0,696.0,717.0,758.0,779.0,823.0,834.0,837.0,838.0,915.0,921.0,924.0,946.0,973.0,973.0,
28.0,29.0,55.0,59.0,67.0,70.0,84.0,278.0,355.0,366.0,389.0,391.0,484.0,851.0,952.0,
3.0,87.0,96.0,97.0,121.0,180.0,199.0,276.0,305.0,339.0,342.0,379.0,401.0,450.0,455.0,459.0,471.0,472.0,490.0,501.0,
7.0,78.0,88.0,106.0,111.0,120.0,126.0,134.0,141.0,145.0,182.0,189.0,224.0,237.0,244.0,246.0,251.0,261.0,285.0,306.0,329.0,365.0,426.0,447.0,452.0,475.0,768.0,869.0,874.0,926.0,
58.0,78.0,83.0,107.0,139.0,142.0,150.0,236.0,251.0,273.0,353.0,359.0,427.0,453.0,482.0,830.0,869.0,916.0,
13.0,24.0,67.0,73.0,83.0,90.0,90.0,99.0,129.0,135.0,143.0,151.0,171.0,188.0,363.0,396.0,433.0,455.0,945.0,
10.0,44.0,59.0,78.0,92.0,189.0,208.0,240.0,287.0,288.0,298.0,344.0,394.0,401.0,416.0,423.0,490.0,496.0,
90.0,110.0,146.0,174.0,221.0,227.0,229.0,291.0,307.0,440.0,
3.0,10.0,10.0,72.0,113.0,158.0,227.0,285.0,333.0,388.0,392.0,406.0,430.0,435.0,444.0,447.0,450.0,457.0,457.0,494.0,505.0,581.0,592.0,604.0,610.0,614.0,617.0,650.0,657.0,685.0,700.0,701.0,711.0,748.0,767.0,812.0,828.0,863.0,890.0,895.0,931.0,985.0,989.0,
38.0,39.0,44.0,70.0,89.0,104.0,105.0,114.0,129.0,158.0,196.0,199.0,241.0,278.0,303.0,469.0,477.0,501.0,517.0,534.0,546.0,570.0,662.0,667.0,780.0,827.0,828.0,830.0,835.0,851.0,853.0,887.0,888.0,910.0,915.0,920.0,976.0,
21.0,99.0,108.0,116.0,174.0,209.0,267.0,300.0,354.0,369.0,371.0,393.0,413.0,441.0,445.0,505.0,712.0,777.0,791.0,808.0,844.0,862.0,878.0,885.0,925.0,996.0,
3.0,19.0,61.0,110.0,144.0,219.0,248.0,268.0,286.0,287.0,297.0,320.0,357.0,391.0,419.0,434.0,438.0,480.0,488.0,494.0,
2.0,30.0,63.0,82.0,83.0,99.0,103.0,122.0,168.0,216.0,238.0,270.0,280.0,285.0,319.0,346.0,428.0,430.0,451.0,464.0,484.0,484.0,507.0,744.0,950.0,
55.0,66.0,90.0,128.0,198.0,319.0,346.0,353.0,392.0,401.0,402.0,447.0,456.0,500.0,507.0,771.0,798.0,822.0,846.0,849.0,886.0,887.0,912.0,927.0,
8.0,79.0,180.0,187.0,193.0,194.0,201.0,227.0,314.0,320.0,343.0,358.0,366.0,382.0,387.0,420.0,425.0,501.0,716.0,795.0,869.0,917.0,925.0,
25.0,52.0,92.0,130.0,148.0,198.0,212.0,221.0,242.0,244.0,264.0,315.0,327.0,381.0,395.0,453.0,462.0,493.0,499.0,831.0,843.0,956.0,978.0,
28.0,29.0,51.0,64.0,97.0,135.0,166.0,178.0,312.0,325.0,325.0,328.0,345.0,371.0,373.0,393.0,394.0,398.0,419.0,423.0,423.0,447.0,498.0,847.0,884.0,
31.0,45.0,101.0,110.0,110.0,117.0,137.0,145.0,231.0,286.0,345.0,439.0,446.0,454.0,454.0,477.0,479.0,499.0,
36.0,47.0,70.0,72.0,73.0,86.0,101.0,139.0,151.0,176.0,251.0,252.0,254.0,270.0,295.0,376.0,380.0,390.0,471.0,480.0,491.0,505.0,869.0,872.0,876.0,
3.0,59.0,67.0,82.0,85.0,110.0,144.0,179.0,196.0,209.0,225.0,303.0,349.0,359.0,363.0,368.0,477.0,514.0,578.0,594.0,597.0,601.0,610.0,660.0,666.0,684.0,692.0,701.0,722.0,758.0,764.0,804.0,806.0,834.0,862.0,889.0,894.0,919.0,924.0,979.0,987.0,998.0,
65.0,74.0,74.0,126.0,126.0,127.0,158.0,218.0,268.0,337.0,384.0,423.0,447.0,489.0,491.0,511.0,
30.0,57.0,134.0,145.0,160.0,180.0,272.0,280.0,280.0,286.0,297.0,306.0,361.0,424.0,424.0,428.0,449.0,476.0,504.0,961.0,
11.0,25.0,123.0,219.0,228.0,264.0,288.0,290.0,297.0,319.0,323.0,327.0,334.0,364.0,381.0,392.0,408.0,417.0,451.0,797.0,897.0,992.0,
4.0,25.0,60.0,71.0,85.0,86.0,106.0,109.0,146.0,187.0,195.0,230.0,274.0,285.0,304.0,319.0,322.0,327.0,327.0,337.0,337.0,380.0,381.0,406.0,504.0,743.0,763.0,802.0,831.0,857.0,895.0,902.0,
6.0,23.0,39.0,39.0,46.0,69.0,93.0,125.0,131.0,133.0,151.0,268.0,386.0,418.0,442.0,443.0,452.0,489.0,504.0,756.0,791.0,832.0,869.0,930.0,
66.0,67.0,98.0,138.0,179.0,206.0,253.0,255.0,262.0,264.0,333.0,360.0,391.0,396.0,489.0,501.0,744.0,795.0,811.0,853.0,853.0,880.0,924.0,978.0,
3.0,28.0,56.0,61.0,86.0,88.0,97.0,174.0,194.0,200.0,261.0,263.0,269.0,389.0,422.0,447.0,466.0,473.0,491.0,493.0,505.0,830.0,924.0,947.0,986.0,
3.0,30.0,68.0,74.0,129.0,146.0,173.0,178.0,181.0,270.0,273.0,275.0,282.0,303.0,353.0,382.0,427.0,440.0,489.0,944.0,
48.0,81.0,101.0,102.0,238.0,262.0,280.0,283.0,355.0,389.0,412.0,
51.0,73.0,110.0,137.0,219.0,262.0,264.0,276.0,277.0,294.0,316.0,318.0,321.0,336.0,355.0,369.0,433.0,539.0,539.0,540.0,546.0,548.0,586.0,603.0,624.0,629.0,651.0,691.0,698.0,703.0,709.0,719.0,730.0,741.0,752.0,780.0,784.0,813.0,840.0,844.0,852.0,852.0,873.0,888.0,893.0,921.0,968.0,968.0,968.0,973.0,987.0,
19.0,36.0,67.0,76.0,80.0,84.0,110.0,195.0,249.0,267.0,288.0,305.0,306.0,307.0,395.0,441.0,442.0,450.0,452.0,455.0,460.0,487.0,
17.0,22.0,50.0,62.0,133.0,135.0,161.0,192.0,207.0,207.0,215.0,217.0,219.0,284.0,288.0,290.0,318.0,353.0,388.0,400.0,467.0,826.0,
18.0,26.0,46.0,62.0,112.0,172.0,211.0,221.0,230.0,275.0,298.0,313.0,315.0,319.0,335.0,381.0,385.0,480.0,894.0,951.0,955.0,
4.0,23.0,28.0,52.0,65.0,114.0,135.0,199.0,245.0,295.0,366.0,379.0,388.0,413.0,440.0,443.0,487.0,493.0,785.0,831.0,920.0,951.0,994.0,
4.0,32.0,37.0,89.0,95.0,106.0,132.0,135.0,177.0,216.0,265.0,277.0,294.0,343.0,356.0,364.0,373.0,373.0,392.0,427.0,450.0,451.0,466.0,479.0,493.0,498.0,804.0,844.0,857.0,889.0,905.0,918.0,
14.0,39.0,51.0,86.0,95.0,112.0,145.0,160.0,218.0,219.0,225.0,278.0,354.0,366.0,393.0,405.0,413.0,419.0,435.0,455.0,455.0,460.0,464.0,470.0,501.0,987.0,
16.0,57.0,71.0,76.0,134.0,150.0,177.0,180.0,262.0,280.0,283.0,288.0,294.0,314.0,342.0,369.0,444.0,446.0,480.0,495.0,785.0,789.0,887.0,938.0,971.0,992.0,
3.0,9.0,92.0,93.0,95.0,95.0,102.0,104.0,141.0,164.0,167.0,187.0,234.0,253.0,255.0,299.0,325.0,352.0,369.0,444.0,467.0,500.0,806.0,908.0,954.0,
3.0,17.0,47.0,76.0,78.0,89.0,96.0,119.0,148.0,164.0,231.0,238.0,336.0,362.0,401.0,432.0,437.0,456.0,489.0,501.0,
24.0,27.0,31.0,51.0,85.0,105.0,112.0,115.0,227.0,240.0,245.0,272.0,273.0,334.0,437.0,471.0,487.0,506.0,624.0,634.0,641.0,647.0,666.0,682.0,710.0,713.0,772.0,775.0,781.0,795.0,799.0,810.0,819.0,845.0,850.0,882.0,938.0,964.0,968.0,977.0,986.0,995.0,
6.0,56.0,117.0,201.0,229.0,275.0,296.0,320.0,345.0,387.0,391.0,411.0,417.0,436.0,482.0,482.0,489.0,492.0,499.0,930.0,
7.0,9.0,54.0,55.0,84.0,84.0,107.0,140.0,150.0,220.0,245.0,301.0,309.0,341.0,370.0,371.0,373.0,475.0,
12.0,77.0,102.0,123.0,207.0,219.0,225.0,246.0,251.0,397.0,429.0,446.0,485.0,816.0,839.0,842.0,844.0,894.0,931.0,
3.0,88.0,112.0,136.0,158.0,167.0,176.0,197.0,244.0,245.0,250.0,268.0,308.0,321.0,352.0,352.0,365.0,407.0,821.0,857.0,975.0,985.0,994.0,
11.0,21.0,33.0,39.0,62.0,131.0,165.0,197.0,209.0,237.0,247.0,260.0,276.0,297.0,313.0,338.0,369.0,371.0,378.0,380.0,420.0,421.0,436.0,457.0,458.0,503.0,903.0,971.0,989.0,
19.0,46.0,54.0,60.0,66.0,97.0,106.0,112.0,116.0,133.0,135.0,152.0,191.0,212.0,232.0,262.0,338.0,340.0,374.0,399.0,433.0,440.0,470.0,803.0,990.0,
6.0,64.0,101.0,104.0,126.0,126.0,131.0,209.0,217.0,221.0,279.0,289.0,291.0,332.0,363.0,373.0,379.0,463.0,768.0,923.0,
27.0,50.0,85.0,154.0,280.0,301.0,330.0,349.0,361.0,363.0,390.0,414.0,478.0,484.0,486.0,909.0,985.0,
85.0,109.0,111.0,116.0,129.0,204.0,253.0,269.0,306.0,310.0,318.0,349.0,350.0,400.0,402.0,450.0,464.0,
50.0,55.0,74.0,103.0,112.0,134.0,141.0,157.0,166.0,204.0,211.0,225.0,310.0,346.0,416.0,424.0,443.0,470.0,490.0,538.0,554.0,586.0,589.0,648.0,652.0,657.0,699.0,706.0,709.0,720.0,730.0,743.0,766.0,805.0,810.0,813.0,832.0,855.0,897.0,961.0,965.0,971.0,984.0,997.0,
88.0,93.0,116.0,118.0,118.0,124.0,130.0,193.0,280.0,288.0,301.0,324.0,346.0,360.0,387.0,448.0,464.0,468.0,489.0,493.0,716.0,784.0,850.0,867.0,921.0,930.0,
122.0,139.0,167.0,189.0,250.0,294.0,308.0,340.0,344.0,400.0,491.0,502.0,506.0,
9.0,10.0,35.0,36.0,52.0,64.0,99.0,103.0,107.0,123.0,127.0,136.0,151.0,184.0,223.0,251.0,254.0,263.0,282.0,452.0,460.0,502.0,879.0,948.0,955.0,975.0,
36.0,68.0,127.0,145.0,151.0,169.0,205.0,221.0,255.0,265.0,311.0,419.0,440.0,728.0,866.0,909.0,971.0,
8.0,13.0,34.0,157.0,223.0,246.0,285.0,291.0,328.0,333.0,338.0,350.0,402.0,415.0,438.0,787.0,817.0,825.0,942.0,943.0,
25.0,52.0,60.0,90.0,122.0,143.0,149.0,176.0,265.0,308.0,310.0,311.0,318.0,347.0,396.0,414.0,429.0,458.0,
46.0,47.0,100.0,110.0,112.0,164.0,188.0,307.0,386.0,402.0,450.0,772.0,819.0,
14.0,27.0,41.0,106.0,108.0,128.0,184.0,213.0,214.0,251.0,253.0,325.0,327.0,338.0,368.0,377.0,383.0,393.0,442.0,450.0,464.0,495.0,
23.0,123.0,132.0,136.0,147.0,159.0,169.0,189.0,201.0,204.0,252.0,309.0,401.0,448.0,491.0,491.0,501.0,683.0,725.0,747.0,773.0,843.0,900.0,906.0,910.0,981.0,998.0,
4.0,12.0,17.0,100.0,125.0,170.0,171.0,187.0,199.0,200.0,208.0,294.0,315.0,320.0,323.0,326.0,356.0,442.0,445.0,453.0,458.0,463.0,468.0,490.0,494.0,546.0,551.0,551.0,572.0,642.0,674.0,761.0,782.0,795.0,806.0,823.0,826.0,842.0,844.0,857.0,865.0,894.0,895.0,935.0,982.0,992.0,997.0,
31.0,66.0,92.0,113.0,114.0,192.0,215.0,226.0,242.0,282.0,338.0,384.0,403.0,427.0,455.0,467.0,492.0,500.0,571.0,573.0,577.0,599.0,606.0,610.0,641.0,659.0,663.0,664.0,675.0,707.0,750.0,775.0,781.0,802.0,811.0,856.0,859.0,873.0,880.0,911.0,921.0,936.0,968.0,999.0,
23.0,80.0,99.0,117.0,140.0,154.0,238.0,247.0,286.0,300.0,325.0,334.0,344.0,422.0,816.0,
6.0,26.0,55.0,61.0,68.0,93.0,108.0,144.0,183.0,217.0,253.0,300.0,343.0,379.0,404.0,488.0,509.0,
18.0,31.0,43.0,57.0,66.0,83.0,85.0,135.0,167.0,217.0,231.0,251.0,373.0,380.0,403.0,463.0,476.0,485.0,503.0,779.0,854.0,
37.0,51.0,139.0,202.0,269.0,285.0,326.0,374.0,430.0,430.0,461.0,475.0,480.0,482.0,810.0,816.0,901.0,
3.0,34.0,55.0,57.0,103.0,103.0,126.0,148.0,199.0,213.0,293.0,297.0,318.0,364.0,365.0,380.0,392.0,396.0,418.0,418.0,465.0,503.0,504.0,504.0,827.0,890.0,
58.0,67.0,83.0,149.0,156.0,212.0,241.0,282.0,312.0,313.0,331.0,360.0,362.0,364.0,375.0,395.0,428.0,460.0,462.0,492.0,
17.0,32.0,54.0,62.0,87.0,126.0,198.0,249.0,253.0,259.0,301.0,301.0,309.0,314.0,353.0,361.0,372.0,438.0,440.0,786.0,
11.0,30.0,37.0,51.0,108.0,168.0,178.0,192.0,227.0,228.0,254.0,300.0,338.0,361.0,395.0,413.0,452.0,489.0,497.0,502.0,640.0,656.0,691.0,715.0,721.0,769.0,801.0,802.0,831.0,881.0,885.0,899.0,933.0,969.0,999.0,
7.0,72.0,81.0,125.0,130.0,150.0,226.0,228.0,237.0,255.0,276.0,277.0,279.0,285.0,296.0,332.0,334.0,335.0,406.0,457.0,467.0,470.0,472.0,476.0,482.0,509.0,575.0,597.0,612.0,615.0,643.0,673.0,686.0,687.0,690.0,710.0,802.0,810.0,838.0,888.0,911.0,912.0,913.0,932.0,933.0,934.0,948.0,959.0,964.0,984.0,993.0,
7.0,8.0,37.0,39.0,44.0,65.0,66.0,79.0,158.0,166.0,230.0,248.0,320.0,366.0,433.0,439.0,458.0,461.0,465.0,506.0,545.0,577.0,602.0,670.0,703.0,710.0,719.0,726.0,752.0,759.0,759.0,772.0,776.0,795.0,814.0,831.0,834.0,840.0,855.0,873.0,905.0,914.0,922.0,931.0,939.0,940.0,963.0,966.0,992.0,994.0,
8.0,14.0,22.0,28.0,42.0,87.0,105.0,115.0,188.0,214.0,256.0,263.0,351.0,383.0,407.0,414.0,454.0,467.0,479.0,509.0,541.0,600.0,606.0,679.0,703.0,705.0,721.0,738.0,758.0,768.0,769.0,784.0,799.0,804.0,805.0,855.0,869.0,872.0,881.0,903.0,915.0,960.0,974.0,997.0,
13.0,19.0,81.0,149.0,212.0,224.0,260.0,299.0,307.0,315.0,367.0,378.0,391.0,416.0,425.0,482.0,694.0,696.0,705.0,730.0,753.0,759.0,877.0,936.0,
46.0,68.0,116.0,120.0,130.0,136.0,140.0,191.0,191.0,249.0,284.0,353.0,403.0,457.0,473.0,487.0,488.0,
3.0,39.0,44.0,57.0,57.0,71.0,97.0,98.0,145.0,196.0,204.0,205.0,222.0,235.0,256.0,278.0,315.0,319.0,333.0,378.0,426.0,443.0,508.0,
16.0,36.0,60.0,63.0,130.0,165.0,187.0,201.0,252.0,279.0,306.0,311.0,320.0,335.0,351.0,408.0,410.0,448.0,463.0,
9.0,57.0,79.0,101.0,106.0,266.0,308.0,383.0,488.0,668.0,767.0,805.0,849.0,865.0,931.0,954.0,967.0,981.0,992.0,
21.0,28.0,47.0,126.0,214.0,279.0,333.0,354.0,367.0,376.0,387.0,387.0,396.0,413.0,464.0,508.0,582.0,593.0,604.0,618.0,622.0,644.0,647.0,651.0,672.0,682.0,714.0,725.0,729.0,783.0,786.0,797.0,
6.0,29.0,45.0,129.0,140.0,181.0,214.0,232.0,240.0,253.0,281.0,456.0,482.0,486.0,531.0,538.0,573.0,632.0,655.0,677.0,689.0,709.0,731.0,807.0,848.0,861.0,862.0,869.0,897.0,914.0,962.0,974.0,980.0,995.0,
