40.0,73.0,91.0,96.0,111.0,122.0,176.0,188.0,241.0,248.0,261.0,312.0,346.0,366.0,416.0,446.0,450.0,459.0,465.0,549.0,560.0,617.0,626.0,644.0,661.0,678.0,715.0,721.0,748.0,753.0,761.0,762.0,801.0,815.0,845.0,846.0,883.0,894.0,957.0,982.0,992.0,995.0,1000.0,
47.0,85.0,104.0,104.0,155.0,180.0,183.0,190.0,201.0,231.0,235.0,308.0,326.0,330.0,331.0,346.0,350.0,428.0,430.0,459.0,481.0,483.0,496.0,534.0,569.0,592.0,675.0,695.0,757.0,779.0,828.0,872.0,958.0,999.0,
31.0,50.0,69.0,89.0,158.0,196.0,198.0,218.0,230.0,268.0,271.0,305.0,341.0,357.0,390.0,390.0,498.0,508.0,509.0,514.0,535.0,548.0,585.0,597.0,645.0,673.0,674.0,680.0,694.0,695.0,725.0,760.0,772.0,779.0,787.0,897.0,898.0,915.0,935.0,944.0,957.0,969.0,972.0,976.0,979.0,1000.0,
33.0,136.0,143.0,146.0,234.0,252.0,368.0,387.0,394.0,397.0,440.0,450.0,456.0,460.0,477.0,487.0,561.0,567.0,609.0,658.0,661.0,668.0,713.0,728.0,729.0,747.0,791.0,801.0,813.0,822.0,846.0,850.0,861.0,878.0,879.0,886.0,905.0,907.0,931.0,1000.0,
20.0,32.0,36.0,100.0,120.0,140.0,229.0,249.0,257.0,268.0,289.0,298.0,319.0,325.0,332.0,362.0,378.0,405.0,485.0,559.0,578.0,611.0,616.0,691.0,698.0,706.0,727.0,750.0,767.0,772.0,774.0,822.0,840.0,849.0,867.0,946.0,950.0,
3.0,39.0,43.0,52.0,159.0,190.0,208.0,333.0,373.0,406.0,443.0,451.0,451.0,477.0,578.0,588.0,667.0,710.0,715.0,729.0,785.0,788.0,845.0,851.0,875.0,875.0,922.0,922.0,935.0,944.0,963.0,971.0,991.0,
47.0,83.0,87.0,88.0,107.0,118.0,132.0,133.0,140.0,153.0,161.0,206.0,256.0,276.0,302.0,350.0,362.0,380.0,443.0,471.0,491.0,567.0,608.0,632.0,655.0,685.0,691.0,695.0,701.0,705.0,706.0,706.0,708.0,710.0,711.0,722.0,731.0,736.0,799.0,816.0,827.0,830.0,846.0,883.0,893.0,895.0,912.0,940.0,
11.0,64.0,103.0,119.0,135.0,135.0,183.0,194.0,223.0,290.0,321.0,325.0,374.0,422.0,431.0,458.0,463.0,496.0,537.0,596.0,610.0,678.0,680.0,688.0,734.0,747.0,769.0,789.0,813.0,820.0,825.0,832.0,881.0,910.0,916.0,924.0,936.0,975.0,
5.0,48.0,76.0,120.0,179.0,232.0,250.0,261.0,392.0,422.0,454.0,455.0,475.0,500.0,539.0,584.0,611.0,617.0,641.0,646.0,649.0,739.0,748.0,751.0,759.0,804.0,808.0,827.0,830.0,832.0,873.0,949.0,957.0,958.0,972.0,992.0,
34.0,52.0,141.0,155.0,159.0,208.0,252.0,359.0,360.0,467.0,483.0,512.0,550.0,644.0,671.0,673.0,709.0,749.0,749.0,759.0,772.0,774.0,810.0,813.0,823.0,832.0,869.0,952.0,956.0,963.0,
60.0,84.0,125.0,133.0,142.0,170.0,183.0,225.0,229.0,232.0,242.0,252.0,252.0,255.0,266.0,301.0,311.0,313.0,319.0,364.0,417.0,480.0,482.0,490.0,532.0,604.0,614.0,627.0,668.0,670.0,686.0,698.0,720.0,775.0,788.0,792.0,811.0,864.0,875.0,910.0,919.0,932.0,944.0,
11.0,26.0,28.0,47.0,63.0,83.0,108.0,108.0,146.0,163.0,180.0,182.0,207.0,232.0,276.0,285.0,303.0,455.0,471.0,476.0,514.0,605.0,636.0,695.0,736.0,802.0,839.0,865.0,877.0,884.0,922.0,
26.0,56.0,75.0,152.0,174.0,189.0,235.0,237.0,278.0,317.0,345.0,385.0,444.0,549.0,592.0,592.0,605.0,608.0,661.0,695.0,773.0,804.0,844.0,847.0,852.0,859.0,880.0,882.0,932.0,947.0,961.0,969.0,977.0,982.0,994.0,994.0,
18.0,18.0,38.0,52.0,69.0,75.0,94.0,99.0,148.0,196.0,211.0,230.0,230.0,241.0,261.0,290.0,355.0,360.0,380.0,413.0,453.0,461.0,466.0,473.0,776.0,791.0,799.0,896.0,989.0,
23.0,79.0,94.0,170.0,201.0,204.0,239.0,243.0,248.0,270.0,278.0,289.0,294.0,345.0,365.0,413.0,428.0,441.0,493.0,
25.0,82.0,107.0,151.0,172.0,305.0,334.0,384.0,399.0,409.0,420.0,427.0,448.0,452.0,499.0,
28.0,37.0,107.0,148.0,194.0,227.0,230.0,232.0,238.0,244.0,267.0,273.0,281.0,333.0,334.0,335.0,346.0,353.0,403.0,428.0,431.0,464.0,507.0,
24.0,60.0,96.0,121.0,148.0,173.0,202.0,207.0,216.0,237.0,244.0,277.0,278.0,300.0,303.0,314.0,368.0,386.0,409.0,417.0,472.0,473.0,724.0,893.0,907.0,962.0,
40.0,67.0,189.0,200.0,206.0,216.0,225.0,352.0,364.0,413.0,448.0,562.0,598.0,620.0,630.0,700.0,740.0,743.0,754.0,779.0,792.0,796.0,805.0,828.0,845.0,853.0,872.0,927.0,928.0,929.0,953.0,969.0,
58.0,70.0,88.0,188.0,191.0,265.0,284.0,311.0,351.0,360.0,360.0,392.0,467.0,475.0,524.0,546.0,565.0,572.0,628.0,658.0,667.0,675.0,681.0,687.0,711.0,739.0,748.0,752.0,753.0,758.0,799.0,816.0,821.0,832.0,850.0,851.0,983.0,989.0,
34.0,36.0,54.0,59.0,78.0,78.0,121.0,164.0,173.0,197.0,198.0,205.0,228.0,240.0,243.0,268.0,299.0,312.0,326.0,358.0,387.0,405.0,424.0,443.0,452.0,453.0,455.0,478.0,490.0,499.0,525.0,528.0,546.0,558.0,583.0,584.0,589.0,600.0,601.0,610.0,635.0,669.0,713.0,737.0,744.0,752.0,760.0,800.0,801.0,813.0,858.0,871.0,936.0,947.0,955.0,956.0,964.0,974.0,974.0,
9.0,17.0,24.0,34.0,35.0,41.0,66.0,113.0,167.0,191.0,220.0,279.0,282.0,287.0,298.0,307.0,378.0,384.0,394.0,408.0,416.0,425.0,432.0,515.0,626.0,678.0,682.0,696.0,773.0,782.0,787.0,840.0,840.0,868.0,883.0,909.0,943.0,944.0,952.0,954.0,973.0,
16.0,19.0,22.0,92.0,101.0,128.0,148.0,181.0,183.0,229.0,237.0,263.0,283.0,309.0,359.0,362.0,406.0,453.0,469.0,473.0,484.0,493.0,857.0,
25.0,44.0,53.0,89.0,135.0,200.0,208.0,217.0,233.0,277.0,315.0,321.0,365.0,383.0,405.0,408.0,420.0,426.0,469.0,
6.0,8.0,11.0,42.0,45.0,65.0,101.0,166.0,181.0,185.0,192.0,211.0,221.0,233.0,264.0,286.0,316.0,385.0,391.0,401.0,438.0,506.0,
32.0,98.0,120.0,141.0,155.0,171.0,174.0,250.0,250.0,266.0,290.0,323.0,425.0,456.0,469.0,755.0,945.0,
50.0,53.0,59.0,75.0,76.0,92.0,95.0,215.0,242.0,246.0,253.0,282.0,287.0,300.0,321.0,350.0,368.0,390.0,456.0,486.0,493.0,
12.0,40.0,68.0,95.0,97.0,101.0,154.0,181.0,188.0,192.0,276.0,313.0,379.0,380.0,405.0,455.0,458.0,496.0,
49.0,56.0,80.0,103.0,139.0,147.0,194.0,202.0,222.0,224.0,342.0,370.0,435.0,474.0,481.0,499.0,
10.0,13.0,29.0,60.0,119.0,135.0,174.0,186.0,186.0,220.0,285.0,305.0,332.0,343.0,347.0,353.0,370.0,424.0,441.0,456.0,475.0,484.0,566.0,599.0,609.0,644.0,646.0,681.0,693.0,751.0,792.0,816.0,817.0,817.0,826.0,851.0,860.0,881.0,897.0,898.0,940.0,942.0,956.0,961.0,964.0,980.0,988.0,
11.0,20.0,21.0,45.0,76.0,102.0,141.0,208.0,214.0,227.0,243.0,262.0,292.0,296.0,297.0,315.0,346.0,355.0,371.0,381.0,388.0,416.0,500.0,505.0,507.0,546.0,592.0,614.0,665.0,715.0,737.0,740.0,771.0,819.0,830.0,849.0,859.0,887.0,914.0,932.0,962.0,991.0,
40.0,71.0,80.0,100.0,126.0,228.0,309.0,316.0,322.0,395.0,396.0,404.0,437.0,449.0,453.0,508.0,688.0,713.0,890.0,923.0,934.0,937.0,964.0,978.0,990.0,
18.0,40.0,61.0,90.0,121.0,151.0,172.0,177.0,218.0,235.0,245.0,275.0,285.0,321.0,334.0,356.0,366.0,427.0,470.0,
14.0,29.0,34.0,51.0,68.0,122.0,139.0,141.0,192.0,200.0,289.0,303.0,304.0,341.0,344.0,366.0,391.0,493.0,752.0,770.0,788.0,969.0,
34.0,36.0,58.0,84.0,116.0,176.0,178.0,194.0,221.0,225.0,240.0,246.0,292.0,309.0,360.0,378.0,384.0,400.0,417.0,434.0,439.0,491.0,494.0,498.0,820.0,
6.0,19.0,41.0,80.0,116.0,120.0,137.0,153.0,214.0,266.0,275.0,337.0,341.0,349.0,396.0,469.0,484.0,806.0,870.0,985.0,
11.0,32.0,71.0,76.0,84.0,104.0,170.0,179.0,261.0,271.0,329.0,331.0,337.0,341.0,346.0,357.0,407.0,421.0,424.0,429.0,763.0,785.0,854.0,868.0,984.0,
41.0,42.0,55.0,69.0,120.0,136.0,153.0,156.0,200.0,220.0,246.0,258.0,314.0,317.0,335.0,397.0,418.0,458.0,469.0,488.0,493.0,
26.0,27.0,31.0,94.0,149.0,163.0,206.0,212.0,212.0,264.0,273.0,301.0,428.0,445.0,448.0,454.0,459.0,468.0,489.0,491.0,494.0,
31.0,92.0,93.0,137.0,156.0,165.0,189.0,223.0,337.0,355.0,370.0,442.0,492.0,495.0,669.0,743.0,802.0,827.0,877.0,917.0,922.0,922.0,965.0,974.0,979.0,998.0,
48.0,72.0,82.0,111.0,201.0,201.0,206.0,267.0,291.0,302.0,365.0,366.0,433.0,443.0,547.0,552.0,567.0,619.0,629.0,647.0,652.0,652.0,679.0,692.0,719.0,719.0,743.0,746.0,771.0,926.0,929.0,938.0,968.0,974.0,993.0,
14.0,33.0,61.0,84.0,152.0,175.0,179.0,185.0,188.0,191.0,191.0,202.0,236.0,238.0,307.0,322.0,326.0,327.0,339.0,397.0,412.0,440.0,491.0,931.0,
62.0,90.0,136.0,141.0,170.0,188.0,249.0,263.0,308.0,310.0,317.0,324.0,356.0,390.0,449.0,498.0,501.0,
19.0,31.0,85.0,99.0,103.0,107.0,123.0,140.0,169.0,198.0,203.0,265.0,269.0,271.0,275.0,280.0,328.0,333.0,350.0,355.0,366.0,417.0,437.0,442.0,442.0,471.0,479.0,493.0,494.0,941.0,969.0,
11.0,11.0,31.0,43.0,59.0,142.0,183.0,183.0,200.0,303.0,339.0,409.0,418.0,451.0,460.0,966.0,966.0,968.0,
13.0,85.0,112.0,130.0,165.0,188.0,191.0,218.0,234.0,257.0,318.0,374.0,450.0,487.0,827.0,836.0,892.0,956.0,
3.0,16.0,98.0,105.0,130.0,139.0,182.0,205.0,211.0,215.0,269.0,281.0,300.0,306.0,328.0,411.0,417.0,419.0,483.0,777.0,944.0,
20.0,38.0,39.0,59.0,64.0,70.0,81.0,112.0,114.0,115.0,155.0,183.0,186.0,223.0,250.0,251.0,257.0,299.0,317.0,333.0,352.0,371.0,453.0,462.0,488.0,488.0,733.0,759.0,842.0,889.0,941.0,961.0,
27.0,56.0,102.0,128.0,130.0,157.0,169.0,186.0,206.0,242.0,248.0,263.0,283.0,323.0,346.0,350.0,361.0,376.0,416.0,419.0,467.0,472.0,935.0,982.0,
10.0,49.0,86.0,94.0,118.0,126.0,209.0,237.0,253.0,271.0,319.0,344.0,347.0,379.0,395.0,400.0,400.0,419.0,438.0,448.0,468.0,497.0,499.0,
32.0,38.0,44.0,50.0,69.0,71.0,119.0,174.0,182.0,212.0,222.0,231.0,359.0,398.0,411.0,423.0,460.0,552.0,574.0,620.0,654.0,667.0,699.0,726.0,795.0,800.0,811.0,812.0,831.0,848.0,856.0,864.0,902.0,917.0,951.0,967.0,982.0,
32.0,40.0,41.0,89.0,116.0,134.0,164.0,187.0,209.0,215.0,225.0,323.0,354.0,374.0,387.0,393.0,393.0,439.0,466.0,475.0,489.0,502.0,
13.0,84.0,172.0,192.0,220.0,229.0,257.0,273.0,284.0,303.0,304.0,324.0,354.0,362.0,407.0,427.0,434.0,463.0,859.0,861.0,928.0,941.0,
7.0,17.0,139.0,142.0,267.0,327.0,470.0,475.0,477.0,478.0,504.0,724.0,784.0,934.0,975.0,979.0,
2.0,38.0,49.0,61.0,72.0,120.0,132.0,235.0,239.0,243.0,256.0,261.0,278.0,304.0,315.0,322.0,344.0,411.0,448.0,881.0,899.0,986.0,
54.0,59.0,135.0,150.0,176.0,210.0,214.0,229.0,242.0,251.0,254.0,264.0,275.0,334.0,487.0,502.0,800.0,843.0,
39.0,44.0,45.0,92.0,101.0,174.0,177.0,213.0,263.0,293.0,317.0,325.0,327.0,329.0,361.0,414.0,432.0,442.0,756.0,771.0,773.0,822.0,826.0,828.0,830.0,902.0,914.0,
27.0,28.0,55.0,75.0,91.0,103.0,171.0,207.0,280.0,285.0,286.0,290.0,348.0,356.0,358.0,395.0,416.0,420.0,427.0,488.0,776.0,818.0,842.0,950.0,964.0,
16.0,45.0,70.0,84.0,124.0,147.0,182.0,208.0,212.0,245.0,256.0,277.0,304.0,347.0,426.0,474.0,497.0,838.0,
34.0,36.0,56.0,91.0,92.0,94.0,210.0,225.0,228.0,239.0,245.0,274.0,329.0,331.0,385.0,398.0,490.0,
6.0,48.0,63.0,99.0,99.0,107.0,117.0,127.0,211.0,290.0,314.0,314.0,321.0,360.0,408.0,415.0,418.0,518.0,548.0,554.0,562.0,592.0,618.0,648.0,649.0,683.0,686.0,698.0,706.0,714.0,732.0,738.0,742.0,768.0,834.0,840.0,845.0,858.0,873.0,895.0,910.0,1000.0,
9.0,52.0,53.0,73.0,90.0,131.0,158.0,159.0,236.0,239.0,288.0,327.0,345.0,359.0,402.0,440.0,441.0,
22.0,66.0,83.0,97.0,113.0,114.0,127.0,141.0,144.0,159.0,167.0,198.0,242.0,252.0,261.0,270.0,277.0,284.0,291.0,294.0,313.0,322.0,329.0,330.0,361.0,377.0,380.0,385.0,434.0,437.0,489.0,
51.0,87.0,114.0,189.0,282.0,295.0,341.0,344.0,398.0,410.0,428.0,430.0,434.0,436.0,444.0,494.0,496.0,903.0,996.0,
44.0,59.0,93.0,109.0,155.0,164.0,197.0,227.0,233.0,272.0,319.0,341.0,385.0,407.0,439.0,991.0,
55.0,70.0,89.0,127.0,136.0,175.0,192.0,203.0,218.0,259.0,270.0,332.0,376.0,383.0,395.0,464.0,468.0,844.0,998.0,
25.0,68.0,101.0,111.0,150.0,167.0,233.0,234.0,248.0,257.0,282.0,291.0,293.0,318.0,320.0,374.0,403.0,446.0,473.0,477.0,827.0,985.0,
32.0,77.0,83.0,100.0,102.0,176.0,176.0,201.0,207.0,211.0,213.0,227.0,264.0,283.0,286.0,301.0,347.0,360.0,377.0,383.0,402.0,408.0,433.0,452.0,488.0,503.0,830.0,931.0,965.0,
114.0,232.0,241.0,245.0,262.0,297.0,300.0,337.0,338.0,343.0,355.0,423.0,457.0,460.0,806.0,
61.0,101.0,106.0,122.0,175.0,188.0,190.0,195.0,201.0,261.0,276.0,302.0,318.0,329.0,352.0,360.0,392.0,411.0,438.0,454.0,472.0,496.0,
69.0,96.0,144.0,162.0,238.0,251.0,258.0,346.0,395.0,467.0,518.0,522.0,532.0,608.0,617.0,716.0,720.0,744.0,771.0,771.0,799.0,801.0,820.0,821.0,826.0,827.0,862.0,934.0,937.0,939.0,999.0,
45.0,77.0,184.0,211.0,225.0,227.0,246.0,298.0,336.0,345.0,355.0,368.0,416.0,426.0,450.0,463.0,703.0,728.0,749.0,756.0,844.0,867.0,869.0,873.0,895.0,921.0,927.0,974.0,
24.0,40.0,58.0,64.0,146.0,146.0,154.0,190.0,196.0,199.0,226.0,246.0,248.0,262.0,297.0,371.0,453.0,
44.0,96.0,179.0,186.0,216.0,252.0,273.0,309.0,348.0,377.0,378.0,379.0,390.0,438.0,438.0,463.0,469.0,482.0,936.0,
11.0,44.0,74.0,85.0,90.0,99.0,108.0,111.0,117.0,124.0,131.0,143.0,167.0,169.0,188.0,206.0,372.0,392.0,398.0,421.0,473.0,908.0,956.0,973.0,981.0,
6.0,77.0,112.0,119.0,172.0,240.0,250.0,256.0,259.0,261.0,288.0,307.0,331.0,366.0,403.0,417.0,428.0,439.0,463.0,760.0,992.0,
2.0,74.0,118.0,126.0,127.0,147.0,215.0,266.0,297.0,352.0,375.0,388.0,388.0,391.0,398.0,410.0,418.0,486.0,498.0,510.0,877.0,880.0,
15.0,36.0,55.0,59.0,73.0,88.0,114.0,131.0,131.0,138.0,145.0,173.0,208.0,234.0,293.0,329.0,379.0,397.0,477.0,481.0,500.0,889.0,916.0,968.0,
15.0,38.0,48.0,74.0,84.0,117.0,139.0,139.0,149.0,152.0,257.0,260.0,312.0,316.0,417.0,442.0,457.0,498.0,
22.0,46.0,67.0,67.0,88.0,98.0,118.0,135.0,175.0,237.0,237.0,259.0,291.0,292.0,308.0,342.0,356.0,357.0,470.0,477.0,480.0,713.0,718.0,730.0,759.0,767.0,794.0,805.0,810.0,864.0,866.0,934.0,972.0,
50.0,55.0,71.0,72.0,86.0,106.0,111.0,113.0,192.0,199.0,227.0,244.0,257.0,265.0,325.0,329.0,333.0,345.0,392.0,420.0,438.0,475.0,481.0,507.0,542.0,590.0,609.0,632.0,670.0,695.0,748.0,783.0,793.0,797.0,809.0,819.0,842.0,900.0,916.0,918.0,941.0,993.0,
50.0,68.0,82.0,109.0,117.0,132.0,159.0,206.0,215.0,215.0,228.0,241.0,271.0,277.0,298.0,300.0,308.0,388.0,392.0,414.0,419.0,425.0,477.0,492.0,496.0,594.0,605.0,619.0,638.0,648.0,686.0,698.0,725.0,757.0,767.0,775.0,777.0,795.0,796.0,798.0,890.0,893.0,925.0,958.0,987.0,
17.0,46.0,55.0,144.0,159.0,189.0,223.0,287.0,303.0,319.0,341.0,353.0,363.0,461.0,767.0,
36.0,87.0,109.0,148.0,169.0,239.0,252.0,286.0,295.0,310.0,316.0,361.0,407.0,409.0,413.0,438.0,480.0,
66.0,71.0,95.0,109.0,161.0,163.0,201.0,216.0,239.0,296.0,315.0,398.0,404.0,404.0,411.0,419.0,448.0,463.0,498.0,993.0,
34.0,35.0,44.0,52.0,53.0,84.0,126.0,132.0,171.0,209.0,259.0,265.0,266.0,312.0,326.0,389.0,391.0,445.0,927.0,999.0,
7.0,74.0,76.0,84.0,93.0,129.0,204.0,204.0,215.0,251.0,334.0,348.0,352.0,373.0,392.0,396.0,397.0,438.0,443.0,444.0,462.0,488.0,489.0,917.0,
23.0,40.0,58.0,98.0,138.0,223.0,231.0,262.0,325.0,327.0,351.0,357.0,370.0,478.0,495.0,
26.0,42.0,48.0,53.0,58.0,65.0,73.0,92.0,102.0,112.0,142.0,146.0,198.0,212.0,265.0,281.0,335.0,415.0,436.0,752.0,916.0,920.0,965.0,
136.0,172.0,174.0,199.0,209.0,301.0,355.0,368.0,370.0,381.0,391.0,400.0,447.0,451.0,489.0,502.0,504.0,516.0,524.0,573.0,581.0,591.0,625.0,644.0,667.0,708.0,711.0,716.0,722.0,734.0,743.0,764.0,800.0,830.0,867.0,886.0,899.0,938.0,946.0,
13.0,22.0,81.0,108.0,125.0,141.0,148.0,158.0,188.0,190.0,204.0,209.0,257.0,260.0,260.0,273.0,288.0,297.0,304.0,305.0,318.0,341.0,360.0,408.0,419.0,434.0,467.0,471.0,515.0,519.0,521.0,565.0,629.0,672.0,681.0,686.0,730.0,772.0,827.0,843.0,902.0,923.0,941.0,945.0,
2.0,8.0,41.0,41.0,47.0,65.0,65.0,77.0,79.0,130.0,181.0,430.0,483.0,484.0,507.0,523.0,525.0,545.0,566.0,596.0,599.0,604.0,625.0,656.0,695.0,711.0,748.0,755.0,840.0,852.0,854.0,883.0,898.0,921.0,942.0,
3.0,24.0,45.0,50.0,60.0,77.0,111.0,159.0,227.0,238.0,264.0,288.0,320.0,338.0,351.0,359.0,376.0,430.0,449.0,450.0,471.0,560.0,588.0,600.0,628.0,644.0,673.0,688.0,690.0,690.0,693.0,698.0,714.0,739.0,746.0,750.0,802.0,805.0,816.0,818.0,848.0,863.0,866.0,903.0,922.0,955.0,958.0,964.0,972.0,986.0,
2.0,3.0,33.0,35.0,35.0,82.0,103.0,119.0,169.0,196.0,218.0,256.0,282.0,292.0,378.0,488.0,488.0,505.0,708.0,739.0,853.0,946.0,957.0,972.0,
5.0,35.0,69.0,80.0,109.0,119.0,141.0,167.0,223.0,268.0,322.0,341.0,344.0,366.0,376.0,452.0,495.0,839.0,
31.0,35.0,51.0,60.0,60.0,71.0,169.0,241.0,302.0,314.0,337.0,366.0,411.0,418.0,439.0,475.0,
149.0,183.0,232.0,233.0,303.0,352.0,373.0,411.0,419.0,489.0,490.0,510.0,843.0,
6.0,22.0,41.0,46.0,47.0,71.0,73.0,94.0,102.0,108.0,165.0,191.0,223.0,263.0,282.0,284.0,307.0,341.0,357.0,362.0,407.0,439.0,466.0,478.0,855.0,891.0,930.0,
5.0,50.0,55.0,73.0,91.0,105.0,106.0,130.0,134.0,142.0,193.0,267.0,294.0,348.0,356.0,357.0,371.0,394.0,423.0,503.0,510.0,572.0,583.0,585.0,618.0,684.0,729.0,742.0,757.0,764.0,790.0,793.0,804.0,823.0,828.0,888.0,891.0,903.0,917.0,944.0,947.0,952.0,975.0,977.0,996.0,
71.0,124.0,311.0,338.0,367.0,373.0,375.0,378.0,378.0,378.0,397.0,406.0,483.0,555.0,681.0,694.0,725.0,757.0,770.0,806.0,843.0,853.0,854.0,874.0,962.0,980.0,997.0,
