24.0,29.0,66.0,74.0,91.0,112.0,113.0,120.0,199.0,204.0,231.0,238.0,278.0,318.0,319.0,323.0,326.0,344.0,407.0,451.0,480.0,548.0,553.0,559.0,560.0,569.0,603.0,622.0,648.0,679.0,708.0,736.0,740.0,745.0,786.0,787.0,788.0,862.0,865.0,879.0,903.0,907.0,931.0,973.0,
19.0,56.0,65.0,145.0,156.0,157.0,220.0,224.0,343.0,352.0,395.0,409.0,448.0,449.0,517.0,522.0,530.0,544.0,554.0,587.0,596.0,622.0,733.0,760.0,767.0,818.0,833.0,835.0,836.0,866.0,899.0,924.0,942.0,960.0,969.0,
38.0,60.0,171.0,181.0,213.0,215.0,225.0,230.0,258.0,329.0,338.0,347.0,348.0,349.0,361.0,421.0,431.0,463.0,476.0,544.0,565.0,573.0,607.0,623.0,655.0,729.0,750.0,843.0,883.0,889.0,895.0,914.0,930.0,947.0,965.0,971.0,996.0,
7.0,61.0,135.0,141.0,181.0,193.0,206.0,211.0,212.0,307.0,318.0,321.0,365.0,367.0,370.0,380.0,387.0,410.0,435.0,458.0,458.0,466.0,504.0,531.0,534.0,542.0,562.0,574.0,632.0,633.0,660.0,674.0,757.0,797.0,830.0,864.0,893.0,919.0,926.0,946.0,948.0,960.0,968.0,998.0,
10.0,34.0,99.0,109.0,133.0,204.0,229.0,256.0,277.0,287.0,345.0,355.0,396.0,401.0,415.0,467.0,492.0,493.0,511.0,519.0,548.0,551.0,575.0,642.0,673.0,724.0,731.0,748.0,792.0,805.0,809.0,822.0,876.0,938.0,959.0,
12.0,22.0,39.0,45.0,102.0,111.0,126.0,143.0,145.0,154.0,159.0,179.0,216.0,268.0,276.0,278.0,301.0,313.0,340.0,347.0,406.0,419.0,427.0,427.0,436.0,460.0,485.0,596.0,639.0,660.0,680.0,717.0,780.0,863.0,872.0,873.0,873.0,900.0,965.0,981.0,994.0,1000.0,
21.0,33.0,73.0,91.0,150.0,153.0,155.0,200.0,233.0,275.0,345.0,345.0,361.0,377.0,381.0,382.0,397.0,399.0,438.0,442.0,455.0,458.0,474.0,512.0,530.0,552.0,650.0,682.0,692.0,751.0,819.0,825.0,872.0,880.0,882.0,884.0,982.0,985.0,987.0,
21.0,59.0,76.0,84.0,86.0,146.0,149.0,169.0,192.0,233.0,268.0,268.0,273.0,281.0,322.0,327.0,337.0,349.0,448.0,455.0,492.0,506.0,552.0,554.0,563.0,567.0,568.0,578.0,643.0,686.0,698.0,705.0,714.0,765.0,883.0,931.0,953.0,964.0,
36.0,76.0,119.0,158.0,226.0,278.0,300.0,349.0,365.0,369.0,380.0,381.0,413.0,414.0,418.0,419.0,422.0,454.0,455.0,470.0,485.0,510.0,511.0,518.0,547.0,588.0,606.0,618.0,619.0,625.0,628.0,630.0,699.0,709.0,726.0,726.0,755.0,765.0,770.0,806.0,817.0,821.0,858.0,859.0,875.0,
37.0,42.0,59.0,62.0,96.0,105.0,105.0,118.0,121.0,129.0,138.0,185.0,219.0,240.0,270.0,284.0,296.0,297.0,304.0,313.0,322.0,344.0,346.0,348.0,350.0,379.0,395.0,396.0,410.0,435.0,442.0,482.0,489.0,496.0,499.0,529.0,568.0,587.0,604.0,606.0,650.0,666.0,674.0,722.0,805.0,810.0,821.0,846.0,911.0,925.0,
32.0,53.0,80.0,81.0,97.0,119.0,166.0,168.0,196.0,277.0,294.0,400.0,406.0,408.0,457.0,484.0,506.0,517.0,553.0,679.0,735.0,736.0,864.0,943.0,949.0,
71.0,197.0,303.0,307.0,324.0,355.0,407.0,448.0,465.0,477.0,480.0,528.0,528.0,554.0,570.0,578.0,618.0,620.0,640.0,662.0,672.0,705.0,722.0,740.0,775.0,779.0,794.0,833.0,899.0,921.0,979.0,983.0,
17.0,35.0,45.0,66.0,127.0,196.0,206.0,230.0,239.0,294.0,337.0,435.0,455.0,462.0,468.0,482.0,484.0,488.0,496.0,524.0,565.0,608.0,613.0,664.0,689.0,735.0,756.0,792.0,826.0,918.0,933.0,935.0,949.0,982.0,
9.0,18.0,94.0,96.0,136.0,140.0,144.0,153.0,164.0,198.0,246.0,248.0,252.0,253.0,309.0,326.0,330.0,338.0,356.0,377.0,408.0,416.0,433.0,438.0,450.0,482.0,516.0,573.0,601.0,607.0,613.0,626.0,672.0,726.0,749.0,771.0,801.0,901.0,905.0,955.0,975.0,
3.0,104.0,115.0,116.0,122.0,137.0,206.0,227.0,251.0,253.0,260.0,297.0,334.0,337.0,350.0,375.0,418.0,443.0,511.0,519.0,530.0,562.0,608.0,683.0,696.0,816.0,860.0,889.0,917.0,946.0,980.0,
56.0,70.0,94.0,153.0,157.0,221.0,246.0,269.0,312.0,334.0,365.0,485.0,498.0,509.0,551.0,563.0,575.0,580.0,633.0,640.0,644.0,674.0,836.0,840.0,910.0,926.0,926.0,
24.0,108.0,134.0,164.0,199.0,205.0,227.0,286.0,292.0,341.0,346.0,349.0,383.0,388.0,429.0,457.0,459.0,472.0,495.0,504.0,521.0,527.0,530.0,537.0,546.0,580.0,601.0,662.0,665.0,666.0,797.0,820.0,860.0,913.0,929.0,973.0,
30.0,84.0,94.0,115.0,123.0,173.0,177.0,258.0,260.0,328.0,387.0,401.0,408.0,411.0,436.0,537.0,570.0,571.0,619.0,649.0,658.0,666.0,708.0,744.0,752.0,756.0,760.0,801.0,803.0,848.0,878.0,981.0,
71.0,80.0,84.0,113.0,159.0,179.0,183.0,211.0,227.0,239.0,253.0,300.0,354.0,406.0,448.0,476.0,503.0,548.0,550.0,555.0,662.0,748.0,780.0,815.0,821.0,851.0,852.0,895.0,918.0,950.0,978.0,983.0,
3.0,37.0,137.0,170.0,179.0,256.0,261.0,267.0,333.0,371.0,381.0,391.0,392.0,399.0,486.0,524.0,563.0,635.0,650.0,683.0,714.0,720.0,725.0,730.0,747.0,828.0,
34.0,38.0,105.0,120.0,128.0,187.0,205.0,287.0,290.0,292.0,310.0,314.0,323.0,392.0,394.0,401.0,467.0,476.0,496.0,545.0,553.0,569.0,575.0,595.0,651.0,663.0,692.0,747.0,764.0,772.0,798.0,806.0,814.0,825.0,848.0,904.0,905.0,912.0,933.0,938.0,942.0,969.0,
60.0,64.0,82.0,84.0,92.0,109.0,112.0,116.0,117.0,145.0,245.0,294.0,301.0,309.0,311.0,356.0,404.0,408.0,554.0,583.0,585.0,622.0,622.0,633.0,663.0,792.0,804.0,819.0,886.0,
50.0,60.0,160.0,196.0,241.0,283.0,309.0,309.0,318.0,357.0,387.0,402.0,494.0,512.0,527.0,545.0,549.0,598.0,604.0,631.0,663.0,689.0,749.0,772.0,776.0,780.0,884.0,910.0,921.0,
16.0,24.0,33.0,90.0,102.0,154.0,198.0,202.0,231.0,250.0,262.0,318.0,356.0,383.0,415.0,418.0,421.0,450.0,467.0,478.0,490.0,510.0,526.0,534.0,539.0,544.0,545.0,551.0,561.0,581.0,586.0,631.0,635.0,639.0,660.0,664.0,688.0,690.0,705.0,711.0,720.0,749.0,758.0,783.0,799.0,803.0,807.0,813.0,853.0,879.0,881.0,895.0,907.0,921.0,924.0,940.0,951.0,968.0,986.0,
20.0,30.0,31.0,55.0,75.0,142.0,171.0,227.0,237.0,241.0,279.0,316.0,346.0,359.0,370.0,399.0,424.0,440.0,460.0,470.0,510.0,520.0,522.0,523.0,523.0,528.0,531.0,535.0,545.0,545.0,546.0,552.0,558.0,566.0,582.0,593.0,593.0,607.0,607.0,620.0,620.0,621.0,627.0,646.0,646.0,651.0,656.0,664.0,670.0,673.0,674.0,680.0,681.0,683.0,688.0,713.0,728.0,730.0,739.0,745.0,749.0,750.0,769.0,770.0,798.0,814.0,852.0,867.0,868.0,891.0,911.0,918.0,937.0,942.0,955.0,960.0,974.0,
5.0,109.0,111.0,172.0,242.0,243.0,249.0,260.0,282.0,310.0,343.0,390.0,403.0,413.0,464.0,514.0,530.0,533.0,534.0,535.0,536.0,546.0,555.0,576.0,589.0,590.0,620.0,625.0,627.0,631.0,631.0,634.0,636.0,639.0,643.0,661.0,667.0,668.0,668.0,681.0,691.0,708.0,735.0,746.0,753.0,789.0,796.0,820.0,828.0,831.0,841.0,865.0,885.0,900.0,905.0,921.0,930.0,946.0,963.0,999.0,
83.0,88.0,111.0,129.0,161.0,176.0,204.0,207.0,223.0,344.0,364.0,375.0,475.0,515.0,518.0,528.0,530.0,533.0,534.0,543.0,548.0,549.0,551.0,551.0,555.0,556.0,582.0,586.0,588.0,589.0,590.0,592.0,593.0,597.0,598.0,614.0,618.0,619.0,629.0,642.0,664.0,665.0,667.0,676.0,680.0,707.0,711.0,722.0,735.0,751.0,754.0,762.0,768.0,794.0,795.0,796.0,808.0,845.0,854.0,854.0,858.0,868.0,869.0,873.0,886.0,899.0,900.0,929.0,945.0,954.0,967.0,977.0,978.0,986.0,990.0,991.0,
7.0,10.0,216.0,259.0,306.0,320.0,331.0,336.0,359.0,371.0,408.0,425.0,433.0,474.0,520.0,526.0,538.0,553.0,555.0,557.0,573.0,581.0,614.0,619.0,620.0,624.0,624.0,626.0,627.0,631.0,636.0,643.0,675.0,682.0,699.0,722.0,730.0,731.0,731.0,759.0,759.0,786.0,789.0,796.0,830.0,861.0,862.0,879.0,884.0,925.0,933.0,933.0,952.0,967.0,986.0,995.0,
17.0,56.0,106.0,135.0,153.0,160.0,166.0,171.0,274.0,307.0,320.0,345.0,359.0,381.0,382.0,554.0,565.0,566.0,601.0,670.0,759.0,781.0,784.0,805.0,805.0,842.0,857.0,902.0,909.0,978.0,
19.0,22.0,24.0,65.0,85.0,90.0,97.0,112.0,133.0,134.0,135.0,140.0,160.0,197.0,269.0,288.0,322.0,331.0,372.0,417.0,420.0,484.0,500.0,511.0,512.0,512.0,520.0,537.0,547.0,568.0,570.0,665.0,712.0,748.0,763.0,805.0,821.0,839.0,842.0,854.0,881.0,902.0,909.0,916.0,972.0,
44.0,111.0,131.0,150.0,160.0,193.0,223.0,279.0,303.0,323.0,367.0,395.0,399.0,418.0,428.0,434.0,447.0,485.0,522.0,552.0,556.0,576.0,630.0,636.0,695.0,713.0,717.0,780.0,802.0,838.0,842.0,883.0,890.0,896.0,973.0,
11.0,16.0,27.0,28.0,47.0,54.0,72.0,102.0,176.0,207.0,272.0,331.0,414.0,438.0,452.0,461.0,465.0,510.0,522.0,522.0,568.0,578.0,591.0,641.0,672.0,714.0,748.0,757.0,784.0,860.0,871.0,911.0,918.0,956.0,974.0,978.0,
29.0,86.0,92.0,101.0,109.0,116.0,182.0,191.0,195.0,212.0,249.0,252.0,253.0,266.0,270.0,348.0,350.0,368.0,424.0,428.0,447.0,481.0,516.0,534.0,536.0,537.0,539.0,550.0,558.0,558.0,567.0,580.0,588.0,599.0,640.0,642.0,643.0,685.0,696.0,699.0,710.0,729.0,759.0,785.0,801.0,874.0,955.0,996.0,
54.0,78.0,94.0,105.0,111.0,184.0,237.0,261.0,320.0,411.0,419.0,442.0,443.0,450.0,495.0,529.0,530.0,532.0,535.0,537.0,541.0,543.0,546.0,546.0,547.0,549.0,562.0,562.0,566.0,573.0,580.0,595.0,595.0,598.0,603.0,610.0,613.0,624.0,636.0,642.0,645.0,657.0,658.0,676.0,691.0,693.0,723.0,768.0,791.0,793.0,805.0,829.0,830.0,836.0,839.0,840.0,841.0,843.0,884.0,890.0,896.0,902.0,906.0,920.0,924.0,927.0,928.0,932.0,941.0,947.0,950.0,954.0,957.0,958.0,971.0,979.0,994.0,995.0,1000.0,
21.0,39.0,62.0,89.0,102.0,125.0,164.0,199.0,237.0,260.0,279.0,313.0,325.0,330.0,359.0,399.0,468.0,480.0,518.0,520.0,522.0,526.0,528.0,529.0,534.0,541.0,542.0,550.0,552.0,561.0,577.0,586.0,598.0,603.0,605.0,611.0,625.0,628.0,634.0,634.0,648.0,672.0,683.0,688.0,688.0,696.0,710.0,713.0,719.0,722.0,739.0,749.0,772.0,815.0,824.0,826.0,890.0,906.0,919.0,921.0,956.0,959.0,
14.0,73.0,76.0,91.0,102.0,104.0,173.0,219.0,235.0,265.0,281.0,298.0,299.0,309.0,358.0,381.0,429.0,446.0,490.0,512.0,512.0,521.0,522.0,523.0,523.0,528.0,530.0,531.0,532.0,534.0,538.0,542.0,544.0,553.0,558.0,558.0,559.0,571.0,571.0,574.0,575.0,579.0,589.0,591.0,593.0,595.0,622.0,625.0,640.0,643.0,663.0,666.0,668.0,673.0,677.0,685.0,697.0,728.0,773.0,785.0,788.0,812.0,820.0,837.0,841.0,844.0,864.0,911.0,928.0,975.0,981.0,987.0,988.0,989.0,
19.0,62.0,141.0,181.0,220.0,239.0,295.0,300.0,332.0,345.0,347.0,347.0,366.0,395.0,398.0,417.0,435.0,477.0,528.0,538.0,548.0,549.0,551.0,552.0,554.0,565.0,567.0,572.0,572.0,573.0,577.0,579.0,580.0,583.0,586.0,590.0,592.0,598.0,602.0,615.0,631.0,650.0,658.0,670.0,684.0,706.0,717.0,722.0,722.0,739.0,750.0,761.0,777.0,809.0,826.0,861.0,912.0,942.0,952.0,961.0,972.0,
76.0,140.0,161.0,315.0,362.0,363.0,368.0,397.0,415.0,453.0,533.0,536.0,543.0,554.0,558.0,560.0,571.0,575.0,578.0,597.0,609.0,609.0,620.0,643.0,650.0,660.0,664.0,706.0,721.0,735.0,755.0,778.0,785.0,798.0,803.0,804.0,807.0,810.0,812.0,830.0,837.0,839.0,854.0,860.0,863.0,931.0,948.0,949.0,951.0,963.0,974.0,989.0,
8.0,15.0,26.0,50.0,54.0,62.0,95.0,172.0,185.0,186.0,261.0,280.0,307.0,392.0,408.0,412.0,418.0,430.0,510.0,519.0,522.0,525.0,534.0,537.0,547.0,571.0,572.0,596.0,599.0,603.0,613.0,613.0,614.0,617.0,631.0,632.0,637.0,657.0,691.0,735.0,756.0,777.0,780.0,800.0,804.0,812.0,862.0,893.0,924.0,938.0,
10.0,26.0,181.0,258.0,271.0,322.0,338.0,350.0,393.0,409.0,412.0,452.0,473.0,577.0,625.0,629.0,652.0,776.0,823.0,855.0,898.0,
82.0,211.0,213.0,222.0,254.0,331.0,354.0,396.0,407.0,466.0,490.0,498.0,547.0,556.0,602.0,657.0,681.0,704.0,801.0,827.0,890.0,952.0,959.0,971.0,
9.0,10.0,20.0,30.0,117.0,149.0,162.0,229.0,353.0,353.0,354.0,385.0,395.0,401.0,426.0,444.0,461.0,530.0,545.0,547.0,553.0,592.0,643.0,663.0,666.0,710.0,740.0,750.0,780.0,796.0,815.0,826.0,833.0,865.0,872.0,883.0,884.0,888.0,897.0,907.0,920.0,
52.0,99.0,114.0,155.0,163.0,172.0,173.0,186.0,201.0,281.0,380.0,421.0,489.0,499.0,502.0,502.0,508.0,520.0,521.0,532.0,537.0,539.0,542.0,556.0,558.0,565.0,565.0,603.0,618.0,645.0,646.0,649.0,669.0,670.0,686.0,702.0,727.0,743.0,755.0,770.0,777.0,812.0,838.0,841.0,850.0,851.0,872.0,872.0,881.0,904.0,905.0,926.0,955.0,968.0,969.0,977.0,983.0,987.0,
24.0,39.0,42.0,53.0,79.0,84.0,87.0,103.0,119.0,174.0,191.0,233.0,274.0,398.0,438.0,473.0,506.0,524.0,527.0,537.0,540.0,545.0,545.0,549.0,551.0,552.0,559.0,563.0,563.0,575.0,576.0,583.0,654.0,670.0,672.0,678.0,791.0,796.0,826.0,829.0,840.0,857.0,858.0,860.0,868.0,874.0,888.0,907.0,938.0,941.0,950.0,951.0,966.0,967.0,973.0,975.0,982.0,999.0,
47.0,58.0,131.0,148.0,164.0,211.0,213.0,219.0,234.0,253.0,271.0,286.0,307.0,341.0,421.0,432.0,453.0,469.0,519.0,522.0,530.0,530.0,540.0,543.0,544.0,548.0,549.0,564.0,565.0,577.0,579.0,583.0,589.0,595.0,617.0,622.0,634.0,641.0,693.0,700.0,702.0,730.0,750.0,769.0,782.0,801.0,808.0,809.0,829.0,839.0,841.0,843.0,887.0,913.0,967.0,970.0,985.0,
31.0,78.0,151.0,162.0,196.0,202.0,212.0,220.0,225.0,237.0,328.0,350.0,397.0,398.0,489.0,489.0,525.0,526.0,530.0,534.0,534.0,544.0,551.0,553.0,564.0,565.0,577.0,584.0,587.0,597.0,598.0,610.0,623.0,644.0,676.0,688.0,741.0,766.0,795.0,808.0,835.0,839.0,856.0,874.0,874.0,875.0,884.0,903.0,908.0,912.0,917.0,942.0,961.0,992.0,
16.0,92.0,121.0,136.0,162.0,220.0,233.0,248.0,285.0,304.0,346.0,390.0,416.0,416.0,449.0,499.0,500.0,524.0,532.0,535.0,537.0,540.0,541.0,546.0,547.0,555.0,561.0,563.0,582.0,586.0,587.0,591.0,612.0,618.0,648.0,650.0,655.0,667.0,668.0,674.0,685.0,762.0,767.0,792.0,797.0,801.0,803.0,804.0,813.0,879.0,883.0,892.0,909.0,939.0,964.0,986.0,988.0,
3.0,84.0,142.0,170.0,175.0,199.0,237.0,279.0,307.0,322.0,331.0,397.0,422.0,456.0,483.0,509.0,511.0,521.0,521.0,526.0,533.0,535.0,537.0,544.0,549.0,552.0,554.0,560.0,600.0,602.0,603.0,605.0,610.0,616.0,626.0,631.0,648.0,652.0,661.0,665.0,669.0,687.0,694.0,695.0,703.0,705.0,715.0,719.0,740.0,747.0,753.0,759.0,787.0,831.0,846.0,871.0,880.0,880.0,909.0,919.0,922.0,932.0,941.0,941.0,951.0,959.0,998.0,
5.0,52.0,86.0,102.0,114.0,145.0,159.0,231.0,237.0,251.0,298.0,369.0,382.0,513.0,518.0,523.0,527.0,528.0,529.0,532.0,532.0,533.0,533.0,537.0,546.0,552.0,559.0,562.0,568.0,577.0,582.0,587.0,588.0,591.0,595.0,599.0,601.0,614.0,614.0,632.0,635.0,651.0,685.0,711.0,717.0,719.0,723.0,744.0,747.0,749.0,759.0,787.0,789.0,808.0,818.0,818.0,821.0,860.0,868.0,894.0,900.0,903.0,916.0,917.0,923.0,936.0,937.0,944.0,963.0,974.0,984.0,
30.0,64.0,137.0,142.0,168.0,176.0,244.0,245.0,247.0,337.0,354.0,382.0,404.0,408.0,420.0,447.0,497.0,516.0,544.0,561.0,595.0,650.0,702.0,735.0,789.0,811.0,880.0,885.0,895.0,963.0,968.0,991.0,
21.0,34.0,48.0,52.0,93.0,103.0,117.0,138.0,159.0,166.0,170.0,172.0,250.0,289.0,360.0,363.0,367.0,370.0,390.0,431.0,630.0,641.0,646.0,666.0,688.0,744.0,748.0,798.0,819.0,866.0,878.0,885.0,907.0,989.0,
31.0,51.0,52.0,91.0,121.0,142.0,174.0,196.0,257.0,268.0,341.0,346.0,422.0,456.0,485.0,538.0,539.0,567.0,609.0,654.0,721.0,806.0,821.0,838.0,850.0,978.0,999.0,1000.0,
32.0,67.0,90.0,106.0,122.0,172.0,172.0,173.0,174.0,230.0,252.0,260.0,268.0,325.0,336.0,392.0,411.0,461.0,519.0,523.0,528.0,545.0,547.0,550.0,552.0,552.0,552.0,552.0,553.0,554.0,558.0,562.0,563.0,569.0,592.0,595.0,598.0,605.0,609.0,610.0,612.0,622.0,645.0,645.0,646.0,650.0,652.0,668.0,689.0,693.0,706.0,711.0,728.0,741.0,744.0,781.0,789.0,808.0,811.0,854.0,877.0,878.0,883.0,890.0,892.0,894.0,896.0,900.0,915.0,918.0,941.0,953.0,957.0,979.0,980.0,989.0,
30.0,44.0,70.0,71.0,77.0,124.0,174.0,254.0,264.0,284.0,322.0,333.0,351.0,411.0,411.0,412.0,454.0,486.0,488.0,510.0,511.0,528.0,529.0,533.0,534.0,535.0,539.0,539.0,548.0,550.0,555.0,564.0,567.0,572.0,578.0,582.0,584.0,593.0,601.0,601.0,603.0,612.0,620.0,637.0,676.0,683.0,687.0,709.0,719.0,725.0,749.0,759.0,771.0,782.0,786.0,789.0,801.0,816.0,831.0,837.0,844.0,915.0,948.0,949.0,951.0,955.0,968.0,976.0,977.0,
14.0,20.0,26.0,115.0,131.0,134.0,137.0,163.0,190.0,232.0,249.0,327.0,329.0,337.0,338.0,360.0,378.0,439.0,453.0,479.0,502.0,526.0,529.0,530.0,534.0,539.0,546.0,555.0,562.0,569.0,577.0,578.0,584.0,586.0,592.0,600.0,604.0,626.0,626.0,636.0,643.0,643.0,649.0,649.0,658.0,663.0,667.0,668.0,676.0,714.0,746.0,755.0,759.0,768.0,790.0,795.0,805.0,830.0,831.0,838.0,875.0,901.0,924.0,935.0,948.0,949.0,955.0,979.0,
9.0,50.0,70.0,80.0,95.0,103.0,135.0,155.0,163.0,187.0,220.0,221.0,257.0,265.0,278.0,331.0,370.0,372.0,410.0,494.0,506.0,526.0,533.0,536.0,538.0,540.0,550.0,559.0,561.0,564.0,565.0,567.0,575.0,577.0,581.0,581.0,583.0,584.0,585.0,588.0,605.0,614.0,615.0,644.0,662.0,677.0,693.0,695.0,714.0,722.0,734.0,754.0,760.0,766.0,780.0,790.0,815.0,821.0,861.0,866.0,877.0,932.0,943.0,952.0,984.0,
24.0,83.0,88.0,95.0,132.0,141.0,213.0,214.0,239.0,249.0,274.0,292.0,308.0,315.0,360.0,419.0,451.0,483.0,492.0,517.0,524.0,530.0,531.0,543.0,544.0,545.0,546.0,552.0,565.0,573.0,581.0,590.0,592.0,594.0,608.0,618.0,634.0,644.0,645.0,669.0,678.0,680.0,690.0,702.0,710.0,722.0,729.0,744.0,754.0,770.0,779.0,788.0,822.0,861.0,864.0,868.0,869.0,869.0,870.0,879.0,887.0,921.0,950.0,978.0,
3.0,30.0,63.0,79.0,109.0,110.0,165.0,177.0,200.0,214.0,257.0,261.0,276.0,277.0,289.0,301.0,311.0,363.0,367.0,414.0,478.0,498.0,504.0,507.0,518.0,519.0,529.0,531.0,534.0,536.0,539.0,539.0,544.0,551.0,555.0,561.0,565.0,566.0,566.0,586.0,588.0,589.0,591.0,592.0,605.0,607.0,608.0,609.0,614.0,624.0,627.0,627.0,631.0,634.0,649.0,654.0,665.0,667.0,669.0,704.0,718.0,721.0,725.0,729.0,741.0,762.0,772.0,783.0,785.0,791.0,791.0,796.0,804.0,806.0,809.0,824.0,830.0,831.0,842.0,853.0,861.0,866.0,867.0,978.0,999.0,
11.0,17.0,97.0,131.0,169.0,172.0,176.0,179.0,234.0,372.0,444.0,460.0,495.0,516.0,518.0,530.0,537.0,541.0,543.0,543.0,547.0,549.0,549.0,555.0,561.0,564.0,567.0,569.0,575.0,581.0,586.0,590.0,602.0,603.0,619.0,650.0,651.0,657.0,667.0,669.0,673.0,700.0,704.0,713.0,747.0,750.0,770.0,775.0,778.0,797.0,800.0,804.0,806.0,817.0,842.0,865.0,874.0,878.0,886.0,894.0,904.0,906.0,907.0,915.0,921.0,935.0,946.0,950.0,961.0,977.0,978.0,
4.0,13.0,36.0,39.0,51.0,159.0,168.0,171.0,187.0,203.0,209.0,249.0,332.0,381.0,469.0,506.0,514.0,524.0,533.0,558.0,603.0,631.0,633.0,638.0,658.0,680.0,681.0,704.0,708.0,736.0,770.0,864.0,909.0,918.0,
6.0,11.0,45.0,66.0,104.0,150.0,151.0,217.0,228.0,253.0,278.0,285.0,297.0,298.0,318.0,335.0,346.0,362.0,365.0,389.0,453.0,492.0,504.0,536.0,541.0,595.0,600.0,679.0,684.0,697.0,708.0,728.0,756.0,814.0,825.0,828.0,828.0,836.0,897.0,
29.0,78.0,93.0,106.0,108.0,193.0,201.0,218.0,222.0,272.0,340.0,343.0,433.0,467.0,507.0,540.0,559.0,583.0,610.0,624.0,648.0,652.0,669.0,698.0,708.0,744.0,761.0,768.0,771.0,830.0,918.0,928.0,939.0,945.0,978.0,
56.0,62.0,65.0,84.0,101.0,120.0,175.0,205.0,207.0,289.0,293.0,296.0,312.0,379.0,380.0,401.0,405.0,433.0,436.0,445.0,454.0,493.0,520.0,522.0,526.0,526.0,528.0,540.0,540.0,544.0,546.0,556.0,568.0,583.0,585.0,591.0,596.0,599.0,606.0,618.0,629.0,646.0,647.0,661.0,665.0,674.0,730.0,744.0,746.0,764.0,769.0,770.0,774.0,799.0,801.0,802.0,809.0,819.0,820.0,821.0,861.0,907.0,955.0,971.0,982.0,
16.0,28.0,31.0,34.0,209.0,237.0,265.0,363.0,369.0,434.0,454.0,457.0,468.0,516.0,524.0,525.0,532.0,532.0,542.0,542.0,544.0,546.0,546.0,550.0,560.0,564.0,575.0,576.0,576.0,576.0,578.0,580.0,584.0,591.0,603.0,603.0,611.0,617.0,622.0,625.0,641.0,648.0,662.0,680.0,689.0,700.0,705.0,711.0,724.0,725.0,737.0,744.0,747.0,765.0,785.0,798.0,824.0,831.0,837.0,859.0,868.0,868.0,892.0,894.0,906.0,913.0,917.0,938.0,940.0,946.0,953.0,960.0,961.0,969.0,972.0,980.0,983.0,992.0,998.0,1000.0,
15.0,48.0,90.0,93.0,107.0,113.0,130.0,146.0,195.0,205.0,207.0,260.0,265.0,359.0,363.0,376.0,383.0,418.0,462.0,466.0,474.0,510.0,512.0,535.0,537.0,538.0,545.0,548.0,551.0,558.0,559.0,564.0,566.0,569.0,573.0,577.0,578.0,584.0,592.0,601.0,607.0,630.0,642.0,647.0,671.0,674.0,702.0,713.0,718.0,752.0,755.0,782.0,796.0,826.0,854.0,872.0,879.0,892.0,930.0,933.0,934.0,950.0,963.0,984.0,996.0,1000.0,
3.0,16.0,40.0,76.0,132.0,165.0,196.0,232.0,233.0,235.0,240.0,255.0,269.0,279.0,283.0,287.0,304.0,318.0,350.0,379.0,381.0,386.0,417.0,420.0,426.0,442.0,491.0,514.0,534.0,536.0,543.0,550.0,555.0,556.0,561.0,568.0,574.0,574.0,579.0,580.0,584.0,589.0,589.0,590.0,593.0,597.0,600.0,606.0,615.0,617.0,622.0,628.0,644.0,646.0,666.0,671.0,700.0,708.0,715.0,729.0,754.0,780.0,849.0,864.0,940.0,981.0,998.0,
10.0,14.0,40.0,42.0,66.0,163.0,180.0,183.0,228.0,231.0,243.0,257.0,259.0,342.0,348.0,394.0,397.0,404.0,426.0,436.0,461.0,523.0,529.0,533.0,534.0,537.0,540.0,546.0,549.0,551.0,566.0,570.0,572.0,577.0,578.0,581.0,585.0,590.0,596.0,603.0,614.0,615.0,618.0,618.0,639.0,643.0,690.0,709.0,716.0,734.0,748.0,762.0,786.0,787.0,814.0,907.0,922.0,946.0,959.0,959.0,976.0,976.0,983.0,
19.0,63.0,82.0,101.0,117.0,152.0,193.0,257.0,338.0,345.0,361.0,369.0,394.0,411.0,438.0,442.0,467.0,514.0,522.0,532.0,534.0,534.0,543.0,544.0,547.0,548.0,553.0,555.0,555.0,557.0,559.0,560.0,562.0,563.0,566.0,569.0,576.0,578.0,589.0,595.0,604.0,609.0,619.0,631.0,634.0,635.0,668.0,672.0,672.0,685.0,700.0,706.0,714.0,743.0,743.0,767.0,768.0,772.0,789.0,842.0,862.0,877.0,885.0,889.0,904.0,947.0,989.0,990.0,991.0,
6.0,25.0,29.0,32.0,48.0,87.0,114.0,156.0,173.0,253.0,285.0,287.0,373.0,392.0,395.0,396.0,417.0,441.0,454.0,472.0,493.0,522.0,524.0,534.0,543.0,543.0,548.0,553.0,558.0,561.0,566.0,570.0,571.0,573.0,577.0,592.0,595.0,597.0,598.0,601.0,602.0,614.0,643.0,673.0,685.0,695.0,699.0,715.0,723.0,732.0,823.0,833.0,847.0,854.0,861.0,861.0,868.0,899.0,910.0,956.0,989.0,990.0,998.0,
39.0,61.0,61.0,148.0,162.0,177.0,183.0,195.0,204.0,210.0,230.0,241.0,247.0,271.0,273.0,294.0,308.0,327.0,341.0,453.0,469.0,497.0,541.0,541.0,552.0,558.0,577.0,594.0,625.0,698.0,704.0,765.0,776.0,836.0,839.0,935.0,967.0,973.0,984.0,991.0,
54.0,96.0,119.0,150.0,199.0,199.0,203.0,232.0,271.0,276.0,282.0,310.0,338.0,404.0,513.0,515.0,569.0,594.0,614.0,647.0,658.0,669.0,670.0,742.0,747.0,763.0,783.0,794.0,804.0,844.0,897.0,930.0,934.0,
3.0,8.0,14.0,40.0,56.0,65.0,110.0,116.0,144.0,209.0,212.0,242.0,251.0,267.0,269.0,273.0,326.0,335.0,337.0,339.0,482.0,483.0,510.0,527.0,533.0,578.0,604.0,639.0,669.0,669.0,694.0,715.0,727.0,801.0,998.0,
47.0,50.0,71.0,165.0,179.0,205.0,268.0,295.0,311.0,338.0,361.0,367.0,367.0,375.0,393.0,407.0,420.0,458.0,463.0,524.0,529.0,535.0,539.0,551.0,558.0,559.0,563.0,568.0,578.0,579.0,582.0,595.0,609.0,619.0,653.0,730.0,741.0,801.0,831.0,835.0,849.0,863.0,877.0,906.0,938.0,942.0,966.0,969.0,981.0,989.0,995.0,
195.0,228.0,239.0,245.0,288.0,299.0,317.0,324.0,364.0,452.0,469.0,531.0,536.0,538.0,547.0,548.0,554.0,554.0,556.0,558.0,572.0,577.0,587.0,589.0,591.0,597.0,598.0,607.0,613.0,631.0,663.0,668.0,674.0,691.0,718.0,735.0,737.0,739.0,753.0,754.0,758.0,766.0,767.0,772.0,782.0,783.0,808.0,809.0,814.0,823.0,842.0,851.0,859.0,883.0,889.0,891.0,902.0,910.0,942.0,960.0,981.0,991.0,993.0,993.0,
60.0,115.0,161.0,170.0,180.0,208.0,213.0,245.0,261.0,266.0,307.0,320.0,392.0,406.0,443.0,451.0,467.0,505.0,521.0,528.0,529.0,536.0,538.0,538.0,546.0,551.0,554.0,560.0,568.0,584.0,601.0,606.0,633.0,644.0,647.0,657.0,662.0,670.0,671.0,684.0,694.0,698.0,703.0,704.0,707.0,708.0,714.0,723.0,728.0,759.0,769.0,784.0,795.0,796.0,804.0,809.0,821.0,829.0,835.0,839.0,841.0,843.0,852.0,863.0,975.0,988.0,
6.0,67.0,125.0,150.0,155.0,254.0,272.0,305.0,314.0,389.0,401.0,417.0,484.0,514.0,514.0,517.0,526.0,528.0,533.0,543.0,545.0,546.0,552.0,554.0,560.0,572.0,574.0,576.0,592.0,596.0,623.0,639.0,648.0,649.0,674.0,675.0,679.0,682.0,697.0,705.0,708.0,708.0,720.0,742.0,752.0,768.0,769.0,777.0,790.0,808.0,861.0,871.0,884.0,887.0,889.0,894.0,895.0,904.0,923.0,933.0,938.0,958.0,991.0,992.0,
5.0,70.0,103.0,106.0,164.0,178.0,228.0,237.0,237.0,269.0,278.0,287.0,288.0,350.0,361.0,386.0,403.0,452.0,471.0,498.0,526.0,528.0,529.0,534.0,537.0,541.0,541.0,543.0,545.0,547.0,556.0,556.0,559.0,569.0,574.0,593.0,595.0,597.0,645.0,660.0,664.0,728.0,737.0,749.0,752.0,792.0,792.0,822.0,831.0,849.0,852.0,856.0,896.0,922.0,943.0,988.0,
37.0,41.0,42.0,89.0,93.0,134.0,164.0,232.0,252.0,300.0,308.0,319.0,343.0,347.0,362.0,373.0,402.0,429.0,465.0,497.0,512.0,514.0,521.0,531.0,539.0,542.0,545.0,550.0,553.0,564.0,565.0,565.0,569.0,573.0,575.0,580.0,580.0,595.0,599.0,605.0,615.0,617.0,625.0,634.0,640.0,645.0,652.0,661.0,677.0,678.0,681.0,688.0,701.0,727.0,732.0,745.0,749.0,769.0,792.0,793.0,820.0,858.0,883.0,912.0,913.0,922.0,925.0,936.0,966.0,974.0,981.0,996.0,997.0,
35.0,84.0,125.0,132.0,149.0,193.0,201.0,213.0,244.0,253.0,277.0,321.0,338.0,344.0,373.0,380.0,423.0,432.0,470.0,517.0,532.0,539.0,572.0,575.0,606.0,642.0,666.0,709.0,712.0,716.0,764.0,782.0,791.0,807.0,840.0,855.0,856.0,858.0,905.0,906.0,913.0,941.0,972.0,
33.0,64.0,69.0,108.0,112.0,150.0,220.0,247.0,275.0,309.0,333.0,383.0,387.0,397.0,404.0,416.0,544.0,583.0,632.0,766.0,799.0,905.0,922.0,
95.0,101.0,141.0,145.0,150.0,162.0,205.0,246.0,287.0,326.0,396.0,402.0,402.0,447.0,465.0,472.0,502.0,560.0,561.0,567.0,664.0,719.0,746.0,873.0,880.0,924.0,
7.0,40.0,51.0,100.0,109.0,180.0,185.0,194.0,197.0,241.0,242.0,253.0,257.0,311.0,340.0,371.0,376.0,391.0,400.0,420.0,422.0,493.0,531.0,546.0,551.0,674.0,695.0,697.0,774.0,874.0,880.0,930.0,964.0,
39.0,45.0,92.0,143.0,168.0,191.0,198.0,256.0,363.0,381.0,399.0,409.0,443.0,455.0,515.0,531.0,548.0,553.0,556.0,557.0,577.0,587.0,632.0,641.0,643.0,714.0,862.0,864.0,867.0,877.0,879.0,896.0,897.0,947.0,
34.0,67.0,124.0,143.0,153.0,155.0,164.0,234.0,237.0,239.0,300.0,313.0,340.0,363.0,418.0,477.0,501.0,524.0,535.0,539.0,540.0,555.0,557.0,560.0,564.0,571.0,576.0,590.0,612.0,648.0,695.0,744.0,818.0,833.0,851.0,868.0,918.0,924.0,951.0,954.0,
61.0,91.0,98.0,99.0,203.0,217.0,227.0,237.0,243.0,251.0,273.0,299.0,322.0,354.0,371.0,407.0,418.0,422.0,427.0,521.0,522.0,528.0,535.0,538.0,539.0,542.0,551.0,554.0,565.0,576.0,576.0,584.0,584.0,585.0,593.0,604.0,607.0,615.0,622.0,637.0,659.0,676.0,680.0,681.0,685.0,722.0,731.0,737.0,753.0,756.0,758.0,761.0,766.0,767.0,773.0,789.0,802.0,843.0,847.0,854.0,892.0,893.0,931.0,936.0,953.0,960.0,962.0,969.0,999.0,1000.0,
50.0,57.0,58.0,125.0,132.0,202.0,213.0,251.0,262.0,291.0,310.0,350.0,353.0,382.0,524.0,533.0,536.0,540.0,551.0,555.0,555.0,558.0,560.0,574.0,581.0,589.0,598.0,600.0,603.0,606.0,620.0,620.0,627.0,637.0,643.0,645.0,659.0,671.0,683.0,711.0,716.0,719.0,728.0,752.0,872.0,903.0,921.0,923.0,929.0,938.0,951.0,975.0,983.0,985.0,
79.0,152.0,193.0,201.0,206.0,207.0,269.0,279.0,325.0,348.0,392.0,426.0,454.0,491.0,514.0,518.0,520.0,532.0,533.0,535.0,536.0,539.0,547.0,552.0,554.0,563.0,566.0,587.0,598.0,630.0,640.0,645.0,676.0,679.0,699.0,711.0,737.0,766.0,783.0,797.0,839.0,841.0,851.0,860.0,895.0,904.0,921.0,933.0,935.0,942.0,943.0,943.0,955.0,961.0,
11.0,29.0,36.0,58.0,80.0,91.0,93.0,112.0,122.0,130.0,234.0,251.0,255.0,267.0,278.0,293.0,307.0,314.0,359.0,437.0,440.0,445.0,548.0,562.0,614.0,627.0,635.0,635.0,641.0,643.0,654.0,655.0,706.0,723.0,728.0,730.0,732.0,759.0,766.0,767.0,769.0,785.0,786.0,811.0,826.0,835.0,879.0,885.0,919.0,945.0,951.0,971.0,978.0,987.0,
40.0,55.0,71.0,113.0,121.0,131.0,182.0,206.0,227.0,257.0,258.0,299.0,325.0,348.0,369.0,379.0,403.0,407.0,460.0,460.0,477.0,503.0,528.0,535.0,587.0,641.0,641.0,650.0,668.0,749.0,784.0,796.0,802.0,989.0,
52.0,79.0,85.0,206.0,258.0,282.0,294.0,303.0,363.0,419.0,426.0,432.0,559.0,603.0,627.0,642.0,685.0,767.0,784.0,826.0,837.0,926.0,930.0,935.0,940.0,945.0,957.0,965.0,
66.0,103.0,181.0,213.0,247.0,273.0,295.0,324.0,450.0,472.0,473.0,495.0,529.0,541.0,560.0,566.0,566.0,585.0,588.0,751.0,761.0,761.0,816.0,834.0,841.0,845.0,853.0,860.0,877.0,888.0,923.0,928.0,978.0,
3.0,6.0,45.0,73.0,127.0,146.0,163.0,180.0,228.0,244.0,293.0,369.0,375.0,409.0,464.0,505.0,517.0,544.0,548.0,585.0,775.0,855.0,881.0,882.0,908.0,956.0,966.0,971.0,993.0,994.0,1000.0,
8.0,19.0,29.0,45.0,138.0,177.0,219.0,306.0,363.0,408.0,420.0,426.0,481.0,494.0,511.0,515.0,518.0,522.0,531.0,537.0,561.0,694.0,702.0,735.0,812.0,842.0,906.0,
4.0,13.0,41.0,82.0,90.0,132.0,166.0,204.0,215.0,219.0,225.0,280.0,302.0,324.0,338.0,345.0,347.0,420.0,503.0,516.0,594.0,623.0,657.0,771.0,773.0,800.0,814.0,817.0,843.0,913.0,969.0,
56.0,58.0,70.0,152.0,195.0,216.0,300.0,306.0,316.0,377.0,384.0,443.0,449.0,478.0,487.0,495.0,518.0,530.0,531.0,541.0,555.0,568.0,704.0,713.0,799.0,800.0,827.0,902.0,912.0,930.0,946.0,955.0,963.0,975.0,
5.0,42.0,55.0,102.0,138.0,148.0,158.0,175.0,193.0,201.0,235.0,321.0,323.0,371.0,384.0,394.0,428.0,437.0,453.0,462.0,482.0,496.0,508.0,514.0,525.0,537.0,563.0,579.0,584.0,593.0,616.0,645.0,656.0,660.0,689.0,736.0,778.0,781.0,801.0,865.0,882.0,885.0,
18.0,22.0,63.0,105.0,126.0,169.0,188.0,223.0,264.0,303.0,309.0,467.0,499.0,505.0,531.0,548.0,556.0,582.0,610.0,628.0,646.0,700.0,719.0,736.0,779.0,828.0,845.0,918.0,983.0,986.0,
6.0,37.0,59.0,86.0,89.0,93.0,111.0,129.0,130.0,203.0,225.0,228.0,230.0,232.0,253.0,264.0,287.0,295.0,305.0,370.0,379.0,411.0,456.0,467.0,475.0,497.0,517.0,517.0,520.0,527.0,569.0,572.0,638.0,644.0,644.0,669.0,708.0,799.0,954.0,962.0,966.0,967.0,973.0,984.0,
11.0,48.0,92.0,123.0,128.0,129.0,140.0,167.0,191.0,224.0,239.0,279.0,291.0,311.0,337.0,350.0,385.0,400.0,437.0,481.0,503.0,534.0,563.0,643.0,644.0,645.0,652.0,676.0,683.0,718.0,745.0,751.0,754.0,760.0,772.0,778.0,834.0,847.0,863.0,909.0,999.0,
35.0,52.0,58.0,128.0,137.0,178.0,184.0,193.0,209.0,221.0,232.0,320.0,330.0,333.0,392.0,405.0,421.0,447.0,480.0,524.0,528.0,531.0,554.0,578.0,590.0,678.0,688.0,703.0,729.0,744.0,771.0,783.0,799.0,815.0,846.0,855.0,888.0,937.0,985.0,999.0,
