30.0,52.0,59.0,68.0,71.0,74.0,137.0,140.0,227.0,310.0,314.0,353.0,383.0,386.0,391.0,403.0,415.0,475.0,507.0,558.0,627.0,632.0,672.0,701.0,717.0,763.0,780.0,781.0,831.0,832.0,921.0,970.0,976.0,
2.0,32.0,58.0,94.0,95.0,102.0,104.0,142.0,159.0,184.0,204.0,211.0,213.0,219.0,264.0,274.0,277.0,299.0,332.0,350.0,351.0,370.0,432.0,438.0,473.0,503.0,507.0,555.0,579.0,602.0,636.0,664.0,683.0,686.0,742.0,747.0,788.0,797.0,815.0,815.0,828.0,849.0,881.0,886.0,888.0,917.0,
30.0,40.0,49.0,50.0,56.0,95.0,123.0,125.0,137.0,150.0,163.0,177.0,239.0,288.0,433.0,444.0,463.0,503.0,524.0,532.0,536.0,553.0,634.0,702.0,756.0,784.0,813.0,870.0,885.0,906.0,911.0,917.0,935.0,
38.0,44.0,48.0,85.0,93.0,96.0,103.0,103.0,134.0,139.0,423.0,434.0,541.0,575.0,599.0,635.0,637.0,641.0,649.0,654.0,657.0,690.0,695.0,705.0,736.0,754.0,782.0,784.0,797.0,806.0,809.0,838.0,860.0,890.0,922.0,
11.0,88.0,193.0,227.0,235.0,240.0,264.0,389.0,414.0,419.0,436.0,453.0,464.0,480.0,485.0,517.0,548.0,625.0,626.0,679.0,703.0,786.0,787.0,821.0,829.0,855.0,863.0,864.0,891.0,929.0,
83.0,104.0,140.0,179.0,186.0,249.0,257.0,264.0,301.0,344.0,385.0,397.0,453.0,500.0,614.0,648.0,684.0,688.0,696.0,706.0,708.0,711.0,722.0,752.0,769.0,795.0,835.0,868.0,873.0,882.0,885.0,964.0,
36.0,41.0,53.0,76.0,116.0,133.0,146.0,181.0,205.0,216.0,259.0,343.0,347.0,348.0,400.0,405.0,441.0,495.0,498.0,540.0,548.0,573.0,602.0,605.0,640.0,648.0,652.0,662.0,699.0,706.0,717.0,732.0,737.0,739.0,741.0,843.0,878.0,915.0,916.0,978.0,
4.0,68.0,89.0,145.0,147.0,185.0,185.0,219.0,223.0,260.0,265.0,483.0,514.0,598.0,613.0,614.0,627.0,658.0,707.0,784.0,805.0,828.0,846.0,853.0,871.0,887.0,895.0,901.0,903.0,909.0,945.0,968.0,
34.0,51.0,79.0,83.0,87.0,94.0,125.0,158.0,176.0,186.0,188.0,189.0,192.0,217.0,233.0,252.0,266.0,274.0,285.0,303.0,317.0,390.0,394.0,443.0,454.0,491.0,495.0,554.0,627.0,658.0,774.0,800.0,892.0,940.0,995.0,
52.0,69.0,112.0,156.0,181.0,207.0,233.0,262.0,267.0,287.0,379.0,380.0,391.0,430.0,434.0,496.0,501.0,521.0,547.0,566.0,585.0,607.0,651.0,666.0,708.0,714.0,749.0,820.0,833.0,839.0,852.0,875.0,887.0,908.0,913.0,940.0,959.0,990.0,997.0,
10.0,45.0,135.0,140.0,187.0,210.0,218.0,221.0,224.0,250.0,268.0,295.0,312.0,371.0,391.0,400.0,432.0,447.0,456.0,458.0,470.0,505.0,559.0,563.0,567.0,576.0,597.0,615.0,624.0,655.0,665.0,717.0,720.0,776.0,782.0,794.0,805.0,840.0,922.0,942.0,
12.0,25.0,56.0,69.0,99.0,114.0,170.0,172.0,220.0,297.0,310.0,329.0,383.0,390.0,405.0,407.0,506.0,522.0,540.0,578.0,586.0,630.0,727.0,793.0,800.0,896.0,924.0,950.0,995.0,
56.0,63.0,75.0,92.0,97.0,106.0,115.0,145.0,188.0,193.0,204.0,212.0,237.0,240.0,242.0,251.0,310.0,314.0,327.0,459.0,526.0,540.0,556.0,602.0,640.0,684.0,729.0,799.0,871.0,907.0,907.0,968.0,988.0,
63.0,78.0,131.0,162.0,176.0,193.0,214.0,228.0,276.0,285.0,293.0,304.0,367.0,379.0,475.0,487.0,538.0,543.0,556.0,643.0,649.0,654.0,703.0,716.0,733.0,734.0,814.0,840.0,841.0,845.0,894.0,901.0,908.0,940.0,964.0,976.0,
7.0,73.0,146.0,147.0,219.0,230.0,241.0,253.0,257.0,389.0,457.0,467.0,503.0,517.0,546.0,602.0,627.0,628.0,630.0,678.0,754.0,757.0,766.0,768.0,776.0,828.0,846.0,904.0,922.0,934.0,955.0,982.0,983.0,
55.0,60.0,65.0,95.0,108.0,143.0,151.0,238.0,243.0,266.0,286.0,328.0,432.0,433.0,454.0,496.0,550.0,553.0,566.0,567.0,576.0,578.0,633.0,637.0,650.0,701.0,713.0,713.0,737.0,766.0,767.0,867.0,886.0,894.0,899.0,914.0,927.0,934.0,949.0,979.0,989.0,
4.0,31.0,41.0,105.0,117.0,124.0,183.0,223.0,230.0,233.0,262.0,328.0,349.0,418.0,421.0,477.0,487.0,491.0,500.0,561.0,574.0,586.0,657.0,739.0,767.0,775.0,841.0,858.0,900.0,906.0,924.0,930.0,959.0,959.0,
43.0,59.0,278.0,298.0,420.0,448.0,545.0,545.0,546.0,561.0,575.0,582.0,589.0,656.0,689.0,743.0,765.0,773.0,791.0,808.0,847.0,866.0,868.0,901.0,929.0,941.0,
4.0,111.0,163.0,171.0,191.0,195.0,196.0,209.0,216.0,272.0,288.0,303.0,307.0,324.0,375.0,386.0,405.0,416.0,421.0,463.0,466.0,472.0,481.0,486.0,502.0,520.0,534.0,616.0,698.0,744.0,759.0,810.0,852.0,857.0,863.0,993.0,
7.0,16.0,96.0,102.0,109.0,110.0,131.0,161.0,209.0,287.0,288.0,324.0,456.0,482.0,512.0,522.0,557.0,584.0,593.0,606.0,615.0,625.0,701.0,717.0,750.0,763.0,792.0,793.0,937.0,939.0,966.0,968.0,971.0,981.0,990.0,
14.0,60.0,69.0,82.0,111.0,224.0,237.0,259.0,273.0,304.0,304.0,379.0,386.0,387.0,443.0,444.0,448.0,461.0,509.0,528.0,567.0,575.0,595.0,596.0,614.0,631.0,634.0,651.0,707.0,740.0,750.0,789.0,857.0,903.0,993.0,
80.0,85.0,113.0,129.0,135.0,174.0,176.0,184.0,219.0,239.0,271.0,289.0,293.0,343.0,351.0,364.0,403.0,427.0,469.0,482.0,487.0,495.0,521.0,526.0,578.0,690.0,711.0,729.0,740.0,758.0,775.0,794.0,837.0,857.0,866.0,886.0,903.0,907.0,924.0,933.0,969.0,970.0,
12.0,21.0,119.0,203.0,216.0,223.0,293.0,350.0,371.0,379.0,423.0,439.0,445.0,454.0,522.0,536.0,540.0,559.0,567.0,575.0,607.0,623.0,645.0,664.0,675.0,699.0,705.0,717.0,748.0,756.0,766.0,818.0,852.0,914.0,955.0,
2.0,27.0,46.0,47.0,48.0,87.0,95.0,110.0,150.0,171.0,212.0,232.0,402.0,419.0,445.0,466.0,479.0,480.0,561.0,612.0,623.0,646.0,658.0,660.0,677.0,685.0,749.0,774.0,783.0,863.0,887.0,890.0,918.0,982.0,
11.0,28.0,31.0,86.0,124.0,135.0,143.0,154.0,164.0,181.0,232.0,239.0,270.0,275.0,291.0,317.0,374.0,395.0,406.0,437.0,447.0,448.0,465.0,553.0,570.0,615.0,634.0,639.0,680.0,701.0,703.0,724.0,772.0,807.0,809.0,838.0,851.0,871.0,872.0,898.0,900.0,901.0,904.0,934.0,968.0,982.0,
13.0,62.0,65.0,102.0,130.0,161.0,201.0,254.0,270.0,277.0,323.0,327.0,330.0,355.0,425.0,443.0,475.0,484.0,489.0,649.0,682.0,712.0,716.0,801.0,817.0,846.0,872.0,888.0,888.0,924.0,959.0,965.0,
43.0,71.0,108.0,135.0,154.0,166.0,288.0,315.0,316.0,319.0,349.0,363.0,426.0,447.0,455.0,461.0,476.0,504.0,573.0,587.0,623.0,686.0,699.0,783.0,869.0,879.0,894.0,925.0,931.0,951.0,
33.0,35.0,63.0,96.0,136.0,162.0,171.0,179.0,213.0,230.0,321.0,326.0,340.0,380.0,400.0,440.0,478.0,551.0,553.0,600.0,634.0,681.0,697.0,723.0,728.0,747.0,764.0,807.0,828.0,829.0,868.0,911.0,934.0,968.0,994.0,995.0,
7.0,46.0,57.0,67.0,80.0,82.0,83.0,98.0,128.0,165.0,203.0,287.0,289.0,295.0,332.0,351.0,361.0,406.0,427.0,482.0,552.0,554.0,586.0,607.0,678.0,683.0,695.0,696.0,718.0,731.0,757.0,768.0,779.0,839.0,851.0,864.0,877.0,890.0,897.0,903.0,944.0,986.0,998.0,
10.0,19.0,51.0,127.0,128.0,147.0,165.0,188.0,207.0,213.0,255.0,264.0,269.0,304.0,353.0,366.0,426.0,492.0,529.0,567.0,573.0,579.0,616.0,682.0,734.0,744.0,752.0,775.0,783.0,808.0,856.0,883.0,886.0,910.0,
23.0,31.0,86.0,123.0,133.0,153.0,170.0,171.0,230.0,241.0,251.0,257.0,259.0,260.0,263.0,293.0,293.0,311.0,325.0,335.0,347.0,368.0,372.0,405.0,451.0,517.0,540.0,546.0,555.0,575.0,591.0,665.0,669.0,681.0,804.0,804.0,810.0,826.0,838.0,886.0,906.0,924.0,927.0,944.0,978.0,985.0,
15.0,34.0,112.0,114.0,116.0,133.0,181.0,188.0,229.0,264.0,278.0,281.0,284.0,298.0,300.0,305.0,349.0,363.0,374.0,404.0,409.0,462.0,495.0,578.0,581.0,639.0,656.0,657.0,691.0,712.0,713.0,743.0,752.0,757.0,763.0,768.0,794.0,794.0,804.0,815.0,841.0,859.0,861.0,862.0,879.0,937.0,960.0,967.0,994.0,999.0,
42.0,62.0,121.0,135.0,158.0,165.0,188.0,240.0,269.0,293.0,393.0,415.0,449.0,455.0,477.0,520.0,545.0,562.0,591.0,633.0,639.0,684.0,685.0,699.0,704.0,750.0,753.0,763.0,770.0,773.0,782.0,782.0,814.0,816.0,828.0,844.0,844.0,846.0,874.0,878.0,905.0,909.0,937.0,940.0,944.0,948.0,973.0,995.0,997.0,
6.0,17.0,40.0,40.0,83.0,100.0,216.0,223.0,246.0,260.0,260.0,270.0,271.0,288.0,301.0,306.0,309.0,450.0,453.0,493.0,500.0,677.0,724.0,775.0,816.0,863.0,886.0,899.0,909.0,917.0,925.0,942.0,952.0,956.0,
18.0,70.0,72.0,107.0,141.0,193.0,205.0,239.0,258.0,269.0,282.0,406.0,473.0,499.0,
24.0,25.0,37.0,37.0,54.0,59.0,97.0,98.0,158.0,212.0,250.0,253.0,269.0,318.0,328.0,332.0,360.0,364.0,364.0,408.0,414.0,448.0,474.0,475.0,492.0,505.0,505.0,
41.0,87.0,96.0,124.0,209.0,235.0,243.0,257.0,267.0,284.0,293.0,301.0,342.0,350.0,360.0,370.0,383.0,396.0,413.0,424.0,429.0,440.0,479.0,
6.0,12.0,136.0,142.0,201.0,222.0,238.0,259.0,290.0,303.0,305.0,382.0,393.0,403.0,411.0,439.0,448.0,672.0,754.0,766.0,768.0,825.0,880.0,898.0,917.0,946.0,988.0,999.0,
36.0,59.0,71.0,87.0,99.0,104.0,145.0,146.0,168.0,178.0,198.0,213.0,224.0,327.0,352.0,408.0,438.0,498.0,501.0,594.0,602.0,603.0,615.0,621.0,653.0,657.0,670.0,699.0,715.0,722.0,722.0,733.0,744.0,749.0,771.0,785.0,794.0,822.0,834.0,844.0,859.0,862.0,864.0,868.0,872.0,879.0,892.0,910.0,924.0,985.0,
34.0,35.0,70.0,94.0,130.0,174.0,183.0,216.0,221.0,236.0,268.0,322.0,363.0,399.0,410.0,420.0,433.0,443.0,473.0,525.0,559.0,592.0,649.0,676.0,703.0,742.0,834.0,950.0,975.0,
10.0,89.0,97.0,123.0,135.0,167.0,199.0,204.0,244.0,278.0,280.0,305.0,328.0,351.0,356.0,384.0,388.0,424.0,459.0,464.0,494.0,511.0,531.0,545.0,630.0,648.0,670.0,706.0,735.0,770.0,797.0,808.0,832.0,920.0,936.0,950.0,959.0,986.0,
38.0,41.0,70.0,79.0,97.0,172.0,211.0,236.0,239.0,247.0,348.0,357.0,393.0,476.0,523.0,535.0,551.0,580.0,586.0,664.0,672.0,674.0,692.0,700.0,718.0,745.0,749.0,750.0,767.0,774.0,778.0,799.0,802.0,811.0,817.0,824.0,827.0,858.0,891.0,893.0,943.0,
15.0,53.0,67.0,69.0,98.0,104.0,109.0,110.0,110.0,145.0,194.0,207.0,258.0,324.0,340.0,372.0,411.0,434.0,466.0,485.0,495.0,526.0,547.0,599.0,619.0,646.0,652.0,666.0,694.0,713.0,739.0,795.0,801.0,816.0,828.0,859.0,884.0,902.0,903.0,907.0,908.0,941.0,971.0,973.0,979.0,984.0,
73.0,77.0,86.0,87.0,95.0,118.0,127.0,132.0,135.0,238.0,268.0,307.0,310.0,342.0,353.0,402.0,427.0,437.0,
11.0,48.0,67.0,162.0,177.0,213.0,256.0,285.0,303.0,320.0,337.0,347.0,357.0,359.0,410.0,423.0,436.0,447.0,462.0,480.0,501.0,503.0,857.0,
46.0,63.0,67.0,116.0,160.0,182.0,215.0,243.0,255.0,286.0,297.0,312.0,338.0,343.0,408.0,427.0,465.0,479.0,482.0,495.0,795.0,908.0,
9.0,12.0,24.0,37.0,40.0,64.0,73.0,85.0,87.0,94.0,102.0,104.0,232.0,252.0,257.0,284.0,288.0,309.0,352.0,379.0,416.0,480.0,484.0,878.0,891.0,901.0,980.0,
9.0,19.0,113.0,140.0,143.0,148.0,177.0,190.0,213.0,238.0,308.0,405.0,499.0,
12.0,18.0,56.0,150.0,171.0,173.0,176.0,186.0,191.0,229.0,238.0,247.0,248.0,269.0,287.0,288.0,301.0,433.0,507.0,629.0,653.0,699.0,713.0,728.0,762.0,784.0,787.0,821.0,834.0,835.0,842.0,842.0,852.0,866.0,875.0,884.0,902.0,959.0,973.0,974.0,
12.0,14.0,18.0,53.0,73.0,78.0,93.0,154.0,160.0,193.0,234.0,269.0,281.0,296.0,304.0,319.0,328.0,355.0,438.0,442.0,477.0,492.0,531.0,538.0,562.0,567.0,590.0,668.0,671.0,674.0,684.0,688.0,723.0,775.0,818.0,828.0,840.0,868.0,876.0,901.0,948.0,949.0,964.0,970.0,992.0,993.0,
26.0,32.0,46.0,81.0,135.0,191.0,193.0,212.0,216.0,248.0,260.0,264.0,335.0,375.0,399.0,421.0,450.0,454.0,494.0,495.0,576.0,616.0,706.0,716.0,720.0,745.0,771.0,813.0,818.0,822.0,827.0,855.0,856.0,918.0,969.0,
19.0,19.0,38.0,43.0,102.0,105.0,119.0,152.0,270.0,303.0,321.0,322.0,351.0,385.0,394.0,421.0,428.0,430.0,468.0,488.0,491.0,517.0,552.0,588.0,597.0,601.0,629.0,643.0,662.0,680.0,693.0,719.0,722.0,722.0,752.0,762.0,765.0,850.0,866.0,925.0,960.0,
3.0,49.0,54.0,57.0,85.0,101.0,122.0,129.0,169.0,261.0,332.0,443.0,511.0,609.0,627.0,649.0,664.0,704.0,718.0,736.0,760.0,763.0,768.0,773.0,795.0,800.0,803.0,832.0,935.0,962.0,971.0,972.0,977.0,982.0,
9.0,32.0,65.0,73.0,81.0,94.0,136.0,183.0,191.0,199.0,203.0,230.0,253.0,255.0,264.0,277.0,284.0,284.0,318.0,350.0,365.0,404.0,407.0,414.0,415.0,496.0,
6.0,73.0,79.0,80.0,229.0,230.0,269.0,303.0,335.0,352.0,357.0,361.0,376.0,408.0,408.0,411.0,421.0,447.0,889.0,942.0,998.0,
55.0,83.0,87.0,118.0,176.0,232.0,304.0,307.0,338.0,363.0,417.0,434.0,438.0,463.0,756.0,910.0,934.0,952.0,972.0,
3.0,90.0,98.0,109.0,110.0,133.0,173.0,193.0,234.0,236.0,247.0,248.0,259.0,270.0,274.0,293.0,298.0,341.0,364.0,381.0,384.0,438.0,442.0,495.0,497.0,501.0,502.0,864.0,873.0,931.0,938.0,
22.0,40.0,44.0,100.0,120.0,125.0,127.0,257.0,298.0,307.0,327.0,328.0,337.0,355.0,378.0,400.0,411.0,420.0,425.0,472.0,488.0,501.0,
47.0,75.0,130.0,142.0,214.0,237.0,257.0,263.0,265.0,334.0,339.0,390.0,441.0,448.0,459.0,475.0,612.0,730.0,757.0,779.0,804.0,847.0,866.0,891.0,964.0,980.0,990.0,993.0,994.0,
4.0,19.0,55.0,62.0,165.0,174.0,202.0,233.0,320.0,324.0,348.0,368.0,404.0,408.0,415.0,417.0,437.0,440.0,445.0,452.0,469.0,490.0,494.0,499.0,512.0,518.0,522.0,569.0,611.0,622.0,636.0,664.0,668.0,767.0,825.0,837.0,841.0,844.0,889.0,912.0,926.0,954.0,970.0,993.0,
42.0,58.0,58.0,121.0,162.0,164.0,164.0,211.0,211.0,215.0,276.0,306.0,332.0,338.0,371.0,387.0,400.0,411.0,461.0,471.0,501.0,522.0,575.0,590.0,596.0,623.0,649.0,722.0,755.0,792.0,822.0,827.0,886.0,916.0,917.0,920.0,966.0,995.0,
7.0,58.0,79.0,147.0,192.0,194.0,206.0,262.0,295.0,322.0,334.0,352.0,354.0,371.0,396.0,453.0,455.0,480.0,547.0,561.0,564.0,574.0,582.0,624.0,664.0,697.0,699.0,801.0,842.0,850.0,860.0,873.0,908.0,923.0,928.0,938.0,965.0,974.0,998.0,
65.0,66.0,69.0,75.0,78.0,110.0,118.0,134.0,149.0,192.0,248.0,258.0,324.0,383.0,395.0,397.0,402.0,463.0,465.0,466.0,497.0,507.0,507.0,507.0,569.0,600.0,636.0,675.0,760.0,851.0,853.0,859.0,976.0,
12.0,54.0,70.0,99.0,133.0,212.0,248.0,250.0,256.0,308.0,312.0,313.0,317.0,337.0,357.0,371.0,437.0,447.0,452.0,455.0,508.0,
21.0,64.0,81.0,142.0,144.0,180.0,187.0,198.0,216.0,241.0,284.0,351.0,384.0,432.0,453.0,864.0,953.0,
36.0,70.0,80.0,95.0,103.0,110.0,129.0,164.0,206.0,382.0,410.0,422.0,426.0,436.0,465.0,793.0,868.0,947.0,955.0,
13.0,77.0,106.0,144.0,149.0,269.0,292.0,312.0,326.0,343.0,347.0,401.0,408.0,432.0,453.0,481.0,485.0,915.0,989.0,
44.0,65.0,70.0,77.0,112.0,114.0,120.0,142.0,145.0,155.0,207.0,254.0,264.0,270.0,313.0,319.0,336.0,379.0,402.0,406.0,421.0,424.0,480.0,
4.0,27.0,46.0,51.0,63.0,65.0,77.0,124.0,173.0,176.0,202.0,205.0,242.0,323.0,327.0,351.0,382.0,400.0,432.0,443.0,447.0,499.0,609.0,617.0,639.0,652.0,670.0,693.0,707.0,780.0,812.0,838.0,846.0,852.0,944.0,945.0,984.0,999.0,
8.0,10.0,68.0,91.0,106.0,112.0,134.0,186.0,191.0,272.0,321.0,334.0,340.0,346.0,364.0,399.0,427.0,431.0,444.0,474.0,568.0,575.0,633.0,636.0,671.0,676.0,719.0,788.0,796.0,831.0,867.0,869.0,874.0,883.0,891.0,893.0,904.0,908.0,959.0,963.0,985.0,989.0,1000.0,1000.0,
106.0,108.0,111.0,122.0,124.0,142.0,145.0,160.0,205.0,206.0,226.0,240.0,289.0,320.0,333.0,333.0,343.0,358.0,371.0,374.0,383.0,391.0,432.0,440.0,446.0,463.0,548.0,561.0,572.0,632.0,646.0,661.0,701.0,755.0,783.0,790.0,792.0,822.0,849.0,859.0,940.0,945.0,978.0,
19.0,42.0,77.0,85.0,88.0,94.0,164.0,181.0,212.0,216.0,218.0,297.0,341.0,457.0,464.0,465.0,468.0,482.0,529.0,540.0,558.0,573.0,575.0,652.0,665.0,682.0,687.0,703.0,714.0,715.0,721.0,723.0,736.0,789.0,795.0,805.0,832.0,867.0,902.0,909.0,931.0,942.0,952.0,
13.0,17.0,20.0,21.0,29.0,30.0,61.0,65.0,103.0,139.0,163.0,168.0,206.0,215.0,444.0,491.0,505.0,513.0,629.0,649.0,709.0,750.0,779.0,808.0,818.0,854.0,855.0,866.0,869.0,870.0,884.0,884.0,887.0,893.0,896.0,897.0,904.0,928.0,933.0,978.0,
13.0,31.0,43.0,64.0,65.0,70.0,87.0,99.0,144.0,153.0,195.0,205.0,239.0,251.0,285.0,299.0,309.0,335.0,387.0,398.0,429.0,435.0,448.0,480.0,779.0,800.0,801.0,802.0,839.0,848.0,860.0,913.0,920.0,942.0,971.0,
2.0,11.0,26.0,27.0,46.0,97.0,178.0,186.0,224.0,323.0,349.0,366.0,378.0,389.0,425.0,469.0,479.0,
7.0,58.0,87.0,121.0,142.0,149.0,174.0,207.0,209.0,235.0,297.0,308.0,349.0,364.0,424.0,463.0,473.0,
6.0,17.0,28.0,74.0,82.0,97.0,165.0,169.0,194.0,215.0,249.0,320.0,338.0,356.0,357.0,458.0,497.0,
31.0,95.0,96.0,117.0,122.0,162.0,185.0,241.0,299.0,307.0,319.0,327.0,329.0,362.0,369.0,395.0,403.0,444.0,455.0,460.0,475.0,494.0,506.0,740.0,765.0,808.0,830.0,890.0,908.0,992.0,
29.0,101.0,135.0,140.0,141.0,143.0,225.0,233.0,237.0,270.0,280.0,289.0,292.0,330.0,375.0,390.0,427.0,458.0,465.0,467.0,532.0,584.0,584.0,608.0,656.0,660.0,665.0,681.0,691.0,692.0,692.0,723.0,741.0,762.0,777.0,814.0,822.0,828.0,837.0,873.0,876.0,883.0,886.0,953.0,972.0,973.0,979.0,981.0,
22.0,28.0,46.0,71.0,76.0,120.0,140.0,164.0,210.0,250.0,257.0,326.0,339.0,351.0,361.0,370.0,379.0,417.0,420.0,518.0,538.0,561.0,581.0,635.0,681.0,696.0,702.0,712.0,717.0,726.0,749.0,766.0,783.0,812.0,825.0,825.0,863.0,872.0,876.0,920.0,964.0,
5.0,17.0,25.0,30.0,54.0,62.0,68.0,91.0,96.0,106.0,123.0,160.0,163.0,193.0,195.0,227.0,238.0,243.0,269.0,293.0,319.0,322.0,373.0,377.0,383.0,386.0,397.0,454.0,528.0,597.0,606.0,620.0,642.0,661.0,661.0,661.0,662.0,713.0,760.0,796.0,810.0,883.0,915.0,989.0,
47.0,75.0,152.0,195.0,195.0,275.0,279.0,284.0,296.0,363.0,390.0,423.0,454.0,498.0,507.0,600.0,673.0,692.0,699.0,754.0,784.0,791.0,831.0,870.0,895.0,918.0,932.0,934.0,973.0,977.0,
3.0,52.0,56.0,94.0,99.0,115.0,132.0,185.0,192.0,210.0,265.0,276.0,280.0,394.0,403.0,481.0,516.0,521.0,560.0,617.0,662.0,670.0,681.0,703.0,715.0,733.0,850.0,860.0,905.0,929.0,977.0,
13.0,14.0,14.0,123.0,142.0,148.0,150.0,178.0,244.0,263.0,269.0,412.0,413.0,431.0,505.0,516.0,601.0,627.0,640.0,665.0,675.0,675.0,683.0,695.0,699.0,705.0,746.0,788.0,816.0,846.0,856.0,876.0,878.0,908.0,920.0,931.0,980.0,981.0,991.0,
43.0,78.0,82.0,111.0,111.0,118.0,148.0,175.0,191.0,195.0,198.0,240.0,263.0,289.0,297.0,345.0,355.0,369.0,370.0,377.0,491.0,497.0,512.0,608.0,692.0,697.0,718.0,733.0,755.0,760.0,767.0,811.0,864.0,941.0,948.0,949.0,968.0,978.0,988.0,
65.0,104.0,159.0,160.0,172.0,216.0,225.0,258.0,292.0,321.0,334.0,345.0,380.0,388.0,412.0,439.0,492.0,626.0,727.0,735.0,740.0,748.0,749.0,759.0,767.0,846.0,847.0,848.0,849.0,882.0,894.0,967.0,992.0,
6.0,29.0,42.0,79.0,83.0,98.0,152.0,155.0,191.0,194.0,200.0,219.0,248.0,380.0,387.0,442.0,446.0,473.0,512.0,597.0,606.0,612.0,616.0,627.0,669.0,695.0,696.0,718.0,760.0,801.0,834.0,866.0,872.0,875.0,887.0,911.0,926.0,941.0,946.0,956.0,963.0,972.0,
8.0,59.0,68.0,133.0,218.0,244.0,253.0,264.0,277.0,282.0,285.0,300.0,319.0,372.0,464.0,507.0,509.0,516.0,564.0,583.0,611.0,624.0,629.0,631.0,689.0,691.0,717.0,719.0,750.0,764.0,781.0,782.0,783.0,800.0,806.0,816.0,821.0,825.0,834.0,892.0,903.0,914.0,948.0,988.0,
45.0,62.0,66.0,92.0,121.0,126.0,158.0,161.0,167.0,194.0,248.0,263.0,263.0,298.0,299.0,302.0,397.0,412.0,414.0,426.0,432.0,435.0,445.0,454.0,487.0,593.0,629.0,645.0,701.0,709.0,757.0,829.0,858.0,867.0,873.0,882.0,923.0,924.0,960.0,966.0,977.0,992.0,
74.0,106.0,159.0,168.0,180.0,182.0,203.0,234.0,257.0,335.0,346.0,366.0,389.0,424.0,462.0,505.0,554.0,574.0,721.0,721.0,722.0,734.0,751.0,760.0,775.0,777.0,791.0,797.0,800.0,802.0,812.0,880.0,939.0,955.0,962.0,976.0,977.0,
16.0,61.0,84.0,86.0,86.0,144.0,151.0,161.0,198.0,208.0,239.0,249.0,341.0,411.0,413.0,413.0,421.0,437.0,465.0,489.0,534.0,558.0,562.0,563.0,569.0,576.0,614.0,623.0,637.0,693.0,697.0,740.0,786.0,832.0,860.0,909.0,980.0,
26.0,38.0,73.0,82.0,83.0,83.0,176.0,189.0,221.0,233.0,272.0,274.0,392.0,444.0,544.0,579.0,591.0,598.0,604.0,639.0,646.0,668.0,684.0,689.0,731.0,745.0,783.0,798.0,847.0,877.0,894.0,907.0,930.0,945.0,950.0,956.0,958.0,976.0,1000.0,
9.0,38.0,86.0,89.0,123.0,127.0,147.0,171.0,216.0,272.0,328.0,359.0,368.0,376.0,398.0,401.0,411.0,423.0,459.0,479.0,519.0,538.0,541.0,560.0,563.0,566.0,594.0,597.0,613.0,625.0,628.0,648.0,650.0,658.0,670.0,686.0,687.0,688.0,714.0,724.0,741.0,812.0,827.0,838.0,842.0,861.0,878.0,923.0,947.0,998.0,
15.0,91.0,110.0,142.0,179.0,240.0,247.0,287.0,302.0,367.0,406.0,427.0,434.0,480.0,503.0,549.0,550.0,578.0,586.0,673.0,675.0,694.0,729.0,751.0,757.0,789.0,799.0,848.0,870.0,885.0,943.0,979.0,990.0,995.0,
12.0,40.0,62.0,67.0,122.0,169.0,214.0,259.0,278.0,290.0,325.0,360.0,364.0,367.0,373.0,383.0,428.0,442.0,452.0,470.0,485.0,512.0,517.0,571.0,599.0,632.0,640.0,659.0,665.0,743.0,752.0,753.0,759.0,774.0,797.0,825.0,835.0,844.0,845.0,859.0,893.0,915.0,931.0,937.0,961.0,965.0,971.0,998.0,
71.0,110.0,136.0,180.0,223.0,230.0,255.0,302.0,310.0,329.0,337.0,340.0,415.0,447.0,457.0,457.0,471.0,544.0,578.0,606.0,611.0,635.0,638.0,643.0,654.0,663.0,667.0,687.0,708.0,727.0,737.0,748.0,750.0,762.0,763.0,812.0,864.0,886.0,903.0,924.0,929.0,939.0,966.0,974.0,997.0,
16.0,26.0,35.0,109.0,114.0,118.0,137.0,147.0,151.0,182.0,208.0,243.0,276.0,316.0,326.0,383.0,448.0,488.0,489.0,503.0,526.0,529.0,572.0,587.0,589.0,590.0,610.0,612.0,626.0,668.0,686.0,706.0,747.0,749.0,754.0,759.0,771.0,771.0,807.0,807.0,919.0,965.0,986.0,
68.0,113.0,116.0,126.0,132.0,209.0,213.0,221.0,253.0,268.0,345.0,345.0,368.0,374.0,424.0,432.0,443.0,479.0,539.0,545.0,584.0,586.0,590.0,622.0,658.0,680.0,691.0,718.0,720.0,763.0,766.0,769.0,803.0,850.0,854.0,869.0,915.0,999.0,
22.0,25.0,93.0,116.0,149.0,174.0,175.0,234.0,255.0,290.0,308.0,407.0,434.0,449.0,479.0,479.0,523.0,527.0,531.0,541.0,605.0,643.0,671.0,683.0,694.0,720.0,730.0,738.0,740.0,897.0,937.0,954.0,989.0,991.0,
67.0,102.0,108.0,157.0,198.0,243.0,273.0,277.0,283.0,284.0,313.0,323.0,343.0,377.0,378.0,394.0,418.0,526.0,529.0,574.0,575.0,601.0,610.0,611.0,624.0,735.0,752.0,763.0,770.0,841.0,910.0,951.0,967.0,968.0,
