15.0,122.0,147.0,184.0,203.0,225.0,260.0,287.0,318.0,338.0,351.0,359.0,398.0,469.0,475.0,576.0,608.0,641.0,686.0,691.0,697.0,738.0,765.0,766.0,771.0,778.0,785.0,823.0,837.0,902.0,932.0,941.0,953.0,974.0,981.0,
24.0,46.0,47.0,63.0,76.0,76.0,88.0,104.0,106.0,187.0,192.0,196.0,232.0,243.0,256.0,297.0,297.0,323.0,333.0,334.0,367.0,401.0,478.0,518.0,522.0,525.0,558.0,625.0,642.0,661.0,662.0,668.0,801.0,849.0,871.0,874.0,881.0,947.0,948.0,959.0,
14.0,32.0,52.0,53.0,67.0,81.0,117.0,142.0,143.0,144.0,183.0,203.0,290.0,296.0,334.0,347.0,351.0,356.0,383.0,396.0,515.0,534.0,540.0,555.0,603.0,621.0,626.0,673.0,709.0,762.0,793.0,815.0,822.0,828.0,837.0,838.0,842.0,863.0,868.0,916.0,922.0,923.0,923.0,947.0,951.0,987.0,
31.0,71.0,115.0,164.0,228.0,240.0,267.0,269.0,312.0,315.0,322.0,355.0,372.0,380.0,390.0,422.0,448.0,456.0,459.0,488.0,512.0,539.0,558.0,594.0,606.0,620.0,647.0,659.0,662.0,694.0,701.0,723.0,752.0,812.0,828.0,876.0,907.0,998.0,999.0,
19.0,20.0,40.0,50.0,50.0,119.0,176.0,178.0,187.0,192.0,195.0,205.0,221.0,239.0,250.0,256.0,261.0,267.0,284.0,357.0,357.0,377.0,410.0,463.0,481.0,536.0,557.0,591.0,605.0,647.0,737.0,741.0,836.0,867.0,908.0,979.0,998.0,
19.0,26.0,104.0,124.0,136.0,240.0,241.0,261.0,267.0,281.0,296.0,297.0,359.0,388.0,402.0,404.0,454.0,475.0,499.0,505.0,507.0,536.0,562.0,565.0,634.0,656.0,702.0,708.0,744.0,753.0,756.0,774.0,871.0,899.0,905.0,917.0,937.0,944.0,954.0,956.0,
2.0,80.0,98.0,108.0,134.0,176.0,235.0,238.0,296.0,310.0,317.0,326.0,328.0,331.0,359.0,391.0,428.0,430.0,448.0,454.0,460.0,549.0,564.0,579.0,615.0,639.0,684.0,691.0,701.0,703.0,709.0,730.0,744.0,764.0,770.0,813.0,843.0,884.0,966.0,973.0,988.0,990.0,993.0,
55.0,222.0,392.0,430.0,433.0,434.0,488.0,489.0,512.0,534.0,538.0,558.0,579.0,632.0,642.0,703.0,748.0,812.0,872.0,896.0,916.0,949.0,
35.0,104.0,114.0,120.0,140.0,168.0,203.0,239.0,245.0,309.0,315.0,316.0,344.0,345.0,349.0,362.0,380.0,397.0,446.0,449.0,449.0,462.0,485.0,498.0,525.0,553.0,558.0,618.0,642.0,648.0,739.0,745.0,756.0,799.0,840.0,887.0,957.0,959.0,993.0,
25.0,27.0,30.0,42.0,57.0,111.0,134.0,158.0,187.0,189.0,218.0,222.0,236.0,242.0,254.0,262.0,270.0,283.0,318.0,330.0,333.0,359.0,376.0,378.0,380.0,416.0,434.0,449.0,523.0,527.0,530.0,540.0,553.0,578.0,605.0,629.0,632.0,696.0,723.0,728.0,766.0,813.0,909.0,
37.0,45.0,59.0,72.0,119.0,155.0,185.0,235.0,242.0,251.0,268.0,272.0,272.0,309.0,319.0,325.0,339.0,371.0,417.0,437.0,492.0,503.0,600.0,630.0,639.0,690.0,697.0,721.0,748.0,794.0,801.0,842.0,871.0,905.0,957.0,
22.0,30.0,53.0,98.0,111.0,114.0,260.0,334.0,342.0,350.0,382.0,386.0,391.0,409.0,414.0,416.0,421.0,453.0,487.0,547.0,608.0,610.0,684.0,696.0,705.0,721.0,746.0,857.0,887.0,888.0,933.0,939.0,958.0,968.0,970.0,976.0,978.0,
24.0,33.0,51.0,59.0,66.0,87.0,94.0,103.0,113.0,125.0,135.0,149.0,153.0,186.0,218.0,220.0,261.0,264.0,325.0,336.0,337.0,355.0,384.0,432.0,438.0,472.0,490.0,498.0,501.0,507.0,530.0,561.0,566.0,584.0,602.0,633.0,655.0,689.0,703.0,750.0,758.0,786.0,808.0,821.0,844.0,877.0,910.0,914.0,937.0,945.0,
64.0,84.0,97.0,109.0,121.0,137.0,157.0,167.0,224.0,252.0,268.0,341.0,351.0,386.0,403.0,440.0,443.0,543.0,596.0,654.0,671.0,724.0,754.0,773.0,797.0,803.0,806.0,811.0,817.0,870.0,886.0,915.0,917.0,919.0,989.0,
14.0,58.0,70.0,100.0,120.0,128.0,217.0,230.0,291.0,359.0,373.0,405.0,434.0,439.0,469.0,516.0,576.0,591.0,594.0,610.0,616.0,642.0,648.0,698.0,708.0,717.0,722.0,728.0,768.0,819.0,843.0,856.0,895.0,899.0,951.0,960.0,973.0,991.0,
86.0,94.0,188.0,199.0,203.0,242.0,284.0,320.0,325.0,388.0,402.0,434.0,505.0,513.0,541.0,561.0,562.0,563.0,581.0,668.0,683.0,708.0,718.0,754.0,767.0,768.0,773.0,787.0,799.0,801.0,824.0,861.0,876.0,963.0,976.0,
69.0,165.0,200.0,223.0,225.0,232.0,235.0,255.0,269.0,271.0,295.0,309.0,350.0,351.0,355.0,383.0,399.0,424.0,481.0,491.0,512.0,551.0,563.0,576.0,597.0,616.0,619.0,629.0,636.0,636.0,658.0,662.0,698.0,719.0,719.0,739.0,745.0,822.0,895.0,896.0,904.0,957.0,963.0,
49.0,93.0,105.0,130.0,151.0,153.0,214.0,221.0,252.0,287.0,308.0,318.0,332.0,344.0,398.0,409.0,422.0,467.0,480.0,487.0,501.0,531.0,573.0,618.0,628.0,630.0,651.0,727.0,746.0,750.0,780.0,782.0,847.0,875.0,893.0,903.0,940.0,949.0,949.0,956.0,998.0,
19.0,23.0,49.0,73.0,106.0,122.0,159.0,230.0,253.0,278.0,280.0,314.0,343.0,365.0,385.0,393.0,397.0,414.0,449.0,483.0,511.0,519.0,539.0,543.0,549.0,551.0,571.0,624.0,633.0,721.0,867.0,892.0,926.0,956.0,964.0,964.0,966.0,976.0,997.0,
16.0,34.0,95.0,148.0,157.0,172.0,185.0,223.0,236.0,247.0,309.0,314.0,332.0,345.0,379.0,386.0,390.0,409.0,431.0,447.0,469.0,485.0,517.0,564.0,566.0,617.0,633.0,650.0,654.0,658.0,676.0,683.0,717.0,739.0,740.0,742.0,766.0,847.0,933.0,
10.0,39.0,51.0,97.0,99.0,101.0,118.0,166.0,168.0,176.0,189.0,191.0,274.0,335.0,368.0,417.0,426.0,437.0,437.0,451.0,517.0,544.0,551.0,559.0,567.0,567.0,580.0,582.0,592.0,603.0,607.0,608.0,612.0,683.0,878.0,924.0,941.0,959.0,960.0,984.0,
4.0,8.0,42.0,115.0,167.0,259.0,268.0,273.0,297.0,312.0,320.0,326.0,335.0,340.0,371.0,384.0,456.0,461.0,485.0,524.0,527.0,534.0,578.0,591.0,613.0,614.0,617.0,622.0,679.0,694.0,760.0,779.0,813.0,850.0,859.0,882.0,930.0,933.0,
98.0,99.0,117.0,134.0,178.0,212.0,214.0,249.0,257.0,263.0,282.0,301.0,341.0,386.0,423.0,431.0,440.0,486.0,515.0,542.0,569.0,572.0,580.0,586.0,600.0,615.0,623.0,664.0,739.0,749.0,793.0,817.0,836.0,850.0,882.0,895.0,921.0,941.0,944.0,950.0,952.0,957.0,
17.0,45.0,53.0,59.0,67.0,99.0,100.0,102.0,166.0,167.0,194.0,199.0,219.0,254.0,256.0,321.0,335.0,350.0,436.0,464.0,499.0,540.0,573.0,573.0,577.0,629.0,642.0,697.0,700.0,714.0,729.0,749.0,779.0,786.0,792.0,823.0,891.0,891.0,928.0,930.0,938.0,951.0,976.0,
64.0,96.0,114.0,125.0,168.0,172.0,195.0,221.0,221.0,241.0,269.0,283.0,347.0,369.0,378.0,400.0,410.0,411.0,415.0,438.0,571.0,597.0,675.0,704.0,713.0,759.0,789.0,802.0,812.0,814.0,858.0,905.0,910.0,917.0,929.0,951.0,951.0,982.0,991.0,
8.0,30.0,30.0,49.0,83.0,125.0,162.0,219.0,230.0,254.0,278.0,382.0,385.0,405.0,429.0,451.0,461.0,500.0,640.0,651.0,727.0,798.0,840.0,893.0,899.0,918.0,919.0,929.0,965.0,
8.0,10.0,45.0,47.0,48.0,57.0,127.0,157.0,162.0,163.0,182.0,205.0,291.0,318.0,322.0,325.0,352.0,354.0,367.0,371.0,378.0,400.0,413.0,421.0,428.0,597.0,610.0,638.0,646.0,659.0,691.0,724.0,729.0,730.0,786.0,822.0,845.0,846.0,855.0,857.0,884.0,889.0,928.0,969.0,
105.0,116.0,131.0,133.0,149.0,158.0,186.0,194.0,210.0,226.0,228.0,252.0,286.0,300.0,304.0,314.0,321.0,330.0,355.0,358.0,379.0,408.0,416.0,440.0,457.0,465.0,497.0,543.0,547.0,555.0,584.0,586.0,612.0,623.0,644.0,652.0,674.0,691.0,695.0,721.0,744.0,752.0,808.0,858.0,860.0,906.0,954.0,957.0,967.0,983.0,987.0,989.0,
110.0,116.0,125.0,156.0,161.0,174.0,181.0,216.0,242.0,260.0,406.0,410.0,485.0,505.0,549.0,568.0,571.0,595.0,601.0,621.0,663.0,673.0,732.0,733.0,758.0,806.0,807.0,812.0,828.0,834.0,838.0,841.0,866.0,904.0,911.0,929.0,963.0,964.0,998.0,
24.0,60.0,100.0,127.0,196.0,202.0,244.0,308.0,314.0,334.0,347.0,375.0,386.0,401.0,457.0,496.0,555.0,598.0,608.0,617.0,658.0,666.0,711.0,726.0,739.0,760.0,846.0,888.0,927.0,
6.0,64.0,64.0,117.0,129.0,183.0,204.0,283.0,290.0,354.0,364.0,376.0,411.0,504.0,510.0,523.0,529.0,650.0,670.0,678.0,719.0,756.0,768.0,769.0,792.0,802.0,805.0,847.0,852.0,883.0,903.0,976.0,991.0,
6.0,54.0,76.0,86.0,86.0,107.0,189.0,192.0,247.0,298.0,328.0,356.0,382.0,388.0,388.0,457.0,482.0,508.0,519.0,550.0,576.0,602.0,612.0,723.0,728.0,753.0,754.0,791.0,793.0,839.0,846.0,897.0,910.0,930.0,930.0,962.0,977.0,977.0,
11.0,51.0,102.0,147.0,157.0,158.0,205.0,255.0,316.0,323.0,339.0,344.0,367.0,494.0,505.0,514.0,514.0,543.0,546.0,558.0,583.0,588.0,633.0,645.0,652.0,664.0,668.0,714.0,729.0,751.0,771.0,775.0,797.0,829.0,844.0,895.0,923.0,937.0,971.0,
45.0,53.0,83.0,85.0,96.0,104.0,104.0,123.0,144.0,163.0,178.0,186.0,210.0,273.0,296.0,313.0,321.0,337.0,353.0,457.0,463.0,703.0,706.0,713.0,747.0,783.0,792.0,804.0,912.0,917.0,956.0,993.0,
7.0,16.0,19.0,28.0,45.0,91.0,109.0,137.0,177.0,196.0,196.0,208.0,225.0,230.0,236.0,295.0,330.0,386.0,427.0,441.0,445.0,449.0,478.0,480.0,492.0,
152.0,169.0,228.0,240.0,266.0,
31.0,43.0,76.0,82.0,122.0,135.0,135.0,147.0,187.0,271.0,296.0,311.0,311.0,317.0,335.0,335.0,347.0,393.0,436.0,442.0,449.0,
28.0,33.0,70.0,119.0,180.0,189.0,201.0,214.0,216.0,244.0,263.0,271.0,305.0,307.0,332.0,376.0,427.0,441.0,458.0,506.0,665.0,780.0,823.0,939.0,959.0,
15.0,16.0,49.0,53.0,60.0,91.0,176.0,184.0,186.0,196.0,201.0,203.0,293.0,371.0,383.0,516.0,538.0,569.0,580.0,584.0,602.0,662.0,703.0,721.0,750.0,783.0,783.0,856.0,870.0,945.0,988.0,999.0,
45.0,97.0,122.0,227.0,246.0,255.0,318.0,352.0,494.0,537.0,556.0,577.0,601.0,619.0,623.0,672.0,764.0,775.0,783.0,814.0,835.0,867.0,870.0,912.0,921.0,940.0,944.0,949.0,955.0,979.0,
9.0,38.0,84.0,96.0,122.0,136.0,139.0,165.0,172.0,175.0,205.0,214.0,217.0,239.0,240.0,258.0,291.0,341.0,346.0,354.0,365.0,428.0,441.0,443.0,479.0,599.0,722.0,722.0,749.0,750.0,754.0,770.0,805.0,808.0,837.0,875.0,885.0,893.0,905.0,977.0,
20.0,29.0,54.0,79.0,90.0,124.0,125.0,142.0,179.0,206.0,210.0,215.0,284.0,327.0,357.0,369.0,386.0,396.0,527.0,537.0,577.0,643.0,656.0,672.0,709.0,784.0,791.0,798.0,806.0,826.0,848.0,882.0,905.0,933.0,942.0,
82.0,99.0,101.0,130.0,133.0,158.0,160.0,164.0,173.0,177.0,207.0,236.0,269.0,284.0,285.0,292.0,316.0,347.0,379.0,393.0,504.0,630.0,633.0,637.0,664.0,694.0,709.0,788.0,790.0,807.0,820.0,836.0,836.0,844.0,853.0,867.0,881.0,888.0,910.0,912.0,948.0,976.0,996.0,
4.0,16.0,149.0,166.0,243.0,256.0,258.0,303.0,308.0,422.0,463.0,480.0,483.0,488.0,489.0,
85.0,144.0,147.0,218.0,234.0,280.0,312.0,324.0,343.0,347.0,370.0,372.0,386.0,388.0,406.0,454.0,468.0,472.0,498.0,500.0,501.0,
17.0,29.0,33.0,70.0,72.0,108.0,160.0,160.0,248.0,268.0,274.0,353.0,376.0,388.0,445.0,449.0,458.0,851.0,993.0,
100.0,140.0,176.0,177.0,234.0,271.0,286.0,307.0,323.0,343.0,384.0,430.0,462.0,484.0,487.0,901.0,978.0,
42.0,83.0,93.0,102.0,107.0,220.0,246.0,290.0,321.0,371.0,386.0,399.0,432.0,479.0,
93.0,139.0,195.0,229.0,242.0,261.0,283.0,301.0,321.0,338.0,361.0,415.0,439.0,469.0,481.0,488.0,518.0,643.0,650.0,662.0,669.0,686.0,706.0,741.0,749.0,767.0,801.0,848.0,874.0,875.0,887.0,928.0,937.0,951.0,974.0,975.0,
30.0,100.0,119.0,126.0,137.0,186.0,242.0,257.0,284.0,294.0,339.0,339.0,363.0,390.0,510.0,523.0,532.0,546.0,591.0,593.0,596.0,597.0,694.0,723.0,773.0,790.0,829.0,882.0,913.0,913.0,920.0,922.0,932.0,945.0,957.0,970.0,997.0,
4.0,21.0,45.0,155.0,190.0,217.0,221.0,227.0,303.0,362.0,368.0,416.0,416.0,435.0,501.0,503.0,514.0,539.0,569.0,595.0,650.0,711.0,742.0,744.0,758.0,823.0,838.0,839.0,985.0,987.0,
21.0,75.0,111.0,143.0,173.0,185.0,242.0,258.0,269.0,293.0,365.0,405.0,479.0,494.0,504.0,507.0,523.0,552.0,578.0,598.0,609.0,661.0,711.0,719.0,839.0,871.0,916.0,951.0,972.0,
14.0,53.0,53.0,64.0,65.0,95.0,172.0,176.0,201.0,212.0,232.0,237.0,315.0,318.0,336.0,399.0,402.0,444.0,478.0,499.0,666.0,682.0,690.0,763.0,791.0,795.0,813.0,876.0,902.0,910.0,915.0,940.0,996.0,
5.0,47.0,87.0,101.0,128.0,130.0,186.0,196.0,209.0,235.0,239.0,255.0,271.0,275.0,303.0,336.0,397.0,451.0,496.0,
9.0,59.0,121.0,133.0,134.0,217.0,228.0,273.0,299.0,351.0,360.0,379.0,432.0,443.0,472.0,490.0,494.0,773.0,781.0,848.0,883.0,890.0,939.0,985.0,
26.0,202.0,213.0,222.0,237.0,274.0,306.0,312.0,377.0,380.0,386.0,388.0,392.0,395.0,404.0,419.0,431.0,448.0,461.0,491.0,509.0,883.0,971.0,
2.0,5.0,11.0,57.0,58.0,62.0,69.0,86.0,109.0,111.0,112.0,205.0,206.0,281.0,290.0,316.0,362.0,369.0,381.0,412.0,433.0,459.0,921.0,969.0,
51.0,80.0,89.0,96.0,142.0,159.0,215.0,280.0,300.0,315.0,363.0,372.0,387.0,397.0,417.0,423.0,450.0,472.0,498.0,
32.0,51.0,71.0,102.0,140.0,163.0,172.0,231.0,306.0,387.0,388.0,394.0,418.0,477.0,479.0,482.0,491.0,494.0,616.0,664.0,677.0,775.0,826.0,874.0,918.0,985.0,996.0,
29.0,80.0,84.0,84.0,86.0,129.0,167.0,171.0,196.0,215.0,231.0,231.0,290.0,338.0,345.0,375.0,384.0,408.0,468.0,486.0,523.0,543.0,557.0,566.0,569.0,571.0,573.0,605.0,611.0,633.0,680.0,698.0,710.0,740.0,765.0,773.0,801.0,845.0,850.0,852.0,852.0,872.0,890.0,922.0,
7.0,7.0,27.0,150.0,196.0,244.0,246.0,354.0,359.0,413.0,420.0,457.0,527.0,569.0,596.0,629.0,663.0,663.0,700.0,723.0,724.0,744.0,782.0,817.0,818.0,850.0,852.0,860.0,868.0,901.0,918.0,930.0,940.0,971.0,
16.0,71.0,94.0,156.0,160.0,189.0,206.0,226.0,301.0,305.0,310.0,318.0,343.0,369.0,377.0,378.0,412.0,473.0,511.0,513.0,517.0,520.0,541.0,569.0,585.0,665.0,669.0,675.0,676.0,678.0,689.0,690.0,719.0,720.0,729.0,731.0,768.0,810.0,819.0,824.0,870.0,912.0,914.0,919.0,963.0,966.0,970.0,990.0,
2.0,7.0,60.0,62.0,88.0,99.0,106.0,181.0,197.0,237.0,283.0,318.0,321.0,334.0,369.0,382.0,399.0,437.0,442.0,482.0,503.0,518.0,732.0,813.0,843.0,867.0,886.0,896.0,901.0,908.0,910.0,910.0,940.0,946.0,959.0,980.0,995.0,
22.0,47.0,58.0,67.0,81.0,83.0,108.0,109.0,113.0,124.0,161.0,186.0,189.0,211.0,227.0,240.0,268.0,268.0,278.0,330.0,337.0,376.0,379.0,419.0,427.0,479.0,502.0,511.0,
36.0,61.0,90.0,120.0,168.0,184.0,224.0,226.0,247.0,251.0,253.0,262.0,279.0,284.0,324.0,339.0,367.0,396.0,426.0,446.0,471.0,491.0,812.0,957.0,
17.0,32.0,35.0,79.0,83.0,166.0,175.0,210.0,243.0,260.0,284.0,346.0,373.0,380.0,391.0,402.0,429.0,466.0,483.0,485.0,924.0,
75.0,78.0,92.0,104.0,133.0,160.0,174.0,184.0,190.0,198.0,269.0,285.0,293.0,295.0,317.0,384.0,397.0,400.0,471.0,921.0,927.0,
10.0,37.0,42.0,79.0,82.0,84.0,94.0,95.0,101.0,115.0,123.0,143.0,143.0,148.0,178.0,203.0,222.0,230.0,305.0,307.0,352.0,386.0,420.0,424.0,442.0,
2.0,3.0,5.0,10.0,12.0,84.0,86.0,120.0,146.0,171.0,182.0,212.0,242.0,260.0,299.0,331.0,386.0,405.0,407.0,413.0,417.0,427.0,465.0,475.0,519.0,622.0,631.0,671.0,700.0,726.0,729.0,730.0,756.0,776.0,780.0,793.0,796.0,860.0,864.0,951.0,958.0,973.0,974.0,980.0,990.0,
46.0,79.0,91.0,96.0,100.0,146.0,189.0,199.0,205.0,205.0,224.0,233.0,262.0,267.0,291.0,322.0,326.0,342.0,354.0,364.0,380.0,396.0,398.0,425.0,458.0,462.0,494.0,569.0,610.0,655.0,685.0,730.0,768.0,796.0,814.0,875.0,905.0,925.0,940.0,943.0,956.0,982.0,
15.0,21.0,33.0,50.0,57.0,154.0,168.0,179.0,248.0,274.0,339.0,361.0,444.0,467.0,499.0,515.0,541.0,556.0,569.0,589.0,602.0,741.0,828.0,830.0,831.0,868.0,874.0,895.0,990.0,
3.0,21.0,27.0,39.0,55.0,55.0,58.0,103.0,140.0,142.0,157.0,179.0,250.0,252.0,255.0,257.0,268.0,291.0,398.0,398.0,413.0,421.0,442.0,474.0,480.0,497.0,497.0,510.0,568.0,576.0,588.0,629.0,631.0,728.0,745.0,761.0,785.0,811.0,813.0,827.0,830.0,833.0,839.0,854.0,872.0,908.0,
27.0,40.0,50.0,90.0,173.0,183.0,192.0,192.0,194.0,196.0,232.0,279.0,321.0,362.0,368.0,372.0,379.0,413.0,429.0,448.0,537.0,541.0,563.0,646.0,673.0,675.0,680.0,681.0,687.0,795.0,800.0,814.0,821.0,835.0,837.0,865.0,871.0,889.0,901.0,950.0,957.0,995.0,
18.0,40.0,66.0,97.0,158.0,169.0,180.0,190.0,192.0,207.0,226.0,238.0,381.0,385.0,399.0,401.0,417.0,458.0,485.0,489.0,490.0,722.0,729.0,831.0,844.0,856.0,859.0,988.0,
9.0,62.0,81.0,96.0,106.0,204.0,205.0,234.0,278.0,326.0,350.0,359.0,359.0,391.0,401.0,401.0,402.0,414.0,432.0,476.0,493.0,
20.0,23.0,33.0,146.0,147.0,150.0,160.0,168.0,243.0,245.0,247.0,326.0,358.0,358.0,391.0,392.0,404.0,486.0,500.0,
4.0,70.0,81.0,117.0,150.0,169.0,190.0,300.0,315.0,335.0,365.0,412.0,412.0,417.0,422.0,479.0,491.0,
47.0,62.0,70.0,108.0,119.0,128.0,185.0,241.0,287.0,316.0,346.0,362.0,394.0,417.0,444.0,461.0,461.0,508.0,514.0,654.0,799.0,814.0,830.0,841.0,882.0,896.0,900.0,911.0,923.0,944.0,969.0,981.0,984.0,993.0,
8.0,14.0,15.0,55.0,110.0,151.0,159.0,170.0,191.0,220.0,242.0,297.0,323.0,336.0,403.0,417.0,441.0,443.0,468.0,487.0,490.0,524.0,563.0,580.0,658.0,725.0,732.0,759.0,774.0,816.0,827.0,838.0,843.0,852.0,860.0,905.0,916.0,928.0,930.0,938.0,985.0,
60.0,60.0,105.0,167.0,171.0,189.0,204.0,307.0,347.0,360.0,380.0,382.0,395.0,425.0,428.0,437.0,452.0,459.0,562.0,564.0,572.0,574.0,602.0,605.0,608.0,617.0,645.0,647.0,677.0,723.0,811.0,857.0,857.0,906.0,950.0,972.0,
9.0,31.0,60.0,89.0,100.0,166.0,173.0,195.0,204.0,212.0,236.0,248.0,249.0,251.0,288.0,319.0,346.0,352.0,357.0,418.0,426.0,487.0,494.0,514.0,514.0,536.0,573.0,605.0,623.0,654.0,655.0,658.0,659.0,660.0,666.0,748.0,762.0,809.0,855.0,865.0,880.0,915.0,923.0,943.0,947.0,
32.0,48.0,86.0,119.0,158.0,160.0,176.0,221.0,260.0,268.0,284.0,284.0,343.0,364.0,379.0,396.0,413.0,467.0,476.0,482.0,521.0,534.0,581.0,652.0,664.0,789.0,815.0,881.0,901.0,925.0,927.0,936.0,940.0,954.0,958.0,961.0,981.0,998.0,
45.0,79.0,104.0,122.0,142.0,145.0,162.0,179.0,197.0,211.0,235.0,248.0,283.0,298.0,306.0,329.0,348.0,357.0,381.0,387.0,405.0,457.0,460.0,508.0,521.0,591.0,640.0,647.0,647.0,687.0,689.0,697.0,766.0,780.0,873.0,942.0,966.0,969.0,982.0,990.0,
50.0,62.0,66.0,69.0,128.0,143.0,229.0,239.0,257.0,258.0,312.0,372.0,413.0,450.0,491.0,506.0,513.0,536.0,540.0,568.0,594.0,599.0,606.0,632.0,643.0,664.0,668.0,694.0,741.0,768.0,770.0,771.0,772.0,775.0,789.0,793.0,796.0,803.0,803.0,807.0,825.0,845.0,857.0,899.0,
47.0,57.0,91.0,95.0,131.0,165.0,188.0,195.0,212.0,276.0,297.0,322.0,336.0,384.0,433.0,451.0,484.0,499.0,521.0,630.0,646.0,692.0,742.0,761.0,762.0,797.0,813.0,824.0,833.0,854.0,898.0,975.0,983.0,984.0,995.0,995.0,1000.0,
4.0,20.0,110.0,193.0,251.0,254.0,301.0,321.0,341.0,443.0,508.0,513.0,681.0,690.0,703.0,742.0,823.0,824.0,842.0,860.0,866.0,959.0,984.0,999.0,
37.0,77.0,100.0,122.0,128.0,130.0,130.0,135.0,145.0,167.0,212.0,220.0,261.0,265.0,296.0,296.0,328.0,331.0,334.0,381.0,382.0,382.0,394.0,399.0,430.0,495.0,520.0,583.0,628.0,635.0,638.0,680.0,687.0,700.0,722.0,777.0,793.0,823.0,843.0,855.0,894.0,918.0,949.0,962.0,
37.0,43.0,101.0,125.0,139.0,154.0,159.0,195.0,210.0,226.0,242.0,272.0,302.0,308.0,331.0,439.0,441.0,448.0,487.0,529.0,530.0,538.0,545.0,546.0,589.0,598.0,607.0,611.0,655.0,659.0,719.0,747.0,795.0,809.0,827.0,834.0,846.0,865.0,878.0,885.0,919.0,948.0,950.0,984.0,991.0,
16.0,88.0,126.0,176.0,203.0,225.0,322.0,337.0,342.0,352.0,357.0,399.0,446.0,474.0,492.0,492.0,499.0,511.0,517.0,569.0,593.0,625.0,627.0,640.0,642.0,667.0,671.0,693.0,770.0,788.0,815.0,825.0,831.0,879.0,893.0,940.0,943.0,976.0,
4.0,16.0,44.0,78.0,105.0,170.0,186.0,188.0,212.0,236.0,257.0,290.0,332.0,342.0,372.0,436.0,436.0,460.0,501.0,522.0,527.0,532.0,537.0,548.0,552.0,578.0,580.0,598.0,609.0,609.0,612.0,624.0,633.0,641.0,701.0,724.0,740.0,743.0,815.0,823.0,843.0,862.0,875.0,879.0,885.0,910.0,933.0,993.0,999.0,
5.0,14.0,46.0,52.0,153.0,219.0,223.0,287.0,294.0,364.0,385.0,388.0,410.0,424.0,431.0,444.0,507.0,520.0,540.0,571.0,573.0,573.0,590.0,636.0,687.0,709.0,709.0,776.0,828.0,892.0,909.0,912.0,941.0,974.0,
10.0,97.0,147.0,228.0,246.0,258.0,264.0,302.0,302.0,335.0,336.0,342.0,343.0,352.0,413.0,454.0,463.0,520.0,534.0,610.0,635.0,640.0,645.0,769.0,788.0,799.0,829.0,873.0,915.0,969.0,
18.0,37.0,40.0,64.0,80.0,82.0,118.0,125.0,200.0,226.0,239.0,256.0,285.0,336.0,346.0,351.0,375.0,393.0,396.0,426.0,426.0,461.0,503.0,508.0,587.0,599.0,600.0,611.0,654.0,667.0,695.0,701.0,723.0,725.0,737.0,753.0,768.0,785.0,794.0,825.0,839.0,852.0,861.0,877.0,967.0,979.0,
30.0,52.0,76.0,92.0,120.0,122.0,129.0,136.0,155.0,192.0,218.0,220.0,272.0,342.0,384.0,427.0,457.0,480.0,557.0,593.0,659.0,681.0,686.0,712.0,754.0,770.0,774.0,792.0,798.0,799.0,844.0,908.0,976.0,
18.0,36.0,94.0,115.0,119.0,167.0,259.0,281.0,301.0,321.0,328.0,384.0,408.0,484.0,492.0,550.0,604.0,617.0,623.0,623.0,626.0,682.0,683.0,714.0,723.0,726.0,733.0,736.0,762.0,775.0,783.0,793.0,814.0,899.0,906.0,907.0,927.0,971.0,980.0,984.0,990.0,
64.0,154.0,205.0,229.0,231.0,246.0,259.0,267.0,273.0,358.0,361.0,366.0,423.0,485.0,510.0,543.0,550.0,555.0,603.0,635.0,653.0,687.0,723.0,742.0,778.0,778.0,814.0,821.0,834.0,835.0,841.0,924.0,926.0,940.0,993.0,
22.0,26.0,39.0,42.0,49.0,54.0,148.0,164.0,179.0,191.0,228.0,228.0,236.0,284.0,284.0,325.0,373.0,448.0,449.0,482.0,482.0,557.0,606.0,651.0,682.0,713.0,718.0,763.0,777.0,801.0,805.0,817.0,948.0,997.0,
36.0,54.0,88.0,94.0,95.0,114.0,156.0,174.0,190.0,200.0,214.0,219.0,236.0,241.0,284.0,336.0,344.0,386.0,394.0,400.0,419.0,459.0,472.0,493.0,509.0,513.0,557.0,575.0,587.0,639.0,668.0,677.0,705.0,714.0,735.0,783.0,792.0,805.0,824.0,874.0,902.0,935.0,945.0,988.0,
40.0,80.0,191.0,199.0,200.0,204.0,217.0,221.0,228.0,258.0,266.0,270.0,301.0,318.0,376.0,397.0,400.0,402.0,419.0,425.0,432.0,456.0,493.0,495.0,550.0,584.0,651.0,745.0,746.0,773.0,795.0,815.0,821.0,842.0,848.0,952.0,
12.0,37.0,44.0,56.0,106.0,123.0,143.0,191.0,217.0,247.0,265.0,266.0,283.0,289.0,311.0,317.0,358.0,362.0,380.0,391.0,443.0,462.0,484.0,519.0,617.0,624.0,673.0,682.0,686.0,698.0,740.0,743.0,811.0,814.0,850.0,850.0,856.0,912.0,913.0,920.0,981.0,985.0,
