4.0,13.0,14.0,19.0,28.0,66.0,68.0,83.0,88.0,89.0,93.0,103.0,111.0,135.0,159.0,174.0,329.0,342.0,376.0,401.0,416.0,420.0,438.0,484.0,497.0,513.0,619.0,621.0,641.0,674.0,682.0,689.0,719.0,737.0,759.0,770.0,778.0,795.0,814.0,874.0,983.0,
7.0,73.0,84.0,159.0,174.0,177.0,212.0,238.0,267.0,280.0,280.0,312.0,314.0,327.0,327.0,329.0,377.0,395.0,437.0,545.0,550.0,556.0,619.0,652.0,660.0,724.0,726.0,752.0,757.0,759.0,774.0,797.0,801.0,832.0,843.0,859.0,888.0,904.0,906.0,924.0,929.0,963.0,
16.0,28.0,37.0,77.0,126.0,131.0,227.0,235.0,278.0,278.0,285.0,305.0,329.0,340.0,346.0,387.0,453.0,489.0,489.0,521.0,552.0,564.0,576.0,590.0,613.0,639.0,689.0,731.0,753.0,778.0,785.0,797.0,814.0,821.0,861.0,865.0,872.0,900.0,906.0,983.0,
14.0,44.0,105.0,125.0,185.0,201.0,224.0,284.0,285.0,285.0,324.0,325.0,341.0,360.0,379.0,393.0,402.0,463.0,494.0,502.0,512.0,519.0,551.0,592.0,597.0,600.0,688.0,698.0,699.0,703.0,718.0,735.0,739.0,781.0,867.0,920.0,926.0,927.0,931.0,961.0,966.0,992.0,
23.0,36.0,55.0,92.0,103.0,114.0,135.0,142.0,187.0,220.0,266.0,295.0,295.0,335.0,353.0,363.0,380.0,408.0,419.0,442.0,454.0,467.0,474.0,507.0,541.0,542.0,545.0,587.0,612.0,650.0,697.0,755.0,761.0,768.0,892.0,908.0,917.0,984.0,
49.0,52.0,73.0,129.0,210.0,212.0,241.0,259.0,308.0,317.0,325.0,331.0,334.0,350.0,362.0,365.0,383.0,398.0,448.0,463.0,465.0,512.0,552.0,554.0,567.0,625.0,701.0,708.0,718.0,803.0,834.0,850.0,879.0,988.0,990.0,998.0,999.0,
25.0,41.0,79.0,102.0,109.0,124.0,168.0,227.0,228.0,232.0,235.0,237.0,307.0,359.0,361.0,361.0,377.0,407.0,422.0,425.0,434.0,435.0,465.0,476.0,489.0,498.0,524.0,538.0,555.0,570.0,584.0,586.0,590.0,649.0,682.0,752.0,771.0,788.0,847.0,870.0,905.0,912.0,914.0,929.0,942.0,
50.0,51.0,53.0,54.0,58.0,92.0,104.0,183.0,221.0,250.0,285.0,299.0,299.0,301.0,321.0,345.0,345.0,429.0,455.0,459.0,463.0,478.0,502.0,532.0,563.0,570.0,608.0,611.0,621.0,641.0,647.0,648.0,720.0,728.0,732.0,829.0,833.0,840.0,850.0,882.0,886.0,897.0,946.0,998.0,
16.0,17.0,30.0,35.0,46.0,53.0,79.0,81.0,118.0,122.0,131.0,132.0,158.0,181.0,252.0,254.0,275.0,287.0,315.0,406.0,407.0,424.0,441.0,445.0,446.0,519.0,522.0,528.0,536.0,575.0,578.0,625.0,639.0,674.0,729.0,743.0,750.0,762.0,795.0,797.0,807.0,851.0,859.0,870.0,898.0,926.0,933.0,966.0,969.0,994.0,1000.0,
37.0,42.0,101.0,119.0,134.0,144.0,146.0,150.0,191.0,204.0,207.0,306.0,319.0,348.0,369.0,443.0,443.0,554.0,561.0,563.0,569.0,579.0,618.0,631.0,642.0,672.0,713.0,723.0,723.0,777.0,781.0,852.0,894.0,909.0,956.0,980.0,
83.0,84.0,94.0,119.0,126.0,191.0,208.0,238.0,285.0,308.0,355.0,365.0,389.0,418.0,428.0,435.0,469.0,480.0,563.0,571.0,586.0,598.0,621.0,640.0,647.0,672.0,689.0,727.0,772.0,792.0,799.0,802.0,990.0,
4.0,46.0,50.0,51.0,60.0,62.0,63.0,89.0,153.0,160.0,164.0,170.0,178.0,255.0,274.0,277.0,283.0,309.0,313.0,316.0,342.0,381.0,382.0,388.0,394.0,587.0,599.0,616.0,701.0,726.0,798.0,886.0,970.0,
19.0,25.0,84.0,89.0,166.0,284.0,306.0,374.0,396.0,438.0,444.0,446.0,516.0,552.0,570.0,648.0,651.0,658.0,662.0,703.0,716.0,729.0,755.0,773.0,782.0,808.0,810.0,833.0,841.0,891.0,949.0,984.0,998.0,
61.0,83.0,113.0,122.0,123.0,165.0,185.0,186.0,198.0,249.0,251.0,403.0,435.0,488.0,517.0,529.0,533.0,624.0,634.0,655.0,678.0,683.0,708.0,771.0,936.0,
145.0,174.0,177.0,184.0,233.0,348.0,433.0,487.0,494.0,515.0,532.0,546.0,557.0,559.0,592.0,615.0,637.0,679.0,687.0,716.0,723.0,740.0,766.0,778.0,798.0,804.0,819.0,820.0,868.0,904.0,953.0,987.0,
14.0,75.0,76.0,77.0,81.0,91.0,143.0,152.0,166.0,167.0,237.0,286.0,375.0,378.0,433.0,435.0,442.0,444.0,452.0,495.0,516.0,528.0,539.0,599.0,602.0,615.0,654.0,654.0,676.0,680.0,713.0,745.0,747.0,787.0,869.0,870.0,899.0,
4.0,35.0,61.0,145.0,188.0,232.0,255.0,263.0,275.0,332.0,332.0,367.0,368.0,379.0,393.0,504.0,515.0,518.0,527.0,547.0,548.0,552.0,572.0,584.0,591.0,634.0,645.0,658.0,674.0,685.0,717.0,746.0,752.0,831.0,887.0,912.0,915.0,956.0,997.0,
54.0,111.0,125.0,141.0,171.0,183.0,202.0,276.0,284.0,347.0,353.0,374.0,406.0,447.0,447.0,503.0,515.0,550.0,569.0,591.0,621.0,656.0,676.0,726.0,753.0,785.0,914.0,937.0,966.0,973.0,974.0,976.0,987.0,
4.0,34.0,34.0,58.0,93.0,114.0,123.0,140.0,143.0,148.0,160.0,248.0,267.0,307.0,308.0,326.0,327.0,439.0,458.0,464.0,521.0,532.0,547.0,565.0,592.0,601.0,620.0,649.0,651.0,711.0,760.0,767.0,872.0,888.0,891.0,896.0,935.0,946.0,953.0,960.0,989.0,
46.0,48.0,69.0,78.0,83.0,103.0,122.0,154.0,166.0,181.0,193.0,197.0,206.0,225.0,233.0,259.0,280.0,281.0,315.0,346.0,406.0,413.0,419.0,449.0,454.0,471.0,482.0,520.0,550.0,551.0,558.0,561.0,566.0,574.0,599.0,621.0,637.0,701.0,729.0,731.0,738.0,767.0,777.0,782.0,821.0,824.0,828.0,837.0,885.0,939.0,
12.0,37.0,93.0,161.0,246.0,257.0,259.0,276.0,296.0,322.0,322.0,322.0,332.0,339.0,340.0,368.0,387.0,431.0,476.0,488.0,532.0,564.0,570.0,580.0,604.0,676.0,703.0,716.0,719.0,838.0,890.0,903.0,906.0,949.0,999.0,
6.0,33.0,41.0,165.0,172.0,231.0,231.0,235.0,262.0,284.0,339.0,342.0,347.0,434.0,446.0,466.0,474.0,483.0,502.0,521.0,590.0,596.0,615.0,619.0,658.0,676.0,712.0,757.0,785.0,802.0,817.0,818.0,913.0,980.0,983.0,990.0,990.0,
10.0,10.0,15.0,104.0,150.0,177.0,194.0,239.0,247.0,249.0,259.0,261.0,262.0,273.0,305.0,328.0,332.0,360.0,362.0,389.0,393.0,409.0,462.0,471.0,490.0,494.0,563.0,582.0,599.0,604.0,647.0,668.0,703.0,726.0,736.0,813.0,826.0,857.0,893.0,905.0,912.0,929.0,935.0,994.0,996.0,
10.0,23.0,35.0,62.0,66.0,90.0,92.0,102.0,170.0,181.0,204.0,214.0,319.0,332.0,348.0,363.0,427.0,443.0,447.0,466.0,552.0,552.0,613.0,631.0,761.0,850.0,862.0,898.0,913.0,915.0,920.0,974.0,
98.0,109.0,112.0,127.0,132.0,143.0,166.0,271.0,284.0,284.0,299.0,300.0,312.0,331.0,373.0,388.0,388.0,417.0,417.0,458.0,492.0,509.0,524.0,545.0,555.0,569.0,598.0,614.0,663.0,690.0,743.0,744.0,759.0,841.0,914.0,939.0,962.0,992.0,
31.0,39.0,65.0,92.0,124.0,160.0,197.0,217.0,245.0,253.0,279.0,279.0,298.0,317.0,347.0,363.0,431.0,437.0,438.0,463.0,480.0,483.0,502.0,509.0,510.0,523.0,526.0,528.0,534.0,561.0,583.0,597.0,663.0,690.0,693.0,705.0,718.0,728.0,841.0,895.0,930.0,966.0,
2.0,2.0,38.0,80.0,90.0,133.0,146.0,197.0,205.0,209.0,210.0,299.0,327.0,343.0,377.0,403.0,415.0,417.0,451.0,452.0,517.0,549.0,588.0,629.0,634.0,657.0,703.0,704.0,717.0,732.0,744.0,748.0,782.0,784.0,812.0,830.0,860.0,893.0,905.0,965.0,986.0,
13.0,25.0,35.0,56.0,83.0,104.0,132.0,141.0,142.0,146.0,173.0,174.0,180.0,192.0,194.0,200.0,244.0,319.0,322.0,342.0,342.0,366.0,370.0,393.0,422.0,469.0,469.0,478.0,481.0,500.0,525.0,599.0,607.0,643.0,648.0,666.0,684.0,696.0,721.0,736.0,742.0,742.0,757.0,758.0,771.0,778.0,802.0,817.0,830.0,989.0,989.0,
20.0,44.0,86.0,122.0,163.0,177.0,181.0,219.0,254.0,256.0,309.0,321.0,325.0,355.0,370.0,400.0,410.0,455.0,479.0,486.0,488.0,504.0,508.0,520.0,537.0,548.0,594.0,663.0,675.0,703.0,751.0,769.0,853.0,896.0,911.0,914.0,939.0,942.0,949.0,960.0,984.0,
24.0,41.0,52.0,88.0,115.0,157.0,222.0,224.0,227.0,248.0,279.0,307.0,333.0,370.0,570.0,581.0,653.0,664.0,683.0,758.0,772.0,773.0,806.0,819.0,833.0,847.0,864.0,872.0,886.0,903.0,909.0,922.0,926.0,965.0,989.0,
4.0,8.0,46.0,50.0,60.0,66.0,75.0,106.0,114.0,134.0,142.0,160.0,167.0,194.0,221.0,221.0,263.0,336.0,364.0,449.0,454.0,466.0,506.0,512.0,530.0,663.0,665.0,688.0,690.0,755.0,765.0,795.0,831.0,839.0,840.0,863.0,887.0,899.0,926.0,946.0,965.0,974.0,977.0,
29.0,89.0,124.0,200.0,228.0,254.0,268.0,269.0,313.0,399.0,436.0,442.0,484.0,529.0,546.0,588.0,599.0,619.0,684.0,714.0,735.0,745.0,747.0,759.0,820.0,829.0,836.0,849.0,865.0,927.0,964.0,995.0,
7.0,71.0,77.0,80.0,125.0,182.0,198.0,211.0,264.0,284.0,314.0,338.0,364.0,370.0,384.0,497.0,508.0,531.0,562.0,566.0,597.0,604.0,656.0,690.0,698.0,708.0,731.0,736.0,744.0,811.0,840.0,847.0,919.0,920.0,948.0,950.0,997.0,
8.0,77.0,111.0,113.0,125.0,149.0,158.0,162.0,195.0,273.0,287.0,293.0,296.0,319.0,325.0,339.0,388.0,425.0,425.0,426.0,464.0,471.0,473.0,475.0,544.0,608.0,620.0,626.0,650.0,662.0,678.0,692.0,716.0,725.0,754.0,776.0,813.0,918.0,935.0,942.0,965.0,
47.0,56.0,58.0,69.0,74.0,91.0,122.0,129.0,147.0,161.0,189.0,189.0,233.0,269.0,275.0,297.0,354.0,369.0,391.0,419.0,450.0,507.0,508.0,518.0,554.0,611.0,679.0,690.0,693.0,697.0,706.0,759.0,867.0,976.0,982.0,
46.0,82.0,133.0,149.0,166.0,212.0,247.0,279.0,314.0,322.0,364.0,367.0,376.0,387.0,389.0,459.0,468.0,468.0,517.0,561.0,572.0,608.0,609.0,610.0,647.0,791.0,841.0,877.0,946.0,993.0,
13.0,23.0,33.0,39.0,53.0,111.0,152.0,166.0,208.0,348.0,352.0,372.0,429.0,457.0,489.0,499.0,537.0,567.0,640.0,648.0,654.0,667.0,714.0,749.0,753.0,765.0,786.0,805.0,808.0,819.0,841.0,874.0,913.0,948.0,968.0,986.0,
5.0,11.0,22.0,26.0,28.0,53.0,81.0,187.0,205.0,207.0,209.0,232.0,246.0,336.0,340.0,365.0,377.0,446.0,461.0,464.0,475.0,476.0,500.0,503.0,540.0,597.0,620.0,622.0,651.0,668.0,673.0,684.0,744.0,773.0,795.0,830.0,830.0,843.0,845.0,865.0,911.0,962.0,978.0,985.0,992.0,
18.0,47.0,50.0,53.0,96.0,104.0,126.0,152.0,180.0,183.0,357.0,365.0,428.0,444.0,448.0,452.0,457.0,515.0,517.0,531.0,550.0,583.0,607.0,613.0,635.0,639.0,640.0,642.0,650.0,668.0,671.0,671.0,753.0,765.0,794.0,795.0,796.0,801.0,886.0,928.0,928.0,950.0,
37.0,107.0,170.0,201.0,221.0,232.0,249.0,249.0,250.0,260.0,283.0,306.0,323.0,327.0,352.0,383.0,420.0,519.0,532.0,547.0,555.0,591.0,595.0,599.0,627.0,702.0,726.0,777.0,789.0,801.0,811.0,845.0,849.0,927.0,936.0,
15.0,36.0,72.0,89.0,113.0,124.0,140.0,187.0,190.0,208.0,208.0,210.0,244.0,294.0,295.0,321.0,338.0,366.0,388.0,411.0,413.0,419.0,450.0,459.0,502.0,537.0,543.0,551.0,553.0,556.0,570.0,601.0,617.0,627.0,684.0,714.0,730.0,761.0,766.0,767.0,788.0,836.0,852.0,972.0,992.0,
25.0,68.0,94.0,95.0,98.0,126.0,133.0,187.0,193.0,196.0,230.0,274.0,285.0,312.0,338.0,339.0,363.0,424.0,464.0,490.0,553.0,559.0,587.0,597.0,630.0,665.0,666.0,671.0,817.0,887.0,912.0,917.0,945.0,
36.0,61.0,115.0,115.0,117.0,121.0,164.0,164.0,176.0,205.0,250.0,261.0,273.0,295.0,341.0,385.0,426.0,446.0,501.0,528.0,535.0,542.0,604.0,610.0,624.0,636.0,649.0,664.0,673.0,711.0,723.0,785.0,790.0,846.0,873.0,880.0,883.0,887.0,893.0,996.0,1000.0,
20.0,31.0,33.0,41.0,55.0,138.0,160.0,176.0,244.0,258.0,288.0,290.0,291.0,298.0,331.0,353.0,366.0,377.0,381.0,420.0,431.0,433.0,434.0,458.0,472.0,527.0,528.0,556.0,661.0,681.0,699.0,705.0,709.0,721.0,739.0,755.0,828.0,840.0,991.0,
31.0,101.0,105.0,147.0,197.0,220.0,234.0,249.0,279.0,282.0,301.0,310.0,320.0,339.0,393.0,395.0,479.0,507.0,567.0,569.0,609.0,610.0,610.0,611.0,632.0,693.0,721.0,794.0,805.0,846.0,902.0,930.0,936.0,975.0,993.0,998.0,
4.0,48.0,54.0,59.0,74.0,76.0,114.0,121.0,160.0,253.0,259.0,281.0,342.0,350.0,357.0,434.0,461.0,495.0,501.0,522.0,522.0,572.0,601.0,632.0,669.0,774.0,777.0,789.0,874.0,879.0,893.0,965.0,
9.0,9.0,16.0,21.0,66.0,109.0,110.0,113.0,118.0,135.0,138.0,164.0,195.0,247.0,250.0,263.0,286.0,297.0,316.0,385.0,386.0,455.0,467.0,549.0,556.0,560.0,581.0,677.0,685.0,692.0,729.0,759.0,765.0,791.0,885.0,
3.0,23.0,34.0,69.0,96.0,102.0,114.0,124.0,129.0,130.0,191.0,199.0,208.0,214.0,219.0,226.0,233.0,262.0,266.0,282.0,303.0,321.0,327.0,418.0,447.0,507.0,512.0,557.0,572.0,598.0,600.0,622.0,708.0,716.0,748.0,750.0,752.0,834.0,879.0,907.0,916.0,964.0,
10.0,12.0,29.0,89.0,163.0,214.0,247.0,252.0,266.0,311.0,337.0,345.0,483.0,491.0,491.0,495.0,551.0,572.0,585.0,631.0,636.0,657.0,670.0,683.0,692.0,732.0,764.0,773.0,811.0,820.0,879.0,897.0,903.0,907.0,918.0,931.0,944.0,965.0,
9.0,59.0,84.0,92.0,105.0,118.0,195.0,204.0,233.0,239.0,244.0,337.0,378.0,384.0,397.0,405.0,426.0,449.0,512.0,527.0,529.0,531.0,542.0,549.0,584.0,607.0,701.0,707.0,739.0,759.0,768.0,772.0,780.0,798.0,835.0,838.0,856.0,858.0,859.0,866.0,915.0,937.0,
48.0,62.0,125.0,133.0,192.0,210.0,236.0,264.0,290.0,299.0,299.0,361.0,376.0,395.0,414.0,420.0,438.0,444.0,497.0,509.0,531.0,533.0,573.0,593.0,613.0,622.0,695.0,703.0,736.0,749.0,769.0,771.0,774.0,788.0,791.0,792.0,800.0,815.0,854.0,912.0,916.0,917.0,993.0,
22.0,55.0,56.0,68.0,89.0,91.0,110.0,117.0,135.0,154.0,194.0,199.0,229.0,237.0,252.0,253.0,263.0,264.0,292.0,308.0,311.0,382.0,392.0,438.0,446.0,454.0,498.0,557.0,562.0,577.0,680.0,704.0,707.0,712.0,724.0,737.0,794.0,818.0,834.0,850.0,870.0,874.0,
29.0,33.0,49.0,129.0,130.0,134.0,161.0,289.0,313.0,318.0,326.0,329.0,344.0,350.0,411.0,411.0,424.0,481.0,515.0,545.0,593.0,663.0,671.0,721.0,754.0,821.0,853.0,860.0,875.0,938.0,975.0,979.0,
43.0,84.0,116.0,117.0,122.0,142.0,145.0,150.0,223.0,235.0,259.0,313.0,340.0,393.0,406.0,451.0,515.0,519.0,520.0,522.0,528.0,538.0,625.0,713.0,724.0,742.0,792.0,806.0,846.0,856.0,889.0,909.0,924.0,935.0,
35.0,60.0,148.0,153.0,163.0,221.0,349.0,358.0,380.0,420.0,531.0,554.0,577.0,611.0,625.0,687.0,726.0,784.0,843.0,863.0,896.0,900.0,908.0,927.0,973.0,
60.0,83.0,101.0,106.0,108.0,126.0,159.0,165.0,180.0,214.0,293.0,356.0,368.0,382.0,385.0,399.0,423.0,432.0,461.0,467.0,478.0,480.0,491.0,514.0,516.0,529.0,573.0,601.0,647.0,704.0,723.0,725.0,728.0,807.0,819.0,847.0,855.0,862.0,863.0,884.0,889.0,937.0,938.0,939.0,972.0,992.0,
6.0,21.0,48.0,53.0,55.0,91.0,100.0,131.0,148.0,156.0,206.0,230.0,231.0,234.0,241.0,250.0,254.0,269.0,335.0,365.0,379.0,382.0,402.0,407.0,413.0,431.0,459.0,473.0,491.0,576.0,596.0,605.0,623.0,653.0,653.0,679.0,716.0,726.0,749.0,764.0,780.0,787.0,809.0,831.0,857.0,881.0,913.0,921.0,
31.0,42.0,204.0,209.0,255.0,256.0,326.0,330.0,352.0,389.0,408.0,516.0,517.0,522.0,525.0,535.0,561.0,578.0,621.0,657.0,677.0,692.0,698.0,712.0,779.0,788.0,843.0,864.0,914.0,966.0,967.0,979.0,
4.0,14.0,45.0,68.0,75.0,181.0,193.0,199.0,206.0,230.0,255.0,316.0,346.0,449.0,461.0,500.0,509.0,510.0,543.0,556.0,571.0,588.0,611.0,626.0,637.0,678.0,698.0,748.0,878.0,978.0,980.0,
11.0,43.0,86.0,123.0,150.0,190.0,219.0,255.0,264.0,317.0,329.0,378.0,384.0,413.0,469.0,470.0,472.0,493.0,502.0,507.0,532.0,575.0,577.0,626.0,630.0,637.0,689.0,706.0,818.0,837.0,872.0,889.0,913.0,932.0,940.0,955.0,995.0,
2.0,12.0,113.0,134.0,137.0,145.0,151.0,168.0,185.0,188.0,197.0,202.0,208.0,300.0,358.0,408.0,476.0,489.0,528.0,534.0,569.0,575.0,584.0,714.0,764.0,806.0,815.0,845.0,852.0,913.0,925.0,941.0,949.0,
12.0,43.0,78.0,83.0,108.0,115.0,120.0,122.0,181.0,205.0,214.0,276.0,283.0,294.0,379.0,423.0,429.0,472.0,495.0,526.0,559.0,566.0,575.0,576.0,619.0,641.0,673.0,677.0,700.0,711.0,780.0,790.0,793.0,842.0,854.0,968.0,
57.0,122.0,129.0,148.0,153.0,165.0,215.0,232.0,245.0,268.0,294.0,325.0,407.0,446.0,452.0,467.0,470.0,472.0,489.0,502.0,526.0,534.0,556.0,602.0,604.0,607.0,611.0,614.0,642.0,643.0,649.0,650.0,682.0,689.0,695.0,747.0,750.0,752.0,762.0,762.0,814.0,941.0,947.0,990.0,992.0,
5.0,33.0,47.0,61.0,66.0,79.0,258.0,264.0,277.0,342.0,370.0,422.0,460.0,463.0,475.0,503.0,539.0,582.0,605.0,660.0,660.0,672.0,684.0,688.0,698.0,741.0,748.0,752.0,769.0,772.0,793.0,801.0,895.0,898.0,902.0,986.0,993.0,
55.0,60.0,67.0,118.0,126.0,149.0,303.0,313.0,348.0,374.0,419.0,514.0,515.0,551.0,632.0,640.0,658.0,672.0,750.0,782.0,791.0,816.0,827.0,863.0,879.0,967.0,974.0,
50.0,56.0,67.0,158.0,223.0,254.0,262.0,279.0,293.0,294.0,339.0,343.0,379.0,406.0,467.0,499.0,506.0,521.0,524.0,541.0,580.0,625.0,632.0,649.0,659.0,665.0,702.0,753.0,754.0,773.0,781.0,801.0,803.0,853.0,880.0,911.0,937.0,
9.0,35.0,48.0,79.0,112.0,129.0,137.0,139.0,144.0,180.0,216.0,254.0,279.0,366.0,404.0,418.0,490.0,513.0,569.0,689.0,752.0,760.0,770.0,796.0,801.0,820.0,831.0,859.0,863.0,896.0,905.0,931.0,938.0,943.0,968.0,968.0,976.0,994.0,
21.0,22.0,27.0,41.0,75.0,85.0,87.0,89.0,137.0,139.0,149.0,169.0,190.0,226.0,295.0,339.0,354.0,376.0,398.0,419.0,439.0,459.0,467.0,498.0,549.0,574.0,583.0,591.0,617.0,694.0,694.0,704.0,758.0,794.0,850.0,896.0,903.0,929.0,931.0,981.0,995.0,
24.0,28.0,35.0,43.0,55.0,77.0,130.0,140.0,160.0,173.0,179.0,201.0,218.0,250.0,258.0,288.0,308.0,349.0,362.0,370.0,375.0,442.0,463.0,463.0,466.0,474.0,482.0,487.0,524.0,525.0,529.0,534.0,552.0,571.0,598.0,610.0,626.0,668.0,701.0,745.0,774.0,779.0,824.0,867.0,888.0,892.0,899.0,913.0,913.0,987.0,
38.0,84.0,114.0,115.0,133.0,146.0,158.0,159.0,181.0,187.0,210.0,237.0,244.0,248.0,266.0,424.0,462.0,474.0,489.0,519.0,539.0,618.0,625.0,636.0,700.0,701.0,739.0,806.0,821.0,861.0,882.0,899.0,909.0,962.0,972.0,977.0,988.0,992.0,998.0,
54.0,57.0,84.0,88.0,89.0,118.0,137.0,183.0,205.0,237.0,266.0,297.0,298.0,301.0,304.0,338.0,381.0,422.0,473.0,537.0,542.0,595.0,607.0,673.0,686.0,774.0,780.0,795.0,799.0,892.0,914.0,924.0,970.0,993.0,
59.0,138.0,150.0,153.0,185.0,189.0,237.0,290.0,292.0,321.0,335.0,367.0,414.0,429.0,469.0,482.0,511.0,524.0,571.0,625.0,642.0,674.0,677.0,693.0,736.0,767.0,782.0,792.0,796.0,810.0,839.0,846.0,907.0,979.0,
8.0,12.0,30.0,36.0,39.0,60.0,77.0,78.0,83.0,86.0,88.0,103.0,103.0,106.0,220.0,230.0,240.0,247.0,262.0,268.0,276.0,293.0,305.0,346.0,379.0,406.0,418.0,471.0,475.0,501.0,520.0,527.0,532.0,597.0,606.0,606.0,617.0,637.0,656.0,673.0,678.0,738.0,755.0,768.0,771.0,811.0,934.0,
6.0,26.0,57.0,77.0,137.0,157.0,185.0,187.0,212.0,228.0,324.0,399.0,404.0,418.0,448.0,517.0,586.0,624.0,660.0,712.0,723.0,728.0,735.0,764.0,852.0,904.0,915.0,923.0,949.0,949.0,956.0,956.0,986.0,995.0,
33.0,66.0,75.0,151.0,152.0,156.0,178.0,190.0,193.0,247.0,266.0,268.0,286.0,287.0,320.0,371.0,382.0,485.0,527.0,555.0,561.0,577.0,635.0,650.0,661.0,736.0,809.0,836.0,847.0,848.0,943.0,1000.0,
115.0,148.0,213.0,272.0,278.0,299.0,299.0,332.0,384.0,386.0,399.0,423.0,451.0,458.0,509.0,534.0,535.0,542.0,560.0,596.0,621.0,654.0,690.0,693.0,775.0,802.0,810.0,847.0,899.0,963.0,968.0,980.0,
37.0,57.0,92.0,141.0,173.0,183.0,323.0,324.0,367.0,385.0,395.0,429.0,434.0,445.0,506.0,525.0,627.0,748.0,748.0,820.0,835.0,837.0,852.0,899.0,952.0,977.0,
2.0,8.0,9.0,13.0,56.0,70.0,72.0,82.0,92.0,98.0,101.0,107.0,159.0,214.0,230.0,266.0,325.0,357.0,376.0,386.0,397.0,409.0,423.0,430.0,445.0,452.0,473.0,481.0,503.0,505.0,505.0,506.0,507.0,531.0,539.0,556.0,574.0,595.0,614.0,638.0,647.0,655.0,692.0,709.0,726.0,732.0,788.0,813.0,824.0,838.0,857.0,905.0,936.0,941.0,957.0,993.0,
80.0,81.0,96.0,106.0,128.0,190.0,223.0,246.0,251.0,267.0,322.0,329.0,345.0,359.0,360.0,370.0,375.0,499.0,611.0,667.0,671.0,689.0,691.0,739.0,759.0,769.0,785.0,909.0,923.0,930.0,937.0,972.0,975.0,997.0,998.0,
32.0,37.0,54.0,81.0,87.0,108.0,130.0,159.0,165.0,167.0,200.0,248.0,260.0,286.0,354.0,360.0,370.0,397.0,402.0,410.0,421.0,425.0,498.0,540.0,545.0,550.0,638.0,644.0,661.0,666.0,686.0,711.0,730.0,747.0,809.0,812.0,853.0,864.0,869.0,899.0,913.0,923.0,955.0,961.0,997.0,
11.0,59.0,59.0,60.0,65.0,84.0,88.0,91.0,132.0,191.0,193.0,200.0,277.0,296.0,390.0,491.0,528.0,547.0,553.0,565.0,593.0,628.0,686.0,744.0,972.0,976.0,978.0,985.0,
13.0,14.0,22.0,55.0,95.0,96.0,98.0,155.0,167.0,215.0,222.0,225.0,247.0,327.0,334.0,361.0,369.0,373.0,395.0,401.0,417.0,453.0,455.0,460.0,641.0,650.0,725.0,735.0,756.0,813.0,819.0,877.0,907.0,918.0,921.0,922.0,952.0,973.0,976.0,999.0,999.0,
10.0,27.0,53.0,80.0,103.0,104.0,133.0,143.0,166.0,236.0,277.0,285.0,329.0,359.0,398.0,413.0,432.0,444.0,453.0,461.0,470.0,482.0,520.0,541.0,571.0,585.0,652.0,670.0,672.0,672.0,713.0,725.0,745.0,751.0,774.0,774.0,828.0,883.0,906.0,931.0,981.0,992.0,
13.0,94.0,100.0,141.0,153.0,190.0,211.0,232.0,232.0,241.0,245.0,271.0,274.0,303.0,312.0,464.0,464.0,491.0,524.0,561.0,597.0,630.0,641.0,678.0,688.0,752.0,774.0,784.0,808.0,812.0,828.0,844.0,862.0,886.0,900.0,961.0,983.0,991.0,
14.0,18.0,43.0,87.0,123.0,156.0,204.0,277.0,277.0,283.0,287.0,298.0,304.0,318.0,343.0,361.0,432.0,452.0,536.0,557.0,580.0,626.0,633.0,674.0,696.0,733.0,776.0,797.0,825.0,910.0,919.0,933.0,954.0,962.0,971.0,987.0,
42.0,46.0,99.0,126.0,197.0,223.0,259.0,354.0,413.0,484.0,492.0,495.0,543.0,551.0,568.0,575.0,596.0,598.0,622.0,636.0,649.0,667.0,693.0,713.0,723.0,728.0,766.0,779.0,925.0,945.0,
23.0,53.0,63.0,124.0,131.0,156.0,166.0,176.0,228.0,260.0,368.0,375.0,417.0,421.0,424.0,439.0,461.0,470.0,472.0,499.0,529.0,543.0,583.0,608.0,613.0,626.0,659.0,670.0,689.0,705.0,747.0,749.0,769.0,822.0,892.0,924.0,947.0,951.0,967.0,983.0,
53.0,85.0,140.0,222.0,246.0,249.0,269.0,283.0,329.0,333.0,354.0,354.0,361.0,377.0,378.0,439.0,509.0,514.0,516.0,518.0,555.0,561.0,607.0,610.0,647.0,658.0,674.0,687.0,699.0,740.0,790.0,850.0,883.0,892.0,
9.0,25.0,86.0,90.0,133.0,140.0,144.0,146.0,151.0,179.0,184.0,212.0,219.0,230.0,234.0,271.0,276.0,317.0,325.0,341.0,355.0,448.0,522.0,527.0,531.0,549.0,597.0,664.0,674.0,710.0,731.0,791.0,813.0,815.0,853.0,864.0,869.0,916.0,968.0,
49.0,122.0,128.0,141.0,181.0,198.0,199.0,201.0,213.0,229.0,274.0,275.0,310.0,319.0,384.0,430.0,446.0,495.0,512.0,526.0,544.0,641.0,658.0,665.0,753.0,805.0,814.0,869.0,885.0,894.0,899.0,919.0,939.0,983.0,996.0,
110.0,176.0,192.0,254.0,269.0,309.0,382.0,433.0,434.0,438.0,449.0,451.0,454.0,480.0,484.0,500.0,579.0,705.0,706.0,714.0,726.0,727.0,743.0,755.0,798.0,850.0,888.0,953.0,
25.0,31.0,35.0,40.0,99.0,163.0,169.0,202.0,211.0,263.0,277.0,281.0,283.0,354.0,355.0,395.0,469.0,489.0,529.0,537.0,615.0,653.0,718.0,722.0,832.0,846.0,887.0,916.0,917.0,945.0,986.0,
53.0,69.0,98.0,112.0,118.0,235.0,238.0,246.0,299.0,336.0,447.0,453.0,467.0,493.0,509.0,512.0,535.0,538.0,558.0,609.0,619.0,654.0,731.0,762.0,797.0,882.0,883.0,921.0,943.0,949.0,954.0,960.0,
38.0,70.0,71.0,168.0,174.0,195.0,202.0,222.0,238.0,239.0,263.0,307.0,314.0,316.0,318.0,322.0,373.0,373.0,417.0,489.0,524.0,534.0,535.0,535.0,551.0,554.0,574.0,597.0,600.0,609.0,697.0,721.0,739.0,794.0,868.0,873.0,899.0,926.0,975.0,995.0,
9.0,11.0,21.0,47.0,48.0,55.0,116.0,146.0,172.0,255.0,292.0,321.0,375.0,409.0,435.0,442.0,461.0,473.0,517.0,568.0,622.0,630.0,662.0,669.0,703.0,704.0,704.0,717.0,735.0,772.0,779.0,786.0,789.0,823.0,901.0,916.0,948.0,968.0,968.0,
11.0,20.0,53.0,64.0,76.0,117.0,119.0,125.0,151.0,176.0,181.0,184.0,185.0,195.0,227.0,252.0,278.0,299.0,312.0,319.0,324.0,334.0,469.0,512.0,518.0,531.0,573.0,616.0,685.0,732.0,732.0,738.0,805.0,814.0,827.0,852.0,854.0,861.0,864.0,867.0,869.0,901.0,914.0,915.0,929.0,944.0,
71.0,96.0,137.0,141.0,164.0,171.0,178.0,203.0,237.0,251.0,251.0,307.0,313.0,349.0,351.0,358.0,375.0,382.0,385.0,393.0,424.0,432.0,516.0,521.0,562.0,579.0,632.0,634.0,650.0,654.0,657.0,691.0,697.0,716.0,740.0,746.0,804.0,945.0,951.0,959.0,
14.0,52.0,74.0,79.0,88.0,91.0,100.0,137.0,144.0,145.0,152.0,166.0,185.0,192.0,210.0,333.0,349.0,376.0,379.0,411.0,411.0,419.0,426.0,434.0,439.0,455.0,609.0,635.0,643.0,658.0,664.0,665.0,670.0,750.0,785.0,820.0,820.0,855.0,928.0,949.0,960.0,999.0,
8.0,61.0,94.0,121.0,142.0,157.0,196.0,219.0,342.0,345.0,379.0,582.0,697.0,819.0,821.0,852.0,899.0,909.0,
10.0,19.0,26.0,36.0,70.0,107.0,113.0,128.0,128.0,139.0,145.0,163.0,188.0,211.0,223.0,271.0,368.0,371.0,392.0,396.0,524.0,526.0,542.0,588.0,602.0,605.0,609.0,618.0,640.0,653.0,660.0,676.0,707.0,766.0,797.0,807.0,824.0,827.0,838.0,879.0,943.0,
