4.0,13.0,18.0,41.0,41.0,45.0,85.0,158.0,159.0,165.0,191.0,240.0,254.0,258.0,271.0,323.0,401.0,408.0,578.0,601.0,609.0,670.0,710.0,739.0,764.0,792.0,801.0,830.0,848.0,878.0,879.0,943.0,944.0,949.0,975.0,
26.0,33.0,37.0,65.0,69.0,126.0,142.0,159.0,326.0,336.0,443.0,507.0,508.0,535.0,544.0,571.0,608.0,617.0,617.0,636.0,669.0,675.0,725.0,734.0,759.0,772.0,801.0,816.0,890.0,908.0,936.0,937.0,967.0,967.0,
11.0,46.0,46.0,65.0,78.0,112.0,191.0,216.0,220.0,236.0,330.0,347.0,369.0,379.0,391.0,448.0,474.0,480.0,535.0,576.0,596.0,616.0,623.0,661.0,679.0,688.0,701.0,776.0,864.0,906.0,979.0,994.0,
22.0,46.0,82.0,128.0,132.0,137.0,140.0,143.0,169.0,220.0,274.0,342.0,359.0,361.0,385.0,389.0,415.0,439.0,450.0,486.0,513.0,525.0,569.0,616.0,651.0,661.0,662.0,667.0,674.0,722.0,723.0,754.0,781.0,855.0,893.0,894.0,894.0,
14.0,93.0,101.0,168.0,191.0,217.0,228.0,264.0,280.0,293.0,349.0,358.0,387.0,391.0,420.0,425.0,428.0,451.0,461.0,514.0,518.0,522.0,525.0,559.0,582.0,612.0,613.0,626.0,627.0,711.0,728.0,753.0,765.0,765.0,775.0,787.0,801.0,810.0,821.0,828.0,919.0,920.0,924.0,949.0,966.0,974.0,
52.0,97.0,350.0,356.0,369.0,387.0,462.0,528.0,582.0,584.0,593.0,621.0,637.0,651.0,673.0,679.0,691.0,775.0,778.0,804.0,836.0,876.0,887.0,980.0,994.0,
24.0,48.0,53.0,118.0,168.0,208.0,225.0,230.0,246.0,278.0,395.0,431.0,522.0,543.0,546.0,554.0,555.0,640.0,642.0,649.0,665.0,667.0,703.0,718.0,756.0,826.0,828.0,837.0,841.0,849.0,890.0,905.0,917.0,923.0,926.0,946.0,955.0,987.0,
14.0,33.0,57.0,69.0,94.0,124.0,146.0,159.0,178.0,224.0,226.0,234.0,241.0,241.0,257.0,257.0,367.0,432.0,437.0,459.0,475.0,482.0,556.0,564.0,615.0,670.0,692.0,693.0,694.0,774.0,798.0,811.0,831.0,838.0,848.0,854.0,872.0,881.0,903.0,914.0,925.0,930.0,931.0,936.0,962.0,979.0,
32.0,56.0,146.0,237.0,243.0,267.0,287.0,295.0,300.0,337.0,375.0,448.0,481.0,498.0,512.0,525.0,600.0,604.0,675.0,710.0,749.0,816.0,823.0,832.0,833.0,917.0,941.0,946.0,
17.0,35.0,88.0,94.0,100.0,111.0,111.0,113.0,125.0,149.0,150.0,219.0,223.0,240.0,255.0,261.0,262.0,269.0,273.0,334.0,340.0,350.0,393.0,432.0,442.0,449.0,457.0,461.0,546.0,589.0,606.0,631.0,643.0,645.0,674.0,676.0,693.0,721.0,725.0,745.0,750.0,822.0,883.0,901.0,907.0,908.0,932.0,960.0,978.0,
7.0,11.0,15.0,28.0,39.0,76.0,76.0,182.0,209.0,223.0,286.0,307.0,371.0,382.0,393.0,417.0,462.0,498.0,605.0,688.0,688.0,731.0,735.0,741.0,741.0,748.0,785.0,800.0,805.0,806.0,851.0,875.0,
73.0,115.0,158.0,212.0,223.0,296.0,359.0,377.0,379.0,382.0,414.0,414.0,437.0,458.0,487.0,495.0,502.0,610.0,626.0,633.0,651.0,680.0,706.0,721.0,745.0,766.0,776.0,788.0,819.0,821.0,860.0,863.0,943.0,958.0,960.0,962.0,978.0,991.0,
92.0,117.0,129.0,209.0,253.0,261.0,291.0,332.0,361.0,390.0,395.0,427.0,497.0,571.0,649.0,675.0,687.0,687.0,702.0,721.0,725.0,751.0,765.0,815.0,825.0,877.0,886.0,909.0,934.0,956.0,956.0,960.0,972.0,
25.0,48.0,88.0,100.0,129.0,168.0,247.0,255.0,328.0,332.0,367.0,440.0,494.0,531.0,557.0,576.0,578.0,598.0,604.0,639.0,658.0,673.0,704.0,757.0,764.0,819.0,845.0,862.0,862.0,901.0,905.0,926.0,930.0,934.0,936.0,950.0,991.0,
10.0,41.0,79.0,113.0,162.0,170.0,189.0,249.0,293.0,336.0,344.0,370.0,380.0,425.0,429.0,458.0,494.0,500.0,616.0,625.0,647.0,680.0,684.0,710.0,791.0,944.0,970.0,982.0,
6.0,12.0,36.0,39.0,93.0,98.0,209.0,283.0,319.0,329.0,371.0,372.0,390.0,420.0,433.0,443.0,459.0,485.0,494.0,495.0,504.0,528.0,564.0,566.0,575.0,616.0,660.0,665.0,676.0,728.0,729.0,731.0,771.0,773.0,776.0,796.0,817.0,829.0,855.0,877.0,902.0,936.0,970.0,970.0,976.0,
35.0,54.0,104.0,153.0,217.0,231.0,256.0,298.0,318.0,340.0,370.0,414.0,444.0,453.0,457.0,538.0,546.0,551.0,608.0,615.0,629.0,663.0,709.0,766.0,768.0,842.0,862.0,875.0,966.0,977.0,995.0,
80.0,103.0,103.0,123.0,141.0,175.0,221.0,230.0,266.0,277.0,290.0,323.0,331.0,421.0,428.0,509.0,529.0,561.0,574.0,578.0,583.0,623.0,665.0,682.0,759.0,768.0,808.0,811.0,969.0,983.0,986.0,
33.0,42.0,77.0,88.0,153.0,173.0,177.0,249.0,262.0,270.0,277.0,389.0,394.0,418.0,432.0,492.0,513.0,516.0,531.0,535.0,552.0,557.0,565.0,580.0,581.0,604.0,622.0,629.0,642.0,656.0,703.0,727.0,757.0,767.0,775.0,807.0,869.0,883.0,888.0,898.0,908.0,927.0,942.0,975.0,
86.0,102.0,109.0,111.0,117.0,131.0,138.0,147.0,157.0,201.0,253.0,291.0,389.0,458.0,492.0,507.0,520.0,566.0,590.0,618.0,626.0,656.0,660.0,671.0,685.0,707.0,766.0,812.0,826.0,853.0,856.0,858.0,858.0,894.0,992.0,
19.0,22.0,25.0,34.0,45.0,47.0,64.0,72.0,80.0,97.0,131.0,176.0,205.0,237.0,252.0,277.0,281.0,287.0,291.0,328.0,339.0,358.0,380.0,405.0,434.0,456.0,458.0,460.0,490.0,500.0,542.0,550.0,555.0,587.0,604.0,654.0,663.0,686.0,745.0,780.0,787.0,816.0,830.0,867.0,883.0,
7.0,8.0,12.0,21.0,35.0,39.0,68.0,90.0,94.0,132.0,237.0,289.0,427.0,427.0,452.0,548.0,573.0,593.0,634.0,638.0,641.0,641.0,710.0,745.0,793.0,839.0,899.0,924.0,965.0,981.0,
21.0,33.0,42.0,63.0,89.0,96.0,145.0,179.0,206.0,240.0,287.0,311.0,313.0,318.0,359.0,371.0,382.0,399.0,410.0,451.0,474.0,480.0,609.0,620.0,621.0,626.0,667.0,675.0,681.0,685.0,748.0,804.0,805.0,813.0,859.0,873.0,874.0,881.0,890.0,914.0,927.0,927.0,947.0,957.0,
53.0,54.0,56.0,59.0,94.0,105.0,108.0,133.0,146.0,170.0,184.0,206.0,243.0,355.0,394.0,397.0,431.0,446.0,449.0,495.0,497.0,537.0,546.0,567.0,586.0,639.0,643.0,659.0,673.0,726.0,757.0,780.0,841.0,848.0,874.0,900.0,911.0,981.0,990.0,
2.0,41.0,62.0,103.0,117.0,169.0,186.0,223.0,283.0,327.0,329.0,350.0,364.0,366.0,373.0,430.0,431.0,448.0,451.0,488.0,509.0,509.0,526.0,559.0,562.0,565.0,597.0,622.0,629.0,642.0,653.0,661.0,667.0,727.0,748.0,883.0,896.0,916.0,973.0,983.0,
47.0,77.0,87.0,100.0,111.0,184.0,202.0,223.0,241.0,302.0,436.0,452.0,480.0,487.0,528.0,547.0,600.0,668.0,673.0,673.0,701.0,723.0,796.0,815.0,815.0,839.0,843.0,852.0,878.0,893.0,902.0,918.0,940.0,966.0,994.0,996.0,
13.0,15.0,25.0,27.0,59.0,72.0,128.0,132.0,156.0,180.0,260.0,311.0,416.0,449.0,482.0,487.0,501.0,508.0,546.0,554.0,601.0,610.0,651.0,671.0,677.0,763.0,804.0,827.0,844.0,845.0,845.0,847.0,861.0,871.0,890.0,906.0,946.0,967.0,976.0,
19.0,36.0,136.0,186.0,276.0,279.0,320.0,329.0,331.0,341.0,385.0,480.0,486.0,536.0,539.0,598.0,652.0,661.0,664.0,730.0,822.0,847.0,880.0,920.0,954.0,964.0,
52.0,62.0,134.0,173.0,190.0,201.0,212.0,221.0,228.0,235.0,264.0,294.0,340.0,355.0,364.0,374.0,377.0,378.0,434.0,479.0,486.0,492.0,575.0,604.0,658.0,673.0,691.0,727.0,738.0,810.0,847.0,880.0,897.0,904.0,940.0,956.0,981.0,996.0,
12.0,13.0,46.0,57.0,91.0,155.0,183.0,200.0,268.0,268.0,275.0,295.0,369.0,373.0,375.0,393.0,403.0,404.0,409.0,425.0,426.0,434.0,459.0,479.0,480.0,482.0,532.0,556.0,606.0,630.0,649.0,667.0,729.0,759.0,796.0,797.0,805.0,830.0,880.0,902.0,928.0,963.0,994.0,
52.0,55.0,56.0,83.0,110.0,112.0,189.0,218.0,236.0,244.0,261.0,294.0,330.0,350.0,366.0,372.0,382.0,420.0,463.0,476.0,487.0,547.0,604.0,606.0,617.0,646.0,709.0,746.0,804.0,886.0,916.0,923.0,944.0,945.0,958.0,986.0,
11.0,44.0,56.0,96.0,144.0,190.0,225.0,247.0,268.0,303.0,330.0,368.0,385.0,423.0,449.0,464.0,506.0,518.0,579.0,582.0,675.0,683.0,714.0,719.0,777.0,780.0,783.0,789.0,799.0,827.0,885.0,925.0,931.0,949.0,
38.0,86.0,110.0,175.0,197.0,250.0,259.0,264.0,318.0,327.0,361.0,367.0,404.0,405.0,443.0,467.0,469.0,488.0,603.0,704.0,759.0,776.0,793.0,814.0,848.0,900.0,909.0,922.0,931.0,957.0,960.0,972.0,
2.0,25.0,57.0,76.0,81.0,123.0,135.0,146.0,147.0,157.0,173.0,213.0,215.0,221.0,236.0,255.0,338.0,378.0,463.0,466.0,540.0,647.0,760.0,765.0,805.0,870.0,871.0,891.0,901.0,923.0,925.0,992.0,
19.0,21.0,60.0,60.0,159.0,170.0,213.0,228.0,322.0,327.0,376.0,387.0,390.0,395.0,403.0,412.0,444.0,468.0,475.0,502.0,532.0,543.0,557.0,597.0,603.0,630.0,640.0,643.0,643.0,660.0,668.0,713.0,727.0,746.0,781.0,789.0,801.0,871.0,915.0,927.0,999.0,
52.0,105.0,132.0,142.0,151.0,160.0,194.0,210.0,210.0,276.0,277.0,341.0,401.0,463.0,487.0,503.0,505.0,528.0,557.0,570.0,604.0,613.0,641.0,732.0,741.0,750.0,769.0,773.0,781.0,784.0,838.0,934.0,938.0,943.0,950.0,992.0,998.0,
4.0,7.0,28.0,78.0,135.0,156.0,164.0,187.0,206.0,243.0,262.0,263.0,274.0,275.0,304.0,307.0,352.0,353.0,401.0,492.0,494.0,496.0,503.0,525.0,556.0,604.0,635.0,656.0,685.0,694.0,750.0,763.0,774.0,806.0,877.0,933.0,970.0,990.0,993.0,
58.0,83.0,100.0,136.0,155.0,173.0,212.0,217.0,221.0,241.0,258.0,299.0,329.0,365.0,400.0,419.0,437.0,450.0,460.0,500.0,521.0,522.0,551.0,580.0,584.0,622.0,666.0,698.0,704.0,752.0,804.0,835.0,854.0,872.0,900.0,951.0,973.0,
2.0,9.0,16.0,21.0,33.0,145.0,185.0,210.0,239.0,248.0,252.0,291.0,303.0,340.0,391.0,434.0,514.0,575.0,747.0,751.0,757.0,772.0,809.0,895.0,966.0,972.0,
9.0,12.0,15.0,48.0,54.0,55.0,59.0,72.0,75.0,136.0,152.0,154.0,161.0,169.0,187.0,208.0,220.0,258.0,300.0,340.0,350.0,353.0,368.0,373.0,378.0,403.0,409.0,473.0,506.0,560.0,603.0,631.0,666.0,696.0,710.0,721.0,736.0,747.0,781.0,822.0,824.0,826.0,833.0,835.0,842.0,847.0,929.0,933.0,948.0,997.0,
63.0,64.0,76.0,109.0,134.0,190.0,243.0,249.0,308.0,334.0,348.0,348.0,357.0,365.0,381.0,419.0,460.0,541.0,563.0,575.0,651.0,687.0,688.0,722.0,834.0,874.0,973.0,
9.0,10.0,21.0,46.0,48.0,152.0,154.0,164.0,176.0,214.0,302.0,323.0,345.0,437.0,463.0,496.0,505.0,613.0,619.0,621.0,639.0,643.0,669.0,676.0,775.0,777.0,813.0,820.0,821.0,828.0,854.0,872.0,899.0,922.0,952.0,990.0,
8.0,31.0,66.0,85.0,91.0,116.0,143.0,153.0,158.0,166.0,193.0,277.0,335.0,358.0,392.0,516.0,518.0,539.0,543.0,573.0,616.0,628.0,641.0,647.0,662.0,692.0,698.0,710.0,712.0,754.0,777.0,854.0,888.0,988.0,
36.0,74.0,138.0,144.0,147.0,180.0,243.0,273.0,378.0,387.0,405.0,456.0,461.0,473.0,491.0,517.0,525.0,548.0,570.0,588.0,599.0,615.0,626.0,632.0,644.0,671.0,680.0,680.0,681.0,689.0,698.0,701.0,707.0,717.0,735.0,797.0,858.0,867.0,920.0,947.0,964.0,
58.0,90.0,111.0,151.0,154.0,174.0,206.0,259.0,297.0,310.0,444.0,485.0,501.0,565.0,567.0,569.0,577.0,584.0,596.0,600.0,603.0,613.0,629.0,715.0,753.0,759.0,761.0,822.0,828.0,846.0,887.0,935.0,944.0,969.0,979.0,999.0,999.0,
16.0,17.0,20.0,37.0,61.0,73.0,87.0,102.0,112.0,117.0,139.0,163.0,231.0,282.0,290.0,325.0,354.0,381.0,383.0,385.0,438.0,443.0,458.0,500.0,602.0,620.0,641.0,667.0,695.0,706.0,725.0,732.0,759.0,760.0,816.0,820.0,824.0,829.0,837.0,842.0,895.0,900.0,997.0,
25.0,28.0,39.0,87.0,95.0,102.0,126.0,130.0,157.0,170.0,177.0,226.0,230.0,256.0,295.0,362.0,391.0,417.0,427.0,453.0,527.0,598.0,621.0,624.0,630.0,636.0,663.0,712.0,721.0,728.0,746.0,754.0,757.0,778.0,799.0,811.0,814.0,846.0,852.0,867.0,897.0,910.0,914.0,924.0,960.0,995.0,
12.0,50.0,108.0,132.0,146.0,184.0,202.0,213.0,266.0,290.0,304.0,322.0,377.0,424.0,443.0,447.0,451.0,455.0,468.0,483.0,568.0,594.0,614.0,615.0,642.0,648.0,657.0,664.0,677.0,718.0,760.0,777.0,785.0,800.0,827.0,829.0,836.0,962.0,988.0,
5.0,8.0,49.0,107.0,110.0,128.0,150.0,225.0,258.0,278.0,287.0,291.0,364.0,461.0,496.0,528.0,551.0,574.0,607.0,612.0,614.0,621.0,742.0,742.0,745.0,746.0,746.0,773.0,817.0,891.0,938.0,942.0,964.0,
5.0,11.0,23.0,61.0,83.0,92.0,108.0,110.0,122.0,127.0,129.0,151.0,155.0,169.0,226.0,241.0,257.0,321.0,428.0,437.0,471.0,486.0,499.0,519.0,553.0,626.0,671.0,671.0,672.0,681.0,683.0,685.0,689.0,710.0,737.0,764.0,815.0,835.0,854.0,882.0,902.0,922.0,927.0,938.0,948.0,999.0,
86.0,102.0,112.0,131.0,137.0,154.0,160.0,161.0,182.0,253.0,386.0,484.0,500.0,512.0,518.0,522.0,529.0,544.0,546.0,593.0,606.0,661.0,663.0,664.0,685.0,693.0,713.0,785.0,831.0,832.0,840.0,867.0,933.0,
64.0,79.0,150.0,158.0,191.0,308.0,309.0,329.0,348.0,383.0,404.0,422.0,451.0,460.0,470.0,499.0,534.0,536.0,537.0,554.0,566.0,585.0,639.0,642.0,674.0,717.0,751.0,755.0,796.0,808.0,852.0,
5.0,209.0,210.0,240.0,248.0,376.0,381.0,393.0,396.0,403.0,459.0,466.0,559.0,585.0,694.0,698.0,749.0,796.0,822.0,827.0,873.0,885.0,915.0,923.0,923.0,
8.0,14.0,43.0,69.0,105.0,167.0,218.0,248.0,277.0,316.0,321.0,342.0,356.0,395.0,459.0,466.0,489.0,514.0,520.0,562.0,598.0,602.0,660.0,670.0,683.0,704.0,726.0,747.0,812.0,821.0,889.0,906.0,920.0,921.0,923.0,961.0,988.0,997.0,
5.0,43.0,48.0,248.0,275.0,288.0,305.0,310.0,358.0,359.0,387.0,397.0,429.0,445.0,461.0,471.0,485.0,500.0,505.0,518.0,528.0,529.0,564.0,577.0,585.0,610.0,652.0,653.0,737.0,759.0,793.0,805.0,825.0,828.0,898.0,930.0,
41.0,42.0,54.0,75.0,81.0,85.0,90.0,266.0,311.0,359.0,361.0,397.0,409.0,421.0,440.0,468.0,475.0,547.0,549.0,564.0,573.0,598.0,599.0,652.0,654.0,659.0,723.0,740.0,807.0,817.0,820.0,847.0,862.0,879.0,934.0,938.0,947.0,
2.0,83.0,88.0,93.0,100.0,124.0,133.0,202.0,212.0,218.0,229.0,266.0,274.0,285.0,340.0,355.0,414.0,497.0,500.0,506.0,541.0,583.0,692.0,855.0,863.0,874.0,920.0,936.0,946.0,993.0,998.0,
7.0,9.0,42.0,60.0,63.0,104.0,149.0,184.0,204.0,266.0,296.0,317.0,397.0,422.0,454.0,514.0,543.0,546.0,553.0,557.0,587.0,717.0,743.0,748.0,781.0,802.0,930.0,961.0,998.0,
12.0,113.0,130.0,135.0,138.0,138.0,148.0,163.0,176.0,210.0,226.0,269.0,279.0,293.0,297.0,305.0,308.0,356.0,375.0,406.0,419.0,423.0,501.0,505.0,505.0,509.0,510.0,511.0,517.0,520.0,524.0,536.0,565.0,593.0,626.0,635.0,671.0,700.0,702.0,725.0,776.0,804.0,865.0,884.0,923.0,937.0,937.0,985.0,
20.0,57.0,95.0,133.0,135.0,191.0,201.0,208.0,227.0,231.0,256.0,265.0,319.0,349.0,399.0,446.0,476.0,505.0,530.0,557.0,598.0,611.0,667.0,709.0,720.0,754.0,808.0,810.0,832.0,888.0,891.0,980.0,982.0,
93.0,160.0,258.0,267.0,272.0,344.0,377.0,386.0,386.0,392.0,488.0,533.0,534.0,550.0,610.0,615.0,660.0,682.0,686.0,690.0,693.0,695.0,704.0,728.0,781.0,801.0,813.0,855.0,863.0,899.0,954.0,955.0,970.0,
2.0,61.0,161.0,183.0,188.0,223.0,230.0,236.0,237.0,243.0,249.0,263.0,280.0,293.0,319.0,345.0,426.0,433.0,438.0,461.0,474.0,485.0,488.0,493.0,517.0,537.0,586.0,614.0,641.0,649.0,715.0,754.0,772.0,814.0,884.0,887.0,904.0,928.0,932.0,
2.0,10.0,36.0,61.0,77.0,101.0,101.0,129.0,132.0,142.0,162.0,170.0,188.0,199.0,220.0,242.0,256.0,318.0,361.0,384.0,391.0,424.0,485.0,499.0,616.0,622.0,638.0,643.0,677.0,681.0,684.0,728.0,796.0,801.0,817.0,844.0,844.0,876.0,908.0,930.0,962.0,971.0,973.0,
43.0,59.0,85.0,90.0,99.0,99.0,107.0,114.0,151.0,193.0,203.0,245.0,252.0,282.0,294.0,311.0,323.0,335.0,380.0,422.0,447.0,466.0,492.0,496.0,519.0,568.0,589.0,596.0,648.0,696.0,700.0,844.0,865.0,881.0,898.0,931.0,950.0,
7.0,61.0,77.0,121.0,209.0,210.0,219.0,237.0,252.0,298.0,356.0,359.0,375.0,432.0,437.0,457.0,514.0,554.0,572.0,614.0,630.0,676.0,677.0,706.0,710.0,726.0,779.0,790.0,815.0,821.0,831.0,975.0,975.0,
19.0,57.0,69.0,70.0,89.0,109.0,131.0,142.0,156.0,172.0,269.0,288.0,299.0,307.0,337.0,387.0,400.0,403.0,413.0,433.0,437.0,454.0,481.0,535.0,541.0,551.0,570.0,570.0,664.0,699.0,704.0,722.0,766.0,838.0,849.0,880.0,901.0,906.0,925.0,952.0,953.0,957.0,969.0,977.0,987.0,
114.0,114.0,116.0,118.0,126.0,143.0,155.0,196.0,202.0,206.0,223.0,269.0,271.0,274.0,332.0,334.0,373.0,374.0,377.0,379.0,380.0,400.0,461.0,485.0,553.0,568.0,593.0,647.0,679.0,697.0,749.0,753.0,803.0,822.0,823.0,833.0,865.0,872.0,910.0,959.0,967.0,972.0,976.0,982.0,
13.0,35.0,217.0,235.0,274.0,280.0,287.0,336.0,345.0,348.0,361.0,364.0,426.0,445.0,513.0,513.0,515.0,558.0,590.0,661.0,670.0,769.0,771.0,777.0,794.0,796.0,813.0,824.0,862.0,897.0,916.0,924.0,956.0,985.0,994.0,
45.0,109.0,110.0,132.0,146.0,172.0,184.0,197.0,202.0,263.0,269.0,289.0,323.0,392.0,393.0,395.0,400.0,420.0,440.0,455.0,491.0,493.0,500.0,508.0,514.0,529.0,570.0,591.0,643.0,710.0,746.0,754.0,759.0,809.0,829.0,912.0,953.0,962.0,973.0,
35.0,36.0,49.0,59.0,94.0,96.0,98.0,136.0,178.0,204.0,222.0,282.0,305.0,439.0,455.0,469.0,669.0,714.0,715.0,717.0,732.0,754.0,762.0,775.0,898.0,991.0,
17.0,124.0,126.0,135.0,154.0,158.0,184.0,194.0,237.0,242.0,289.0,290.0,319.0,399.0,411.0,416.0,494.0,543.0,546.0,632.0,647.0,684.0,714.0,735.0,782.0,794.0,822.0,836.0,843.0,861.0,872.0,873.0,873.0,890.0,893.0,900.0,903.0,944.0,948.0,950.0,
12.0,29.0,59.0,83.0,117.0,119.0,123.0,198.0,209.0,214.0,236.0,287.0,312.0,312.0,332.0,338.0,504.0,559.0,615.0,619.0,660.0,683.0,686.0,763.0,803.0,820.0,871.0,923.0,961.0,973.0,
3.0,24.0,68.0,103.0,141.0,165.0,200.0,205.0,229.0,259.0,287.0,360.0,393.0,464.0,465.0,478.0,481.0,508.0,586.0,594.0,607.0,621.0,641.0,685.0,737.0,739.0,742.0,749.0,753.0,821.0,866.0,876.0,974.0,988.0,
59.0,72.0,92.0,144.0,185.0,189.0,204.0,276.0,285.0,296.0,304.0,307.0,325.0,329.0,341.0,361.0,484.0,506.0,540.0,591.0,607.0,647.0,650.0,689.0,691.0,722.0,735.0,780.0,811.0,819.0,841.0,878.0,902.0,956.0,960.0,969.0,975.0,976.0,980.0,
21.0,41.0,69.0,80.0,87.0,116.0,145.0,156.0,168.0,183.0,217.0,241.0,265.0,280.0,341.0,359.0,378.0,452.0,463.0,490.0,496.0,548.0,552.0,557.0,654.0,668.0,679.0,729.0,744.0,759.0,809.0,850.0,868.0,869.0,870.0,873.0,882.0,939.0,947.0,963.0,1000.0,1000.0,
13.0,43.0,56.0,59.0,138.0,150.0,152.0,152.0,165.0,172.0,219.0,230.0,235.0,248.0,311.0,329.0,377.0,424.0,448.0,474.0,480.0,492.0,554.0,571.0,601.0,611.0,616.0,620.0,661.0,669.0,741.0,851.0,865.0,868.0,884.0,925.0,998.0,
70.0,105.0,125.0,136.0,149.0,151.0,165.0,170.0,183.0,196.0,244.0,251.0,312.0,341.0,377.0,394.0,409.0,430.0,435.0,501.0,503.0,503.0,508.0,515.0,518.0,525.0,538.0,603.0,621.0,643.0,664.0,680.0,752.0,778.0,802.0,862.0,863.0,897.0,908.0,960.0,971.0,990.0,
21.0,52.0,72.0,85.0,92.0,153.0,187.0,211.0,228.0,289.0,373.0,449.0,473.0,550.0,592.0,596.0,679.0,747.0,764.0,765.0,794.0,796.0,809.0,823.0,851.0,879.0,917.0,924.0,928.0,996.0,
20.0,55.0,82.0,126.0,140.0,180.0,197.0,214.0,219.0,241.0,267.0,285.0,288.0,312.0,358.0,398.0,501.0,509.0,577.0,580.0,605.0,735.0,741.0,747.0,761.0,770.0,780.0,799.0,803.0,835.0,872.0,883.0,898.0,906.0,926.0,933.0,940.0,974.0,
17.0,23.0,26.0,37.0,57.0,58.0,79.0,102.0,105.0,108.0,117.0,122.0,126.0,139.0,153.0,161.0,192.0,225.0,244.0,261.0,267.0,315.0,330.0,339.0,371.0,387.0,402.0,407.0,459.0,500.0,514.0,549.0,579.0,584.0,644.0,645.0,670.0,747.0,764.0,803.0,830.0,836.0,840.0,848.0,854.0,861.0,878.0,943.0,948.0,
15.0,15.0,36.0,95.0,107.0,116.0,226.0,229.0,249.0,277.0,278.0,284.0,363.0,364.0,395.0,440.0,442.0,479.0,541.0,542.0,566.0,633.0,648.0,722.0,747.0,764.0,784.0,787.0,835.0,840.0,934.0,960.0,981.0,988.0,
34.0,56.0,75.0,127.0,163.0,193.0,198.0,200.0,255.0,287.0,290.0,343.0,354.0,481.0,497.0,498.0,520.0,536.0,571.0,587.0,599.0,599.0,602.0,621.0,648.0,651.0,676.0,676.0,702.0,752.0,788.0,799.0,803.0,821.0,825.0,838.0,842.0,864.0,886.0,907.0,907.0,925.0,
51.0,119.0,144.0,186.0,210.0,212.0,218.0,308.0,312.0,351.0,357.0,412.0,437.0,448.0,455.0,486.0,501.0,514.0,549.0,552.0,562.0,585.0,608.0,627.0,660.0,665.0,689.0,732.0,749.0,790.0,899.0,902.0,909.0,946.0,966.0,978.0,988.0,999.0,
34.0,78.0,103.0,108.0,178.0,180.0,214.0,277.0,287.0,356.0,361.0,376.0,381.0,391.0,393.0,452.0,477.0,499.0,506.0,515.0,548.0,550.0,565.0,567.0,582.0,582.0,603.0,615.0,635.0,638.0,669.0,674.0,679.0,708.0,736.0,742.0,757.0,766.0,794.0,911.0,948.0,
22.0,26.0,43.0,52.0,64.0,309.0,343.0,376.0,397.0,436.0,445.0,452.0,487.0,567.0,568.0,671.0,688.0,694.0,700.0,781.0,816.0,832.0,905.0,906.0,911.0,918.0,922.0,963.0,
10.0,19.0,36.0,63.0,80.0,165.0,225.0,248.0,253.0,299.0,309.0,323.0,345.0,363.0,387.0,391.0,431.0,434.0,462.0,499.0,519.0,582.0,585.0,595.0,615.0,647.0,660.0,670.0,710.0,723.0,737.0,749.0,759.0,824.0,835.0,898.0,925.0,
19.0,46.0,106.0,106.0,112.0,112.0,221.0,259.0,266.0,306.0,355.0,414.0,423.0,493.0,497.0,540.0,569.0,628.0,657.0,660.0,682.0,706.0,740.0,799.0,801.0,803.0,824.0,845.0,893.0,902.0,958.0,998.0,
10.0,37.0,39.0,82.0,104.0,107.0,125.0,145.0,147.0,157.0,160.0,196.0,205.0,334.0,377.0,481.0,482.0,523.0,605.0,608.0,617.0,655.0,722.0,749.0,750.0,786.0,811.0,839.0,868.0,929.0,943.0,964.0,998.0,999.0,
9.0,90.0,141.0,151.0,219.0,251.0,256.0,281.0,294.0,326.0,345.0,392.0,400.0,433.0,438.0,502.0,510.0,520.0,551.0,578.0,596.0,608.0,689.0,695.0,695.0,720.0,753.0,808.0,809.0,812.0,837.0,855.0,906.0,909.0,930.0,935.0,952.0,958.0,
60.0,100.0,102.0,103.0,138.0,171.0,207.0,273.0,273.0,355.0,370.0,403.0,422.0,443.0,450.0,480.0,483.0,494.0,648.0,690.0,720.0,723.0,737.0,745.0,758.0,784.0,810.0,828.0,839.0,881.0,887.0,909.0,
4.0,12.0,87.0,96.0,119.0,187.0,199.0,200.0,242.0,271.0,271.0,279.0,292.0,294.0,324.0,333.0,481.0,530.0,536.0,556.0,565.0,571.0,581.0,582.0,614.0,625.0,627.0,688.0,715.0,751.0,756.0,784.0,841.0,842.0,848.0,884.0,891.0,922.0,929.0,
2.0,8.0,15.0,47.0,91.0,195.0,221.0,230.0,236.0,263.0,268.0,303.0,304.0,321.0,355.0,434.0,455.0,487.0,498.0,534.0,599.0,606.0,627.0,635.0,685.0,711.0,727.0,783.0,806.0,828.0,840.0,847.0,886.0,887.0,904.0,907.0,910.0,976.0,997.0,
30.0,121.0,124.0,140.0,145.0,218.0,221.0,221.0,223.0,232.0,267.0,276.0,289.0,341.0,341.0,375.0,397.0,437.0,516.0,520.0,567.0,582.0,586.0,595.0,708.0,732.0,747.0,760.0,800.0,865.0,965.0,
21.0,58.0,60.0,208.0,215.0,239.0,276.0,278.0,306.0,306.0,366.0,411.0,473.0,497.0,510.0,515.0,527.0,553.0,554.0,559.0,593.0,616.0,628.0,661.0,663.0,679.0,686.0,728.0,736.0,809.0,809.0,853.0,876.0,934.0,940.0,941.0,976.0,988.0,
49.0,61.0,83.0,109.0,113.0,142.0,192.0,280.0,339.0,405.0,428.0,439.0,444.0,519.0,555.0,565.0,608.0,625.0,646.0,647.0,661.0,728.0,749.0,760.0,856.0,896.0,949.0,960.0,970.0,984.0,
30.0,94.0,113.0,125.0,129.0,198.0,272.0,295.0,302.0,390.0,447.0,453.0,468.0,488.0,572.0,588.0,643.0,692.0,763.0,764.0,780.0,818.0,827.0,846.0,856.0,881.0,918.0,939.0,962.0,
19.0,39.0,69.0,93.0,161.0,353.0,376.0,419.0,433.0,461.0,528.0,563.0,571.0,584.0,617.0,660.0,682.0,722.0,746.0,857.0,868.0,883.0,956.0,
48.0,63.0,69.0,118.0,163.0,185.0,204.0,243.0,252.0,271.0,273.0,280.0,338.0,342.0,358.0,418.0,450.0,475.0,496.0,568.0,582.0,590.0,613.0,685.0,706.0,751.0,788.0,805.0,811.0,821.0,850.0,880.0,904.0,909.0,958.0,960.0,
48.0,57.0,76.0,83.0,146.0,218.0,251.0,273.0,389.0,394.0,402.0,405.0,444.0,447.0,463.0,488.0,521.0,523.0,569.0,580.0,616.0,632.0,647.0,707.0,724.0,724.0,726.0,738.0,742.0,743.0,759.0,776.0,801.0,816.0,869.0,925.0,930.0,955.0,958.0,966.0,983.0,990.0,
29.0,59.0,61.0,102.0,141.0,172.0,204.0,207.0,253.0,259.0,319.0,326.0,365.0,368.0,372.0,443.0,471.0,478.0,520.0,573.0,584.0,610.0,633.0,642.0,679.0,730.0,824.0,833.0,859.0,872.0,942.0,997.0,
