11.0,49.0,74.0,114.0,168.0,216.0,228.0,243.0,260.0,321.0,366.0,442.0,471.0,539.0,615.0,665.0,731.0,741.0,752.0,756.0,757.0,762.0,773.0,775.0,819.0,821.0,841.0,871.0,878.0,944.0,999.0,
12.0,27.0,32.0,42.0,79.0,85.0,133.0,163.0,246.0,366.0,411.0,414.0,415.0,420.0,468.0,495.0,509.0,564.0,617.0,672.0,686.0,724.0,729.0,783.0,834.0,876.0,887.0,890.0,893.0,906.0,961.0,970.0,976.0,995.0,
55.0,60.0,65.0,71.0,76.0,121.0,121.0,140.0,189.0,217.0,222.0,224.0,306.0,329.0,346.0,363.0,372.0,408.0,433.0,522.0,557.0,569.0,580.0,655.0,679.0,732.0,757.0,764.0,773.0,789.0,802.0,839.0,858.0,893.0,894.0,912.0,914.0,922.0,923.0,924.0,933.0,949.0,989.0,
3.0,44.0,68.0,116.0,151.0,195.0,220.0,260.0,298.0,348.0,380.0,389.0,398.0,408.0,416.0,470.0,473.0,475.0,515.0,542.0,565.0,573.0,635.0,658.0,672.0,673.0,702.0,794.0,820.0,839.0,846.0,866.0,868.0,872.0,875.0,885.0,900.0,939.0,986.0,
94.0,114.0,180.0,180.0,185.0,191.0,200.0,204.0,228.0,262.0,280.0,289.0,305.0,390.0,401.0,402.0,414.0,417.0,430.0,462.0,502.0,507.0,509.0,520.0,522.0,573.0,607.0,669.0,682.0,730.0,735.0,754.0,755.0,872.0,895.0,912.0,960.0,964.0,974.0,997.0,
25.0,33.0,89.0,190.0,190.0,193.0,241.0,306.0,315.0,349.0,378.0,399.0,470.0,532.0,534.0,554.0,600.0,722.0,727.0,759.0,761.0,778.0,794.0,806.0,826.0,829.0,831.0,851.0,903.0,906.0,916.0,959.0,986.0,
42.0,42.0,104.0,125.0,231.0,243.0,308.0,322.0,336.0,369.0,374.0,381.0,432.0,440.0,441.0,447.0,452.0,472.0,486.0,490.0,495.0,511.0,524.0,539.0,600.0,723.0,732.0,764.0,786.0,860.0,884.0,931.0,954.0,967.0,
5.0,6.0,20.0,102.0,106.0,182.0,237.0,249.0,297.0,298.0,399.0,400.0,417.0,419.0,426.0,479.0,586.0,588.0,616.0,632.0,633.0,674.0,752.0,767.0,782.0,786.0,847.0,872.0,884.0,889.0,899.0,945.0,961.0,989.0,994.0,999.0,
39.0,44.0,111.0,117.0,148.0,206.0,218.0,239.0,341.0,412.0,425.0,442.0,457.0,533.0,544.0,549.0,552.0,569.0,599.0,610.0,660.0,687.0,690.0,719.0,724.0,738.0,776.0,807.0,815.0,826.0,881.0,906.0,909.0,933.0,937.0,991.0,
9.0,29.0,43.0,68.0,89.0,127.0,236.0,285.0,313.0,321.0,327.0,335.0,478.0,486.0,498.0,531.0,597.0,600.0,658.0,739.0,829.0,831.0,858.0,887.0,931.0,950.0,
3.0,100.0,131.0,140.0,144.0,177.0,204.0,224.0,239.0,273.0,282.0,375.0,408.0,416.0,416.0,418.0,423.0,427.0,437.0,466.0,480.0,501.0,504.0,525.0,550.0,557.0,586.0,594.0,601.0,621.0,629.0,629.0,670.0,704.0,781.0,781.0,786.0,804.0,831.0,850.0,860.0,894.0,902.0,936.0,
61.0,118.0,120.0,128.0,132.0,158.0,179.0,186.0,209.0,281.0,411.0,463.0,484.0,523.0,544.0,611.0,615.0,638.0,658.0,693.0,743.0,783.0,785.0,790.0,857.0,945.0,975.0,
27.0,31.0,40.0,78.0,78.0,89.0,96.0,182.0,200.0,205.0,231.0,243.0,255.0,285.0,295.0,305.0,348.0,349.0,350.0,358.0,376.0,427.0,436.0,468.0,471.0,500.0,548.0,599.0,601.0,625.0,657.0,707.0,712.0,732.0,739.0,783.0,803.0,839.0,854.0,882.0,927.0,927.0,936.0,997.0,
49.0,52.0,54.0,102.0,138.0,217.0,237.0,279.0,288.0,295.0,318.0,384.0,411.0,424.0,431.0,450.0,504.0,525.0,535.0,536.0,586.0,604.0,616.0,641.0,671.0,674.0,723.0,799.0,818.0,828.0,831.0,840.0,855.0,965.0,974.0,986.0,990.0,
25.0,28.0,40.0,60.0,96.0,146.0,157.0,159.0,176.0,212.0,219.0,224.0,238.0,249.0,292.0,339.0,347.0,349.0,382.0,383.0,440.0,520.0,557.0,581.0,641.0,642.0,664.0,695.0,710.0,735.0,736.0,775.0,822.0,916.0,924.0,962.0,964.0,964.0,
41.0,57.0,78.0,94.0,194.0,262.0,277.0,371.0,379.0,394.0,405.0,411.0,421.0,431.0,500.0,526.0,598.0,603.0,612.0,618.0,622.0,631.0,651.0,757.0,806.0,807.0,818.0,834.0,838.0,879.0,882.0,927.0,953.0,976.0,981.0,987.0,993.0,
2.0,28.0,28.0,34.0,78.0,106.0,134.0,154.0,172.0,180.0,181.0,223.0,250.0,254.0,268.0,310.0,332.0,417.0,454.0,482.0,492.0,498.0,515.0,517.0,564.0,564.0,580.0,599.0,676.0,689.0,693.0,697.0,730.0,754.0,782.0,792.0,795.0,811.0,928.0,932.0,953.0,991.0,
58.0,62.0,164.0,175.0,207.0,246.0,272.0,284.0,287.0,301.0,318.0,337.0,356.0,403.0,452.0,506.0,514.0,539.0,555.0,564.0,604.0,606.0,606.0,607.0,652.0,654.0,675.0,701.0,718.0,723.0,748.0,778.0,818.0,820.0,828.0,845.0,849.0,996.0,
4.0,15.0,225.0,246.0,249.0,259.0,314.0,333.0,341.0,355.0,446.0,490.0,538.0,542.0,554.0,555.0,559.0,572.0,666.0,760.0,761.0,764.0,778.0,785.0,796.0,796.0,801.0,835.0,837.0,847.0,852.0,868.0,886.0,889.0,898.0,922.0,926.0,937.0,947.0,977.0,978.0,989.0,
11.0,144.0,209.0,215.0,248.0,252.0,269.0,306.0,311.0,316.0,328.0,336.0,351.0,394.0,430.0,499.0,513.0,533.0,541.0,549.0,620.0,671.0,725.0,812.0,826.0,848.0,862.0,875.0,902.0,944.0,958.0,978.0,978.0,
12.0,36.0,45.0,46.0,78.0,105.0,152.0,171.0,208.0,241.0,289.0,296.0,326.0,386.0,474.0,488.0,519.0,630.0,698.0,711.0,736.0,737.0,749.0,756.0,757.0,821.0,830.0,855.0,900.0,909.0,933.0,938.0,984.0,1000.0,
15.0,49.0,63.0,97.0,103.0,105.0,116.0,150.0,198.0,239.0,240.0,316.0,342.0,374.0,394.0,420.0,422.0,427.0,451.0,508.0,523.0,565.0,567.0,615.0,656.0,665.0,681.0,686.0,697.0,728.0,740.0,747.0,777.0,847.0,887.0,897.0,923.0,970.0,982.0,
38.0,68.0,101.0,117.0,163.0,198.0,222.0,276.0,319.0,342.0,361.0,378.0,417.0,432.0,473.0,520.0,668.0,677.0,734.0,748.0,789.0,795.0,806.0,813.0,817.0,829.0,836.0,841.0,845.0,855.0,865.0,878.0,882.0,931.0,951.0,963.0,979.0,998.0,
65.0,83.0,88.0,111.0,121.0,139.0,190.0,204.0,209.0,214.0,218.0,224.0,327.0,332.0,358.0,379.0,417.0,426.0,468.0,486.0,494.0,521.0,528.0,528.0,554.0,559.0,589.0,645.0,649.0,654.0,672.0,739.0,755.0,756.0,788.0,792.0,849.0,908.0,966.0,
28.0,87.0,145.0,184.0,198.0,233.0,240.0,280.0,286.0,297.0,300.0,353.0,418.0,431.0,450.0,471.0,511.0,520.0,533.0,620.0,647.0,649.0,691.0,717.0,735.0,765.0,782.0,804.0,817.0,925.0,936.0,
18.0,32.0,34.0,45.0,54.0,70.0,79.0,82.0,84.0,154.0,180.0,220.0,312.0,383.0,416.0,420.0,437.0,501.0,530.0,539.0,581.0,632.0,673.0,675.0,693.0,739.0,756.0,776.0,863.0,870.0,872.0,879.0,
28.0,32.0,34.0,94.0,161.0,204.0,210.0,286.0,342.0,360.0,365.0,373.0,376.0,405.0,413.0,436.0,436.0,443.0,460.0,463.0,479.0,505.0,565.0,572.0,579.0,586.0,594.0,595.0,606.0,627.0,659.0,670.0,702.0,707.0,727.0,752.0,754.0,756.0,844.0,922.0,933.0,947.0,970.0,979.0,981.0,984.0,987.0,991.0,
13.0,86.0,128.0,132.0,156.0,160.0,262.0,279.0,304.0,409.0,442.0,462.0,491.0,503.0,508.0,510.0,525.0,570.0,597.0,606.0,618.0,666.0,685.0,698.0,711.0,802.0,805.0,807.0,890.0,930.0,944.0,
8.0,49.0,60.0,63.0,69.0,81.0,84.0,138.0,146.0,165.0,189.0,253.0,254.0,289.0,382.0,384.0,423.0,425.0,456.0,481.0,486.0,488.0,489.0,493.0,512.0,570.0,573.0,586.0,603.0,614.0,614.0,683.0,685.0,750.0,760.0,825.0,920.0,923.0,933.0,972.0,988.0,
57.0,113.0,162.0,168.0,170.0,175.0,182.0,190.0,193.0,201.0,219.0,223.0,248.0,251.0,279.0,279.0,296.0,302.0,342.0,349.0,373.0,395.0,399.0,411.0,434.0,442.0,516.0,520.0,549.0,554.0,559.0,567.0,674.0,681.0,711.0,788.0,823.0,857.0,885.0,889.0,973.0,986.0,996.0,
27.0,94.0,107.0,123.0,140.0,154.0,171.0,203.0,213.0,334.0,337.0,349.0,373.0,381.0,467.0,492.0,500.0,504.0,511.0,526.0,589.0,607.0,620.0,726.0,768.0,788.0,812.0,828.0,838.0,858.0,875.0,981.0,
61.0,91.0,96.0,127.0,177.0,191.0,191.0,247.0,267.0,272.0,290.0,314.0,349.0,354.0,402.0,423.0,427.0,458.0,511.0,534.0,547.0,557.0,563.0,565.0,576.0,649.0,665.0,670.0,697.0,781.0,781.0,810.0,822.0,877.0,922.0,
32.0,37.0,38.0,68.0,68.0,69.0,104.0,119.0,146.0,164.0,194.0,241.0,258.0,286.0,313.0,367.0,370.0,393.0,428.0,440.0,440.0,447.0,453.0,465.0,529.0,537.0,560.0,600.0,620.0,630.0,636.0,697.0,739.0,749.0,773.0,807.0,807.0,881.0,900.0,915.0,918.0,925.0,940.0,967.0,972.0,989.0,
16.0,32.0,84.0,159.0,179.0,236.0,256.0,295.0,310.0,374.0,458.0,487.0,519.0,560.0,576.0,650.0,687.0,721.0,746.0,779.0,803.0,807.0,808.0,882.0,916.0,946.0,985.0,
2.0,13.0,75.0,143.0,156.0,192.0,224.0,258.0,258.0,270.0,273.0,354.0,398.0,433.0,446.0,449.0,455.0,530.0,552.0,587.0,626.0,670.0,677.0,722.0,738.0,779.0,809.0,852.0,865.0,890.0,926.0,937.0,940.0,967.0,
7.0,36.0,53.0,68.0,69.0,89.0,127.0,258.0,264.0,299.0,314.0,339.0,350.0,383.0,400.0,405.0,435.0,451.0,462.0,467.0,513.0,514.0,517.0,518.0,545.0,572.0,592.0,619.0,627.0,630.0,649.0,670.0,730.0,734.0,735.0,742.0,756.0,815.0,832.0,843.0,862.0,891.0,895.0,921.0,933.0,945.0,956.0,991.0,
37.0,55.0,154.0,178.0,224.0,243.0,255.0,262.0,263.0,305.0,327.0,450.0,463.0,476.0,482.0,488.0,517.0,519.0,551.0,580.0,601.0,646.0,655.0,676.0,727.0,733.0,734.0,815.0,844.0,866.0,869.0,892.0,923.0,949.0,961.0,993.0,
9.0,60.0,61.0,73.0,75.0,87.0,117.0,123.0,142.0,143.0,174.0,240.0,289.0,295.0,329.0,367.0,387.0,430.0,463.0,521.0,725.0,861.0,869.0,870.0,912.0,916.0,977.0,980.0,982.0,985.0,988.0,993.0,994.0,
32.0,47.0,60.0,63.0,82.0,111.0,118.0,180.0,181.0,185.0,227.0,239.0,272.0,291.0,304.0,320.0,331.0,386.0,448.0,449.0,497.0,508.0,511.0,528.0,532.0,581.0,587.0,606.0,613.0,702.0,732.0,783.0,809.0,825.0,865.0,871.0,905.0,932.0,990.0,
22.0,48.0,86.0,87.0,87.0,110.0,175.0,222.0,222.0,242.0,245.0,315.0,345.0,411.0,473.0,546.0,614.0,621.0,625.0,652.0,679.0,732.0,776.0,831.0,915.0,934.0,972.0,980.0,985.0,
48.0,102.0,126.0,142.0,145.0,149.0,154.0,155.0,174.0,182.0,187.0,225.0,279.0,308.0,309.0,335.0,351.0,361.0,361.0,472.0,488.0,494.0,512.0,520.0,530.0,536.0,543.0,561.0,622.0,634.0,651.0,666.0,681.0,700.0,751.0,810.0,811.0,866.0,902.0,929.0,
22.0,82.0,117.0,133.0,160.0,191.0,207.0,255.0,311.0,312.0,348.0,364.0,385.0,386.0,424.0,447.0,459.0,488.0,493.0,503.0,507.0,536.0,566.0,578.0,588.0,602.0,624.0,626.0,631.0,659.0,729.0,762.0,775.0,781.0,813.0,837.0,860.0,861.0,888.0,914.0,928.0,934.0,957.0,997.0,
47.0,129.0,211.0,216.0,247.0,250.0,279.0,312.0,325.0,334.0,385.0,477.0,500.0,544.0,566.0,604.0,612.0,650.0,661.0,667.0,681.0,684.0,758.0,760.0,791.0,807.0,833.0,888.0,979.0,995.0,
9.0,30.0,113.0,125.0,146.0,178.0,205.0,227.0,266.0,283.0,383.0,403.0,486.0,487.0,517.0,532.0,556.0,572.0,590.0,653.0,668.0,691.0,713.0,729.0,787.0,798.0,857.0,940.0,989.0,
3.0,34.0,56.0,60.0,78.0,106.0,119.0,147.0,202.0,213.0,270.0,280.0,299.0,306.0,332.0,385.0,401.0,413.0,471.0,525.0,537.0,595.0,599.0,670.0,703.0,722.0,727.0,732.0,738.0,778.0,947.0,
27.0,37.0,58.0,63.0,95.0,102.0,118.0,139.0,190.0,209.0,334.0,346.0,359.0,362.0,371.0,385.0,420.0,452.0,493.0,498.0,512.0,587.0,598.0,643.0,661.0,664.0,672.0,684.0,705.0,722.0,747.0,810.0,845.0,874.0,897.0,922.0,924.0,955.0,956.0,979.0,988.0,
9.0,34.0,87.0,103.0,125.0,129.0,137.0,159.0,204.0,205.0,224.0,244.0,308.0,322.0,340.0,351.0,381.0,386.0,419.0,450.0,479.0,480.0,526.0,537.0,543.0,545.0,578.0,611.0,657.0,668.0,699.0,713.0,819.0,854.0,904.0,978.0,
20.0,33.0,54.0,99.0,145.0,154.0,223.0,244.0,246.0,311.0,312.0,336.0,352.0,377.0,390.0,428.0,461.0,463.0,468.0,472.0,522.0,526.0,536.0,569.0,579.0,580.0,607.0,676.0,682.0,695.0,721.0,745.0,764.0,774.0,792.0,793.0,843.0,918.0,927.0,933.0,960.0,992.0,
11.0,34.0,73.0,100.0,125.0,126.0,149.0,153.0,157.0,163.0,166.0,180.0,208.0,258.0,298.0,329.0,333.0,335.0,359.0,373.0,429.0,462.0,463.0,491.0,493.0,543.0,560.0,574.0,587.0,598.0,627.0,630.0,656.0,708.0,738.0,739.0,768.0,775.0,839.0,861.0,882.0,899.0,982.0,
30.0,62.0,63.0,97.0,98.0,113.0,129.0,156.0,156.0,183.0,209.0,216.0,218.0,251.0,262.0,299.0,314.0,345.0,465.0,479.0,513.0,521.0,583.0,595.0,640.0,655.0,772.0,774.0,781.0,819.0,822.0,836.0,872.0,887.0,915.0,919.0,930.0,944.0,969.0,972.0,
45.0,79.0,206.0,257.0,257.0,279.0,289.0,306.0,327.0,327.0,337.0,354.0,359.0,372.0,400.0,425.0,444.0,494.0,531.0,539.0,543.0,632.0,643.0,661.0,741.0,763.0,775.0,786.0,797.0,853.0,929.0,986.0,
8.0,50.0,156.0,195.0,198.0,231.0,310.0,311.0,388.0,450.0,502.0,565.0,584.0,603.0,635.0,643.0,670.0,678.0,762.0,779.0,851.0,852.0,904.0,906.0,906.0,934.0,936.0,944.0,955.0,983.0,
10.0,29.0,32.0,190.0,190.0,199.0,212.0,246.0,246.0,254.0,291.0,327.0,357.0,372.0,385.0,393.0,453.0,478.0,520.0,629.0,668.0,683.0,690.0,753.0,814.0,821.0,855.0,894.0,899.0,909.0,935.0,999.0,
7.0,12.0,20.0,26.0,36.0,75.0,84.0,96.0,123.0,137.0,157.0,158.0,310.0,337.0,351.0,367.0,396.0,434.0,435.0,450.0,461.0,507.0,524.0,562.0,588.0,612.0,628.0,648.0,691.0,738.0,739.0,764.0,776.0,784.0,805.0,825.0,854.0,860.0,864.0,876.0,924.0,937.0,963.0,973.0,982.0,
7.0,35.0,42.0,43.0,44.0,72.0,77.0,81.0,117.0,191.0,207.0,218.0,222.0,232.0,263.0,306.0,318.0,413.0,476.0,520.0,631.0,759.0,762.0,767.0,771.0,806.0,813.0,818.0,838.0,872.0,920.0,946.0,948.0,955.0,
7.0,25.0,54.0,143.0,148.0,186.0,213.0,221.0,260.0,311.0,370.0,371.0,377.0,394.0,492.0,508.0,533.0,542.0,542.0,546.0,581.0,601.0,646.0,706.0,717.0,725.0,748.0,772.0,779.0,803.0,834.0,891.0,934.0,946.0,958.0,
63.0,92.0,173.0,189.0,229.0,283.0,288.0,292.0,308.0,362.0,367.0,411.0,412.0,425.0,453.0,462.0,485.0,487.0,513.0,517.0,517.0,534.0,554.0,570.0,612.0,651.0,651.0,700.0,744.0,746.0,798.0,876.0,877.0,897.0,914.0,915.0,941.0,960.0,966.0,
37.0,99.0,112.0,156.0,160.0,165.0,200.0,213.0,239.0,302.0,316.0,330.0,374.0,422.0,490.0,518.0,588.0,588.0,594.0,644.0,692.0,750.0,787.0,811.0,825.0,910.0,961.0,982.0,
34.0,115.0,117.0,132.0,145.0,157.0,184.0,192.0,348.0,391.0,400.0,416.0,441.0,465.0,486.0,550.0,584.0,607.0,652.0,658.0,682.0,725.0,761.0,967.0,982.0,
3.0,20.0,31.0,51.0,106.0,108.0,109.0,112.0,119.0,166.0,194.0,244.0,248.0,254.0,268.0,286.0,302.0,327.0,382.0,460.0,502.0,523.0,549.0,552.0,575.0,609.0,616.0,637.0,664.0,693.0,695.0,786.0,886.0,908.0,941.0,947.0,981.0,985.0,
26.0,45.0,77.0,143.0,167.0,172.0,173.0,179.0,190.0,198.0,216.0,230.0,239.0,267.0,282.0,393.0,394.0,439.0,444.0,484.0,516.0,530.0,534.0,572.0,609.0,645.0,695.0,754.0,801.0,833.0,840.0,898.0,915.0,940.0,950.0,960.0,977.0,
21.0,34.0,44.0,44.0,54.0,91.0,99.0,116.0,160.0,215.0,233.0,240.0,254.0,293.0,295.0,398.0,399.0,405.0,422.0,424.0,439.0,439.0,458.0,480.0,484.0,509.0,510.0,550.0,550.0,648.0,672.0,673.0,706.0,728.0,742.0,757.0,759.0,779.0,804.0,865.0,884.0,957.0,995.0,
56.0,79.0,89.0,94.0,98.0,117.0,127.0,145.0,150.0,155.0,184.0,186.0,187.0,254.0,262.0,294.0,311.0,365.0,385.0,414.0,422.0,432.0,443.0,479.0,503.0,506.0,521.0,526.0,554.0,562.0,571.0,575.0,578.0,595.0,618.0,621.0,632.0,684.0,721.0,754.0,755.0,756.0,784.0,791.0,859.0,883.0,888.0,904.0,904.0,908.0,921.0,930.0,939.0,943.0,994.0,
19.0,29.0,37.0,86.0,106.0,152.0,202.0,228.0,258.0,326.0,340.0,379.0,433.0,439.0,459.0,461.0,482.0,551.0,569.0,629.0,640.0,677.0,679.0,748.0,802.0,820.0,824.0,834.0,882.0,886.0,905.0,912.0,915.0,970.0,992.0,
6.0,44.0,56.0,74.0,77.0,109.0,167.0,197.0,200.0,205.0,212.0,217.0,344.0,414.0,458.0,469.0,552.0,570.0,603.0,609.0,682.0,688.0,739.0,763.0,776.0,805.0,815.0,874.0,880.0,901.0,
65.0,226.0,226.0,284.0,302.0,306.0,312.0,347.0,349.0,366.0,379.0,420.0,427.0,446.0,460.0,506.0,570.0,578.0,593.0,641.0,659.0,679.0,752.0,765.0,776.0,788.0,888.0,888.0,895.0,904.0,924.0,973.0,988.0,
5.0,45.0,89.0,146.0,170.0,180.0,210.0,240.0,250.0,255.0,259.0,280.0,294.0,305.0,324.0,351.0,367.0,379.0,415.0,428.0,434.0,444.0,455.0,481.0,510.0,554.0,619.0,689.0,713.0,739.0,763.0,801.0,861.0,897.0,950.0,973.0,
42.0,76.0,83.0,97.0,119.0,186.0,187.0,192.0,251.0,286.0,288.0,350.0,413.0,427.0,439.0,469.0,475.0,497.0,556.0,567.0,598.0,600.0,613.0,643.0,653.0,669.0,683.0,696.0,697.0,719.0,748.0,778.0,802.0,805.0,813.0,834.0,880.0,884.0,926.0,927.0,962.0,
118.0,128.0,172.0,226.0,248.0,270.0,300.0,322.0,333.0,341.0,349.0,432.0,481.0,588.0,652.0,696.0,707.0,735.0,754.0,854.0,864.0,929.0,956.0,
5.0,105.0,120.0,123.0,149.0,187.0,197.0,223.0,245.0,246.0,282.0,308.0,337.0,442.0,453.0,465.0,503.0,553.0,574.0,580.0,590.0,596.0,617.0,658.0,670.0,674.0,675.0,688.0,725.0,823.0,828.0,836.0,842.0,944.0,953.0,960.0,995.0,
24.0,63.0,90.0,130.0,141.0,149.0,161.0,269.0,274.0,286.0,289.0,461.0,464.0,470.0,478.0,486.0,488.0,502.0,546.0,667.0,736.0,746.0,780.0,879.0,915.0,923.0,998.0,
12.0,17.0,31.0,61.0,85.0,93.0,113.0,127.0,320.0,321.0,340.0,366.0,369.0,426.0,429.0,458.0,484.0,539.0,541.0,558.0,586.0,592.0,619.0,634.0,646.0,680.0,709.0,742.0,848.0,863.0,887.0,897.0,916.0,959.0,976.0,976.0,989.0,996.0,998.0,
10.0,24.0,59.0,64.0,125.0,158.0,160.0,163.0,176.0,205.0,208.0,208.0,277.0,281.0,356.0,399.0,406.0,421.0,444.0,465.0,473.0,482.0,596.0,619.0,636.0,648.0,651.0,653.0,660.0,669.0,678.0,684.0,695.0,724.0,734.0,778.0,818.0,822.0,827.0,844.0,857.0,875.0,901.0,917.0,953.0,
25.0,57.0,83.0,91.0,143.0,208.0,220.0,249.0,253.0,287.0,337.0,338.0,339.0,355.0,356.0,383.0,387.0,412.0,416.0,444.0,488.0,562.0,587.0,604.0,662.0,738.0,822.0,834.0,845.0,856.0,863.0,866.0,873.0,884.0,895.0,918.0,933.0,988.0,
7.0,106.0,243.0,258.0,320.0,394.0,428.0,453.0,484.0,488.0,508.0,521.0,528.0,544.0,573.0,600.0,629.0,649.0,685.0,693.0,724.0,753.0,763.0,794.0,805.0,856.0,873.0,896.0,927.0,982.0,992.0,
21.0,65.0,75.0,111.0,131.0,138.0,164.0,174.0,176.0,183.0,199.0,232.0,271.0,391.0,393.0,411.0,493.0,506.0,529.0,557.0,606.0,617.0,622.0,636.0,638.0,643.0,664.0,740.0,781.0,793.0,809.0,841.0,931.0,934.0,938.0,976.0,
27.0,73.0,113.0,121.0,178.0,191.0,197.0,201.0,227.0,229.0,239.0,268.0,269.0,270.0,314.0,436.0,459.0,517.0,519.0,525.0,550.0,578.0,640.0,656.0,669.0,683.0,692.0,704.0,729.0,748.0,794.0,799.0,803.0,805.0,806.0,818.0,833.0,836.0,861.0,937.0,967.0,
47.0,77.0,108.0,126.0,146.0,278.0,313.0,357.0,370.0,388.0,422.0,449.0,454.0,474.0,499.0,589.0,613.0,623.0,669.0,674.0,750.0,751.0,797.0,798.0,847.0,852.0,855.0,861.0,884.0,912.0,919.0,985.0,
62.0,250.0,324.0,337.0,404.0,412.0,416.0,490.0,521.0,550.0,573.0,624.0,672.0,697.0,709.0,713.0,741.0,745.0,785.0,829.0,853.0,887.0,901.0,925.0,936.0,948.0,964.0,
18.0,49.0,72.0,100.0,163.0,173.0,268.0,293.0,298.0,310.0,318.0,325.0,337.0,351.0,416.0,459.0,472.0,489.0,489.0,508.0,511.0,590.0,625.0,636.0,649.0,676.0,808.0,834.0,877.0,878.0,890.0,897.0,904.0,910.0,916.0,943.0,973.0,996.0,
24.0,24.0,77.0,87.0,108.0,119.0,126.0,170.0,211.0,282.0,287.0,327.0,334.0,390.0,407.0,425.0,426.0,471.0,541.0,565.0,585.0,593.0,607.0,617.0,620.0,639.0,640.0,657.0,703.0,712.0,729.0,771.0,776.0,780.0,782.0,849.0,860.0,891.0,952.0,
34.0,103.0,129.0,163.0,170.0,196.0,228.0,249.0,252.0,339.0,353.0,360.0,377.0,410.0,438.0,481.0,507.0,516.0,521.0,557.0,578.0,614.0,631.0,644.0,781.0,781.0,785.0,792.0,800.0,814.0,814.0,881.0,967.0,984.0,992.0,
64.0,134.0,181.0,227.0,265.0,267.0,281.0,291.0,303.0,330.0,343.0,382.0,388.0,417.0,420.0,447.0,448.0,457.0,477.0,493.0,508.0,510.0,514.0,520.0,541.0,547.0,549.0,573.0,602.0,624.0,666.0,716.0,732.0,764.0,765.0,792.0,805.0,810.0,829.0,865.0,896.0,943.0,972.0,978.0,982.0,
13.0,44.0,69.0,118.0,170.0,182.0,191.0,225.0,283.0,300.0,302.0,316.0,358.0,364.0,407.0,437.0,447.0,450.0,494.0,544.0,592.0,600.0,679.0,693.0,730.0,743.0,764.0,768.0,772.0,782.0,845.0,884.0,894.0,909.0,935.0,936.0,946.0,
14.0,27.0,48.0,72.0,86.0,124.0,147.0,166.0,184.0,248.0,324.0,328.0,346.0,352.0,356.0,365.0,383.0,413.0,427.0,437.0,483.0,496.0,528.0,542.0,556.0,559.0,577.0,593.0,631.0,647.0,678.0,691.0,778.0,793.0,831.0,839.0,842.0,852.0,871.0,886.0,913.0,929.0,987.0,996.0,
9.0,18.0,28.0,33.0,63.0,101.0,157.0,164.0,168.0,197.0,256.0,284.0,289.0,294.0,327.0,331.0,334.0,354.0,354.0,366.0,392.0,447.0,458.0,536.0,554.0,581.0,612.0,650.0,672.0,718.0,723.0,738.0,742.0,772.0,798.0,807.0,830.0,845.0,858.0,906.0,995.0,999.0,
40.0,64.0,86.0,160.0,169.0,190.0,204.0,214.0,247.0,265.0,278.0,285.0,286.0,312.0,315.0,358.0,429.0,431.0,529.0,569.0,590.0,595.0,660.0,674.0,678.0,747.0,801.0,833.0,868.0,873.0,963.0,977.0,987.0,997.0,
27.0,84.0,98.0,128.0,140.0,160.0,279.0,292.0,333.0,347.0,371.0,385.0,401.0,416.0,421.0,450.0,464.0,474.0,475.0,483.0,494.0,510.0,515.0,529.0,558.0,565.0,594.0,655.0,669.0,708.0,711.0,726.0,735.0,745.0,830.0,845.0,850.0,861.0,886.0,916.0,918.0,928.0,940.0,954.0,968.0,
23.0,27.0,56.0,70.0,75.0,151.0,158.0,162.0,209.0,254.0,265.0,301.0,313.0,341.0,351.0,360.0,383.0,388.0,403.0,451.0,458.0,458.0,487.0,513.0,544.0,544.0,546.0,577.0,582.0,604.0,712.0,749.0,759.0,778.0,801.0,902.0,904.0,928.0,948.0,957.0,961.0,969.0,988.0,988.0,
6.0,82.0,110.0,226.0,357.0,373.0,408.0,470.0,480.0,523.0,550.0,551.0,572.0,576.0,579.0,588.0,592.0,602.0,724.0,733.0,753.0,769.0,810.0,834.0,868.0,930.0,
66.0,69.0,119.0,120.0,146.0,169.0,190.0,193.0,197.0,200.0,210.0,246.0,370.0,406.0,430.0,431.0,444.0,468.0,470.0,489.0,492.0,524.0,535.0,553.0,586.0,600.0,615.0,616.0,626.0,631.0,674.0,703.0,736.0,738.0,747.0,772.0,803.0,854.0,869.0,922.0,935.0,942.0,
5.0,39.0,48.0,121.0,132.0,169.0,175.0,231.0,234.0,254.0,258.0,278.0,297.0,308.0,352.0,358.0,376.0,464.0,466.0,532.0,535.0,541.0,586.0,682.0,715.0,744.0,749.0,759.0,822.0,841.0,854.0,922.0,953.0,959.0,
4.0,7.0,36.0,118.0,147.0,160.0,171.0,178.0,183.0,186.0,192.0,224.0,241.0,242.0,246.0,271.0,357.0,375.0,452.0,508.0,513.0,522.0,577.0,613.0,633.0,641.0,685.0,750.0,793.0,874.0,884.0,916.0,968.0,981.0,984.0,
4.0,10.0,24.0,85.0,101.0,237.0,245.0,266.0,268.0,273.0,288.0,306.0,331.0,345.0,442.0,582.0,596.0,597.0,612.0,640.0,644.0,654.0,668.0,685.0,764.0,811.0,832.0,849.0,851.0,854.0,877.0,917.0,921.0,932.0,935.0,950.0,950.0,951.0,
48.0,106.0,139.0,159.0,203.0,235.0,328.0,379.0,398.0,407.0,469.0,469.0,474.0,503.0,507.0,575.0,598.0,608.0,609.0,642.0,647.0,680.0,688.0,688.0,698.0,750.0,804.0,810.0,850.0,940.0,945.0,957.0,957.0,961.0,968.0,
13.0,101.0,116.0,122.0,157.0,161.0,210.0,221.0,223.0,258.0,276.0,316.0,333.0,337.0,358.0,389.0,406.0,419.0,468.0,549.0,566.0,615.0,620.0,686.0,695.0,700.0,718.0,770.0,851.0,870.0,891.0,938.0,952.0,
50.0,50.0,62.0,87.0,297.0,317.0,321.0,333.0,368.0,420.0,480.0,503.0,529.0,534.0,537.0,545.0,612.0,624.0,656.0,680.0,725.0,740.0,746.0,752.0,755.0,855.0,910.0,955.0,1000.0,
16.0,18.0,25.0,90.0,97.0,126.0,201.0,205.0,215.0,260.0,285.0,301.0,328.0,342.0,360.0,363.0,364.0,392.0,414.0,415.0,460.0,495.0,539.0,559.0,568.0,590.0,590.0,598.0,598.0,618.0,627.0,669.0,713.0,718.0,763.0,765.0,770.0,795.0,806.0,848.0,865.0,920.0,968.0,973.0,
31.0,55.0,62.0,140.0,154.0,161.0,208.0,234.0,260.0,266.0,288.0,292.0,333.0,341.0,349.0,364.0,369.0,412.0,446.0,462.0,480.0,500.0,526.0,569.0,602.0,659.0,672.0,704.0,710.0,725.0,895.0,951.0,971.0,976.0,999.0,
14.0,30.0,36.0,59.0,66.0,86.0,139.0,164.0,179.0,207.0,216.0,240.0,283.0,294.0,311.0,311.0,321.0,348.0,409.0,437.0,465.0,467.0,473.0,477.0,481.0,490.0,508.0,520.0,544.0,588.0,611.0,614.0,620.0,675.0,703.0,710.0,715.0,728.0,808.0,811.0,822.0,824.0,836.0,856.0,881.0,884.0,891.0,901.0,935.0,
