10.0,26.0,28.0,40.0,73.0,115.0,137.0,163.0,174.0,223.0,227.0,282.0,294.0,299.0,335.0,356.0,364.0,373.0,396.0,405.0,441.0,459.0,494.0,525.0,533.0,541.0,580.0,644.0,653.0,660.0,747.0,790.0,810.0,818.0,825.0,826.0,892.0,913.0,965.0,974.0,992.0,995.0,
14.0,17.0,39.0,48.0,105.0,115.0,125.0,166.0,175.0,264.0,270.0,275.0,356.0,409.0,452.0,482.0,502.0,541.0,550.0,597.0,602.0,639.0,654.0,665.0,703.0,741.0,791.0,804.0,810.0,820.0,832.0,841.0,863.0,920.0,927.0,986.0,
34.0,153.0,159.0,174.0,185.0,255.0,288.0,291.0,332.0,369.0,389.0,425.0,447.0,464.0,504.0,510.0,556.0,571.0,572.0,608.0,624.0,650.0,660.0,660.0,694.0,701.0,815.0,820.0,883.0,886.0,915.0,922.0,941.0,985.0,994.0,
80.0,96.0,147.0,165.0,195.0,253.0,255.0,258.0,269.0,298.0,323.0,380.0,436.0,462.0,491.0,505.0,505.0,732.0,751.0,785.0,795.0,798.0,817.0,977.0,978.0,
51.0,146.0,188.0,194.0,218.0,232.0,272.0,274.0,293.0,317.0,330.0,385.0,425.0,440.0,445.0,509.0,530.0,532.0,570.0,617.0,637.0,667.0,690.0,705.0,710.0,718.0,768.0,785.0,837.0,851.0,866.0,878.0,887.0,900.0,
8.0,52.0,79.0,105.0,115.0,219.0,283.0,324.0,325.0,351.0,357.0,365.0,410.0,428.0,432.0,452.0,501.0,538.0,540.0,547.0,550.0,581.0,619.0,638.0,674.0,704.0,718.0,729.0,735.0,751.0,780.0,806.0,823.0,883.0,916.0,920.0,987.0,
42.0,48.0,102.0,107.0,130.0,152.0,198.0,198.0,248.0,268.0,271.0,275.0,302.0,310.0,317.0,318.0,400.0,406.0,442.0,452.0,453.0,512.0,513.0,533.0,538.0,576.0,577.0,592.0,699.0,708.0,722.0,723.0,738.0,754.0,760.0,778.0,791.0,810.0,822.0,827.0,837.0,842.0,894.0,902.0,991.0,
7.0,34.0,47.0,64.0,86.0,112.0,164.0,164.0,199.0,289.0,362.0,387.0,392.0,460.0,494.0,549.0,552.0,558.0,577.0,577.0,690.0,702.0,797.0,846.0,890.0,896.0,944.0,953.0,972.0,
38.0,97.0,145.0,148.0,167.0,185.0,234.0,236.0,236.0,237.0,281.0,291.0,309.0,332.0,346.0,371.0,381.0,382.0,392.0,418.0,425.0,441.0,445.0,446.0,525.0,561.0,578.0,642.0,713.0,737.0,843.0,854.0,887.0,912.0,919.0,968.0,
12.0,30.0,80.0,157.0,197.0,256.0,328.0,350.0,409.0,447.0,447.0,503.0,533.0,535.0,540.0,543.0,559.0,625.0,629.0,708.0,889.0,920.0,923.0,
7.0,14.0,43.0,66.0,83.0,122.0,129.0,134.0,134.0,144.0,179.0,196.0,214.0,222.0,230.0,237.0,238.0,242.0,291.0,297.0,302.0,318.0,334.0,341.0,353.0,367.0,377.0,431.0,434.0,497.0,612.0,614.0,630.0,648.0,655.0,661.0,676.0,687.0,705.0,746.0,750.0,768.0,779.0,787.0,817.0,838.0,863.0,878.0,886.0,943.0,989.0,990.0,
4.0,31.0,35.0,42.0,47.0,48.0,60.0,71.0,85.0,110.0,118.0,123.0,145.0,178.0,185.0,217.0,232.0,249.0,291.0,315.0,380.0,387.0,395.0,421.0,451.0,469.0,472.0,478.0,563.0,569.0,579.0,605.0,664.0,679.0,783.0,841.0,879.0,941.0,950.0,958.0,963.0,965.0,992.0,
31.0,34.0,47.0,122.0,141.0,145.0,154.0,172.0,182.0,199.0,228.0,267.0,311.0,353.0,361.0,371.0,398.0,427.0,534.0,554.0,556.0,559.0,572.0,613.0,658.0,772.0,775.0,823.0,834.0,842.0,846.0,874.0,913.0,937.0,984.0,
4.0,16.0,151.0,173.0,184.0,185.0,190.0,250.0,252.0,254.0,263.0,267.0,319.0,395.0,403.0,421.0,457.0,458.0,489.0,555.0,567.0,598.0,655.0,682.0,695.0,728.0,735.0,766.0,824.0,825.0,838.0,873.0,876.0,881.0,901.0,905.0,909.0,913.0,971.0,995.0,
36.0,36.0,81.0,91.0,104.0,118.0,120.0,154.0,203.0,228.0,229.0,275.0,286.0,291.0,299.0,315.0,353.0,359.0,434.0,450.0,486.0,492.0,511.0,538.0,538.0,550.0,553.0,628.0,640.0,650.0,662.0,715.0,734.0,747.0,793.0,799.0,802.0,835.0,844.0,853.0,861.0,912.0,
18.0,76.0,81.0,87.0,210.0,284.0,293.0,322.0,327.0,368.0,401.0,422.0,447.0,455.0,478.0,484.0,522.0,522.0,552.0,558.0,559.0,576.0,610.0,657.0,664.0,664.0,677.0,712.0,713.0,724.0,755.0,766.0,768.0,816.0,832.0,840.0,852.0,
12.0,53.0,67.0,67.0,71.0,88.0,198.0,201.0,216.0,229.0,231.0,276.0,284.0,329.0,362.0,387.0,396.0,432.0,466.0,471.0,490.0,501.0,508.0,528.0,553.0,561.0,585.0,645.0,660.0,674.0,686.0,694.0,715.0,746.0,766.0,774.0,779.0,816.0,827.0,831.0,840.0,894.0,924.0,927.0,
79.0,96.0,117.0,155.0,179.0,190.0,210.0,232.0,265.0,314.0,322.0,333.0,426.0,479.0,505.0,527.0,536.0,550.0,663.0,697.0,716.0,755.0,779.0,780.0,793.0,797.0,824.0,984.0,
22.0,34.0,63.0,196.0,211.0,235.0,239.0,318.0,319.0,465.0,470.0,470.0,504.0,539.0,540.0,553.0,561.0,565.0,585.0,635.0,644.0,654.0,686.0,697.0,771.0,808.0,824.0,854.0,863.0,934.0,949.0,
10.0,32.0,51.0,71.0,102.0,166.0,171.0,188.0,202.0,255.0,259.0,322.0,339.0,364.0,367.0,379.0,400.0,406.0,459.0,472.0,473.0,474.0,504.0,519.0,559.0,676.0,698.0,731.0,766.0,782.0,799.0,814.0,849.0,863.0,890.0,894.0,913.0,914.0,922.0,989.0,
15.0,35.0,50.0,68.0,100.0,123.0,137.0,205.0,212.0,250.0,258.0,266.0,322.0,473.0,484.0,550.0,561.0,584.0,588.0,620.0,627.0,665.0,705.0,719.0,733.0,741.0,790.0,822.0,831.0,833.0,880.0,921.0,
12.0,47.0,52.0,105.0,118.0,141.0,152.0,232.0,233.0,255.0,264.0,292.0,331.0,332.0,388.0,417.0,462.0,489.0,537.0,557.0,558.0,587.0,595.0,602.0,665.0,675.0,702.0,711.0,717.0,764.0,766.0,860.0,869.0,884.0,884.0,903.0,951.0,965.0,974.0,988.0,
13.0,28.0,51.0,123.0,144.0,215.0,224.0,232.0,277.0,342.0,344.0,363.0,411.0,411.0,412.0,419.0,441.0,494.0,545.0,549.0,587.0,591.0,601.0,633.0,670.0,676.0,693.0,773.0,805.0,807.0,829.0,846.0,877.0,902.0,939.0,984.0,
26.0,72.0,104.0,139.0,165.0,172.0,176.0,225.0,228.0,259.0,277.0,294.0,299.0,303.0,307.0,313.0,336.0,437.0,449.0,463.0,486.0,522.0,532.0,540.0,542.0,545.0,601.0,604.0,604.0,685.0,729.0,731.0,731.0,733.0,740.0,753.0,760.0,854.0,858.0,862.0,864.0,881.0,883.0,908.0,922.0,940.0,992.0,1000.0,
11.0,41.0,46.0,90.0,152.0,175.0,239.0,261.0,289.0,323.0,333.0,336.0,351.0,370.0,370.0,398.0,400.0,416.0,472.0,476.0,486.0,549.0,559.0,578.0,578.0,589.0,616.0,618.0,621.0,645.0,655.0,717.0,741.0,747.0,750.0,782.0,787.0,862.0,871.0,875.0,894.0,900.0,903.0,912.0,916.0,969.0,981.0,
60.0,64.0,68.0,101.0,109.0,166.0,205.0,205.0,251.0,316.0,332.0,345.0,360.0,363.0,390.0,397.0,455.0,486.0,497.0,509.0,518.0,551.0,616.0,682.0,690.0,715.0,728.0,751.0,788.0,806.0,810.0,819.0,879.0,932.0,945.0,948.0,989.0,993.0,
66.0,100.0,127.0,132.0,136.0,172.0,183.0,189.0,194.0,195.0,199.0,219.0,251.0,288.0,296.0,318.0,359.0,400.0,402.0,405.0,416.0,444.0,503.0,520.0,560.0,561.0,564.0,582.0,598.0,604.0,639.0,644.0,701.0,785.0,791.0,796.0,840.0,869.0,951.0,955.0,971.0,
115.0,157.0,201.0,264.0,327.0,346.0,356.0,366.0,369.0,378.0,397.0,516.0,537.0,550.0,558.0,561.0,568.0,591.0,619.0,624.0,649.0,653.0,655.0,674.0,681.0,723.0,738.0,740.0,752.0,784.0,790.0,798.0,851.0,863.0,966.0,970.0,982.0,
31.0,121.0,220.0,222.0,230.0,240.0,257.0,278.0,348.0,362.0,363.0,453.0,490.0,536.0,581.0,600.0,601.0,621.0,656.0,687.0,793.0,838.0,839.0,863.0,874.0,882.0,910.0,940.0,969.0,988.0,
25.0,41.0,46.0,49.0,67.0,119.0,143.0,146.0,209.0,255.0,289.0,297.0,305.0,312.0,338.0,342.0,348.0,373.0,421.0,463.0,477.0,500.0,527.0,581.0,610.0,645.0,651.0,659.0,660.0,672.0,673.0,686.0,687.0,714.0,771.0,796.0,816.0,937.0,937.0,949.0,982.0,
4.0,31.0,95.0,106.0,205.0,240.0,244.0,249.0,252.0,266.0,268.0,293.0,297.0,453.0,531.0,535.0,572.0,588.0,620.0,642.0,679.0,679.0,720.0,730.0,743.0,754.0,759.0,783.0,809.0,838.0,847.0,890.0,896.0,901.0,944.0,947.0,948.0,
9.0,20.0,70.0,72.0,76.0,83.0,103.0,137.0,175.0,177.0,188.0,194.0,221.0,232.0,265.0,282.0,294.0,376.0,381.0,467.0,471.0,511.0,538.0,550.0,565.0,593.0,640.0,693.0,731.0,752.0,759.0,772.0,781.0,818.0,892.0,915.0,927.0,930.0,946.0,954.0,964.0,969.0,988.0,993.0,1000.0,
11.0,29.0,36.0,154.0,170.0,232.0,252.0,330.0,341.0,342.0,358.0,363.0,390.0,404.0,426.0,447.0,479.0,487.0,505.0,571.0,586.0,604.0,660.0,679.0,683.0,703.0,728.0,745.0,767.0,774.0,811.0,892.0,938.0,964.0,976.0,
41.0,148.0,163.0,171.0,190.0,199.0,206.0,225.0,280.0,341.0,350.0,370.0,371.0,436.0,439.0,453.0,471.0,480.0,509.0,556.0,601.0,601.0,632.0,657.0,668.0,683.0,687.0,713.0,716.0,777.0,798.0,814.0,851.0,871.0,881.0,911.0,913.0,932.0,947.0,951.0,966.0,966.0,985.0,
21.0,77.0,114.0,116.0,160.0,161.0,170.0,192.0,201.0,238.0,251.0,289.0,301.0,337.0,427.0,463.0,468.0,516.0,572.0,586.0,603.0,610.0,650.0,653.0,659.0,706.0,732.0,741.0,782.0,789.0,831.0,842.0,844.0,849.0,852.0,860.0,862.0,864.0,929.0,951.0,960.0,
24.0,42.0,68.0,81.0,96.0,103.0,132.0,133.0,149.0,151.0,154.0,166.0,240.0,280.0,286.0,299.0,307.0,313.0,366.0,387.0,419.0,432.0,483.0,488.0,657.0,670.0,692.0,711.0,714.0,736.0,747.0,789.0,855.0,887.0,894.0,922.0,924.0,958.0,
27.0,44.0,73.0,93.0,98.0,112.0,116.0,140.0,168.0,283.0,283.0,377.0,430.0,493.0,579.0,603.0,641.0,649.0,686.0,693.0,756.0,775.0,784.0,841.0,883.0,900.0,906.0,932.0,
14.0,22.0,27.0,46.0,81.0,88.0,101.0,108.0,119.0,141.0,188.0,193.0,214.0,219.0,284.0,299.0,302.0,314.0,323.0,329.0,481.0,498.0,504.0,591.0,600.0,605.0,616.0,626.0,643.0,665.0,671.0,686.0,691.0,748.0,751.0,760.0,813.0,835.0,845.0,856.0,870.0,876.0,890.0,894.0,930.0,937.0,943.0,962.0,966.0,982.0,996.0,
26.0,29.0,35.0,41.0,66.0,77.0,106.0,222.0,223.0,267.0,276.0,292.0,311.0,319.0,352.0,359.0,360.0,364.0,404.0,448.0,469.0,471.0,514.0,562.0,581.0,594.0,600.0,679.0,706.0,755.0,768.0,775.0,860.0,874.0,890.0,916.0,928.0,
57.0,66.0,79.0,92.0,216.0,240.0,243.0,304.0,336.0,338.0,354.0,387.0,406.0,415.0,485.0,485.0,548.0,565.0,577.0,623.0,641.0,656.0,678.0,742.0,789.0,814.0,822.0,825.0,881.0,896.0,921.0,952.0,993.0,998.0,
22.0,74.0,94.0,112.0,142.0,153.0,207.0,207.0,255.0,337.0,337.0,344.0,391.0,410.0,476.0,480.0,490.0,504.0,505.0,562.0,570.0,581.0,589.0,598.0,662.0,680.0,681.0,721.0,766.0,777.0,851.0,865.0,880.0,885.0,901.0,917.0,930.0,
42.0,57.0,63.0,99.0,114.0,162.0,297.0,298.0,302.0,309.0,310.0,311.0,323.0,368.0,378.0,389.0,397.0,403.0,406.0,422.0,458.0,477.0,496.0,508.0,536.0,557.0,585.0,614.0,640.0,762.0,792.0,794.0,803.0,818.0,824.0,901.0,926.0,935.0,974.0,984.0,
13.0,16.0,54.0,58.0,64.0,85.0,111.0,128.0,132.0,161.0,166.0,191.0,196.0,230.0,288.0,289.0,299.0,310.0,315.0,343.0,448.0,466.0,514.0,575.0,576.0,601.0,666.0,688.0,689.0,697.0,716.0,727.0,736.0,742.0,826.0,858.0,902.0,905.0,932.0,961.0,965.0,
52.0,84.0,104.0,135.0,141.0,165.0,180.0,185.0,254.0,255.0,285.0,286.0,327.0,365.0,371.0,411.0,456.0,470.0,491.0,587.0,610.0,616.0,661.0,703.0,731.0,791.0,792.0,794.0,806.0,849.0,852.0,881.0,883.0,891.0,913.0,917.0,924.0,989.0,
10.0,27.0,44.0,45.0,66.0,126.0,138.0,138.0,218.0,235.0,248.0,258.0,264.0,337.0,357.0,419.0,460.0,
19.0,38.0,38.0,80.0,202.0,226.0,237.0,261.0,265.0,297.0,310.0,329.0,330.0,377.0,388.0,423.0,
69.0,84.0,92.0,111.0,275.0,286.0,307.0,323.0,345.0,383.0,453.0,498.0,502.0,
13.0,43.0,82.0,101.0,114.0,159.0,205.0,227.0,255.0,258.0,284.0,296.0,307.0,374.0,417.0,441.0,490.0,616.0,642.0,646.0,713.0,733.0,754.0,765.0,828.0,845.0,850.0,861.0,882.0,959.0,965.0,973.0,990.0,
41.0,98.0,112.0,129.0,208.0,223.0,242.0,253.0,266.0,290.0,315.0,319.0,322.0,336.0,382.0,400.0,411.0,435.0,491.0,521.0,529.0,536.0,563.0,616.0,619.0,645.0,702.0,707.0,750.0,764.0,769.0,798.0,806.0,887.0,900.0,916.0,983.0,
38.0,68.0,70.0,71.0,76.0,96.0,125.0,145.0,151.0,152.0,217.0,256.0,293.0,301.0,400.0,416.0,449.0,463.0,481.0,521.0,535.0,547.0,565.0,573.0,576.0,588.0,592.0,604.0,611.0,615.0,621.0,755.0,780.0,785.0,820.0,879.0,912.0,941.0,944.0,976.0,
11.0,22.0,27.0,50.0,82.0,137.0,153.0,253.0,262.0,291.0,348.0,352.0,380.0,387.0,407.0,492.0,512.0,526.0,671.0,675.0,706.0,726.0,847.0,959.0,
81.0,116.0,121.0,125.0,176.0,253.0,262.0,263.0,297.0,311.0,325.0,375.0,395.0,398.0,431.0,440.0,447.0,454.0,520.0,527.0,528.0,570.0,664.0,677.0,688.0,734.0,737.0,746.0,774.0,784.0,943.0,
132.0,135.0,144.0,161.0,178.0,189.0,195.0,220.0,255.0,296.0,300.0,303.0,314.0,361.0,363.0,455.0,468.0,472.0,482.0,491.0,610.0,615.0,662.0,667.0,682.0,723.0,749.0,779.0,793.0,859.0,862.0,863.0,876.0,893.0,903.0,943.0,944.0,950.0,965.0,971.0,981.0,992.0,
43.0,67.0,69.0,94.0,95.0,147.0,162.0,212.0,240.0,243.0,257.0,280.0,361.0,368.0,382.0,412.0,456.0,486.0,491.0,658.0,674.0,702.0,730.0,732.0,748.0,753.0,805.0,809.0,854.0,903.0,915.0,982.0,
23.0,69.0,97.0,97.0,104.0,130.0,132.0,142.0,152.0,168.0,198.0,221.0,276.0,284.0,291.0,304.0,310.0,366.0,374.0,380.0,384.0,408.0,453.0,
7.0,53.0,78.0,91.0,95.0,97.0,126.0,142.0,147.0,149.0,168.0,187.0,203.0,235.0,247.0,272.0,326.0,341.0,383.0,419.0,439.0,444.0,456.0,479.0,888.0,966.0,
12.0,13.0,21.0,38.0,39.0,128.0,194.0,226.0,232.0,280.0,314.0,330.0,336.0,377.0,379.0,380.0,388.0,409.0,454.0,489.0,498.0,
5.0,19.0,74.0,98.0,103.0,211.0,215.0,290.0,314.0,315.0,319.0,337.0,352.0,391.0,395.0,408.0,409.0,414.0,456.0,461.0,468.0,479.0,500.0,504.0,511.0,680.0,686.0,748.0,779.0,882.0,900.0,943.0,990.0,
49.0,127.0,269.0,276.0,324.0,330.0,378.0,383.0,384.0,445.0,520.0,528.0,564.0,641.0,652.0,654.0,662.0,689.0,723.0,738.0,742.0,774.0,798.0,810.0,810.0,818.0,825.0,865.0,867.0,870.0,871.0,878.0,892.0,912.0,
15.0,21.0,51.0,71.0,85.0,95.0,110.0,214.0,246.0,262.0,284.0,306.0,322.0,327.0,333.0,357.0,400.0,402.0,421.0,440.0,442.0,457.0,471.0,511.0,520.0,585.0,585.0,644.0,661.0,674.0,770.0,798.0,799.0,824.0,852.0,863.0,873.0,878.0,916.0,985.0,
20.0,36.0,133.0,153.0,181.0,320.0,328.0,377.0,412.0,417.0,419.0,477.0,543.0,560.0,579.0,594.0,597.0,610.0,618.0,620.0,647.0,684.0,702.0,714.0,757.0,801.0,809.0,820.0,827.0,921.0,933.0,999.0,
9.0,14.0,117.0,138.0,206.0,207.0,238.0,257.0,297.0,328.0,334.0,371.0,372.0,377.0,381.0,388.0,450.0,459.0,492.0,495.0,504.0,550.0,649.0,714.0,760.0,795.0,805.0,812.0,824.0,861.0,864.0,937.0,
35.0,83.0,165.0,193.0,201.0,219.0,229.0,258.0,294.0,303.0,325.0,333.0,344.0,348.0,422.0,431.0,441.0,484.0,497.0,528.0,588.0,591.0,628.0,631.0,656.0,658.0,685.0,727.0,795.0,835.0,907.0,914.0,923.0,934.0,934.0,956.0,960.0,995.0,
19.0,49.0,52.0,67.0,105.0,155.0,190.0,203.0,250.0,262.0,345.0,348.0,388.0,423.0,432.0,467.0,491.0,496.0,523.0,590.0,663.0,670.0,685.0,713.0,771.0,783.0,791.0,822.0,823.0,838.0,882.0,883.0,931.0,950.0,
27.0,32.0,45.0,69.0,123.0,140.0,142.0,189.0,226.0,234.0,244.0,274.0,281.0,304.0,351.0,377.0,400.0,421.0,433.0,
32.0,49.0,65.0,82.0,96.0,121.0,288.0,291.0,311.0,332.0,357.0,414.0,426.0,495.0,
3.0,59.0,97.0,115.0,328.0,329.0,389.0,389.0,390.0,395.0,399.0,403.0,422.0,423.0,423.0,435.0,500.0,
34.0,42.0,68.0,71.0,77.0,79.0,109.0,112.0,153.0,214.0,226.0,256.0,263.0,333.0,391.0,425.0,454.0,466.0,470.0,494.0,575.0,602.0,661.0,691.0,693.0,738.0,741.0,743.0,778.0,817.0,830.0,895.0,898.0,913.0,953.0,960.0,962.0,999.0,
10.0,49.0,60.0,73.0,75.0,117.0,185.0,265.0,282.0,342.0,428.0,447.0,451.0,481.0,482.0,501.0,503.0,512.0,521.0,523.0,546.0,665.0,687.0,696.0,710.0,820.0,826.0,828.0,881.0,891.0,973.0,987.0,992.0,997.0,
49.0,58.0,106.0,136.0,136.0,142.0,203.0,223.0,226.0,293.0,409.0,437.0,444.0,448.0,635.0,652.0,699.0,764.0,808.0,871.0,895.0,907.0,914.0,933.0,942.0,965.0,973.0,985.0,
13.0,15.0,52.0,107.0,155.0,184.0,188.0,207.0,235.0,247.0,252.0,296.0,300.0,367.0,470.0,582.0,610.0,625.0,731.0,821.0,827.0,830.0,832.0,860.0,890.0,903.0,928.0,950.0,985.0,
9.0,37.0,44.0,52.0,100.0,116.0,128.0,167.0,180.0,184.0,205.0,227.0,230.0,257.0,268.0,277.0,281.0,285.0,310.0,326.0,339.0,341.0,355.0,396.0,456.0,471.0,476.0,511.0,532.0,549.0,619.0,667.0,690.0,743.0,762.0,798.0,848.0,919.0,924.0,944.0,965.0,
5.0,6.0,13.0,52.0,66.0,120.0,227.0,248.0,267.0,365.0,415.0,447.0,469.0,487.0,550.0,578.0,648.0,650.0,693.0,735.0,763.0,779.0,790.0,815.0,872.0,927.0,932.0,958.0,
4.0,63.0,92.0,193.0,199.0,204.0,267.0,335.0,361.0,399.0,412.0,432.0,504.0,552.0,590.0,601.0,737.0,749.0,752.0,766.0,776.0,785.0,822.0,833.0,868.0,886.0,920.0,930.0,934.0,941.0,952.0,952.0,985.0,990.0,
9.0,12.0,17.0,44.0,68.0,101.0,123.0,133.0,133.0,153.0,188.0,271.0,272.0,274.0,278.0,279.0,329.0,398.0,507.0,562.0,602.0,608.0,653.0,666.0,676.0,679.0,694.0,720.0,739.0,745.0,799.0,863.0,908.0,949.0,949.0,
13.0,74.0,117.0,127.0,155.0,156.0,174.0,189.0,259.0,276.0,277.0,344.0,365.0,389.0,415.0,421.0,483.0,490.0,496.0,625.0,682.0,795.0,864.0,915.0,945.0,952.0,975.0,
9.0,14.0,20.0,21.0,73.0,87.0,92.0,96.0,197.0,223.0,239.0,244.0,256.0,286.0,300.0,308.0,322.0,361.0,367.0,398.0,404.0,406.0,473.0,499.0,599.0,606.0,606.0,658.0,733.0,734.0,749.0,772.0,826.0,829.0,830.0,841.0,875.0,889.0,910.0,935.0,939.0,972.0,991.0,993.0,
77.0,90.0,120.0,129.0,143.0,265.0,277.0,281.0,305.0,341.0,350.0,370.0,406.0,409.0,439.0,455.0,466.0,473.0,475.0,502.0,506.0,512.0,540.0,548.0,563.0,607.0,611.0,651.0,652.0,654.0,657.0,678.0,686.0,733.0,739.0,742.0,798.0,802.0,810.0,825.0,839.0,894.0,911.0,982.0,985.0,986.0,
8.0,24.0,146.0,195.0,244.0,305.0,327.0,343.0,363.0,375.0,387.0,389.0,391.0,425.0,440.0,479.0,485.0,498.0,561.0,600.0,617.0,651.0,657.0,659.0,674.0,703.0,720.0,728.0,745.0,776.0,824.0,841.0,855.0,885.0,941.0,970.0,979.0,
21.0,94.0,146.0,156.0,238.0,288.0,290.0,303.0,340.0,358.0,365.0,379.0,404.0,426.0,431.0,441.0,447.0,474.0,492.0,494.0,538.0,548.0,573.0,581.0,588.0,605.0,623.0,644.0,674.0,727.0,732.0,751.0,785.0,789.0,798.0,837.0,856.0,860.0,861.0,890.0,914.0,932.0,934.0,938.0,949.0,992.0,
50.0,57.0,61.0,64.0,78.0,78.0,99.0,135.0,143.0,159.0,182.0,189.0,191.0,197.0,210.0,261.0,299.0,322.0,337.0,404.0,436.0,456.0,488.0,495.0,540.0,557.0,604.0,637.0,704.0,724.0,732.0,738.0,754.0,788.0,808.0,812.0,812.0,837.0,863.0,867.0,915.0,927.0,929.0,954.0,957.0,996.0,
17.0,19.0,19.0,37.0,74.0,91.0,103.0,114.0,133.0,134.0,170.0,220.0,236.0,242.0,263.0,320.0,387.0,392.0,427.0,453.0,460.0,467.0,472.0,475.0,491.0,508.0,535.0,564.0,633.0,648.0,674.0,710.0,726.0,799.0,809.0,819.0,874.0,
45.0,55.0,74.0,102.0,114.0,130.0,151.0,164.0,170.0,187.0,190.0,203.0,208.0,224.0,255.0,310.0,315.0,385.0,427.0,438.0,459.0,556.0,564.0,566.0,630.0,637.0,676.0,687.0,688.0,730.0,752.0,807.0,827.0,867.0,884.0,924.0,977.0,977.0,980.0,
26.0,29.0,42.0,68.0,128.0,141.0,159.0,182.0,214.0,217.0,268.0,306.0,308.0,329.0,366.0,391.0,463.0,463.0,643.0,661.0,722.0,778.0,819.0,832.0,896.0,993.0,
7.0,65.0,87.0,150.0,182.0,218.0,307.0,309.0,312.0,314.0,321.0,331.0,332.0,339.0,340.0,349.0,365.0,376.0,379.0,428.0,442.0,464.0,505.0,726.0,749.0,766.0,805.0,829.0,834.0,854.0,875.0,899.0,932.0,933.0,996.0,
68.0,72.0,83.0,119.0,171.0,202.0,230.0,235.0,305.0,310.0,334.0,362.0,383.0,389.0,398.0,473.0,506.0,507.0,528.0,552.0,557.0,562.0,615.0,639.0,640.0,688.0,703.0,709.0,769.0,814.0,815.0,822.0,825.0,841.0,847.0,882.0,946.0,
5.0,16.0,48.0,93.0,122.0,194.0,231.0,313.0,329.0,357.0,370.0,387.0,393.0,399.0,403.0,411.0,462.0,579.0,591.0,611.0,658.0,659.0,731.0,752.0,790.0,796.0,803.0,880.0,906.0,927.0,
11.0,30.0,33.0,55.0,77.0,113.0,130.0,133.0,194.0,236.0,275.0,298.0,299.0,329.0,349.0,351.0,443.0,459.0,460.0,603.0,626.0,632.0,731.0,734.0,745.0,749.0,763.0,763.0,774.0,800.0,811.0,816.0,844.0,847.0,912.0,972.0,
125.0,220.0,230.0,258.0,304.0,317.0,321.0,341.0,345.0,359.0,366.0,371.0,390.0,399.0,402.0,412.0,437.0,443.0,448.0,475.0,495.0,497.0,502.0,532.0,533.0,538.0,542.0,546.0,572.0,579.0,659.0,703.0,709.0,731.0,770.0,842.0,867.0,872.0,918.0,954.0,970.0,985.0,
12.0,53.0,55.0,72.0,77.0,107.0,123.0,175.0,179.0,282.0,293.0,333.0,358.0,362.0,385.0,423.0,429.0,432.0,443.0,463.0,542.0,543.0,545.0,590.0,624.0,648.0,678.0,688.0,758.0,769.0,820.0,842.0,845.0,866.0,870.0,918.0,976.0,995.0,
16.0,27.0,41.0,66.0,67.0,80.0,102.0,135.0,149.0,164.0,168.0,185.0,228.0,229.0,265.0,270.0,359.0,372.0,376.0,380.0,387.0,420.0,503.0,525.0,539.0,552.0,617.0,654.0,684.0,700.0,716.0,727.0,743.0,794.0,802.0,818.0,823.0,835.0,836.0,849.0,858.0,889.0,894.0,950.0,
3.0,54.0,66.0,80.0,87.0,102.0,126.0,192.0,322.0,388.0,393.0,397.0,416.0,417.0,433.0,476.0,485.0,538.0,553.0,555.0,616.0,675.0,683.0,704.0,714.0,725.0,755.0,763.0,789.0,825.0,833.0,844.0,871.0,876.0,929.0,932.0,932.0,957.0,968.0,990.0,
9.0,38.0,68.0,89.0,125.0,127.0,142.0,154.0,181.0,201.0,224.0,227.0,240.0,328.0,344.0,357.0,543.0,582.0,588.0,594.0,668.0,693.0,725.0,775.0,850.0,851.0,855.0,871.0,876.0,877.0,889.0,
6.0,54.0,188.0,228.0,248.0,286.0,350.0,352.0,358.0,371.0,394.0,454.0,458.0,488.0,490.0,497.0,534.0,567.0,603.0,681.0,681.0,691.0,701.0,721.0,728.0,746.0,769.0,786.0,833.0,860.0,864.0,888.0,910.0,928.0,930.0,937.0,961.0,
65.0,82.0,87.0,87.0,141.0,184.0,262.0,286.0,287.0,310.0,327.0,330.0,357.0,370.0,372.0,373.0,390.0,418.0,444.0,556.0,558.0,561.0,619.0,621.0,639.0,730.0,735.0,741.0,742.0,747.0,752.0,763.0,809.0,820.0,850.0,881.0,884.0,896.0,898.0,906.0,931.0,
41.0,41.0,117.0,124.0,132.0,187.0,188.0,201.0,248.0,251.0,251.0,277.0,307.0,321.0,329.0,345.0,355.0,377.0,411.0,416.0,431.0,438.0,482.0,498.0,553.0,564.0,568.0,592.0,675.0,703.0,709.0,801.0,801.0,810.0,834.0,929.0,982.0,985.0,998.0,
17.0,41.0,149.0,205.0,219.0,287.0,330.0,366.0,374.0,411.0,424.0,452.0,469.0,518.0,532.0,629.0,637.0,656.0,661.0,664.0,685.0,711.0,719.0,719.0,803.0,863.0,873.0,890.0,951.0,980.0,997.0,
12.0,15.0,27.0,179.0,213.0,227.0,264.0,265.0,270.0,271.0,283.0,286.0,311.0,335.0,349.0,351.0,361.0,454.0,462.0,502.0,511.0,519.0,535.0,579.0,606.0,613.0,667.0,743.0,816.0,861.0,892.0,924.0,933.0,996.0,
7.0,16.0,26.0,40.0,49.0,59.0,60.0,90.0,128.0,141.0,146.0,188.0,195.0,271.0,312.0,361.0,364.0,381.0,403.0,438.0,448.0,464.0,469.0,471.0,479.0,487.0,488.0,544.0,595.0,654.0,722.0,749.0,751.0,751.0,757.0,772.0,837.0,854.0,891.0,898.0,910.0,976.0,997.0,
6.0,29.0,36.0,45.0,74.0,74.0,88.0,100.0,123.0,178.0,230.0,352.0,395.0,428.0,454.0,457.0,473.0,483.0,513.0,514.0,540.0,592.0,656.0,724.0,730.0,804.0,815.0,855.0,862.0,864.0,881.0,951.0,971.0,982.0,988.0,
