9.0,16.0,30.0,52.0,55.0,78.0,92.0,100.0,105.0,149.0,159.0,161.0,206.0,226.0,264.0,290.0,302.0,320.0,329.0,330.0,343.0,378.0,407.0,409.0,487.0,501.0,524.0,539.0,552.0,580.0,601.0,605.0,679.0,685.0,694.0,708.0,750.0,780.0,828.0,837.0,865.0,870.0,874.0,893.0,947.0,952.0,1000.0,
9.0,15.0,16.0,46.0,67.0,75.0,98.0,114.0,207.0,247.0,249.0,312.0,315.0,325.0,343.0,349.0,379.0,395.0,406.0,425.0,428.0,470.0,524.0,557.0,574.0,652.0,671.0,687.0,730.0,750.0,763.0,790.0,815.0,855.0,889.0,941.0,956.0,981.0,982.0,1000.0,
33.0,35.0,49.0,55.0,61.0,71.0,75.0,92.0,105.0,144.0,179.0,220.0,285.0,317.0,386.0,409.0,439.0,553.0,579.0,634.0,636.0,687.0,691.0,709.0,716.0,763.0,764.0,770.0,787.0,828.0,838.0,891.0,896.0,906.0,911.0,926.0,928.0,
6.0,8.0,11.0,13.0,15.0,43.0,93.0,98.0,101.0,123.0,130.0,167.0,174.0,205.0,235.0,242.0,256.0,374.0,405.0,472.0,477.0,552.0,558.0,572.0,607.0,721.0,875.0,892.0,916.0,944.0,967.0,974.0,
2.0,4.0,5.0,24.0,105.0,134.0,162.0,189.0,200.0,259.0,259.0,300.0,319.0,366.0,378.0,395.0,418.0,463.0,487.0,511.0,541.0,544.0,558.0,562.0,590.0,648.0,650.0,651.0,669.0,695.0,709.0,720.0,741.0,742.0,761.0,789.0,793.0,803.0,804.0,823.0,876.0,909.0,909.0,926.0,953.0,988.0,994.0,
17.0,42.0,60.0,70.0,97.0,130.0,162.0,181.0,196.0,211.0,230.0,231.0,248.0,280.0,330.0,388.0,408.0,431.0,437.0,438.0,441.0,458.0,480.0,516.0,534.0,583.0,641.0,648.0,664.0,666.0,690.0,698.0,699.0,713.0,729.0,740.0,763.0,764.0,791.0,832.0,837.0,855.0,865.0,944.0,960.0,992.0,
41.0,43.0,83.0,97.0,160.0,217.0,226.0,229.0,236.0,243.0,334.0,369.0,389.0,400.0,401.0,410.0,417.0,419.0,457.0,476.0,506.0,526.0,586.0,590.0,599.0,606.0,656.0,671.0,682.0,686.0,697.0,704.0,711.0,724.0,794.0,815.0,825.0,835.0,849.0,853.0,888.0,971.0,
2.0,19.0,39.0,92.0,110.0,115.0,145.0,195.0,197.0,250.0,319.0,342.0,342.0,415.0,452.0,462.0,488.0,524.0,531.0,540.0,558.0,594.0,615.0,694.0,742.0,806.0,847.0,855.0,877.0,880.0,884.0,911.0,923.0,934.0,937.0,
12.0,64.0,92.0,172.0,234.0,248.0,275.0,278.0,294.0,436.0,444.0,453.0,461.0,467.0,469.0,527.0,575.0,590.0,621.0,644.0,658.0,681.0,688.0,716.0,780.0,802.0,835.0,999.0,
31.0,44.0,74.0,96.0,99.0,246.0,308.0,326.0,356.0,380.0,381.0,399.0,419.0,424.0,461.0,477.0,507.0,511.0,520.0,543.0,552.0,558.0,565.0,753.0,828.0,842.0,872.0,924.0,954.0,
9.0,11.0,37.0,51.0,60.0,112.0,124.0,137.0,148.0,170.0,179.0,211.0,275.0,308.0,317.0,387.0,459.0,486.0,553.0,573.0,607.0,635.0,641.0,648.0,651.0,678.0,689.0,708.0,833.0,844.0,854.0,863.0,873.0,909.0,926.0,958.0,992.0,
68.0,119.0,148.0,171.0,190.0,198.0,218.0,241.0,245.0,316.0,335.0,384.0,423.0,441.0,499.0,578.0,587.0,589.0,649.0,665.0,672.0,686.0,695.0,715.0,722.0,738.0,844.0,845.0,898.0,899.0,904.0,937.0,937.0,955.0,993.0,
29.0,85.0,115.0,115.0,147.0,164.0,166.0,185.0,189.0,194.0,210.0,213.0,214.0,274.0,331.0,343.0,361.0,401.0,403.0,406.0,427.0,501.0,524.0,537.0,589.0,679.0,692.0,710.0,713.0,734.0,742.0,750.0,753.0,756.0,785.0,811.0,854.0,872.0,898.0,911.0,916.0,921.0,933.0,933.0,948.0,969.0,996.0,
47.0,103.0,152.0,200.0,207.0,223.0,226.0,266.0,280.0,410.0,431.0,473.0,487.0,497.0,507.0,516.0,550.0,560.0,600.0,616.0,674.0,692.0,697.0,715.0,760.0,764.0,769.0,845.0,852.0,940.0,967.0,978.0,982.0,
24.0,39.0,94.0,108.0,110.0,124.0,152.0,187.0,209.0,217.0,234.0,270.0,271.0,284.0,391.0,399.0,452.0,456.0,570.0,575.0,581.0,590.0,596.0,602.0,607.0,643.0,668.0,721.0,775.0,797.0,811.0,812.0,818.0,863.0,880.0,924.0,
10.0,10.0,17.0,23.0,42.0,81.0,125.0,182.0,189.0,195.0,204.0,211.0,240.0,253.0,265.0,315.0,366.0,380.0,396.0,424.0,454.0,503.0,513.0,526.0,573.0,573.0,602.0,698.0,713.0,718.0,763.0,798.0,811.0,812.0,816.0,827.0,846.0,889.0,890.0,923.0,930.0,959.0,
26.0,64.0,83.0,170.0,207.0,240.0,242.0,248.0,314.0,376.0,388.0,392.0,400.0,405.0,452.0,548.0,555.0,588.0,610.0,616.0,686.0,703.0,707.0,751.0,771.0,780.0,845.0,882.0,916.0,924.0,969.0,973.0,978.0,991.0,
6.0,11.0,13.0,19.0,27.0,45.0,49.0,118.0,129.0,147.0,178.0,211.0,243.0,304.0,314.0,395.0,406.0,413.0,414.0,448.0,505.0,610.0,644.0,662.0,668.0,700.0,701.0,733.0,778.0,835.0,839.0,923.0,940.0,956.0,977.0,980.0,
8.0,22.0,27.0,42.0,86.0,107.0,128.0,142.0,210.0,211.0,225.0,229.0,239.0,244.0,376.0,390.0,392.0,414.0,434.0,461.0,522.0,555.0,586.0,604.0,635.0,667.0,698.0,765.0,777.0,799.0,805.0,809.0,940.0,970.0,979.0,
94.0,95.0,105.0,110.0,170.0,172.0,178.0,202.0,250.0,290.0,348.0,361.0,361.0,363.0,378.0,382.0,388.0,398.0,472.0,505.0,517.0,542.0,645.0,661.0,685.0,737.0,761.0,776.0,809.0,825.0,859.0,900.0,906.0,949.0,952.0,
8.0,24.0,44.0,103.0,133.0,137.0,140.0,192.0,200.0,207.0,265.0,294.0,380.0,396.0,430.0,472.0,482.0,523.0,548.0,567.0,571.0,580.0,605.0,619.0,620.0,625.0,634.0,690.0,699.0,709.0,716.0,717.0,807.0,810.0,854.0,870.0,901.0,914.0,924.0,964.0,994.0,
24.0,36.0,51.0,83.0,136.0,182.0,192.0,222.0,242.0,278.0,280.0,406.0,448.0,461.0,513.0,533.0,565.0,587.0,595.0,618.0,634.0,653.0,666.0,683.0,686.0,717.0,726.0,730.0,783.0,827.0,841.0,890.0,901.0,905.0,985.0,991.0,
30.0,39.0,70.0,84.0,108.0,156.0,165.0,179.0,210.0,211.0,215.0,233.0,246.0,278.0,299.0,344.0,400.0,417.0,434.0,453.0,476.0,510.0,515.0,516.0,539.0,549.0,561.0,577.0,604.0,641.0,712.0,742.0,744.0,752.0,787.0,814.0,817.0,863.0,879.0,888.0,934.0,975.0,
120.0,147.0,186.0,198.0,250.0,297.0,306.0,311.0,412.0,448.0,463.0,531.0,542.0,554.0,571.0,571.0,631.0,639.0,658.0,667.0,693.0,729.0,760.0,768.0,803.0,843.0,843.0,878.0,956.0,960.0,997.0,998.0,
12.0,43.0,49.0,60.0,86.0,125.0,128.0,178.0,245.0,274.0,316.0,350.0,406.0,406.0,480.0,492.0,510.0,535.0,551.0,568.0,579.0,598.0,607.0,609.0,647.0,697.0,727.0,773.0,775.0,799.0,825.0,826.0,831.0,834.0,844.0,890.0,896.0,929.0,
6.0,43.0,83.0,90.0,108.0,120.0,130.0,134.0,156.0,181.0,193.0,266.0,280.0,303.0,316.0,322.0,344.0,395.0,398.0,415.0,426.0,427.0,453.0,454.0,474.0,533.0,567.0,579.0,587.0,602.0,613.0,637.0,638.0,641.0,646.0,651.0,666.0,688.0,695.0,709.0,727.0,733.0,764.0,805.0,884.0,897.0,910.0,918.0,942.0,946.0,955.0,
4.0,59.0,67.0,71.0,74.0,203.0,299.0,307.0,314.0,323.0,362.0,397.0,415.0,416.0,427.0,460.0,486.0,492.0,495.0,501.0,514.0,568.0,569.0,570.0,574.0,585.0,601.0,616.0,646.0,650.0,724.0,729.0,737.0,794.0,810.0,827.0,832.0,863.0,866.0,924.0,941.0,973.0,998.0,
18.0,30.0,51.0,95.0,103.0,106.0,161.0,206.0,212.0,238.0,247.0,301.0,307.0,357.0,359.0,408.0,447.0,454.0,472.0,487.0,501.0,531.0,594.0,599.0,657.0,659.0,666.0,673.0,693.0,732.0,736.0,742.0,762.0,776.0,780.0,790.0,852.0,901.0,912.0,947.0,962.0,
12.0,15.0,37.0,56.0,63.0,64.0,77.0,141.0,155.0,159.0,172.0,262.0,331.0,377.0,410.0,442.0,460.0,484.0,524.0,567.0,614.0,625.0,629.0,657.0,658.0,661.0,661.0,691.0,707.0,707.0,759.0,798.0,818.0,842.0,885.0,919.0,982.0,991.0,992.0,
41.0,62.0,84.0,136.0,144.0,235.0,240.0,254.0,326.0,339.0,357.0,363.0,400.0,420.0,453.0,465.0,466.0,469.0,523.0,531.0,592.0,597.0,609.0,619.0,667.0,676.0,681.0,685.0,716.0,755.0,804.0,823.0,871.0,876.0,891.0,902.0,905.0,932.0,949.0,955.0,972.0,975.0,991.0,
18.0,31.0,109.0,111.0,121.0,125.0,159.0,166.0,229.0,279.0,370.0,377.0,415.0,429.0,514.0,534.0,550.0,631.0,637.0,644.0,681.0,710.0,733.0,774.0,775.0,807.0,848.0,855.0,878.0,891.0,904.0,947.0,985.0,987.0,
29.0,33.0,60.0,73.0,139.0,140.0,174.0,208.0,247.0,280.0,295.0,301.0,356.0,379.0,379.0,386.0,390.0,432.0,442.0,452.0,475.0,508.0,514.0,519.0,540.0,568.0,670.0,730.0,825.0,831.0,832.0,861.0,870.0,881.0,904.0,
32.0,54.0,72.0,102.0,114.0,134.0,136.0,150.0,180.0,195.0,218.0,285.0,295.0,313.0,318.0,332.0,403.0,427.0,479.0,528.0,574.0,599.0,631.0,649.0,668.0,699.0,778.0,793.0,803.0,870.0,873.0,888.0,915.0,936.0,990.0,
69.0,156.0,157.0,195.0,209.0,211.0,239.0,244.0,246.0,254.0,294.0,299.0,299.0,355.0,382.0,400.0,405.0,409.0,424.0,484.0,490.0,582.0,593.0,621.0,633.0,648.0,660.0,684.0,727.0,733.0,753.0,779.0,783.0,816.0,829.0,902.0,927.0,960.0,978.0,
18.0,64.0,89.0,103.0,110.0,125.0,135.0,203.0,230.0,240.0,241.0,243.0,256.0,259.0,279.0,284.0,292.0,311.0,338.0,356.0,363.0,386.0,398.0,409.0,424.0,437.0,456.0,530.0,608.0,612.0,625.0,635.0,654.0,683.0,688.0,692.0,705.0,711.0,815.0,819.0,892.0,921.0,934.0,
5.0,39.0,41.0,97.0,102.0,153.0,182.0,208.0,267.0,300.0,324.0,330.0,346.0,368.0,458.0,461.0,484.0,489.0,659.0,714.0,746.0,770.0,772.0,917.0,
101.0,107.0,111.0,121.0,123.0,158.0,169.0,175.0,214.0,247.0,293.0,297.0,315.0,318.0,335.0,353.0,388.0,397.0,406.0,449.0,470.0,629.0,636.0,661.0,697.0,704.0,725.0,767.0,777.0,780.0,798.0,799.0,804.0,826.0,830.0,832.0,879.0,978.0,984.0,
68.0,79.0,91.0,91.0,107.0,128.0,136.0,172.0,180.0,206.0,215.0,230.0,257.0,270.0,322.0,334.0,334.0,382.0,411.0,411.0,430.0,441.0,452.0,477.0,521.0,540.0,547.0,548.0,557.0,568.0,569.0,582.0,587.0,609.0,621.0,655.0,669.0,669.0,675.0,697.0,767.0,811.0,812.0,841.0,850.0,891.0,892.0,893.0,904.0,921.0,945.0,951.0,956.0,971.0,988.0,
45.0,72.0,74.0,79.0,115.0,126.0,133.0,140.0,152.0,183.0,223.0,229.0,262.0,293.0,313.0,320.0,330.0,337.0,344.0,354.0,364.0,387.0,409.0,446.0,447.0,508.0,514.0,616.0,639.0,641.0,652.0,660.0,731.0,739.0,806.0,820.0,864.0,898.0,905.0,920.0,975.0,984.0,
35.0,60.0,112.0,112.0,136.0,174.0,177.0,192.0,212.0,212.0,255.0,334.0,350.0,396.0,444.0,461.0,476.0,481.0,493.0,508.0,539.0,555.0,564.0,590.0,602.0,734.0,747.0,763.0,774.0,789.0,798.0,841.0,958.0,959.0,968.0,978.0,
26.0,56.0,79.0,93.0,134.0,149.0,172.0,195.0,275.0,279.0,281.0,285.0,296.0,297.0,394.0,410.0,445.0,488.0,509.0,561.0,580.0,594.0,633.0,674.0,677.0,677.0,681.0,810.0,831.0,845.0,847.0,884.0,893.0,916.0,926.0,946.0,950.0,957.0,961.0,965.0,992.0,
2.0,6.0,57.0,106.0,180.0,184.0,323.0,338.0,365.0,394.0,410.0,415.0,417.0,435.0,460.0,552.0,556.0,582.0,589.0,604.0,632.0,633.0,646.0,695.0,705.0,721.0,727.0,729.0,757.0,806.0,860.0,918.0,929.0,
5.0,14.0,15.0,26.0,26.0,112.0,120.0,192.0,206.0,221.0,238.0,247.0,266.0,275.0,294.0,298.0,332.0,538.0,547.0,591.0,621.0,655.0,658.0,695.0,695.0,712.0,719.0,792.0,795.0,824.0,845.0,848.0,880.0,928.0,964.0,978.0,999.0,
6.0,6.0,23.0,78.0,111.0,129.0,203.0,214.0,228.0,254.0,274.0,331.0,343.0,395.0,430.0,430.0,441.0,482.0,483.0,490.0,491.0,553.0,560.0,670.0,706.0,720.0,765.0,832.0,852.0,854.0,880.0,916.0,942.0,984.0,990.0,
34.0,53.0,116.0,122.0,135.0,222.0,226.0,254.0,280.0,287.0,325.0,340.0,345.0,369.0,412.0,459.0,
8.0,51.0,106.0,164.0,199.0,212.0,223.0,241.0,245.0,250.0,274.0,334.0,365.0,423.0,428.0,430.0,509.0,
8.0,26.0,38.0,101.0,107.0,223.0,246.0,311.0,312.0,345.0,354.0,358.0,358.0,375.0,396.0,432.0,435.0,443.0,464.0,484.0,
57.0,81.0,138.0,139.0,143.0,154.0,162.0,176.0,181.0,205.0,212.0,229.0,239.0,241.0,242.0,287.0,293.0,296.0,317.0,321.0,328.0,335.0,376.0,404.0,414.0,440.0,450.0,480.0,523.0,598.0,605.0,616.0,626.0,720.0,722.0,761.0,778.0,788.0,794.0,823.0,837.0,875.0,878.0,880.0,901.0,917.0,922.0,968.0,999.0,
7.0,26.0,141.0,226.0,261.0,339.0,381.0,388.0,390.0,398.0,460.0,475.0,525.0,590.0,594.0,596.0,607.0,607.0,613.0,645.0,768.0,813.0,842.0,912.0,932.0,980.0,982.0,998.0,
22.0,30.0,59.0,83.0,151.0,202.0,224.0,227.0,247.0,257.0,389.0,422.0,445.0,447.0,449.0,454.0,460.0,593.0,606.0,614.0,701.0,752.0,770.0,807.0,860.0,904.0,945.0,
3.0,43.0,122.0,159.0,187.0,240.0,302.0,304.0,318.0,356.0,361.0,420.0,452.0,487.0,514.0,518.0,518.0,531.0,537.0,542.0,563.0,613.0,636.0,643.0,651.0,679.0,686.0,769.0,826.0,902.0,942.0,954.0,961.0,993.0,
18.0,59.0,76.0,92.0,138.0,147.0,159.0,176.0,230.0,236.0,238.0,256.0,258.0,290.0,297.0,301.0,302.0,354.0,360.0,377.0,395.0,405.0,493.0,506.0,530.0,573.0,585.0,602.0,603.0,611.0,619.0,652.0,659.0,679.0,726.0,775.0,781.0,790.0,828.0,857.0,897.0,908.0,922.0,
31.0,78.0,92.0,116.0,122.0,135.0,190.0,223.0,266.0,282.0,309.0,330.0,354.0,364.0,404.0,453.0,522.0,541.0,544.0,562.0,572.0,615.0,646.0,656.0,701.0,703.0,725.0,727.0,753.0,770.0,797.0,804.0,805.0,857.0,884.0,927.0,948.0,
4.0,61.0,70.0,107.0,167.0,206.0,212.0,221.0,232.0,259.0,294.0,318.0,320.0,321.0,467.0,496.0,648.0,678.0,745.0,772.0,776.0,799.0,809.0,811.0,857.0,933.0,965.0,985.0,
48.0,69.0,125.0,133.0,142.0,142.0,200.0,210.0,220.0,225.0,239.0,273.0,311.0,319.0,322.0,347.0,376.0,441.0,475.0,
2.0,12.0,21.0,129.0,173.0,196.0,269.0,312.0,326.0,398.0,400.0,412.0,442.0,446.0,491.0,494.0,502.0,888.0,987.0,
49.0,84.0,102.0,123.0,198.0,258.0,271.0,290.0,306.0,320.0,349.0,362.0,427.0,427.0,431.0,501.0,504.0,
20.0,75.0,97.0,122.0,133.0,147.0,206.0,233.0,249.0,272.0,279.0,289.0,319.0,321.0,345.0,363.0,443.0,455.0,467.0,507.0,686.0,716.0,778.0,822.0,906.0,989.0,
24.0,56.0,59.0,68.0,83.0,83.0,112.0,152.0,171.0,185.0,225.0,227.0,253.0,264.0,282.0,289.0,328.0,334.0,359.0,364.0,399.0,404.0,424.0,497.0,523.0,557.0,568.0,571.0,630.0,682.0,683.0,685.0,686.0,700.0,706.0,768.0,777.0,787.0,795.0,800.0,832.0,849.0,861.0,867.0,883.0,897.0,922.0,964.0,
42.0,140.0,199.0,205.0,283.0,298.0,366.0,395.0,425.0,425.0,430.0,488.0,506.0,522.0,533.0,549.0,551.0,559.0,564.0,571.0,586.0,643.0,667.0,667.0,724.0,742.0,770.0,818.0,826.0,837.0,848.0,864.0,877.0,878.0,895.0,902.0,938.0,939.0,971.0,
41.0,140.0,180.0,198.0,285.0,303.0,325.0,350.0,409.0,422.0,452.0,462.0,465.0,476.0,583.0,656.0,735.0,746.0,756.0,766.0,804.0,825.0,860.0,881.0,903.0,917.0,948.0,
75.0,90.0,129.0,185.0,189.0,201.0,225.0,232.0,241.0,245.0,268.0,320.0,325.0,341.0,341.0,384.0,407.0,426.0,429.0,430.0,432.0,446.0,469.0,548.0,613.0,621.0,694.0,707.0,730.0,815.0,821.0,822.0,833.0,852.0,890.0,942.0,952.0,
5.0,7.0,10.0,68.0,88.0,93.0,109.0,131.0,169.0,254.0,267.0,270.0,285.0,356.0,377.0,399.0,444.0,465.0,496.0,530.0,533.0,557.0,571.0,588.0,676.0,849.0,886.0,917.0,926.0,951.0,966.0,974.0,997.0,
76.0,87.0,102.0,119.0,135.0,144.0,148.0,194.0,194.0,197.0,225.0,234.0,239.0,249.0,257.0,270.0,319.0,406.0,447.0,448.0,452.0,490.0,677.0,689.0,710.0,717.0,757.0,820.0,891.0,939.0,948.0,955.0,976.0,
14.0,42.0,65.0,138.0,165.0,172.0,187.0,225.0,304.0,322.0,352.0,374.0,398.0,409.0,448.0,503.0,
3.0,40.0,95.0,103.0,155.0,155.0,252.0,344.0,351.0,390.0,417.0,465.0,497.0,
13.0,14.0,45.0,49.0,141.0,186.0,236.0,260.0,265.0,267.0,275.0,311.0,369.0,455.0,
46.0,54.0,60.0,131.0,143.0,170.0,214.0,235.0,282.0,311.0,340.0,351.0,367.0,375.0,389.0,505.0,711.0,725.0,730.0,757.0,764.0,785.0,791.0,855.0,902.0,907.0,918.0,920.0,927.0,931.0,956.0,995.0,
9.0,37.0,77.0,126.0,158.0,231.0,253.0,258.0,288.0,302.0,316.0,383.0,385.0,391.0,416.0,448.0,478.0,485.0,525.0,544.0,545.0,546.0,547.0,580.0,623.0,626.0,628.0,638.0,717.0,744.0,765.0,776.0,787.0,796.0,872.0,947.0,978.0,982.0,
15.0,53.0,93.0,163.0,176.0,270.0,278.0,294.0,323.0,337.0,348.0,360.0,387.0,418.0,573.0,631.0,635.0,661.0,672.0,679.0,682.0,683.0,753.0,779.0,797.0,826.0,841.0,948.0,956.0,970.0,
7.0,26.0,47.0,72.0,84.0,103.0,107.0,243.0,270.0,277.0,291.0,292.0,362.0,364.0,379.0,385.0,390.0,392.0,419.0,454.0,469.0,469.0,489.0,558.0,594.0,609.0,627.0,687.0,718.0,718.0,732.0,786.0,814.0,831.0,844.0,863.0,897.0,930.0,946.0,958.0,983.0,
6.0,37.0,130.0,144.0,199.0,221.0,245.0,256.0,279.0,288.0,322.0,326.0,464.0,485.0,511.0,538.0,605.0,606.0,619.0,639.0,671.0,672.0,724.0,734.0,741.0,787.0,799.0,805.0,809.0,820.0,834.0,888.0,921.0,932.0,967.0,
14.0,58.0,59.0,67.0,104.0,104.0,192.0,225.0,229.0,237.0,309.0,313.0,359.0,384.0,389.0,412.0,414.0,434.0,436.0,438.0,446.0,457.0,457.0,470.0,533.0,563.0,586.0,588.0,615.0,625.0,632.0,647.0,652.0,710.0,713.0,733.0,792.0,802.0,811.0,817.0,834.0,834.0,844.0,928.0,937.0,946.0,968.0,993.0,
21.0,30.0,35.0,52.0,59.0,66.0,80.0,99.0,111.0,114.0,129.0,216.0,218.0,235.0,266.0,344.0,366.0,385.0,392.0,392.0,406.0,418.0,438.0,452.0,461.0,496.0,509.0,515.0,529.0,540.0,552.0,584.0,591.0,609.0,610.0,612.0,658.0,688.0,711.0,728.0,733.0,765.0,849.0,850.0,856.0,883.0,887.0,893.0,922.0,963.0,997.0,
75.0,100.0,127.0,140.0,154.0,163.0,212.0,234.0,250.0,262.0,269.0,302.0,327.0,337.0,342.0,379.0,397.0,411.0,444.0,457.0,464.0,507.0,581.0,591.0,609.0,646.0,651.0,676.0,691.0,695.0,721.0,744.0,787.0,789.0,840.0,873.0,943.0,955.0,967.0,
46.0,58.0,68.0,71.0,86.0,92.0,92.0,102.0,241.0,243.0,316.0,328.0,374.0,381.0,499.0,506.0,644.0,644.0,703.0,730.0,745.0,767.0,800.0,816.0,920.0,929.0,
22.0,33.0,88.0,90.0,94.0,97.0,120.0,209.0,226.0,228.0,344.0,372.0,377.0,379.0,382.0,450.0,459.0,468.0,469.0,489.0,514.0,620.0,678.0,689.0,696.0,696.0,705.0,716.0,737.0,738.0,769.0,794.0,818.0,906.0,926.0,
26.0,48.0,140.0,157.0,188.0,226.0,253.0,279.0,285.0,304.0,305.0,308.0,329.0,355.0,384.0,391.0,403.0,408.0,459.0,575.0,608.0,610.0,628.0,670.0,695.0,708.0,761.0,764.0,812.0,846.0,851.0,881.0,913.0,957.0,963.0,978.0,
33.0,60.0,90.0,131.0,161.0,201.0,267.0,270.0,299.0,309.0,350.0,351.0,437.0,454.0,522.0,613.0,675.0,690.0,697.0,703.0,711.0,714.0,720.0,763.0,822.0,848.0,901.0,920.0,943.0,971.0,989.0,
19.0,26.0,32.0,37.0,65.0,100.0,101.0,101.0,140.0,200.0,230.0,278.0,314.0,319.0,323.0,410.0,423.0,442.0,447.0,455.0,464.0,501.0,521.0,521.0,521.0,532.0,532.0,612.0,626.0,627.0,659.0,683.0,721.0,754.0,766.0,878.0,962.0,994.0,
18.0,40.0,60.0,82.0,145.0,172.0,215.0,274.0,292.0,318.0,368.0,371.0,442.0,445.0,458.0,460.0,461.0,479.0,508.0,512.0,524.0,543.0,570.0,574.0,580.0,585.0,595.0,612.0,687.0,695.0,758.0,766.0,776.0,792.0,805.0,843.0,846.0,888.0,896.0,927.0,928.0,
15.0,24.0,64.0,95.0,119.0,156.0,198.0,217.0,222.0,295.0,308.0,308.0,317.0,323.0,425.0,495.0,495.0,523.0,545.0,558.0,574.0,574.0,632.0,680.0,690.0,699.0,724.0,755.0,788.0,830.0,841.0,859.0,919.0,923.0,990.0,993.0,
15.0,45.0,46.0,55.0,58.0,78.0,94.0,97.0,139.0,204.0,287.0,289.0,349.0,373.0,404.0,432.0,470.0,478.0,497.0,543.0,568.0,588.0,624.0,624.0,688.0,751.0,751.0,786.0,792.0,809.0,897.0,969.0,972.0,996.0,
9.0,34.0,67.0,68.0,110.0,121.0,225.0,269.0,274.0,287.0,367.0,371.0,436.0,494.0,497.0,548.0,552.0,556.0,568.0,594.0,597.0,657.0,661.0,672.0,682.0,683.0,687.0,687.0,705.0,737.0,766.0,766.0,788.0,794.0,799.0,823.0,847.0,854.0,860.0,892.0,904.0,961.0,
77.0,86.0,103.0,123.0,191.0,220.0,233.0,413.0,438.0,453.0,464.0,472.0,497.0,511.0,519.0,617.0,653.0,686.0,763.0,769.0,800.0,818.0,852.0,859.0,861.0,873.0,903.0,921.0,931.0,931.0,946.0,950.0,981.0,991.0,996.0,997.0,
10.0,38.0,43.0,61.0,82.0,86.0,109.0,290.0,366.0,367.0,427.0,462.0,589.0,598.0,619.0,620.0,620.0,621.0,626.0,664.0,665.0,705.0,713.0,752.0,779.0,789.0,795.0,823.0,852.0,875.0,890.0,907.0,937.0,950.0,982.0,986.0,989.0,
37.0,43.0,45.0,59.0,92.0,105.0,114.0,116.0,135.0,139.0,160.0,164.0,166.0,211.0,230.0,258.0,309.0,344.0,362.0,371.0,391.0,409.0,414.0,421.0,454.0,472.0,495.0,525.0,532.0,543.0,559.0,609.0,633.0,644.0,651.0,652.0,661.0,674.0,707.0,758.0,798.0,849.0,915.0,962.0,
35.0,42.0,220.0,265.0,287.0,297.0,316.0,320.0,342.0,376.0,382.0,410.0,430.0,440.0,488.0,490.0,513.0,587.0,587.0,593.0,620.0,630.0,640.0,691.0,737.0,809.0,833.0,863.0,907.0,
30.0,34.0,49.0,77.0,95.0,203.0,205.0,207.0,218.0,261.0,278.0,289.0,305.0,309.0,386.0,390.0,414.0,444.0,491.0,530.0,540.0,565.0,642.0,649.0,677.0,677.0,694.0,711.0,729.0,735.0,742.0,749.0,762.0,790.0,794.0,804.0,830.0,849.0,858.0,890.0,
49.0,50.0,105.0,139.0,145.0,160.0,160.0,163.0,168.0,224.0,231.0,253.0,292.0,332.0,342.0,348.0,360.0,364.0,373.0,430.0,493.0,511.0,543.0,547.0,619.0,623.0,624.0,644.0,682.0,751.0,771.0,771.0,786.0,806.0,812.0,818.0,839.0,916.0,940.0,998.0,
12.0,22.0,58.0,70.0,110.0,254.0,289.0,332.0,352.0,358.0,381.0,391.0,439.0,491.0,516.0,523.0,544.0,559.0,593.0,619.0,644.0,661.0,675.0,692.0,697.0,708.0,716.0,742.0,748.0,779.0,804.0,839.0,846.0,870.0,906.0,953.0,989.0,
3.0,87.0,108.0,131.0,136.0,143.0,180.0,199.0,214.0,242.0,245.0,258.0,307.0,329.0,339.0,348.0,352.0,369.0,433.0,435.0,466.0,493.0,506.0,536.0,549.0,550.0,658.0,671.0,678.0,713.0,714.0,758.0,761.0,782.0,796.0,808.0,923.0,924.0,959.0,982.0,
33.0,34.0,116.0,122.0,140.0,146.0,169.0,206.0,206.0,271.0,286.0,291.0,307.0,327.0,379.0,391.0,398.0,421.0,456.0,515.0,528.0,541.0,670.0,737.0,798.0,847.0,900.0,931.0,958.0,960.0,
5.0,11.0,15.0,26.0,63.0,94.0,122.0,133.0,146.0,166.0,174.0,190.0,211.0,280.0,339.0,339.0,358.0,387.0,394.0,411.0,414.0,420.0,430.0,439.0,452.0,467.0,489.0,511.0,560.0,574.0,579.0,594.0,684.0,684.0,759.0,767.0,774.0,776.0,933.0,980.0,
25.0,30.0,61.0,80.0,106.0,112.0,127.0,160.0,214.0,307.0,311.0,328.0,330.0,330.0,444.0,483.0,490.0,520.0,521.0,531.0,565.0,570.0,612.0,655.0,666.0,682.0,704.0,714.0,726.0,757.0,774.0,796.0,841.0,869.0,872.0,876.0,909.0,947.0,991.0,
8.0,8.0,11.0,37.0,66.0,75.0,114.0,240.0,251.0,532.0,533.0,553.0,553.0,580.0,581.0,607.0,628.0,643.0,721.0,744.0,748.0,771.0,777.0,780.0,782.0,808.0,828.0,835.0,863.0,868.0,924.0,952.0,955.0,995.0,
8.0,70.0,77.0,77.0,155.0,184.0,213.0,219.0,236.0,266.0,293.0,393.0,397.0,398.0,412.0,412.0,425.0,436.0,439.0,576.0,585.0,659.0,670.0,671.0,707.0,710.0,711.0,711.0,800.0,800.0,890.0,902.0,902.0,905.0,909.0,920.0,953.0,973.0,987.0,
14.0,50.0,110.0,119.0,178.0,191.0,201.0,223.0,228.0,234.0,273.0,284.0,300.0,301.0,308.0,357.0,421.0,432.0,448.0,548.0,572.0,693.0,701.0,705.0,709.0,721.0,731.0,739.0,739.0,751.0,781.0,796.0,812.0,859.0,889.0,891.0,978.0,
62.0,85.0,93.0,115.0,177.0,196.0,234.0,237.0,242.0,277.0,285.0,310.0,323.0,333.0,340.0,359.0,434.0,456.0,471.0,487.0,578.0,608.0,616.0,651.0,653.0,670.0,734.0,738.0,781.0,789.0,836.0,848.0,853.0,875.0,895.0,896.0,
26.0,27.0,48.0,62.0,140.0,156.0,160.0,172.0,258.0,318.0,323.0,337.0,371.0,389.0,392.0,412.0,459.0,461.0,474.0,516.0,537.0,538.0,562.0,584.0,615.0,740.0,797.0,830.0,835.0,867.0,890.0,913.0,970.0,995.0,
