71.0,171.0,172.0,175.0,176.0,233.0,268.0,273.0,290.0,296.0,341.0,362.0,382.0,386.0,389.0,402.0,544.0,565.0,582.0,588.0,589.0,628.0,780.0,808.0,845.0,916.0,917.0,918.0,920.0,984.0,
39.0,75.0,92.0,124.0,135.0,138.0,146.0,147.0,221.0,225.0,250.0,290.0,372.0,414.0,468.0,482.0,482.0,508.0,515.0,549.0,578.0,593.0,623.0,627.0,631.0,658.0,678.0,801.0,866.0,870.0,888.0,900.0,960.0,965.0,980.0,988.0,993.0,994.0,
26.0,69.0,81.0,122.0,155.0,163.0,176.0,225.0,268.0,268.0,286.0,298.0,304.0,313.0,392.0,403.0,476.0,486.0,504.0,510.0,524.0,526.0,541.0,544.0,563.0,597.0,611.0,632.0,685.0,705.0,707.0,726.0,729.0,763.0,764.0,767.0,786.0,831.0,833.0,835.0,835.0,889.0,890.0,938.0,943.0,966.0,
2.0,6.0,85.0,102.0,127.0,137.0,206.0,217.0,286.0,318.0,344.0,380.0,425.0,452.0,472.0,511.0,521.0,539.0,547.0,578.0,586.0,597.0,598.0,643.0,649.0,687.0,720.0,720.0,732.0,752.0,764.0,773.0,774.0,794.0,809.0,864.0,882.0,986.0,988.0,
41.0,133.0,139.0,141.0,152.0,271.0,281.0,316.0,321.0,327.0,328.0,332.0,338.0,419.0,424.0,437.0,469.0,533.0,606.0,650.0,652.0,654.0,717.0,720.0,767.0,842.0,867.0,880.0,889.0,916.0,934.0,937.0,944.0,949.0,958.0,
25.0,90.0,97.0,132.0,137.0,183.0,219.0,231.0,231.0,267.0,298.0,324.0,339.0,362.0,469.0,525.0,531.0,538.0,616.0,658.0,758.0,767.0,890.0,930.0,987.0,
11.0,18.0,110.0,156.0,175.0,194.0,214.0,233.0,259.0,274.0,297.0,317.0,330.0,340.0,374.0,390.0,460.0,529.0,532.0,548.0,633.0,672.0,677.0,680.0,724.0,772.0,818.0,833.0,863.0,874.0,890.0,906.0,925.0,935.0,946.0,955.0,988.0,998.0,
36.0,40.0,41.0,57.0,64.0,94.0,96.0,112.0,147.0,228.0,249.0,257.0,266.0,322.0,347.0,429.0,461.0,492.0,507.0,528.0,537.0,550.0,615.0,619.0,628.0,637.0,650.0,653.0,693.0,694.0,712.0,729.0,749.0,751.0,772.0,774.0,807.0,829.0,846.0,857.0,879.0,911.0,933.0,936.0,939.0,967.0,
42.0,147.0,172.0,194.0,213.0,258.0,290.0,306.0,322.0,355.0,374.0,459.0,475.0,476.0,493.0,499.0,499.0,543.0,556.0,563.0,589.0,617.0,636.0,652.0,712.0,712.0,716.0,737.0,776.0,800.0,835.0,842.0,844.0,856.0,954.0,
3.0,10.0,21.0,81.0,85.0,99.0,123.0,148.0,184.0,206.0,217.0,245.0,263.0,272.0,280.0,302.0,335.0,396.0,442.0,516.0,528.0,548.0,571.0,590.0,602.0,608.0,627.0,651.0,657.0,668.0,691.0,694.0,736.0,748.0,753.0,756.0,834.0,896.0,908.0,
55.0,74.0,120.0,126.0,165.0,277.0,344.0,355.0,405.0,462.0,467.0,488.0,496.0,549.0,602.0,603.0,620.0,628.0,648.0,669.0,699.0,797.0,818.0,848.0,848.0,903.0,951.0,
2.0,36.0,37.0,51.0,92.0,92.0,192.0,229.0,286.0,287.0,302.0,332.0,448.0,451.0,459.0,467.0,483.0,580.0,582.0,635.0,659.0,666.0,727.0,796.0,822.0,834.0,873.0,950.0,957.0,987.0,
9.0,53.0,85.0,87.0,102.0,180.0,219.0,224.0,251.0,262.0,266.0,275.0,277.0,277.0,305.0,359.0,380.0,390.0,459.0,518.0,535.0,600.0,607.0,629.0,704.0,728.0,735.0,758.0,801.0,817.0,849.0,920.0,
52.0,67.0,69.0,78.0,152.0,178.0,181.0,241.0,264.0,272.0,340.0,350.0,382.0,386.0,443.0,448.0,466.0,469.0,473.0,484.0,504.0,568.0,595.0,653.0,657.0,690.0,747.0,762.0,818.0,835.0,882.0,995.0,995.0,
4.0,25.0,35.0,90.0,127.0,158.0,349.0,387.0,407.0,495.0,515.0,558.0,560.0,569.0,578.0,594.0,594.0,602.0,657.0,681.0,704.0,793.0,830.0,898.0,903.0,915.0,942.0,944.0,
89.0,200.0,204.0,204.0,268.0,272.0,275.0,291.0,313.0,315.0,357.0,399.0,415.0,446.0,481.0,530.0,641.0,700.0,721.0,730.0,733.0,749.0,775.0,864.0,870.0,883.0,945.0,995.0,
7.0,8.0,51.0,52.0,54.0,99.0,114.0,139.0,139.0,144.0,146.0,150.0,174.0,177.0,182.0,259.0,268.0,303.0,309.0,361.0,367.0,382.0,404.0,435.0,461.0,474.0,501.0,508.0,531.0,543.0,583.0,599.0,601.0,606.0,634.0,655.0,656.0,717.0,737.0,785.0,815.0,872.0,875.0,881.0,910.0,938.0,950.0,971.0,987.0,998.0,
54.0,73.0,73.0,82.0,84.0,158.0,166.0,172.0,176.0,225.0,227.0,276.0,279.0,294.0,319.0,343.0,343.0,347.0,372.0,438.0,444.0,466.0,520.0,600.0,609.0,640.0,661.0,684.0,721.0,722.0,728.0,775.0,845.0,863.0,908.0,911.0,953.0,968.0,977.0,985.0,996.0,
18.0,31.0,70.0,154.0,183.0,210.0,215.0,283.0,312.0,336.0,361.0,461.0,509.0,537.0,543.0,568.0,574.0,630.0,652.0,703.0,704.0,710.0,720.0,725.0,759.0,782.0,792.0,820.0,837.0,841.0,848.0,901.0,904.0,907.0,931.0,935.0,955.0,996.0,
53.0,77.0,127.0,159.0,171.0,185.0,206.0,215.0,264.0,266.0,286.0,300.0,321.0,325.0,364.0,400.0,404.0,421.0,473.0,545.0,608.0,645.0,674.0,688.0,698.0,705.0,710.0,712.0,777.0,790.0,835.0,900.0,922.0,943.0,945.0,981.0,
35.0,62.0,92.0,98.0,138.0,145.0,171.0,204.0,254.0,255.0,267.0,268.0,271.0,293.0,301.0,311.0,384.0,408.0,415.0,462.0,472.0,515.0,523.0,531.0,560.0,597.0,616.0,629.0,713.0,751.0,758.0,810.0,815.0,836.0,847.0,883.0,887.0,951.0,
81.0,91.0,132.0,151.0,167.0,229.0,233.0,280.0,310.0,327.0,331.0,368.0,415.0,420.0,424.0,458.0,511.0,515.0,527.0,532.0,541.0,589.0,617.0,622.0,641.0,644.0,659.0,664.0,731.0,759.0,778.0,780.0,786.0,787.0,813.0,883.0,890.0,914.0,917.0,918.0,935.0,973.0,976.0,985.0,
19.0,33.0,33.0,36.0,46.0,51.0,71.0,74.0,158.0,180.0,207.0,215.0,227.0,234.0,247.0,274.0,290.0,357.0,358.0,366.0,367.0,466.0,568.0,742.0,743.0,755.0,770.0,781.0,786.0,800.0,802.0,808.0,855.0,860.0,865.0,897.0,921.0,933.0,937.0,961.0,
17.0,36.0,65.0,65.0,74.0,108.0,128.0,133.0,151.0,157.0,161.0,167.0,169.0,232.0,235.0,241.0,245.0,262.0,280.0,338.0,353.0,355.0,395.0,455.0,499.0,507.0,557.0,558.0,599.0,616.0,650.0,684.0,694.0,709.0,829.0,851.0,851.0,915.0,983.0,
8.0,9.0,36.0,115.0,130.0,133.0,139.0,197.0,226.0,248.0,261.0,316.0,319.0,345.0,359.0,373.0,387.0,431.0,469.0,469.0,498.0,501.0,581.0,593.0,595.0,597.0,615.0,626.0,641.0,652.0,654.0,691.0,707.0,708.0,711.0,711.0,750.0,809.0,809.0,841.0,851.0,855.0,863.0,864.0,881.0,924.0,926.0,984.0,
32.0,43.0,63.0,95.0,141.0,165.0,171.0,193.0,196.0,204.0,248.0,264.0,298.0,306.0,359.0,380.0,420.0,476.0,508.0,538.0,587.0,613.0,620.0,638.0,686.0,695.0,732.0,736.0,738.0,779.0,782.0,798.0,845.0,863.0,933.0,
14.0,18.0,87.0,113.0,123.0,143.0,159.0,193.0,207.0,221.0,239.0,283.0,295.0,295.0,302.0,309.0,326.0,427.0,442.0,557.0,564.0,606.0,663.0,690.0,704.0,721.0,739.0,802.0,803.0,920.0,920.0,944.0,955.0,979.0,982.0,983.0,991.0,
19.0,36.0,38.0,100.0,159.0,172.0,252.0,266.0,281.0,284.0,291.0,298.0,366.0,467.0,514.0,522.0,553.0,606.0,607.0,628.0,636.0,657.0,664.0,666.0,677.0,703.0,714.0,718.0,723.0,727.0,729.0,781.0,788.0,816.0,832.0,856.0,857.0,894.0,915.0,968.0,
7.0,18.0,63.0,103.0,121.0,124.0,137.0,166.0,190.0,294.0,306.0,332.0,332.0,383.0,464.0,487.0,491.0,553.0,558.0,585.0,611.0,613.0,673.0,686.0,699.0,751.0,785.0,789.0,796.0,835.0,862.0,905.0,920.0,930.0,933.0,935.0,
81.0,136.0,139.0,165.0,178.0,191.0,212.0,228.0,258.0,260.0,296.0,301.0,327.0,389.0,393.0,420.0,512.0,614.0,627.0,644.0,681.0,696.0,743.0,816.0,832.0,838.0,839.0,852.0,861.0,868.0,874.0,993.0,
63.0,70.0,175.0,194.0,199.0,209.0,227.0,244.0,245.0,249.0,269.0,278.0,280.0,341.0,348.0,383.0,637.0,671.0,687.0,714.0,729.0,737.0,743.0,785.0,797.0,799.0,812.0,819.0,854.0,871.0,953.0,956.0,963.0,966.0,
76.0,113.0,136.0,149.0,155.0,185.0,291.0,301.0,348.0,352.0,361.0,395.0,417.0,442.0,464.0,491.0,510.0,522.0,523.0,531.0,531.0,541.0,579.0,584.0,591.0,623.0,657.0,664.0,706.0,759.0,769.0,786.0,820.0,865.0,895.0,900.0,902.0,938.0,1000.0,
88.0,88.0,112.0,131.0,136.0,157.0,249.0,274.0,321.0,332.0,344.0,349.0,366.0,366.0,368.0,371.0,413.0,531.0,564.0,579.0,580.0,592.0,668.0,733.0,757.0,797.0,802.0,887.0,896.0,917.0,922.0,984.0,
28.0,48.0,68.0,76.0,138.0,166.0,176.0,274.0,277.0,308.0,349.0,362.0,368.0,408.0,454.0,496.0,498.0,540.0,541.0,555.0,610.0,614.0,625.0,658.0,678.0,709.0,749.0,790.0,847.0,848.0,857.0,882.0,883.0,885.0,887.0,924.0,928.0,941.0,941.0,945.0,986.0,987.0,1000.0,
10.0,54.0,104.0,121.0,122.0,139.0,175.0,176.0,198.0,258.0,289.0,305.0,312.0,320.0,370.0,378.0,390.0,424.0,446.0,453.0,460.0,595.0,633.0,641.0,646.0,668.0,682.0,705.0,709.0,754.0,788.0,795.0,796.0,812.0,814.0,835.0,860.0,898.0,917.0,956.0,998.0,
2.0,12.0,28.0,29.0,43.0,69.0,106.0,139.0,142.0,177.0,180.0,202.0,240.0,260.0,328.0,333.0,333.0,366.0,427.0,433.0,455.0,490.0,490.0,705.0,740.0,793.0,793.0,899.0,905.0,913.0,916.0,950.0,1000.0,
51.0,97.0,112.0,133.0,168.0,171.0,178.0,196.0,215.0,245.0,309.0,370.0,397.0,412.0,447.0,471.0,573.0,606.0,642.0,644.0,719.0,794.0,813.0,849.0,861.0,870.0,910.0,980.0,984.0,985.0,
3.0,12.0,15.0,72.0,101.0,158.0,184.0,198.0,227.0,230.0,254.0,281.0,314.0,324.0,326.0,342.0,403.0,404.0,425.0,482.0,491.0,496.0,519.0,549.0,557.0,597.0,609.0,646.0,655.0,683.0,702.0,735.0,747.0,773.0,780.0,780.0,801.0,802.0,806.0,811.0,847.0,878.0,895.0,896.0,957.0,
61.0,70.0,85.0,90.0,122.0,140.0,242.0,277.0,285.0,285.0,359.0,386.0,398.0,427.0,428.0,466.0,467.0,484.0,511.0,522.0,535.0,541.0,558.0,601.0,619.0,647.0,651.0,695.0,709.0,711.0,722.0,769.0,773.0,792.0,853.0,853.0,872.0,900.0,985.0,
17.0,70.0,131.0,148.0,152.0,263.0,269.0,287.0,318.0,346.0,364.0,399.0,472.0,473.0,540.0,619.0,653.0,653.0,662.0,673.0,724.0,804.0,855.0,859.0,865.0,873.0,889.0,906.0,916.0,927.0,937.0,945.0,970.0,979.0,982.0,
40.0,94.0,111.0,190.0,243.0,262.0,264.0,305.0,308.0,362.0,385.0,388.0,414.0,417.0,433.0,489.0,625.0,679.0,686.0,692.0,712.0,713.0,759.0,769.0,771.0,777.0,786.0,793.0,851.0,875.0,875.0,899.0,929.0,929.0,931.0,942.0,
44.0,49.0,54.0,59.0,67.0,70.0,102.0,223.0,250.0,250.0,255.0,259.0,322.0,362.0,407.0,463.0,468.0,493.0,545.0,567.0,585.0,612.0,616.0,618.0,618.0,629.0,678.0,717.0,734.0,735.0,858.0,882.0,888.0,911.0,918.0,922.0,924.0,935.0,942.0,957.0,967.0,967.0,991.0,999.0,
51.0,58.0,89.0,138.0,156.0,172.0,190.0,224.0,282.0,310.0,339.0,340.0,350.0,352.0,395.0,404.0,440.0,473.0,535.0,577.0,644.0,648.0,666.0,674.0,683.0,708.0,721.0,744.0,761.0,775.0,807.0,820.0,855.0,875.0,881.0,883.0,952.0,965.0,977.0,983.0,
11.0,35.0,85.0,108.0,161.0,164.0,189.0,222.0,275.0,310.0,311.0,372.0,404.0,466.0,487.0,493.0,547.0,559.0,639.0,668.0,702.0,703.0,717.0,718.0,727.0,805.0,814.0,828.0,895.0,903.0,904.0,906.0,924.0,970.0,989.0,
41.0,67.0,89.0,113.0,127.0,171.0,189.0,227.0,233.0,264.0,282.0,331.0,332.0,428.0,
21.0,23.0,61.0,156.0,182.0,213.0,255.0,294.0,299.0,382.0,450.0,462.0,
28.0,125.0,134.0,136.0,142.0,176.0,179.0,180.0,182.0,185.0,185.0,220.0,250.0,292.0,299.0,361.0,398.0,458.0,506.0,507.0,
31.0,90.0,95.0,105.0,113.0,173.0,181.0,202.0,211.0,222.0,274.0,287.0,291.0,300.0,301.0,325.0,357.0,372.0,372.0,444.0,468.0,601.0,614.0,616.0,654.0,695.0,701.0,709.0,728.0,738.0,753.0,758.0,787.0,790.0,791.0,865.0,871.0,882.0,884.0,909.0,937.0,967.0,982.0,
31.0,69.0,104.0,107.0,181.0,183.0,191.0,194.0,206.0,233.0,242.0,250.0,265.0,271.0,292.0,293.0,294.0,361.0,430.0,473.0,485.0,495.0,610.0,670.0,694.0,715.0,742.0,746.0,758.0,760.0,785.0,792.0,797.0,818.0,830.0,850.0,878.0,912.0,964.0,964.0,975.0,1000.0,
8.0,40.0,40.0,42.0,83.0,93.0,202.0,206.0,213.0,213.0,229.0,232.0,288.0,355.0,357.0,370.0,370.0,386.0,429.0,437.0,473.0,499.0,508.0,557.0,660.0,718.0,720.0,732.0,737.0,763.0,813.0,825.0,856.0,885.0,931.0,966.0,984.0,990.0,
2.0,24.0,82.0,194.0,202.0,295.0,314.0,405.0,486.0,643.0,643.0,677.0,700.0,736.0,744.0,834.0,874.0,901.0,925.0,948.0,960.0,
23.0,26.0,59.0,85.0,111.0,113.0,149.0,164.0,219.0,224.0,290.0,309.0,404.0,410.0,411.0,420.0,446.0,465.0,483.0,518.0,554.0,581.0,590.0,594.0,621.0,622.0,653.0,655.0,730.0,791.0,848.0,884.0,900.0,945.0,957.0,
38.0,43.0,53.0,78.0,143.0,150.0,224.0,240.0,273.0,384.0,401.0,411.0,413.0,426.0,460.0,490.0,511.0,529.0,531.0,563.0,596.0,617.0,628.0,634.0,646.0,687.0,696.0,723.0,778.0,782.0,796.0,845.0,863.0,876.0,884.0,927.0,933.0,972.0,990.0,
32.0,69.0,74.0,85.0,99.0,167.0,198.0,204.0,222.0,231.0,249.0,332.0,352.0,362.0,407.0,476.0,648.0,658.0,664.0,716.0,734.0,762.0,804.0,833.0,859.0,870.0,933.0,945.0,994.0,
6.0,16.0,26.0,33.0,38.0,77.0,95.0,97.0,164.0,210.0,232.0,247.0,321.0,367.0,402.0,470.0,
6.0,104.0,211.0,344.0,423.0,429.0,470.0,854.0,873.0,
114.0,147.0,155.0,240.0,290.0,316.0,341.0,442.0,470.0,
87.0,159.0,185.0,217.0,232.0,247.0,274.0,277.0,303.0,303.0,348.0,350.0,385.0,431.0,461.0,485.0,656.0,661.0,725.0,727.0,781.0,812.0,823.0,830.0,832.0,840.0,871.0,957.0,979.0,985.0,
2.0,9.0,18.0,53.0,53.0,57.0,77.0,78.0,92.0,118.0,186.0,203.0,282.0,291.0,313.0,317.0,345.0,346.0,390.0,424.0,437.0,476.0,502.0,550.0,560.0,575.0,595.0,617.0,735.0,785.0,808.0,839.0,839.0,847.0,896.0,916.0,932.0,957.0,958.0,965.0,972.0,
8.0,56.0,72.0,77.0,110.0,137.0,204.0,213.0,307.0,374.0,454.0,505.0,551.0,558.0,565.0,571.0,577.0,580.0,608.0,612.0,659.0,721.0,731.0,747.0,752.0,753.0,828.0,828.0,958.0,980.0,
17.0,34.0,50.0,71.0,81.0,84.0,110.0,314.0,320.0,329.0,329.0,358.0,438.0,474.0,483.0,488.0,579.0,583.0,694.0,716.0,758.0,762.0,766.0,768.0,773.0,802.0,809.0,848.0,876.0,879.0,885.0,942.0,975.0,
15.0,44.0,122.0,133.0,157.0,204.0,248.0,255.0,279.0,326.0,416.0,470.0,477.0,510.0,514.0,548.0,580.0,644.0,664.0,682.0,707.0,717.0,721.0,733.0,759.0,787.0,792.0,802.0,866.0,905.0,932.0,
13.0,19.0,58.0,59.0,106.0,149.0,186.0,212.0,216.0,263.0,277.0,291.0,299.0,335.0,345.0,625.0,644.0,660.0,678.0,697.0,700.0,706.0,755.0,773.0,807.0,866.0,921.0,932.0,
39.0,44.0,81.0,105.0,124.0,125.0,139.0,185.0,195.0,255.0,290.0,366.0,403.0,411.0,427.0,433.0,450.0,462.0,560.0,619.0,677.0,680.0,698.0,706.0,707.0,727.0,730.0,779.0,878.0,887.0,914.0,924.0,928.0,940.0,969.0,
2.0,2.0,4.0,78.0,94.0,109.0,140.0,206.0,233.0,288.0,295.0,315.0,317.0,348.0,375.0,401.0,405.0,414.0,422.0,483.0,489.0,503.0,
16.0,17.0,58.0,68.0,89.0,125.0,161.0,174.0,208.0,260.0,285.0,287.0,306.0,318.0,364.0,364.0,372.0,382.0,411.0,416.0,420.0,454.0,487.0,
46.0,58.0,141.0,146.0,158.0,163.0,210.0,220.0,235.0,244.0,263.0,319.0,352.0,353.0,382.0,485.0,505.0,
96.0,97.0,112.0,113.0,114.0,116.0,120.0,200.0,202.0,217.0,229.0,235.0,263.0,284.0,294.0,305.0,320.0,416.0,433.0,460.0,498.0,612.0,640.0,704.0,784.0,796.0,807.0,815.0,887.0,945.0,976.0,995.0,
9.0,59.0,92.0,110.0,113.0,129.0,130.0,142.0,158.0,216.0,228.0,235.0,244.0,257.0,328.0,374.0,375.0,386.0,418.0,430.0,531.0,579.0,584.0,592.0,607.0,615.0,619.0,619.0,629.0,635.0,655.0,712.0,752.0,842.0,844.0,850.0,895.0,914.0,925.0,930.0,941.0,949.0,
34.0,63.0,89.0,162.0,177.0,183.0,190.0,201.0,201.0,244.0,247.0,249.0,270.0,282.0,379.0,385.0,442.0,467.0,474.0,479.0,483.0,486.0,512.0,550.0,598.0,607.0,645.0,651.0,695.0,756.0,765.0,815.0,840.0,881.0,915.0,935.0,938.0,984.0,994.0,
17.0,89.0,102.0,154.0,193.0,207.0,259.0,267.0,344.0,435.0,445.0,486.0,529.0,577.0,583.0,587.0,604.0,616.0,706.0,754.0,855.0,863.0,863.0,880.0,976.0,983.0,988.0,
3.0,18.0,21.0,55.0,88.0,119.0,148.0,156.0,156.0,251.0,252.0,287.0,328.0,341.0,522.0,523.0,528.0,536.0,551.0,586.0,649.0,664.0,670.0,687.0,719.0,744.0,842.0,918.0,923.0,926.0,939.0,977.0,987.0,
5.0,60.0,107.0,164.0,175.0,197.0,241.0,320.0,329.0,354.0,371.0,376.0,391.0,399.0,456.0,473.0,493.0,508.0,539.0,542.0,546.0,556.0,571.0,590.0,626.0,649.0,674.0,681.0,694.0,697.0,711.0,715.0,728.0,790.0,795.0,796.0,820.0,828.0,854.0,969.0,
65.0,75.0,77.0,92.0,107.0,171.0,189.0,202.0,253.0,355.0,385.0,421.0,438.0,455.0,475.0,485.0,493.0,496.0,501.0,556.0,587.0,589.0,592.0,607.0,610.0,613.0,618.0,620.0,626.0,642.0,643.0,655.0,683.0,726.0,737.0,749.0,750.0,754.0,760.0,760.0,770.0,796.0,828.0,838.0,881.0,900.0,915.0,937.0,975.0,983.0,
46.0,69.0,78.0,79.0,109.0,110.0,122.0,127.0,137.0,277.0,331.0,366.0,399.0,446.0,496.0,522.0,618.0,620.0,632.0,632.0,633.0,729.0,739.0,741.0,765.0,844.0,893.0,903.0,944.0,964.0,970.0,
44.0,45.0,177.0,228.0,249.0,320.0,356.0,372.0,378.0,386.0,408.0,425.0,426.0,426.0,454.0,459.0,509.0,645.0,696.0,743.0,786.0,852.0,882.0,886.0,954.0,979.0,
19.0,31.0,35.0,90.0,102.0,120.0,135.0,142.0,162.0,162.0,171.0,204.0,238.0,244.0,298.0,354.0,359.0,405.0,421.0,440.0,479.0,496.0,555.0,617.0,685.0,701.0,769.0,770.0,818.0,854.0,854.0,855.0,871.0,891.0,903.0,915.0,929.0,950.0,956.0,986.0,999.0,
72.0,99.0,107.0,134.0,151.0,162.0,200.0,206.0,208.0,222.0,234.0,263.0,375.0,377.0,402.0,409.0,476.0,486.0,544.0,549.0,559.0,567.0,606.0,675.0,693.0,707.0,727.0,784.0,794.0,816.0,824.0,829.0,833.0,859.0,870.0,894.0,904.0,908.0,934.0,941.0,944.0,990.0,996.0,
2.0,3.0,47.0,81.0,101.0,177.0,207.0,219.0,242.0,244.0,276.0,282.0,305.0,312.0,384.0,388.0,431.0,489.0,494.0,499.0,514.0,571.0,574.0,578.0,660.0,683.0,699.0,742.0,761.0,772.0,835.0,855.0,859.0,862.0,870.0,871.0,880.0,887.0,898.0,898.0,899.0,953.0,959.0,966.0,978.0,
32.0,45.0,125.0,126.0,174.0,176.0,202.0,213.0,225.0,243.0,247.0,305.0,417.0,435.0,442.0,467.0,472.0,477.0,488.0,574.0,575.0,583.0,595.0,615.0,669.0,670.0,681.0,777.0,777.0,780.0,814.0,830.0,856.0,882.0,928.0,987.0,
20.0,98.0,110.0,111.0,115.0,121.0,134.0,210.0,222.0,261.0,310.0,320.0,356.0,392.0,400.0,408.0,412.0,413.0,501.0,556.0,576.0,633.0,699.0,732.0,761.0,791.0,902.0,905.0,907.0,907.0,934.0,935.0,936.0,944.0,975.0,976.0,
4.0,6.0,16.0,22.0,24.0,34.0,86.0,87.0,119.0,136.0,186.0,300.0,363.0,439.0,510.0,553.0,571.0,576.0,612.0,635.0,685.0,688.0,734.0,736.0,903.0,969.0,975.0,
8.0,33.0,74.0,145.0,217.0,271.0,331.0,384.0,449.0,538.0,549.0,573.0,598.0,602.0,666.0,682.0,701.0,740.0,783.0,812.0,824.0,827.0,827.0,835.0,851.0,900.0,920.0,
43.0,66.0,84.0,101.0,105.0,123.0,138.0,163.0,176.0,185.0,246.0,270.0,278.0,346.0,354.0,401.0,414.0,442.0,525.0,609.0,650.0,655.0,675.0,678.0,681.0,699.0,721.0,737.0,738.0,845.0,862.0,873.0,881.0,891.0,909.0,921.0,965.0,980.0,
16.0,41.0,50.0,94.0,114.0,161.0,174.0,190.0,198.0,249.0,267.0,268.0,301.0,327.0,399.0,401.0,405.0,445.0,505.0,509.0,536.0,573.0,585.0,614.0,616.0,621.0,624.0,630.0,653.0,661.0,661.0,694.0,714.0,717.0,732.0,764.0,873.0,897.0,946.0,956.0,
81.0,92.0,115.0,172.0,183.0,245.0,245.0,247.0,250.0,263.0,274.0,311.0,366.0,406.0,430.0,527.0,555.0,570.0,574.0,594.0,644.0,654.0,667.0,671.0,678.0,680.0,743.0,785.0,800.0,821.0,827.0,834.0,838.0,841.0,849.0,858.0,878.0,896.0,898.0,909.0,932.0,957.0,961.0,
7.0,14.0,20.0,32.0,45.0,58.0,257.0,259.0,309.0,348.0,357.0,359.0,381.0,399.0,431.0,458.0,466.0,509.0,522.0,546.0,551.0,615.0,628.0,637.0,646.0,729.0,737.0,739.0,817.0,830.0,836.0,906.0,932.0,937.0,973.0,
10.0,73.0,74.0,126.0,178.0,185.0,234.0,241.0,250.0,266.0,277.0,294.0,303.0,307.0,307.0,367.0,376.0,549.0,621.0,637.0,638.0,670.0,703.0,731.0,744.0,832.0,841.0,846.0,882.0,957.0,
41.0,62.0,121.0,141.0,141.0,147.0,168.0,200.0,228.0,243.0,261.0,273.0,290.0,299.0,400.0,429.0,504.0,516.0,539.0,568.0,583.0,585.0,643.0,656.0,695.0,702.0,712.0,731.0,737.0,754.0,791.0,821.0,878.0,885.0,910.0,982.0,995.0,
23.0,48.0,97.0,104.0,114.0,151.0,152.0,202.0,223.0,257.0,300.0,305.0,347.0,365.0,386.0,423.0,434.0,436.0,445.0,499.0,541.0,541.0,556.0,571.0,600.0,616.0,731.0,734.0,821.0,838.0,867.0,891.0,892.0,945.0,971.0,990.0,
51.0,67.0,86.0,89.0,100.0,106.0,137.0,193.0,195.0,199.0,209.0,210.0,220.0,221.0,222.0,226.0,265.0,312.0,317.0,318.0,353.0,406.0,419.0,424.0,431.0,475.0,477.0,482.0,483.0,499.0,509.0,513.0,517.0,521.0,534.0,567.0,573.0,580.0,611.0,621.0,665.0,700.0,783.0,790.0,812.0,859.0,882.0,915.0,937.0,950.0,956.0,
7.0,14.0,101.0,136.0,151.0,163.0,346.0,367.0,422.0,452.0,488.0,521.0,539.0,558.0,571.0,592.0,867.0,873.0,876.0,889.0,890.0,927.0,930.0,934.0,953.0,
6.0,26.0,47.0,55.0,56.0,192.0,285.0,303.0,309.0,336.0,425.0,455.0,460.0,494.0,502.0,538.0,543.0,560.0,572.0,586.0,603.0,606.0,634.0,678.0,696.0,697.0,703.0,716.0,725.0,842.0,854.0,861.0,880.0,904.0,954.0,967.0,
18.0,25.0,79.0,83.0,96.0,169.0,273.0,327.0,398.0,426.0,478.0,480.0,528.0,530.0,531.0,629.0,712.0,735.0,809.0,890.0,912.0,944.0,
44.0,55.0,116.0,169.0,255.0,316.0,389.0,441.0,449.0,483.0,514.0,527.0,552.0,606.0,614.0,671.0,698.0,720.0,745.0,802.0,828.0,829.0,847.0,860.0,894.0,897.0,910.0,954.0,972.0,976.0,982.0,998.0,
67.0,79.0,107.0,122.0,143.0,172.0,177.0,196.0,276.0,280.0,306.0,315.0,348.0,382.0,421.0,433.0,496.0,504.0,547.0,583.0,617.0,635.0,663.0,774.0,837.0,847.0,860.0,906.0,911.0,928.0,978.0,
4.0,6.0,91.0,155.0,203.0,231.0,249.0,254.0,274.0,335.0,348.0,351.0,379.0,409.0,427.0,432.0,438.0,446.0,469.0,483.0,492.0,514.0,533.0,539.0,681.0,701.0,731.0,742.0,754.0,807.0,826.0,832.0,865.0,892.0,893.0,899.0,905.0,974.0,983.0,996.0,997.0,
45.0,53.0,80.0,158.0,183.0,223.0,251.0,258.0,262.0,296.0,307.0,327.0,339.0,367.0,375.0,446.0,450.0,455.0,461.0,532.0,590.0,596.0,596.0,653.0,702.0,724.0,765.0,777.0,792.0,815.0,816.0,892.0,894.0,915.0,
14.0,34.0,54.0,90.0,137.0,142.0,144.0,156.0,198.0,228.0,231.0,253.0,314.0,314.0,358.0,409.0,411.0,441.0,448.0,452.0,517.0,546.0,550.0,641.0,648.0,675.0,679.0,685.0,698.0,702.0,713.0,725.0,778.0,799.0,804.0,821.0,825.0,877.0,895.0,896.0,909.0,922.0,941.0,954.0,955.0,966.0,980.0,994.0,
33.0,44.0,63.0,125.0,131.0,186.0,224.0,248.0,273.0,293.0,294.0,307.0,368.0,387.0,391.0,407.0,429.0,448.0,454.0,455.0,460.0,498.0,508.0,533.0,547.0,556.0,571.0,590.0,602.0,613.0,651.0,652.0,656.0,659.0,685.0,800.0,815.0,856.0,863.0,875.0,918.0,934.0,958.0,987.0,
