19.0,23.0,102.0,121.0,143.0,228.0,303.0,309.0,414.0,440.0,451.0,468.0,490.0,512.0,590.0,603.0,626.0,708.0,740.0,772.0,788.0,822.0,825.0,862.0,912.0,926.0,
6.0,27.0,81.0,82.0,103.0,124.0,180.0,195.0,195.0,217.0,218.0,259.0,261.0,320.0,326.0,343.0,345.0,351.0,399.0,439.0,461.0,500.0,535.0,538.0,566.0,708.0,730.0,751.0,876.0,882.0,899.0,903.0,949.0,990.0,994.0,
28.0,58.0,63.0,71.0,81.0,81.0,128.0,133.0,189.0,210.0,274.0,395.0,416.0,478.0,528.0,570.0,582.0,611.0,639.0,649.0,650.0,654.0,702.0,762.0,766.0,775.0,795.0,820.0,903.0,913.0,922.0,973.0,
66.0,81.0,106.0,109.0,109.0,120.0,138.0,148.0,161.0,225.0,289.0,313.0,345.0,369.0,387.0,406.0,443.0,458.0,537.0,557.0,569.0,611.0,611.0,617.0,662.0,666.0,689.0,691.0,740.0,745.0,747.0,789.0,795.0,795.0,808.0,988.0,996.0,
10.0,39.0,58.0,84.0,111.0,127.0,155.0,182.0,190.0,240.0,277.0,284.0,284.0,298.0,303.0,318.0,341.0,354.0,385.0,434.0,461.0,469.0,481.0,517.0,530.0,544.0,604.0,620.0,640.0,678.0,721.0,724.0,856.0,877.0,927.0,927.0,935.0,955.0,960.0,983.0,989.0,994.0,
97.0,103.0,128.0,147.0,177.0,191.0,227.0,233.0,293.0,496.0,509.0,510.0,514.0,558.0,562.0,571.0,591.0,611.0,639.0,663.0,663.0,680.0,720.0,720.0,728.0,729.0,764.0,787.0,798.0,905.0,917.0,930.0,960.0,961.0,993.0,
23.0,46.0,128.0,134.0,135.0,139.0,140.0,194.0,204.0,209.0,248.0,253.0,256.0,304.0,315.0,356.0,383.0,388.0,408.0,443.0,447.0,478.0,480.0,530.0,550.0,578.0,588.0,602.0,668.0,774.0,838.0,859.0,991.0,
2.0,15.0,22.0,23.0,31.0,104.0,129.0,139.0,164.0,211.0,255.0,271.0,291.0,294.0,319.0,339.0,361.0,423.0,425.0,482.0,486.0,488.0,546.0,592.0,596.0,607.0,609.0,622.0,643.0,659.0,663.0,677.0,725.0,736.0,752.0,768.0,815.0,829.0,872.0,930.0,938.0,969.0,981.0,991.0,993.0,
90.0,106.0,119.0,122.0,129.0,132.0,247.0,313.0,331.0,335.0,361.0,437.0,471.0,491.0,507.0,539.0,541.0,556.0,568.0,619.0,623.0,650.0,672.0,694.0,778.0,780.0,787.0,832.0,839.0,866.0,887.0,904.0,914.0,919.0,962.0,968.0,
50.0,66.0,82.0,84.0,106.0,114.0,135.0,170.0,185.0,251.0,263.0,290.0,334.0,345.0,395.0,431.0,432.0,432.0,493.0,505.0,506.0,521.0,522.0,523.0,523.0,531.0,552.0,596.0,607.0,617.0,638.0,672.0,680.0,698.0,698.0,816.0,836.0,853.0,884.0,889.0,892.0,923.0,954.0,962.0,965.0,
31.0,60.0,69.0,94.0,153.0,191.0,193.0,215.0,224.0,242.0,267.0,296.0,318.0,328.0,331.0,358.0,359.0,403.0,456.0,479.0,545.0,627.0,655.0,706.0,725.0,726.0,768.0,835.0,854.0,960.0,
21.0,78.0,80.0,84.0,101.0,108.0,110.0,118.0,128.0,154.0,226.0,243.0,251.0,322.0,361.0,376.0,407.0,426.0,428.0,463.0,470.0,497.0,559.0,563.0,602.0,701.0,729.0,758.0,792.0,822.0,848.0,855.0,867.0,884.0,915.0,968.0,975.0,
68.0,84.0,121.0,161.0,180.0,253.0,262.0,265.0,340.0,384.0,394.0,426.0,430.0,455.0,468.0,501.0,595.0,751.0,768.0,792.0,806.0,858.0,864.0,864.0,895.0,934.0,935.0,943.0,992.0,
11.0,26.0,31.0,31.0,61.0,103.0,105.0,218.0,219.0,255.0,327.0,334.0,351.0,366.0,455.0,456.0,507.0,539.0,550.0,553.0,601.0,615.0,648.0,657.0,690.0,702.0,703.0,802.0,815.0,843.0,866.0,905.0,923.0,981.0,998.0,
26.0,35.0,37.0,93.0,134.0,183.0,196.0,199.0,199.0,211.0,277.0,346.0,362.0,362.0,455.0,456.0,456.0,462.0,486.0,511.0,524.0,540.0,558.0,559.0,570.0,618.0,688.0,716.0,752.0,782.0,792.0,882.0,916.0,939.0,947.0,963.0,965.0,
41.0,100.0,115.0,163.0,246.0,263.0,273.0,280.0,286.0,373.0,384.0,445.0,455.0,497.0,501.0,508.0,511.0,519.0,520.0,524.0,528.0,536.0,547.0,570.0,578.0,664.0,705.0,711.0,712.0,718.0,749.0,765.0,795.0,819.0,852.0,853.0,863.0,882.0,888.0,933.0,935.0,1000.0,
7.0,10.0,22.0,31.0,38.0,43.0,61.0,167.0,190.0,215.0,268.0,272.0,299.0,300.0,306.0,336.0,350.0,383.0,458.0,464.0,490.0,527.0,529.0,540.0,581.0,596.0,676.0,698.0,736.0,757.0,767.0,849.0,858.0,859.0,897.0,901.0,910.0,951.0,959.0,966.0,980.0,
43.0,54.0,128.0,188.0,206.0,217.0,266.0,283.0,293.0,296.0,301.0,316.0,319.0,368.0,373.0,438.0,457.0,488.0,499.0,537.0,557.0,572.0,651.0,662.0,739.0,750.0,777.0,783.0,789.0,815.0,825.0,902.0,960.0,989.0,991.0,
11.0,33.0,82.0,82.0,113.0,132.0,165.0,170.0,291.0,301.0,317.0,368.0,416.0,421.0,432.0,448.0,456.0,502.0,507.0,659.0,665.0,694.0,705.0,706.0,718.0,730.0,768.0,785.0,796.0,813.0,875.0,876.0,935.0,964.0,
12.0,39.0,53.0,57.0,65.0,73.0,79.0,123.0,150.0,162.0,177.0,189.0,222.0,227.0,252.0,305.0,323.0,331.0,333.0,388.0,422.0,437.0,443.0,565.0,571.0,579.0,579.0,585.0,606.0,618.0,687.0,736.0,814.0,907.0,935.0,960.0,968.0,987.0,989.0,990.0,
5.0,6.0,68.0,96.0,108.0,138.0,159.0,165.0,166.0,176.0,187.0,251.0,264.0,266.0,283.0,285.0,318.0,373.0,398.0,474.0,480.0,524.0,538.0,541.0,549.0,565.0,581.0,607.0,680.0,713.0,758.0,771.0,788.0,839.0,848.0,871.0,916.0,929.0,960.0,966.0,972.0,989.0,
12.0,54.0,58.0,62.0,111.0,131.0,153.0,187.0,221.0,232.0,257.0,263.0,270.0,291.0,365.0,418.0,420.0,450.0,525.0,532.0,560.0,598.0,602.0,643.0,646.0,688.0,736.0,757.0,758.0,790.0,796.0,818.0,853.0,877.0,
60.0,65.0,73.0,84.0,139.0,153.0,155.0,197.0,214.0,261.0,272.0,274.0,307.0,310.0,346.0,346.0,369.0,402.0,427.0,468.0,506.0,507.0,531.0,561.0,612.0,710.0,714.0,721.0,769.0,782.0,806.0,827.0,832.0,841.0,861.0,926.0,955.0,973.0,996.0,
48.0,92.0,126.0,149.0,157.0,180.0,205.0,206.0,258.0,265.0,271.0,282.0,289.0,309.0,333.0,347.0,360.0,375.0,387.0,389.0,392.0,415.0,423.0,446.0,462.0,482.0,489.0,518.0,530.0,533.0,555.0,566.0,605.0,623.0,665.0,677.0,722.0,740.0,742.0,754.0,774.0,781.0,790.0,801.0,802.0,802.0,811.0,857.0,926.0,937.0,964.0,969.0,
41.0,225.0,263.0,286.0,341.0,389.0,436.0,452.0,453.0,454.0,503.0,512.0,545.0,611.0,635.0,704.0,740.0,753.0,765.0,769.0,853.0,913.0,947.0,959.0,973.0,974.0,
4.0,7.0,12.0,15.0,23.0,86.0,112.0,118.0,142.0,142.0,160.0,174.0,292.0,317.0,357.0,395.0,409.0,429.0,430.0,441.0,487.0,494.0,568.0,582.0,617.0,631.0,648.0,716.0,731.0,740.0,744.0,785.0,787.0,800.0,804.0,812.0,848.0,854.0,855.0,864.0,886.0,919.0,924.0,950.0,991.0,
56.0,63.0,77.0,157.0,193.0,198.0,275.0,322.0,365.0,367.0,370.0,397.0,400.0,419.0,421.0,426.0,427.0,440.0,458.0,463.0,465.0,471.0,493.0,505.0,521.0,524.0,532.0,547.0,550.0,585.0,594.0,641.0,646.0,649.0,664.0,676.0,683.0,703.0,705.0,755.0,767.0,782.0,807.0,824.0,825.0,854.0,854.0,889.0,895.0,897.0,909.0,919.0,931.0,957.0,959.0,969.0,994.0,
37.0,89.0,104.0,129.0,133.0,154.0,166.0,210.0,268.0,281.0,330.0,434.0,493.0,518.0,548.0,566.0,611.0,611.0,625.0,633.0,642.0,669.0,680.0,708.0,736.0,750.0,774.0,778.0,814.0,860.0,898.0,902.0,927.0,931.0,958.0,983.0,
42.0,69.0,128.0,144.0,147.0,149.0,207.0,238.0,269.0,316.0,331.0,371.0,373.0,380.0,407.0,423.0,474.0,494.0,519.0,537.0,542.0,578.0,579.0,601.0,617.0,622.0,637.0,654.0,733.0,772.0,787.0,795.0,805.0,810.0,819.0,850.0,865.0,871.0,964.0,
2.0,106.0,124.0,150.0,221.0,252.0,269.0,269.0,336.0,367.0,376.0,395.0,447.0,469.0,501.0,514.0,520.0,547.0,555.0,636.0,646.0,793.0,839.0,852.0,884.0,904.0,940.0,
16.0,21.0,81.0,120.0,124.0,188.0,215.0,241.0,245.0,272.0,301.0,330.0,335.0,357.0,425.0,430.0,440.0,492.0,496.0,515.0,571.0,573.0,607.0,637.0,683.0,712.0,811.0,812.0,825.0,881.0,881.0,969.0,
33.0,44.0,65.0,124.0,134.0,178.0,184.0,225.0,278.0,316.0,350.0,442.0,500.0,544.0,555.0,570.0,586.0,661.0,669.0,715.0,736.0,760.0,768.0,800.0,830.0,876.0,883.0,915.0,929.0,956.0,958.0,994.0,
10.0,54.0,100.0,159.0,168.0,194.0,212.0,222.0,266.0,278.0,340.0,520.0,533.0,541.0,602.0,610.0,614.0,695.0,722.0,725.0,764.0,779.0,788.0,801.0,817.0,820.0,904.0,937.0,937.0,970.0,978.0,
11.0,12.0,61.0,67.0,73.0,169.0,183.0,190.0,203.0,218.0,256.0,270.0,280.0,343.0,343.0,350.0,422.0,525.0,576.0,580.0,602.0,664.0,702.0,709.0,748.0,751.0,761.0,788.0,836.0,842.0,890.0,894.0,894.0,933.0,942.0,987.0,
45.0,72.0,88.0,101.0,142.0,229.0,250.0,325.0,359.0,383.0,432.0,454.0,473.0,476.0,483.0,707.0,851.0,919.0,972.0,978.0,980.0,996.0,
35.0,53.0,68.0,128.0,158.0,188.0,223.0,363.0,429.0,451.0,464.0,499.0,506.0,838.0,856.0,863.0,992.0,
20.0,58.0,59.0,102.0,105.0,137.0,148.0,149.0,159.0,172.0,238.0,310.0,332.0,354.0,355.0,355.0,393.0,406.0,410.0,451.0,476.0,495.0,497.0,507.0,687.0,726.0,739.0,741.0,830.0,832.0,857.0,870.0,876.0,968.0,
38.0,83.0,87.0,117.0,130.0,142.0,161.0,185.0,192.0,198.0,203.0,229.0,255.0,279.0,372.0,412.0,413.0,416.0,470.0,479.0,496.0,498.0,538.0,581.0,607.0,612.0,637.0,664.0,724.0,726.0,764.0,773.0,788.0,802.0,803.0,820.0,827.0,929.0,940.0,940.0,949.0,992.0,
39.0,47.0,65.0,111.0,186.0,243.0,252.0,254.0,261.0,265.0,308.0,318.0,398.0,413.0,445.0,459.0,467.0,476.0,534.0,552.0,560.0,561.0,569.0,620.0,645.0,646.0,675.0,675.0,694.0,736.0,771.0,838.0,839.0,870.0,875.0,946.0,969.0,
3.0,50.0,93.0,102.0,118.0,202.0,223.0,251.0,251.0,274.0,291.0,307.0,337.0,372.0,413.0,425.0,429.0,452.0,458.0,495.0,503.0,503.0,550.0,552.0,556.0,569.0,593.0,616.0,637.0,652.0,662.0,683.0,687.0,699.0,711.0,737.0,804.0,833.0,886.0,945.0,968.0,
55.0,60.0,65.0,72.0,80.0,89.0,102.0,106.0,125.0,133.0,218.0,234.0,269.0,321.0,337.0,389.0,392.0,412.0,413.0,418.0,481.0,506.0,517.0,533.0,562.0,572.0,620.0,699.0,715.0,743.0,778.0,815.0,831.0,859.0,916.0,934.0,937.0,944.0,978.0,
10.0,27.0,74.0,108.0,128.0,133.0,156.0,187.0,226.0,232.0,246.0,267.0,271.0,273.0,277.0,292.0,315.0,361.0,362.0,414.0,471.0,486.0,497.0,560.0,598.0,655.0,655.0,667.0,737.0,860.0,867.0,902.0,938.0,947.0,965.0,981.0,
12.0,39.0,51.0,61.0,69.0,123.0,143.0,147.0,214.0,274.0,306.0,351.0,356.0,388.0,496.0,499.0,546.0,565.0,584.0,591.0,622.0,628.0,629.0,654.0,655.0,670.0,754.0,824.0,826.0,834.0,866.0,914.0,924.0,947.0,991.0,993.0,
15.0,37.0,61.0,93.0,132.0,134.0,174.0,176.0,188.0,209.0,220.0,261.0,262.0,338.0,422.0,434.0,447.0,461.0,471.0,492.0,498.0,713.0,746.0,775.0,860.0,895.0,956.0,993.0,998.0,
8.0,11.0,19.0,36.0,52.0,72.0,79.0,113.0,141.0,160.0,173.0,249.0,256.0,338.0,344.0,349.0,431.0,433.0,442.0,449.0,453.0,477.0,495.0,
32.0,46.0,75.0,88.0,90.0,97.0,103.0,179.0,199.0,271.0,293.0,337.0,355.0,357.0,377.0,401.0,416.0,462.0,486.0,
89.0,98.0,108.0,111.0,121.0,140.0,162.0,207.0,246.0,284.0,295.0,344.0,408.0,413.0,414.0,434.0,477.0,483.0,501.0,
25.0,61.0,74.0,80.0,80.0,107.0,123.0,181.0,182.0,205.0,207.0,218.0,266.0,276.0,278.0,279.0,282.0,293.0,374.0,442.0,447.0,482.0,713.0,750.0,773.0,818.0,894.0,
7.0,9.0,45.0,214.0,253.0,256.0,381.0,391.0,469.0,475.0,554.0,565.0,597.0,681.0,697.0,703.0,728.0,755.0,759.0,810.0,858.0,871.0,895.0,903.0,907.0,912.0,921.0,950.0,953.0,956.0,961.0,967.0,995.0,
25.0,76.0,88.0,144.0,180.0,205.0,220.0,264.0,290.0,313.0,319.0,347.0,352.0,524.0,646.0,673.0,701.0,711.0,760.0,773.0,817.0,824.0,829.0,832.0,858.0,873.0,928.0,972.0,995.0,
37.0,52.0,60.0,66.0,68.0,75.0,86.0,95.0,129.0,160.0,180.0,236.0,416.0,556.0,557.0,564.0,599.0,626.0,672.0,746.0,767.0,796.0,816.0,891.0,897.0,932.0,993.0,
140.0,168.0,222.0,224.0,281.0,297.0,299.0,333.0,344.0,354.0,359.0,367.0,401.0,403.0,431.0,451.0,474.0,484.0,504.0,597.0,609.0,677.0,681.0,688.0,748.0,753.0,817.0,874.0,886.0,909.0,916.0,988.0,
28.0,59.0,68.0,97.0,138.0,138.0,152.0,170.0,173.0,184.0,203.0,249.0,252.0,337.0,398.0,400.0,451.0,539.0,603.0,611.0,625.0,670.0,713.0,728.0,735.0,765.0,789.0,803.0,826.0,835.0,840.0,858.0,886.0,941.0,951.0,
53.0,54.0,59.0,86.0,110.0,112.0,125.0,141.0,153.0,157.0,162.0,190.0,233.0,258.0,270.0,271.0,280.0,317.0,320.0,323.0,362.0,391.0,420.0,424.0,445.0,806.0,856.0,932.0,
6.0,15.0,41.0,66.0,134.0,152.0,196.0,300.0,307.0,318.0,328.0,345.0,383.0,385.0,394.0,415.0,449.0,495.0,
9.0,10.0,34.0,36.0,66.0,126.0,138.0,163.0,207.0,265.0,317.0,324.0,335.0,339.0,375.0,393.0,480.0,488.0,488.0,499.0,504.0,810.0,817.0,
4.0,27.0,53.0,64.0,68.0,70.0,80.0,82.0,137.0,142.0,145.0,148.0,156.0,187.0,189.0,216.0,232.0,248.0,283.0,293.0,317.0,332.0,355.0,401.0,475.0,
58.0,59.0,207.0,246.0,265.0,270.0,379.0,384.0,414.0,436.0,480.0,483.0,507.0,935.0,937.0,963.0,984.0,
41.0,64.0,88.0,128.0,142.0,172.0,175.0,176.0,202.0,219.0,237.0,242.0,292.0,293.0,355.0,376.0,431.0,461.0,511.0,562.0,579.0,618.0,647.0,657.0,680.0,682.0,719.0,743.0,757.0,775.0,785.0,788.0,795.0,798.0,846.0,850.0,866.0,895.0,909.0,922.0,926.0,928.0,949.0,983.0,
2.0,35.0,47.0,104.0,120.0,129.0,133.0,158.0,177.0,254.0,290.0,312.0,325.0,327.0,334.0,336.0,364.0,368.0,375.0,461.0,483.0,483.0,513.0,524.0,604.0,608.0,680.0,681.0,750.0,814.0,849.0,878.0,930.0,944.0,954.0,
58.0,64.0,71.0,73.0,86.0,88.0,100.0,129.0,134.0,205.0,264.0,304.0,385.0,391.0,398.0,407.0,413.0,468.0,484.0,600.0,614.0,632.0,640.0,647.0,665.0,704.0,751.0,758.0,821.0,858.0,908.0,921.0,960.0,1000.0,
28.0,35.0,54.0,55.0,73.0,75.0,79.0,87.0,126.0,151.0,158.0,165.0,169.0,172.0,197.0,238.0,247.0,253.0,255.0,286.0,337.0,343.0,345.0,362.0,368.0,447.0,483.0,493.0,566.0,612.0,617.0,656.0,659.0,666.0,668.0,711.0,772.0,786.0,804.0,810.0,811.0,864.0,889.0,935.0,968.0,
3.0,3.0,26.0,39.0,42.0,72.0,99.0,163.0,179.0,201.0,207.0,244.0,257.0,286.0,294.0,297.0,301.0,304.0,305.0,315.0,375.0,399.0,458.0,459.0,480.0,511.0,511.0,518.0,530.0,539.0,564.0,587.0,663.0,686.0,703.0,725.0,728.0,747.0,759.0,776.0,801.0,846.0,861.0,869.0,913.0,926.0,928.0,929.0,962.0,978.0,979.0,
21.0,79.0,85.0,103.0,119.0,130.0,136.0,181.0,183.0,210.0,233.0,308.0,325.0,392.0,470.0,471.0,490.0,505.0,692.0,694.0,714.0,731.0,838.0,886.0,909.0,939.0,
32.0,43.0,94.0,196.0,228.0,258.0,319.0,507.0,
8.0,20.0,58.0,58.0,62.0,165.0,202.0,235.0,270.0,287.0,287.0,312.0,358.0,360.0,372.0,378.0,392.0,411.0,
2.0,24.0,28.0,32.0,36.0,102.0,131.0,165.0,183.0,193.0,200.0,269.0,272.0,326.0,344.0,387.0,409.0,496.0,497.0,501.0,
6.0,6.0,20.0,33.0,45.0,76.0,167.0,197.0,200.0,219.0,281.0,311.0,325.0,332.0,342.0,381.0,414.0,416.0,497.0,632.0,698.0,743.0,754.0,755.0,773.0,784.0,797.0,798.0,840.0,902.0,911.0,924.0,935.0,951.0,
14.0,205.0,216.0,293.0,301.0,326.0,340.0,365.0,394.0,406.0,498.0,511.0,526.0,528.0,547.0,563.0,593.0,623.0,673.0,704.0,709.0,736.0,738.0,746.0,747.0,766.0,771.0,917.0,928.0,951.0,969.0,
20.0,21.0,36.0,66.0,76.0,89.0,91.0,93.0,155.0,293.0,294.0,296.0,389.0,497.0,587.0,606.0,612.0,615.0,618.0,640.0,646.0,664.0,745.0,765.0,767.0,800.0,829.0,837.0,869.0,972.0,998.0,1000.0,
21.0,33.0,41.0,46.0,58.0,64.0,126.0,134.0,137.0,210.0,254.0,260.0,285.0,286.0,302.0,312.0,317.0,348.0,402.0,437.0,465.0,468.0,566.0,623.0,627.0,647.0,653.0,681.0,692.0,714.0,715.0,727.0,738.0,754.0,777.0,806.0,807.0,822.0,843.0,859.0,859.0,900.0,922.0,928.0,928.0,
56.0,83.0,116.0,254.0,291.0,313.0,337.0,412.0,472.0,491.0,528.0,599.0,620.0,660.0,707.0,709.0,783.0,826.0,845.0,871.0,882.0,915.0,920.0,946.0,956.0,989.0,
24.0,27.0,55.0,57.0,77.0,105.0,119.0,164.0,175.0,187.0,206.0,244.0,248.0,285.0,294.0,311.0,356.0,363.0,385.0,435.0,435.0,470.0,484.0,509.0,581.0,595.0,601.0,608.0,627.0,630.0,633.0,721.0,737.0,744.0,785.0,791.0,805.0,816.0,846.0,870.0,876.0,895.0,896.0,918.0,981.0,
15.0,35.0,69.0,80.0,96.0,102.0,112.0,141.0,162.0,190.0,220.0,251.0,261.0,304.0,353.0,359.0,440.0,446.0,451.0,471.0,483.0,490.0,495.0,570.0,609.0,610.0,622.0,631.0,633.0,674.0,676.0,693.0,695.0,714.0,733.0,741.0,783.0,791.0,802.0,808.0,843.0,863.0,917.0,943.0,965.0,970.0,977.0,
40.0,54.0,74.0,82.0,146.0,153.0,158.0,207.0,242.0,265.0,266.0,294.0,370.0,398.0,785.0,834.0,898.0,912.0,921.0,923.0,931.0,987.0,
87.0,130.0,132.0,134.0,144.0,179.0,187.0,207.0,247.0,262.0,276.0,302.0,353.0,408.0,452.0,867.0,913.0,
16.0,19.0,20.0,25.0,61.0,105.0,178.0,295.0,348.0,361.0,413.0,422.0,430.0,489.0,494.0,677.0,880.0,882.0,887.0,901.0,
79.0,102.0,111.0,112.0,158.0,229.0,329.0,398.0,427.0,432.0,432.0,434.0,447.0,475.0,514.0,553.0,568.0,616.0,661.0,666.0,697.0,717.0,727.0,763.0,775.0,781.0,794.0,818.0,827.0,892.0,911.0,950.0,954.0,990.0,
35.0,63.0,82.0,107.0,152.0,163.0,164.0,209.0,210.0,232.0,301.0,350.0,357.0,390.0,436.0,488.0,517.0,531.0,622.0,701.0,714.0,717.0,736.0,784.0,788.0,805.0,835.0,836.0,891.0,935.0,943.0,973.0,
9.0,40.0,48.0,100.0,107.0,109.0,123.0,151.0,235.0,275.0,291.0,295.0,310.0,314.0,316.0,325.0,330.0,406.0,416.0,532.0,605.0,651.0,656.0,685.0,706.0,718.0,773.0,941.0,959.0,979.0,
26.0,43.0,141.0,164.0,176.0,233.0,292.0,295.0,310.0,319.0,336.0,336.0,389.0,389.0,413.0,500.0,514.0,535.0,537.0,561.0,597.0,678.0,734.0,736.0,762.0,763.0,806.0,826.0,831.0,895.0,901.0,921.0,943.0,945.0,1000.0,
34.0,68.0,118.0,145.0,183.0,189.0,197.0,202.0,214.0,214.0,247.0,255.0,255.0,278.0,315.0,324.0,338.0,392.0,466.0,497.0,499.0,508.0,512.0,541.0,565.0,584.0,589.0,605.0,613.0,720.0,728.0,731.0,751.0,752.0,761.0,782.0,793.0,801.0,813.0,819.0,835.0,852.0,890.0,894.0,896.0,905.0,922.0,963.0,969.0,989.0,
9.0,45.0,54.0,64.0,165.0,178.0,201.0,244.0,292.0,335.0,370.0,383.0,434.0,449.0,525.0,584.0,585.0,596.0,599.0,618.0,630.0,670.0,679.0,739.0,754.0,755.0,756.0,796.0,805.0,883.0,955.0,956.0,982.0,
26.0,44.0,52.0,83.0,100.0,170.0,172.0,176.0,184.0,189.0,226.0,240.0,249.0,262.0,292.0,383.0,402.0,404.0,417.0,432.0,457.0,463.0,481.0,509.0,513.0,530.0,552.0,574.0,609.0,618.0,674.0,709.0,731.0,734.0,740.0,742.0,754.0,768.0,804.0,819.0,831.0,839.0,856.0,861.0,865.0,878.0,922.0,926.0,966.0,974.0,
39.0,82.0,133.0,138.0,175.0,199.0,211.0,214.0,244.0,249.0,266.0,271.0,356.0,364.0,388.0,419.0,496.0,499.0,511.0,517.0,539.0,584.0,585.0,585.0,593.0,602.0,622.0,658.0,676.0,686.0,698.0,743.0,822.0,839.0,840.0,853.0,905.0,912.0,920.0,925.0,927.0,946.0,
28.0,60.0,167.0,170.0,192.0,196.0,214.0,232.0,235.0,238.0,303.0,361.0,375.0,393.0,441.0,448.0,456.0,510.0,559.0,593.0,619.0,639.0,654.0,659.0,660.0,694.0,722.0,739.0,743.0,744.0,751.0,764.0,767.0,773.0,797.0,803.0,804.0,817.0,826.0,856.0,862.0,891.0,936.0,960.0,961.0,963.0,976.0,990.0,996.0,
23.0,38.0,69.0,78.0,171.0,184.0,190.0,217.0,237.0,240.0,277.0,291.0,351.0,361.0,374.0,381.0,389.0,398.0,414.0,425.0,429.0,443.0,487.0,540.0,544.0,589.0,617.0,636.0,645.0,647.0,657.0,695.0,706.0,755.0,796.0,823.0,844.0,868.0,890.0,898.0,899.0,958.0,982.0,
26.0,38.0,60.0,101.0,128.0,173.0,190.0,214.0,289.0,313.0,317.0,339.0,360.0,446.0,542.0,548.0,556.0,597.0,598.0,633.0,761.0,768.0,794.0,797.0,802.0,805.0,833.0,850.0,865.0,866.0,905.0,915.0,918.0,
5.0,25.0,32.0,57.0,59.0,62.0,75.0,82.0,85.0,92.0,95.0,122.0,129.0,176.0,231.0,240.0,241.0,244.0,303.0,337.0,356.0,412.0,496.0,524.0,534.0,540.0,714.0,773.0,854.0,871.0,880.0,900.0,921.0,933.0,954.0,968.0,977.0,998.0,998.0,
18.0,22.0,38.0,39.0,45.0,51.0,67.0,77.0,121.0,138.0,162.0,266.0,285.0,295.0,322.0,331.0,341.0,362.0,367.0,383.0,433.0,471.0,479.0,526.0,589.0,629.0,644.0,659.0,693.0,703.0,730.0,782.0,857.0,860.0,890.0,961.0,
19.0,57.0,90.0,173.0,216.0,238.0,286.0,300.0,323.0,363.0,375.0,396.0,412.0,417.0,438.0,453.0,468.0,474.0,481.0,519.0,542.0,565.0,600.0,677.0,733.0,768.0,929.0,940.0,995.0,
13.0,45.0,67.0,109.0,116.0,211.0,217.0,253.0,261.0,299.0,303.0,353.0,363.0,376.0,387.0,417.0,445.0,453.0,498.0,520.0,555.0,564.0,584.0,589.0,606.0,610.0,614.0,628.0,641.0,656.0,680.0,711.0,723.0,731.0,766.0,769.0,806.0,840.0,850.0,861.0,875.0,884.0,904.0,929.0,952.0,969.0,999.0,1000.0,
23.0,46.0,47.0,61.0,84.0,85.0,123.0,129.0,147.0,171.0,181.0,194.0,230.0,291.0,306.0,315.0,316.0,337.0,351.0,429.0,438.0,486.0,494.0,500.0,541.0,583.0,646.0,647.0,651.0,666.0,700.0,712.0,715.0,718.0,784.0,806.0,818.0,849.0,860.0,868.0,874.0,893.0,895.0,909.0,909.0,933.0,948.0,
43.0,53.0,79.0,111.0,126.0,129.0,142.0,183.0,196.0,206.0,221.0,327.0,329.0,339.0,357.0,373.0,380.0,410.0,471.0,531.0,552.0,556.0,562.0,591.0,610.0,610.0,627.0,632.0,680.0,701.0,722.0,723.0,735.0,780.0,824.0,845.0,857.0,909.0,916.0,961.0,962.0,999.0,
21.0,22.0,43.0,72.0,90.0,130.0,140.0,146.0,220.0,239.0,246.0,250.0,273.0,299.0,345.0,359.0,359.0,372.0,384.0,461.0,477.0,495.0,509.0,589.0,601.0,613.0,686.0,687.0,733.0,738.0,797.0,809.0,837.0,852.0,877.0,879.0,933.0,954.0,972.0,978.0,987.0,987.0,
24.0,33.0,40.0,71.0,131.0,184.0,188.0,236.0,284.0,289.0,302.0,315.0,368.0,479.0,521.0,535.0,562.0,575.0,610.0,610.0,632.0,638.0,676.0,685.0,693.0,713.0,716.0,734.0,791.0,791.0,832.0,845.0,877.0,878.0,886.0,918.0,939.0,960.0,963.0,
64.0,112.0,169.0,189.0,193.0,229.0,236.0,239.0,245.0,271.0,273.0,301.0,385.0,394.0,430.0,446.0,513.0,567.0,576.0,620.0,630.0,657.0,660.0,678.0,683.0,695.0,696.0,700.0,709.0,710.0,712.0,730.0,747.0,766.0,796.0,804.0,850.0,871.0,874.0,881.0,885.0,888.0,889.0,901.0,978.0,983.0,1000.0,
77.0,101.0,107.0,143.0,166.0,196.0,298.0,337.0,347.0,350.0,386.0,420.0,435.0,447.0,457.0,463.0,482.0,503.0,511.0,598.0,658.0,691.0,810.0,823.0,883.0,884.0,910.0,933.0,945.0,951.0,987.0,
3.0,56.0,112.0,159.0,237.0,289.0,517.0,549.0,631.0,660.0,664.0,682.0,712.0,723.0,742.0,764.0,789.0,790.0,794.0,824.0,842.0,861.0,908.0,949.0,976.0,
18.0,38.0,59.0,117.0,239.0,243.0,252.0,381.0,395.0,466.0,491.0,520.0,609.0,617.0,681.0,708.0,716.0,741.0,753.0,797.0,811.0,857.0,899.0,967.0,
