34.0,44.0,118.0,167.0,186.0,248.0,276.0,281.0,377.0,389.0,427.0,431.0,438.0,445.0,446.0,452.0,455.0,463.0,543.0,550.0,583.0,615.0,631.0,636.0,636.0,681.0,684.0,746.0,746.0,756.0,781.0,827.0,876.0,876.0,877.0,881.0,898.0,926.0,948.0,962.0,975.0,987.0,
2.0,33.0,40.0,114.0,134.0,158.0,178.0,186.0,199.0,248.0,296.0,325.0,360.0,368.0,422.0,461.0,479.0,484.0,499.0,523.0,556.0,591.0,594.0,636.0,660.0,691.0,695.0,699.0,746.0,748.0,755.0,763.0,764.0,766.0,798.0,810.0,861.0,888.0,920.0,958.0,994.0,
4.0,6.0,16.0,42.0,91.0,103.0,125.0,137.0,151.0,215.0,238.0,248.0,248.0,303.0,348.0,351.0,351.0,360.0,388.0,405.0,439.0,520.0,532.0,550.0,582.0,601.0,620.0,653.0,672.0,677.0,719.0,743.0,756.0,766.0,782.0,802.0,815.0,817.0,837.0,897.0,899.0,905.0,905.0,924.0,928.0,933.0,
47.0,55.0,75.0,80.0,88.0,97.0,147.0,156.0,173.0,220.0,328.0,337.0,406.0,474.0,572.0,615.0,651.0,661.0,684.0,697.0,699.0,723.0,735.0,765.0,768.0,820.0,843.0,878.0,886.0,894.0,902.0,919.0,923.0,933.0,962.0,965.0,991.0,
24.0,33.0,64.0,64.0,76.0,87.0,92.0,103.0,117.0,151.0,177.0,178.0,194.0,225.0,254.0,342.0,356.0,508.0,538.0,542.0,563.0,564.0,572.0,598.0,677.0,736.0,810.0,810.0,830.0,834.0,841.0,878.0,878.0,879.0,897.0,903.0,937.0,954.0,973.0,974.0,986.0,
51.0,54.0,78.0,99.0,140.0,179.0,262.0,296.0,332.0,398.0,448.0,528.0,556.0,565.0,618.0,621.0,634.0,664.0,669.0,761.0,848.0,899.0,921.0,938.0,951.0,961.0,972.0,981.0,984.0,999.0,
22.0,23.0,56.0,82.0,99.0,106.0,107.0,112.0,128.0,136.0,153.0,198.0,205.0,211.0,237.0,274.0,281.0,298.0,318.0,320.0,368.0,403.0,436.0,446.0,468.0,508.0,533.0,576.0,597.0,614.0,672.0,685.0,689.0,721.0,726.0,774.0,778.0,832.0,871.0,881.0,926.0,965.0,989.0,991.0,
23.0,24.0,26.0,46.0,85.0,98.0,103.0,134.0,140.0,150.0,155.0,162.0,178.0,226.0,261.0,329.0,332.0,347.0,389.0,415.0,437.0,604.0,629.0,650.0,661.0,701.0,735.0,747.0,757.0,789.0,812.0,821.0,826.0,855.0,901.0,951.0,
11.0,44.0,74.0,88.0,143.0,154.0,154.0,198.0,210.0,257.0,358.0,382.0,397.0,419.0,427.0,428.0,435.0,462.0,463.0,576.0,608.0,611.0,618.0,622.0,646.0,653.0,663.0,673.0,729.0,735.0,788.0,802.0,806.0,863.0,873.0,906.0,922.0,925.0,975.0,978.0,997.0,
80.0,99.0,107.0,155.0,159.0,178.0,181.0,191.0,204.0,206.0,249.0,250.0,266.0,275.0,280.0,317.0,377.0,386.0,396.0,406.0,420.0,440.0,498.0,518.0,532.0,536.0,621.0,628.0,632.0,749.0,750.0,756.0,808.0,832.0,836.0,850.0,863.0,872.0,887.0,939.0,981.0,
4.0,125.0,126.0,148.0,206.0,350.0,361.0,393.0,394.0,396.0,488.0,491.0,507.0,535.0,591.0,599.0,672.0,696.0,718.0,754.0,822.0,822.0,889.0,983.0,
12.0,28.0,33.0,37.0,96.0,115.0,122.0,153.0,203.0,206.0,286.0,305.0,352.0,394.0,428.0,447.0,450.0,463.0,464.0,489.0,491.0,510.0,516.0,521.0,547.0,560.0,573.0,634.0,635.0,651.0,723.0,726.0,740.0,840.0,863.0,891.0,900.0,926.0,967.0,
2.0,11.0,11.0,16.0,68.0,79.0,82.0,116.0,120.0,127.0,159.0,166.0,187.0,194.0,199.0,233.0,244.0,261.0,280.0,284.0,290.0,291.0,317.0,396.0,405.0,457.0,466.0,563.0,631.0,646.0,660.0,672.0,703.0,707.0,736.0,750.0,767.0,770.0,773.0,780.0,795.0,833.0,848.0,853.0,896.0,903.0,908.0,930.0,940.0,991.0,995.0,
57.0,77.0,84.0,100.0,136.0,145.0,156.0,175.0,179.0,211.0,252.0,278.0,287.0,320.0,383.0,386.0,403.0,490.0,515.0,531.0,537.0,540.0,585.0,623.0,642.0,659.0,693.0,699.0,773.0,837.0,862.0,896.0,947.0,988.0,998.0,
5.0,34.0,102.0,113.0,169.0,219.0,281.0,295.0,337.0,371.0,399.0,441.0,452.0,488.0,518.0,566.0,614.0,640.0,644.0,645.0,655.0,664.0,713.0,730.0,733.0,784.0,822.0,823.0,826.0,843.0,845.0,854.0,859.0,871.0,
92.0,100.0,148.0,179.0,183.0,192.0,195.0,199.0,212.0,244.0,245.0,281.0,292.0,327.0,330.0,341.0,382.0,388.0,421.0,423.0,433.0,438.0,516.0,518.0,528.0,551.0,612.0,617.0,623.0,628.0,631.0,686.0,711.0,722.0,730.0,757.0,758.0,898.0,905.0,915.0,922.0,930.0,930.0,983.0,
28.0,143.0,235.0,246.0,251.0,269.0,283.0,342.0,349.0,381.0,454.0,477.0,529.0,539.0,547.0,593.0,674.0,681.0,684.0,753.0,753.0,789.0,795.0,816.0,880.0,884.0,892.0,920.0,960.0,971.0,980.0,998.0,
7.0,77.0,176.0,176.0,177.0,214.0,363.0,370.0,376.0,395.0,407.0,472.0,537.0,611.0,661.0,704.0,717.0,736.0,769.0,782.0,807.0,840.0,874.0,875.0,950.0,
36.0,105.0,127.0,145.0,156.0,165.0,230.0,241.0,248.0,267.0,281.0,284.0,297.0,341.0,345.0,355.0,397.0,409.0,436.0,440.0,443.0,465.0,467.0,630.0,646.0,658.0,673.0,704.0,751.0,754.0,804.0,846.0,894.0,917.0,931.0,954.0,
41.0,124.0,137.0,158.0,158.0,159.0,160.0,195.0,245.0,262.0,271.0,337.0,359.0,366.0,403.0,477.0,498.0,533.0,546.0,581.0,629.0,681.0,711.0,757.0,759.0,779.0,809.0,838.0,852.0,912.0,960.0,
2.0,17.0,30.0,124.0,218.0,261.0,274.0,285.0,303.0,307.0,344.0,364.0,373.0,380.0,388.0,448.0,450.0,499.0,527.0,559.0,586.0,597.0,674.0,688.0,690.0,691.0,694.0,706.0,746.0,754.0,759.0,766.0,809.0,844.0,850.0,859.0,864.0,898.0,898.0,913.0,943.0,948.0,950.0,962.0,968.0,998.0,999.0,
19.0,22.0,74.0,77.0,87.0,126.0,159.0,165.0,169.0,181.0,216.0,232.0,287.0,311.0,328.0,350.0,376.0,377.0,413.0,464.0,473.0,486.0,526.0,527.0,529.0,565.0,569.0,601.0,603.0,623.0,682.0,686.0,714.0,719.0,747.0,839.0,858.0,885.0,891.0,910.0,916.0,936.0,
9.0,61.0,63.0,96.0,138.0,143.0,153.0,252.0,274.0,296.0,315.0,343.0,347.0,423.0,425.0,432.0,435.0,466.0,496.0,498.0,518.0,522.0,590.0,591.0,625.0,685.0,707.0,740.0,765.0,772.0,809.0,815.0,850.0,928.0,934.0,936.0,
22.0,53.0,64.0,66.0,78.0,88.0,96.0,127.0,152.0,157.0,168.0,183.0,196.0,232.0,263.0,299.0,372.0,380.0,380.0,396.0,416.0,506.0,506.0,511.0,515.0,536.0,553.0,572.0,594.0,599.0,611.0,628.0,642.0,647.0,648.0,655.0,677.0,723.0,743.0,743.0,761.0,772.0,772.0,799.0,805.0,818.0,824.0,888.0,901.0,934.0,959.0,960.0,971.0,
71.0,82.0,110.0,118.0,124.0,127.0,140.0,223.0,253.0,260.0,268.0,299.0,300.0,398.0,505.0,519.0,535.0,557.0,561.0,596.0,633.0,656.0,668.0,681.0,697.0,720.0,735.0,747.0,758.0,761.0,774.0,783.0,815.0,820.0,899.0,903.0,913.0,938.0,
44.0,50.0,51.0,73.0,95.0,98.0,123.0,126.0,126.0,136.0,158.0,177.0,203.0,224.0,301.0,362.0,407.0,457.0,471.0,478.0,489.0,574.0,595.0,601.0,651.0,665.0,690.0,716.0,766.0,784.0,789.0,798.0,805.0,805.0,807.0,888.0,900.0,903.0,923.0,925.0,939.0,945.0,962.0,981.0,986.0,
6.0,24.0,62.0,76.0,94.0,94.0,113.0,134.0,141.0,157.0,166.0,171.0,186.0,198.0,253.0,321.0,346.0,394.0,398.0,413.0,439.0,455.0,472.0,472.0,518.0,529.0,541.0,586.0,653.0,690.0,694.0,699.0,706.0,734.0,735.0,763.0,780.0,780.0,790.0,796.0,807.0,836.0,879.0,883.0,910.0,982.0,
32.0,53.0,56.0,106.0,163.0,166.0,180.0,184.0,199.0,215.0,279.0,333.0,356.0,388.0,390.0,433.0,490.0,492.0,511.0,535.0,540.0,560.0,564.0,678.0,703.0,720.0,726.0,742.0,785.0,810.0,813.0,822.0,839.0,845.0,849.0,879.0,950.0,975.0,
11.0,40.0,43.0,96.0,136.0,230.0,242.0,271.0,327.0,335.0,347.0,376.0,396.0,441.0,441.0,457.0,517.0,522.0,531.0,584.0,609.0,648.0,677.0,677.0,687.0,694.0,792.0,797.0,805.0,871.0,872.0,880.0,894.0,895.0,900.0,901.0,915.0,947.0,951.0,963.0,981.0,
58.0,168.0,214.0,255.0,300.0,318.0,321.0,348.0,358.0,394.0,402.0,414.0,475.0,478.0,495.0,576.0,596.0,655.0,669.0,690.0,697.0,805.0,811.0,827.0,831.0,861.0,899.0,902.0,949.0,951.0,971.0,972.0,
12.0,52.0,59.0,86.0,87.0,105.0,152.0,188.0,232.0,279.0,281.0,291.0,339.0,379.0,382.0,439.0,449.0,466.0,475.0,516.0,522.0,529.0,549.0,595.0,595.0,637.0,718.0,721.0,769.0,775.0,809.0,844.0,860.0,872.0,939.0,941.0,961.0,
19.0,65.0,68.0,98.0,108.0,113.0,130.0,152.0,185.0,204.0,209.0,221.0,234.0,272.0,287.0,340.0,363.0,404.0,404.0,416.0,534.0,536.0,543.0,594.0,599.0,609.0,611.0,612.0,618.0,620.0,627.0,638.0,681.0,707.0,710.0,717.0,725.0,734.0,752.0,780.0,780.0,792.0,879.0,908.0,922.0,995.0,
11.0,17.0,32.0,103.0,109.0,118.0,134.0,193.0,194.0,206.0,209.0,212.0,241.0,272.0,279.0,292.0,311.0,333.0,343.0,366.0,383.0,388.0,393.0,421.0,452.0,457.0,485.0,556.0,567.0,571.0,575.0,592.0,618.0,644.0,662.0,663.0,679.0,688.0,689.0,697.0,704.0,790.0,796.0,799.0,822.0,834.0,896.0,905.0,941.0,948.0,980.0,
6.0,19.0,43.0,89.0,159.0,163.0,167.0,170.0,223.0,256.0,271.0,287.0,314.0,321.0,382.0,407.0,414.0,419.0,459.0,499.0,572.0,652.0,654.0,695.0,716.0,752.0,758.0,780.0,787.0,797.0,807.0,838.0,860.0,861.0,880.0,889.0,915.0,938.0,941.0,949.0,953.0,956.0,978.0,
46.0,62.0,69.0,117.0,147.0,153.0,156.0,225.0,230.0,248.0,257.0,336.0,342.0,356.0,372.0,389.0,390.0,402.0,462.0,470.0,704.0,718.0,767.0,796.0,811.0,813.0,829.0,941.0,960.0,976.0,
38.0,82.0,88.0,91.0,93.0,133.0,165.0,179.0,194.0,209.0,211.0,229.0,274.0,278.0,352.0,418.0,459.0,467.0,468.0,476.0,493.0,750.0,763.0,937.0,
63.0,122.0,133.0,150.0,173.0,202.0,251.0,340.0,378.0,467.0,490.0,677.0,725.0,731.0,743.0,745.0,754.0,784.0,803.0,821.0,824.0,831.0,838.0,920.0,
20.0,99.0,127.0,162.0,167.0,217.0,270.0,294.0,296.0,325.0,334.0,343.0,376.0,404.0,428.0,454.0,489.0,500.0,502.0,543.0,583.0,607.0,631.0,652.0,660.0,665.0,667.0,692.0,738.0,745.0,756.0,807.0,809.0,837.0,846.0,888.0,910.0,911.0,939.0,959.0,963.0,968.0,
52.0,91.0,108.0,143.0,144.0,174.0,186.0,223.0,230.0,294.0,307.0,419.0,436.0,485.0,489.0,505.0,507.0,555.0,611.0,614.0,661.0,664.0,665.0,705.0,729.0,754.0,782.0,795.0,834.0,839.0,850.0,851.0,875.0,894.0,917.0,924.0,929.0,965.0,990.0,
27.0,29.0,87.0,112.0,122.0,125.0,232.0,252.0,289.0,326.0,359.0,429.0,440.0,466.0,474.0,497.0,530.0,550.0,551.0,562.0,576.0,584.0,633.0,640.0,702.0,703.0,772.0,840.0,910.0,911.0,912.0,924.0,932.0,933.0,934.0,969.0,978.0,
52.0,86.0,168.0,185.0,194.0,206.0,209.0,263.0,273.0,372.0,459.0,483.0,486.0,498.0,499.0,537.0,549.0,559.0,624.0,632.0,647.0,668.0,669.0,676.0,688.0,719.0,736.0,807.0,852.0,875.0,877.0,883.0,909.0,930.0,956.0,963.0,
81.0,118.0,124.0,143.0,188.0,238.0,249.0,292.0,311.0,353.0,358.0,380.0,401.0,403.0,458.0,464.0,465.0,501.0,528.0,539.0,671.0,681.0,694.0,696.0,715.0,769.0,841.0,938.0,987.0,
9.0,76.0,103.0,159.0,201.0,278.0,315.0,340.0,343.0,345.0,396.0,406.0,487.0,494.0,502.0,515.0,560.0,565.0,567.0,580.0,594.0,671.0,677.0,702.0,715.0,758.0,775.0,816.0,834.0,841.0,853.0,869.0,891.0,901.0,913.0,928.0,930.0,951.0,966.0,
18.0,49.0,69.0,78.0,107.0,127.0,150.0,150.0,237.0,237.0,278.0,324.0,354.0,355.0,377.0,408.0,476.0,480.0,502.0,693.0,693.0,697.0,697.0,731.0,825.0,840.0,864.0,885.0,947.0,
38.0,137.0,153.0,161.0,165.0,181.0,232.0,245.0,284.0,309.0,332.0,340.0,369.0,419.0,439.0,479.0,507.0,
16.0,46.0,68.0,81.0,96.0,161.0,171.0,179.0,182.0,226.0,236.0,240.0,259.0,293.0,302.0,305.0,321.0,333.0,359.0,367.0,370.0,464.0,473.0,509.0,
14.0,31.0,36.0,41.0,83.0,88.0,185.0,205.0,212.0,223.0,274.0,313.0,340.0,341.0,378.0,402.0,404.0,410.0,423.0,429.0,441.0,470.0,
31.0,70.0,113.0,161.0,186.0,202.0,218.0,271.0,286.0,292.0,301.0,387.0,388.0,425.0,486.0,487.0,487.0,510.0,681.0,705.0,785.0,834.0,850.0,881.0,883.0,
18.0,23.0,35.0,85.0,118.0,127.0,153.0,175.0,187.0,206.0,317.0,377.0,431.0,564.0,593.0,602.0,618.0,633.0,643.0,694.0,698.0,716.0,741.0,762.0,805.0,805.0,808.0,823.0,842.0,882.0,892.0,943.0,963.0,964.0,972.0,990.0,
5.0,14.0,18.0,64.0,69.0,76.0,83.0,101.0,127.0,149.0,184.0,198.0,204.0,249.0,290.0,292.0,327.0,332.0,345.0,409.0,431.0,455.0,496.0,540.0,555.0,569.0,578.0,604.0,632.0,632.0,636.0,687.0,806.0,814.0,826.0,836.0,836.0,838.0,932.0,
7.0,7.0,30.0,54.0,114.0,133.0,162.0,185.0,190.0,196.0,263.0,264.0,268.0,275.0,289.0,298.0,310.0,314.0,335.0,423.0,427.0,454.0,466.0,536.0,541.0,546.0,550.0,574.0,584.0,705.0,834.0,845.0,925.0,937.0,957.0,963.0,998.0,
9.0,30.0,45.0,55.0,58.0,76.0,79.0,100.0,119.0,134.0,161.0,175.0,200.0,202.0,203.0,260.0,278.0,364.0,420.0,488.0,557.0,567.0,630.0,637.0,641.0,687.0,694.0,717.0,722.0,754.0,936.0,948.0,956.0,
41.0,51.0,62.0,67.0,71.0,103.0,103.0,133.0,138.0,156.0,165.0,194.0,275.0,276.0,318.0,329.0,339.0,359.0,362.0,383.0,390.0,467.0,481.0,493.0,513.0,614.0,629.0,634.0,658.0,663.0,696.0,719.0,735.0,747.0,748.0,754.0,788.0,796.0,803.0,837.0,873.0,884.0,899.0,930.0,993.0,998.0,
13.0,54.0,74.0,85.0,96.0,111.0,161.0,174.0,177.0,193.0,229.0,231.0,248.0,249.0,266.0,266.0,311.0,354.0,370.0,377.0,404.0,434.0,446.0,464.0,491.0,501.0,506.0,845.0,964.0,
8.0,30.0,34.0,41.0,53.0,171.0,202.0,206.0,215.0,240.0,243.0,251.0,269.0,285.0,286.0,298.0,301.0,308.0,354.0,370.0,374.0,374.0,430.0,455.0,458.0,473.0,
6.0,63.0,79.0,87.0,95.0,107.0,109.0,173.0,221.0,257.0,300.0,368.0,378.0,381.0,426.0,441.0,503.0,758.0,
2.0,10.0,17.0,23.0,30.0,56.0,92.0,194.0,197.0,219.0,256.0,272.0,306.0,309.0,370.0,375.0,387.0,441.0,494.0,
3.0,7.0,9.0,69.0,99.0,106.0,113.0,132.0,165.0,184.0,223.0,250.0,291.0,311.0,327.0,350.0,403.0,405.0,405.0,454.0,740.0,906.0,907.0,985.0,
57.0,62.0,66.0,133.0,185.0,212.0,235.0,262.0,263.0,273.0,294.0,318.0,364.0,401.0,441.0,492.0,499.0,513.0,526.0,556.0,575.0,576.0,585.0,631.0,637.0,670.0,689.0,722.0,768.0,785.0,791.0,815.0,815.0,829.0,862.0,863.0,882.0,933.0,941.0,971.0,995.0,997.0,
2.0,35.0,94.0,96.0,106.0,150.0,157.0,162.0,204.0,242.0,248.0,257.0,281.0,291.0,302.0,316.0,332.0,340.0,351.0,373.0,458.0,473.0,493.0,631.0,640.0,658.0,669.0,740.0,750.0,755.0,768.0,785.0,791.0,862.0,881.0,978.0,980.0,
47.0,52.0,71.0,83.0,102.0,142.0,167.0,240.0,263.0,278.0,307.0,331.0,334.0,410.0,484.0,486.0,500.0,612.0,629.0,654.0,675.0,785.0,798.0,843.0,866.0,899.0,928.0,937.0,938.0,959.0,
16.0,94.0,104.0,122.0,127.0,242.0,309.0,358.0,361.0,368.0,398.0,506.0,515.0,516.0,529.0,532.0,653.0,687.0,721.0,774.0,798.0,831.0,852.0,889.0,889.0,966.0,
10.0,37.0,48.0,66.0,106.0,117.0,151.0,169.0,300.0,347.0,360.0,370.0,372.0,426.0,575.0,631.0,646.0,647.0,669.0,697.0,747.0,826.0,842.0,859.0,879.0,884.0,896.0,900.0,911.0,926.0,940.0,953.0,984.0,
23.0,54.0,157.0,207.0,222.0,227.0,244.0,262.0,294.0,308.0,347.0,410.0,496.0,672.0,686.0,687.0,740.0,761.0,801.0,914.0,926.0,977.0,988.0,
45.0,45.0,48.0,86.0,99.0,128.0,141.0,153.0,217.0,237.0,275.0,409.0,419.0,448.0,460.0,475.0,488.0,
18.0,67.0,93.0,109.0,164.0,226.0,246.0,276.0,295.0,336.0,374.0,390.0,398.0,431.0,448.0,464.0,486.0,487.0,959.0,
37.0,58.0,98.0,116.0,125.0,126.0,149.0,149.0,158.0,171.0,188.0,318.0,337.0,421.0,456.0,460.0,510.0,
16.0,103.0,114.0,121.0,158.0,183.0,236.0,261.0,286.0,308.0,314.0,330.0,367.0,420.0,433.0,472.0,718.0,739.0,759.0,780.0,782.0,784.0,797.0,823.0,840.0,881.0,982.0,
16.0,26.0,68.0,77.0,84.0,110.0,113.0,123.0,124.0,140.0,171.0,181.0,232.0,265.0,277.0,285.0,299.0,315.0,330.0,334.0,341.0,395.0,429.0,454.0,476.0,481.0,493.0,525.0,532.0,568.0,570.0,582.0,613.0,704.0,741.0,751.0,757.0,771.0,792.0,798.0,827.0,827.0,829.0,845.0,852.0,865.0,871.0,889.0,900.0,912.0,916.0,947.0,964.0,964.0,974.0,989.0,
22.0,25.0,26.0,27.0,72.0,77.0,84.0,100.0,100.0,116.0,160.0,163.0,171.0,184.0,200.0,203.0,210.0,281.0,290.0,340.0,341.0,355.0,374.0,391.0,414.0,428.0,431.0,443.0,482.0,552.0,552.0,598.0,653.0,720.0,736.0,745.0,766.0,767.0,789.0,811.0,815.0,842.0,879.0,916.0,938.0,974.0,
38.0,105.0,135.0,138.0,146.0,180.0,227.0,256.0,284.0,284.0,300.0,308.0,326.0,335.0,348.0,348.0,376.0,422.0,422.0,423.0,428.0,446.0,456.0,457.0,466.0,548.0,551.0,584.0,598.0,622.0,641.0,694.0,759.0,762.0,765.0,778.0,831.0,908.0,919.0,942.0,945.0,972.0,
3.0,55.0,77.0,104.0,129.0,132.0,136.0,145.0,192.0,195.0,209.0,223.0,249.0,253.0,329.0,379.0,424.0,432.0,454.0,479.0,494.0,509.0,526.0,533.0,536.0,554.0,562.0,602.0,692.0,714.0,723.0,750.0,797.0,848.0,854.0,912.0,946.0,977.0,
48.0,49.0,55.0,72.0,89.0,124.0,137.0,142.0,202.0,234.0,235.0,263.0,291.0,323.0,392.0,487.0,495.0,504.0,543.0,625.0,649.0,696.0,702.0,708.0,727.0,738.0,775.0,784.0,793.0,795.0,816.0,843.0,854.0,868.0,937.0,946.0,
42.0,42.0,96.0,123.0,125.0,162.0,198.0,209.0,232.0,260.0,294.0,305.0,320.0,359.0,392.0,419.0,432.0,569.0,588.0,618.0,634.0,642.0,681.0,708.0,711.0,720.0,729.0,763.0,820.0,980.0,
6.0,21.0,87.0,89.0,119.0,130.0,200.0,236.0,268.0,331.0,361.0,447.0,471.0,670.0,733.0,787.0,796.0,832.0,841.0,843.0,911.0,
25.0,28.0,30.0,36.0,44.0,87.0,90.0,96.0,99.0,103.0,126.0,140.0,226.0,300.0,311.0,796.0,863.0,956.0,
6.0,30.0,40.0,47.0,75.0,100.0,178.0,181.0,195.0,218.0,229.0,234.0,238.0,245.0,283.0,315.0,361.0,374.0,377.0,387.0,400.0,405.0,410.0,426.0,447.0,459.0,482.0,498.0,500.0,760.0,772.0,823.0,876.0,995.0,
21.0,49.0,89.0,115.0,115.0,150.0,158.0,163.0,181.0,217.0,221.0,273.0,290.0,296.0,304.0,334.0,338.0,348.0,356.0,401.0,403.0,450.0,465.0,467.0,483.0,509.0,582.0,600.0,676.0,711.0,736.0,793.0,839.0,851.0,888.0,898.0,943.0,956.0,973.0,976.0,1000.0,
2.0,22.0,27.0,39.0,44.0,61.0,63.0,68.0,70.0,80.0,111.0,126.0,142.0,169.0,173.0,191.0,241.0,309.0,330.0,348.0,353.0,365.0,404.0,412.0,414.0,414.0,435.0,442.0,449.0,463.0,463.0,534.0,554.0,642.0,653.0,679.0,689.0,716.0,721.0,786.0,804.0,813.0,881.0,885.0,916.0,926.0,928.0,975.0,986.0,989.0,995.0,
3.0,13.0,35.0,58.0,60.0,137.0,206.0,213.0,229.0,250.0,265.0,265.0,278.0,454.0,486.0,555.0,567.0,567.0,575.0,575.0,591.0,617.0,638.0,664.0,668.0,670.0,689.0,801.0,907.0,938.0,939.0,943.0,992.0,
43.0,49.0,69.0,169.0,173.0,194.0,228.0,251.0,281.0,285.0,320.0,326.0,365.0,429.0,480.0,524.0,528.0,544.0,554.0,576.0,623.0,626.0,671.0,738.0,761.0,772.0,775.0,859.0,870.0,890.0,894.0,907.0,944.0,991.0,993.0,
16.0,33.0,46.0,61.0,67.0,74.0,118.0,129.0,175.0,205.0,240.0,243.0,280.0,334.0,398.0,422.0,441.0,453.0,461.0,487.0,513.0,521.0,531.0,545.0,547.0,570.0,620.0,636.0,647.0,691.0,701.0,710.0,725.0,759.0,772.0,803.0,814.0,834.0,839.0,879.0,938.0,940.0,959.0,972.0,
28.0,38.0,76.0,145.0,150.0,164.0,165.0,236.0,339.0,405.0,465.0,490.0,539.0,556.0,658.0,710.0,747.0,781.0,814.0,858.0,870.0,873.0,910.0,971.0,984.0,997.0,
13.0,17.0,28.0,57.0,58.0,85.0,100.0,138.0,155.0,183.0,216.0,221.0,226.0,236.0,247.0,266.0,306.0,320.0,341.0,358.0,363.0,388.0,395.0,398.0,456.0,489.0,500.0,504.0,507.0,562.0,569.0,573.0,607.0,635.0,666.0,669.0,727.0,732.0,752.0,816.0,847.0,865.0,877.0,915.0,929.0,976.0,
31.0,39.0,99.0,155.0,157.0,158.0,166.0,217.0,234.0,262.0,268.0,273.0,286.0,348.0,389.0,397.0,432.0,438.0,484.0,492.0,504.0,514.0,526.0,543.0,616.0,627.0,643.0,658.0,681.0,690.0,692.0,699.0,705.0,706.0,749.0,773.0,774.0,817.0,819.0,838.0,841.0,846.0,876.0,889.0,918.0,928.0,946.0,994.0,
59.0,59.0,60.0,84.0,102.0,128.0,154.0,156.0,175.0,235.0,240.0,270.0,299.0,320.0,323.0,383.0,397.0,403.0,404.0,435.0,435.0,442.0,464.0,481.0,485.0,561.0,580.0,588.0,612.0,619.0,639.0,736.0,739.0,744.0,773.0,779.0,888.0,920.0,921.0,926.0,940.0,951.0,960.0,
16.0,22.0,27.0,87.0,110.0,127.0,127.0,139.0,145.0,154.0,191.0,192.0,202.0,203.0,214.0,224.0,236.0,276.0,276.0,305.0,343.0,352.0,378.0,447.0,453.0,478.0,479.0,502.0,534.0,673.0,705.0,713.0,740.0,742.0,753.0,763.0,829.0,836.0,851.0,856.0,959.0,975.0,983.0,984.0,
116.0,125.0,146.0,164.0,237.0,254.0,256.0,284.0,354.0,369.0,411.0,440.0,445.0,457.0,530.0,543.0,554.0,591.0,601.0,608.0,613.0,624.0,627.0,633.0,645.0,650.0,670.0,677.0,680.0,690.0,696.0,698.0,707.0,708.0,711.0,731.0,755.0,773.0,776.0,779.0,790.0,841.0,863.0,913.0,918.0,948.0,953.0,954.0,988.0,991.0,996.0,
63.0,77.0,79.0,125.0,183.0,192.0,198.0,204.0,235.0,286.0,298.0,325.0,406.0,445.0,454.0,464.0,506.0,552.0,578.0,608.0,620.0,679.0,716.0,720.0,737.0,747.0,767.0,808.0,810.0,829.0,832.0,843.0,847.0,939.0,977.0,979.0,
19.0,34.0,40.0,41.0,64.0,100.0,107.0,120.0,155.0,174.0,214.0,244.0,244.0,332.0,416.0,423.0,440.0,472.0,569.0,584.0,589.0,594.0,644.0,650.0,672.0,684.0,690.0,705.0,739.0,768.0,782.0,790.0,793.0,815.0,836.0,848.0,850.0,892.0,895.0,902.0,904.0,951.0,960.0,976.0,978.0,992.0,
19.0,52.0,89.0,115.0,140.0,208.0,220.0,224.0,243.0,252.0,270.0,316.0,385.0,387.0,412.0,416.0,429.0,440.0,474.0,503.0,579.0,584.0,602.0,603.0,624.0,650.0,669.0,683.0,732.0,736.0,775.0,824.0,916.0,956.0,959.0,994.0,
9.0,25.0,91.0,148.0,176.0,181.0,261.0,283.0,292.0,324.0,327.0,352.0,379.0,386.0,419.0,431.0,456.0,466.0,524.0,525.0,564.0,597.0,660.0,664.0,682.0,687.0,702.0,730.0,733.0,785.0,795.0,899.0,953.0,962.0,969.0,972.0,
98.0,103.0,108.0,108.0,127.0,139.0,140.0,140.0,207.0,230.0,285.0,323.0,353.0,363.0,419.0,432.0,458.0,518.0,528.0,529.0,549.0,621.0,635.0,666.0,676.0,731.0,779.0,795.0,799.0,800.0,816.0,856.0,870.0,934.0,984.0,
5.0,36.0,54.0,68.0,137.0,147.0,173.0,280.0,286.0,306.0,368.0,370.0,373.0,402.0,441.0,447.0,489.0,501.0,510.0,542.0,575.0,633.0,651.0,662.0,688.0,777.0,786.0,792.0,842.0,857.0,869.0,888.0,891.0,928.0,976.0,980.0,
17.0,50.0,52.0,75.0,94.0,132.0,137.0,149.0,159.0,161.0,290.0,294.0,309.0,389.0,393.0,406.0,420.0,429.0,477.0,502.0,522.0,559.0,602.0,607.0,624.0,648.0,733.0,766.0,787.0,801.0,804.0,891.0,927.0,953.0,957.0,
64.0,173.0,188.0,246.0,247.0,280.0,292.0,312.0,336.0,380.0,387.0,404.0,411.0,415.0,484.0,519.0,581.0,601.0,601.0,670.0,684.0,709.0,726.0,729.0,730.0,778.0,795.0,843.0,848.0,859.0,947.0,952.0,952.0,959.0,978.0,984.0,
22.0,43.0,69.0,75.0,96.0,97.0,105.0,107.0,114.0,116.0,131.0,141.0,174.0,189.0,192.0,200.0,207.0,217.0,236.0,274.0,276.0,298.0,310.0,323.0,375.0,421.0,530.0,540.0,540.0,545.0,546.0,556.0,594.0,620.0,647.0,648.0,660.0,684.0,706.0,785.0,785.0,794.0,809.0,812.0,867.0,927.0,953.0,965.0,987.0,993.0,
3.0,68.0,74.0,74.0,120.0,153.0,195.0,219.0,234.0,291.0,302.0,358.0,393.0,399.0,417.0,456.0,468.0,524.0,583.0,595.0,628.0,662.0,688.0,722.0,727.0,781.0,816.0,831.0,874.0,888.0,907.0,912.0,920.0,924.0,936.0,977.0,
31.0,42.0,57.0,95.0,113.0,115.0,131.0,161.0,213.0,264.0,297.0,353.0,384.0,416.0,427.0,435.0,437.0,451.0,471.0,491.0,505.0,607.0,681.0,705.0,707.0,761.0,780.0,815.0,824.0,861.0,867.0,881.0,907.0,946.0,993.0,
23.0,40.0,53.0,113.0,148.0,162.0,182.0,193.0,194.0,228.0,235.0,236.0,252.0,275.0,294.0,299.0,332.0,332.0,339.0,360.0,369.0,463.0,525.0,527.0,566.0,620.0,630.0,680.0,691.0,714.0,746.0,748.0,841.0,909.0,912.0,971.0,978.0,991.0,
