23.0,27.0,29.0,30.0,58.0,78.0,109.0,121.0,142.0,153.0,192.0,205.0,226.0,262.0,299.0,332.0,338.0,348.0,367.0,375.0,398.0,417.0,475.0,483.0,521.0,575.0,624.0,628.0,672.0,678.0,781.0,809.0,905.0,952.0,983.0,
15.0,71.0,86.0,90.0,213.0,219.0,227.0,238.0,249.0,250.0,268.0,320.0,386.0,409.0,431.0,443.0,444.0,465.0,494.0,569.0,574.0,585.0,685.0,686.0,691.0,696.0,728.0,729.0,746.0,761.0,782.0,791.0,800.0,810.0,868.0,876.0,898.0,907.0,916.0,920.0,933.0,942.0,948.0,962.0,963.0,998.0,
12.0,28.0,55.0,65.0,91.0,94.0,97.0,114.0,134.0,162.0,165.0,168.0,198.0,243.0,244.0,263.0,286.0,313.0,320.0,333.0,338.0,419.0,478.0,491.0,510.0,525.0,554.0,613.0,625.0,677.0,679.0,681.0,710.0,739.0,772.0,833.0,842.0,865.0,888.0,904.0,978.0,989.0,
62.0,85.0,113.0,132.0,133.0,178.0,180.0,218.0,274.0,280.0,338.0,342.0,357.0,413.0,444.0,451.0,470.0,475.0,582.0,597.0,626.0,737.0,741.0,764.0,805.0,820.0,823.0,867.0,872.0,877.0,932.0,941.0,952.0,953.0,958.0,
33.0,148.0,154.0,276.0,306.0,309.0,322.0,334.0,340.0,345.0,381.0,391.0,392.0,396.0,450.0,452.0,467.0,482.0,483.0,551.0,559.0,589.0,695.0,796.0,844.0,845.0,871.0,883.0,894.0,903.0,905.0,907.0,919.0,925.0,945.0,986.0,
22.0,53.0,103.0,114.0,161.0,163.0,166.0,210.0,212.0,265.0,342.0,358.0,389.0,404.0,436.0,465.0,478.0,513.0,556.0,600.0,728.0,733.0,767.0,802.0,843.0,849.0,871.0,893.0,903.0,904.0,906.0,920.0,965.0,986.0,
9.0,13.0,21.0,52.0,90.0,130.0,134.0,257.0,310.0,356.0,367.0,396.0,403.0,412.0,426.0,500.0,547.0,565.0,618.0,629.0,664.0,722.0,762.0,785.0,805.0,807.0,810.0,821.0,829.0,893.0,895.0,924.0,951.0,972.0,
29.0,51.0,52.0,81.0,121.0,141.0,142.0,147.0,163.0,198.0,216.0,262.0,268.0,280.0,303.0,320.0,336.0,349.0,437.0,441.0,457.0,519.0,521.0,535.0,537.0,559.0,612.0,636.0,719.0,760.0,804.0,884.0,963.0,979.0,
9.0,53.0,63.0,77.0,111.0,117.0,150.0,189.0,196.0,200.0,257.0,272.0,277.0,315.0,329.0,342.0,344.0,376.0,377.0,432.0,435.0,471.0,476.0,502.0,512.0,522.0,548.0,574.0,659.0,668.0,688.0,693.0,698.0,752.0,764.0,767.0,862.0,901.0,924.0,
2.0,8.0,45.0,57.0,58.0,63.0,111.0,155.0,159.0,202.0,208.0,220.0,245.0,283.0,300.0,357.0,368.0,382.0,400.0,471.0,534.0,565.0,565.0,571.0,609.0,670.0,732.0,740.0,767.0,808.0,853.0,860.0,936.0,
90.0,106.0,184.0,209.0,209.0,250.0,280.0,291.0,300.0,325.0,346.0,385.0,416.0,465.0,483.0,484.0,533.0,540.0,543.0,575.0,577.0,610.0,644.0,646.0,664.0,689.0,712.0,735.0,746.0,767.0,784.0,812.0,819.0,865.0,896.0,896.0,917.0,954.0,962.0,996.0,
16.0,59.0,86.0,102.0,167.0,167.0,174.0,179.0,197.0,215.0,264.0,320.0,333.0,336.0,360.0,368.0,423.0,435.0,538.0,574.0,608.0,658.0,733.0,740.0,807.0,808.0,813.0,828.0,921.0,921.0,930.0,
17.0,97.0,131.0,137.0,146.0,196.0,198.0,234.0,261.0,345.0,369.0,397.0,412.0,432.0,444.0,448.0,450.0,469.0,524.0,528.0,556.0,568.0,579.0,591.0,605.0,660.0,676.0,735.0,744.0,764.0,767.0,775.0,780.0,810.0,836.0,870.0,904.0,982.0,
14.0,73.0,73.0,84.0,99.0,101.0,111.0,136.0,233.0,249.0,275.0,276.0,277.0,291.0,337.0,408.0,433.0,443.0,491.0,501.0,578.0,596.0,636.0,695.0,716.0,728.0,753.0,773.0,795.0,796.0,871.0,874.0,926.0,927.0,
25.0,64.0,92.0,117.0,144.0,165.0,198.0,211.0,212.0,215.0,217.0,217.0,248.0,255.0,279.0,374.0,393.0,430.0,431.0,434.0,437.0,469.0,515.0,551.0,576.0,611.0,638.0,638.0,683.0,726.0,780.0,929.0,962.0,996.0,
4.0,8.0,29.0,70.0,74.0,160.0,199.0,214.0,224.0,269.0,282.0,300.0,319.0,338.0,376.0,439.0,454.0,463.0,465.0,522.0,536.0,536.0,556.0,611.0,627.0,639.0,660.0,670.0,684.0,748.0,776.0,803.0,815.0,815.0,816.0,820.0,827.0,889.0,931.0,955.0,981.0,
8.0,69.0,116.0,131.0,195.0,246.0,260.0,272.0,289.0,319.0,398.0,402.0,458.0,459.0,465.0,492.0,580.0,586.0,620.0,630.0,691.0,694.0,698.0,699.0,701.0,750.0,776.0,788.0,815.0,832.0,878.0,882.0,888.0,923.0,976.0,
4.0,12.0,20.0,23.0,91.0,151.0,174.0,198.0,211.0,238.0,278.0,335.0,342.0,377.0,413.0,483.0,506.0,520.0,520.0,549.0,557.0,560.0,581.0,657.0,689.0,731.0,778.0,806.0,818.0,850.0,852.0,854.0,860.0,930.0,940.0,987.0,
26.0,32.0,46.0,62.0,218.0,218.0,255.0,342.0,389.0,390.0,408.0,439.0,448.0,476.0,498.0,546.0,553.0,602.0,640.0,643.0,713.0,750.0,752.0,757.0,775.0,778.0,836.0,879.0,890.0,900.0,918.0,964.0,
25.0,75.0,101.0,146.0,150.0,226.0,254.0,254.0,263.0,308.0,324.0,367.0,386.0,457.0,496.0,507.0,509.0,543.0,566.0,579.0,580.0,588.0,598.0,643.0,713.0,721.0,730.0,753.0,758.0,808.0,816.0,837.0,862.0,887.0,991.0,
30.0,80.0,83.0,121.0,122.0,169.0,182.0,233.0,234.0,247.0,259.0,315.0,350.0,367.0,376.0,386.0,404.0,506.0,510.0,537.0,539.0,560.0,596.0,599.0,606.0,651.0,668.0,726.0,741.0,747.0,752.0,886.0,913.0,957.0,973.0,985.0,
5.0,13.0,34.0,86.0,96.0,100.0,140.0,177.0,193.0,269.0,274.0,324.0,331.0,335.0,367.0,458.0,483.0,499.0,505.0,547.0,556.0,573.0,587.0,590.0,601.0,618.0,634.0,649.0,750.0,778.0,871.0,923.0,968.0,986.0,
33.0,35.0,58.0,62.0,63.0,71.0,149.0,156.0,187.0,206.0,233.0,271.0,322.0,360.0,380.0,393.0,395.0,407.0,419.0,423.0,431.0,438.0,445.0,449.0,500.0,558.0,568.0,586.0,601.0,601.0,626.0,676.0,691.0,740.0,814.0,836.0,958.0,969.0,998.0,
14.0,31.0,32.0,35.0,87.0,115.0,158.0,161.0,182.0,264.0,275.0,295.0,305.0,329.0,347.0,359.0,375.0,407.0,429.0,505.0,544.0,578.0,626.0,665.0,734.0,737.0,741.0,759.0,767.0,799.0,821.0,845.0,845.0,847.0,858.0,860.0,888.0,910.0,917.0,955.0,998.0,
20.0,82.0,88.0,133.0,170.0,175.0,226.0,247.0,358.0,380.0,383.0,415.0,421.0,439.0,504.0,523.0,578.0,605.0,613.0,631.0,672.0,718.0,741.0,749.0,751.0,757.0,773.0,849.0,876.0,876.0,885.0,919.0,930.0,941.0,961.0,978.0,
21.0,25.0,85.0,132.0,153.0,157.0,158.0,164.0,181.0,185.0,199.0,270.0,291.0,297.0,328.0,333.0,338.0,387.0,392.0,396.0,412.0,418.0,499.0,522.0,539.0,563.0,607.0,644.0,662.0,694.0,694.0,746.0,748.0,829.0,861.0,916.0,931.0,
3.0,6.0,154.0,169.0,173.0,184.0,220.0,343.0,375.0,396.0,433.0,482.0,507.0,519.0,545.0,550.0,645.0,648.0,671.0,706.0,754.0,767.0,784.0,797.0,800.0,922.0,930.0,951.0,976.0,985.0,
57.0,68.0,69.0,70.0,90.0,111.0,134.0,188.0,282.0,292.0,311.0,333.0,375.0,377.0,407.0,410.0,412.0,440.0,496.0,585.0,653.0,660.0,673.0,685.0,699.0,715.0,717.0,773.0,799.0,927.0,927.0,936.0,
56.0,62.0,87.0,96.0,99.0,110.0,125.0,157.0,180.0,198.0,202.0,232.0,308.0,336.0,342.0,401.0,404.0,434.0,440.0,441.0,520.0,532.0,558.0,606.0,614.0,623.0,630.0,637.0,672.0,700.0,714.0,794.0,850.0,911.0,942.0,
70.0,106.0,118.0,218.0,220.0,239.0,246.0,288.0,291.0,311.0,376.0,387.0,388.0,402.0,453.0,463.0,468.0,536.0,578.0,639.0,646.0,677.0,704.0,732.0,747.0,770.0,787.0,815.0,847.0,914.0,915.0,929.0,931.0,951.0,
3.0,23.0,85.0,100.0,141.0,220.0,251.0,259.0,288.0,320.0,338.0,357.0,363.0,369.0,372.0,379.0,381.0,412.0,415.0,423.0,427.0,444.0,461.0,510.0,540.0,565.0,583.0,628.0,657.0,674.0,709.0,735.0,740.0,757.0,847.0,858.0,873.0,891.0,910.0,911.0,921.0,
21.0,32.0,61.0,68.0,74.0,114.0,116.0,150.0,187.0,234.0,259.0,260.0,346.0,354.0,364.0,406.0,441.0,452.0,463.0,499.0,544.0,551.0,586.0,633.0,707.0,710.0,739.0,750.0,779.0,785.0,806.0,857.0,901.0,949.0,
49.0,53.0,84.0,98.0,217.0,222.0,282.0,283.0,292.0,297.0,334.0,379.0,388.0,396.0,401.0,428.0,518.0,554.0,595.0,609.0,651.0,657.0,682.0,682.0,793.0,804.0,860.0,864.0,875.0,875.0,876.0,906.0,918.0,920.0,922.0,953.0,958.0,989.0,
21.0,30.0,32.0,48.0,82.0,110.0,128.0,137.0,258.0,262.0,297.0,320.0,321.0,325.0,349.0,382.0,399.0,449.0,485.0,558.0,568.0,569.0,579.0,610.0,618.0,656.0,716.0,751.0,782.0,785.0,819.0,824.0,843.0,850.0,854.0,873.0,882.0,894.0,926.0,980.0,
12.0,21.0,31.0,61.0,114.0,118.0,128.0,274.0,311.0,316.0,359.0,388.0,441.0,496.0,537.0,577.0,598.0,610.0,649.0,664.0,665.0,673.0,704.0,720.0,754.0,784.0,825.0,844.0,871.0,951.0,981.0,
10.0,21.0,44.0,187.0,194.0,250.0,280.0,284.0,303.0,304.0,327.0,348.0,364.0,365.0,431.0,454.0,499.0,523.0,538.0,542.0,555.0,581.0,591.0,628.0,648.0,700.0,726.0,733.0,734.0,765.0,782.0,783.0,817.0,869.0,944.0,971.0,
25.0,45.0,48.0,79.0,82.0,94.0,115.0,130.0,131.0,148.0,165.0,230.0,274.0,281.0,311.0,327.0,335.0,366.0,418.0,433.0,435.0,464.0,554.0,566.0,576.0,646.0,656.0,702.0,708.0,716.0,731.0,742.0,744.0,793.0,805.0,841.0,857.0,864.0,925.0,929.0,930.0,945.0,968.0,975.0,990.0,
2.0,114.0,114.0,146.0,157.0,158.0,167.0,207.0,224.0,241.0,242.0,273.0,283.0,317.0,319.0,352.0,373.0,393.0,438.0,440.0,463.0,467.0,481.0,516.0,522.0,578.0,580.0,638.0,655.0,675.0,688.0,757.0,761.0,800.0,805.0,807.0,870.0,903.0,945.0,
19.0,27.0,30.0,40.0,81.0,109.0,122.0,127.0,127.0,143.0,210.0,213.0,224.0,231.0,243.0,250.0,266.0,393.0,410.0,412.0,420.0,432.0,463.0,501.0,522.0,522.0,712.0,725.0,800.0,807.0,861.0,862.0,876.0,891.0,904.0,920.0,942.0,949.0,969.0,
18.0,28.0,53.0,91.0,100.0,102.0,154.0,156.0,189.0,242.0,258.0,294.0,327.0,333.0,362.0,515.0,530.0,531.0,543.0,558.0,572.0,643.0,652.0,699.0,717.0,751.0,762.0,770.0,770.0,815.0,848.0,887.0,940.0,974.0,
10.0,11.0,127.0,230.0,232.0,254.0,277.0,332.0,358.0,427.0,486.0,492.0,503.0,526.0,559.0,625.0,686.0,690.0,690.0,731.0,743.0,900.0,921.0,935.0,962.0,969.0,
6.0,50.0,87.0,113.0,115.0,130.0,138.0,375.0,408.0,411.0,419.0,424.0,456.0,468.0,485.0,542.0,574.0,650.0,652.0,660.0,669.0,674.0,751.0,766.0,767.0,830.0,843.0,857.0,872.0,930.0,983.0,
103.0,132.0,178.0,201.0,352.0,397.0,473.0,485.0,491.0,518.0,569.0,572.0,606.0,618.0,692.0,706.0,711.0,770.0,787.0,835.0,866.0,898.0,955.0,992.0,
10.0,13.0,49.0,62.0,79.0,136.0,139.0,159.0,161.0,208.0,233.0,263.0,287.0,325.0,329.0,353.0,372.0,375.0,381.0,395.0,454.0,469.0,470.0,471.0,507.0,507.0,516.0,518.0,549.0,595.0,703.0,752.0,776.0,797.0,811.0,836.0,848.0,874.0,920.0,985.0,
28.0,89.0,142.0,227.0,270.0,276.0,296.0,311.0,319.0,372.0,392.0,422.0,427.0,434.0,442.0,486.0,487.0,491.0,574.0,585.0,674.0,693.0,694.0,720.0,753.0,757.0,779.0,832.0,846.0,849.0,923.0,960.0,965.0,991.0,
4.0,4.0,62.0,85.0,99.0,107.0,175.0,200.0,266.0,294.0,296.0,338.0,343.0,354.0,391.0,430.0,443.0,448.0,482.0,532.0,542.0,636.0,666.0,721.0,742.0,748.0,765.0,780.0,824.0,868.0,871.0,878.0,892.0,893.0,900.0,935.0,974.0,
5.0,23.0,71.0,78.0,158.0,192.0,194.0,207.0,293.0,344.0,364.0,390.0,407.0,443.0,460.0,481.0,491.0,492.0,501.0,509.0,561.0,563.0,607.0,638.0,644.0,645.0,652.0,681.0,709.0,753.0,763.0,776.0,941.0,953.0,986.0,
24.0,39.0,46.0,57.0,98.0,118.0,146.0,148.0,154.0,158.0,160.0,187.0,226.0,258.0,306.0,319.0,370.0,398.0,495.0,505.0,523.0,530.0,593.0,600.0,632.0,700.0,700.0,721.0,769.0,773.0,863.0,918.0,928.0,960.0,976.0,994.0,
10.0,31.0,37.0,57.0,63.0,92.0,101.0,144.0,159.0,211.0,261.0,308.0,313.0,368.0,467.0,606.0,623.0,649.0,725.0,790.0,802.0,809.0,829.0,832.0,873.0,878.0,885.0,908.0,928.0,949.0,
48.0,83.0,128.0,179.0,216.0,257.0,257.0,271.0,295.0,304.0,312.0,312.0,334.0,360.0,378.0,439.0,446.0,491.0,493.0,530.0,588.0,595.0,596.0,600.0,609.0,635.0,674.0,677.0,692.0,731.0,781.0,786.0,852.0,862.0,907.0,915.0,960.0,960.0,
8.0,12.0,21.0,96.0,119.0,141.0,143.0,144.0,151.0,202.0,223.0,244.0,316.0,458.0,459.0,466.0,503.0,623.0,661.0,667.0,684.0,696.0,698.0,723.0,728.0,741.0,742.0,749.0,753.0,761.0,795.0,820.0,838.0,906.0,910.0,945.0,948.0,994.0,
75.0,109.0,147.0,205.0,211.0,217.0,289.0,332.0,353.0,375.0,376.0,403.0,404.0,426.0,429.0,445.0,448.0,474.0,479.0,584.0,607.0,637.0,642.0,679.0,683.0,710.0,769.0,810.0,849.0,850.0,898.0,912.0,914.0,918.0,924.0,986.0,
11.0,44.0,58.0,99.0,120.0,168.0,176.0,178.0,179.0,205.0,225.0,226.0,228.0,285.0,320.0,326.0,340.0,341.0,357.0,420.0,455.0,466.0,491.0,506.0,541.0,580.0,649.0,697.0,734.0,736.0,759.0,803.0,806.0,875.0,881.0,906.0,927.0,958.0,960.0,981.0,
6.0,27.0,123.0,167.0,167.0,198.0,249.0,299.0,374.0,389.0,435.0,441.0,446.0,447.0,506.0,535.0,558.0,572.0,607.0,635.0,690.0,706.0,733.0,737.0,784.0,845.0,884.0,910.0,912.0,923.0,926.0,951.0,
28.0,151.0,163.0,165.0,176.0,178.0,194.0,222.0,232.0,236.0,316.0,366.0,371.0,379.0,383.0,385.0,396.0,438.0,460.0,504.0,512.0,524.0,535.0,544.0,571.0,595.0,605.0,607.0,607.0,623.0,654.0,690.0,709.0,737.0,779.0,782.0,797.0,814.0,896.0,915.0,937.0,950.0,953.0,972.0,
74.0,78.0,124.0,150.0,161.0,177.0,179.0,199.0,201.0,221.0,278.0,286.0,291.0,297.0,314.0,339.0,422.0,444.0,457.0,478.0,490.0,543.0,554.0,596.0,604.0,606.0,632.0,639.0,685.0,700.0,718.0,719.0,780.0,794.0,879.0,918.0,929.0,963.0,
4.0,6.0,25.0,40.0,47.0,74.0,79.0,86.0,106.0,147.0,227.0,335.0,364.0,377.0,393.0,400.0,410.0,456.0,473.0,477.0,517.0,545.0,626.0,716.0,724.0,730.0,732.0,735.0,742.0,760.0,761.0,783.0,797.0,798.0,844.0,869.0,888.0,915.0,928.0,
14.0,47.0,55.0,92.0,150.0,181.0,196.0,274.0,301.0,309.0,327.0,421.0,440.0,501.0,504.0,505.0,582.0,605.0,707.0,733.0,748.0,771.0,791.0,800.0,838.0,854.0,880.0,881.0,946.0,971.0,
7.0,13.0,15.0,59.0,76.0,82.0,96.0,110.0,144.0,157.0,186.0,193.0,309.0,323.0,327.0,407.0,442.0,453.0,470.0,565.0,583.0,642.0,735.0,741.0,756.0,796.0,817.0,834.0,842.0,846.0,879.0,902.0,910.0,916.0,944.0,965.0,976.0,986.0,
46.0,67.0,70.0,83.0,92.0,97.0,150.0,241.0,251.0,284.0,299.0,323.0,337.0,354.0,364.0,449.0,455.0,483.0,533.0,575.0,585.0,599.0,658.0,670.0,710.0,724.0,826.0,831.0,834.0,839.0,843.0,856.0,861.0,882.0,957.0,981.0,996.0,
10.0,33.0,79.0,172.0,197.0,243.0,272.0,324.0,442.0,480.0,498.0,568.0,587.0,606.0,620.0,620.0,641.0,641.0,674.0,683.0,721.0,740.0,753.0,822.0,862.0,932.0,942.0,958.0,
4.0,9.0,12.0,43.0,57.0,82.0,102.0,108.0,113.0,178.0,195.0,201.0,243.0,249.0,292.0,298.0,300.0,329.0,335.0,395.0,412.0,422.0,483.0,495.0,514.0,536.0,559.0,562.0,588.0,600.0,650.0,690.0,698.0,741.0,743.0,754.0,755.0,770.0,782.0,783.0,810.0,858.0,871.0,887.0,895.0,910.0,931.0,
13.0,16.0,102.0,104.0,110.0,118.0,193.0,212.0,239.0,302.0,303.0,314.0,318.0,340.0,378.0,516.0,560.0,606.0,662.0,676.0,697.0,709.0,720.0,727.0,742.0,750.0,762.0,766.0,777.0,781.0,825.0,847.0,849.0,869.0,883.0,889.0,898.0,899.0,913.0,954.0,962.0,972.0,977.0,981.0,992.0,
70.0,104.0,128.0,242.0,260.0,290.0,303.0,320.0,335.0,346.0,399.0,412.0,413.0,452.0,486.0,525.0,525.0,533.0,541.0,616.0,622.0,633.0,647.0,650.0,651.0,681.0,697.0,702.0,703.0,730.0,743.0,744.0,774.0,814.0,849.0,916.0,936.0,939.0,968.0,972.0,974.0,985.0,
30.0,45.0,78.0,92.0,110.0,138.0,150.0,171.0,182.0,184.0,206.0,213.0,226.0,269.0,284.0,288.0,288.0,290.0,299.0,327.0,335.0,379.0,389.0,404.0,450.0,451.0,470.0,481.0,501.0,530.0,536.0,552.0,595.0,630.0,702.0,708.0,726.0,793.0,795.0,797.0,805.0,805.0,819.0,848.0,857.0,862.0,970.0,
25.0,46.0,74.0,97.0,98.0,122.0,180.0,202.0,220.0,244.0,249.0,302.0,322.0,362.0,366.0,399.0,434.0,435.0,450.0,455.0,473.0,556.0,579.0,610.0,612.0,619.0,634.0,646.0,658.0,673.0,715.0,748.0,755.0,931.0,941.0,966.0,980.0,997.0,
41.0,276.0,303.0,321.0,328.0,337.0,393.0,432.0,449.0,500.0,531.0,550.0,560.0,570.0,580.0,597.0,616.0,642.0,658.0,662.0,671.0,739.0,763.0,790.0,792.0,823.0,834.0,856.0,867.0,867.0,869.0,873.0,884.0,890.0,903.0,907.0,914.0,956.0,
40.0,92.0,117.0,124.0,128.0,132.0,137.0,139.0,141.0,143.0,145.0,183.0,199.0,317.0,388.0,454.0,460.0,466.0,503.0,507.0,531.0,555.0,570.0,605.0,624.0,649.0,651.0,669.0,682.0,699.0,721.0,766.0,809.0,811.0,839.0,854.0,865.0,866.0,881.0,923.0,946.0,961.0,976.0,984.0,
38.0,98.0,127.0,183.0,199.0,204.0,282.0,286.0,332.0,341.0,395.0,405.0,427.0,454.0,492.0,494.0,512.0,525.0,551.0,567.0,568.0,581.0,594.0,635.0,657.0,658.0,700.0,731.0,761.0,838.0,858.0,862.0,880.0,906.0,987.0,
39.0,73.0,76.0,82.0,131.0,137.0,240.0,306.0,341.0,377.0,408.0,431.0,438.0,452.0,520.0,557.0,583.0,617.0,622.0,643.0,687.0,725.0,742.0,789.0,810.0,821.0,880.0,889.0,953.0,965.0,989.0,991.0,997.0,
9.0,65.0,65.0,178.0,193.0,225.0,230.0,260.0,277.0,290.0,369.0,384.0,398.0,446.0,476.0,489.0,507.0,511.0,517.0,543.0,549.0,567.0,567.0,619.0,700.0,702.0,764.0,771.0,776.0,784.0,786.0,830.0,884.0,949.0,979.0,
4.0,21.0,43.0,49.0,51.0,146.0,159.0,167.0,176.0,212.0,223.0,279.0,332.0,362.0,370.0,373.0,439.0,476.0,484.0,509.0,514.0,581.0,594.0,615.0,630.0,685.0,759.0,782.0,864.0,871.0,896.0,907.0,946.0,949.0,963.0,986.0,990.0,
55.0,55.0,93.0,101.0,114.0,129.0,135.0,206.0,226.0,256.0,261.0,290.0,291.0,297.0,297.0,305.0,339.0,344.0,464.0,469.0,471.0,478.0,488.0,501.0,505.0,550.0,551.0,585.0,630.0,671.0,686.0,687.0,747.0,789.0,810.0,828.0,888.0,
27.0,53.0,55.0,94.0,130.0,135.0,140.0,172.0,185.0,222.0,273.0,319.0,344.0,358.0,377.0,419.0,440.0,451.0,560.0,592.0,657.0,713.0,732.0,744.0,781.0,794.0,862.0,863.0,869.0,888.0,975.0,
6.0,107.0,110.0,110.0,212.0,221.0,232.0,250.0,256.0,266.0,267.0,273.0,277.0,289.0,305.0,319.0,352.0,376.0,378.0,381.0,383.0,387.0,450.0,477.0,520.0,521.0,550.0,562.0,634.0,666.0,668.0,671.0,678.0,679.0,729.0,756.0,778.0,786.0,823.0,823.0,840.0,882.0,884.0,967.0,994.0,
177.0,229.0,234.0,262.0,288.0,316.0,386.0,402.0,407.0,414.0,455.0,498.0,618.0,618.0,642.0,674.0,764.0,784.0,826.0,883.0,887.0,903.0,907.0,940.0,958.0,989.0,
2.0,81.0,99.0,107.0,140.0,140.0,186.0,284.0,341.0,346.0,354.0,387.0,391.0,433.0,461.0,512.0,513.0,531.0,538.0,561.0,572.0,575.0,589.0,598.0,622.0,659.0,683.0,684.0,685.0,713.0,716.0,728.0,730.0,740.0,773.0,836.0,884.0,929.0,954.0,954.0,984.0,985.0,
4.0,15.0,54.0,97.0,124.0,140.0,141.0,143.0,171.0,180.0,257.0,319.0,330.0,332.0,333.0,351.0,367.0,419.0,431.0,458.0,472.0,542.0,545.0,547.0,613.0,632.0,664.0,685.0,743.0,752.0,764.0,817.0,821.0,844.0,867.0,881.0,924.0,929.0,945.0,994.0,
61.0,62.0,79.0,128.0,166.0,170.0,270.0,286.0,294.0,315.0,318.0,322.0,333.0,357.0,377.0,404.0,447.0,463.0,472.0,484.0,487.0,514.0,533.0,534.0,567.0,644.0,702.0,727.0,801.0,806.0,822.0,889.0,902.0,914.0,954.0,980.0,1000.0,
31.0,42.0,61.0,175.0,180.0,180.0,222.0,234.0,251.0,319.0,361.0,380.0,404.0,440.0,469.0,472.0,484.0,599.0,616.0,620.0,640.0,642.0,642.0,647.0,654.0,742.0,746.0,763.0,766.0,788.0,795.0,804.0,993.0,998.0,
16.0,20.0,22.0,35.0,83.0,219.0,222.0,224.0,247.0,249.0,269.0,306.0,307.0,348.0,377.0,386.0,396.0,400.0,401.0,402.0,419.0,421.0,424.0,522.0,539.0,550.0,590.0,601.0,635.0,677.0,748.0,786.0,822.0,844.0,850.0,855.0,884.0,887.0,930.0,936.0,964.0,988.0,990.0,
20.0,60.0,63.0,68.0,86.0,165.0,183.0,203.0,261.0,271.0,325.0,361.0,379.0,390.0,403.0,433.0,437.0,450.0,452.0,495.0,501.0,557.0,590.0,590.0,679.0,680.0,687.0,712.0,722.0,724.0,828.0,834.0,871.0,875.0,898.0,913.0,913.0,937.0,940.0,947.0,986.0,995.0,
33.0,61.0,62.0,63.0,85.0,88.0,102.0,118.0,167.0,168.0,178.0,215.0,220.0,226.0,251.0,272.0,309.0,319.0,350.0,407.0,416.0,418.0,421.0,437.0,456.0,460.0,463.0,481.0,481.0,482.0,504.0,533.0,606.0,700.0,773.0,789.0,793.0,793.0,801.0,819.0,829.0,854.0,863.0,882.0,897.0,963.0,965.0,978.0,980.0,
45.0,100.0,105.0,105.0,135.0,175.0,184.0,190.0,194.0,252.0,318.0,322.0,330.0,360.0,364.0,374.0,382.0,382.0,408.0,425.0,427.0,450.0,451.0,512.0,531.0,615.0,630.0,678.0,743.0,763.0,800.0,811.0,840.0,869.0,873.0,893.0,894.0,927.0,945.0,954.0,959.0,
3.0,20.0,37.0,38.0,50.0,53.0,56.0,65.0,92.0,98.0,102.0,148.0,237.0,294.0,373.0,452.0,453.0,477.0,488.0,492.0,516.0,543.0,567.0,641.0,645.0,671.0,698.0,704.0,742.0,785.0,853.0,876.0,889.0,903.0,909.0,916.0,932.0,935.0,943.0,946.0,963.0,965.0,
13.0,63.0,176.0,186.0,213.0,307.0,310.0,339.0,350.0,400.0,407.0,431.0,491.0,528.0,552.0,583.0,585.0,605.0,609.0,612.0,621.0,643.0,686.0,688.0,702.0,702.0,812.0,940.0,958.0,
17.0,29.0,39.0,60.0,88.0,88.0,124.0,126.0,126.0,167.0,205.0,213.0,255.0,275.0,303.0,321.0,321.0,369.0,380.0,382.0,386.0,393.0,433.0,436.0,519.0,543.0,565.0,579.0,583.0,584.0,622.0,658.0,703.0,730.0,744.0,783.0,864.0,898.0,969.0,
14.0,14.0,40.0,80.0,150.0,196.0,206.0,222.0,226.0,229.0,244.0,278.0,289.0,302.0,319.0,322.0,449.0,520.0,531.0,535.0,554.0,581.0,610.0,701.0,721.0,757.0,775.0,779.0,780.0,858.0,891.0,898.0,912.0,968.0,975.0,
36.0,39.0,50.0,99.0,111.0,116.0,122.0,139.0,231.0,235.0,252.0,254.0,287.0,298.0,298.0,315.0,370.0,386.0,417.0,417.0,432.0,606.0,677.0,699.0,715.0,729.0,793.0,822.0,825.0,871.0,885.0,921.0,929.0,957.0,
12.0,45.0,54.0,66.0,76.0,126.0,139.0,149.0,163.0,223.0,226.0,307.0,312.0,362.0,436.0,441.0,480.0,483.0,528.0,542.0,542.0,594.0,617.0,619.0,641.0,654.0,699.0,711.0,944.0,946.0,975.0,988.0,
13.0,35.0,42.0,93.0,149.0,160.0,171.0,198.0,231.0,246.0,282.0,304.0,327.0,346.0,391.0,399.0,423.0,442.0,443.0,453.0,557.0,568.0,572.0,632.0,647.0,669.0,704.0,710.0,751.0,764.0,774.0,799.0,818.0,825.0,859.0,873.0,929.0,950.0,989.0,990.0,991.0,
81.0,83.0,85.0,91.0,93.0,103.0,134.0,150.0,163.0,183.0,190.0,199.0,244.0,255.0,259.0,268.0,296.0,323.0,383.0,421.0,453.0,463.0,536.0,625.0,636.0,661.0,683.0,691.0,697.0,771.0,787.0,829.0,883.0,886.0,905.0,914.0,928.0,948.0,961.0,966.0,
31.0,129.0,139.0,213.0,215.0,240.0,253.0,271.0,316.0,342.0,374.0,398.0,418.0,447.0,517.0,578.0,593.0,595.0,627.0,638.0,660.0,674.0,691.0,725.0,746.0,794.0,806.0,856.0,883.0,897.0,914.0,956.0,987.0,
8.0,17.0,42.0,57.0,91.0,106.0,119.0,125.0,151.0,167.0,307.0,344.0,376.0,461.0,465.0,504.0,639.0,647.0,673.0,703.0,779.0,784.0,825.0,837.0,843.0,870.0,893.0,926.0,955.0,
39.0,43.0,58.0,68.0,129.0,151.0,238.0,269.0,289.0,306.0,313.0,355.0,404.0,405.0,448.0,474.0,486.0,530.0,562.0,635.0,675.0,690.0,695.0,696.0,763.0,773.0,775.0,801.0,863.0,889.0,892.0,893.0,908.0,909.0,919.0,984.0,
6.0,47.0,70.0,86.0,195.0,231.0,234.0,271.0,287.0,293.0,296.0,304.0,308.0,316.0,356.0,371.0,378.0,402.0,410.0,441.0,452.0,453.0,460.0,464.0,478.0,479.0,533.0,624.0,631.0,663.0,666.0,669.0,708.0,717.0,750.0,831.0,893.0,902.0,933.0,969.0,974.0,
15.0,18.0,67.0,114.0,191.0,320.0,334.0,335.0,344.0,377.0,434.0,434.0,434.0,486.0,498.0,527.0,564.0,592.0,599.0,665.0,668.0,731.0,787.0,796.0,800.0,801.0,827.0,828.0,831.0,833.0,872.0,890.0,891.0,913.0,917.0,936.0,968.0,
70.0,125.0,149.0,241.0,270.0,316.0,356.0,358.0,358.0,375.0,387.0,403.0,439.0,460.0,472.0,473.0,479.0,481.0,497.0,537.0,557.0,568.0,589.0,677.0,691.0,713.0,713.0,745.0,758.0,785.0,813.0,834.0,883.0,887.0,905.0,942.0,970.0,978.0,993.0,
35.0,60.0,95.0,105.0,115.0,141.0,174.0,189.0,197.0,250.0,268.0,271.0,301.0,342.0,378.0,428.0,429.0,463.0,492.0,560.0,594.0,686.0,692.0,805.0,807.0,941.0,944.0,979.0,980.0,
9.0,58.0,110.0,146.0,177.0,188.0,203.0,248.0,255.0,311.0,314.0,391.0,394.0,407.0,432.0,468.0,479.0,482.0,564.0,623.0,650.0,705.0,722.0,768.0,776.0,783.0,819.0,834.0,926.0,950.0,
