6.0,23.0,24.0,73.0,165.0,203.0,213.0,359.0,364.0,381.0,385.0,411.0,411.0,418.0,432.0,442.0,445.0,521.0,536.0,547.0,702.0,744.0,788.0,813.0,821.0,834.0,839.0,967.0,982.0,992.0,
4.0,33.0,43.0,67.0,102.0,104.0,181.0,285.0,357.0,409.0,409.0,414.0,452.0,467.0,472.0,496.0,505.0,584.0,624.0,643.0,645.0,649.0,650.0,652.0,653.0,737.0,747.0,781.0,840.0,874.0,914.0,922.0,939.0,948.0,966.0,967.0,967.0,969.0,991.0,
34.0,35.0,83.0,86.0,106.0,110.0,132.0,157.0,162.0,179.0,233.0,241.0,288.0,297.0,297.0,305.0,312.0,344.0,363.0,384.0,417.0,466.0,585.0,590.0,597.0,624.0,632.0,635.0,657.0,703.0,706.0,721.0,744.0,759.0,759.0,777.0,781.0,797.0,798.0,818.0,843.0,941.0,948.0,948.0,990.0,
8.0,26.0,41.0,47.0,80.0,94.0,101.0,213.0,236.0,246.0,264.0,292.0,361.0,399.0,458.0,497.0,661.0,661.0,679.0,694.0,700.0,701.0,789.0,791.0,828.0,832.0,931.0,943.0,953.0,959.0,981.0,982.0,
14.0,17.0,38.0,110.0,137.0,187.0,244.0,252.0,263.0,291.0,338.0,441.0,452.0,518.0,528.0,540.0,593.0,676.0,708.0,721.0,721.0,774.0,786.0,827.0,893.0,907.0,954.0,970.0,971.0,
26.0,132.0,135.0,139.0,141.0,157.0,159.0,176.0,233.0,237.0,266.0,328.0,353.0,473.0,544.0,592.0,627.0,662.0,686.0,718.0,719.0,735.0,745.0,752.0,824.0,840.0,856.0,874.0,881.0,927.0,927.0,961.0,
18.0,50.0,65.0,102.0,165.0,245.0,265.0,321.0,362.0,364.0,390.0,424.0,457.0,546.0,549.0,555.0,625.0,640.0,643.0,658.0,672.0,680.0,680.0,713.0,831.0,873.0,970.0,973.0,
5.0,26.0,97.0,108.0,151.0,158.0,160.0,187.0,217.0,217.0,246.0,257.0,391.0,407.0,411.0,463.0,494.0,528.0,598.0,599.0,621.0,656.0,661.0,683.0,751.0,777.0,779.0,807.0,811.0,819.0,825.0,831.0,841.0,902.0,931.0,939.0,952.0,958.0,994.0,
29.0,72.0,107.0,110.0,114.0,136.0,180.0,274.0,337.0,340.0,354.0,400.0,409.0,421.0,422.0,472.0,491.0,515.0,519.0,533.0,566.0,626.0,644.0,695.0,695.0,713.0,744.0,755.0,757.0,762.0,778.0,778.0,805.0,807.0,844.0,851.0,861.0,880.0,933.0,945.0,956.0,974.0,
69.0,74.0,186.0,193.0,221.0,280.0,294.0,322.0,369.0,396.0,449.0,457.0,471.0,504.0,587.0,601.0,620.0,703.0,716.0,733.0,740.0,741.0,839.0,905.0,911.0,947.0,999.0,
34.0,35.0,61.0,67.0,78.0,108.0,114.0,129.0,147.0,152.0,179.0,183.0,186.0,215.0,278.0,304.0,309.0,333.0,339.0,356.0,360.0,390.0,407.0,450.0,515.0,596.0,596.0,610.0,648.0,651.0,702.0,737.0,749.0,767.0,804.0,811.0,842.0,996.0,
62.0,103.0,138.0,174.0,188.0,190.0,223.0,235.0,281.0,290.0,380.0,407.0,443.0,458.0,524.0,532.0,556.0,581.0,596.0,598.0,659.0,661.0,671.0,691.0,814.0,869.0,899.0,899.0,932.0,947.0,979.0,987.0,
8.0,11.0,43.0,52.0,59.0,149.0,175.0,209.0,257.0,281.0,300.0,300.0,304.0,314.0,356.0,371.0,433.0,521.0,533.0,533.0,543.0,564.0,595.0,606.0,632.0,644.0,665.0,675.0,715.0,743.0,782.0,793.0,814.0,875.0,878.0,988.0,997.0,
28.0,35.0,37.0,69.0,118.0,214.0,222.0,272.0,319.0,349.0,357.0,373.0,386.0,437.0,503.0,521.0,524.0,594.0,609.0,616.0,627.0,637.0,694.0,710.0,758.0,776.0,786.0,884.0,922.0,966.0,973.0,
13.0,50.0,97.0,151.0,152.0,194.0,201.0,239.0,252.0,257.0,290.0,300.0,301.0,302.0,303.0,308.0,325.0,363.0,368.0,386.0,412.0,431.0,442.0,517.0,537.0,552.0,578.0,584.0,592.0,665.0,686.0,695.0,723.0,724.0,746.0,752.0,805.0,892.0,911.0,938.0,965.0,997.0,
16.0,76.0,77.0,90.0,92.0,166.0,182.0,214.0,238.0,262.0,264.0,320.0,350.0,359.0,367.0,373.0,380.0,435.0,471.0,476.0,487.0,500.0,509.0,533.0,599.0,603.0,643.0,648.0,681.0,727.0,780.0,787.0,810.0,858.0,870.0,889.0,913.0,960.0,967.0,1000.0,
2.0,84.0,132.0,154.0,166.0,221.0,264.0,273.0,282.0,287.0,302.0,321.0,366.0,370.0,377.0,378.0,411.0,448.0,507.0,533.0,575.0,593.0,603.0,676.0,719.0,725.0,762.0,817.0,827.0,840.0,845.0,862.0,867.0,889.0,954.0,963.0,982.0,984.0,985.0,1000.0,
10.0,36.0,44.0,84.0,91.0,129.0,152.0,163.0,178.0,181.0,219.0,266.0,374.0,399.0,406.0,413.0,451.0,464.0,489.0,515.0,519.0,528.0,559.0,576.0,618.0,625.0,631.0,632.0,668.0,682.0,719.0,768.0,784.0,833.0,844.0,902.0,924.0,953.0,974.0,
36.0,64.0,82.0,111.0,125.0,167.0,175.0,220.0,238.0,238.0,274.0,297.0,320.0,325.0,350.0,391.0,415.0,464.0,563.0,634.0,667.0,682.0,750.0,757.0,779.0,786.0,795.0,813.0,932.0,943.0,
17.0,93.0,142.0,178.0,244.0,263.0,271.0,273.0,291.0,390.0,401.0,414.0,421.0,510.0,534.0,699.0,735.0,757.0,811.0,859.0,865.0,891.0,894.0,906.0,928.0,
26.0,34.0,48.0,63.0,69.0,71.0,82.0,97.0,139.0,171.0,205.0,310.0,331.0,338.0,349.0,359.0,407.0,413.0,438.0,451.0,456.0,472.0,493.0,658.0,658.0,668.0,674.0,740.0,779.0,785.0,795.0,888.0,893.0,906.0,920.0,933.0,934.0,954.0,
30.0,48.0,60.0,98.0,132.0,140.0,142.0,146.0,185.0,188.0,198.0,205.0,264.0,269.0,295.0,322.0,337.0,341.0,377.0,432.0,472.0,479.0,571.0,583.0,596.0,675.0,691.0,705.0,769.0,801.0,898.0,904.0,955.0,979.0,
15.0,22.0,40.0,47.0,76.0,77.0,100.0,111.0,122.0,137.0,147.0,153.0,158.0,208.0,232.0,283.0,284.0,305.0,336.0,352.0,393.0,439.0,443.0,519.0,535.0,556.0,568.0,596.0,598.0,655.0,657.0,663.0,722.0,728.0,738.0,751.0,757.0,767.0,782.0,795.0,796.0,805.0,808.0,866.0,892.0,973.0,981.0,985.0,
66.0,86.0,113.0,120.0,145.0,180.0,207.0,218.0,221.0,245.0,293.0,293.0,305.0,311.0,312.0,326.0,385.0,394.0,426.0,474.0,489.0,543.0,605.0,618.0,621.0,628.0,656.0,684.0,740.0,753.0,759.0,768.0,852.0,948.0,958.0,962.0,992.0,996.0,
50.0,71.0,75.0,78.0,101.0,110.0,125.0,146.0,173.0,180.0,209.0,218.0,296.0,301.0,336.0,378.0,397.0,421.0,620.0,620.0,668.0,725.0,832.0,864.0,951.0,967.0,991.0,
23.0,40.0,52.0,56.0,71.0,78.0,118.0,138.0,158.0,187.0,255.0,292.0,310.0,398.0,433.0,447.0,487.0,508.0,509.0,512.0,628.0,628.0,662.0,666.0,696.0,737.0,740.0,782.0,790.0,795.0,801.0,820.0,824.0,827.0,840.0,842.0,904.0,969.0,979.0,996.0,
17.0,36.0,65.0,131.0,158.0,178.0,211.0,215.0,224.0,233.0,239.0,259.0,385.0,447.0,448.0,488.0,502.0,504.0,519.0,542.0,552.0,583.0,592.0,603.0,618.0,628.0,635.0,664.0,665.0,734.0,758.0,758.0,768.0,777.0,784.0,808.0,808.0,842.0,878.0,921.0,943.0,944.0,974.0,
3.0,12.0,30.0,53.0,102.0,130.0,169.0,202.0,292.0,324.0,329.0,332.0,350.0,374.0,448.0,513.0,562.0,604.0,611.0,676.0,684.0,703.0,713.0,796.0,809.0,825.0,873.0,904.0,918.0,924.0,971.0,
30.0,33.0,46.0,49.0,91.0,99.0,119.0,175.0,179.0,216.0,245.0,269.0,281.0,308.0,314.0,323.0,340.0,380.0,391.0,454.0,460.0,521.0,544.0,574.0,596.0,609.0,664.0,703.0,722.0,786.0,810.0,841.0,880.0,985.0,985.0,
51.0,101.0,107.0,134.0,137.0,186.0,199.0,215.0,238.0,258.0,259.0,259.0,277.0,316.0,321.0,437.0,456.0,459.0,498.0,505.0,538.0,556.0,600.0,642.0,672.0,722.0,763.0,797.0,808.0,841.0,921.0,942.0,957.0,
14.0,73.0,91.0,129.0,131.0,138.0,158.0,212.0,213.0,215.0,250.0,262.0,264.0,277.0,280.0,363.0,365.0,388.0,421.0,476.0,504.0,512.0,567.0,582.0,582.0,589.0,603.0,613.0,727.0,816.0,820.0,919.0,920.0,973.0,
82.0,90.0,129.0,145.0,148.0,149.0,156.0,161.0,170.0,240.0,263.0,264.0,345.0,354.0,360.0,430.0,465.0,482.0,528.0,564.0,583.0,668.0,700.0,731.0,741.0,773.0,798.0,799.0,811.0,823.0,834.0,880.0,906.0,914.0,931.0,932.0,940.0,962.0,980.0,990.0,995.0,
16.0,22.0,33.0,44.0,78.0,82.0,88.0,104.0,114.0,121.0,125.0,203.0,227.0,231.0,249.0,252.0,264.0,308.0,328.0,346.0,347.0,381.0,435.0,451.0,468.0,474.0,528.0,561.0,577.0,594.0,625.0,673.0,692.0,743.0,751.0,776.0,805.0,847.0,859.0,884.0,890.0,911.0,918.0,923.0,930.0,
26.0,115.0,187.0,191.0,215.0,231.0,295.0,310.0,407.0,449.0,460.0,473.0,509.0,544.0,549.0,581.0,581.0,596.0,615.0,618.0,640.0,655.0,662.0,709.0,756.0,762.0,774.0,853.0,888.0,896.0,900.0,929.0,
6.0,62.0,91.0,113.0,178.0,179.0,216.0,257.0,322.0,368.0,379.0,389.0,396.0,398.0,402.0,425.0,431.0,501.0,527.0,536.0,553.0,570.0,574.0,625.0,694.0,707.0,794.0,798.0,821.0,840.0,865.0,903.0,923.0,942.0,964.0,982.0,983.0,985.0,995.0,
21.0,31.0,70.0,84.0,88.0,117.0,121.0,121.0,132.0,150.0,154.0,154.0,177.0,179.0,183.0,210.0,215.0,253.0,254.0,257.0,260.0,269.0,280.0,281.0,307.0,317.0,353.0,353.0,393.0,407.0,525.0,535.0,590.0,654.0,706.0,706.0,716.0,719.0,720.0,735.0,742.0,742.0,747.0,748.0,751.0,769.0,776.0,787.0,823.0,862.0,864.0,899.0,926.0,929.0,941.0,944.0,957.0,990.0,992.0,999.0,
52.0,82.0,90.0,108.0,114.0,142.0,150.0,247.0,251.0,271.0,348.0,382.0,401.0,407.0,426.0,460.0,581.0,612.0,643.0,652.0,724.0,772.0,804.0,819.0,867.0,878.0,899.0,899.0,907.0,975.0,
13.0,19.0,61.0,62.0,64.0,65.0,169.0,270.0,354.0,370.0,372.0,396.0,449.0,470.0,481.0,508.0,536.0,559.0,570.0,586.0,587.0,616.0,646.0,707.0,727.0,747.0,782.0,788.0,789.0,792.0,810.0,814.0,816.0,833.0,855.0,866.0,875.0,875.0,879.0,880.0,903.0,903.0,925.0,935.0,982.0,989.0,
14.0,43.0,54.0,57.0,100.0,114.0,171.0,175.0,250.0,275.0,281.0,333.0,343.0,350.0,426.0,465.0,562.0,588.0,606.0,615.0,626.0,635.0,651.0,658.0,689.0,768.0,793.0,807.0,921.0,930.0,949.0,974.0,986.0,988.0,999.0,
35.0,172.0,227.0,246.0,290.0,291.0,343.0,349.0,365.0,369.0,408.0,489.0,501.0,515.0,538.0,555.0,590.0,667.0,674.0,695.0,698.0,704.0,761.0,780.0,833.0,833.0,834.0,847.0,875.0,876.0,923.0,933.0,974.0,976.0,983.0,985.0,986.0,
20.0,33.0,45.0,90.0,99.0,105.0,115.0,120.0,258.0,280.0,283.0,312.0,361.0,397.0,456.0,479.0,511.0,574.0,655.0,659.0,692.0,705.0,713.0,716.0,752.0,806.0,818.0,819.0,834.0,856.0,895.0,984.0,999.0,999.0,1000.0,
11.0,191.0,239.0,241.0,260.0,262.0,292.0,397.0,398.0,533.0,587.0,666.0,746.0,748.0,754.0,757.0,768.0,790.0,811.0,871.0,937.0,
34.0,102.0,104.0,122.0,127.0,177.0,193.0,233.0,256.0,260.0,269.0,305.0,320.0,328.0,353.0,365.0,369.0,394.0,421.0,432.0,466.0,502.0,519.0,533.0,545.0,561.0,590.0,664.0,699.0,733.0,768.0,795.0,802.0,817.0,847.0,881.0,886.0,888.0,895.0,903.0,954.0,
23.0,35.0,70.0,86.0,108.0,128.0,143.0,150.0,190.0,190.0,213.0,220.0,245.0,293.0,321.0,336.0,359.0,363.0,407.0,440.0,449.0,466.0,492.0,496.0,528.0,539.0,570.0,580.0,597.0,613.0,642.0,668.0,688.0,767.0,800.0,828.0,848.0,887.0,889.0,889.0,906.0,914.0,920.0,953.0,971.0,
66.0,99.0,109.0,121.0,137.0,157.0,208.0,212.0,277.0,284.0,290.0,293.0,300.0,356.0,359.0,371.0,373.0,385.0,388.0,392.0,392.0,452.0,617.0,618.0,655.0,667.0,746.0,751.0,758.0,853.0,854.0,862.0,930.0,938.0,968.0,971.0,996.0,
3.0,63.0,65.0,89.0,97.0,103.0,122.0,153.0,175.0,196.0,219.0,250.0,289.0,298.0,321.0,415.0,445.0,460.0,483.0,490.0,497.0,534.0,543.0,544.0,587.0,608.0,611.0,677.0,797.0,807.0,834.0,852.0,861.0,875.0,919.0,932.0,942.0,982.0,984.0,
8.0,59.0,61.0,66.0,75.0,103.0,130.0,137.0,148.0,180.0,187.0,246.0,251.0,255.0,265.0,288.0,304.0,317.0,378.0,415.0,415.0,427.0,474.0,495.0,500.0,511.0,532.0,535.0,537.0,538.0,576.0,621.0,632.0,651.0,704.0,738.0,745.0,748.0,799.0,805.0,846.0,848.0,855.0,911.0,917.0,981.0,1000.0,
66.0,96.0,165.0,204.0,216.0,222.0,231.0,236.0,247.0,295.0,299.0,323.0,373.0,373.0,404.0,460.0,471.0,486.0,506.0,535.0,546.0,562.0,576.0,579.0,591.0,600.0,652.0,667.0,680.0,725.0,759.0,774.0,788.0,803.0,817.0,833.0,845.0,892.0,961.0,966.0,982.0,997.0,
10.0,28.0,35.0,96.0,119.0,137.0,145.0,202.0,222.0,234.0,239.0,248.0,396.0,409.0,418.0,482.0,494.0,498.0,523.0,566.0,576.0,598.0,641.0,644.0,655.0,662.0,681.0,695.0,697.0,758.0,783.0,797.0,840.0,842.0,889.0,906.0,948.0,961.0,
79.0,88.0,104.0,119.0,125.0,128.0,180.0,203.0,250.0,274.0,274.0,310.0,320.0,322.0,362.0,363.0,379.0,407.0,456.0,475.0,506.0,597.0,598.0,612.0,627.0,657.0,678.0,688.0,709.0,738.0,784.0,870.0,881.0,882.0,894.0,912.0,949.0,
16.0,40.0,92.0,141.0,182.0,182.0,215.0,217.0,220.0,240.0,242.0,253.0,254.0,269.0,304.0,305.0,305.0,307.0,372.0,374.0,470.0,494.0,519.0,523.0,541.0,562.0,569.0,574.0,574.0,574.0,593.0,598.0,670.0,670.0,690.0,694.0,772.0,819.0,832.0,896.0,
13.0,45.0,74.0,107.0,120.0,181.0,188.0,227.0,249.0,260.0,305.0,349.0,365.0,378.0,404.0,408.0,453.0,465.0,495.0,495.0,497.0,504.0,559.0,563.0,596.0,623.0,638.0,663.0,668.0,704.0,730.0,754.0,755.0,816.0,837.0,854.0,871.0,886.0,988.0,989.0,990.0,996.0,1000.0,
32.0,37.0,45.0,84.0,147.0,168.0,190.0,197.0,208.0,216.0,230.0,300.0,334.0,348.0,387.0,426.0,426.0,444.0,454.0,480.0,485.0,491.0,505.0,512.0,519.0,606.0,612.0,660.0,666.0,689.0,737.0,838.0,857.0,860.0,888.0,915.0,954.0,976.0,980.0,992.0,
21.0,56.0,123.0,136.0,206.0,220.0,230.0,246.0,247.0,252.0,293.0,299.0,299.0,304.0,337.0,344.0,397.0,400.0,443.0,488.0,583.0,638.0,680.0,709.0,714.0,726.0,759.0,835.0,880.0,929.0,951.0,975.0,978.0,1000.0,
118.0,126.0,238.0,252.0,302.0,345.0,385.0,392.0,399.0,414.0,424.0,507.0,535.0,569.0,663.0,696.0,747.0,785.0,809.0,821.0,854.0,859.0,895.0,912.0,915.0,919.0,934.0,974.0,
4.0,23.0,115.0,116.0,156.0,300.0,312.0,367.0,419.0,421.0,457.0,465.0,487.0,507.0,534.0,577.0,601.0,611.0,616.0,619.0,638.0,650.0,653.0,662.0,680.0,688.0,719.0,807.0,836.0,856.0,875.0,875.0,889.0,930.0,968.0,
41.0,48.0,57.0,75.0,128.0,176.0,321.0,375.0,377.0,426.0,436.0,463.0,536.0,540.0,565.0,613.0,614.0,619.0,647.0,681.0,717.0,720.0,871.0,907.0,911.0,919.0,936.0,967.0,
14.0,60.0,64.0,71.0,80.0,139.0,176.0,251.0,258.0,275.0,289.0,290.0,297.0,332.0,363.0,416.0,417.0,464.0,524.0,578.0,585.0,625.0,678.0,680.0,694.0,711.0,718.0,720.0,767.0,814.0,829.0,845.0,857.0,858.0,883.0,907.0,928.0,937.0,939.0,
39.0,91.0,93.0,222.0,228.0,271.0,272.0,273.0,318.0,334.0,346.0,352.0,389.0,439.0,473.0,481.0,519.0,531.0,541.0,554.0,584.0,590.0,644.0,651.0,652.0,666.0,708.0,805.0,881.0,910.0,916.0,918.0,940.0,986.0,986.0,988.0,
9.0,33.0,98.0,130.0,147.0,151.0,154.0,156.0,177.0,181.0,225.0,227.0,230.0,253.0,256.0,370.0,419.0,442.0,516.0,545.0,589.0,610.0,616.0,651.0,711.0,739.0,874.0,876.0,898.0,922.0,927.0,935.0,945.0,970.0,980.0,
11.0,27.0,32.0,47.0,65.0,73.0,76.0,107.0,172.0,179.0,186.0,203.0,223.0,239.0,289.0,394.0,415.0,457.0,472.0,473.0,492.0,523.0,553.0,605.0,626.0,700.0,742.0,769.0,775.0,825.0,826.0,826.0,849.0,876.0,928.0,959.0,996.0,
55.0,58.0,63.0,78.0,107.0,135.0,146.0,203.0,262.0,324.0,337.0,346.0,347.0,358.0,437.0,452.0,456.0,549.0,571.0,598.0,600.0,648.0,708.0,716.0,769.0,795.0,801.0,841.0,850.0,897.0,923.0,959.0,986.0,996.0,
7.0,17.0,117.0,146.0,170.0,172.0,196.0,255.0,266.0,302.0,316.0,335.0,345.0,483.0,491.0,533.0,557.0,586.0,597.0,608.0,614.0,680.0,697.0,763.0,812.0,837.0,860.0,861.0,875.0,948.0,951.0,952.0,966.0,967.0,979.0,
57.0,58.0,61.0,69.0,108.0,127.0,140.0,149.0,175.0,226.0,233.0,235.0,235.0,237.0,250.0,258.0,322.0,335.0,413.0,419.0,425.0,452.0,475.0,476.0,494.0,510.0,547.0,581.0,582.0,599.0,663.0,676.0,692.0,716.0,721.0,731.0,738.0,754.0,758.0,764.0,778.0,845.0,939.0,945.0,979.0,988.0,991.0,
34.0,40.0,60.0,72.0,90.0,99.0,105.0,203.0,215.0,277.0,286.0,287.0,287.0,344.0,404.0,405.0,413.0,428.0,559.0,573.0,586.0,733.0,747.0,777.0,804.0,819.0,825.0,850.0,973.0,
6.0,43.0,53.0,56.0,71.0,84.0,95.0,133.0,142.0,185.0,187.0,219.0,245.0,260.0,330.0,361.0,363.0,372.0,524.0,548.0,581.0,639.0,654.0,655.0,669.0,682.0,687.0,698.0,719.0,741.0,748.0,750.0,823.0,864.0,876.0,950.0,954.0,969.0,996.0,
62.0,64.0,116.0,117.0,153.0,171.0,186.0,195.0,213.0,218.0,269.0,271.0,281.0,332.0,355.0,378.0,386.0,402.0,431.0,443.0,485.0,492.0,534.0,599.0,611.0,645.0,759.0,771.0,783.0,802.0,805.0,860.0,873.0,891.0,932.0,
33.0,54.0,57.0,85.0,117.0,155.0,161.0,196.0,322.0,324.0,350.0,444.0,453.0,463.0,481.0,501.0,515.0,534.0,556.0,595.0,604.0,621.0,633.0,640.0,654.0,686.0,710.0,718.0,741.0,742.0,744.0,753.0,765.0,803.0,818.0,819.0,821.0,825.0,848.0,872.0,888.0,901.0,911.0,940.0,957.0,968.0,990.0,990.0,993.0,
33.0,54.0,59.0,115.0,123.0,149.0,150.0,166.0,167.0,171.0,174.0,188.0,194.0,207.0,230.0,233.0,246.0,258.0,311.0,316.0,321.0,355.0,389.0,415.0,432.0,443.0,444.0,492.0,572.0,583.0,610.0,626.0,632.0,639.0,665.0,673.0,705.0,726.0,736.0,749.0,751.0,778.0,797.0,867.0,871.0,876.0,918.0,918.0,942.0,985.0,
15.0,57.0,61.0,110.0,112.0,171.0,227.0,248.0,262.0,265.0,282.0,288.0,300.0,320.0,335.0,348.0,371.0,422.0,527.0,585.0,585.0,595.0,644.0,658.0,668.0,694.0,784.0,826.0,863.0,871.0,916.0,918.0,975.0,978.0,
14.0,66.0,70.0,90.0,93.0,114.0,138.0,143.0,149.0,238.0,272.0,306.0,311.0,327.0,333.0,415.0,471.0,471.0,497.0,566.0,577.0,615.0,615.0,632.0,723.0,725.0,727.0,732.0,743.0,748.0,752.0,782.0,856.0,864.0,864.0,880.0,881.0,887.0,889.0,922.0,956.0,
11.0,32.0,84.0,96.0,113.0,188.0,221.0,232.0,240.0,279.0,280.0,290.0,308.0,318.0,338.0,340.0,355.0,425.0,436.0,445.0,445.0,458.0,474.0,491.0,544.0,571.0,608.0,610.0,612.0,615.0,689.0,748.0,765.0,769.0,781.0,814.0,882.0,909.0,914.0,916.0,929.0,959.0,979.0,1000.0,
33.0,38.0,40.0,88.0,103.0,125.0,147.0,165.0,169.0,171.0,263.0,273.0,284.0,285.0,322.0,335.0,345.0,397.0,471.0,475.0,502.0,504.0,539.0,583.0,613.0,618.0,635.0,641.0,645.0,693.0,726.0,775.0,845.0,882.0,887.0,901.0,971.0,
13.0,14.0,25.0,34.0,54.0,73.0,92.0,146.0,148.0,175.0,193.0,194.0,211.0,231.0,264.0,283.0,305.0,349.0,366.0,423.0,478.0,530.0,537.0,549.0,555.0,613.0,627.0,635.0,646.0,693.0,729.0,731.0,740.0,828.0,830.0,837.0,864.0,889.0,896.0,930.0,964.0,
17.0,22.0,61.0,76.0,80.0,131.0,146.0,148.0,183.0,221.0,238.0,286.0,302.0,375.0,383.0,431.0,450.0,484.0,487.0,503.0,512.0,521.0,607.0,620.0,620.0,629.0,665.0,730.0,747.0,757.0,775.0,811.0,821.0,896.0,917.0,947.0,957.0,991.0,
55.0,76.0,166.0,182.0,250.0,282.0,311.0,314.0,341.0,342.0,352.0,365.0,405.0,466.0,509.0,517.0,519.0,519.0,528.0,535.0,569.0,581.0,615.0,679.0,705.0,717.0,724.0,743.0,754.0,800.0,818.0,889.0,917.0,
30.0,39.0,46.0,49.0,100.0,103.0,106.0,112.0,124.0,151.0,181.0,191.0,210.0,242.0,271.0,274.0,296.0,347.0,347.0,350.0,359.0,380.0,419.0,468.0,474.0,490.0,501.0,506.0,731.0,766.0,785.0,785.0,798.0,818.0,834.0,888.0,907.0,968.0,973.0,977.0,989.0,
44.0,57.0,106.0,106.0,112.0,117.0,124.0,161.0,207.0,214.0,233.0,246.0,253.0,281.0,328.0,356.0,422.0,442.0,479.0,503.0,520.0,528.0,533.0,583.0,589.0,611.0,622.0,645.0,724.0,756.0,782.0,789.0,802.0,811.0,850.0,874.0,897.0,909.0,934.0,947.0,959.0,970.0,989.0,
6.0,27.0,34.0,64.0,101.0,105.0,169.0,191.0,211.0,228.0,230.0,271.0,326.0,327.0,350.0,358.0,360.0,365.0,381.0,448.0,458.0,460.0,514.0,515.0,529.0,649.0,689.0,775.0,870.0,877.0,980.0,980.0,
10.0,57.0,99.0,111.0,155.0,160.0,169.0,197.0,225.0,232.0,234.0,244.0,285.0,319.0,323.0,330.0,355.0,359.0,444.0,462.0,500.0,510.0,578.0,585.0,591.0,630.0,633.0,634.0,660.0,722.0,726.0,733.0,746.0,763.0,772.0,804.0,846.0,865.0,867.0,882.0,887.0,918.0,931.0,931.0,939.0,
5.0,59.0,96.0,112.0,169.0,189.0,219.0,221.0,222.0,248.0,261.0,328.0,340.0,417.0,490.0,510.0,567.0,584.0,610.0,638.0,652.0,659.0,700.0,736.0,772.0,792.0,793.0,859.0,901.0,907.0,965.0,974.0,980.0,
22.0,51.0,68.0,104.0,106.0,138.0,149.0,162.0,171.0,174.0,190.0,194.0,198.0,203.0,208.0,213.0,237.0,254.0,256.0,265.0,382.0,390.0,398.0,421.0,480.0,493.0,561.0,580.0,584.0,680.0,710.0,714.0,729.0,748.0,789.0,833.0,877.0,900.0,907.0,943.0,957.0,966.0,979.0,
23.0,37.0,58.0,91.0,219.0,228.0,231.0,237.0,244.0,246.0,258.0,350.0,376.0,395.0,409.0,426.0,434.0,463.0,494.0,512.0,521.0,545.0,579.0,611.0,618.0,629.0,673.0,704.0,768.0,769.0,817.0,883.0,884.0,894.0,932.0,943.0,983.0,
24.0,45.0,46.0,64.0,65.0,90.0,120.0,159.0,169.0,185.0,226.0,227.0,272.0,282.0,287.0,287.0,288.0,296.0,308.0,313.0,329.0,340.0,402.0,459.0,474.0,532.0,540.0,581.0,615.0,639.0,689.0,703.0,714.0,723.0,768.0,867.0,923.0,955.0,959.0,961.0,976.0,978.0,
37.0,77.0,78.0,84.0,99.0,155.0,160.0,172.0,179.0,235.0,245.0,261.0,268.0,443.0,470.0,494.0,504.0,546.0,620.0,643.0,667.0,704.0,705.0,741.0,755.0,822.0,841.0,862.0,866.0,942.0,993.0,
19.0,41.0,58.0,73.0,86.0,88.0,104.0,117.0,127.0,141.0,191.0,193.0,289.0,340.0,390.0,424.0,446.0,460.0,474.0,548.0,560.0,602.0,653.0,656.0,677.0,679.0,715.0,718.0,756.0,856.0,899.0,899.0,921.0,938.0,940.0,966.0,993.0,
21.0,23.0,82.0,100.0,174.0,185.0,194.0,211.0,214.0,228.0,240.0,312.0,411.0,436.0,453.0,489.0,522.0,524.0,528.0,569.0,579.0,602.0,656.0,688.0,693.0,701.0,717.0,754.0,755.0,784.0,803.0,814.0,830.0,914.0,916.0,920.0,930.0,968.0,969.0,978.0,978.0,989.0,
7.0,21.0,40.0,64.0,79.0,93.0,103.0,149.0,177.0,188.0,210.0,238.0,259.0,307.0,365.0,382.0,386.0,416.0,430.0,451.0,459.0,501.0,502.0,502.0,505.0,525.0,538.0,548.0,554.0,573.0,609.0,625.0,654.0,676.0,686.0,699.0,715.0,724.0,731.0,739.0,813.0,845.0,886.0,924.0,929.0,930.0,
62.0,72.0,91.0,161.0,207.0,272.0,286.0,327.0,336.0,336.0,380.0,383.0,391.0,400.0,420.0,526.0,551.0,567.0,572.0,632.0,659.0,695.0,698.0,707.0,734.0,829.0,857.0,863.0,864.0,882.0,889.0,904.0,934.0,944.0,952.0,
13.0,46.0,57.0,68.0,78.0,86.0,99.0,110.0,168.0,168.0,213.0,223.0,249.0,250.0,263.0,307.0,420.0,427.0,431.0,492.0,555.0,576.0,587.0,591.0,652.0,657.0,665.0,729.0,746.0,797.0,843.0,936.0,956.0,973.0,994.0,
26.0,48.0,68.0,73.0,81.0,81.0,90.0,94.0,165.0,182.0,208.0,248.0,265.0,267.0,304.0,324.0,338.0,338.0,368.0,371.0,416.0,420.0,436.0,447.0,477.0,479.0,484.0,509.0,531.0,562.0,569.0,642.0,644.0,699.0,700.0,711.0,742.0,761.0,778.0,783.0,825.0,831.0,901.0,929.0,958.0,964.0,985.0,991.0,992.0,
4.0,29.0,65.0,77.0,129.0,161.0,169.0,213.0,268.0,331.0,345.0,348.0,351.0,358.0,383.0,408.0,492.0,499.0,525.0,536.0,562.0,570.0,606.0,649.0,676.0,684.0,687.0,706.0,714.0,790.0,813.0,915.0,984.0,998.0,
33.0,36.0,52.0,90.0,117.0,118.0,153.0,160.0,162.0,184.0,191.0,271.0,290.0,320.0,341.0,344.0,352.0,417.0,460.0,479.0,483.0,490.0,520.0,564.0,567.0,585.0,588.0,594.0,633.0,644.0,670.0,694.0,697.0,732.0,770.0,795.0,800.0,805.0,807.0,842.0,844.0,878.0,893.0,900.0,909.0,911.0,927.0,961.0,995.0,
17.0,30.0,198.0,217.0,232.0,299.0,363.0,439.0,469.0,482.0,494.0,499.0,504.0,528.0,542.0,557.0,611.0,657.0,701.0,728.0,768.0,780.0,815.0,819.0,830.0,833.0,854.0,886.0,908.0,932.0,954.0,
15.0,22.0,23.0,44.0,71.0,94.0,96.0,102.0,123.0,129.0,158.0,165.0,168.0,171.0,172.0,201.0,207.0,233.0,275.0,285.0,287.0,296.0,324.0,371.0,415.0,461.0,532.0,568.0,596.0,608.0,609.0,624.0,647.0,657.0,669.0,683.0,684.0,709.0,716.0,723.0,779.0,794.0,816.0,816.0,839.0,860.0,919.0,964.0,
39.0,85.0,115.0,152.0,154.0,166.0,301.0,331.0,340.0,362.0,379.0,414.0,431.0,439.0,441.0,443.0,468.0,477.0,508.0,511.0,553.0,592.0,610.0,618.0,650.0,669.0,703.0,726.0,756.0,761.0,779.0,861.0,907.0,
2.0,35.0,43.0,45.0,75.0,92.0,142.0,153.0,160.0,176.0,227.0,239.0,306.0,424.0,444.0,475.0,488.0,508.0,536.0,537.0,587.0,601.0,610.0,619.0,634.0,656.0,661.0,663.0,693.0,835.0,847.0,908.0,914.0,935.0,970.0,
23.0,23.0,54.0,92.0,101.0,128.0,274.0,284.0,295.0,317.0,323.0,352.0,376.0,425.0,453.0,498.0,587.0,629.0,634.0,687.0,698.0,704.0,708.0,727.0,745.0,748.0,767.0,770.0,793.0,854.0,878.0,885.0,905.0,923.0,926.0,951.0,
37.0,90.0,101.0,186.0,198.0,239.0,249.0,263.0,277.0,283.0,283.0,314.0,319.0,349.0,366.0,436.0,444.0,449.0,457.0,460.0,461.0,482.0,485.0,491.0,507.0,514.0,517.0,574.0,583.0,740.0,784.0,796.0,881.0,936.0,937.0,977.0,989.0,
72.0,78.0,129.0,148.0,149.0,151.0,163.0,171.0,196.0,272.0,329.0,359.0,441.0,447.0,473.0,489.0,495.0,499.0,525.0,554.0,574.0,584.0,594.0,630.0,644.0,699.0,702.0,719.0,731.0,785.0,806.0,816.0,846.0,912.0,942.0,960.0,
