4.0,13.0,25.0,52.0,83.0,110.0,275.0,279.0,439.0,473.0,494.0,578.0,589.0,592.0,601.0,607.0,661.0,688.0,746.0,762.0,762.0,768.0,776.0,778.0,853.0,876.0,924.0,928.0,964.0,970.0,
24.0,43.0,103.0,118.0,195.0,208.0,216.0,235.0,252.0,269.0,296.0,300.0,339.0,341.0,343.0,415.0,423.0,485.0,529.0,567.0,572.0,624.0,634.0,660.0,710.0,734.0,737.0,751.0,774.0,786.0,804.0,819.0,842.0,848.0,866.0,885.0,953.0,995.0,
92.0,136.0,193.0,226.0,316.0,328.0,375.0,378.0,495.0,568.0,608.0,620.0,622.0,669.0,704.0,706.0,742.0,743.0,772.0,782.0,796.0,808.0,871.0,931.0,969.0,977.0,
3.0,5.0,9.0,49.0,151.0,166.0,187.0,206.0,212.0,213.0,278.0,287.0,324.0,396.0,418.0,526.0,598.0,687.0,731.0,742.0,748.0,764.0,799.0,883.0,925.0,931.0,938.0,961.0,981.0,984.0,998.0,
8.0,63.0,74.0,92.0,93.0,94.0,132.0,138.0,181.0,183.0,185.0,207.0,222.0,227.0,245.0,288.0,312.0,461.0,475.0,496.0,508.0,518.0,528.0,538.0,570.0,577.0,646.0,663.0,718.0,736.0,797.0,845.0,863.0,870.0,875.0,889.0,897.0,907.0,942.0,964.0,967.0,997.0,
21.0,25.0,34.0,41.0,43.0,147.0,148.0,188.0,206.0,231.0,231.0,238.0,242.0,246.0,253.0,328.0,378.0,382.0,458.0,466.0,479.0,488.0,513.0,521.0,531.0,544.0,610.0,647.0,648.0,665.0,667.0,686.0,718.0,735.0,761.0,775.0,782.0,796.0,862.0,947.0,960.0,965.0,979.0,996.0,
10.0,74.0,91.0,127.0,127.0,142.0,153.0,156.0,247.0,259.0,292.0,303.0,426.0,427.0,450.0,479.0,513.0,520.0,522.0,534.0,551.0,554.0,572.0,591.0,610.0,623.0,695.0,727.0,735.0,780.0,796.0,810.0,822.0,840.0,853.0,887.0,929.0,946.0,966.0,984.0,987.0,
22.0,27.0,33.0,33.0,94.0,116.0,150.0,155.0,226.0,244.0,300.0,304.0,307.0,341.0,378.0,382.0,386.0,433.0,440.0,444.0,444.0,472.0,473.0,490.0,492.0,544.0,551.0,559.0,559.0,579.0,585.0,598.0,625.0,664.0,686.0,692.0,721.0,728.0,731.0,748.0,817.0,842.0,883.0,887.0,941.0,943.0,980.0,984.0,
43.0,69.0,103.0,119.0,141.0,158.0,189.0,197.0,202.0,276.0,321.0,327.0,333.0,418.0,438.0,452.0,495.0,535.0,543.0,554.0,578.0,621.0,690.0,695.0,705.0,746.0,763.0,764.0,797.0,812.0,818.0,826.0,845.0,877.0,916.0,924.0,957.0,983.0,
7.0,49.0,78.0,105.0,129.0,134.0,158.0,179.0,191.0,198.0,227.0,330.0,331.0,336.0,439.0,448.0,471.0,494.0,539.0,548.0,554.0,614.0,628.0,650.0,653.0,676.0,715.0,721.0,746.0,839.0,847.0,869.0,870.0,871.0,885.0,887.0,895.0,922.0,942.0,977.0,982.0,995.0,1000.0,
2.0,8.0,37.0,40.0,59.0,131.0,184.0,192.0,205.0,205.0,220.0,249.0,264.0,271.0,294.0,323.0,340.0,353.0,360.0,419.0,452.0,464.0,505.0,591.0,596.0,602.0,750.0,788.0,801.0,802.0,807.0,839.0,839.0,841.0,918.0,932.0,936.0,968.0,
17.0,33.0,43.0,191.0,229.0,262.0,298.0,390.0,396.0,436.0,446.0,461.0,476.0,512.0,526.0,568.0,599.0,624.0,630.0,652.0,669.0,695.0,717.0,717.0,740.0,740.0,750.0,754.0,803.0,812.0,838.0,862.0,865.0,880.0,881.0,890.0,986.0,987.0,
40.0,55.0,75.0,96.0,121.0,182.0,182.0,184.0,205.0,207.0,247.0,257.0,261.0,288.0,305.0,312.0,315.0,316.0,331.0,352.0,391.0,392.0,404.0,421.0,427.0,446.0,448.0,454.0,497.0,533.0,561.0,561.0,571.0,604.0,618.0,621.0,623.0,636.0,659.0,679.0,702.0,727.0,739.0,882.0,897.0,927.0,931.0,946.0,969.0,997.0,
10.0,24.0,113.0,127.0,165.0,191.0,193.0,205.0,206.0,329.0,361.0,379.0,407.0,416.0,478.0,493.0,495.0,504.0,578.0,612.0,639.0,646.0,647.0,711.0,775.0,788.0,814.0,841.0,856.0,876.0,882.0,906.0,930.0,931.0,933.0,978.0,983.0,
40.0,41.0,61.0,75.0,100.0,126.0,140.0,159.0,177.0,201.0,256.0,284.0,285.0,302.0,312.0,321.0,340.0,382.0,385.0,417.0,446.0,486.0,517.0,522.0,596.0,604.0,618.0,619.0,621.0,650.0,657.0,713.0,747.0,902.0,952.0,963.0,963.0,999.0,
11.0,47.0,127.0,173.0,290.0,295.0,300.0,303.0,336.0,346.0,415.0,439.0,450.0,576.0,587.0,608.0,625.0,653.0,688.0,702.0,743.0,747.0,791.0,803.0,804.0,812.0,813.0,815.0,840.0,856.0,922.0,928.0,971.0,973.0,981.0,
15.0,21.0,30.0,88.0,138.0,145.0,157.0,192.0,220.0,284.0,319.0,324.0,326.0,339.0,346.0,353.0,378.0,381.0,497.0,598.0,662.0,685.0,717.0,724.0,731.0,734.0,756.0,847.0,881.0,946.0,971.0,972.0,993.0,996.0,
53.0,97.0,157.0,182.0,183.0,248.0,264.0,306.0,313.0,377.0,403.0,411.0,473.0,487.0,491.0,519.0,533.0,548.0,572.0,608.0,618.0,621.0,636.0,639.0,645.0,655.0,683.0,689.0,696.0,705.0,736.0,753.0,772.0,828.0,838.0,853.0,881.0,891.0,894.0,896.0,896.0,911.0,913.0,934.0,972.0,
21.0,58.0,64.0,109.0,133.0,141.0,174.0,184.0,190.0,225.0,266.0,298.0,299.0,308.0,387.0,390.0,405.0,452.0,476.0,519.0,527.0,548.0,552.0,569.0,583.0,584.0,625.0,637.0,642.0,670.0,681.0,740.0,789.0,791.0,800.0,834.0,840.0,861.0,878.0,885.0,890.0,905.0,996.0,
33.0,54.0,65.0,123.0,125.0,129.0,131.0,185.0,193.0,199.0,225.0,236.0,256.0,283.0,302.0,309.0,371.0,410.0,452.0,471.0,472.0,506.0,522.0,528.0,579.0,581.0,592.0,607.0,619.0,621.0,738.0,748.0,763.0,819.0,859.0,899.0,925.0,942.0,
11.0,35.0,39.0,72.0,77.0,104.0,118.0,143.0,187.0,216.0,225.0,235.0,236.0,249.0,253.0,254.0,266.0,284.0,298.0,300.0,303.0,328.0,334.0,362.0,409.0,419.0,474.0,503.0,572.0,717.0,788.0,867.0,895.0,913.0,935.0,937.0,946.0,991.0,
22.0,64.0,101.0,103.0,107.0,112.0,116.0,173.0,213.0,214.0,229.0,255.0,294.0,358.0,391.0,412.0,415.0,425.0,448.0,458.0,466.0,478.0,489.0,518.0,536.0,568.0,595.0,599.0,623.0,627.0,630.0,637.0,648.0,681.0,733.0,744.0,796.0,800.0,820.0,888.0,892.0,912.0,917.0,932.0,935.0,963.0,984.0,995.0,
25.0,80.0,204.0,205.0,254.0,289.0,318.0,353.0,367.0,402.0,403.0,404.0,419.0,424.0,540.0,558.0,560.0,562.0,573.0,604.0,660.0,677.0,677.0,699.0,728.0,731.0,755.0,821.0,832.0,838.0,839.0,848.0,886.0,887.0,890.0,891.0,894.0,914.0,940.0,960.0,986.0,
59.0,78.0,156.0,179.0,200.0,206.0,264.0,276.0,313.0,328.0,370.0,380.0,391.0,392.0,411.0,433.0,465.0,771.0,825.0,828.0,844.0,
5.0,110.0,119.0,167.0,257.0,265.0,266.0,281.0,284.0,302.0,323.0,383.0,412.0,439.0,495.0,501.0,
35.0,51.0,71.0,80.0,89.0,100.0,139.0,173.0,192.0,243.0,245.0,281.0,308.0,323.0,340.0,341.0,404.0,432.0,454.0,490.0,499.0,
41.0,44.0,70.0,79.0,104.0,107.0,129.0,133.0,202.0,224.0,250.0,262.0,283.0,286.0,293.0,309.0,310.0,372.0,380.0,385.0,453.0,459.0,485.0,488.0,492.0,
14.0,16.0,43.0,106.0,107.0,126.0,128.0,132.0,157.0,198.0,213.0,237.0,268.0,268.0,311.0,343.0,345.0,374.0,379.0,380.0,433.0,439.0,812.0,841.0,879.0,884.0,886.0,889.0,923.0,930.0,936.0,956.0,
42.0,76.0,93.0,95.0,105.0,106.0,149.0,170.0,216.0,245.0,279.0,287.0,309.0,321.0,339.0,340.0,360.0,361.0,366.0,379.0,394.0,415.0,416.0,427.0,437.0,446.0,453.0,485.0,501.0,572.0,582.0,588.0,591.0,595.0,606.0,615.0,646.0,650.0,658.0,675.0,683.0,688.0,691.0,714.0,728.0,738.0,747.0,750.0,758.0,783.0,827.0,838.0,853.0,856.0,866.0,880.0,888.0,915.0,963.0,988.0,1000.0,
140.0,183.0,191.0,208.0,212.0,280.0,287.0,294.0,333.0,363.0,451.0,453.0,493.0,529.0,561.0,568.0,579.0,609.0,624.0,637.0,654.0,692.0,786.0,856.0,861.0,871.0,898.0,962.0,976.0,976.0,986.0,998.0,
30.0,59.0,61.0,78.0,112.0,119.0,140.0,142.0,225.0,226.0,285.0,375.0,482.0,491.0,496.0,498.0,506.0,511.0,538.0,568.0,569.0,581.0,588.0,590.0,622.0,635.0,698.0,724.0,731.0,761.0,781.0,809.0,893.0,894.0,953.0,956.0,985.0,
63.0,75.0,110.0,177.0,209.0,279.0,279.0,320.0,362.0,363.0,413.0,421.0,438.0,444.0,546.0,597.0,607.0,621.0,629.0,635.0,658.0,671.0,682.0,768.0,777.0,856.0,864.0,897.0,900.0,921.0,939.0,948.0,982.0,989.0,992.0,
6.0,14.0,64.0,69.0,79.0,120.0,194.0,242.0,263.0,296.0,364.0,378.0,392.0,409.0,432.0,695.0,699.0,734.0,759.0,
16.0,64.0,67.0,79.0,85.0,110.0,115.0,173.0,236.0,345.0,404.0,447.0,492.0,
14.0,15.0,42.0,70.0,128.0,136.0,208.0,234.0,300.0,311.0,319.0,327.0,334.0,353.0,362.0,447.0,481.0,785.0,788.0,
73.0,76.0,76.0,125.0,130.0,168.0,189.0,190.0,214.0,241.0,354.0,388.0,414.0,440.0,449.0,954.0,994.0,999.0,
8.0,15.0,19.0,22.0,23.0,29.0,39.0,68.0,73.0,97.0,121.0,208.0,276.0,277.0,279.0,312.0,329.0,346.0,368.0,487.0,799.0,882.0,971.0,
11.0,14.0,22.0,30.0,67.0,72.0,75.0,100.0,105.0,116.0,169.0,215.0,236.0,251.0,270.0,274.0,325.0,343.0,371.0,397.0,418.0,456.0,496.0,501.0,
3.0,5.0,87.0,123.0,148.0,158.0,163.0,164.0,170.0,214.0,218.0,231.0,236.0,243.0,307.0,318.0,331.0,422.0,444.0,466.0,756.0,784.0,965.0,
36.0,67.0,80.0,104.0,111.0,145.0,171.0,181.0,207.0,281.0,313.0,343.0,358.0,377.0,426.0,440.0,443.0,445.0,562.0,586.0,636.0,639.0,648.0,654.0,715.0,725.0,822.0,827.0,845.0,845.0,863.0,875.0,875.0,892.0,932.0,962.0,973.0,
11.0,28.0,39.0,57.0,82.0,106.0,114.0,135.0,151.0,155.0,198.0,237.0,243.0,268.0,290.0,308.0,319.0,329.0,337.0,361.0,404.0,451.0,456.0,513.0,514.0,525.0,574.0,587.0,592.0,609.0,621.0,674.0,735.0,748.0,756.0,823.0,828.0,847.0,851.0,851.0,881.0,937.0,983.0,995.0,
54.0,85.0,108.0,111.0,151.0,162.0,182.0,188.0,213.0,286.0,288.0,295.0,298.0,308.0,311.0,325.0,334.0,346.0,391.0,408.0,410.0,416.0,431.0,448.0,461.0,512.0,513.0,546.0,611.0,617.0,626.0,638.0,656.0,658.0,666.0,685.0,753.0,777.0,787.0,802.0,824.0,825.0,828.0,869.0,916.0,919.0,938.0,946.0,976.0,
11.0,12.0,32.0,38.0,62.0,62.0,122.0,123.0,140.0,162.0,170.0,234.0,237.0,252.0,272.0,308.0,311.0,345.0,353.0,405.0,406.0,416.0,468.0,507.0,
22.0,86.0,91.0,111.0,115.0,123.0,130.0,132.0,153.0,162.0,175.0,245.0,252.0,254.0,264.0,276.0,277.0,287.0,327.0,351.0,391.0,397.0,410.0,455.0,508.0,967.0,981.0,
43.0,87.0,90.0,101.0,141.0,182.0,197.0,248.0,358.0,385.0,392.0,398.0,420.0,443.0,484.0,793.0,825.0,855.0,880.0,894.0,899.0,932.0,932.0,992.0,1000.0,
16.0,49.0,66.0,66.0,73.0,90.0,90.0,127.0,134.0,157.0,201.0,235.0,251.0,260.0,296.0,304.0,335.0,356.0,363.0,383.0,471.0,493.0,856.0,860.0,869.0,904.0,
3.0,5.0,9.0,13.0,42.0,65.0,69.0,136.0,183.0,234.0,251.0,280.0,403.0,448.0,448.0,492.0,503.0,507.0,768.0,816.0,835.0,
12.0,17.0,46.0,71.0,103.0,152.0,178.0,216.0,221.0,253.0,266.0,286.0,297.0,329.0,348.0,357.0,381.0,400.0,418.0,465.0,895.0,
17.0,57.0,80.0,95.0,121.0,134.0,153.0,183.0,255.0,289.0,397.0,431.0,437.0,470.0,478.0,
18.0,131.0,148.0,191.0,220.0,235.0,274.0,303.0,327.0,374.0,400.0,436.0,477.0,491.0,638.0,642.0,642.0,665.0,681.0,684.0,695.0,695.0,728.0,736.0,745.0,783.0,798.0,822.0,838.0,846.0,856.0,913.0,939.0,982.0,
34.0,35.0,73.0,102.0,165.0,172.0,229.0,235.0,241.0,250.0,348.0,355.0,375.0,402.0,402.0,416.0,417.0,429.0,448.0,459.0,487.0,573.0,665.0,670.0,694.0,696.0,713.0,721.0,736.0,738.0,746.0,751.0,779.0,804.0,816.0,834.0,849.0,857.0,862.0,864.0,868.0,893.0,908.0,925.0,941.0,965.0,991.0,995.0,
52.0,79.0,144.0,146.0,167.0,319.0,324.0,328.0,348.0,360.0,372.0,385.0,389.0,450.0,490.0,493.0,513.0,515.0,643.0,747.0,772.0,799.0,842.0,851.0,865.0,868.0,904.0,979.0,981.0,
69.0,106.0,131.0,144.0,167.0,173.0,195.0,204.0,216.0,271.0,310.0,328.0,355.0,363.0,387.0,463.0,
13.0,45.0,61.0,109.0,112.0,118.0,160.0,160.0,181.0,244.0,357.0,371.0,394.0,452.0,461.0,493.0,497.0,887.0,965.0,987.0,
16.0,25.0,33.0,76.0,84.0,106.0,137.0,195.0,204.0,215.0,229.0,238.0,291.0,297.0,312.0,344.0,352.0,371.0,419.0,442.0,455.0,461.0,477.0,495.0,496.0,802.0,871.0,923.0,950.0,990.0,
39.0,57.0,121.0,141.0,185.0,203.0,208.0,240.0,245.0,249.0,269.0,277.0,289.0,296.0,335.0,343.0,349.0,442.0,457.0,491.0,497.0,504.0,744.0,794.0,848.0,859.0,877.0,941.0,
46.0,109.0,130.0,132.0,162.0,187.0,222.0,225.0,245.0,254.0,323.0,327.0,335.0,463.0,472.0,507.0,843.0,886.0,900.0,923.0,970.0,
127.0,178.0,189.0,218.0,229.0,281.0,312.0,334.0,351.0,355.0,355.0,356.0,356.0,405.0,407.0,445.0,466.0,804.0,893.0,913.0,970.0,
2.0,17.0,25.0,30.0,33.0,40.0,64.0,84.0,89.0,122.0,146.0,187.0,196.0,239.0,246.0,305.0,315.0,361.0,397.0,428.0,462.0,466.0,501.0,
35.0,82.0,93.0,136.0,202.0,213.0,237.0,281.0,299.0,307.0,344.0,362.0,393.0,420.0,452.0,468.0,503.0,618.0,665.0,674.0,719.0,722.0,757.0,788.0,801.0,806.0,815.0,888.0,917.0,958.0,960.0,
26.0,78.0,151.0,160.0,165.0,172.0,176.0,190.0,193.0,204.0,210.0,219.0,228.0,245.0,257.0,267.0,268.0,278.0,282.0,308.0,318.0,333.0,369.0,442.0,471.0,536.0,555.0,561.0,572.0,609.0,623.0,659.0,732.0,764.0,838.0,844.0,882.0,883.0,892.0,916.0,941.0,988.0,992.0,
38.0,53.0,76.0,79.0,107.0,122.0,158.0,172.0,177.0,263.0,285.0,298.0,323.0,324.0,350.0,353.0,386.0,392.0,462.0,475.0,507.0,531.0,595.0,637.0,647.0,649.0,652.0,667.0,678.0,682.0,713.0,750.0,772.0,781.0,858.0,870.0,880.0,896.0,900.0,921.0,936.0,955.0,
66.0,108.0,136.0,158.0,167.0,169.0,171.0,191.0,211.0,214.0,272.0,386.0,387.0,409.0,415.0,459.0,502.0,
7.0,39.0,81.0,89.0,98.0,129.0,175.0,197.0,209.0,247.0,278.0,279.0,284.0,295.0,305.0,340.0,371.0,472.0,474.0,796.0,819.0,896.0,
16.0,38.0,55.0,94.0,100.0,130.0,132.0,171.0,177.0,178.0,181.0,185.0,191.0,202.0,216.0,246.0,278.0,283.0,309.0,327.0,346.0,372.0,389.0,395.0,411.0,433.0,439.0,453.0,465.0,479.0,500.0,860.0,867.0,869.0,
11.0,33.0,36.0,45.0,56.0,95.0,126.0,132.0,149.0,179.0,180.0,182.0,195.0,195.0,204.0,251.0,275.0,275.0,319.0,388.0,389.0,427.0,440.0,474.0,495.0,
35.0,41.0,47.0,49.0,59.0,82.0,97.0,164.0,185.0,207.0,223.0,228.0,231.0,243.0,275.0,307.0,310.0,322.0,322.0,343.0,401.0,402.0,412.0,425.0,432.0,783.0,804.0,921.0,977.0,
27.0,87.0,89.0,92.0,97.0,205.0,213.0,225.0,227.0,255.0,289.0,301.0,317.0,323.0,333.0,342.0,355.0,364.0,382.0,400.0,469.0,836.0,898.0,939.0,
17.0,24.0,27.0,30.0,36.0,99.0,130.0,146.0,187.0,271.0,307.0,360.0,369.0,382.0,410.0,411.0,438.0,455.0,472.0,
56.0,108.0,112.0,138.0,168.0,170.0,184.0,212.0,236.0,334.0,352.0,388.0,393.0,415.0,502.0,502.0,523.0,563.0,604.0,606.0,620.0,620.0,630.0,633.0,637.0,659.0,660.0,670.0,776.0,812.0,871.0,894.0,905.0,
21.0,123.0,158.0,182.0,252.0,266.0,268.0,391.0,416.0,416.0,487.0,497.0,498.0,552.0,560.0,571.0,634.0,666.0,683.0,706.0,728.0,748.0,812.0,855.0,863.0,881.0,887.0,910.0,919.0,
19.0,98.0,100.0,112.0,166.0,188.0,206.0,309.0,350.0,355.0,371.0,435.0,458.0,506.0,646.0,648.0,649.0,649.0,689.0,695.0,727.0,738.0,751.0,778.0,795.0,839.0,855.0,873.0,875.0,901.0,913.0,915.0,930.0,997.0,
30.0,73.0,95.0,113.0,115.0,160.0,170.0,259.0,357.0,368.0,382.0,398.0,462.0,474.0,499.0,501.0,714.0,902.0,943.0,979.0,
68.0,80.0,176.0,201.0,204.0,237.0,276.0,353.0,400.0,401.0,403.0,406.0,414.0,485.0,
3.0,25.0,27.0,74.0,79.0,150.0,169.0,203.0,233.0,236.0,239.0,282.0,309.0,337.0,344.0,345.0,354.0,397.0,400.0,469.0,473.0,492.0,841.0,993.0,
10.0,21.0,47.0,59.0,59.0,60.0,70.0,85.0,91.0,98.0,125.0,154.0,203.0,260.0,339.0,382.0,395.0,408.0,443.0,446.0,459.0,464.0,487.0,914.0,993.0,995.0,
26.0,43.0,50.0,55.0,80.0,83.0,101.0,123.0,166.0,209.0,235.0,236.0,287.0,304.0,325.0,342.0,357.0,366.0,372.0,484.0,485.0,489.0,498.0,931.0,
17.0,17.0,30.0,33.0,77.0,87.0,88.0,210.0,275.0,329.0,366.0,374.0,396.0,421.0,464.0,474.0,474.0,482.0,
9.0,53.0,81.0,104.0,106.0,114.0,124.0,133.0,205.0,211.0,337.0,466.0,472.0,477.0,483.0,495.0,861.0,868.0,881.0,912.0,915.0,924.0,931.0,963.0,
97.0,123.0,123.0,182.0,198.0,248.0,294.0,335.0,426.0,437.0,535.0,547.0,556.0,585.0,589.0,594.0,609.0,612.0,613.0,648.0,681.0,733.0,745.0,766.0,773.0,797.0,801.0,829.0,845.0,873.0,878.0,887.0,893.0,911.0,928.0,939.0,943.0,960.0,971.0,975.0,975.0,
43.0,51.0,114.0,141.0,154.0,154.0,189.0,193.0,226.0,249.0,261.0,262.0,277.0,298.0,324.0,341.0,385.0,386.0,456.0,485.0,544.0,550.0,578.0,627.0,698.0,807.0,847.0,850.0,851.0,942.0,973.0,976.0,980.0,
23.0,29.0,71.0,87.0,179.0,192.0,219.0,222.0,225.0,239.0,261.0,276.0,326.0,364.0,490.0,506.0,520.0,544.0,619.0,647.0,701.0,713.0,736.0,790.0,813.0,823.0,827.0,843.0,853.0,854.0,862.0,890.0,902.0,919.0,924.0,930.0,991.0,
17.0,73.0,89.0,107.0,111.0,116.0,129.0,136.0,160.0,190.0,198.0,199.0,220.0,222.0,222.0,230.0,309.0,338.0,361.0,477.0,492.0,499.0,529.0,604.0,615.0,682.0,693.0,719.0,783.0,820.0,827.0,833.0,833.0,851.0,870.0,875.0,881.0,884.0,887.0,969.0,
21.0,29.0,43.0,77.0,107.0,157.0,182.0,194.0,216.0,230.0,240.0,269.0,271.0,280.0,284.0,331.0,362.0,413.0,469.0,494.0,504.0,830.0,834.0,856.0,868.0,874.0,899.0,941.0,947.0,989.0,
6.0,24.0,65.0,81.0,134.0,143.0,150.0,174.0,179.0,183.0,200.0,214.0,215.0,240.0,250.0,261.0,268.0,271.0,272.0,290.0,358.0,369.0,370.0,371.0,493.0,495.0,498.0,
5.0,96.0,134.0,139.0,168.0,176.0,231.0,232.0,276.0,330.0,336.0,339.0,352.0,352.0,360.0,398.0,427.0,460.0,462.0,498.0,
8.0,18.0,19.0,77.0,186.0,196.0,199.0,206.0,280.0,295.0,318.0,360.0,410.0,442.0,471.0,484.0,
7.0,61.0,67.0,81.0,103.0,111.0,148.0,166.0,184.0,236.0,238.0,265.0,286.0,307.0,323.0,334.0,340.0,355.0,369.0,392.0,417.0,458.0,494.0,499.0,777.0,805.0,821.0,979.0,
42.0,50.0,116.0,120.0,141.0,156.0,177.0,188.0,200.0,208.0,250.0,306.0,341.0,389.0,406.0,474.0,556.0,616.0,616.0,626.0,637.0,652.0,663.0,687.0,695.0,743.0,743.0,783.0,822.0,831.0,845.0,853.0,888.0,894.0,894.0,910.0,923.0,927.0,928.0,932.0,934.0,943.0,957.0,960.0,960.0,
9.0,40.0,52.0,127.0,213.0,258.0,263.0,264.0,360.0,388.0,471.0,595.0,604.0,610.0,611.0,614.0,621.0,640.0,689.0,693.0,716.0,737.0,747.0,763.0,783.0,807.0,816.0,852.0,874.0,883.0,932.0,938.0,965.0,
37.0,42.0,60.0,60.0,99.0,109.0,111.0,145.0,163.0,199.0,204.0,218.0,266.0,268.0,352.0,378.0,384.0,417.0,423.0,434.0,492.0,506.0,518.0,553.0,601.0,606.0,606.0,625.0,653.0,670.0,682.0,745.0,786.0,822.0,840.0,886.0,890.0,940.0,953.0,978.0,988.0,992.0,
24.0,27.0,61.0,79.0,111.0,114.0,119.0,127.0,129.0,129.0,131.0,149.0,164.0,186.0,313.0,349.0,393.0,395.0,405.0,407.0,447.0,451.0,502.0,513.0,560.0,581.0,623.0,652.0,682.0,712.0,752.0,788.0,792.0,863.0,905.0,945.0,
23.0,50.0,69.0,105.0,188.0,190.0,233.0,289.0,317.0,367.0,368.0,389.0,402.0,425.0,439.0,508.0,566.0,591.0,645.0,649.0,664.0,699.0,717.0,722.0,744.0,779.0,793.0,805.0,806.0,813.0,841.0,854.0,860.0,878.0,880.0,893.0,915.0,916.0,944.0,
19.0,73.0,79.0,149.0,160.0,263.0,280.0,303.0,304.0,342.0,355.0,365.0,397.0,434.0,476.0,476.0,501.0,533.0,555.0,571.0,588.0,590.0,592.0,594.0,648.0,656.0,671.0,677.0,703.0,706.0,725.0,725.0,729.0,750.0,753.0,803.0,813.0,816.0,859.0,862.0,871.0,887.0,892.0,907.0,918.0,932.0,968.0,980.0,
18.0,41.0,111.0,123.0,142.0,228.0,276.0,287.0,315.0,316.0,326.0,373.0,373.0,427.0,441.0,450.0,632.0,651.0,654.0,681.0,747.0,792.0,797.0,898.0,899.0,911.0,914.0,920.0,929.0,940.0,945.0,967.0,975.0,979.0,990.0,
2.0,104.0,106.0,144.0,163.0,176.0,183.0,189.0,215.0,341.0,359.0,434.0,453.0,460.0,577.0,618.0,652.0,670.0,726.0,790.0,795.0,805.0,885.0,934.0,955.0,994.0,
28.0,64.0,71.0,88.0,91.0,98.0,118.0,126.0,212.0,223.0,263.0,298.0,318.0,322.0,447.0,456.0,458.0,475.0,492.0,495.0,572.0,579.0,674.0,684.0,685.0,721.0,726.0,728.0,741.0,750.0,751.0,775.0,785.0,806.0,815.0,816.0,822.0,852.0,858.0,882.0,922.0,928.0,938.0,938.0,972.0,
93.0,112.0,126.0,184.0,236.0,264.0,266.0,295.0,308.0,358.0,361.0,419.0,440.0,446.0,459.0,480.0,543.0,562.0,606.0,626.0,744.0,765.0,772.0,774.0,792.0,828.0,832.0,836.0,837.0,878.0,892.0,900.0,905.0,911.0,925.0,928.0,929.0,939.0,965.0,967.0,990.0,992.0,
25.0,42.0,107.0,120.0,123.0,183.0,216.0,239.0,252.0,272.0,290.0,322.0,339.0,361.0,390.0,400.0,427.0,476.0,537.0,584.0,602.0,630.0,639.0,644.0,647.0,656.0,672.0,682.0,707.0,727.0,782.0,822.0,869.0,888.0,900.0,966.0,975.0,
16.0,40.0,61.0,87.0,91.0,91.0,100.0,108.0,129.0,132.0,153.0,175.0,181.0,207.0,213.0,266.0,301.0,301.0,382.0,401.0,414.0,442.0,444.0,502.0,523.0,546.0,577.0,583.0,584.0,611.0,627.0,629.0,636.0,685.0,712.0,713.0,722.0,753.0,776.0,798.0,825.0,890.0,893.0,909.0,947.0,969.0,987.0,
