19.0,95.0,104.0,146.0,165.0,167.0,181.0,252.0,325.0,354.0,361.0,369.0,370.0,405.0,476.0,622.0,641.0,648.0,662.0,666.0,670.0,708.0,767.0,818.0,822.0,873.0,932.0,956.0,
16.0,22.0,42.0,55.0,86.0,126.0,128.0,144.0,153.0,199.0,239.0,247.0,303.0,335.0,338.0,378.0,384.0,418.0,468.0,487.0,500.0,510.0,564.0,565.0,618.0,628.0,632.0,663.0,671.0,686.0,688.0,736.0,743.0,744.0,793.0,819.0,854.0,867.0,872.0,889.0,894.0,914.0,918.0,931.0,971.0,971.0,991.0,
4.0,29.0,32.0,110.0,114.0,174.0,192.0,228.0,261.0,278.0,313.0,319.0,345.0,372.0,398.0,414.0,446.0,479.0,533.0,542.0,580.0,622.0,630.0,662.0,735.0,790.0,797.0,799.0,816.0,857.0,867.0,923.0,927.0,932.0,945.0,960.0,986.0,987.0,
4.0,11.0,14.0,36.0,138.0,159.0,160.0,178.0,231.0,251.0,251.0,260.0,276.0,277.0,278.0,283.0,326.0,341.0,382.0,407.0,451.0,468.0,472.0,484.0,512.0,533.0,538.0,623.0,647.0,706.0,792.0,806.0,812.0,907.0,910.0,977.0,989.0,
41.0,42.0,83.0,142.0,180.0,197.0,209.0,274.0,324.0,337.0,344.0,353.0,360.0,370.0,377.0,408.0,431.0,443.0,491.0,559.0,589.0,601.0,627.0,667.0,696.0,700.0,719.0,776.0,788.0,791.0,806.0,830.0,838.0,839.0,845.0,854.0,880.0,891.0,951.0,961.0,981.0,996.0,
85.0,101.0,112.0,123.0,138.0,139.0,145.0,195.0,204.0,210.0,255.0,263.0,308.0,324.0,342.0,365.0,396.0,404.0,482.0,490.0,500.0,541.0,552.0,556.0,670.0,691.0,738.0,740.0,755.0,759.0,800.0,810.0,816.0,848.0,895.0,922.0,925.0,944.0,994.0,995.0,
44.0,67.0,85.0,100.0,107.0,109.0,140.0,153.0,165.0,214.0,220.0,255.0,268.0,269.0,353.0,366.0,401.0,437.0,536.0,561.0,646.0,678.0,710.0,713.0,718.0,718.0,774.0,779.0,818.0,845.0,865.0,876.0,879.0,925.0,933.0,948.0,983.0,993.0,997.0,
14.0,30.0,38.0,76.0,80.0,89.0,100.0,128.0,130.0,201.0,216.0,220.0,240.0,262.0,374.0,387.0,415.0,428.0,446.0,467.0,478.0,552.0,611.0,621.0,646.0,660.0,681.0,757.0,833.0,861.0,873.0,902.0,911.0,946.0,949.0,991.0,996.0,
44.0,49.0,99.0,208.0,320.0,336.0,359.0,368.0,395.0,428.0,465.0,487.0,496.0,500.0,559.0,563.0,574.0,581.0,584.0,586.0,625.0,644.0,666.0,730.0,757.0,788.0,799.0,831.0,879.0,904.0,943.0,997.0,
55.0,67.0,107.0,107.0,114.0,132.0,151.0,162.0,200.0,205.0,257.0,262.0,266.0,268.0,277.0,420.0,455.0,473.0,499.0,532.0,545.0,553.0,605.0,621.0,626.0,627.0,651.0,656.0,671.0,748.0,773.0,774.0,788.0,859.0,861.0,892.0,908.0,968.0,996.0,
48.0,54.0,133.0,140.0,146.0,176.0,176.0,282.0,308.0,311.0,324.0,336.0,352.0,365.0,365.0,407.0,413.0,414.0,449.0,464.0,466.0,490.0,497.0,526.0,535.0,546.0,547.0,636.0,640.0,642.0,644.0,739.0,743.0,762.0,776.0,779.0,811.0,822.0,846.0,879.0,934.0,967.0,993.0,
19.0,36.0,47.0,61.0,64.0,77.0,151.0,157.0,226.0,230.0,251.0,271.0,289.0,308.0,340.0,349.0,357.0,373.0,384.0,417.0,484.0,486.0,496.0,533.0,601.0,611.0,699.0,731.0,752.0,807.0,823.0,827.0,866.0,941.0,943.0,974.0,
21.0,33.0,41.0,45.0,87.0,120.0,121.0,157.0,188.0,269.0,302.0,330.0,351.0,365.0,375.0,396.0,461.0,506.0,525.0,552.0,564.0,566.0,589.0,606.0,613.0,624.0,635.0,636.0,655.0,669.0,693.0,697.0,703.0,739.0,741.0,743.0,748.0,750.0,828.0,937.0,974.0,977.0,
21.0,23.0,33.0,60.0,117.0,127.0,153.0,153.0,156.0,164.0,277.0,302.0,345.0,386.0,398.0,428.0,443.0,478.0,593.0,593.0,601.0,618.0,657.0,671.0,678.0,683.0,689.0,695.0,698.0,738.0,745.0,802.0,811.0,817.0,826.0,835.0,845.0,855.0,891.0,899.0,901.0,904.0,909.0,919.0,935.0,949.0,959.0,998.0,
10.0,19.0,66.0,72.0,84.0,95.0,131.0,133.0,151.0,192.0,221.0,262.0,267.0,268.0,297.0,337.0,338.0,349.0,351.0,382.0,400.0,463.0,467.0,473.0,474.0,476.0,481.0,497.0,504.0,585.0,624.0,651.0,678.0,683.0,689.0,707.0,737.0,789.0,794.0,797.0,838.0,886.0,909.0,924.0,985.0,987.0,999.0,
14.0,32.0,131.0,209.0,245.0,249.0,314.0,335.0,346.0,366.0,416.0,431.0,442.0,510.0,520.0,620.0,708.0,742.0,847.0,848.0,870.0,886.0,902.0,908.0,915.0,917.0,967.0,999.0,
46.0,109.0,111.0,124.0,135.0,160.0,170.0,208.0,222.0,228.0,231.0,234.0,236.0,316.0,327.0,418.0,489.0,600.0,618.0,669.0,677.0,697.0,717.0,732.0,733.0,734.0,753.0,819.0,825.0,852.0,872.0,954.0,986.0,
3.0,6.0,32.0,38.0,54.0,55.0,65.0,74.0,109.0,122.0,221.0,250.0,302.0,334.0,436.0,471.0,533.0,557.0,600.0,603.0,617.0,657.0,675.0,712.0,744.0,761.0,797.0,816.0,816.0,823.0,838.0,860.0,878.0,885.0,893.0,897.0,899.0,904.0,913.0,914.0,921.0,931.0,946.0,956.0,957.0,982.0,984.0,999.0,
47.0,54.0,129.0,149.0,265.0,294.0,317.0,351.0,419.0,448.0,449.0,484.0,532.0,558.0,601.0,629.0,636.0,672.0,726.0,745.0,772.0,781.0,796.0,817.0,820.0,834.0,841.0,864.0,972.0,
62.0,164.0,177.0,204.0,211.0,218.0,240.0,251.0,284.0,363.0,380.0,384.0,441.0,443.0,499.0,523.0,532.0,543.0,544.0,566.0,580.0,589.0,661.0,677.0,704.0,764.0,774.0,782.0,783.0,792.0,807.0,823.0,835.0,837.0,879.0,963.0,
16.0,64.0,136.0,150.0,175.0,198.0,200.0,211.0,256.0,305.0,306.0,311.0,392.0,429.0,434.0,457.0,466.0,497.0,503.0,505.0,509.0,524.0,527.0,535.0,536.0,547.0,571.0,593.0,609.0,673.0,682.0,775.0,804.0,829.0,831.0,863.0,870.0,872.0,895.0,946.0,951.0,956.0,958.0,959.0,
91.0,154.0,160.0,164.0,171.0,189.0,242.0,259.0,261.0,290.0,388.0,396.0,399.0,419.0,452.0,453.0,472.0,499.0,531.0,595.0,650.0,737.0,744.0,765.0,781.0,787.0,793.0,828.0,851.0,867.0,895.0,906.0,936.0,995.0,
8.0,11.0,37.0,81.0,103.0,103.0,105.0,109.0,114.0,173.0,173.0,196.0,203.0,212.0,229.0,233.0,321.0,325.0,342.0,369.0,420.0,477.0,506.0,577.0,598.0,651.0,655.0,673.0,692.0,722.0,775.0,798.0,816.0,857.0,883.0,884.0,897.0,919.0,939.0,962.0,978.0,993.0,997.0,998.0,
16.0,60.0,172.0,204.0,305.0,331.0,332.0,370.0,382.0,431.0,440.0,450.0,454.0,471.0,713.0,745.0,834.0,880.0,890.0,899.0,956.0,960.0,
23.0,58.0,78.0,85.0,86.0,99.0,144.0,146.0,186.0,209.0,268.0,304.0,317.0,328.0,349.0,362.0,381.0,408.0,419.0,437.0,448.0,458.0,
31.0,48.0,58.0,72.0,158.0,187.0,217.0,243.0,271.0,285.0,326.0,350.0,367.0,401.0,417.0,476.0,
9.0,12.0,17.0,22.0,60.0,74.0,105.0,117.0,127.0,152.0,195.0,196.0,206.0,261.0,269.0,288.0,319.0,359.0,474.0,498.0,
4.0,17.0,62.0,72.0,84.0,120.0,146.0,159.0,191.0,205.0,229.0,242.0,300.0,332.0,347.0,353.0,381.0,421.0,425.0,459.0,489.0,508.0,739.0,838.0,995.0,
20.0,50.0,60.0,73.0,82.0,115.0,121.0,146.0,155.0,191.0,194.0,257.0,265.0,298.0,423.0,468.0,470.0,475.0,478.0,510.0,520.0,562.0,592.0,604.0,634.0,638.0,644.0,658.0,664.0,667.0,668.0,710.0,711.0,720.0,817.0,837.0,848.0,892.0,906.0,916.0,958.0,992.0,
23.0,32.0,38.0,41.0,46.0,52.0,63.0,71.0,120.0,187.0,193.0,218.0,236.0,277.0,306.0,319.0,344.0,367.0,371.0,388.0,440.0,451.0,477.0,505.0,542.0,547.0,572.0,581.0,614.0,628.0,651.0,692.0,736.0,767.0,800.0,800.0,811.0,822.0,866.0,874.0,893.0,900.0,924.0,951.0,
5.0,109.0,147.0,149.0,193.0,195.0,217.0,304.0,356.0,412.0,463.0,508.0,517.0,541.0,560.0,571.0,599.0,615.0,618.0,653.0,657.0,668.0,674.0,726.0,737.0,784.0,795.0,823.0,828.0,882.0,885.0,939.0,950.0,966.0,979.0,989.0,993.0,
5.0,45.0,81.0,115.0,150.0,165.0,198.0,209.0,239.0,278.0,290.0,297.0,301.0,306.0,421.0,447.0,469.0,516.0,544.0,623.0,634.0,653.0,659.0,684.0,691.0,780.0,795.0,835.0,845.0,848.0,858.0,867.0,887.0,890.0,901.0,934.0,956.0,977.0,
6.0,18.0,29.0,32.0,176.0,221.0,276.0,331.0,358.0,383.0,436.0,467.0,487.0,801.0,834.0,866.0,907.0,916.0,
5.0,117.0,133.0,134.0,159.0,173.0,216.0,223.0,254.0,269.0,309.0,325.0,333.0,342.0,369.0,458.0,484.0,
32.0,60.0,77.0,86.0,98.0,113.0,117.0,171.0,184.0,193.0,268.0,269.0,293.0,299.0,314.0,323.0,334.0,339.0,388.0,440.0,477.0,791.0,847.0,925.0,969.0,
2.0,8.0,33.0,66.0,97.0,175.0,192.0,212.0,317.0,327.0,337.0,342.0,351.0,384.0,397.0,428.0,443.0,456.0,463.0,490.0,821.0,
14.0,42.0,47.0,59.0,69.0,77.0,114.0,188.0,224.0,258.0,295.0,322.0,334.0,371.0,382.0,386.0,391.0,405.0,408.0,435.0,448.0,462.0,974.0,
17.0,30.0,69.0,98.0,115.0,161.0,193.0,205.0,208.0,218.0,265.0,291.0,302.0,319.0,344.0,345.0,370.0,405.0,412.0,457.0,
55.0,58.0,84.0,182.0,209.0,225.0,231.0,263.0,307.0,311.0,314.0,336.0,353.0,361.0,381.0,394.0,413.0,440.0,446.0,482.0,503.0,751.0,801.0,825.0,862.0,881.0,
4.0,11.0,17.0,32.0,37.0,53.0,86.0,96.0,111.0,221.0,291.0,322.0,348.0,349.0,387.0,399.0,409.0,431.0,458.0,495.0,515.0,554.0,563.0,574.0,635.0,639.0,669.0,690.0,705.0,732.0,756.0,764.0,838.0,871.0,893.0,902.0,911.0,918.0,938.0,945.0,950.0,958.0,959.0,981.0,982.0,997.0,998.0,
43.0,53.0,185.0,188.0,232.0,235.0,255.0,339.0,349.0,399.0,407.0,459.0,487.0,526.0,567.0,572.0,668.0,683.0,718.0,758.0,765.0,807.0,826.0,831.0,859.0,897.0,901.0,909.0,921.0,929.0,945.0,947.0,
40.0,41.0,141.0,156.0,162.0,172.0,194.0,222.0,236.0,237.0,303.0,400.0,408.0,439.0,443.0,461.0,482.0,483.0,517.0,564.0,600.0,605.0,641.0,643.0,692.0,705.0,729.0,729.0,756.0,802.0,822.0,847.0,850.0,855.0,889.0,927.0,941.0,943.0,975.0,991.0,
25.0,71.0,92.0,131.0,132.0,142.0,156.0,173.0,191.0,233.0,307.0,312.0,319.0,378.0,390.0,426.0,438.0,468.0,482.0,
2.0,18.0,65.0,68.0,131.0,137.0,147.0,152.0,155.0,163.0,178.0,199.0,201.0,212.0,220.0,262.0,278.0,301.0,314.0,317.0,320.0,321.0,349.0,473.0,479.0,490.0,498.0,
32.0,54.0,90.0,166.0,213.0,218.0,225.0,309.0,310.0,317.0,351.0,379.0,434.0,482.0,503.0,746.0,759.0,902.0,982.0,
43.0,105.0,159.0,161.0,205.0,232.0,264.0,284.0,294.0,310.0,311.0,328.0,353.0,395.0,409.0,438.0,769.0,816.0,830.0,923.0,924.0,989.0,
25.0,47.0,58.0,79.0,83.0,110.0,148.0,165.0,236.0,256.0,318.0,351.0,359.0,387.0,388.0,411.0,418.0,446.0,461.0,504.0,848.0,939.0,
95.0,106.0,127.0,152.0,169.0,238.0,239.0,286.0,331.0,341.0,347.0,354.0,359.0,381.0,394.0,413.0,451.0,458.0,469.0,481.0,493.0,503.0,951.0,963.0,
25.0,31.0,48.0,73.0,112.0,116.0,162.0,201.0,234.0,328.0,365.0,376.0,390.0,477.0,484.0,498.0,499.0,508.0,
63.0,64.0,65.0,68.0,83.0,163.0,296.0,323.0,338.0,377.0,390.0,401.0,429.0,439.0,477.0,477.0,527.0,559.0,593.0,642.0,659.0,669.0,703.0,738.0,745.0,779.0,787.0,797.0,797.0,807.0,827.0,834.0,850.0,876.0,889.0,903.0,910.0,910.0,947.0,948.0,989.0,992.0,992.0,
8.0,36.0,120.0,121.0,124.0,127.0,143.0,161.0,186.0,254.0,257.0,288.0,331.0,335.0,391.0,410.0,436.0,443.0,449.0,459.0,477.0,487.0,491.0,494.0,509.0,512.0,615.0,652.0,666.0,687.0,718.0,722.0,730.0,741.0,822.0,861.0,895.0,909.0,943.0,963.0,973.0,
16.0,57.0,107.0,127.0,142.0,151.0,201.0,301.0,320.0,330.0,338.0,339.0,345.0,385.0,393.0,405.0,425.0,464.0,471.0,647.0,651.0,791.0,871.0,877.0,883.0,903.0,923.0,929.0,929.0,929.0,962.0,987.0,991.0,996.0,
3.0,70.0,77.0,78.0,84.0,106.0,124.0,146.0,156.0,208.0,260.0,272.0,285.0,291.0,294.0,295.0,305.0,315.0,325.0,342.0,369.0,400.0,401.0,426.0,470.0,475.0,500.0,
25.0,95.0,98.0,109.0,128.0,139.0,143.0,149.0,166.0,183.0,199.0,206.0,313.0,355.0,422.0,423.0,437.0,973.0,
40.0,82.0,106.0,143.0,148.0,193.0,277.0,340.0,373.0,404.0,780.0,794.0,820.0,846.0,911.0,953.0,976.0,
6.0,24.0,62.0,69.0,71.0,107.0,114.0,124.0,170.0,229.0,229.0,244.0,255.0,268.0,399.0,402.0,485.0,498.0,821.0,821.0,985.0,
11.0,101.0,108.0,156.0,161.0,185.0,212.0,215.0,231.0,236.0,243.0,279.0,291.0,332.0,333.0,429.0,470.0,490.0,832.0,
24.0,47.0,88.0,138.0,140.0,187.0,254.0,265.0,283.0,304.0,313.0,322.0,330.0,344.0,392.0,423.0,436.0,443.0,474.0,482.0,486.0,498.0,828.0,893.0,
18.0,107.0,116.0,127.0,136.0,142.0,186.0,190.0,204.0,231.0,293.0,307.0,313.0,313.0,327.0,371.0,389.0,443.0,466.0,481.0,484.0,486.0,508.0,
7.0,127.0,166.0,189.0,206.0,260.0,280.0,288.0,315.0,315.0,317.0,337.0,342.0,357.0,359.0,381.0,427.0,465.0,599.0,611.0,626.0,627.0,666.0,692.0,710.0,718.0,754.0,778.0,789.0,810.0,832.0,841.0,861.0,935.0,936.0,985.0,999.0,
4.0,82.0,91.0,135.0,170.0,192.0,233.0,236.0,239.0,245.0,256.0,271.0,283.0,283.0,330.0,396.0,433.0,447.0,468.0,482.0,492.0,541.0,546.0,550.0,576.0,593.0,603.0,610.0,663.0,701.0,714.0,738.0,770.0,791.0,799.0,839.0,845.0,857.0,862.0,918.0,918.0,939.0,940.0,993.0,1000.0,
10.0,32.0,86.0,120.0,128.0,128.0,153.0,203.0,244.0,253.0,265.0,303.0,374.0,440.0,456.0,474.0,495.0,512.0,524.0,616.0,626.0,632.0,639.0,648.0,688.0,714.0,758.0,770.0,830.0,830.0,832.0,842.0,845.0,864.0,865.0,872.0,883.0,890.0,894.0,950.0,952.0,956.0,957.0,971.0,989.0,998.0,
24.0,42.0,54.0,60.0,74.0,96.0,127.0,135.0,165.0,186.0,187.0,223.0,259.0,262.0,281.0,351.0,379.0,380.0,384.0,410.0,441.0,460.0,470.0,
9.0,17.0,45.0,53.0,72.0,87.0,103.0,199.0,230.0,249.0,293.0,335.0,385.0,432.0,437.0,444.0,478.0,478.0,783.0,864.0,897.0,915.0,944.0,
2.0,21.0,76.0,108.0,157.0,230.0,232.0,236.0,262.0,265.0,269.0,276.0,309.0,329.0,331.0,353.0,421.0,464.0,477.0,490.0,510.0,741.0,894.0,928.0,937.0,979.0,
5.0,17.0,32.0,66.0,84.0,94.0,168.0,172.0,173.0,177.0,182.0,233.0,248.0,257.0,282.0,285.0,295.0,318.0,332.0,372.0,372.0,386.0,402.0,731.0,886.0,905.0,922.0,997.0,
34.0,36.0,186.0,211.0,223.0,229.0,277.0,284.0,376.0,415.0,429.0,458.0,484.0,885.0,912.0,947.0,975.0,
42.0,47.0,154.0,173.0,222.0,231.0,259.0,260.0,325.0,404.0,417.0,459.0,475.0,886.0,
19.0,48.0,69.0,139.0,155.0,158.0,162.0,197.0,305.0,312.0,367.0,439.0,462.0,478.0,481.0,
101.0,167.0,243.0,251.0,304.0,355.0,361.0,363.0,364.0,379.0,380.0,385.0,395.0,417.0,432.0,472.0,556.0,575.0,634.0,642.0,673.0,715.0,733.0,747.0,760.0,760.0,769.0,803.0,814.0,873.0,879.0,929.0,960.0,988.0,995.0,
7.0,45.0,45.0,60.0,84.0,104.0,169.0,184.0,197.0,204.0,209.0,229.0,252.0,348.0,353.0,407.0,432.0,433.0,439.0,455.0,475.0,494.0,514.0,524.0,528.0,574.0,674.0,693.0,702.0,731.0,741.0,745.0,822.0,830.0,833.0,838.0,842.0,847.0,862.0,918.0,970.0,979.0,
28.0,34.0,122.0,125.0,150.0,209.0,225.0,238.0,240.0,262.0,380.0,383.0,384.0,468.0,505.0,534.0,559.0,559.0,612.0,631.0,668.0,669.0,703.0,705.0,740.0,776.0,821.0,844.0,907.0,915.0,917.0,931.0,941.0,982.0,993.0,
54.0,168.0,170.0,213.0,327.0,331.0,339.0,344.0,372.0,387.0,428.0,774.0,854.0,903.0,924.0,999.0,
28.0,51.0,105.0,179.0,255.0,304.0,352.0,356.0,387.0,400.0,408.0,414.0,427.0,459.0,459.0,
9.0,26.0,41.0,56.0,77.0,83.0,89.0,96.0,106.0,129.0,135.0,182.0,186.0,194.0,206.0,283.0,293.0,359.0,378.0,397.0,406.0,437.0,451.0,476.0,485.0,492.0,795.0,824.0,828.0,845.0,
19.0,34.0,58.0,74.0,81.0,84.0,148.0,150.0,179.0,180.0,181.0,201.0,201.0,223.0,249.0,283.0,315.0,342.0,343.0,426.0,500.0,826.0,840.0,859.0,
97.0,132.0,142.0,165.0,168.0,172.0,192.0,278.0,342.0,363.0,395.0,398.0,447.0,455.0,463.0,
5.0,9.0,21.0,22.0,71.0,73.0,82.0,88.0,128.0,132.0,141.0,174.0,219.0,286.0,287.0,302.0,338.0,360.0,370.0,388.0,404.0,418.0,422.0,456.0,466.0,475.0,
10.0,33.0,55.0,75.0,94.0,126.0,199.0,199.0,205.0,219.0,227.0,255.0,256.0,301.0,328.0,335.0,383.0,387.0,388.0,467.0,481.0,484.0,498.0,694.0,733.0,917.0,
26.0,76.0,120.0,134.0,136.0,140.0,146.0,159.0,168.0,219.0,243.0,257.0,264.0,277.0,288.0,362.0,391.0,394.0,416.0,420.0,481.0,494.0,537.0,544.0,546.0,557.0,564.0,572.0,610.0,640.0,643.0,710.0,714.0,720.0,723.0,724.0,725.0,737.0,786.0,805.0,806.0,838.0,845.0,872.0,875.0,885.0,963.0,965.0,998.0,
2.0,8.0,29.0,30.0,35.0,37.0,95.0,170.0,197.0,200.0,232.0,234.0,247.0,273.0,276.0,337.0,396.0,402.0,436.0,438.0,493.0,518.0,534.0,551.0,554.0,566.0,661.0,663.0,698.0,791.0,795.0,806.0,806.0,814.0,827.0,910.0,915.0,981.0,
9.0,12.0,59.0,80.0,88.0,127.0,129.0,144.0,146.0,176.0,306.0,314.0,354.0,406.0,418.0,434.0,467.0,478.0,502.0,543.0,572.0,598.0,601.0,613.0,634.0,673.0,677.0,681.0,692.0,737.0,745.0,762.0,764.0,768.0,781.0,804.0,831.0,856.0,863.0,883.0,887.0,889.0,985.0,999.0,
34.0,58.0,118.0,178.0,202.0,247.0,252.0,257.0,272.0,297.0,304.0,328.0,333.0,344.0,366.0,376.0,413.0,425.0,466.0,472.0,500.0,524.0,534.0,550.0,608.0,628.0,636.0,659.0,660.0,669.0,672.0,700.0,705.0,714.0,754.0,767.0,796.0,828.0,864.0,913.0,927.0,944.0,971.0,978.0,994.0,
15.0,18.0,27.0,84.0,167.0,188.0,190.0,297.0,315.0,329.0,352.0,449.0,475.0,740.0,769.0,826.0,999.0,
15.0,40.0,93.0,120.0,129.0,164.0,182.0,190.0,200.0,204.0,256.0,325.0,381.0,384.0,427.0,441.0,460.0,487.0,490.0,490.0,
27.0,86.0,138.0,142.0,145.0,147.0,212.0,218.0,270.0,291.0,318.0,422.0,463.0,
31.0,70.0,104.0,135.0,148.0,149.0,180.0,185.0,193.0,234.0,278.0,281.0,288.0,298.0,334.0,395.0,441.0,
11.0,65.0,118.0,147.0,219.0,231.0,301.0,323.0,340.0,342.0,389.0,402.0,421.0,463.0,470.0,470.0,485.0,490.0,494.0,498.0,769.0,787.0,789.0,859.0,960.0,
16.0,19.0,19.0,21.0,35.0,103.0,105.0,110.0,118.0,140.0,149.0,155.0,167.0,179.0,212.0,291.0,323.0,331.0,351.0,365.0,413.0,414.0,414.0,424.0,446.0,450.0,459.0,476.0,511.0,527.0,546.0,555.0,569.0,591.0,591.0,596.0,604.0,634.0,678.0,726.0,752.0,792.0,795.0,807.0,840.0,912.0,940.0,949.0,999.0,
13.0,30.0,125.0,137.0,141.0,169.0,183.0,191.0,192.0,193.0,199.0,214.0,263.0,341.0,383.0,385.0,437.0,492.0,497.0,508.0,551.0,574.0,604.0,628.0,641.0,642.0,647.0,678.0,714.0,722.0,726.0,759.0,764.0,774.0,782.0,788.0,803.0,893.0,898.0,899.0,968.0,979.0,980.0,995.0,997.0,
12.0,38.0,43.0,77.0,110.0,154.0,156.0,177.0,191.0,199.0,204.0,244.0,249.0,252.0,266.0,298.0,324.0,370.0,383.0,392.0,400.0,409.0,413.0,525.0,532.0,544.0,549.0,555.0,592.0,612.0,640.0,704.0,721.0,738.0,779.0,788.0,789.0,805.0,808.0,879.0,882.0,914.0,925.0,931.0,964.0,985.0,
51.0,61.0,71.0,71.0,73.0,85.0,93.0,114.0,165.0,220.0,258.0,295.0,313.0,361.0,387.0,406.0,451.0,455.0,456.0,471.0,499.0,503.0,630.0,650.0,698.0,730.0,748.0,757.0,824.0,879.0,887.0,898.0,907.0,963.0,967.0,
70.0,84.0,93.0,147.0,186.0,195.0,204.0,250.0,307.0,393.0,399.0,492.0,507.0,517.0,518.0,546.0,558.0,563.0,581.0,611.0,619.0,634.0,649.0,713.0,718.0,726.0,783.0,820.0,823.0,862.0,891.0,907.0,963.0,
70.0,107.0,148.0,154.0,170.0,191.0,217.0,220.0,233.0,282.0,286.0,299.0,328.0,348.0,348.0,368.0,382.0,383.0,493.0,516.0,550.0,555.0,627.0,634.0,654.0,676.0,751.0,795.0,805.0,818.0,896.0,903.0,909.0,932.0,968.0,972.0,
22.0,23.0,26.0,31.0,49.0,73.0,84.0,100.0,103.0,138.0,155.0,173.0,184.0,203.0,257.0,317.0,429.0,501.0,529.0,551.0,618.0,700.0,732.0,739.0,746.0,759.0,766.0,776.0,782.0,810.0,828.0,829.0,832.0,838.0,841.0,858.0,860.0,925.0,936.0,962.0,999.0,
10.0,14.0,25.0,26.0,26.0,75.0,104.0,136.0,154.0,180.0,244.0,247.0,258.0,294.0,325.0,370.0,381.0,409.0,424.0,658.0,659.0,660.0,661.0,672.0,698.0,720.0,727.0,732.0,744.0,748.0,769.0,794.0,807.0,826.0,838.0,851.0,854.0,854.0,877.0,905.0,912.0,928.0,962.0,964.0,985.0,
22.0,41.0,56.0,67.0,79.0,118.0,150.0,154.0,251.0,276.0,294.0,297.0,310.0,360.0,369.0,383.0,393.0,430.0,440.0,441.0,444.0,455.0,467.0,468.0,483.0,487.0,492.0,590.0,599.0,618.0,625.0,634.0,675.0,686.0,689.0,714.0,739.0,781.0,794.0,849.0,852.0,859.0,880.0,942.0,957.0,969.0,973.0,986.0,
83.0,99.0,108.0,162.0,172.0,210.0,255.0,312.0,391.0,425.0,539.0,560.0,567.0,599.0,601.0,650.0,660.0,672.0,707.0,708.0,718.0,734.0,775.0,786.0,790.0,801.0,823.0,826.0,881.0,903.0,926.0,955.0,958.0,973.0,990.0,
38.0,82.0,179.0,212.0,287.0,294.0,304.0,308.0,337.0,342.0,348.0,368.0,406.0,410.0,416.0,440.0,448.0,448.0,510.0,529.0,569.0,591.0,611.0,615.0,644.0,658.0,670.0,706.0,750.0,765.0,781.0,785.0,881.0,887.0,920.0,952.0,955.0,973.0,984.0,996.0,
42.0,49.0,68.0,74.0,122.0,133.0,141.0,211.0,230.0,234.0,237.0,248.0,253.0,291.0,373.0,420.0,421.0,438.0,444.0,495.0,528.0,541.0,572.0,584.0,638.0,642.0,648.0,659.0,685.0,689.0,696.0,716.0,734.0,776.0,787.0,825.0,833.0,893.0,916.0,971.0,977.0,
