36.0,38.0,56.0,70.0,86.0,102.0,125.0,169.0,172.0,188.0,214.0,228.0,236.0,269.0,291.0,303.0,314.0,340.0,374.0,392.0,419.0,448.0,481.0,510.0,517.0,543.0,563.0,566.0,614.0,632.0,659.0,729.0,761.0,769.0,773.0,789.0,830.0,868.0,897.0,906.0,925.0,950.0,
35.0,132.0,160.0,160.0,175.0,232.0,235.0,250.0,251.0,265.0,272.0,301.0,326.0,359.0,364.0,430.0,432.0,441.0,478.0,526.0,547.0,574.0,594.0,627.0,669.0,679.0,687.0,701.0,715.0,735.0,740.0,760.0,783.0,809.0,889.0,945.0,947.0,989.0,997.0,
88.0,167.0,188.0,269.0,284.0,343.0,353.0,401.0,403.0,449.0,462.0,491.0,507.0,514.0,536.0,538.0,544.0,572.0,577.0,607.0,705.0,706.0,756.0,891.0,896.0,934.0,957.0,970.0,987.0,
3.0,62.0,72.0,88.0,108.0,131.0,146.0,161.0,164.0,292.0,325.0,349.0,362.0,379.0,386.0,387.0,402.0,426.0,445.0,456.0,495.0,504.0,694.0,726.0,735.0,758.0,760.0,802.0,822.0,827.0,838.0,852.0,891.0,918.0,952.0,964.0,969.0,983.0,991.0,
67.0,97.0,107.0,153.0,172.0,174.0,195.0,217.0,231.0,280.0,291.0,392.0,393.0,565.0,575.0,587.0,596.0,599.0,629.0,665.0,667.0,680.0,728.0,787.0,805.0,824.0,831.0,886.0,902.0,908.0,934.0,959.0,965.0,999.0,1000.0,
10.0,55.0,84.0,86.0,108.0,171.0,235.0,240.0,245.0,280.0,296.0,309.0,316.0,360.0,380.0,382.0,403.0,487.0,488.0,570.0,678.0,766.0,787.0,810.0,824.0,827.0,955.0,975.0,976.0,
2.0,28.0,87.0,92.0,158.0,160.0,165.0,193.0,211.0,218.0,224.0,252.0,253.0,254.0,266.0,306.0,321.0,335.0,387.0,397.0,427.0,467.0,501.0,538.0,554.0,558.0,568.0,574.0,643.0,666.0,701.0,744.0,787.0,834.0,872.0,890.0,900.0,915.0,946.0,962.0,978.0,985.0,1000.0,
9.0,61.0,107.0,114.0,120.0,139.0,159.0,188.0,240.0,273.0,320.0,364.0,377.0,406.0,444.0,461.0,501.0,528.0,537.0,556.0,597.0,659.0,660.0,671.0,706.0,727.0,738.0,782.0,805.0,808.0,826.0,864.0,971.0,976.0,980.0,
31.0,97.0,112.0,132.0,146.0,185.0,214.0,217.0,224.0,280.0,315.0,327.0,334.0,342.0,349.0,379.0,412.0,431.0,446.0,500.0,523.0,526.0,537.0,537.0,573.0,585.0,631.0,669.0,693.0,729.0,742.0,764.0,766.0,802.0,829.0,834.0,857.0,937.0,939.0,944.0,950.0,983.0,
63.0,90.0,105.0,133.0,134.0,175.0,183.0,237.0,255.0,259.0,264.0,302.0,335.0,436.0,446.0,457.0,527.0,545.0,585.0,639.0,689.0,700.0,711.0,720.0,746.0,754.0,778.0,810.0,849.0,857.0,893.0,939.0,957.0,958.0,993.0,
11.0,25.0,145.0,224.0,243.0,274.0,310.0,311.0,329.0,371.0,373.0,390.0,423.0,426.0,479.0,486.0,493.0,506.0,535.0,564.0,630.0,637.0,661.0,667.0,677.0,680.0,742.0,753.0,793.0,796.0,798.0,892.0,918.0,949.0,955.0,997.0,
25.0,61.0,72.0,165.0,212.0,286.0,293.0,326.0,396.0,445.0,458.0,505.0,519.0,530.0,550.0,590.0,635.0,651.0,655.0,671.0,740.0,747.0,799.0,812.0,849.0,904.0,971.0,1000.0,
53.0,59.0,61.0,99.0,126.0,138.0,154.0,182.0,196.0,223.0,239.0,247.0,259.0,264.0,281.0,289.0,305.0,315.0,343.0,435.0,453.0,534.0,572.0,587.0,589.0,593.0,594.0,606.0,623.0,650.0,683.0,700.0,705.0,723.0,728.0,763.0,841.0,861.0,873.0,882.0,888.0,933.0,971.0,991.0,995.0,
21.0,30.0,75.0,164.0,240.0,248.0,316.0,322.0,353.0,358.0,364.0,385.0,420.0,438.0,458.0,475.0,505.0,511.0,533.0,535.0,551.0,559.0,562.0,644.0,646.0,701.0,709.0,738.0,811.0,821.0,903.0,929.0,943.0,971.0,
9.0,26.0,116.0,126.0,221.0,233.0,260.0,266.0,267.0,335.0,359.0,389.0,406.0,424.0,438.0,444.0,462.0,475.0,487.0,492.0,517.0,532.0,557.0,559.0,637.0,637.0,658.0,664.0,711.0,762.0,822.0,829.0,849.0,867.0,876.0,917.0,942.0,992.0,
59.0,75.0,87.0,102.0,133.0,151.0,153.0,170.0,177.0,249.0,255.0,276.0,287.0,304.0,307.0,309.0,320.0,484.0,616.0,627.0,654.0,751.0,752.0,769.0,787.0,822.0,857.0,874.0,934.0,953.0,
5.0,12.0,24.0,44.0,59.0,68.0,89.0,89.0,97.0,106.0,142.0,241.0,249.0,275.0,279.0,343.0,351.0,401.0,430.0,446.0,512.0,521.0,561.0,601.0,613.0,624.0,669.0,673.0,701.0,720.0,799.0,815.0,828.0,845.0,845.0,854.0,870.0,899.0,902.0,907.0,948.0,
54.0,59.0,76.0,152.0,179.0,210.0,239.0,248.0,266.0,274.0,278.0,287.0,298.0,303.0,328.0,357.0,358.0,363.0,409.0,439.0,501.0,509.0,599.0,643.0,647.0,654.0,679.0,686.0,699.0,701.0,730.0,741.0,772.0,775.0,820.0,832.0,835.0,871.0,876.0,884.0,897.0,925.0,956.0,960.0,964.0,973.0,974.0,987.0,987.0,
8.0,12.0,131.0,132.0,141.0,141.0,194.0,197.0,237.0,264.0,274.0,274.0,275.0,281.0,312.0,314.0,333.0,385.0,395.0,448.0,474.0,495.0,508.0,533.0,542.0,545.0,552.0,588.0,612.0,615.0,621.0,636.0,665.0,695.0,699.0,716.0,718.0,722.0,722.0,743.0,802.0,811.0,837.0,839.0,853.0,861.0,883.0,908.0,967.0,983.0,994.0,
25.0,62.0,64.0,75.0,76.0,94.0,115.0,150.0,156.0,159.0,166.0,204.0,222.0,238.0,255.0,265.0,298.0,380.0,390.0,448.0,462.0,468.0,474.0,479.0,520.0,553.0,576.0,583.0,588.0,593.0,618.0,670.0,689.0,694.0,776.0,791.0,795.0,797.0,798.0,806.0,816.0,819.0,892.0,898.0,902.0,930.0,951.0,976.0,
9.0,23.0,37.0,58.0,82.0,94.0,108.0,119.0,136.0,162.0,172.0,356.0,385.0,511.0,526.0,543.0,544.0,554.0,572.0,576.0,622.0,627.0,637.0,653.0,657.0,672.0,673.0,726.0,730.0,735.0,738.0,738.0,788.0,788.0,842.0,856.0,883.0,900.0,901.0,915.0,958.0,
16.0,41.0,52.0,58.0,64.0,99.0,102.0,148.0,221.0,228.0,235.0,264.0,266.0,316.0,388.0,413.0,473.0,491.0,507.0,574.0,617.0,623.0,633.0,643.0,679.0,712.0,726.0,731.0,808.0,808.0,886.0,937.0,972.0,978.0,
10.0,16.0,36.0,50.0,55.0,57.0,78.0,95.0,95.0,136.0,138.0,155.0,176.0,222.0,234.0,249.0,281.0,294.0,310.0,321.0,387.0,392.0,406.0,514.0,533.0,567.0,568.0,579.0,602.0,633.0,640.0,647.0,686.0,704.0,721.0,783.0,787.0,788.0,826.0,826.0,831.0,838.0,908.0,909.0,941.0,950.0,968.0,976.0,980.0,982.0,985.0,
11.0,11.0,17.0,54.0,65.0,66.0,135.0,167.0,174.0,195.0,227.0,238.0,254.0,297.0,325.0,336.0,341.0,370.0,374.0,391.0,415.0,418.0,419.0,461.0,485.0,570.0,576.0,583.0,583.0,602.0,605.0,626.0,648.0,648.0,676.0,692.0,705.0,716.0,717.0,731.0,732.0,733.0,762.0,801.0,836.0,849.0,860.0,860.0,862.0,878.0,885.0,909.0,971.0,988.0,994.0,
51.0,60.0,76.0,129.0,153.0,191.0,200.0,201.0,210.0,249.0,261.0,286.0,301.0,338.0,357.0,366.0,366.0,376.0,391.0,393.0,408.0,435.0,442.0,475.0,662.0,676.0,756.0,756.0,765.0,793.0,844.0,898.0,905.0,928.0,957.0,958.0,981.0,
14.0,64.0,143.0,171.0,206.0,207.0,213.0,222.0,305.0,337.0,350.0,355.0,481.0,805.0,849.0,869.0,
40.0,48.0,67.0,78.0,85.0,143.0,196.0,220.0,258.0,262.0,291.0,323.0,326.0,326.0,359.0,430.0,450.0,451.0,477.0,490.0,689.0,714.0,754.0,764.0,765.0,807.0,822.0,847.0,912.0,918.0,933.0,
4.0,37.0,116.0,256.0,291.0,320.0,324.0,325.0,370.0,390.0,401.0,466.0,469.0,488.0,496.0,506.0,582.0,611.0,614.0,649.0,668.0,689.0,691.0,714.0,746.0,748.0,768.0,794.0,805.0,819.0,824.0,826.0,836.0,847.0,878.0,922.0,925.0,928.0,933.0,969.0,974.0,983.0,
5.0,37.0,116.0,144.0,265.0,271.0,274.0,277.0,292.0,310.0,317.0,423.0,443.0,494.0,528.0,533.0,556.0,565.0,613.0,643.0,644.0,645.0,693.0,694.0,723.0,735.0,744.0,770.0,774.0,835.0,849.0,889.0,919.0,934.0,995.0,997.0,
5.0,87.0,164.0,171.0,172.0,190.0,245.0,260.0,268.0,323.0,327.0,389.0,395.0,415.0,459.0,508.0,548.0,624.0,714.0,746.0,756.0,775.0,781.0,788.0,805.0,817.0,860.0,867.0,868.0,925.0,938.0,
8.0,24.0,50.0,51.0,97.0,137.0,160.0,189.0,209.0,319.0,425.0,436.0,479.0,508.0,581.0,591.0,672.0,700.0,705.0,750.0,771.0,781.0,795.0,809.0,867.0,943.0,952.0,953.0,959.0,961.0,984.0,987.0,
75.0,76.0,112.0,115.0,129.0,131.0,144.0,171.0,179.0,188.0,204.0,234.0,245.0,287.0,290.0,334.0,400.0,425.0,426.0,446.0,453.0,524.0,543.0,577.0,612.0,618.0,618.0,623.0,656.0,695.0,714.0,727.0,729.0,731.0,732.0,746.0,773.0,794.0,835.0,854.0,913.0,915.0,948.0,966.0,
21.0,50.0,113.0,131.0,157.0,223.0,237.0,249.0,267.0,283.0,294.0,336.0,354.0,381.0,398.0,403.0,432.0,439.0,464.0,487.0,551.0,581.0,610.0,616.0,623.0,677.0,693.0,698.0,710.0,716.0,820.0,824.0,844.0,847.0,858.0,909.0,909.0,927.0,931.0,960.0,977.0,989.0,989.0,999.0,
44.0,53.0,61.0,89.0,172.0,173.0,217.0,256.0,274.0,293.0,326.0,365.0,369.0,372.0,375.0,400.0,415.0,465.0,467.0,841.0,854.0,870.0,967.0,976.0,994.0,
7.0,13.0,52.0,68.0,82.0,138.0,163.0,185.0,221.0,266.0,282.0,287.0,297.0,303.0,307.0,311.0,355.0,406.0,427.0,451.0,453.0,499.0,
23.0,52.0,100.0,130.0,133.0,145.0,153.0,216.0,253.0,266.0,293.0,293.0,294.0,319.0,342.0,348.0,358.0,374.0,423.0,431.0,437.0,487.0,491.0,495.0,
36.0,45.0,128.0,147.0,207.0,236.0,249.0,280.0,302.0,344.0,344.0,347.0,355.0,439.0,466.0,492.0,
33.0,33.0,71.0,118.0,154.0,244.0,280.0,438.0,467.0,482.0,484.0,927.0,
22.0,25.0,66.0,78.0,92.0,121.0,167.0,186.0,226.0,253.0,271.0,313.0,316.0,331.0,365.0,384.0,389.0,397.0,417.0,419.0,422.0,430.0,501.0,512.0,532.0,561.0,571.0,589.0,605.0,706.0,719.0,743.0,747.0,766.0,785.0,789.0,791.0,820.0,828.0,871.0,872.0,878.0,883.0,891.0,899.0,901.0,906.0,912.0,927.0,952.0,959.0,964.0,968.0,973.0,981.0,993.0,
54.0,91.0,120.0,132.0,134.0,137.0,180.0,202.0,220.0,238.0,280.0,285.0,305.0,369.0,409.0,464.0,468.0,499.0,509.0,524.0,540.0,584.0,598.0,614.0,620.0,663.0,665.0,679.0,697.0,743.0,743.0,797.0,811.0,816.0,822.0,839.0,859.0,867.0,868.0,926.0,951.0,966.0,
78.0,98.0,138.0,151.0,203.0,308.0,325.0,338.0,352.0,363.0,380.0,381.0,388.0,411.0,423.0,427.0,433.0,452.0,464.0,470.0,492.0,495.0,496.0,497.0,502.0,547.0,596.0,597.0,622.0,704.0,728.0,755.0,759.0,762.0,776.0,806.0,828.0,842.0,959.0,975.0,
16.0,23.0,35.0,51.0,60.0,103.0,168.0,187.0,252.0,268.0,274.0,279.0,279.0,317.0,324.0,380.0,422.0,433.0,438.0,469.0,469.0,546.0,707.0,777.0,796.0,806.0,848.0,889.0,916.0,924.0,949.0,960.0,985.0,991.0,996.0,
25.0,57.0,164.0,180.0,202.0,208.0,209.0,263.0,284.0,349.0,353.0,368.0,375.0,381.0,474.0,487.0,504.0,643.0,667.0,696.0,736.0,756.0,781.0,889.0,890.0,928.0,968.0,979.0,
36.0,36.0,38.0,50.0,63.0,75.0,90.0,92.0,101.0,171.0,173.0,202.0,213.0,264.0,399.0,403.0,429.0,458.0,485.0,495.0,500.0,500.0,
42.0,73.0,78.0,127.0,136.0,156.0,160.0,271.0,274.0,348.0,374.0,375.0,404.0,405.0,406.0,408.0,415.0,491.0,499.0,505.0,743.0,798.0,
10.0,38.0,50.0,96.0,105.0,109.0,132.0,203.0,207.0,284.0,284.0,312.0,371.0,385.0,423.0,455.0,473.0,473.0,500.0,502.0,815.0,908.0,957.0,957.0,968.0,
6.0,25.0,39.0,44.0,45.0,48.0,67.0,87.0,99.0,114.0,119.0,138.0,143.0,155.0,166.0,171.0,253.0,283.0,303.0,378.0,456.0,467.0,468.0,471.0,503.0,824.0,867.0,952.0,957.0,999.0,
13.0,28.0,48.0,69.0,174.0,208.0,235.0,293.0,425.0,435.0,496.0,
13.0,16.0,34.0,58.0,73.0,95.0,116.0,129.0,131.0,146.0,206.0,223.0,252.0,316.0,444.0,445.0,459.0,613.0,670.0,673.0,704.0,732.0,740.0,752.0,756.0,758.0,802.0,850.0,899.0,
2.0,26.0,82.0,117.0,120.0,130.0,137.0,190.0,298.0,328.0,361.0,377.0,379.0,442.0,465.0,471.0,528.0,547.0,550.0,570.0,671.0,674.0,677.0,685.0,707.0,726.0,734.0,749.0,750.0,803.0,815.0,823.0,827.0,867.0,902.0,908.0,909.0,916.0,1000.0,
4.0,66.0,84.0,145.0,163.0,171.0,204.0,209.0,214.0,255.0,273.0,310.0,314.0,319.0,358.0,380.0,384.0,418.0,442.0,451.0,510.0,515.0,550.0,565.0,622.0,643.0,662.0,669.0,690.0,699.0,748.0,815.0,819.0,846.0,895.0,929.0,
8.0,20.0,81.0,207.0,210.0,298.0,353.0,387.0,398.0,416.0,426.0,430.0,461.0,462.0,509.0,521.0,574.0,586.0,664.0,664.0,668.0,677.0,682.0,695.0,725.0,746.0,763.0,807.0,886.0,980.0,
31.0,44.0,73.0,84.0,84.0,118.0,139.0,151.0,162.0,216.0,252.0,308.0,316.0,364.0,391.0,398.0,399.0,418.0,457.0,460.0,495.0,709.0,778.0,
2.0,3.0,43.0,57.0,77.0,98.0,108.0,209.0,255.0,302.0,317.0,319.0,326.0,360.0,381.0,393.0,403.0,410.0,442.0,503.0,
21.0,75.0,95.0,152.0,170.0,197.0,249.0,257.0,298.0,307.0,308.0,324.0,347.0,368.0,391.0,417.0,451.0,469.0,470.0,757.0,772.0,882.0,924.0,963.0,987.0,
45.0,52.0,76.0,93.0,107.0,107.0,111.0,137.0,162.0,169.0,210.0,217.0,229.0,261.0,336.0,367.0,381.0,402.0,731.0,920.0,
12.0,20.0,94.0,149.0,159.0,197.0,207.0,225.0,270.0,358.0,382.0,412.0,447.0,470.0,497.0,506.0,735.0,857.0,881.0,981.0,
14.0,52.0,57.0,74.0,78.0,104.0,130.0,140.0,151.0,206.0,265.0,291.0,299.0,303.0,341.0,422.0,448.0,449.0,468.0,
76.0,142.0,212.0,217.0,252.0,287.0,291.0,293.0,358.0,395.0,443.0,741.0,900.0,910.0,
26.0,30.0,52.0,82.0,88.0,143.0,182.0,195.0,196.0,238.0,283.0,319.0,339.0,345.0,358.0,365.0,452.0,469.0,477.0,497.0,523.0,540.0,551.0,575.0,577.0,597.0,605.0,618.0,619.0,629.0,664.0,665.0,671.0,675.0,724.0,737.0,740.0,747.0,751.0,800.0,820.0,825.0,834.0,838.0,852.0,857.0,914.0,929.0,964.0,967.0,
56.0,57.0,68.0,114.0,140.0,167.0,197.0,230.0,231.0,249.0,266.0,271.0,283.0,286.0,288.0,288.0,326.0,431.0,434.0,448.0,464.0,470.0,525.0,528.0,538.0,542.0,595.0,595.0,623.0,671.0,685.0,734.0,736.0,744.0,761.0,792.0,843.0,845.0,872.0,919.0,928.0,956.0,961.0,971.0,988.0,996.0,
16.0,34.0,81.0,92.0,101.0,115.0,137.0,179.0,212.0,250.0,316.0,321.0,341.0,346.0,366.0,371.0,378.0,392.0,393.0,403.0,481.0,482.0,565.0,599.0,692.0,732.0,803.0,866.0,870.0,902.0,906.0,927.0,963.0,978.0,988.0,
9.0,77.0,93.0,168.0,171.0,219.0,240.0,251.0,261.0,271.0,300.0,302.0,329.0,363.0,372.0,432.0,489.0,741.0,783.0,798.0,868.0,
10.0,21.0,21.0,131.0,156.0,160.0,186.0,231.0,236.0,381.0,408.0,428.0,461.0,508.0,
16.0,66.0,68.0,76.0,84.0,139.0,147.0,157.0,166.0,210.0,211.0,217.0,259.0,280.0,283.0,306.0,323.0,333.0,337.0,348.0,385.0,386.0,481.0,482.0,483.0,842.0,
41.0,62.0,63.0,101.0,107.0,121.0,127.0,137.0,144.0,158.0,210.0,239.0,243.0,300.0,333.0,357.0,382.0,402.0,419.0,425.0,445.0,476.0,479.0,496.0,808.0,854.0,913.0,931.0,950.0,953.0,
60.0,107.0,156.0,166.0,210.0,215.0,230.0,263.0,266.0,378.0,415.0,416.0,442.0,459.0,818.0,819.0,824.0,842.0,891.0,
9.0,17.0,20.0,28.0,30.0,30.0,33.0,40.0,101.0,105.0,117.0,125.0,130.0,132.0,135.0,316.0,318.0,320.0,398.0,402.0,431.0,437.0,483.0,483.0,
36.0,59.0,82.0,89.0,95.0,100.0,100.0,128.0,164.0,199.0,213.0,230.0,235.0,294.0,294.0,338.0,347.0,365.0,425.0,426.0,470.0,485.0,512.0,642.0,718.0,726.0,748.0,754.0,776.0,787.0,943.0,963.0,968.0,
19.0,40.0,74.0,142.0,164.0,165.0,220.0,225.0,275.0,294.0,295.0,319.0,332.0,334.0,383.0,401.0,406.0,410.0,448.0,451.0,473.0,483.0,504.0,544.0,564.0,569.0,571.0,623.0,662.0,669.0,704.0,729.0,738.0,749.0,750.0,751.0,755.0,762.0,785.0,789.0,799.0,809.0,813.0,842.0,883.0,932.0,940.0,940.0,957.0,996.0,999.0,
7.0,13.0,91.0,118.0,173.0,183.0,184.0,221.0,267.0,355.0,360.0,437.0,458.0,470.0,483.0,485.0,524.0,587.0,594.0,676.0,688.0,714.0,730.0,742.0,747.0,751.0,835.0,837.0,862.0,877.0,880.0,934.0,965.0,988.0,
4.0,12.0,35.0,81.0,88.0,158.0,174.0,315.0,319.0,343.0,390.0,414.0,463.0,491.0,499.0,579.0,604.0,623.0,625.0,684.0,706.0,713.0,776.0,785.0,795.0,831.0,882.0,887.0,921.0,929.0,929.0,933.0,938.0,942.0,
12.0,14.0,44.0,45.0,120.0,133.0,137.0,138.0,141.0,159.0,159.0,162.0,177.0,188.0,188.0,192.0,194.0,203.0,205.0,228.0,228.0,242.0,256.0,264.0,292.0,306.0,363.0,387.0,414.0,446.0,487.0,533.0,584.0,608.0,625.0,645.0,674.0,703.0,714.0,734.0,784.0,792.0,794.0,822.0,837.0,843.0,851.0,876.0,896.0,919.0,928.0,929.0,947.0,960.0,971.0,971.0,977.0,978.0,
17.0,24.0,30.0,66.0,111.0,122.0,124.0,197.0,220.0,226.0,247.0,281.0,292.0,312.0,352.0,398.0,408.0,428.0,866.0,922.0,
3.0,68.0,105.0,126.0,139.0,178.0,190.0,213.0,241.0,250.0,254.0,293.0,308.0,316.0,337.0,372.0,444.0,474.0,484.0,
3.0,52.0,66.0,83.0,91.0,98.0,111.0,135.0,143.0,165.0,186.0,232.0,266.0,278.0,282.0,289.0,323.0,342.0,349.0,353.0,434.0,477.0,483.0,500.0,
21.0,46.0,87.0,102.0,243.0,255.0,259.0,273.0,294.0,304.0,319.0,456.0,
24.0,78.0,97.0,105.0,134.0,157.0,173.0,182.0,184.0,186.0,202.0,221.0,228.0,243.0,267.0,290.0,368.0,378.0,384.0,398.0,406.0,416.0,432.0,460.0,465.0,840.0,
2.0,4.0,54.0,109.0,132.0,142.0,177.0,236.0,247.0,265.0,332.0,383.0,395.0,412.0,454.0,468.0,493.0,519.0,599.0,602.0,642.0,669.0,693.0,703.0,783.0,814.0,849.0,868.0,882.0,887.0,907.0,909.0,941.0,944.0,964.0,
32.0,32.0,60.0,75.0,100.0,143.0,152.0,161.0,261.0,289.0,294.0,306.0,342.0,358.0,358.0,368.0,388.0,394.0,424.0,468.0,484.0,487.0,502.0,535.0,550.0,566.0,578.0,586.0,596.0,605.0,615.0,661.0,693.0,727.0,778.0,815.0,854.0,881.0,883.0,924.0,938.0,980.0,
68.0,71.0,113.0,154.0,179.0,193.0,203.0,208.0,223.0,227.0,279.0,324.0,339.0,342.0,344.0,369.0,500.0,547.0,565.0,584.0,589.0,676.0,792.0,804.0,834.0,894.0,905.0,917.0,947.0,
32.0,73.0,83.0,137.0,151.0,180.0,199.0,213.0,279.0,364.0,398.0,405.0,408.0,417.0,482.0,483.0,552.0,579.0,630.0,647.0,657.0,681.0,689.0,707.0,751.0,780.0,815.0,844.0,878.0,914.0,
11.0,11.0,41.0,124.0,153.0,175.0,220.0,245.0,302.0,323.0,323.0,331.0,368.0,409.0,416.0,423.0,436.0,459.0,474.0,478.0,490.0,510.0,513.0,558.0,559.0,567.0,587.0,628.0,631.0,647.0,651.0,668.0,703.0,711.0,732.0,763.0,810.0,815.0,822.0,824.0,825.0,826.0,856.0,886.0,891.0,934.0,955.0,994.0,
14.0,92.0,141.0,237.0,270.0,291.0,329.0,333.0,339.0,364.0,368.0,369.0,378.0,464.0,479.0,576.0,604.0,609.0,654.0,661.0,673.0,692.0,693.0,721.0,780.0,803.0,808.0,850.0,853.0,883.0,888.0,891.0,901.0,926.0,948.0,961.0,976.0,981.0,
39.0,55.0,77.0,86.0,101.0,115.0,123.0,206.0,221.0,229.0,230.0,232.0,257.0,268.0,300.0,326.0,333.0,402.0,481.0,503.0,703.0,902.0,935.0,949.0,978.0,995.0,
23.0,54.0,71.0,77.0,83.0,103.0,111.0,122.0,157.0,179.0,192.0,213.0,221.0,251.0,268.0,300.0,301.0,302.0,320.0,357.0,368.0,450.0,470.0,489.0,
16.0,66.0,78.0,95.0,188.0,189.0,194.0,222.0,225.0,235.0,262.0,302.0,351.0,362.0,378.0,384.0,389.0,426.0,437.0,513.0,654.0,664.0,826.0,852.0,919.0,929.0,994.0,
29.0,71.0,80.0,99.0,124.0,131.0,140.0,143.0,176.0,188.0,197.0,256.0,288.0,296.0,309.0,353.0,368.0,371.0,386.0,414.0,464.0,467.0,485.0,497.0,553.0,573.0,600.0,607.0,642.0,643.0,656.0,677.0,714.0,717.0,749.0,791.0,835.0,842.0,862.0,863.0,868.0,869.0,883.0,901.0,906.0,910.0,918.0,925.0,945.0,949.0,962.0,971.0,
17.0,53.0,59.0,80.0,87.0,179.0,281.0,299.0,307.0,369.0,419.0,441.0,462.0,540.0,558.0,580.0,592.0,594.0,621.0,622.0,649.0,681.0,684.0,690.0,699.0,700.0,732.0,742.0,766.0,769.0,776.0,794.0,816.0,837.0,838.0,840.0,900.0,923.0,
44.0,54.0,89.0,89.0,123.0,173.0,189.0,193.0,202.0,214.0,216.0,216.0,279.0,356.0,357.0,393.0,494.0,504.0,522.0,566.0,572.0,572.0,620.0,620.0,627.0,652.0,663.0,731.0,786.0,804.0,804.0,807.0,833.0,874.0,893.0,895.0,947.0,949.0,959.0,964.0,986.0,993.0,
35.0,46.0,48.0,50.0,101.0,153.0,164.0,177.0,182.0,223.0,263.0,264.0,336.0,344.0,356.0,401.0,425.0,463.0,465.0,475.0,554.0,589.0,601.0,605.0,673.0,680.0,709.0,742.0,753.0,820.0,877.0,890.0,923.0,
2.0,12.0,43.0,45.0,105.0,115.0,133.0,193.0,205.0,205.0,206.0,217.0,228.0,249.0,287.0,332.0,349.0,410.0,420.0,424.0,431.0,463.0,477.0,597.0,604.0,626.0,669.0,706.0,721.0,782.0,808.0,819.0,841.0,852.0,853.0,867.0,869.0,869.0,889.0,912.0,
58.0,76.0,84.0,87.0,95.0,141.0,146.0,156.0,174.0,196.0,209.0,222.0,316.0,341.0,396.0,471.0,490.0,500.0,522.0,567.0,592.0,593.0,597.0,647.0,662.0,706.0,710.0,733.0,744.0,779.0,783.0,806.0,827.0,864.0,
49.0,92.0,125.0,195.0,211.0,250.0,327.0,341.0,354.0,456.0,502.0,521.0,546.0,549.0,563.0,586.0,621.0,662.0,680.0,734.0,734.0,757.0,783.0,854.0,889.0,954.0,976.0,979.0,
9.0,34.0,51.0,52.0,57.0,87.0,130.0,135.0,147.0,150.0,156.0,195.0,345.0,355.0,372.0,393.0,413.0,417.0,442.0,466.0,543.0,558.0,566.0,592.0,602.0,676.0,676.0,683.0,690.0,705.0,718.0,722.0,723.0,730.0,737.0,770.0,771.0,785.0,787.0,805.0,808.0,872.0,873.0,877.0,995.0,
10.0,34.0,38.0,90.0,99.0,138.0,141.0,166.0,245.0,251.0,256.0,394.0,441.0,474.0,494.0,503.0,550.0,574.0,598.0,612.0,651.0,695.0,711.0,768.0,775.0,791.0,795.0,843.0,874.0,
51.0,52.0,61.0,107.0,146.0,175.0,185.0,213.0,220.0,272.0,277.0,295.0,339.0,350.0,387.0,411.0,439.0,456.0,473.0,538.0,573.0,583.0,619.0,636.0,637.0,666.0,682.0,745.0,811.0,862.0,925.0,948.0,975.0,999.0,
27.0,35.0,40.0,50.0,95.0,151.0,174.0,176.0,181.0,251.0,266.0,295.0,356.0,369.0,386.0,388.0,397.0,399.0,439.0,453.0,469.0,495.0,503.0,523.0,547.0,569.0,571.0,595.0,605.0,637.0,659.0,709.0,722.0,742.0,795.0,813.0,821.0,826.0,830.0,832.0,855.0,863.0,866.0,889.0,938.0,957.0,957.0,977.0,992.0,
16.0,49.0,88.0,273.0,273.0,287.0,333.0,334.0,339.0,343.0,360.0,387.0,397.0,397.0,403.0,445.0,496.0,518.0,550.0,603.0,609.0,631.0,695.0,812.0,837.0,850.0,852.0,866.0,915.0,968.0,974.0,976.0,980.0,996.0,
88.0,104.0,125.0,136.0,137.0,146.0,162.0,185.0,216.0,245.0,269.0,277.0,279.0,368.0,374.0,397.0,422.0,443.0,464.0,487.0,491.0,532.0,579.0,635.0,638.0,687.0,691.0,692.0,710.0,765.0,814.0,842.0,857.0,885.0,931.0,944.0,946.0,
