12.0,23.0,50.0,63.0,95.0,148.0,150.0,155.0,159.0,168.0,204.0,274.0,288.0,305.0,326.0,410.0,434.0,474.0,491.0,549.0,562.0,588.0,617.0,622.0,672.0,681.0,702.0,722.0,770.0,824.0,910.0,916.0,918.0,955.0,971.0,
20.0,28.0,79.0,116.0,126.0,128.0,165.0,177.0,241.0,248.0,272.0,311.0,332.0,335.0,354.0,362.0,404.0,457.0,471.0,561.0,584.0,614.0,646.0,666.0,668.0,696.0,811.0,819.0,832.0,879.0,890.0,931.0,958.0,958.0,
2.0,25.0,32.0,82.0,110.0,112.0,122.0,125.0,136.0,149.0,160.0,161.0,161.0,200.0,208.0,213.0,245.0,316.0,318.0,366.0,394.0,394.0,413.0,426.0,496.0,572.0,621.0,658.0,670.0,714.0,733.0,750.0,752.0,757.0,766.0,807.0,825.0,835.0,857.0,860.0,862.0,953.0,972.0,974.0,974.0,978.0,997.0,
5.0,66.0,78.0,94.0,128.0,196.0,213.0,270.0,294.0,377.0,436.0,441.0,452.0,503.0,522.0,533.0,579.0,584.0,610.0,669.0,715.0,735.0,787.0,816.0,865.0,906.0,931.0,992.0,
50.0,174.0,178.0,202.0,276.0,301.0,305.0,359.0,369.0,380.0,381.0,387.0,401.0,432.0,474.0,512.0,525.0,554.0,556.0,584.0,628.0,695.0,697.0,737.0,745.0,764.0,788.0,806.0,829.0,866.0,897.0,901.0,909.0,933.0,965.0,996.0,1000.0,
22.0,31.0,33.0,67.0,106.0,113.0,120.0,126.0,153.0,166.0,192.0,195.0,219.0,233.0,258.0,275.0,279.0,289.0,305.0,322.0,330.0,359.0,365.0,367.0,388.0,426.0,431.0,454.0,459.0,476.0,481.0,499.0,519.0,546.0,599.0,633.0,638.0,668.0,708.0,726.0,745.0,753.0,763.0,787.0,788.0,869.0,1000.0,
12.0,36.0,45.0,84.0,92.0,117.0,122.0,205.0,213.0,219.0,282.0,355.0,417.0,442.0,572.0,592.0,592.0,628.0,650.0,654.0,656.0,709.0,765.0,778.0,793.0,839.0,874.0,899.0,918.0,929.0,955.0,
62.0,69.0,71.0,138.0,172.0,182.0,217.0,221.0,228.0,231.0,235.0,240.0,241.0,258.0,293.0,297.0,302.0,317.0,337.0,360.0,376.0,444.0,454.0,493.0,634.0,638.0,658.0,671.0,671.0,700.0,743.0,748.0,753.0,767.0,770.0,784.0,807.0,813.0,859.0,865.0,901.0,905.0,908.0,958.0,992.0,
3.0,11.0,48.0,58.0,114.0,128.0,141.0,163.0,169.0,183.0,188.0,246.0,282.0,301.0,347.0,379.0,381.0,476.0,532.0,601.0,672.0,682.0,699.0,702.0,722.0,751.0,760.0,787.0,789.0,828.0,861.0,893.0,919.0,936.0,
47.0,76.0,84.0,86.0,108.0,112.0,128.0,134.0,150.0,169.0,184.0,197.0,220.0,221.0,231.0,334.0,512.0,553.0,625.0,634.0,655.0,661.0,669.0,801.0,816.0,880.0,
7.0,14.0,28.0,40.0,61.0,76.0,110.0,174.0,199.0,219.0,230.0,243.0,251.0,276.0,293.0,323.0,358.0,382.0,384.0,455.0,504.0,534.0,535.0,622.0,626.0,640.0,667.0,713.0,721.0,734.0,741.0,748.0,782.0,786.0,809.0,856.0,890.0,934.0,942.0,964.0,983.0,
4.0,8.0,28.0,35.0,96.0,104.0,133.0,137.0,149.0,162.0,237.0,264.0,265.0,276.0,291.0,301.0,313.0,318.0,381.0,392.0,414.0,490.0,527.0,532.0,570.0,584.0,612.0,638.0,642.0,688.0,711.0,730.0,771.0,818.0,828.0,862.0,872.0,914.0,928.0,999.0,1000.0,
68.0,139.0,142.0,145.0,201.0,202.0,204.0,214.0,230.0,243.0,245.0,250.0,250.0,254.0,267.0,308.0,390.0,467.0,474.0,535.0,540.0,555.0,574.0,587.0,587.0,620.0,632.0,673.0,701.0,716.0,754.0,826.0,852.0,861.0,862.0,869.0,910.0,924.0,927.0,949.0,956.0,979.0,985.0,
49.0,65.0,102.0,105.0,121.0,183.0,194.0,227.0,235.0,380.0,454.0,461.0,492.0,515.0,569.0,589.0,595.0,603.0,626.0,641.0,642.0,654.0,677.0,678.0,681.0,691.0,702.0,757.0,803.0,803.0,807.0,816.0,837.0,865.0,927.0,927.0,971.0,972.0,998.0,
21.0,108.0,125.0,168.0,184.0,236.0,314.0,330.0,333.0,336.0,356.0,359.0,378.0,420.0,465.0,511.0,530.0,561.0,643.0,656.0,683.0,688.0,697.0,728.0,740.0,748.0,758.0,776.0,806.0,816.0,823.0,831.0,848.0,850.0,873.0,899.0,901.0,909.0,911.0,918.0,920.0,927.0,943.0,951.0,977.0,
67.0,116.0,124.0,149.0,152.0,155.0,205.0,225.0,288.0,295.0,318.0,326.0,354.0,364.0,369.0,404.0,530.0,555.0,627.0,630.0,638.0,674.0,687.0,696.0,700.0,767.0,840.0,885.0,890.0,894.0,895.0,897.0,929.0,957.0,959.0,962.0,970.0,973.0,1000.0,
3.0,14.0,19.0,21.0,78.0,110.0,136.0,155.0,195.0,220.0,233.0,237.0,300.0,310.0,366.0,454.0,464.0,476.0,493.0,509.0,524.0,533.0,584.0,631.0,636.0,638.0,648.0,652.0,652.0,676.0,710.0,749.0,755.0,767.0,791.0,804.0,806.0,833.0,961.0,972.0,973.0,
2.0,95.0,108.0,127.0,134.0,149.0,166.0,216.0,234.0,272.0,292.0,348.0,352.0,415.0,482.0,491.0,585.0,596.0,606.0,613.0,624.0,642.0,655.0,659.0,676.0,682.0,754.0,779.0,781.0,788.0,843.0,867.0,885.0,942.0,984.0,
2.0,10.0,21.0,60.0,78.0,117.0,132.0,147.0,166.0,213.0,225.0,236.0,248.0,255.0,327.0,382.0,499.0,546.0,558.0,560.0,574.0,612.0,626.0,643.0,701.0,713.0,717.0,763.0,795.0,801.0,815.0,843.0,844.0,845.0,849.0,865.0,866.0,908.0,948.0,972.0,975.0,
43.0,62.0,68.0,72.0,88.0,104.0,106.0,121.0,128.0,135.0,173.0,189.0,207.0,263.0,263.0,273.0,332.0,372.0,407.0,446.0,474.0,487.0,505.0,514.0,547.0,563.0,563.0,640.0,660.0,698.0,702.0,761.0,761.0,764.0,773.0,776.0,854.0,932.0,973.0,
2.0,21.0,27.0,65.0,109.0,117.0,208.0,290.0,334.0,382.0,401.0,431.0,454.0,501.0,510.0,544.0,561.0,684.0,702.0,731.0,732.0,787.0,799.0,801.0,812.0,847.0,860.0,870.0,899.0,906.0,909.0,927.0,931.0,979.0,980.0,983.0,984.0,
12.0,24.0,28.0,33.0,83.0,102.0,131.0,175.0,184.0,187.0,220.0,251.0,268.0,330.0,346.0,360.0,399.0,411.0,493.0,505.0,546.0,565.0,593.0,594.0,644.0,651.0,676.0,700.0,731.0,738.0,759.0,761.0,766.0,773.0,783.0,810.0,865.0,894.0,895.0,
194.0,227.0,309.0,350.0,359.0,371.0,411.0,448.0,502.0,517.0,541.0,557.0,578.0,591.0,591.0,593.0,604.0,611.0,625.0,633.0,713.0,769.0,809.0,811.0,822.0,844.0,855.0,904.0,912.0,921.0,942.0,950.0,952.0,953.0,963.0,
39.0,116.0,133.0,158.0,167.0,190.0,200.0,213.0,216.0,239.0,286.0,297.0,331.0,362.0,378.0,398.0,488.0,493.0,550.0,567.0,571.0,575.0,603.0,609.0,680.0,707.0,714.0,724.0,756.0,774.0,774.0,791.0,801.0,819.0,825.0,858.0,869.0,878.0,883.0,889.0,946.0,973.0,990.0,
9.0,67.0,73.0,102.0,127.0,137.0,183.0,244.0,283.0,371.0,394.0,469.0,477.0,619.0,736.0,863.0,924.0,995.0,
8.0,27.0,36.0,37.0,83.0,89.0,89.0,181.0,238.0,247.0,276.0,281.0,319.0,328.0,360.0,361.0,363.0,394.0,411.0,468.0,493.0,512.0,813.0,921.0,966.0,997.0,
28.0,34.0,56.0,75.0,80.0,133.0,152.0,159.0,239.0,264.0,281.0,293.0,315.0,315.0,330.0,335.0,365.0,378.0,379.0,395.0,412.0,440.0,451.0,458.0,476.0,702.0,781.0,843.0,903.0,911.0,963.0,
35.0,43.0,66.0,98.0,121.0,142.0,152.0,244.0,280.0,311.0,333.0,371.0,380.0,422.0,426.0,436.0,443.0,445.0,454.0,483.0,501.0,505.0,556.0,625.0,635.0,635.0,648.0,649.0,679.0,692.0,700.0,733.0,738.0,764.0,764.0,791.0,800.0,815.0,851.0,857.0,899.0,906.0,922.0,936.0,970.0,976.0,976.0,977.0,
25.0,59.0,96.0,127.0,153.0,161.0,228.0,230.0,265.0,289.0,306.0,306.0,308.0,321.0,324.0,381.0,389.0,412.0,430.0,458.0,479.0,615.0,631.0,641.0,695.0,698.0,699.0,704.0,704.0,716.0,717.0,735.0,740.0,745.0,753.0,823.0,828.0,836.0,857.0,920.0,922.0,932.0,956.0,977.0,979.0,
66.0,98.0,109.0,198.0,202.0,214.0,231.0,236.0,240.0,321.0,330.0,352.0,375.0,458.0,466.0,512.0,527.0,534.0,555.0,563.0,569.0,605.0,637.0,644.0,673.0,675.0,676.0,680.0,697.0,713.0,715.0,731.0,786.0,788.0,810.0,846.0,857.0,873.0,889.0,903.0,907.0,954.0,962.0,981.0,981.0,990.0,1000.0,
65.0,72.0,142.0,186.0,193.0,201.0,229.0,283.0,307.0,334.0,340.0,368.0,392.0,394.0,398.0,444.0,452.0,476.0,487.0,491.0,517.0,531.0,614.0,685.0,729.0,742.0,762.0,807.0,838.0,852.0,856.0,868.0,869.0,879.0,892.0,913.0,953.0,997.0,
50.0,63.0,80.0,121.0,173.0,214.0,294.0,309.0,318.0,348.0,360.0,377.0,380.0,387.0,399.0,404.0,419.0,422.0,423.0,441.0,449.0,517.0,614.0,637.0,662.0,680.0,786.0,789.0,872.0,960.0,968.0,973.0,993.0,
14.0,34.0,38.0,45.0,81.0,84.0,93.0,121.0,123.0,142.0,157.0,188.0,198.0,201.0,203.0,262.0,304.0,316.0,370.0,411.0,415.0,431.0,454.0,487.0,489.0,515.0,591.0,626.0,640.0,643.0,644.0,685.0,725.0,745.0,750.0,777.0,784.0,841.0,847.0,848.0,913.0,936.0,943.0,991.0,
20.0,40.0,48.0,78.0,81.0,220.0,241.0,276.0,298.0,301.0,339.0,343.0,345.0,360.0,431.0,443.0,455.0,469.0,479.0,
5.0,18.0,58.0,68.0,90.0,93.0,96.0,127.0,154.0,155.0,172.0,309.0,327.0,339.0,380.0,388.0,407.0,421.0,423.0,452.0,471.0,485.0,499.0,
52.0,113.0,211.0,217.0,252.0,264.0,273.0,344.0,381.0,470.0,
2.0,70.0,156.0,195.0,205.0,224.0,233.0,247.0,258.0,301.0,332.0,336.0,351.0,353.0,400.0,417.0,431.0,438.0,440.0,442.0,499.0,510.0,
21.0,73.0,95.0,112.0,113.0,128.0,141.0,141.0,189.0,229.0,268.0,276.0,288.0,314.0,314.0,315.0,348.0,405.0,408.0,431.0,472.0,488.0,916.0,
16.0,44.0,96.0,100.0,158.0,218.0,278.0,301.0,308.0,319.0,358.0,377.0,443.0,449.0,449.0,502.0,555.0,564.0,602.0,635.0,643.0,678.0,728.0,734.0,789.0,822.0,836.0,864.0,886.0,937.0,967.0,
6.0,23.0,70.0,90.0,105.0,144.0,158.0,301.0,314.0,363.0,396.0,430.0,499.0,660.0,664.0,668.0,674.0,681.0,686.0,698.0,756.0,761.0,768.0,771.0,815.0,829.0,843.0,886.0,923.0,928.0,935.0,986.0,998.0,
4.0,9.0,59.0,166.0,202.0,283.0,317.0,331.0,350.0,350.0,364.0,421.0,428.0,447.0,478.0,478.0,496.0,504.0,542.0,542.0,546.0,586.0,686.0,719.0,742.0,773.0,789.0,810.0,829.0,868.0,874.0,922.0,966.0,978.0,993.0,995.0,
23.0,167.0,186.0,189.0,189.0,195.0,204.0,214.0,224.0,253.0,297.0,298.0,317.0,345.0,346.0,405.0,447.0,449.0,467.0,469.0,478.0,479.0,515.0,523.0,524.0,534.0,585.0,613.0,622.0,697.0,766.0,779.0,815.0,821.0,826.0,834.0,931.0,987.0,990.0,992.0,
19.0,86.0,224.0,228.0,229.0,250.0,265.0,279.0,324.0,404.0,414.0,464.0,478.0,494.0,685.0,719.0,724.0,725.0,753.0,781.0,838.0,871.0,894.0,901.0,905.0,930.0,957.0,969.0,988.0,998.0,
3.0,54.0,57.0,130.0,132.0,173.0,182.0,208.0,230.0,252.0,278.0,284.0,294.0,316.0,369.0,386.0,471.0,472.0,474.0,
15.0,31.0,35.0,81.0,117.0,162.0,168.0,247.0,251.0,315.0,344.0,381.0,415.0,829.0,911.0,
13.0,19.0,47.0,64.0,77.0,81.0,105.0,113.0,143.0,146.0,167.0,170.0,176.0,183.0,189.0,211.0,218.0,240.0,253.0,301.0,364.0,389.0,409.0,413.0,417.0,419.0,420.0,476.0,786.0,843.0,903.0,926.0,950.0,1000.0,
14.0,23.0,49.0,71.0,78.0,80.0,198.0,205.0,334.0,370.0,400.0,413.0,861.0,904.0,
27.0,44.0,53.0,60.0,71.0,86.0,114.0,135.0,136.0,148.0,150.0,171.0,220.0,259.0,322.0,331.0,345.0,422.0,433.0,482.0,
13.0,21.0,21.0,110.0,115.0,119.0,126.0,174.0,184.0,223.0,271.0,272.0,319.0,353.0,364.0,376.0,400.0,407.0,408.0,411.0,435.0,443.0,449.0,461.0,491.0,737.0,803.0,830.0,862.0,876.0,897.0,956.0,995.0,
25.0,128.0,145.0,159.0,164.0,195.0,216.0,251.0,254.0,288.0,325.0,356.0,362.0,365.0,390.0,396.0,466.0,499.0,545.0,545.0,548.0,562.0,564.0,607.0,624.0,630.0,632.0,659.0,667.0,672.0,690.0,703.0,736.0,772.0,782.0,820.0,828.0,828.0,847.0,851.0,867.0,890.0,893.0,898.0,919.0,946.0,948.0,949.0,988.0,
5.0,44.0,65.0,181.0,242.0,250.0,262.0,283.0,295.0,313.0,313.0,369.0,397.0,423.0,452.0,457.0,460.0,479.0,489.0,528.0,567.0,616.0,646.0,693.0,693.0,727.0,728.0,730.0,734.0,754.0,756.0,789.0,808.0,829.0,836.0,838.0,842.0,858.0,880.0,993.0,
9.0,46.0,47.0,49.0,141.0,157.0,180.0,230.0,274.0,296.0,321.0,333.0,367.0,368.0,412.0,431.0,462.0,474.0,475.0,498.0,516.0,525.0,540.0,589.0,607.0,671.0,680.0,689.0,689.0,711.0,712.0,751.0,758.0,782.0,816.0,825.0,905.0,936.0,948.0,
7.0,17.0,51.0,78.0,122.0,130.0,167.0,189.0,210.0,215.0,274.0,291.0,296.0,319.0,333.0,443.0,497.0,783.0,872.0,935.0,
15.0,50.0,89.0,100.0,110.0,119.0,158.0,226.0,260.0,272.0,283.0,294.0,299.0,321.0,325.0,338.0,344.0,366.0,368.0,368.0,393.0,398.0,429.0,453.0,462.0,471.0,496.0,
10.0,44.0,58.0,108.0,230.0,235.0,239.0,249.0,253.0,272.0,313.0,372.0,394.0,408.0,423.0,447.0,504.0,
8.0,38.0,39.0,116.0,165.0,189.0,231.0,255.0,282.0,285.0,313.0,339.0,375.0,404.0,417.0,924.0,927.0,931.0,937.0,957.0,961.0,983.0,
79.0,88.0,129.0,132.0,170.0,179.0,185.0,244.0,253.0,287.0,296.0,301.0,315.0,320.0,322.0,352.0,377.0,399.0,487.0,502.0,746.0,838.0,839.0,851.0,858.0,893.0,974.0,
9.0,48.0,62.0,68.0,70.0,114.0,135.0,144.0,146.0,193.0,199.0,252.0,427.0,445.0,478.0,
22.0,149.0,163.0,164.0,210.0,272.0,281.0,283.0,320.0,360.0,365.0,422.0,459.0,835.0,845.0,866.0,871.0,
22.0,33.0,59.0,103.0,115.0,124.0,137.0,142.0,152.0,154.0,176.0,320.0,321.0,323.0,324.0,389.0,398.0,410.0,435.0,439.0,466.0,500.0,546.0,586.0,590.0,630.0,638.0,645.0,646.0,670.0,722.0,727.0,731.0,745.0,884.0,921.0,925.0,
29.0,34.0,77.0,83.0,109.0,126.0,206.0,252.0,350.0,352.0,429.0,450.0,451.0,453.0,456.0,469.0,474.0,476.0,500.0,521.0,540.0,558.0,598.0,618.0,651.0,696.0,723.0,724.0,734.0,752.0,759.0,762.0,768.0,831.0,844.0,855.0,872.0,889.0,889.0,944.0,945.0,987.0,
16.0,51.0,113.0,169.0,169.0,220.0,229.0,260.0,261.0,287.0,306.0,311.0,341.0,390.0,397.0,417.0,440.0,445.0,462.0,499.0,518.0,536.0,544.0,554.0,559.0,563.0,568.0,576.0,582.0,589.0,620.0,653.0,799.0,816.0,823.0,868.0,882.0,925.0,954.0,954.0,996.0,
79.0,101.0,169.0,201.0,208.0,274.0,416.0,428.0,434.0,458.0,484.0,504.0,718.0,816.0,845.0,907.0,907.0,913.0,
3.0,17.0,20.0,37.0,40.0,56.0,70.0,70.0,80.0,98.0,119.0,123.0,126.0,158.0,175.0,217.0,217.0,225.0,236.0,238.0,240.0,252.0,257.0,274.0,320.0,352.0,381.0,392.0,398.0,411.0,478.0,494.0,
3.0,3.0,5.0,49.0,61.0,89.0,118.0,145.0,170.0,181.0,269.0,300.0,351.0,376.0,398.0,409.0,464.0,466.0,499.0,504.0,824.0,
6.0,44.0,155.0,211.0,212.0,259.0,269.0,276.0,291.0,348.0,365.0,421.0,435.0,477.0,929.0,
6.0,60.0,73.0,80.0,86.0,95.0,99.0,123.0,163.0,172.0,224.0,270.0,340.0,341.0,370.0,375.0,419.0,439.0,451.0,467.0,490.0,841.0,
11.0,32.0,167.0,174.0,175.0,218.0,226.0,232.0,244.0,270.0,286.0,358.0,365.0,381.0,460.0,494.0,501.0,
68.0,108.0,113.0,138.0,164.0,226.0,275.0,282.0,314.0,338.0,352.0,429.0,440.0,446.0,472.0,662.0,711.0,750.0,898.0,931.0,937.0,990.0,
7.0,11.0,37.0,91.0,106.0,117.0,145.0,253.0,273.0,310.0,327.0,407.0,466.0,517.0,555.0,597.0,665.0,693.0,699.0,718.0,720.0,740.0,766.0,776.0,798.0,814.0,847.0,860.0,873.0,900.0,956.0,986.0,
19.0,110.0,144.0,147.0,185.0,245.0,248.0,272.0,276.0,385.0,456.0,522.0,540.0,636.0,647.0,653.0,678.0,693.0,705.0,732.0,737.0,782.0,784.0,808.0,866.0,897.0,901.0,945.0,985.0,
2.0,45.0,48.0,56.0,57.0,76.0,94.0,149.0,161.0,161.0,208.0,243.0,303.0,310.0,315.0,326.0,347.0,353.0,450.0,557.0,582.0,624.0,629.0,634.0,642.0,647.0,649.0,667.0,684.0,707.0,709.0,735.0,749.0,759.0,764.0,783.0,812.0,814.0,843.0,868.0,957.0,977.0,995.0,
40.0,51.0,83.0,84.0,85.0,208.0,258.0,286.0,342.0,344.0,357.0,362.0,475.0,547.0,580.0,581.0,618.0,642.0,679.0,689.0,708.0,716.0,726.0,735.0,751.0,771.0,798.0,853.0,858.0,892.0,920.0,931.0,933.0,971.0,972.0,976.0,986.0,988.0,
3.0,33.0,40.0,48.0,56.0,67.0,120.0,175.0,180.0,237.0,261.0,263.0,282.0,305.0,361.0,367.0,412.0,428.0,495.0,509.0,966.0,
48.0,112.0,135.0,154.0,155.0,175.0,189.0,289.0,303.0,309.0,328.0,339.0,341.0,357.0,377.0,388.0,411.0,429.0,444.0,455.0,471.0,501.0,
30.0,71.0,78.0,85.0,168.0,174.0,245.0,287.0,383.0,389.0,401.0,403.0,447.0,462.0,463.0,
10.0,15.0,45.0,104.0,146.0,152.0,225.0,226.0,228.0,239.0,254.0,305.0,306.0,332.0,338.0,347.0,349.0,366.0,387.0,407.0,411.0,433.0,450.0,462.0,485.0,495.0,
17.0,25.0,33.0,40.0,40.0,46.0,63.0,87.0,118.0,175.0,199.0,210.0,247.0,273.0,286.0,287.0,293.0,294.0,308.0,332.0,387.0,407.0,493.0,
22.0,41.0,51.0,55.0,62.0,99.0,135.0,168.0,190.0,223.0,247.0,271.0,336.0,418.0,427.0,432.0,457.0,481.0,572.0,597.0,616.0,645.0,742.0,744.0,745.0,762.0,771.0,780.0,807.0,810.0,858.0,907.0,935.0,947.0,950.0,978.0,991.0,
9.0,49.0,52.0,92.0,105.0,123.0,202.0,274.0,288.0,308.0,320.0,352.0,439.0,448.0,450.0,458.0,474.0,487.0,524.0,544.0,565.0,574.0,584.0,600.0,601.0,607.0,693.0,720.0,736.0,764.0,778.0,789.0,834.0,847.0,870.0,884.0,918.0,966.0,
12.0,21.0,57.0,59.0,68.0,81.0,85.0,122.0,133.0,173.0,184.0,237.0,244.0,257.0,341.0,394.0,436.0,436.0,443.0,447.0,462.0,466.0,491.0,498.0,499.0,526.0,554.0,560.0,562.0,583.0,697.0,728.0,752.0,832.0,840.0,857.0,885.0,952.0,964.0,998.0,
8.0,82.0,102.0,145.0,158.0,179.0,198.0,217.0,277.0,301.0,306.0,328.0,349.0,358.0,367.0,375.0,381.0,410.0,473.0,512.0,536.0,553.0,590.0,604.0,625.0,715.0,739.0,763.0,774.0,779.0,850.0,864.0,887.0,901.0,
31.0,84.0,91.0,103.0,138.0,204.0,205.0,223.0,250.0,265.0,332.0,356.0,392.0,436.0,436.0,453.0,491.0,510.0,623.0,645.0,678.0,699.0,703.0,761.0,761.0,789.0,828.0,871.0,888.0,888.0,923.0,977.0,
31.0,65.0,74.0,142.0,154.0,168.0,217.0,218.0,312.0,404.0,421.0,435.0,446.0,461.0,470.0,473.0,481.0,510.0,516.0,612.0,638.0,645.0,657.0,731.0,773.0,783.0,827.0,904.0,930.0,935.0,939.0,971.0,991.0,
2.0,30.0,38.0,79.0,119.0,170.0,176.0,177.0,203.0,205.0,284.0,299.0,319.0,329.0,330.0,365.0,365.0,371.0,396.0,449.0,490.0,494.0,705.0,708.0,805.0,836.0,868.0,878.0,912.0,922.0,953.0,999.0,
19.0,39.0,67.0,83.0,94.0,151.0,159.0,230.0,230.0,312.0,324.0,377.0,404.0,447.0,472.0,495.0,495.0,503.0,787.0,873.0,899.0,909.0,945.0,961.0,
5.0,18.0,28.0,45.0,75.0,89.0,116.0,117.0,143.0,143.0,153.0,177.0,287.0,323.0,329.0,345.0,377.0,421.0,426.0,437.0,460.0,465.0,708.0,750.0,769.0,814.0,819.0,934.0,956.0,956.0,969.0,991.0,
8.0,40.0,112.0,167.0,203.0,272.0,285.0,301.0,308.0,312.0,343.0,352.0,451.0,493.0,510.0,561.0,616.0,626.0,626.0,650.0,664.0,753.0,760.0,767.0,803.0,804.0,815.0,824.0,839.0,848.0,855.0,867.0,869.0,891.0,903.0,910.0,935.0,950.0,950.0,
41.0,54.0,66.0,99.0,101.0,107.0,149.0,219.0,226.0,276.0,288.0,364.0,369.0,400.0,407.0,448.0,452.0,463.0,528.0,547.0,568.0,591.0,626.0,687.0,698.0,706.0,750.0,781.0,791.0,859.0,873.0,881.0,904.0,911.0,945.0,957.0,964.0,966.0,972.0,993.0,
50.0,86.0,125.0,129.0,130.0,135.0,196.0,251.0,324.0,346.0,363.0,403.0,406.0,424.0,447.0,465.0,472.0,486.0,494.0,502.0,547.0,553.0,635.0,645.0,729.0,732.0,753.0,786.0,827.0,834.0,840.0,878.0,912.0,981.0,
28.0,73.0,84.0,130.0,135.0,158.0,186.0,220.0,303.0,331.0,348.0,375.0,391.0,407.0,417.0,430.0,436.0,443.0,447.0,475.0,493.0,494.0,511.0,615.0,634.0,636.0,649.0,655.0,658.0,685.0,687.0,751.0,764.0,845.0,858.0,872.0,919.0,934.0,941.0,965.0,971.0,
6.0,70.0,96.0,102.0,124.0,133.0,161.0,242.0,247.0,325.0,352.0,409.0,422.0,441.0,531.0,560.0,592.0,592.0,616.0,726.0,734.0,736.0,738.0,752.0,769.0,839.0,843.0,848.0,876.0,894.0,940.0,991.0,
4.0,23.0,37.0,58.0,68.0,102.0,106.0,112.0,165.0,207.0,210.0,252.0,276.0,278.0,292.0,349.0,363.0,374.0,398.0,401.0,449.0,493.0,497.0,536.0,545.0,575.0,575.0,582.0,614.0,614.0,648.0,710.0,743.0,745.0,772.0,782.0,789.0,795.0,813.0,828.0,836.0,900.0,910.0,967.0,972.0,989.0,996.0,999.0,
14.0,58.0,84.0,94.0,116.0,119.0,135.0,141.0,188.0,261.0,262.0,276.0,292.0,292.0,313.0,328.0,341.0,378.0,381.0,475.0,499.0,531.0,542.0,562.0,570.0,600.0,647.0,680.0,740.0,743.0,757.0,775.0,807.0,821.0,823.0,908.0,912.0,975.0,977.0,994.0,999.0,
24.0,39.0,42.0,49.0,60.0,86.0,116.0,150.0,199.0,211.0,252.0,263.0,280.0,311.0,315.0,414.0,432.0,491.0,522.0,539.0,550.0,557.0,561.0,563.0,573.0,632.0,659.0,666.0,692.0,719.0,727.0,778.0,789.0,791.0,819.0,829.0,850.0,866.0,918.0,921.0,924.0,934.0,945.0,957.0,983.0,997.0,
53.0,76.0,87.0,192.0,213.0,230.0,230.0,258.0,277.0,290.0,298.0,308.0,311.0,320.0,390.0,442.0,449.0,454.0,505.0,537.0,539.0,590.0,595.0,596.0,616.0,621.0,632.0,644.0,647.0,655.0,662.0,708.0,721.0,742.0,759.0,768.0,793.0,805.0,854.0,870.0,870.0,875.0,889.0,891.0,895.0,934.0,940.0,959.0,972.0,978.0,984.0,996.0,
35.0,47.0,56.0,82.0,83.0,89.0,104.0,108.0,135.0,138.0,140.0,142.0,176.0,183.0,268.0,288.0,299.0,343.0,364.0,374.0,394.0,418.0,426.0,470.0,511.0,528.0,598.0,641.0,651.0,656.0,665.0,670.0,677.0,723.0,773.0,778.0,844.0,854.0,871.0,891.0,909.0,946.0,946.0,971.0,
31.0,46.0,94.0,97.0,107.0,117.0,149.0,150.0,159.0,161.0,170.0,231.0,239.0,253.0,339.0,352.0,357.0,379.0,434.0,439.0,466.0,486.0,506.0,619.0,636.0,702.0,733.0,764.0,773.0,840.0,887.0,893.0,907.0,911.0,942.0,
13.0,72.0,81.0,87.0,158.0,175.0,282.0,285.0,317.0,355.0,372.0,378.0,388.0,416.0,445.0,482.0,616.0,660.0,667.0,679.0,790.0,803.0,823.0,839.0,859.0,889.0,914.0,921.0,960.0,972.0,998.0,
73.0,108.0,116.0,124.0,127.0,178.0,192.0,193.0,198.0,212.0,249.0,265.0,346.0,369.0,414.0,417.0,420.0,469.0,471.0,487.0,493.0,499.0,554.0,563.0,574.0,580.0,581.0,631.0,649.0,657.0,672.0,677.0,750.0,782.0,807.0,840.0,849.0,854.0,867.0,984.0,
