17.0,55.0,69.0,97.0,119.0,187.0,204.0,212.0,219.0,282.0,308.0,352.0,413.0,417.0,420.0,422.0,431.0,450.0,494.0,509.0,562.0,575.0,621.0,628.0,710.0,716.0,738.0,793.0,803.0,808.0,960.0,973.0,974.0,
12.0,22.0,52.0,106.0,137.0,165.0,189.0,198.0,246.0,246.0,264.0,274.0,290.0,315.0,342.0,350.0,358.0,398.0,398.0,420.0,427.0,437.0,466.0,503.0,519.0,529.0,561.0,592.0,592.0,600.0,643.0,647.0,651.0,653.0,675.0,714.0,748.0,853.0,984.0,986.0,
37.0,70.0,99.0,119.0,143.0,248.0,300.0,363.0,377.0,390.0,394.0,406.0,430.0,431.0,438.0,470.0,474.0,476.0,504.0,527.0,576.0,655.0,741.0,742.0,782.0,812.0,853.0,885.0,911.0,937.0,953.0,
65.0,97.0,137.0,157.0,188.0,226.0,254.0,336.0,358.0,490.0,534.0,544.0,567.0,581.0,591.0,598.0,621.0,623.0,625.0,631.0,638.0,668.0,680.0,810.0,831.0,837.0,839.0,858.0,952.0,
68.0,118.0,131.0,146.0,155.0,207.0,214.0,243.0,293.0,336.0,344.0,372.0,433.0,435.0,437.0,443.0,504.0,575.0,629.0,635.0,687.0,743.0,776.0,782.0,795.0,797.0,860.0,869.0,895.0,900.0,903.0,920.0,954.0,971.0,990.0,
2.0,27.0,32.0,71.0,100.0,101.0,104.0,112.0,182.0,239.0,247.0,262.0,266.0,377.0,383.0,385.0,409.0,454.0,489.0,504.0,551.0,562.0,580.0,616.0,642.0,647.0,674.0,697.0,732.0,760.0,764.0,804.0,805.0,892.0,900.0,901.0,904.0,910.0,935.0,938.0,947.0,981.0,995.0,
18.0,31.0,36.0,59.0,61.0,62.0,68.0,84.0,104.0,107.0,109.0,115.0,134.0,141.0,165.0,170.0,205.0,214.0,223.0,225.0,235.0,245.0,254.0,256.0,268.0,374.0,413.0,480.0,537.0,578.0,637.0,689.0,693.0,711.0,729.0,738.0,741.0,746.0,789.0,849.0,858.0,872.0,879.0,890.0,921.0,946.0,992.0,
9.0,28.0,85.0,88.0,106.0,135.0,156.0,157.0,171.0,175.0,188.0,226.0,273.0,290.0,293.0,298.0,323.0,338.0,366.0,371.0,372.0,417.0,430.0,444.0,543.0,572.0,578.0,607.0,612.0,635.0,643.0,647.0,664.0,702.0,706.0,714.0,730.0,749.0,769.0,769.0,782.0,801.0,814.0,898.0,930.0,933.0,950.0,958.0,964.0,975.0,
20.0,85.0,112.0,130.0,247.0,254.0,262.0,296.0,320.0,423.0,433.0,447.0,452.0,453.0,455.0,459.0,482.0,565.0,588.0,605.0,619.0,636.0,683.0,691.0,703.0,735.0,744.0,753.0,841.0,864.0,886.0,938.0,941.0,976.0,
15.0,62.0,91.0,116.0,146.0,164.0,189.0,231.0,236.0,257.0,272.0,290.0,392.0,446.0,477.0,516.0,517.0,518.0,544.0,549.0,569.0,583.0,593.0,615.0,651.0,669.0,676.0,712.0,780.0,786.0,855.0,862.0,907.0,922.0,923.0,942.0,967.0,970.0,978.0,978.0,
20.0,26.0,74.0,95.0,177.0,182.0,222.0,242.0,305.0,472.0,523.0,562.0,619.0,628.0,684.0,697.0,726.0,742.0,762.0,768.0,887.0,926.0,972.0,975.0,979.0,986.0,
38.0,77.0,98.0,104.0,106.0,150.0,155.0,162.0,180.0,183.0,212.0,218.0,221.0,276.0,308.0,335.0,338.0,366.0,405.0,406.0,450.0,530.0,549.0,567.0,577.0,590.0,643.0,662.0,663.0,677.0,703.0,729.0,751.0,771.0,828.0,860.0,865.0,930.0,941.0,949.0,
7.0,12.0,14.0,36.0,84.0,118.0,161.0,226.0,241.0,258.0,307.0,319.0,340.0,341.0,377.0,387.0,414.0,414.0,417.0,423.0,429.0,435.0,559.0,596.0,660.0,672.0,688.0,690.0,796.0,807.0,886.0,938.0,962.0,988.0,993.0,
4.0,9.0,44.0,51.0,52.0,69.0,71.0,93.0,110.0,139.0,145.0,161.0,173.0,198.0,205.0,288.0,303.0,309.0,321.0,326.0,331.0,411.0,432.0,459.0,514.0,518.0,559.0,570.0,604.0,669.0,708.0,734.0,747.0,753.0,755.0,799.0,812.0,869.0,879.0,885.0,910.0,931.0,932.0,951.0,998.0,
2.0,98.0,100.0,119.0,133.0,167.0,170.0,262.0,264.0,302.0,312.0,323.0,373.0,385.0,455.0,477.0,478.0,492.0,531.0,557.0,594.0,596.0,607.0,663.0,689.0,700.0,717.0,724.0,803.0,810.0,816.0,818.0,846.0,847.0,896.0,899.0,920.0,936.0,938.0,942.0,944.0,960.0,964.0,981.0,1000.0,
146.0,194.0,214.0,270.0,273.0,293.0,304.0,326.0,381.0,389.0,424.0,424.0,481.0,523.0,533.0,548.0,551.0,558.0,605.0,615.0,629.0,648.0,673.0,680.0,704.0,728.0,728.0,784.0,824.0,853.0,857.0,863.0,864.0,887.0,894.0,902.0,913.0,947.0,951.0,952.0,954.0,986.0,986.0,991.0,998.0,
8.0,49.0,54.0,68.0,73.0,128.0,161.0,176.0,201.0,279.0,280.0,288.0,422.0,425.0,589.0,591.0,617.0,637.0,652.0,679.0,682.0,701.0,707.0,714.0,737.0,766.0,768.0,775.0,819.0,872.0,905.0,912.0,919.0,934.0,980.0,
68.0,87.0,160.0,300.0,306.0,326.0,342.0,500.0,501.0,574.0,605.0,674.0,713.0,745.0,758.0,762.0,780.0,786.0,839.0,839.0,846.0,878.0,882.0,934.0,961.0,985.0,987.0,
8.0,42.0,77.0,100.0,121.0,133.0,187.0,204.0,215.0,280.0,283.0,289.0,359.0,395.0,437.0,470.0,485.0,502.0,505.0,540.0,592.0,646.0,656.0,711.0,725.0,731.0,763.0,780.0,790.0,794.0,822.0,831.0,865.0,892.0,908.0,974.0,
6.0,22.0,74.0,118.0,131.0,146.0,146.0,159.0,169.0,196.0,204.0,218.0,228.0,231.0,281.0,330.0,345.0,383.0,453.0,461.0,480.0,499.0,534.0,539.0,662.0,665.0,674.0,675.0,690.0,718.0,735.0,786.0,796.0,808.0,811.0,831.0,853.0,864.0,
27.0,33.0,47.0,113.0,133.0,138.0,153.0,167.0,189.0,210.0,215.0,241.0,257.0,276.0,306.0,312.0,313.0,330.0,354.0,358.0,400.0,434.0,435.0,515.0,521.0,574.0,578.0,598.0,612.0,636.0,656.0,682.0,694.0,699.0,701.0,739.0,768.0,769.0,776.0,787.0,803.0,804.0,887.0,931.0,974.0,988.0,991.0,
8.0,8.0,78.0,87.0,92.0,258.0,284.0,292.0,293.0,336.0,344.0,390.0,394.0,395.0,421.0,515.0,528.0,570.0,669.0,681.0,691.0,704.0,727.0,762.0,790.0,804.0,894.0,899.0,903.0,934.0,980.0,
15.0,30.0,38.0,56.0,106.0,138.0,139.0,169.0,191.0,201.0,218.0,223.0,227.0,231.0,275.0,300.0,345.0,350.0,389.0,425.0,460.0,468.0,483.0,494.0,507.0,567.0,655.0,668.0,695.0,701.0,759.0,772.0,781.0,819.0,848.0,850.0,859.0,908.0,939.0,942.0,950.0,999.0,
16.0,20.0,42.0,43.0,53.0,79.0,120.0,128.0,168.0,218.0,279.0,301.0,304.0,350.0,432.0,437.0,460.0,464.0,482.0,486.0,536.0,565.0,568.0,569.0,586.0,598.0,630.0,722.0,726.0,726.0,744.0,747.0,778.0,790.0,791.0,802.0,804.0,816.0,820.0,829.0,854.0,869.0,880.0,880.0,881.0,896.0,915.0,920.0,936.0,961.0,967.0,973.0,994.0,996.0,
20.0,32.0,74.0,124.0,150.0,156.0,157.0,162.0,176.0,199.0,207.0,250.0,260.0,261.0,268.0,275.0,294.0,336.0,420.0,433.0,436.0,442.0,450.0,467.0,661.0,799.0,828.0,855.0,868.0,880.0,942.0,972.0,
45.0,54.0,59.0,89.0,92.0,97.0,122.0,144.0,153.0,177.0,202.0,203.0,207.0,210.0,222.0,246.0,267.0,267.0,276.0,299.0,312.0,327.0,330.0,334.0,356.0,370.0,388.0,452.0,462.0,464.0,467.0,473.0,497.0,504.0,510.0,913.0,
52.0,81.0,97.0,106.0,166.0,173.0,185.0,293.0,311.0,311.0,393.0,403.0,405.0,421.0,428.0,458.0,684.0,729.0,850.0,857.0,871.0,873.0,933.0,976.0,981.0,999.0,
21.0,40.0,60.0,81.0,88.0,98.0,114.0,150.0,203.0,217.0,218.0,226.0,235.0,252.0,266.0,302.0,318.0,319.0,340.0,350.0,352.0,364.0,377.0,390.0,394.0,396.0,408.0,432.0,438.0,445.0,469.0,495.0,558.0,588.0,594.0,597.0,641.0,655.0,659.0,673.0,679.0,740.0,741.0,763.0,766.0,801.0,802.0,809.0,827.0,845.0,871.0,895.0,951.0,953.0,
15.0,26.0,46.0,53.0,64.0,80.0,140.0,143.0,164.0,232.0,283.0,302.0,323.0,326.0,336.0,366.0,391.0,455.0,483.0,488.0,506.0,520.0,545.0,588.0,590.0,606.0,607.0,678.0,736.0,737.0,777.0,786.0,805.0,843.0,847.0,870.0,902.0,904.0,912.0,920.0,926.0,928.0,929.0,935.0,937.0,970.0,989.0,
93.0,108.0,161.0,161.0,187.0,204.0,220.0,220.0,221.0,224.0,225.0,236.0,243.0,260.0,353.0,359.0,367.0,376.0,378.0,381.0,406.0,414.0,427.0,474.0,502.0,507.0,508.0,510.0,511.0,512.0,525.0,549.0,638.0,676.0,685.0,768.0,788.0,842.0,847.0,900.0,922.0,924.0,930.0,976.0,
4.0,6.0,15.0,80.0,139.0,160.0,167.0,192.0,194.0,206.0,210.0,211.0,214.0,354.0,358.0,361.0,515.0,569.0,569.0,572.0,580.0,708.0,711.0,739.0,820.0,883.0,915.0,920.0,
12.0,28.0,33.0,45.0,67.0,104.0,146.0,170.0,183.0,224.0,239.0,245.0,283.0,288.0,309.0,338.0,365.0,393.0,426.0,453.0,503.0,503.0,546.0,555.0,620.0,622.0,633.0,638.0,678.0,695.0,700.0,752.0,765.0,779.0,782.0,809.0,811.0,831.0,833.0,869.0,889.0,896.0,897.0,898.0,916.0,917.0,926.0,937.0,956.0,960.0,980.0,981.0,
16.0,79.0,87.0,159.0,186.0,216.0,284.0,299.0,327.0,329.0,361.0,402.0,403.0,455.0,470.0,485.0,506.0,568.0,575.0,583.0,622.0,672.0,707.0,814.0,814.0,835.0,844.0,860.0,879.0,896.0,923.0,950.0,970.0,1000.0,
67.0,69.0,79.0,84.0,85.0,118.0,165.0,176.0,193.0,195.0,223.0,236.0,244.0,284.0,294.0,313.0,356.0,364.0,396.0,407.0,443.0,484.0,496.0,874.0,
59.0,80.0,219.0,222.0,233.0,283.0,339.0,445.0,450.0,463.0,
27.0,29.0,54.0,62.0,67.0,109.0,109.0,154.0,208.0,230.0,305.0,354.0,356.0,386.0,457.0,484.0,494.0,
25.0,92.0,105.0,110.0,170.0,197.0,223.0,235.0,267.0,272.0,380.0,404.0,436.0,
4.0,49.0,122.0,166.0,184.0,267.0,345.0,355.0,359.0,360.0,366.0,367.0,424.0,454.0,480.0,
6.0,72.0,81.0,129.0,150.0,213.0,233.0,236.0,245.0,337.0,349.0,365.0,412.0,439.0,451.0,458.0,465.0,480.0,498.0,570.0,588.0,610.0,611.0,673.0,748.0,763.0,779.0,791.0,838.0,858.0,916.0,932.0,942.0,967.0,978.0,999.0,
41.0,44.0,65.0,110.0,160.0,165.0,166.0,186.0,197.0,213.0,245.0,265.0,284.0,330.0,351.0,384.0,385.0,408.0,421.0,433.0,464.0,475.0,525.0,573.0,574.0,597.0,639.0,647.0,676.0,678.0,711.0,728.0,738.0,756.0,761.0,764.0,775.0,803.0,808.0,862.0,874.0,884.0,924.0,946.0,947.0,990.0,
2.0,31.0,90.0,138.0,225.0,252.0,263.0,265.0,266.0,278.0,337.0,349.0,358.0,409.0,426.0,442.0,474.0,483.0,494.0,496.0,516.0,527.0,544.0,552.0,596.0,671.0,719.0,733.0,735.0,754.0,760.0,770.0,783.0,788.0,795.0,817.0,835.0,969.0,971.0,997.0,
7.0,27.0,37.0,59.0,95.0,103.0,113.0,127.0,163.0,214.0,216.0,258.0,287.0,316.0,326.0,339.0,378.0,382.0,497.0,510.0,557.0,567.0,569.0,596.0,616.0,659.0,685.0,685.0,706.0,738.0,766.0,773.0,774.0,810.0,839.0,846.0,855.0,871.0,875.0,885.0,911.0,920.0,942.0,945.0,963.0,979.0,997.0,
8.0,23.0,29.0,49.0,57.0,79.0,141.0,153.0,161.0,166.0,166.0,184.0,214.0,271.0,351.0,391.0,432.0,454.0,640.0,671.0,745.0,788.0,838.0,868.0,894.0,903.0,954.0,
4.0,34.0,92.0,100.0,119.0,120.0,239.0,245.0,257.0,317.0,349.0,369.0,435.0,
171.0,189.0,194.0,198.0,209.0,241.0,242.0,267.0,293.0,304.0,310.0,331.0,368.0,376.0,416.0,468.0,488.0,781.0,938.0,
5.0,5.0,39.0,86.0,97.0,101.0,109.0,122.0,150.0,190.0,208.0,238.0,302.0,304.0,306.0,310.0,332.0,363.0,398.0,425.0,432.0,446.0,448.0,460.0,885.0,891.0,892.0,929.0,956.0,
23.0,86.0,102.0,146.0,291.0,344.0,446.0,463.0,480.0,491.0,845.0,
16.0,20.0,28.0,39.0,72.0,97.0,144.0,238.0,327.0,339.0,341.0,358.0,378.0,392.0,402.0,428.0,452.0,482.0,487.0,492.0,499.0,
3.0,21.0,32.0,68.0,92.0,101.0,111.0,185.0,245.0,311.0,328.0,381.0,425.0,503.0,505.0,702.0,774.0,798.0,823.0,824.0,957.0,
8.0,11.0,44.0,60.0,66.0,98.0,136.0,203.0,256.0,270.0,276.0,283.0,338.0,380.0,401.0,420.0,432.0,451.0,498.0,528.0,537.0,541.0,559.0,633.0,646.0,680.0,689.0,694.0,717.0,739.0,740.0,750.0,754.0,763.0,781.0,783.0,814.0,945.0,957.0,972.0,999.0,1000.0,
22.0,68.0,99.0,114.0,136.0,172.0,178.0,179.0,185.0,187.0,215.0,236.0,251.0,264.0,276.0,285.0,345.0,356.0,405.0,427.0,464.0,482.0,491.0,492.0,535.0,577.0,589.0,591.0,591.0,602.0,659.0,678.0,751.0,778.0,800.0,883.0,917.0,946.0,950.0,952.0,987.0,
26.0,41.0,76.0,143.0,185.0,195.0,226.0,353.0,370.0,378.0,393.0,395.0,396.0,414.0,416.0,420.0,420.0,426.0,443.0,494.0,503.0,524.0,536.0,577.0,592.0,599.0,623.0,647.0,698.0,737.0,752.0,760.0,763.0,798.0,877.0,884.0,913.0,918.0,954.0,963.0,968.0,
4.0,62.0,80.0,128.0,146.0,159.0,207.0,216.0,225.0,228.0,229.0,251.0,264.0,293.0,302.0,306.0,328.0,442.0,447.0,459.0,465.0,758.0,809.0,826.0,879.0,938.0,952.0,979.0,989.0,
21.0,173.0,187.0,291.0,449.0,485.0,496.0,
46.0,114.0,159.0,312.0,313.0,360.0,418.0,475.0,480.0,488.0,498.0,504.0,898.0,900.0,
3.0,26.0,52.0,72.0,77.0,96.0,129.0,135.0,143.0,159.0,165.0,182.0,223.0,244.0,267.0,284.0,323.0,363.0,373.0,400.0,476.0,481.0,785.0,839.0,847.0,899.0,
13.0,14.0,23.0,174.0,199.0,201.0,217.0,243.0,248.0,269.0,284.0,292.0,312.0,317.0,338.0,373.0,389.0,405.0,408.0,494.0,495.0,502.0,772.0,795.0,848.0,887.0,891.0,
20.0,47.0,54.0,130.0,205.0,317.0,329.0,349.0,363.0,377.0,392.0,396.0,403.0,418.0,445.0,457.0,466.0,481.0,
16.0,31.0,38.0,54.0,70.0,133.0,146.0,155.0,197.0,219.0,220.0,262.0,267.0,298.0,315.0,334.0,377.0,390.0,460.0,687.0,763.0,823.0,826.0,918.0,925.0,928.0,
3.0,3.0,15.0,28.0,39.0,119.0,192.0,216.0,235.0,308.0,319.0,359.0,364.0,399.0,401.0,422.0,427.0,436.0,502.0,516.0,570.0,606.0,623.0,627.0,632.0,650.0,655.0,656.0,659.0,683.0,717.0,729.0,746.0,757.0,758.0,761.0,800.0,804.0,846.0,883.0,899.0,918.0,924.0,946.0,951.0,954.0,970.0,977.0,
78.0,96.0,112.0,125.0,164.0,165.0,214.0,239.0,249.0,250.0,265.0,300.0,310.0,362.0,419.0,445.0,449.0,509.0,581.0,668.0,677.0,759.0,760.0,793.0,794.0,805.0,844.0,851.0,954.0,971.0,983.0,
5.0,15.0,64.0,67.0,75.0,105.0,129.0,206.0,278.0,323.0,350.0,376.0,402.0,417.0,466.0,477.0,494.0,505.0,511.0,544.0,603.0,611.0,625.0,659.0,667.0,713.0,779.0,808.0,850.0,854.0,916.0,925.0,973.0,983.0,
49.0,115.0,135.0,154.0,155.0,163.0,171.0,173.0,222.0,261.0,336.0,354.0,357.0,385.0,403.0,489.0,507.0,739.0,755.0,768.0,785.0,793.0,795.0,824.0,851.0,892.0,910.0,
3.0,42.0,49.0,80.0,102.0,189.0,249.0,261.0,282.0,289.0,311.0,352.0,353.0,385.0,421.0,443.0,449.0,
21.0,23.0,34.0,36.0,49.0,66.0,104.0,115.0,185.0,199.0,228.0,238.0,239.0,287.0,302.0,314.0,344.0,345.0,418.0,769.0,800.0,826.0,864.0,869.0,
43.0,70.0,122.0,159.0,173.0,177.0,253.0,298.0,337.0,356.0,374.0,376.0,390.0,424.0,472.0,477.0,499.0,508.0,509.0,757.0,
81.0,126.0,138.0,138.0,157.0,177.0,244.0,251.0,272.0,399.0,418.0,435.0,478.0,845.0,944.0,
29.0,41.0,55.0,59.0,68.0,102.0,106.0,118.0,125.0,143.0,174.0,197.0,222.0,226.0,246.0,250.0,255.0,283.0,291.0,320.0,326.0,378.0,442.0,465.0,
38.0,114.0,129.0,165.0,180.0,252.0,252.0,265.0,288.0,338.0,351.0,423.0,453.0,459.0,463.0,466.0,473.0,478.0,694.0,719.0,783.0,794.0,861.0,877.0,884.0,983.0,
18.0,26.0,30.0,38.0,114.0,175.0,193.0,194.0,240.0,247.0,260.0,264.0,270.0,271.0,272.0,326.0,328.0,378.0,406.0,440.0,443.0,470.0,530.0,551.0,584.0,587.0,617.0,625.0,626.0,639.0,667.0,691.0,707.0,735.0,779.0,811.0,819.0,830.0,839.0,841.0,905.0,935.0,947.0,955.0,964.0,982.0,987.0,
3.0,8.0,10.0,47.0,87.0,96.0,109.0,132.0,149.0,152.0,176.0,215.0,229.0,231.0,236.0,239.0,272.0,272.0,364.0,407.0,470.0,515.0,533.0,534.0,550.0,632.0,634.0,637.0,658.0,695.0,712.0,738.0,782.0,787.0,796.0,799.0,800.0,843.0,892.0,914.0,999.0,
108.0,116.0,120.0,131.0,143.0,145.0,182.0,257.0,298.0,320.0,333.0,378.0,380.0,431.0,446.0,447.0,450.0,452.0,476.0,512.0,547.0,580.0,581.0,590.0,609.0,630.0,675.0,676.0,681.0,685.0,692.0,700.0,727.0,742.0,791.0,798.0,861.0,926.0,929.0,972.0,986.0,993.0,
24.0,68.0,79.0,115.0,136.0,192.0,197.0,238.0,242.0,247.0,269.0,275.0,289.0,294.0,323.0,330.0,341.0,350.0,369.0,379.0,383.0,435.0,444.0,474.0,537.0,567.0,586.0,603.0,619.0,633.0,653.0,681.0,716.0,717.0,722.0,724.0,784.0,836.0,860.0,869.0,874.0,885.0,891.0,911.0,978.0,991.0,
73.0,79.0,98.0,152.0,164.0,169.0,236.0,252.0,256.0,406.0,440.0,447.0,
16.0,18.0,29.0,62.0,67.0,68.0,80.0,80.0,81.0,90.0,150.0,156.0,159.0,186.0,198.0,222.0,247.0,258.0,263.0,267.0,283.0,308.0,330.0,335.0,337.0,342.0,367.0,376.0,390.0,427.0,442.0,451.0,
15.0,21.0,78.0,89.0,150.0,150.0,157.0,188.0,193.0,212.0,219.0,287.0,317.0,333.0,344.0,365.0,368.0,383.0,396.0,494.0,498.0,967.0,
75.0,77.0,80.0,84.0,115.0,180.0,181.0,210.0,211.0,222.0,247.0,284.0,316.0,325.0,326.0,341.0,394.0,406.0,453.0,
5.0,42.0,76.0,139.0,160.0,197.0,249.0,269.0,272.0,284.0,286.0,298.0,310.0,332.0,354.0,362.0,379.0,399.0,420.0,420.0,426.0,498.0,511.0,916.0,
17.0,31.0,37.0,51.0,73.0,126.0,141.0,223.0,265.0,265.0,358.0,379.0,387.0,468.0,469.0,498.0,535.0,580.0,586.0,588.0,604.0,614.0,631.0,694.0,746.0,751.0,781.0,789.0,836.0,840.0,866.0,910.0,917.0,934.0,955.0,962.0,963.0,980.0,989.0,991.0,
2.0,58.0,89.0,94.0,126.0,128.0,135.0,194.0,207.0,224.0,227.0,260.0,274.0,305.0,306.0,326.0,392.0,423.0,444.0,500.0,516.0,558.0,579.0,583.0,583.0,603.0,641.0,657.0,673.0,731.0,736.0,743.0,743.0,747.0,749.0,752.0,759.0,768.0,771.0,783.0,809.0,844.0,848.0,850.0,874.0,883.0,908.0,915.0,934.0,961.0,964.0,
13.0,23.0,57.0,65.0,72.0,127.0,200.0,225.0,254.0,286.0,293.0,298.0,310.0,334.0,394.0,423.0,470.0,490.0,530.0,548.0,560.0,565.0,628.0,634.0,715.0,721.0,743.0,760.0,764.0,771.0,788.0,793.0,854.0,904.0,915.0,958.0,
13.0,20.0,53.0,53.0,111.0,154.0,182.0,183.0,202.0,218.0,219.0,268.0,287.0,334.0,395.0,442.0,446.0,455.0,533.0,576.0,588.0,680.0,682.0,688.0,766.0,797.0,798.0,806.0,828.0,881.0,914.0,923.0,952.0,957.0,970.0,
39.0,56.0,61.0,69.0,70.0,103.0,108.0,114.0,134.0,135.0,165.0,177.0,224.0,230.0,231.0,312.0,336.0,347.0,385.0,417.0,458.0,469.0,480.0,503.0,517.0,536.0,561.0,571.0,574.0,601.0,607.0,612.0,614.0,668.0,711.0,719.0,745.0,751.0,759.0,792.0,867.0,904.0,975.0,
29.0,103.0,105.0,121.0,127.0,136.0,191.0,233.0,243.0,253.0,267.0,302.0,322.0,338.0,341.0,401.0,421.0,465.0,574.0,619.0,622.0,642.0,698.0,707.0,732.0,742.0,747.0,782.0,807.0,812.0,837.0,841.0,880.0,901.0,909.0,
4.0,29.0,36.0,39.0,50.0,69.0,118.0,142.0,163.0,173.0,204.0,220.0,234.0,241.0,260.0,268.0,283.0,299.0,317.0,355.0,432.0,461.0,489.0,762.0,773.0,829.0,830.0,869.0,951.0,999.0,
26.0,35.0,47.0,57.0,104.0,145.0,175.0,176.0,208.0,223.0,225.0,226.0,275.0,290.0,319.0,330.0,342.0,366.0,367.0,412.0,439.0,501.0,695.0,911.0,975.0,
24.0,33.0,42.0,44.0,70.0,97.0,110.0,206.0,297.0,343.0,386.0,481.0,666.0,688.0,695.0,714.0,747.0,789.0,877.0,919.0,973.0,988.0,
50.0,50.0,72.0,95.0,112.0,132.0,142.0,166.0,192.0,197.0,219.0,288.0,338.0,338.0,369.0,384.0,401.0,401.0,404.0,495.0,539.0,590.0,597.0,607.0,610.0,628.0,655.0,679.0,708.0,753.0,759.0,781.0,782.0,810.0,823.0,845.0,849.0,852.0,906.0,907.0,909.0,917.0,932.0,943.0,962.0,995.0,998.0,
12.0,17.0,29.0,55.0,97.0,97.0,166.0,168.0,189.0,248.0,265.0,291.0,353.0,388.0,418.0,434.0,436.0,449.0,476.0,515.0,550.0,560.0,577.0,640.0,673.0,685.0,695.0,704.0,714.0,747.0,773.0,814.0,826.0,889.0,916.0,917.0,984.0,985.0,988.0,
8.0,26.0,26.0,58.0,72.0,80.0,97.0,99.0,112.0,129.0,179.0,268.0,303.0,349.0,363.0,414.0,452.0,477.0,622.0,624.0,635.0,686.0,717.0,763.0,770.0,834.0,899.0,903.0,946.0,968.0,989.0,995.0,
37.0,92.0,101.0,114.0,120.0,147.0,151.0,186.0,194.0,210.0,241.0,244.0,287.0,287.0,295.0,302.0,419.0,423.0,429.0,438.0,505.0,534.0,541.0,571.0,618.0,660.0,719.0,793.0,801.0,858.0,863.0,890.0,953.0,960.0,963.0,966.0,969.0,977.0,997.0,
17.0,19.0,47.0,52.0,60.0,63.0,67.0,84.0,85.0,113.0,121.0,221.0,236.0,242.0,243.0,245.0,246.0,328.0,344.0,407.0,465.0,553.0,557.0,564.0,701.0,719.0,720.0,736.0,797.0,888.0,999.0,
63.0,87.0,155.0,216.0,224.0,275.0,303.0,324.0,354.0,401.0,465.0,473.0,474.0,480.0,554.0,606.0,630.0,649.0,685.0,703.0,711.0,734.0,818.0,856.0,858.0,872.0,969.0,978.0,987.0,
13.0,22.0,44.0,100.0,153.0,155.0,178.0,200.0,230.0,245.0,291.0,299.0,301.0,304.0,308.0,309.0,321.0,323.0,334.0,419.0,520.0,541.0,580.0,595.0,596.0,609.0,679.0,702.0,714.0,776.0,789.0,803.0,830.0,896.0,898.0,913.0,942.0,958.0,996.0,997.0,
55.0,153.0,181.0,199.0,206.0,235.0,330.0,362.0,378.0,412.0,527.0,530.0,582.0,622.0,659.0,662.0,684.0,730.0,733.0,755.0,772.0,802.0,823.0,857.0,865.0,880.0,886.0,891.0,923.0,986.0,999.0,
44.0,126.0,148.0,152.0,163.0,223.0,236.0,240.0,286.0,304.0,320.0,323.0,331.0,384.0,417.0,443.0,450.0,491.0,508.0,514.0,515.0,535.0,605.0,615.0,639.0,678.0,763.0,777.0,795.0,795.0,805.0,816.0,882.0,891.0,896.0,919.0,923.0,928.0,936.0,948.0,959.0,962.0,965.0,983.0,997.0,
35.0,66.0,122.0,124.0,202.0,234.0,246.0,293.0,338.0,361.0,420.0,460.0,483.0,490.0,503.0,504.0,505.0,524.0,562.0,594.0,649.0,664.0,694.0,697.0,711.0,715.0,725.0,726.0,734.0,737.0,755.0,778.0,785.0,820.0,825.0,851.0,857.0,867.0,880.0,912.0,918.0,925.0,934.0,935.0,978.0,998.0,
2.0,13.0,49.0,63.0,127.0,282.0,307.0,418.0,465.0,513.0,549.0,554.0,560.0,562.0,610.0,624.0,653.0,707.0,758.0,759.0,771.0,795.0,812.0,827.0,833.0,858.0,864.0,893.0,930.0,947.0,977.0,994.0,
66.0,118.0,126.0,128.0,143.0,166.0,198.0,226.0,234.0,238.0,258.0,289.0,305.0,344.0,371.0,415.0,433.0,601.0,637.0,678.0,692.0,709.0,725.0,736.0,748.0,757.0,776.0,783.0,787.0,808.0,818.0,833.0,833.0,868.0,875.0,953.0,955.0,979.0,986.0,
29.0,58.0,64.0,87.0,155.0,162.0,193.0,254.0,257.0,328.0,367.0,423.0,428.0,466.0,507.0,531.0,533.0,565.0,600.0,679.0,715.0,722.0,745.0,753.0,783.0,785.0,852.0,868.0,877.0,941.0,960.0,960.0,964.0,973.0,
