11.0,40.0,62.0,69.0,94.0,100.0,117.0,123.0,154.0,161.0,164.0,270.0,309.0,311.0,386.0,388.0,423.0,423.0,425.0,442.0,460.0,478.0,484.0,521.0,522.0,532.0,749.0,749.0,779.0,781.0,821.0,837.0,852.0,857.0,868.0,878.0,897.0,933.0,959.0,987.0,989.0,
9.0,81.0,85.0,93.0,116.0,164.0,174.0,236.0,252.0,299.0,300.0,309.0,326.0,330.0,335.0,340.0,354.0,358.0,454.0,471.0,472.0,508.0,537.0,597.0,608.0,674.0,688.0,732.0,774.0,799.0,817.0,848.0,885.0,
28.0,51.0,142.0,142.0,149.0,183.0,196.0,198.0,234.0,248.0,271.0,291.0,313.0,321.0,331.0,354.0,359.0,380.0,404.0,458.0,478.0,499.0,555.0,585.0,616.0,632.0,647.0,649.0,677.0,700.0,714.0,717.0,747.0,761.0,801.0,817.0,894.0,896.0,897.0,913.0,963.0,977.0,981.0,
121.0,144.0,161.0,181.0,212.0,266.0,279.0,292.0,298.0,332.0,351.0,443.0,464.0,477.0,510.0,516.0,558.0,568.0,602.0,733.0,738.0,740.0,764.0,766.0,768.0,781.0,812.0,839.0,925.0,965.0,999.0,
20.0,111.0,126.0,171.0,194.0,217.0,228.0,283.0,300.0,304.0,326.0,341.0,381.0,392.0,428.0,443.0,463.0,471.0,549.0,552.0,562.0,583.0,592.0,698.0,702.0,736.0,752.0,791.0,903.0,905.0,946.0,972.0,977.0,
37.0,38.0,60.0,144.0,166.0,170.0,172.0,227.0,277.0,296.0,320.0,359.0,448.0,466.0,498.0,505.0,514.0,537.0,539.0,565.0,575.0,645.0,726.0,786.0,814.0,854.0,868.0,869.0,882.0,894.0,896.0,902.0,918.0,926.0,961.0,984.0,1000.0,
9.0,99.0,102.0,125.0,130.0,160.0,184.0,209.0,217.0,232.0,294.0,296.0,321.0,349.0,370.0,385.0,409.0,558.0,559.0,598.0,620.0,626.0,632.0,646.0,704.0,704.0,751.0,760.0,762.0,769.0,773.0,856.0,876.0,890.0,909.0,912.0,929.0,956.0,971.0,974.0,
8.0,37.0,40.0,108.0,108.0,116.0,118.0,143.0,163.0,185.0,289.0,323.0,328.0,356.0,402.0,491.0,589.0,594.0,680.0,712.0,721.0,724.0,738.0,740.0,757.0,759.0,772.0,773.0,779.0,799.0,881.0,921.0,933.0,957.0,978.0,
41.0,56.0,56.0,68.0,79.0,101.0,108.0,118.0,145.0,243.0,252.0,260.0,266.0,271.0,298.0,336.0,351.0,414.0,419.0,458.0,495.0,519.0,566.0,568.0,570.0,594.0,630.0,641.0,667.0,684.0,742.0,757.0,768.0,790.0,792.0,833.0,843.0,911.0,912.0,950.0,
2.0,21.0,27.0,52.0,65.0,73.0,84.0,89.0,101.0,170.0,233.0,245.0,253.0,374.0,374.0,425.0,448.0,457.0,472.0,507.0,507.0,511.0,513.0,517.0,542.0,556.0,572.0,581.0,598.0,606.0,613.0,626.0,631.0,669.0,698.0,724.0,726.0,726.0,728.0,742.0,776.0,785.0,789.0,824.0,825.0,836.0,884.0,905.0,931.0,978.0,
2.0,14.0,35.0,53.0,70.0,120.0,148.0,161.0,179.0,194.0,197.0,202.0,223.0,273.0,292.0,322.0,349.0,382.0,394.0,398.0,459.0,472.0,530.0,544.0,572.0,617.0,629.0,647.0,661.0,680.0,690.0,728.0,763.0,765.0,769.0,773.0,805.0,891.0,985.0,
14.0,35.0,55.0,72.0,78.0,78.0,121.0,123.0,133.0,174.0,215.0,249.0,288.0,333.0,360.0,478.0,512.0,576.0,587.0,613.0,628.0,678.0,712.0,754.0,803.0,811.0,819.0,839.0,890.0,917.0,918.0,947.0,958.0,
84.0,107.0,149.0,161.0,236.0,237.0,339.0,360.0,364.0,426.0,431.0,467.0,506.0,579.0,598.0,608.0,614.0,639.0,645.0,663.0,680.0,702.0,716.0,733.0,740.0,746.0,807.0,829.0,898.0,935.0,939.0,987.0,
2.0,21.0,55.0,90.0,98.0,101.0,149.0,159.0,199.0,218.0,253.0,274.0,296.0,296.0,407.0,438.0,505.0,505.0,539.0,552.0,605.0,608.0,717.0,734.0,776.0,793.0,793.0,812.0,935.0,947.0,992.0,
7.0,19.0,87.0,127.0,131.0,133.0,290.0,319.0,333.0,337.0,341.0,344.0,374.0,406.0,441.0,446.0,468.0,487.0,487.0,488.0,530.0,595.0,603.0,631.0,665.0,681.0,700.0,700.0,702.0,722.0,732.0,808.0,818.0,819.0,824.0,850.0,864.0,894.0,910.0,945.0,945.0,957.0,981.0,996.0,
12.0,18.0,22.0,36.0,41.0,85.0,88.0,123.0,130.0,140.0,154.0,167.0,172.0,225.0,243.0,296.0,310.0,334.0,336.0,375.0,400.0,401.0,402.0,516.0,526.0,563.0,590.0,601.0,613.0,637.0,690.0,715.0,746.0,788.0,803.0,811.0,816.0,849.0,862.0,945.0,958.0,983.0,995.0,996.0,
81.0,85.0,161.0,195.0,206.0,208.0,209.0,231.0,256.0,349.0,352.0,373.0,383.0,389.0,392.0,431.0,437.0,454.0,501.0,501.0,553.0,559.0,564.0,568.0,579.0,581.0,675.0,714.0,720.0,742.0,751.0,785.0,799.0,809.0,830.0,847.0,864.0,876.0,877.0,894.0,908.0,920.0,975.0,978.0,983.0,
47.0,69.0,73.0,116.0,121.0,149.0,151.0,207.0,238.0,305.0,350.0,397.0,583.0,647.0,672.0,703.0,737.0,754.0,789.0,821.0,873.0,895.0,968.0,
9.0,26.0,88.0,103.0,112.0,117.0,122.0,124.0,161.0,197.0,241.0,255.0,259.0,261.0,372.0,423.0,431.0,452.0,486.0,506.0,506.0,518.0,526.0,557.0,576.0,596.0,601.0,632.0,666.0,691.0,742.0,799.0,819.0,894.0,909.0,915.0,985.0,992.0,998.0,
33.0,60.0,62.0,72.0,89.0,110.0,132.0,132.0,189.0,210.0,222.0,333.0,355.0,366.0,439.0,479.0,484.0,493.0,552.0,582.0,615.0,618.0,625.0,673.0,686.0,761.0,776.0,784.0,809.0,834.0,837.0,854.0,858.0,868.0,896.0,916.0,933.0,957.0,961.0,966.0,979.0,
29.0,71.0,93.0,96.0,160.0,178.0,228.0,250.0,252.0,258.0,280.0,313.0,324.0,338.0,350.0,370.0,380.0,421.0,487.0,519.0,519.0,530.0,639.0,728.0,801.0,923.0,989.0,
33.0,79.0,108.0,199.0,230.0,238.0,325.0,335.0,391.0,399.0,434.0,471.0,477.0,481.0,521.0,524.0,587.0,589.0,599.0,612.0,612.0,627.0,639.0,670.0,675.0,678.0,816.0,824.0,874.0,890.0,964.0,990.0,
8.0,41.0,72.0,80.0,82.0,85.0,133.0,177.0,177.0,256.0,307.0,311.0,339.0,344.0,375.0,471.0,478.0,488.0,503.0,526.0,551.0,557.0,593.0,616.0,626.0,634.0,646.0,659.0,792.0,826.0,836.0,839.0,888.0,893.0,900.0,937.0,943.0,949.0,952.0,957.0,961.0,969.0,
22.0,81.0,118.0,124.0,134.0,155.0,156.0,174.0,263.0,292.0,310.0,321.0,333.0,333.0,547.0,552.0,558.0,650.0,694.0,719.0,761.0,800.0,846.0,861.0,902.0,902.0,943.0,944.0,950.0,962.0,983.0,1000.0,
10.0,12.0,62.0,64.0,80.0,90.0,200.0,207.0,301.0,311.0,317.0,319.0,327.0,327.0,363.0,364.0,437.0,559.0,559.0,563.0,582.0,614.0,628.0,637.0,651.0,670.0,721.0,797.0,801.0,824.0,856.0,886.0,893.0,935.0,940.0,960.0,
20.0,37.0,82.0,112.0,126.0,179.0,185.0,187.0,278.0,302.0,364.0,370.0,385.0,514.0,533.0,550.0,550.0,606.0,637.0,647.0,695.0,698.0,698.0,725.0,767.0,780.0,826.0,871.0,885.0,905.0,933.0,965.0,
7.0,12.0,13.0,16.0,26.0,40.0,40.0,44.0,63.0,96.0,97.0,157.0,158.0,216.0,249.0,281.0,300.0,315.0,328.0,373.0,408.0,438.0,439.0,465.0,466.0,468.0,487.0,505.0,541.0,627.0,638.0,662.0,679.0,693.0,722.0,724.0,745.0,758.0,828.0,854.0,864.0,907.0,932.0,
31.0,57.0,180.0,231.0,235.0,235.0,235.0,242.0,245.0,255.0,255.0,264.0,342.0,372.0,425.0,426.0,448.0,474.0,506.0,518.0,534.0,554.0,560.0,582.0,586.0,621.0,661.0,680.0,691.0,794.0,804.0,842.0,865.0,882.0,926.0,932.0,952.0,966.0,
46.0,92.0,97.0,250.0,256.0,294.0,297.0,363.0,395.0,416.0,427.0,474.0,480.0,535.0,543.0,557.0,602.0,614.0,615.0,640.0,642.0,646.0,655.0,746.0,769.0,847.0,849.0,865.0,893.0,914.0,924.0,989.0,
8.0,37.0,38.0,70.0,79.0,84.0,115.0,123.0,207.0,287.0,365.0,382.0,426.0,459.0,480.0,497.0,503.0,513.0,522.0,527.0,533.0,539.0,547.0,575.0,585.0,637.0,654.0,670.0,696.0,710.0,721.0,748.0,770.0,783.0,844.0,864.0,882.0,904.0,920.0,927.0,992.0,999.0,
11.0,26.0,104.0,112.0,115.0,132.0,139.0,163.0,198.0,219.0,279.0,295.0,309.0,311.0,318.0,359.0,370.0,372.0,438.0,442.0,461.0,476.0,484.0,511.0,564.0,569.0,576.0,610.0,623.0,656.0,680.0,697.0,718.0,738.0,806.0,863.0,865.0,932.0,965.0,995.0,998.0,
103.0,107.0,189.0,196.0,270.0,276.0,301.0,312.0,314.0,333.0,342.0,343.0,353.0,369.0,380.0,400.0,504.0,528.0,533.0,551.0,555.0,648.0,689.0,701.0,796.0,797.0,799.0,848.0,857.0,902.0,906.0,915.0,946.0,949.0,955.0,993.0,
17.0,30.0,88.0,110.0,120.0,125.0,215.0,243.0,264.0,305.0,331.0,338.0,339.0,354.0,358.0,367.0,379.0,384.0,487.0,517.0,559.0,562.0,680.0,688.0,697.0,703.0,741.0,749.0,755.0,774.0,775.0,780.0,790.0,819.0,836.0,838.0,859.0,908.0,919.0,932.0,941.0,960.0,975.0,982.0,
8.0,8.0,14.0,20.0,21.0,27.0,29.0,84.0,93.0,127.0,149.0,221.0,299.0,304.0,315.0,362.0,414.0,437.0,444.0,489.0,561.0,587.0,606.0,645.0,682.0,701.0,703.0,792.0,811.0,837.0,874.0,874.0,879.0,911.0,961.0,987.0,
65.0,147.0,183.0,212.0,246.0,308.0,312.0,331.0,372.0,413.0,422.0,483.0,491.0,584.0,590.0,601.0,703.0,760.0,802.0,848.0,876.0,881.0,990.0,
24.0,81.0,124.0,149.0,165.0,201.0,211.0,220.0,248.0,251.0,263.0,266.0,272.0,287.0,291.0,299.0,347.0,367.0,377.0,391.0,394.0,396.0,409.0,432.0,500.0,555.0,565.0,593.0,609.0,647.0,674.0,757.0,763.0,791.0,810.0,840.0,843.0,858.0,862.0,911.0,941.0,966.0,
31.0,41.0,45.0,46.0,78.0,138.0,162.0,246.0,272.0,277.0,400.0,425.0,437.0,479.0,546.0,573.0,597.0,604.0,605.0,640.0,680.0,689.0,696.0,734.0,739.0,776.0,934.0,938.0,996.0,
27.0,50.0,72.0,111.0,141.0,157.0,162.0,170.0,178.0,224.0,277.0,301.0,303.0,318.0,329.0,367.0,404.0,465.0,533.0,581.0,616.0,720.0,759.0,840.0,863.0,874.0,909.0,927.0,955.0,988.0,993.0,
74.0,86.0,110.0,227.0,299.0,351.0,416.0,430.0,449.0,453.0,461.0,499.0,508.0,562.0,571.0,613.0,656.0,674.0,685.0,721.0,729.0,768.0,787.0,833.0,953.0,966.0,981.0,994.0,
43.0,53.0,93.0,124.0,127.0,144.0,151.0,193.0,195.0,211.0,213.0,231.0,245.0,271.0,293.0,346.0,347.0,359.0,360.0,362.0,399.0,432.0,457.0,475.0,477.0,481.0,512.0,514.0,529.0,536.0,552.0,571.0,581.0,608.0,629.0,640.0,676.0,698.0,739.0,766.0,768.0,778.0,799.0,851.0,854.0,864.0,894.0,897.0,915.0,916.0,948.0,
57.0,131.0,139.0,153.0,185.0,218.0,223.0,229.0,231.0,242.0,252.0,252.0,274.0,278.0,310.0,321.0,326.0,375.0,387.0,387.0,417.0,532.0,559.0,589.0,670.0,678.0,767.0,776.0,786.0,787.0,811.0,824.0,851.0,870.0,914.0,951.0,961.0,983.0,992.0,
19.0,24.0,43.0,110.0,149.0,169.0,169.0,208.0,249.0,303.0,333.0,340.0,367.0,430.0,444.0,453.0,454.0,489.0,503.0,531.0,544.0,594.0,601.0,736.0,740.0,768.0,777.0,943.0,952.0,955.0,994.0,
11.0,11.0,20.0,113.0,129.0,168.0,178.0,233.0,235.0,285.0,296.0,304.0,316.0,383.0,391.0,466.0,499.0,503.0,519.0,555.0,565.0,580.0,621.0,629.0,632.0,639.0,666.0,673.0,727.0,734.0,777.0,784.0,788.0,807.0,808.0,814.0,907.0,912.0,971.0,
30.0,72.0,95.0,113.0,145.0,172.0,221.0,225.0,232.0,280.0,288.0,301.0,309.0,312.0,365.0,406.0,421.0,472.0,603.0,603.0,627.0,743.0,787.0,875.0,930.0,932.0,941.0,959.0,
15.0,46.0,47.0,70.0,135.0,173.0,220.0,285.0,310.0,323.0,346.0,380.0,409.0,441.0,468.0,471.0,500.0,524.0,526.0,527.0,544.0,566.0,599.0,610.0,649.0,709.0,733.0,743.0,754.0,773.0,793.0,842.0,861.0,899.0,920.0,
73.0,132.0,136.0,147.0,190.0,240.0,271.0,298.0,314.0,359.0,394.0,417.0,517.0,520.0,528.0,532.0,539.0,540.0,562.0,575.0,583.0,584.0,594.0,596.0,619.0,659.0,669.0,675.0,683.0,693.0,700.0,702.0,716.0,723.0,730.0,738.0,762.0,767.0,880.0,896.0,908.0,912.0,933.0,944.0,944.0,951.0,959.0,973.0,973.0,994.0,995.0,
12.0,24.0,39.0,45.0,60.0,62.0,87.0,98.0,105.0,117.0,123.0,124.0,143.0,146.0,151.0,199.0,228.0,292.0,317.0,319.0,378.0,381.0,383.0,402.0,413.0,477.0,519.0,530.0,564.0,573.0,575.0,579.0,598.0,607.0,617.0,622.0,636.0,663.0,683.0,724.0,760.0,793.0,811.0,836.0,854.0,862.0,867.0,901.0,964.0,998.0,
13.0,15.0,34.0,112.0,122.0,133.0,139.0,197.0,223.0,228.0,319.0,330.0,356.0,359.0,364.0,429.0,651.0,665.0,680.0,687.0,691.0,700.0,704.0,709.0,728.0,840.0,852.0,950.0,954.0,969.0,
2.0,14.0,49.0,56.0,93.0,105.0,213.0,251.0,278.0,294.0,309.0,352.0,384.0,435.0,450.0,452.0,531.0,533.0,630.0,665.0,665.0,703.0,785.0,791.0,796.0,864.0,878.0,934.0,962.0,966.0,972.0,
42.0,55.0,123.0,140.0,196.0,216.0,267.0,294.0,312.0,324.0,346.0,359.0,391.0,419.0,480.0,489.0,494.0,588.0,617.0,627.0,724.0,751.0,755.0,771.0,838.0,858.0,888.0,929.0,960.0,995.0,
3.0,27.0,31.0,81.0,106.0,115.0,123.0,151.0,163.0,183.0,201.0,217.0,232.0,291.0,311.0,321.0,328.0,388.0,418.0,418.0,432.0,437.0,450.0,452.0,469.0,509.0,549.0,556.0,574.0,673.0,694.0,699.0,764.0,779.0,798.0,878.0,879.0,881.0,900.0,913.0,952.0,962.0,974.0,983.0,
11.0,30.0,69.0,74.0,147.0,195.0,199.0,245.0,247.0,262.0,288.0,344.0,345.0,369.0,380.0,457.0,495.0,523.0,585.0,598.0,624.0,670.0,696.0,738.0,767.0,772.0,920.0,945.0,957.0,964.0,968.0,974.0,981.0,
41.0,92.0,118.0,171.0,180.0,185.0,220.0,220.0,221.0,276.0,285.0,294.0,331.0,341.0,357.0,379.0,407.0,438.0,441.0,453.0,491.0,535.0,564.0,579.0,586.0,602.0,610.0,613.0,614.0,625.0,634.0,715.0,761.0,792.0,848.0,853.0,912.0,948.0,
3.0,66.0,119.0,137.0,221.0,271.0,390.0,401.0,410.0,412.0,427.0,447.0,454.0,527.0,607.0,610.0,633.0,648.0,684.0,783.0,816.0,851.0,891.0,
5.0,31.0,64.0,64.0,122.0,182.0,185.0,201.0,308.0,315.0,319.0,371.0,379.0,481.0,516.0,525.0,529.0,530.0,530.0,532.0,534.0,535.0,542.0,544.0,545.0,547.0,550.0,566.0,573.0,581.0,591.0,592.0,595.0,595.0,607.0,613.0,637.0,648.0,653.0,661.0,663.0,685.0,685.0,686.0,687.0,696.0,751.0,755.0,760.0,771.0,772.0,775.0,777.0,785.0,808.0,823.0,825.0,840.0,854.0,863.0,864.0,875.0,883.0,885.0,904.0,917.0,924.0,941.0,943.0,993.0,
14.0,22.0,24.0,76.0,97.0,116.0,184.0,185.0,223.0,255.0,373.0,411.0,466.0,470.0,475.0,522.0,523.0,524.0,535.0,539.0,543.0,550.0,552.0,558.0,563.0,583.0,585.0,588.0,598.0,604.0,605.0,633.0,646.0,654.0,656.0,664.0,667.0,671.0,674.0,684.0,684.0,687.0,689.0,696.0,720.0,723.0,728.0,732.0,754.0,758.0,765.0,774.0,780.0,793.0,797.0,799.0,817.0,819.0,820.0,840.0,843.0,865.0,920.0,957.0,962.0,978.0,980.0,992.0,999.0,
105.0,108.0,118.0,141.0,171.0,196.0,207.0,208.0,237.0,253.0,267.0,351.0,426.0,453.0,513.0,525.0,530.0,535.0,536.0,536.0,537.0,543.0,556.0,561.0,562.0,566.0,568.0,583.0,589.0,592.0,602.0,608.0,610.0,624.0,639.0,664.0,669.0,671.0,674.0,682.0,689.0,691.0,694.0,695.0,717.0,721.0,723.0,733.0,772.0,781.0,782.0,794.0,819.0,828.0,837.0,840.0,848.0,866.0,880.0,910.0,927.0,932.0,956.0,970.0,990.0,996.0,
4.0,28.0,29.0,34.0,62.0,92.0,113.0,136.0,168.0,210.0,216.0,221.0,283.0,283.0,367.0,375.0,389.0,420.0,434.0,444.0,479.0,497.0,502.0,505.0,520.0,543.0,550.0,565.0,612.0,626.0,667.0,769.0,794.0,823.0,853.0,869.0,942.0,950.0,979.0,
45.0,46.0,114.0,131.0,139.0,144.0,145.0,179.0,203.0,210.0,248.0,277.0,333.0,402.0,419.0,469.0,562.0,576.0,580.0,596.0,597.0,603.0,658.0,731.0,776.0,784.0,932.0,946.0,998.0,
13.0,24.0,30.0,64.0,85.0,96.0,99.0,124.0,168.0,179.0,186.0,198.0,215.0,220.0,249.0,282.0,297.0,306.0,315.0,364.0,367.0,410.0,410.0,421.0,442.0,463.0,468.0,478.0,582.0,593.0,616.0,619.0,626.0,630.0,644.0,644.0,673.0,688.0,707.0,715.0,785.0,828.0,841.0,854.0,864.0,864.0,886.0,887.0,892.0,918.0,928.0,928.0,968.0,977.0,977.0,
31.0,76.0,112.0,114.0,163.0,183.0,193.0,205.0,205.0,218.0,237.0,267.0,269.0,272.0,289.0,312.0,331.0,365.0,399.0,432.0,444.0,460.0,461.0,481.0,520.0,547.0,561.0,618.0,679.0,699.0,747.0,754.0,764.0,782.0,806.0,887.0,895.0,910.0,919.0,931.0,934.0,935.0,953.0,956.0,992.0,
51.0,89.0,170.0,229.0,241.0,248.0,262.0,281.0,294.0,334.0,339.0,339.0,377.0,437.0,460.0,486.0,490.0,536.0,551.0,563.0,566.0,597.0,694.0,808.0,839.0,852.0,889.0,933.0,959.0,967.0,998.0,
6.0,12.0,72.0,86.0,117.0,140.0,154.0,218.0,228.0,244.0,322.0,337.0,343.0,354.0,369.0,424.0,479.0,482.0,539.0,558.0,580.0,585.0,598.0,653.0,661.0,695.0,736.0,751.0,771.0,773.0,778.0,779.0,789.0,803.0,831.0,890.0,892.0,912.0,918.0,968.0,975.0,993.0,993.0,
4.0,8.0,9.0,12.0,86.0,92.0,93.0,151.0,222.0,232.0,257.0,259.0,260.0,275.0,338.0,358.0,413.0,443.0,462.0,469.0,526.0,534.0,560.0,573.0,616.0,626.0,686.0,687.0,723.0,747.0,873.0,880.0,889.0,892.0,908.0,914.0,
27.0,47.0,60.0,82.0,97.0,100.0,136.0,142.0,173.0,184.0,217.0,223.0,253.0,263.0,274.0,294.0,303.0,312.0,315.0,355.0,357.0,366.0,400.0,401.0,437.0,464.0,486.0,489.0,527.0,530.0,531.0,548.0,573.0,580.0,614.0,615.0,626.0,628.0,646.0,658.0,677.0,677.0,679.0,682.0,695.0,708.0,740.0,743.0,764.0,768.0,778.0,788.0,847.0,864.0,877.0,911.0,928.0,967.0,972.0,
28.0,33.0,65.0,66.0,164.0,169.0,174.0,178.0,221.0,242.0,295.0,328.0,340.0,343.0,372.0,377.0,388.0,393.0,401.0,442.0,496.0,510.0,519.0,528.0,540.0,540.0,545.0,548.0,562.0,564.0,573.0,574.0,577.0,583.0,597.0,598.0,598.0,609.0,623.0,629.0,634.0,641.0,656.0,681.0,685.0,691.0,693.0,715.0,718.0,726.0,745.0,772.0,779.0,789.0,796.0,808.0,810.0,828.0,833.0,852.0,854.0,858.0,858.0,867.0,899.0,900.0,907.0,918.0,931.0,939.0,950.0,955.0,956.0,960.0,963.0,988.0,
32.0,37.0,58.0,64.0,104.0,158.0,172.0,174.0,186.0,195.0,239.0,243.0,260.0,268.0,303.0,333.0,381.0,519.0,533.0,549.0,559.0,568.0,571.0,571.0,575.0,576.0,608.0,608.0,609.0,610.0,626.0,649.0,651.0,653.0,700.0,751.0,755.0,792.0,802.0,807.0,817.0,831.0,848.0,872.0,880.0,899.0,922.0,937.0,960.0,974.0,
71.0,83.0,98.0,122.0,175.0,186.0,215.0,246.0,290.0,313.0,322.0,351.0,453.0,455.0,468.0,475.0,508.0,566.0,585.0,594.0,599.0,606.0,625.0,634.0,638.0,644.0,800.0,806.0,808.0,819.0,848.0,849.0,872.0,906.0,934.0,982.0,
13.0,13.0,124.0,134.0,139.0,140.0,145.0,156.0,159.0,194.0,211.0,228.0,244.0,251.0,267.0,279.0,314.0,332.0,348.0,367.0,389.0,420.0,484.0,510.0,534.0,568.0,605.0,607.0,665.0,668.0,697.0,720.0,825.0,830.0,858.0,882.0,989.0,
3.0,4.0,37.0,48.0,59.0,187.0,244.0,263.0,282.0,306.0,378.0,494.0,500.0,560.0,594.0,599.0,664.0,685.0,710.0,730.0,759.0,794.0,801.0,825.0,846.0,875.0,935.0,964.0,971.0,982.0,984.0,
17.0,29.0,49.0,97.0,117.0,154.0,161.0,172.0,205.0,218.0,254.0,276.0,308.0,377.0,392.0,417.0,439.0,449.0,478.0,489.0,508.0,508.0,544.0,553.0,569.0,572.0,612.0,613.0,690.0,707.0,711.0,722.0,739.0,746.0,753.0,760.0,862.0,862.0,917.0,933.0,940.0,948.0,957.0,
27.0,44.0,85.0,151.0,158.0,185.0,262.0,293.0,295.0,305.0,356.0,357.0,379.0,431.0,470.0,481.0,514.0,537.0,627.0,652.0,670.0,700.0,712.0,731.0,767.0,783.0,792.0,858.0,877.0,932.0,
10.0,25.0,58.0,93.0,149.0,162.0,190.0,194.0,303.0,306.0,316.0,328.0,433.0,454.0,469.0,478.0,504.0,539.0,550.0,568.0,579.0,587.0,595.0,636.0,685.0,741.0,746.0,748.0,760.0,791.0,798.0,820.0,827.0,833.0,917.0,941.0,951.0,952.0,957.0,979.0,981.0,
59.0,65.0,125.0,206.0,260.0,279.0,355.0,369.0,383.0,417.0,455.0,485.0,497.0,502.0,513.0,647.0,679.0,782.0,810.0,825.0,890.0,921.0,936.0,940.0,959.0,989.0,
9.0,48.0,53.0,97.0,123.0,132.0,143.0,163.0,178.0,249.0,253.0,273.0,279.0,283.0,285.0,286.0,304.0,397.0,445.0,514.0,549.0,557.0,566.0,606.0,698.0,701.0,734.0,755.0,777.0,779.0,901.0,910.0,959.0,975.0,
23.0,48.0,48.0,103.0,105.0,109.0,129.0,146.0,153.0,154.0,170.0,177.0,277.0,327.0,372.0,408.0,411.0,416.0,430.0,491.0,495.0,532.0,591.0,607.0,698.0,747.0,766.0,825.0,859.0,863.0,882.0,922.0,942.0,
44.0,48.0,90.0,143.0,146.0,168.0,175.0,193.0,278.0,281.0,293.0,310.0,316.0,329.0,332.0,345.0,349.0,357.0,359.0,382.0,388.0,398.0,399.0,402.0,461.0,531.0,639.0,679.0,692.0,748.0,749.0,760.0,780.0,842.0,888.0,900.0,912.0,933.0,972.0,984.0,985.0,
12.0,18.0,96.0,108.0,202.0,212.0,222.0,254.0,279.0,335.0,337.0,357.0,372.0,435.0,465.0,516.0,569.0,572.0,620.0,623.0,641.0,685.0,689.0,710.0,725.0,737.0,738.0,805.0,805.0,822.0,835.0,915.0,917.0,929.0,944.0,954.0,
38.0,58.0,97.0,169.0,194.0,223.0,255.0,257.0,264.0,296.0,305.0,306.0,309.0,315.0,316.0,330.0,384.0,434.0,473.0,473.0,476.0,479.0,497.0,497.0,513.0,518.0,519.0,527.0,601.0,643.0,651.0,666.0,719.0,732.0,771.0,777.0,784.0,850.0,851.0,889.0,942.0,960.0,965.0,985.0,997.0,
61.0,62.0,76.0,102.0,106.0,120.0,157.0,261.0,304.0,315.0,362.0,394.0,397.0,397.0,526.0,618.0,655.0,772.0,822.0,837.0,866.0,881.0,895.0,939.0,941.0,952.0,991.0,996.0,
25.0,46.0,48.0,63.0,76.0,84.0,108.0,175.0,190.0,195.0,214.0,220.0,298.0,298.0,308.0,360.0,372.0,378.0,458.0,516.0,555.0,613.0,674.0,694.0,736.0,740.0,749.0,764.0,778.0,928.0,963.0,992.0,996.0,
30.0,50.0,66.0,95.0,157.0,186.0,199.0,246.0,253.0,312.0,319.0,326.0,329.0,390.0,423.0,446.0,453.0,560.0,569.0,635.0,830.0,838.0,906.0,911.0,929.0,939.0,952.0,957.0,
13.0,32.0,49.0,67.0,86.0,112.0,113.0,125.0,150.0,269.0,323.0,324.0,345.0,388.0,394.0,409.0,410.0,437.0,473.0,506.0,530.0,532.0,548.0,556.0,571.0,576.0,613.0,616.0,621.0,623.0,660.0,707.0,731.0,732.0,776.0,871.0,883.0,890.0,907.0,938.0,995.0,
11.0,29.0,33.0,59.0,61.0,70.0,81.0,87.0,122.0,126.0,136.0,141.0,203.0,212.0,272.0,286.0,306.0,334.0,350.0,362.0,392.0,427.0,438.0,502.0,517.0,549.0,606.0,609.0,628.0,690.0,703.0,719.0,720.0,725.0,784.0,788.0,854.0,911.0,943.0,946.0,946.0,951.0,966.0,972.0,
42.0,62.0,79.0,81.0,85.0,91.0,110.0,140.0,148.0,183.0,202.0,262.0,300.0,327.0,330.0,352.0,382.0,441.0,469.0,476.0,521.0,526.0,585.0,624.0,646.0,653.0,695.0,733.0,756.0,758.0,765.0,769.0,771.0,822.0,823.0,929.0,945.0,956.0,967.0,971.0,
33.0,39.0,53.0,57.0,64.0,80.0,87.0,149.0,192.0,198.0,203.0,236.0,237.0,248.0,301.0,387.0,407.0,431.0,432.0,476.0,480.0,488.0,507.0,514.0,576.0,617.0,629.0,722.0,735.0,792.0,816.0,847.0,848.0,852.0,870.0,880.0,900.0,908.0,909.0,928.0,929.0,947.0,966.0,969.0,989.0,1000.0,
56.0,61.0,63.0,77.0,87.0,88.0,110.0,129.0,135.0,144.0,154.0,169.0,170.0,203.0,224.0,253.0,345.0,421.0,468.0,472.0,486.0,503.0,541.0,544.0,574.0,581.0,591.0,594.0,604.0,669.0,750.0,807.0,844.0,849.0,859.0,886.0,890.0,894.0,902.0,956.0,980.0,
32.0,34.0,91.0,174.0,186.0,215.0,228.0,248.0,267.0,288.0,289.0,296.0,297.0,344.0,371.0,407.0,435.0,468.0,557.0,562.0,620.0,631.0,695.0,712.0,734.0,777.0,893.0,901.0,
3.0,7.0,29.0,34.0,49.0,105.0,161.0,232.0,239.0,258.0,280.0,298.0,331.0,351.0,434.0,444.0,473.0,473.0,476.0,479.0,485.0,537.0,578.0,611.0,642.0,657.0,664.0,678.0,700.0,739.0,752.0,785.0,790.0,791.0,800.0,881.0,980.0,980.0,
2.0,22.0,25.0,81.0,83.0,107.0,116.0,140.0,185.0,215.0,268.0,275.0,298.0,316.0,327.0,351.0,367.0,393.0,436.0,436.0,442.0,529.0,588.0,603.0,680.0,755.0,755.0,783.0,802.0,902.0,915.0,920.0,923.0,927.0,946.0,972.0,
66.0,106.0,120.0,132.0,166.0,178.0,244.0,268.0,339.0,341.0,360.0,373.0,381.0,417.0,423.0,519.0,524.0,578.0,578.0,598.0,694.0,700.0,763.0,783.0,830.0,849.0,854.0,857.0,947.0,961.0,986.0,997.0,
2.0,60.0,65.0,69.0,70.0,74.0,96.0,196.0,255.0,331.0,347.0,354.0,356.0,370.0,374.0,380.0,428.0,465.0,469.0,534.0,553.0,574.0,587.0,597.0,605.0,635.0,674.0,677.0,684.0,706.0,732.0,745.0,772.0,775.0,776.0,797.0,821.0,822.0,831.0,869.0,872.0,907.0,917.0,947.0,957.0,
5.0,15.0,41.0,67.0,134.0,183.0,195.0,212.0,234.0,240.0,291.0,295.0,317.0,321.0,329.0,333.0,339.0,341.0,354.0,392.0,411.0,452.0,463.0,466.0,507.0,530.0,534.0,591.0,596.0,657.0,678.0,691.0,706.0,799.0,799.0,801.0,810.0,814.0,823.0,937.0,974.0,
29.0,37.0,59.0,71.0,84.0,119.0,180.0,183.0,185.0,216.0,220.0,241.0,275.0,283.0,289.0,365.0,442.0,472.0,472.0,488.0,530.0,556.0,558.0,580.0,618.0,634.0,794.0,802.0,813.0,850.0,856.0,857.0,863.0,882.0,885.0,892.0,931.0,941.0,962.0,
19.0,48.0,49.0,57.0,75.0,98.0,99.0,117.0,169.0,210.0,273.0,278.0,281.0,289.0,364.0,425.0,466.0,481.0,487.0,504.0,508.0,530.0,531.0,539.0,580.0,596.0,647.0,726.0,731.0,756.0,835.0,885.0,889.0,
5.0,19.0,58.0,81.0,82.0,88.0,94.0,236.0,324.0,349.0,382.0,398.0,404.0,409.0,463.0,478.0,505.0,521.0,544.0,579.0,596.0,605.0,632.0,679.0,723.0,731.0,758.0,761.0,804.0,838.0,842.0,866.0,886.0,894.0,895.0,918.0,938.0,957.0,978.0,997.0,
2.0,3.0,87.0,113.0,126.0,163.0,164.0,199.0,217.0,238.0,245.0,255.0,278.0,281.0,359.0,371.0,417.0,452.0,496.0,520.0,562.0,573.0,599.0,708.0,806.0,816.0,836.0,865.0,866.0,898.0,919.0,
35.0,161.0,210.0,319.0,380.0,381.0,434.0,435.0,438.0,475.0,486.0,490.0,555.0,597.0,672.0,679.0,692.0,808.0,813.0,845.0,850.0,850.0,857.0,868.0,888.0,895.0,896.0,909.0,926.0,946.0,997.0,
38.0,58.0,82.0,115.0,129.0,139.0,181.0,186.0,197.0,229.0,266.0,299.0,301.0,377.0,394.0,402.0,407.0,457.0,477.0,585.0,592.0,603.0,651.0,729.0,774.0,814.0,821.0,848.0,864.0,953.0,962.0,
15.0,23.0,74.0,96.0,96.0,112.0,113.0,116.0,163.0,172.0,196.0,249.0,258.0,288.0,296.0,310.0,317.0,322.0,348.0,358.0,363.0,396.0,416.0,438.0,443.0,453.0,457.0,516.0,532.0,578.0,582.0,606.0,620.0,625.0,644.0,678.0,679.0,732.0,734.0,761.0,770.0,861.0,891.0,899.0,904.0,909.0,911.0,923.0,951.0,954.0,961.0,980.0,984.0,1000.0,
