12.0,27.0,42.0,61.0,89.0,93.0,93.0,112.0,119.0,139.0,145.0,191.0,222.0,255.0,277.0,336.0,340.0,364.0,397.0,463.0,527.0,572.0,575.0,667.0,687.0,745.0,780.0,781.0,789.0,793.0,795.0,817.0,860.0,904.0,908.0,931.0,943.0,983.0,984.0,
7.0,49.0,58.0,103.0,111.0,150.0,219.0,239.0,262.0,268.0,273.0,274.0,345.0,353.0,387.0,397.0,457.0,492.0,542.0,587.0,595.0,646.0,647.0,678.0,716.0,717.0,805.0,808.0,852.0,897.0,910.0,915.0,944.0,
23.0,57.0,75.0,118.0,131.0,132.0,193.0,248.0,277.0,331.0,331.0,367.0,409.0,426.0,458.0,469.0,502.0,518.0,537.0,577.0,672.0,730.0,772.0,778.0,797.0,803.0,817.0,838.0,844.0,851.0,874.0,942.0,944.0,955.0,974.0,978.0,985.0,993.0,994.0,
17.0,34.0,88.0,103.0,118.0,129.0,174.0,184.0,194.0,215.0,238.0,270.0,289.0,291.0,347.0,348.0,395.0,425.0,431.0,475.0,495.0,495.0,500.0,522.0,557.0,585.0,639.0,661.0,665.0,670.0,678.0,697.0,705.0,719.0,760.0,804.0,828.0,835.0,848.0,851.0,884.0,894.0,902.0,942.0,947.0,988.0,
3.0,7.0,16.0,24.0,36.0,76.0,79.0,98.0,144.0,165.0,253.0,294.0,305.0,314.0,339.0,341.0,341.0,359.0,392.0,409.0,414.0,419.0,452.0,452.0,490.0,551.0,555.0,603.0,612.0,675.0,688.0,714.0,800.0,808.0,811.0,835.0,842.0,844.0,847.0,869.0,889.0,897.0,944.0,964.0,
24.0,33.0,62.0,87.0,101.0,167.0,174.0,196.0,205.0,249.0,275.0,276.0,338.0,359.0,451.0,497.0,497.0,567.0,573.0,584.0,589.0,598.0,644.0,659.0,663.0,677.0,715.0,717.0,721.0,725.0,889.0,928.0,941.0,968.0,998.0,
108.0,116.0,123.0,135.0,173.0,181.0,213.0,226.0,298.0,405.0,412.0,450.0,479.0,518.0,541.0,591.0,592.0,593.0,628.0,643.0,704.0,731.0,857.0,877.0,921.0,932.0,933.0,937.0,960.0,966.0,994.0,
93.0,97.0,112.0,127.0,170.0,225.0,230.0,241.0,262.0,284.0,344.0,344.0,372.0,379.0,401.0,405.0,445.0,521.0,690.0,741.0,746.0,795.0,871.0,879.0,908.0,
28.0,76.0,100.0,114.0,127.0,156.0,199.0,200.0,299.0,321.0,330.0,338.0,356.0,410.0,434.0,450.0,474.0,490.0,492.0,563.0,572.0,572.0,578.0,605.0,676.0,726.0,735.0,808.0,822.0,905.0,930.0,938.0,939.0,962.0,969.0,993.0,
22.0,33.0,35.0,60.0,109.0,128.0,209.0,221.0,230.0,264.0,270.0,286.0,294.0,327.0,328.0,339.0,340.0,360.0,363.0,369.0,406.0,407.0,422.0,459.0,476.0,519.0,573.0,599.0,688.0,719.0,728.0,740.0,805.0,851.0,896.0,937.0,949.0,952.0,959.0,981.0,985.0,
50.0,107.0,117.0,176.0,179.0,217.0,227.0,259.0,302.0,314.0,315.0,350.0,400.0,425.0,435.0,471.0,473.0,512.0,520.0,529.0,535.0,541.0,563.0,585.0,591.0,604.0,633.0,655.0,697.0,702.0,743.0,827.0,835.0,889.0,897.0,905.0,915.0,950.0,963.0,994.0,
22.0,43.0,44.0,47.0,59.0,83.0,99.0,183.0,192.0,200.0,219.0,259.0,270.0,356.0,380.0,381.0,414.0,419.0,445.0,527.0,567.0,604.0,617.0,631.0,641.0,696.0,789.0,815.0,919.0,937.0,953.0,961.0,998.0,
26.0,48.0,54.0,68.0,86.0,103.0,190.0,201.0,284.0,313.0,328.0,370.0,391.0,402.0,425.0,430.0,461.0,476.0,498.0,506.0,548.0,554.0,554.0,586.0,589.0,602.0,625.0,638.0,661.0,667.0,730.0,738.0,758.0,775.0,775.0,778.0,780.0,802.0,817.0,829.0,866.0,892.0,930.0,936.0,938.0,943.0,991.0,996.0,
39.0,105.0,188.0,196.0,229.0,231.0,250.0,251.0,253.0,257.0,299.0,303.0,338.0,356.0,363.0,383.0,410.0,415.0,440.0,532.0,541.0,563.0,578.0,613.0,647.0,651.0,670.0,683.0,747.0,823.0,841.0,844.0,854.0,910.0,
77.0,87.0,161.0,187.0,257.0,305.0,335.0,400.0,413.0,427.0,460.0,466.0,481.0,519.0,600.0,612.0,626.0,628.0,657.0,740.0,763.0,866.0,879.0,888.0,900.0,945.0,971.0,993.0,
12.0,13.0,61.0,87.0,130.0,235.0,237.0,251.0,277.0,339.0,364.0,407.0,421.0,427.0,459.0,461.0,504.0,523.0,533.0,548.0,572.0,607.0,676.0,710.0,736.0,763.0,792.0,801.0,837.0,889.0,997.0,997.0,
56.0,140.0,199.0,218.0,223.0,296.0,317.0,331.0,371.0,428.0,465.0,479.0,491.0,492.0,503.0,516.0,525.0,579.0,588.0,662.0,681.0,688.0,705.0,756.0,782.0,787.0,795.0,863.0,896.0,940.0,960.0,
64.0,85.0,91.0,169.0,207.0,223.0,243.0,281.0,294.0,321.0,375.0,397.0,400.0,421.0,465.0,473.0,507.0,508.0,519.0,520.0,566.0,576.0,700.0,722.0,731.0,743.0,746.0,754.0,764.0,773.0,780.0,881.0,889.0,891.0,914.0,
24.0,32.0,60.0,88.0,162.0,217.0,219.0,246.0,274.0,287.0,289.0,305.0,336.0,342.0,344.0,422.0,462.0,525.0,534.0,575.0,578.0,606.0,615.0,659.0,695.0,726.0,727.0,741.0,746.0,749.0,768.0,783.0,789.0,815.0,863.0,950.0,974.0,994.0,996.0,
24.0,57.0,75.0,75.0,85.0,119.0,132.0,135.0,180.0,211.0,212.0,238.0,305.0,340.0,358.0,389.0,392.0,409.0,443.0,541.0,554.0,556.0,571.0,586.0,586.0,591.0,591.0,595.0,638.0,659.0,677.0,689.0,693.0,705.0,788.0,800.0,818.0,818.0,823.0,858.0,860.0,917.0,922.0,950.0,985.0,1000.0,
12.0,18.0,65.0,105.0,109.0,114.0,161.0,175.0,202.0,317.0,319.0,385.0,450.0,455.0,465.0,473.0,489.0,493.0,597.0,599.0,637.0,658.0,705.0,729.0,743.0,795.0,800.0,824.0,857.0,876.0,914.0,916.0,
15.0,33.0,55.0,83.0,105.0,106.0,125.0,148.0,215.0,233.0,237.0,286.0,297.0,331.0,366.0,368.0,449.0,456.0,480.0,499.0,502.0,518.0,584.0,596.0,597.0,680.0,692.0,715.0,749.0,829.0,856.0,871.0,887.0,928.0,944.0,953.0,960.0,
11.0,17.0,58.0,119.0,127.0,136.0,141.0,183.0,214.0,218.0,234.0,255.0,270.0,321.0,325.0,352.0,393.0,399.0,399.0,404.0,469.0,510.0,527.0,554.0,556.0,566.0,596.0,605.0,645.0,662.0,691.0,708.0,712.0,717.0,749.0,761.0,809.0,971.0,
14.0,95.0,111.0,155.0,160.0,182.0,245.0,254.0,281.0,311.0,324.0,361.0,395.0,532.0,591.0,596.0,597.0,598.0,603.0,655.0,657.0,676.0,709.0,836.0,858.0,901.0,919.0,950.0,959.0,
21.0,67.0,102.0,110.0,117.0,118.0,138.0,179.0,209.0,229.0,237.0,245.0,269.0,333.0,373.0,393.0,398.0,419.0,426.0,427.0,431.0,438.0,462.0,480.0,595.0,599.0,636.0,674.0,705.0,716.0,722.0,763.0,776.0,782.0,807.0,813.0,828.0,833.0,841.0,889.0,896.0,925.0,
22.0,29.0,38.0,41.0,45.0,52.0,64.0,183.0,199.0,201.0,342.0,356.0,368.0,385.0,406.0,488.0,548.0,553.0,647.0,806.0,848.0,877.0,921.0,957.0,975.0,999.0,999.0,
2.0,3.0,157.0,171.0,188.0,217.0,217.0,229.0,247.0,253.0,277.0,286.0,308.0,311.0,340.0,401.0,484.0,543.0,548.0,599.0,610.0,655.0,720.0,723.0,770.0,795.0,860.0,873.0,897.0,904.0,922.0,932.0,956.0,987.0,
17.0,20.0,110.0,116.0,168.0,285.0,294.0,344.0,378.0,398.0,420.0,441.0,493.0,494.0,502.0,527.0,547.0,581.0,644.0,664.0,668.0,685.0,715.0,744.0,747.0,754.0,786.0,856.0,860.0,862.0,896.0,910.0,915.0,932.0,956.0,976.0,990.0,
14.0,28.0,54.0,146.0,180.0,187.0,187.0,212.0,216.0,238.0,238.0,266.0,295.0,299.0,308.0,317.0,377.0,397.0,406.0,406.0,410.0,477.0,486.0,509.0,510.0,515.0,537.0,567.0,610.0,621.0,648.0,691.0,723.0,748.0,750.0,761.0,776.0,801.0,833.0,862.0,931.0,978.0,
17.0,42.0,94.0,117.0,171.0,196.0,197.0,201.0,244.0,267.0,273.0,293.0,296.0,325.0,328.0,336.0,350.0,417.0,521.0,555.0,577.0,605.0,644.0,667.0,706.0,724.0,746.0,757.0,798.0,858.0,926.0,940.0,941.0,
5.0,96.0,97.0,115.0,127.0,131.0,174.0,177.0,208.0,220.0,269.0,277.0,307.0,318.0,382.0,389.0,399.0,447.0,456.0,467.0,475.0,478.0,530.0,533.0,539.0,557.0,582.0,590.0,657.0,703.0,735.0,751.0,777.0,796.0,809.0,850.0,858.0,897.0,914.0,945.0,945.0,998.0,
3.0,96.0,136.0,146.0,178.0,215.0,220.0,226.0,230.0,245.0,251.0,265.0,316.0,318.0,386.0,402.0,420.0,445.0,494.0,525.0,681.0,712.0,740.0,818.0,823.0,857.0,867.0,882.0,891.0,918.0,999.0,
16.0,39.0,184.0,215.0,236.0,240.0,272.0,293.0,317.0,326.0,347.0,416.0,504.0,523.0,528.0,568.0,620.0,625.0,693.0,702.0,764.0,770.0,772.0,871.0,942.0,967.0,974.0,996.0,
101.0,119.0,158.0,181.0,189.0,197.0,235.0,248.0,263.0,278.0,292.0,312.0,348.0,400.0,407.0,429.0,452.0,458.0,459.0,492.0,554.0,556.0,559.0,626.0,648.0,653.0,656.0,688.0,692.0,699.0,703.0,799.0,824.0,834.0,879.0,883.0,905.0,937.0,960.0,
10.0,110.0,146.0,199.0,215.0,240.0,258.0,266.0,282.0,378.0,398.0,450.0,470.0,476.0,485.0,498.0,589.0,622.0,623.0,625.0,672.0,687.0,717.0,723.0,732.0,754.0,800.0,805.0,865.0,876.0,893.0,896.0,898.0,954.0,995.0,
10.0,21.0,44.0,68.0,96.0,97.0,123.0,144.0,152.0,197.0,213.0,217.0,280.0,322.0,323.0,346.0,377.0,396.0,410.0,417.0,437.0,501.0,561.0,587.0,596.0,597.0,659.0,722.0,791.0,828.0,904.0,
13.0,53.0,60.0,68.0,70.0,96.0,130.0,167.0,177.0,219.0,222.0,230.0,235.0,261.0,291.0,334.0,375.0,394.0,421.0,432.0,495.0,533.0,538.0,549.0,561.0,565.0,586.0,601.0,648.0,654.0,758.0,766.0,794.0,796.0,836.0,943.0,
19.0,36.0,52.0,55.0,67.0,109.0,147.0,150.0,151.0,151.0,166.0,210.0,239.0,294.0,345.0,346.0,360.0,381.0,383.0,398.0,420.0,425.0,468.0,473.0,473.0,509.0,513.0,527.0,528.0,634.0,655.0,743.0,765.0,792.0,796.0,834.0,854.0,877.0,908.0,969.0,
4.0,120.0,140.0,154.0,166.0,178.0,187.0,213.0,241.0,247.0,266.0,270.0,286.0,302.0,330.0,348.0,359.0,399.0,403.0,434.0,467.0,537.0,569.0,575.0,618.0,640.0,648.0,698.0,724.0,736.0,762.0,777.0,858.0,864.0,939.0,996.0,
28.0,33.0,87.0,162.0,181.0,182.0,188.0,190.0,244.0,273.0,303.0,309.0,315.0,322.0,335.0,336.0,366.0,385.0,403.0,411.0,422.0,456.0,471.0,494.0,518.0,537.0,579.0,602.0,673.0,723.0,726.0,727.0,737.0,774.0,788.0,794.0,840.0,847.0,887.0,891.0,902.0,929.0,964.0,
10.0,38.0,130.0,135.0,165.0,189.0,194.0,197.0,257.0,294.0,303.0,334.0,390.0,410.0,461.0,492.0,550.0,553.0,568.0,568.0,572.0,592.0,602.0,633.0,742.0,766.0,787.0,834.0,904.0,936.0,947.0,
8.0,49.0,98.0,101.0,117.0,130.0,130.0,164.0,237.0,268.0,292.0,314.0,318.0,332.0,382.0,383.0,388.0,455.0,458.0,469.0,509.0,515.0,537.0,546.0,547.0,548.0,555.0,560.0,583.0,584.0,586.0,689.0,690.0,715.0,766.0,795.0,812.0,818.0,841.0,841.0,846.0,897.0,957.0,974.0,
35.0,120.0,137.0,166.0,216.0,282.0,307.0,395.0,424.0,455.0,456.0,460.0,474.0,485.0,511.0,527.0,558.0,591.0,594.0,599.0,620.0,724.0,796.0,804.0,861.0,945.0,956.0,968.0,975.0,997.0,
11.0,14.0,30.0,92.0,113.0,114.0,180.0,209.0,215.0,237.0,280.0,296.0,340.0,357.0,405.0,450.0,450.0,504.0,538.0,561.0,650.0,669.0,712.0,718.0,793.0,798.0,801.0,837.0,895.0,908.0,
2.0,95.0,131.0,155.0,287.0,308.0,331.0,365.0,380.0,415.0,442.0,459.0,490.0,527.0,528.0,556.0,583.0,585.0,592.0,610.0,618.0,620.0,621.0,634.0,638.0,647.0,657.0,677.0,683.0,693.0,708.0,709.0,730.0,802.0,836.0,852.0,859.0,876.0,920.0,955.0,960.0,
49.0,77.0,113.0,153.0,161.0,165.0,178.0,234.0,263.0,321.0,411.0,493.0,520.0,542.0,544.0,547.0,554.0,557.0,561.0,564.0,565.0,566.0,576.0,590.0,591.0,594.0,601.0,602.0,606.0,610.0,641.0,642.0,650.0,691.0,701.0,707.0,717.0,719.0,720.0,720.0,726.0,729.0,738.0,744.0,774.0,780.0,783.0,792.0,837.0,840.0,855.0,857.0,892.0,911.0,919.0,944.0,979.0,994.0,
48.0,81.0,110.0,149.0,212.0,231.0,275.0,288.0,304.0,312.0,312.0,383.0,395.0,413.0,432.0,455.0,522.0,532.0,546.0,548.0,549.0,553.0,553.0,571.0,579.0,582.0,586.0,588.0,599.0,601.0,610.0,615.0,619.0,622.0,622.0,627.0,643.0,654.0,663.0,709.0,712.0,724.0,752.0,769.0,770.0,780.0,811.0,813.0,828.0,855.0,864.0,883.0,899.0,934.0,996.0,
21.0,58.0,86.0,99.0,117.0,141.0,187.0,189.0,347.0,359.0,433.0,435.0,448.0,448.0,481.0,488.0,563.0,596.0,655.0,693.0,715.0,734.0,741.0,848.0,856.0,862.0,913.0,987.0,
47.0,85.0,108.0,110.0,130.0,168.0,180.0,220.0,232.0,285.0,295.0,298.0,329.0,348.0,354.0,382.0,454.0,463.0,467.0,494.0,508.0,561.0,677.0,716.0,716.0,821.0,824.0,832.0,949.0,
23.0,24.0,49.0,63.0,94.0,120.0,164.0,167.0,172.0,198.0,227.0,246.0,316.0,331.0,337.0,412.0,425.0,431.0,468.0,483.0,487.0,492.0,499.0,551.0,616.0,638.0,683.0,694.0,704.0,759.0,776.0,844.0,871.0,875.0,988.0,989.0,
8.0,47.0,53.0,87.0,103.0,135.0,188.0,201.0,227.0,241.0,257.0,258.0,277.0,290.0,316.0,321.0,344.0,373.0,400.0,433.0,499.0,504.0,528.0,550.0,571.0,586.0,589.0,681.0,815.0,892.0,905.0,907.0,939.0,939.0,957.0,972.0,988.0,
8.0,33.0,84.0,138.0,200.0,218.0,247.0,268.0,273.0,295.0,305.0,312.0,314.0,339.0,365.0,380.0,440.0,448.0,449.0,473.0,506.0,575.0,604.0,615.0,659.0,674.0,710.0,779.0,786.0,827.0,828.0,866.0,935.0,938.0,980.0,
30.0,117.0,151.0,171.0,171.0,173.0,183.0,205.0,242.0,249.0,261.0,322.0,336.0,448.0,449.0,451.0,457.0,459.0,469.0,486.0,488.0,511.0,512.0,516.0,531.0,547.0,584.0,606.0,618.0,620.0,639.0,683.0,726.0,739.0,754.0,765.0,812.0,844.0,868.0,877.0,880.0,904.0,954.0,965.0,971.0,
42.0,44.0,61.0,62.0,72.0,86.0,125.0,143.0,151.0,282.0,315.0,321.0,352.0,367.0,378.0,425.0,434.0,458.0,479.0,613.0,680.0,683.0,704.0,716.0,731.0,861.0,888.0,893.0,895.0,
23.0,32.0,94.0,117.0,138.0,155.0,198.0,200.0,216.0,222.0,240.0,268.0,286.0,289.0,292.0,344.0,387.0,401.0,402.0,415.0,428.0,444.0,466.0,479.0,503.0,533.0,537.0,538.0,539.0,543.0,554.0,560.0,565.0,571.0,572.0,577.0,623.0,625.0,629.0,635.0,646.0,647.0,648.0,659.0,669.0,714.0,735.0,743.0,756.0,779.0,798.0,822.0,831.0,842.0,849.0,849.0,864.0,871.0,872.0,889.0,904.0,920.0,928.0,936.0,945.0,956.0,966.0,981.0,984.0,991.0,
31.0,40.0,55.0,67.0,116.0,133.0,144.0,269.0,288.0,295.0,305.0,318.0,341.0,401.0,421.0,424.0,433.0,445.0,457.0,501.0,516.0,518.0,524.0,532.0,535.0,543.0,543.0,551.0,553.0,558.0,561.0,572.0,575.0,586.0,591.0,593.0,593.0,594.0,598.0,600.0,601.0,605.0,618.0,620.0,624.0,628.0,636.0,654.0,667.0,667.0,674.0,678.0,678.0,681.0,699.0,704.0,719.0,720.0,724.0,749.0,756.0,776.0,793.0,837.0,846.0,846.0,867.0,867.0,911.0,912.0,924.0,926.0,928.0,931.0,941.0,946.0,969.0,996.0,
8.0,25.0,36.0,69.0,81.0,85.0,90.0,97.0,123.0,125.0,130.0,132.0,132.0,159.0,184.0,201.0,207.0,217.0,251.0,281.0,291.0,411.0,431.0,445.0,480.0,482.0,513.0,521.0,552.0,559.0,580.0,589.0,592.0,595.0,599.0,602.0,635.0,660.0,663.0,663.0,735.0,748.0,763.0,770.0,780.0,784.0,787.0,798.0,843.0,845.0,864.0,872.0,888.0,897.0,906.0,983.0,
11.0,22.0,42.0,56.0,56.0,121.0,125.0,129.0,133.0,203.0,207.0,264.0,267.0,310.0,343.0,379.0,409.0,412.0,420.0,430.0,476.0,498.0,530.0,561.0,578.0,582.0,611.0,707.0,755.0,796.0,800.0,820.0,828.0,854.0,946.0,
84.0,85.0,87.0,101.0,120.0,125.0,140.0,149.0,163.0,221.0,242.0,256.0,276.0,281.0,291.0,294.0,321.0,336.0,350.0,362.0,363.0,374.0,380.0,401.0,412.0,437.0,503.0,521.0,545.0,547.0,547.0,551.0,552.0,603.0,689.0,738.0,751.0,766.0,812.0,817.0,834.0,860.0,872.0,874.0,916.0,940.0,945.0,957.0,961.0,976.0,990.0,
31.0,51.0,65.0,70.0,72.0,118.0,245.0,252.0,295.0,365.0,371.0,372.0,375.0,401.0,408.0,433.0,492.0,505.0,542.0,574.0,607.0,607.0,614.0,624.0,709.0,728.0,748.0,759.0,793.0,806.0,833.0,934.0,946.0,982.0,
7.0,30.0,33.0,46.0,98.0,154.0,210.0,224.0,248.0,270.0,287.0,287.0,336.0,352.0,385.0,418.0,466.0,558.0,560.0,563.0,602.0,642.0,650.0,699.0,841.0,879.0,922.0,937.0,960.0,
4.0,20.0,114.0,179.0,187.0,209.0,227.0,234.0,236.0,267.0,279.0,307.0,320.0,338.0,340.0,359.0,375.0,381.0,399.0,411.0,472.0,484.0,509.0,513.0,565.0,581.0,611.0,613.0,642.0,720.0,721.0,763.0,770.0,794.0,892.0,902.0,920.0,936.0,958.0,973.0,994.0,
5.0,26.0,116.0,127.0,198.0,219.0,219.0,220.0,221.0,227.0,230.0,252.0,280.0,296.0,312.0,319.0,337.0,342.0,362.0,392.0,418.0,446.0,451.0,500.0,587.0,601.0,625.0,639.0,640.0,658.0,679.0,700.0,716.0,760.0,801.0,824.0,837.0,848.0,869.0,907.0,907.0,973.0,985.0,
4.0,132.0,147.0,269.0,331.0,335.0,396.0,457.0,473.0,493.0,506.0,521.0,558.0,561.0,592.0,599.0,599.0,632.0,740.0,769.0,773.0,788.0,794.0,823.0,857.0,863.0,869.0,891.0,963.0,
36.0,37.0,80.0,85.0,102.0,103.0,118.0,192.0,302.0,304.0,345.0,369.0,397.0,433.0,456.0,500.0,508.0,521.0,526.0,528.0,539.0,542.0,553.0,556.0,560.0,562.0,570.0,580.0,587.0,588.0,642.0,653.0,653.0,679.0,687.0,688.0,690.0,695.0,728.0,744.0,779.0,815.0,838.0,865.0,912.0,917.0,918.0,921.0,942.0,976.0,981.0,993.0,995.0,
2.0,19.0,61.0,78.0,155.0,201.0,364.0,375.0,382.0,433.0,497.0,497.0,504.0,506.0,519.0,520.0,522.0,534.0,544.0,552.0,553.0,571.0,572.0,579.0,583.0,585.0,585.0,594.0,601.0,614.0,634.0,643.0,662.0,672.0,710.0,715.0,720.0,723.0,756.0,794.0,812.0,826.0,832.0,835.0,858.0,858.0,860.0,863.0,883.0,894.0,898.0,912.0,913.0,913.0,922.0,932.0,947.0,951.0,958.0,982.0,986.0,
7.0,70.0,129.0,167.0,182.0,193.0,262.0,284.0,298.0,355.0,365.0,393.0,397.0,457.0,536.0,537.0,558.0,562.0,563.0,590.0,621.0,638.0,649.0,654.0,693.0,761.0,785.0,792.0,816.0,850.0,883.0,949.0,998.0,
34.0,104.0,132.0,144.0,192.0,196.0,197.0,211.0,288.0,300.0,350.0,363.0,369.0,373.0,378.0,412.0,422.0,447.0,448.0,457.0,480.0,502.0,506.0,546.0,642.0,708.0,716.0,755.0,807.0,851.0,861.0,879.0,887.0,891.0,910.0,980.0,
26.0,51.0,86.0,110.0,116.0,169.0,176.0,183.0,231.0,255.0,279.0,286.0,307.0,368.0,402.0,402.0,439.0,486.0,499.0,554.0,585.0,694.0,715.0,722.0,731.0,885.0,907.0,933.0,941.0,946.0,
9.0,79.0,111.0,160.0,183.0,316.0,369.0,500.0,508.0,536.0,562.0,563.0,569.0,578.0,607.0,709.0,717.0,738.0,738.0,776.0,796.0,809.0,816.0,840.0,929.0,943.0,954.0,963.0,998.0,
4.0,47.0,133.0,143.0,218.0,328.0,351.0,463.0,489.0,660.0,666.0,732.0,733.0,787.0,800.0,804.0,878.0,904.0,946.0,997.0,1000.0,
76.0,79.0,98.0,115.0,127.0,150.0,163.0,219.0,232.0,258.0,262.0,263.0,274.0,277.0,277.0,277.0,304.0,308.0,344.0,351.0,477.0,494.0,573.0,579.0,618.0,666.0,693.0,699.0,750.0,775.0,776.0,821.0,852.0,862.0,863.0,886.0,888.0,976.0,983.0,
40.0,73.0,106.0,123.0,135.0,139.0,180.0,204.0,212.0,217.0,219.0,222.0,227.0,306.0,310.0,325.0,373.0,388.0,395.0,405.0,411.0,425.0,435.0,437.0,459.0,466.0,494.0,526.0,572.0,587.0,590.0,617.0,639.0,721.0,795.0,818.0,827.0,872.0,877.0,905.0,974.0,
4.0,11.0,118.0,120.0,154.0,159.0,174.0,175.0,193.0,206.0,230.0,235.0,243.0,273.0,289.0,297.0,317.0,319.0,324.0,364.0,374.0,382.0,409.0,455.0,505.0,531.0,581.0,592.0,623.0,634.0,648.0,649.0,654.0,735.0,826.0,868.0,915.0,915.0,928.0,953.0,960.0,988.0,
28.0,29.0,34.0,104.0,113.0,164.0,166.0,195.0,214.0,294.0,296.0,336.0,346.0,347.0,371.0,403.0,408.0,435.0,441.0,447.0,523.0,548.0,589.0,749.0,761.0,838.0,851.0,869.0,881.0,886.0,908.0,910.0,951.0,
83.0,117.0,134.0,154.0,156.0,173.0,233.0,243.0,249.0,250.0,266.0,291.0,401.0,418.0,427.0,462.0,479.0,545.0,547.0,558.0,561.0,567.0,580.0,583.0,599.0,641.0,662.0,679.0,736.0,768.0,848.0,849.0,873.0,938.0,
16.0,65.0,95.0,117.0,211.0,231.0,255.0,280.0,303.0,325.0,328.0,345.0,351.0,361.0,405.0,409.0,424.0,429.0,519.0,540.0,578.0,579.0,653.0,663.0,684.0,707.0,724.0,725.0,725.0,734.0,734.0,746.0,788.0,792.0,796.0,804.0,808.0,870.0,895.0,953.0,
8.0,22.0,128.0,129.0,150.0,177.0,197.0,260.0,283.0,349.0,366.0,393.0,406.0,440.0,487.0,492.0,522.0,526.0,552.0,577.0,729.0,787.0,818.0,839.0,871.0,888.0,889.0,916.0,947.0,992.0,
39.0,85.0,107.0,128.0,157.0,224.0,280.0,299.0,302.0,336.0,366.0,397.0,398.0,402.0,429.0,516.0,575.0,579.0,596.0,608.0,666.0,668.0,728.0,750.0,791.0,816.0,818.0,821.0,835.0,839.0,920.0,969.0,991.0,
29.0,43.0,73.0,76.0,187.0,232.0,243.0,244.0,250.0,266.0,360.0,365.0,394.0,403.0,429.0,438.0,515.0,592.0,624.0,666.0,759.0,764.0,829.0,840.0,844.0,847.0,853.0,877.0,878.0,929.0,935.0,
131.0,155.0,167.0,219.0,289.0,297.0,351.0,356.0,396.0,438.0,457.0,457.0,466.0,467.0,473.0,479.0,480.0,495.0,509.0,509.0,516.0,556.0,579.0,599.0,638.0,650.0,658.0,680.0,694.0,712.0,729.0,850.0,850.0,859.0,862.0,917.0,999.0,
13.0,24.0,77.0,93.0,158.0,176.0,216.0,220.0,242.0,318.0,337.0,372.0,418.0,487.0,491.0,501.0,508.0,572.0,598.0,669.0,693.0,700.0,713.0,785.0,856.0,879.0,895.0,931.0,943.0,965.0,976.0,
35.0,43.0,80.0,89.0,108.0,119.0,140.0,151.0,159.0,164.0,174.0,194.0,254.0,286.0,287.0,300.0,310.0,314.0,365.0,423.0,426.0,446.0,491.0,539.0,615.0,616.0,638.0,658.0,677.0,707.0,822.0,843.0,867.0,903.0,925.0,942.0,952.0,966.0,
2.0,122.0,127.0,146.0,146.0,214.0,238.0,262.0,273.0,318.0,331.0,342.0,378.0,385.0,420.0,450.0,456.0,503.0,576.0,603.0,613.0,633.0,635.0,690.0,694.0,708.0,755.0,756.0,840.0,872.0,900.0,916.0,918.0,948.0,952.0,
27.0,43.0,140.0,156.0,236.0,280.0,292.0,304.0,345.0,372.0,403.0,445.0,538.0,559.0,567.0,644.0,656.0,666.0,670.0,688.0,705.0,766.0,769.0,778.0,779.0,802.0,861.0,875.0,935.0,948.0,981.0,982.0,989.0,
65.0,74.0,90.0,123.0,232.0,269.0,278.0,284.0,285.0,286.0,295.0,335.0,344.0,359.0,455.0,455.0,472.0,478.0,484.0,492.0,501.0,505.0,526.0,552.0,558.0,601.0,660.0,671.0,673.0,695.0,741.0,745.0,749.0,755.0,762.0,789.0,834.0,846.0,851.0,919.0,973.0,981.0,
6.0,14.0,110.0,158.0,183.0,227.0,233.0,235.0,239.0,258.0,327.0,464.0,476.0,505.0,561.0,575.0,670.0,677.0,729.0,761.0,789.0,799.0,820.0,859.0,861.0,904.0,912.0,954.0,964.0,
19.0,59.0,73.0,97.0,100.0,174.0,199.0,222.0,239.0,294.0,296.0,305.0,314.0,320.0,342.0,376.0,388.0,396.0,469.0,516.0,526.0,573.0,589.0,685.0,706.0,708.0,738.0,775.0,806.0,830.0,837.0,839.0,839.0,848.0,879.0,917.0,920.0,948.0,955.0,975.0,983.0,
26.0,31.0,31.0,119.0,162.0,167.0,204.0,365.0,384.0,406.0,425.0,439.0,474.0,477.0,481.0,482.0,537.0,562.0,563.0,580.0,605.0,681.0,692.0,750.0,773.0,811.0,901.0,942.0,944.0,946.0,989.0,993.0,
6.0,45.0,49.0,83.0,234.0,242.0,293.0,346.0,357.0,362.0,373.0,384.0,393.0,451.0,463.0,483.0,528.0,538.0,600.0,634.0,637.0,648.0,657.0,698.0,785.0,809.0,843.0,880.0,919.0,937.0,949.0,965.0,969.0,969.0,985.0,992.0,998.0,
6.0,22.0,62.0,144.0,145.0,194.0,293.0,303.0,388.0,390.0,413.0,416.0,517.0,517.0,537.0,556.0,571.0,616.0,645.0,652.0,653.0,655.0,671.0,757.0,825.0,847.0,856.0,857.0,902.0,910.0,978.0,
11.0,11.0,61.0,100.0,114.0,116.0,156.0,174.0,186.0,226.0,232.0,255.0,271.0,291.0,301.0,313.0,424.0,433.0,461.0,514.0,548.0,564.0,567.0,718.0,740.0,767.0,767.0,804.0,829.0,861.0,866.0,873.0,912.0,933.0,954.0,967.0,967.0,991.0,994.0,
5.0,38.0,55.0,66.0,84.0,91.0,106.0,131.0,159.0,217.0,253.0,311.0,314.0,317.0,381.0,396.0,446.0,447.0,485.0,534.0,597.0,628.0,635.0,636.0,656.0,670.0,725.0,794.0,882.0,909.0,949.0,975.0,
13.0,15.0,76.0,90.0,93.0,113.0,128.0,216.0,219.0,234.0,275.0,288.0,368.0,369.0,378.0,389.0,412.0,461.0,485.0,541.0,549.0,574.0,584.0,665.0,698.0,711.0,728.0,734.0,743.0,820.0,863.0,876.0,897.0,905.0,916.0,976.0,995.0,999.0,
24.0,44.0,62.0,64.0,79.0,128.0,169.0,169.0,183.0,197.0,233.0,251.0,255.0,330.0,394.0,419.0,425.0,483.0,494.0,596.0,670.0,722.0,741.0,794.0,844.0,863.0,873.0,892.0,910.0,959.0,962.0,
4.0,25.0,48.0,54.0,57.0,57.0,84.0,115.0,135.0,221.0,265.0,273.0,294.0,380.0,381.0,392.0,396.0,418.0,421.0,439.0,445.0,537.0,549.0,588.0,602.0,603.0,612.0,616.0,636.0,661.0,711.0,789.0,816.0,818.0,857.0,909.0,
28.0,69.0,69.0,79.0,82.0,109.0,148.0,167.0,181.0,244.0,254.0,259.0,279.0,323.0,338.0,349.0,387.0,392.0,402.0,413.0,505.0,560.0,595.0,627.0,694.0,707.0,769.0,798.0,847.0,850.0,869.0,889.0,909.0,917.0,948.0,957.0,960.0,967.0,
50.0,52.0,97.0,97.0,101.0,168.0,189.0,253.0,264.0,264.0,278.0,295.0,311.0,326.0,336.0,339.0,394.0,397.0,407.0,425.0,441.0,466.0,474.0,505.0,541.0,571.0,624.0,673.0,700.0,702.0,724.0,758.0,768.0,834.0,883.0,912.0,922.0,936.0,953.0,
5.0,38.0,74.0,128.0,221.0,223.0,258.0,262.0,283.0,289.0,392.0,395.0,427.0,436.0,454.0,467.0,576.0,692.0,713.0,771.0,858.0,905.0,906.0,914.0,929.0,943.0,955.0,969.0,976.0,
29.0,30.0,53.0,53.0,126.0,137.0,187.0,211.0,278.0,301.0,307.0,329.0,356.0,369.0,375.0,389.0,466.0,468.0,478.0,530.0,570.0,623.0,702.0,723.0,727.0,744.0,759.0,814.0,839.0,905.0,909.0,982.0,992.0,
