15.0,27.0,36.0,96.0,100.0,116.0,131.0,160.0,243.0,251.0,322.0,343.0,359.0,427.0,449.0,474.0,489.0,525.0,590.0,591.0,593.0,601.0,616.0,646.0,673.0,758.0,770.0,832.0,847.0,859.0,884.0,896.0,900.0,913.0,925.0,985.0,997.0,
19.0,25.0,35.0,38.0,64.0,78.0,93.0,97.0,99.0,114.0,167.0,234.0,321.0,334.0,443.0,448.0,487.0,497.0,643.0,686.0,687.0,719.0,746.0,783.0,786.0,795.0,802.0,825.0,878.0,911.0,922.0,931.0,
27.0,50.0,91.0,96.0,150.0,159.0,167.0,214.0,219.0,251.0,276.0,308.0,367.0,375.0,437.0,476.0,498.0,547.0,548.0,602.0,612.0,645.0,648.0,682.0,711.0,748.0,751.0,765.0,766.0,780.0,793.0,811.0,843.0,904.0,936.0,937.0,973.0,994.0,999.0,
30.0,42.0,48.0,74.0,237.0,296.0,298.0,315.0,340.0,388.0,413.0,414.0,433.0,475.0,479.0,488.0,530.0,553.0,600.0,603.0,695.0,740.0,779.0,799.0,836.0,873.0,888.0,890.0,920.0,932.0,937.0,967.0,
4.0,15.0,16.0,24.0,57.0,89.0,132.0,137.0,170.0,171.0,195.0,270.0,306.0,316.0,369.0,380.0,400.0,420.0,427.0,438.0,445.0,454.0,479.0,510.0,556.0,602.0,641.0,655.0,675.0,733.0,872.0,924.0,953.0,955.0,957.0,970.0,
4.0,34.0,49.0,149.0,163.0,179.0,200.0,270.0,275.0,284.0,286.0,300.0,324.0,328.0,413.0,456.0,473.0,479.0,536.0,611.0,639.0,655.0,706.0,719.0,721.0,728.0,741.0,776.0,801.0,808.0,824.0,880.0,904.0,930.0,
33.0,41.0,62.0,77.0,104.0,119.0,181.0,223.0,278.0,281.0,300.0,355.0,385.0,408.0,424.0,433.0,522.0,524.0,532.0,554.0,578.0,657.0,678.0,722.0,737.0,782.0,789.0,869.0,925.0,947.0,964.0,
3.0,52.0,90.0,100.0,102.0,109.0,109.0,182.0,203.0,251.0,260.0,285.0,296.0,361.0,378.0,462.0,481.0,493.0,535.0,543.0,549.0,557.0,597.0,610.0,633.0,697.0,703.0,711.0,752.0,805.0,825.0,858.0,929.0,949.0,959.0,978.0,
39.0,66.0,73.0,83.0,89.0,134.0,181.0,202.0,207.0,264.0,274.0,283.0,307.0,334.0,339.0,415.0,425.0,441.0,456.0,508.0,516.0,534.0,562.0,571.0,631.0,633.0,657.0,717.0,727.0,728.0,743.0,751.0,820.0,833.0,863.0,951.0,978.0,993.0,
27.0,42.0,135.0,162.0,164.0,276.0,276.0,292.0,295.0,324.0,351.0,364.0,395.0,434.0,442.0,506.0,513.0,534.0,549.0,573.0,580.0,594.0,616.0,618.0,620.0,672.0,693.0,710.0,762.0,768.0,781.0,782.0,816.0,818.0,837.0,839.0,882.0,937.0,957.0,966.0,974.0,995.0,996.0,
37.0,42.0,65.0,100.0,119.0,119.0,155.0,191.0,196.0,199.0,211.0,217.0,230.0,236.0,256.0,262.0,302.0,322.0,335.0,376.0,377.0,384.0,415.0,439.0,442.0,444.0,448.0,455.0,478.0,490.0,538.0,555.0,559.0,572.0,575.0,616.0,701.0,733.0,751.0,775.0,798.0,807.0,822.0,826.0,839.0,845.0,854.0,898.0,905.0,935.0,960.0,975.0,
17.0,91.0,175.0,236.0,237.0,263.0,270.0,347.0,349.0,364.0,369.0,382.0,398.0,447.0,459.0,472.0,472.0,513.0,555.0,586.0,595.0,637.0,648.0,667.0,685.0,741.0,743.0,782.0,788.0,788.0,808.0,813.0,817.0,824.0,860.0,898.0,901.0,915.0,922.0,928.0,951.0,970.0,981.0,983.0,988.0,
25.0,47.0,55.0,108.0,134.0,139.0,168.0,201.0,209.0,276.0,278.0,292.0,316.0,323.0,347.0,378.0,421.0,446.0,501.0,515.0,531.0,579.0,588.0,593.0,605.0,624.0,666.0,670.0,682.0,693.0,726.0,729.0,749.0,785.0,785.0,791.0,844.0,
18.0,22.0,40.0,43.0,80.0,83.0,238.0,254.0,259.0,278.0,353.0,365.0,368.0,437.0,438.0,502.0,508.0,524.0,529.0,537.0,581.0,694.0,713.0,750.0,759.0,766.0,779.0,781.0,804.0,812.0,845.0,916.0,930.0,941.0,942.0,946.0,990.0,
4.0,11.0,44.0,45.0,50.0,69.0,75.0,108.0,117.0,216.0,217.0,231.0,280.0,294.0,322.0,355.0,369.0,376.0,401.0,435.0,451.0,476.0,541.0,587.0,590.0,618.0,658.0,747.0,765.0,775.0,801.0,843.0,871.0,872.0,882.0,894.0,949.0,957.0,985.0,990.0,
63.0,67.0,67.0,96.0,113.0,125.0,187.0,250.0,285.0,287.0,342.0,344.0,344.0,358.0,388.0,456.0,606.0,627.0,628.0,676.0,682.0,753.0,793.0,794.0,824.0,858.0,882.0,899.0,905.0,906.0,
42.0,98.0,123.0,153.0,218.0,221.0,232.0,285.0,302.0,355.0,366.0,373.0,386.0,395.0,428.0,439.0,541.0,543.0,631.0,638.0,685.0,741.0,768.0,799.0,804.0,814.0,824.0,836.0,864.0,897.0,901.0,902.0,
7.0,39.0,88.0,106.0,221.0,244.0,258.0,267.0,292.0,298.0,364.0,365.0,443.0,449.0,480.0,487.0,498.0,518.0,531.0,535.0,561.0,564.0,569.0,679.0,680.0,773.0,781.0,845.0,878.0,880.0,880.0,886.0,947.0,952.0,1000.0,
36.0,38.0,58.0,68.0,169.0,173.0,185.0,227.0,259.0,283.0,326.0,334.0,343.0,358.0,385.0,395.0,409.0,418.0,448.0,494.0,523.0,550.0,551.0,614.0,616.0,632.0,647.0,650.0,655.0,682.0,708.0,727.0,765.0,803.0,931.0,991.0,
36.0,56.0,72.0,83.0,116.0,122.0,134.0,135.0,142.0,146.0,147.0,162.0,218.0,238.0,242.0,264.0,271.0,284.0,316.0,325.0,354.0,400.0,407.0,415.0,416.0,421.0,433.0,502.0,518.0,547.0,585.0,621.0,649.0,653.0,745.0,787.0,796.0,802.0,871.0,878.0,926.0,934.0,937.0,962.0,
44.0,83.0,96.0,107.0,113.0,134.0,182.0,188.0,253.0,274.0,289.0,298.0,321.0,325.0,369.0,385.0,397.0,470.0,512.0,517.0,532.0,543.0,576.0,594.0,631.0,631.0,631.0,666.0,684.0,706.0,737.0,752.0,820.0,826.0,852.0,896.0,926.0,950.0,971.0,990.0,991.0,
16.0,40.0,69.0,102.0,130.0,137.0,147.0,203.0,234.0,236.0,247.0,285.0,339.0,370.0,392.0,421.0,426.0,476.0,477.0,530.0,592.0,619.0,624.0,659.0,690.0,715.0,737.0,790.0,795.0,831.0,879.0,902.0,923.0,964.0,984.0,993.0,
3.0,88.0,90.0,142.0,184.0,195.0,350.0,355.0,362.0,380.0,385.0,419.0,434.0,446.0,459.0,527.0,566.0,616.0,643.0,647.0,672.0,676.0,693.0,710.0,744.0,841.0,883.0,933.0,967.0,969.0,
19.0,29.0,32.0,69.0,98.0,115.0,156.0,157.0,160.0,186.0,197.0,216.0,223.0,224.0,244.0,255.0,267.0,276.0,328.0,328.0,371.0,375.0,405.0,466.0,477.0,503.0,513.0,547.0,549.0,611.0,612.0,637.0,661.0,662.0,663.0,680.0,708.0,711.0,725.0,733.0,737.0,763.0,793.0,812.0,935.0,942.0,
45.0,46.0,115.0,118.0,149.0,179.0,211.0,233.0,285.0,302.0,337.0,350.0,375.0,382.0,416.0,417.0,426.0,437.0,518.0,574.0,616.0,628.0,648.0,666.0,669.0,704.0,737.0,738.0,749.0,750.0,755.0,771.0,783.0,791.0,794.0,801.0,816.0,820.0,831.0,832.0,837.0,840.0,842.0,854.0,917.0,986.0,990.0,993.0,
80.0,92.0,125.0,149.0,157.0,200.0,215.0,245.0,249.0,318.0,341.0,361.0,385.0,486.0,512.0,512.0,562.0,595.0,614.0,678.0,710.0,762.0,785.0,844.0,872.0,872.0,924.0,991.0,
2.0,34.0,70.0,74.0,75.0,86.0,152.0,165.0,174.0,207.0,211.0,234.0,251.0,268.0,281.0,299.0,382.0,401.0,438.0,468.0,483.0,483.0,520.0,556.0,575.0,634.0,642.0,660.0,670.0,705.0,750.0,769.0,789.0,800.0,810.0,815.0,828.0,855.0,860.0,865.0,877.0,882.0,904.0,933.0,939.0,974.0,
3.0,40.0,72.0,97.0,99.0,109.0,117.0,138.0,174.0,195.0,220.0,253.0,263.0,272.0,285.0,369.0,387.0,445.0,463.0,506.0,547.0,550.0,577.0,598.0,619.0,676.0,726.0,750.0,777.0,797.0,865.0,880.0,900.0,907.0,919.0,950.0,980.0,991.0,
13.0,38.0,38.0,44.0,80.0,102.0,103.0,107.0,202.0,239.0,299.0,354.0,362.0,382.0,417.0,438.0,482.0,538.0,550.0,575.0,589.0,629.0,717.0,754.0,755.0,784.0,833.0,867.0,919.0,932.0,932.0,933.0,951.0,954.0,983.0,
52.0,101.0,134.0,143.0,167.0,215.0,217.0,225.0,240.0,240.0,308.0,363.0,365.0,376.0,419.0,423.0,442.0,465.0,472.0,473.0,479.0,493.0,499.0,536.0,558.0,588.0,601.0,630.0,647.0,652.0,730.0,737.0,740.0,757.0,764.0,777.0,807.0,875.0,979.0,985.0,985.0,
141.0,153.0,169.0,172.0,239.0,254.0,255.0,258.0,263.0,276.0,376.0,380.0,397.0,402.0,419.0,501.0,572.0,582.0,595.0,601.0,670.0,777.0,779.0,799.0,857.0,873.0,936.0,948.0,983.0,990.0,
3.0,43.0,43.0,50.0,61.0,64.0,76.0,88.0,100.0,145.0,147.0,178.0,185.0,199.0,222.0,258.0,277.0,309.0,316.0,316.0,378.0,411.0,413.0,510.0,522.0,526.0,552.0,579.0,589.0,632.0,638.0,645.0,668.0,680.0,727.0,753.0,758.0,814.0,815.0,834.0,857.0,862.0,865.0,874.0,878.0,893.0,915.0,917.0,921.0,927.0,936.0,981.0,
42.0,68.0,119.0,142.0,168.0,204.0,226.0,240.0,306.0,383.0,419.0,435.0,485.0,520.0,588.0,622.0,625.0,646.0,665.0,667.0,672.0,700.0,719.0,722.0,725.0,788.0,801.0,818.0,831.0,835.0,932.0,976.0,
106.0,146.0,152.0,161.0,258.0,274.0,330.0,359.0,367.0,380.0,384.0,422.0,488.0,522.0,532.0,636.0,657.0,672.0,684.0,717.0,733.0,765.0,790.0,809.0,830.0,847.0,850.0,862.0,871.0,884.0,897.0,918.0,956.0,
7.0,25.0,39.0,58.0,107.0,110.0,138.0,141.0,150.0,151.0,153.0,175.0,193.0,207.0,227.0,357.0,383.0,384.0,398.0,432.0,439.0,444.0,472.0,520.0,532.0,537.0,567.0,603.0,617.0,635.0,636.0,642.0,645.0,647.0,661.0,702.0,728.0,748.0,781.0,798.0,805.0,861.0,869.0,881.0,891.0,910.0,925.0,932.0,961.0,967.0,987.0,997.0,
52.0,72.0,86.0,102.0,159.0,188.0,212.0,236.0,249.0,256.0,257.0,264.0,273.0,278.0,336.0,366.0,393.0,481.0,523.0,529.0,548.0,571.0,574.0,591.0,621.0,643.0,735.0,758.0,772.0,816.0,831.0,841.0,859.0,871.0,876.0,932.0,943.0,967.0,
141.0,154.0,161.0,165.0,165.0,183.0,200.0,204.0,223.0,228.0,231.0,278.0,354.0,356.0,369.0,406.0,408.0,419.0,446.0,483.0,497.0,498.0,505.0,541.0,571.0,573.0,642.0,659.0,659.0,675.0,731.0,746.0,785.0,787.0,832.0,894.0,905.0,926.0,927.0,993.0,
14.0,59.0,76.0,121.0,143.0,162.0,185.0,205.0,206.0,261.0,267.0,278.0,283.0,305.0,414.0,481.0,499.0,557.0,607.0,667.0,675.0,732.0,766.0,814.0,817.0,870.0,875.0,945.0,971.0,972.0,
7.0,8.0,13.0,30.0,47.0,62.0,67.0,135.0,137.0,192.0,205.0,226.0,234.0,239.0,268.0,269.0,355.0,362.0,385.0,390.0,403.0,411.0,433.0,470.0,471.0,507.0,528.0,579.0,594.0,635.0,670.0,675.0,675.0,806.0,854.0,897.0,
8.0,14.0,25.0,71.0,100.0,117.0,163.0,194.0,251.0,260.0,268.0,295.0,299.0,317.0,379.0,383.0,404.0,435.0,448.0,474.0,564.0,674.0,674.0,694.0,748.0,783.0,784.0,786.0,821.0,824.0,825.0,841.0,916.0,918.0,934.0,944.0,944.0,961.0,978.0,999.0,
3.0,32.0,36.0,40.0,61.0,121.0,128.0,152.0,156.0,160.0,161.0,167.0,176.0,208.0,214.0,246.0,264.0,325.0,451.0,459.0,472.0,496.0,502.0,509.0,556.0,567.0,603.0,613.0,632.0,662.0,669.0,744.0,750.0,751.0,767.0,770.0,795.0,843.0,930.0,932.0,946.0,947.0,961.0,992.0,
91.0,121.0,176.0,190.0,302.0,317.0,350.0,352.0,383.0,387.0,489.0,489.0,520.0,643.0,732.0,736.0,773.0,774.0,824.0,839.0,965.0,
6.0,100.0,122.0,188.0,198.0,290.0,296.0,336.0,365.0,370.0,391.0,428.0,471.0,550.0,571.0,576.0,593.0,612.0,632.0,689.0,701.0,731.0,811.0,862.0,922.0,962.0,962.0,967.0,968.0,
3.0,3.0,8.0,15.0,15.0,48.0,56.0,60.0,80.0,104.0,119.0,143.0,175.0,194.0,261.0,264.0,277.0,292.0,308.0,316.0,338.0,347.0,393.0,435.0,475.0,508.0,542.0,552.0,559.0,572.0,585.0,637.0,710.0,714.0,725.0,750.0,769.0,774.0,805.0,844.0,878.0,894.0,933.0,939.0,
26.0,63.0,66.0,80.0,112.0,150.0,154.0,158.0,168.0,172.0,211.0,248.0,254.0,275.0,299.0,315.0,325.0,327.0,371.0,385.0,395.0,406.0,483.0,570.0,576.0,577.0,619.0,627.0,627.0,660.0,668.0,678.0,712.0,725.0,769.0,790.0,808.0,820.0,834.0,872.0,875.0,877.0,930.0,936.0,985.0,985.0,
30.0,69.0,79.0,129.0,147.0,177.0,207.0,246.0,271.0,293.0,320.0,468.0,498.0,522.0,553.0,559.0,563.0,587.0,639.0,692.0,732.0,771.0,788.0,794.0,797.0,856.0,872.0,893.0,898.0,903.0,907.0,915.0,962.0,
17.0,67.0,82.0,89.0,92.0,145.0,202.0,230.0,234.0,240.0,289.0,391.0,402.0,463.0,468.0,530.0,535.0,549.0,570.0,614.0,670.0,688.0,759.0,808.0,820.0,823.0,825.0,850.0,883.0,898.0,904.0,914.0,960.0,
15.0,50.0,56.0,78.0,86.0,94.0,122.0,148.0,175.0,225.0,260.0,285.0,303.0,370.0,371.0,377.0,420.0,427.0,485.0,489.0,534.0,540.0,622.0,623.0,669.0,671.0,732.0,735.0,745.0,777.0,821.0,824.0,843.0,857.0,877.0,889.0,894.0,907.0,950.0,982.0,
15.0,35.0,56.0,88.0,196.0,253.0,338.0,376.0,415.0,424.0,541.0,565.0,670.0,704.0,734.0,738.0,754.0,827.0,848.0,862.0,891.0,894.0,920.0,976.0,994.0,
76.0,104.0,122.0,122.0,135.0,249.0,260.0,286.0,296.0,299.0,385.0,471.0,472.0,489.0,519.0,524.0,532.0,548.0,589.0,597.0,599.0,628.0,677.0,700.0,746.0,753.0,796.0,825.0,828.0,860.0,868.0,926.0,967.0,973.0,
15.0,32.0,43.0,54.0,56.0,82.0,102.0,129.0,139.0,144.0,150.0,168.0,214.0,243.0,274.0,322.0,367.0,378.0,393.0,401.0,508.0,518.0,522.0,570.0,595.0,599.0,674.0,701.0,736.0,749.0,750.0,751.0,789.0,823.0,907.0,941.0,968.0,990.0,
75.0,103.0,127.0,133.0,180.0,190.0,255.0,271.0,277.0,342.0,343.0,345.0,346.0,357.0,406.0,452.0,533.0,549.0,549.0,633.0,771.0,777.0,803.0,843.0,872.0,875.0,876.0,903.0,903.0,905.0,927.0,973.0,978.0,
35.0,39.0,54.0,84.0,85.0,100.0,131.0,141.0,159.0,189.0,201.0,206.0,230.0,258.0,266.0,276.0,356.0,455.0,465.0,472.0,544.0,550.0,601.0,632.0,643.0,670.0,689.0,698.0,718.0,736.0,805.0,826.0,852.0,854.0,869.0,884.0,896.0,904.0,923.0,927.0,971.0,992.0,
7.0,60.0,67.0,69.0,118.0,121.0,124.0,137.0,159.0,185.0,214.0,239.0,311.0,379.0,383.0,549.0,642.0,738.0,751.0,818.0,856.0,859.0,878.0,886.0,889.0,899.0,933.0,944.0,950.0,950.0,967.0,1000.0,
7.0,50.0,108.0,176.0,182.0,186.0,211.0,247.0,250.0,265.0,270.0,283.0,323.0,335.0,354.0,387.0,407.0,430.0,529.0,536.0,539.0,549.0,589.0,593.0,620.0,682.0,696.0,711.0,724.0,729.0,744.0,775.0,812.0,819.0,915.0,945.0,953.0,970.0,984.0,996.0,
4.0,8.0,30.0,79.0,126.0,151.0,197.0,250.0,273.0,348.0,408.0,424.0,440.0,457.0,475.0,531.0,555.0,567.0,590.0,599.0,606.0,607.0,628.0,633.0,637.0,650.0,668.0,679.0,689.0,699.0,707.0,713.0,749.0,783.0,797.0,802.0,818.0,838.0,851.0,864.0,882.0,883.0,889.0,906.0,937.0,959.0,968.0,969.0,975.0,982.0,998.0,
16.0,63.0,145.0,282.0,310.0,313.0,356.0,373.0,379.0,422.0,427.0,438.0,493.0,511.0,513.0,567.0,587.0,641.0,651.0,694.0,707.0,726.0,778.0,789.0,834.0,838.0,843.0,879.0,881.0,887.0,925.0,932.0,951.0,
6.0,66.0,105.0,153.0,166.0,169.0,190.0,202.0,214.0,221.0,237.0,301.0,310.0,375.0,377.0,412.0,427.0,491.0,496.0,594.0,612.0,635.0,680.0,724.0,735.0,763.0,823.0,840.0,889.0,889.0,897.0,924.0,998.0,
68.0,69.0,116.0,139.0,170.0,170.0,172.0,179.0,183.0,221.0,236.0,241.0,260.0,265.0,283.0,332.0,347.0,359.0,380.0,392.0,401.0,407.0,408.0,411.0,414.0,415.0,513.0,516.0,533.0,566.0,573.0,576.0,594.0,596.0,614.0,616.0,641.0,664.0,675.0,686.0,709.0,729.0,730.0,816.0,834.0,854.0,868.0,896.0,970.0,
71.0,168.0,171.0,218.0,266.0,331.0,390.0,413.0,413.0,444.0,463.0,463.0,475.0,479.0,537.0,545.0,554.0,567.0,610.0,611.0,624.0,644.0,666.0,666.0,688.0,709.0,750.0,789.0,809.0,815.0,822.0,831.0,920.0,934.0,936.0,967.0,976.0,
16.0,69.0,147.0,148.0,195.0,225.0,253.0,267.0,276.0,313.0,349.0,439.0,444.0,455.0,489.0,503.0,570.0,603.0,644.0,653.0,659.0,700.0,710.0,742.0,768.0,769.0,849.0,
19.0,21.0,25.0,45.0,85.0,111.0,116.0,160.0,171.0,244.0,245.0,284.0,321.0,349.0,379.0,398.0,425.0,440.0,485.0,528.0,528.0,542.0,614.0,648.0,661.0,696.0,701.0,702.0,731.0,731.0,741.0,906.0,953.0,986.0,989.0,990.0,997.0,997.0,
54.0,61.0,172.0,177.0,207.0,210.0,238.0,247.0,254.0,258.0,287.0,315.0,354.0,354.0,365.0,376.0,377.0,391.0,452.0,465.0,536.0,634.0,753.0,800.0,821.0,821.0,875.0,885.0,890.0,895.0,898.0,917.0,921.0,928.0,939.0,962.0,988.0,
46.0,65.0,78.0,131.0,148.0,156.0,231.0,244.0,250.0,261.0,269.0,275.0,317.0,323.0,340.0,381.0,401.0,439.0,455.0,485.0,496.0,553.0,558.0,560.0,585.0,586.0,596.0,648.0,701.0,717.0,723.0,725.0,781.0,809.0,821.0,859.0,937.0,952.0,970.0,
94.0,96.0,147.0,188.0,212.0,246.0,256.0,274.0,308.0,319.0,331.0,333.0,346.0,352.0,381.0,384.0,392.0,438.0,456.0,457.0,488.0,492.0,529.0,545.0,583.0,595.0,624.0,636.0,639.0,658.0,723.0,726.0,738.0,802.0,803.0,811.0,829.0,831.0,861.0,865.0,869.0,936.0,992.0,
141.0,145.0,163.0,185.0,236.0,274.0,311.0,339.0,342.0,387.0,391.0,409.0,452.0,459.0,467.0,475.0,508.0,549.0,597.0,605.0,645.0,676.0,676.0,682.0,683.0,707.0,711.0,728.0,749.0,763.0,770.0,840.0,878.0,898.0,928.0,953.0,
10.0,14.0,59.0,77.0,80.0,104.0,107.0,131.0,137.0,221.0,260.0,276.0,279.0,298.0,299.0,334.0,343.0,380.0,396.0,420.0,454.0,455.0,502.0,526.0,545.0,546.0,644.0,646.0,651.0,652.0,724.0,752.0,757.0,760.0,774.0,830.0,831.0,858.0,860.0,904.0,922.0,935.0,953.0,985.0,
23.0,46.0,47.0,76.0,113.0,143.0,148.0,150.0,156.0,160.0,169.0,234.0,241.0,251.0,256.0,298.0,309.0,362.0,366.0,381.0,382.0,398.0,445.0,447.0,450.0,464.0,479.0,482.0,485.0,494.0,519.0,540.0,544.0,549.0,551.0,573.0,615.0,649.0,650.0,657.0,672.0,756.0,765.0,770.0,780.0,808.0,838.0,856.0,890.0,914.0,917.0,936.0,955.0,988.0,
71.0,123.0,140.0,202.0,248.0,291.0,307.0,308.0,354.0,371.0,385.0,415.0,418.0,419.0,477.0,488.0,576.0,597.0,610.0,638.0,774.0,781.0,842.0,893.0,955.0,
16.0,41.0,58.0,70.0,189.0,193.0,287.0,334.0,390.0,401.0,407.0,430.0,452.0,456.0,472.0,562.0,579.0,599.0,616.0,728.0,744.0,761.0,776.0,834.0,844.0,897.0,907.0,915.0,976.0,
36.0,38.0,42.0,60.0,100.0,126.0,201.0,222.0,246.0,260.0,310.0,348.0,349.0,351.0,397.0,406.0,434.0,478.0,529.0,533.0,566.0,575.0,682.0,718.0,731.0,738.0,753.0,759.0,761.0,764.0,780.0,783.0,846.0,874.0,881.0,893.0,918.0,945.0,961.0,971.0,
2.0,78.0,78.0,84.0,154.0,255.0,260.0,274.0,304.0,329.0,350.0,446.0,528.0,538.0,615.0,615.0,631.0,647.0,668.0,671.0,674.0,675.0,677.0,689.0,734.0,740.0,805.0,827.0,841.0,923.0,936.0,940.0,942.0,961.0,965.0,997.0,
2.0,17.0,79.0,143.0,173.0,191.0,203.0,209.0,209.0,216.0,218.0,245.0,255.0,281.0,316.0,365.0,424.0,444.0,527.0,588.0,594.0,651.0,663.0,669.0,679.0,819.0,823.0,850.0,909.0,912.0,916.0,958.0,977.0,982.0,
16.0,49.0,56.0,57.0,59.0,110.0,196.0,203.0,226.0,288.0,306.0,316.0,329.0,401.0,414.0,417.0,418.0,423.0,444.0,445.0,449.0,474.0,542.0,562.0,571.0,580.0,622.0,624.0,639.0,664.0,716.0,721.0,767.0,770.0,799.0,913.0,944.0,
57.0,92.0,96.0,165.0,188.0,226.0,280.0,302.0,307.0,326.0,336.0,348.0,387.0,391.0,394.0,464.0,506.0,516.0,547.0,568.0,577.0,667.0,730.0,739.0,750.0,808.0,876.0,903.0,909.0,924.0,960.0,993.0,
5.0,18.0,27.0,125.0,212.0,313.0,317.0,319.0,335.0,346.0,379.0,403.0,425.0,504.0,506.0,509.0,517.0,525.0,588.0,590.0,601.0,627.0,636.0,655.0,661.0,667.0,672.0,701.0,744.0,755.0,779.0,783.0,788.0,795.0,801.0,815.0,839.0,884.0,902.0,932.0,938.0,955.0,999.0,
40.0,74.0,79.0,88.0,103.0,130.0,141.0,147.0,217.0,271.0,283.0,315.0,342.0,343.0,444.0,449.0,454.0,457.0,463.0,466.0,599.0,647.0,742.0,749.0,833.0,833.0,836.0,855.0,858.0,914.0,942.0,
57.0,71.0,74.0,121.0,154.0,166.0,173.0,230.0,277.0,288.0,310.0,321.0,328.0,435.0,438.0,442.0,496.0,513.0,541.0,565.0,576.0,614.0,636.0,666.0,689.0,728.0,731.0,766.0,775.0,889.0,945.0,951.0,973.0,973.0,986.0,
3.0,13.0,16.0,71.0,73.0,79.0,80.0,147.0,178.0,196.0,231.0,248.0,250.0,258.0,289.0,320.0,326.0,391.0,455.0,463.0,467.0,475.0,475.0,504.0,532.0,554.0,561.0,561.0,599.0,613.0,682.0,730.0,766.0,785.0,792.0,877.0,908.0,936.0,952.0,
3.0,4.0,26.0,47.0,52.0,69.0,109.0,182.0,230.0,267.0,320.0,399.0,403.0,436.0,446.0,546.0,574.0,594.0,601.0,625.0,656.0,666.0,695.0,709.0,713.0,722.0,748.0,810.0,875.0,943.0,947.0,948.0,951.0,993.0,
35.0,106.0,110.0,138.0,152.0,153.0,171.0,182.0,183.0,184.0,197.0,201.0,213.0,226.0,302.0,308.0,311.0,330.0,382.0,449.0,487.0,529.0,565.0,601.0,617.0,659.0,666.0,679.0,716.0,723.0,726.0,727.0,775.0,977.0,996.0,
4.0,19.0,99.0,124.0,136.0,161.0,190.0,196.0,241.0,245.0,289.0,305.0,329.0,344.0,358.0,403.0,414.0,421.0,451.0,496.0,529.0,569.0,579.0,586.0,592.0,606.0,617.0,691.0,721.0,748.0,758.0,782.0,792.0,812.0,866.0,875.0,878.0,878.0,923.0,939.0,940.0,953.0,954.0,989.0,
28.0,41.0,74.0,108.0,139.0,175.0,215.0,239.0,259.0,306.0,314.0,317.0,323.0,342.0,380.0,384.0,388.0,407.0,421.0,422.0,432.0,449.0,484.0,579.0,668.0,697.0,715.0,821.0,868.0,899.0,941.0,989.0,992.0,
23.0,26.0,87.0,140.0,146.0,162.0,206.0,223.0,242.0,243.0,256.0,260.0,268.0,280.0,290.0,371.0,403.0,438.0,438.0,460.0,469.0,470.0,515.0,558.0,568.0,604.0,645.0,694.0,699.0,701.0,736.0,767.0,799.0,801.0,863.0,869.0,874.0,878.0,879.0,888.0,909.0,917.0,979.0,
28.0,36.0,112.0,169.0,188.0,207.0,222.0,223.0,227.0,269.0,283.0,332.0,365.0,376.0,377.0,380.0,412.0,447.0,485.0,489.0,527.0,570.0,614.0,630.0,700.0,714.0,747.0,756.0,759.0,764.0,768.0,773.0,774.0,777.0,862.0,871.0,886.0,972.0,
8.0,42.0,68.0,107.0,207.0,287.0,299.0,303.0,323.0,384.0,386.0,465.0,490.0,492.0,502.0,505.0,506.0,514.0,517.0,547.0,568.0,666.0,696.0,700.0,713.0,754.0,774.0,821.0,821.0,832.0,852.0,862.0,869.0,896.0,956.0,968.0,
30.0,55.0,85.0,119.0,120.0,157.0,238.0,263.0,282.0,304.0,329.0,336.0,358.0,371.0,381.0,400.0,417.0,437.0,438.0,453.0,463.0,477.0,478.0,511.0,636.0,652.0,691.0,724.0,731.0,797.0,842.0,860.0,861.0,865.0,895.0,976.0,987.0,
9.0,23.0,39.0,45.0,98.0,148.0,195.0,237.0,254.0,293.0,305.0,363.0,461.0,505.0,537.0,567.0,597.0,649.0,659.0,675.0,690.0,692.0,736.0,782.0,866.0,893.0,930.0,965.0,983.0,987.0,988.0,
28.0,76.0,102.0,127.0,143.0,147.0,168.0,205.0,206.0,208.0,234.0,268.0,288.0,317.0,341.0,371.0,393.0,490.0,501.0,527.0,547.0,602.0,610.0,651.0,692.0,710.0,712.0,728.0,742.0,743.0,814.0,814.0,818.0,884.0,890.0,924.0,959.0,989.0,
42.0,122.0,171.0,173.0,173.0,190.0,209.0,210.0,238.0,268.0,307.0,338.0,344.0,379.0,393.0,399.0,421.0,435.0,439.0,441.0,522.0,532.0,536.0,587.0,612.0,648.0,652.0,701.0,704.0,718.0,720.0,724.0,731.0,762.0,774.0,792.0,814.0,878.0,901.0,953.0,979.0,
88.0,157.0,187.0,208.0,244.0,300.0,309.0,313.0,323.0,325.0,356.0,398.0,429.0,444.0,446.0,478.0,512.0,555.0,593.0,674.0,688.0,717.0,732.0,773.0,773.0,808.0,825.0,833.0,834.0,838.0,851.0,907.0,951.0,952.0,953.0,964.0,
6.0,50.0,117.0,166.0,212.0,225.0,227.0,244.0,247.0,265.0,280.0,286.0,317.0,332.0,363.0,388.0,389.0,393.0,407.0,411.0,441.0,446.0,463.0,499.0,517.0,569.0,573.0,590.0,686.0,708.0,753.0,779.0,794.0,798.0,800.0,841.0,854.0,865.0,899.0,941.0,946.0,956.0,965.0,967.0,983.0,
4.0,12.0,55.0,106.0,176.0,217.0,226.0,231.0,241.0,266.0,271.0,306.0,344.0,344.0,357.0,366.0,367.0,414.0,440.0,459.0,539.0,565.0,573.0,599.0,683.0,684.0,697.0,733.0,757.0,793.0,862.0,895.0,938.0,982.0,
5.0,135.0,142.0,249.0,260.0,280.0,283.0,301.0,425.0,450.0,502.0,503.0,505.0,519.0,537.0,552.0,578.0,641.0,645.0,654.0,681.0,711.0,739.0,783.0,793.0,854.0,878.0,923.0,940.0,941.0,950.0,971.0,997.0,
40.0,88.0,112.0,148.0,161.0,194.0,232.0,249.0,283.0,290.0,294.0,311.0,313.0,362.0,368.0,514.0,548.0,590.0,634.0,664.0,671.0,671.0,717.0,732.0,733.0,759.0,787.0,801.0,812.0,824.0,826.0,841.0,874.0,904.0,982.0,985.0,
20.0,33.0,42.0,44.0,142.0,146.0,174.0,177.0,194.0,199.0,200.0,214.0,261.0,262.0,268.0,396.0,428.0,431.0,441.0,448.0,474.0,560.0,563.0,565.0,575.0,585.0,840.0,906.0,916.0,951.0,954.0,964.0,975.0,
10.0,68.0,128.0,136.0,153.0,169.0,207.0,210.0,247.0,253.0,284.0,297.0,306.0,326.0,376.0,388.0,395.0,404.0,419.0,443.0,549.0,555.0,576.0,597.0,599.0,640.0,666.0,688.0,696.0,697.0,700.0,718.0,747.0,790.0,833.0,866.0,874.0,904.0,946.0,957.0,971.0,
13.0,14.0,44.0,54.0,69.0,78.0,79.0,107.0,123.0,135.0,152.0,199.0,202.0,216.0,245.0,265.0,278.0,289.0,341.0,345.0,350.0,378.0,383.0,406.0,459.0,465.0,523.0,541.0,541.0,560.0,572.0,641.0,666.0,667.0,679.0,740.0,756.0,763.0,772.0,846.0,877.0,900.0,921.0,985.0,
26.0,27.0,79.0,133.0,147.0,191.0,229.0,230.0,286.0,298.0,346.0,358.0,359.0,378.0,445.0,534.0,592.0,609.0,636.0,665.0,714.0,721.0,736.0,738.0,741.0,763.0,791.0,801.0,814.0,822.0,823.0,839.0,850.0,852.0,861.0,862.0,877.0,898.0,938.0,976.0,996.0,
18.0,25.0,40.0,44.0,49.0,82.0,103.0,148.0,153.0,160.0,180.0,226.0,249.0,306.0,317.0,345.0,364.0,365.0,373.0,431.0,445.0,473.0,491.0,515.0,553.0,577.0,591.0,624.0,655.0,671.0,686.0,695.0,703.0,706.0,719.0,760.0,763.0,764.0,790.0,825.0,857.0,890.0,913.0,925.0,931.0,934.0,936.0,971.0,981.0,987.0,992.0,
