23.0,28.0,54.0,63.0,103.0,121.0,163.0,167.0,187.0,253.0,266.0,276.0,280.0,317.0,325.0,347.0,392.0,435.0,481.0,490.0,526.0,566.0,567.0,569.0,572.0,603.0,649.0,662.0,753.0,781.0,806.0,818.0,831.0,859.0,875.0,898.0,903.0,905.0,920.0,943.0,954.0,986.0,
18.0,54.0,63.0,77.0,169.0,194.0,195.0,197.0,215.0,248.0,277.0,279.0,315.0,331.0,336.0,350.0,354.0,360.0,387.0,409.0,474.0,482.0,502.0,506.0,519.0,522.0,532.0,583.0,603.0,628.0,642.0,652.0,657.0,668.0,707.0,709.0,724.0,815.0,878.0,884.0,885.0,937.0,952.0,956.0,959.0,
3.0,13.0,53.0,61.0,154.0,172.0,188.0,200.0,320.0,346.0,346.0,358.0,362.0,371.0,414.0,460.0,462.0,483.0,528.0,546.0,607.0,615.0,671.0,722.0,808.0,840.0,861.0,878.0,940.0,983.0,984.0,
62.0,99.0,106.0,112.0,113.0,115.0,184.0,194.0,200.0,201.0,210.0,226.0,240.0,263.0,290.0,326.0,349.0,470.0,473.0,473.0,477.0,488.0,526.0,534.0,552.0,573.0,574.0,577.0,660.0,672.0,673.0,685.0,690.0,710.0,728.0,730.0,749.0,836.0,841.0,843.0,851.0,858.0,874.0,882.0,943.0,945.0,956.0,
7.0,31.0,42.0,46.0,66.0,82.0,86.0,88.0,93.0,106.0,110.0,160.0,167.0,172.0,199.0,204.0,223.0,255.0,273.0,278.0,302.0,358.0,385.0,408.0,417.0,457.0,472.0,476.0,483.0,561.0,584.0,631.0,643.0,659.0,761.0,772.0,858.0,914.0,920.0,938.0,996.0,
21.0,59.0,74.0,120.0,126.0,182.0,199.0,226.0,250.0,301.0,305.0,317.0,348.0,351.0,359.0,423.0,452.0,460.0,464.0,476.0,483.0,557.0,636.0,660.0,678.0,685.0,686.0,693.0,716.0,722.0,732.0,750.0,788.0,861.0,926.0,939.0,959.0,970.0,973.0,988.0,
39.0,42.0,54.0,159.0,216.0,218.0,290.0,331.0,332.0,402.0,406.0,408.0,473.0,485.0,559.0,597.0,600.0,607.0,742.0,749.0,830.0,839.0,932.0,960.0,984.0,
9.0,51.0,60.0,126.0,170.0,197.0,213.0,222.0,224.0,263.0,284.0,286.0,295.0,362.0,367.0,392.0,400.0,454.0,466.0,498.0,513.0,535.0,538.0,618.0,634.0,672.0,683.0,715.0,803.0,810.0,832.0,852.0,871.0,878.0,883.0,914.0,969.0,969.0,
6.0,35.0,41.0,71.0,99.0,103.0,187.0,263.0,264.0,321.0,339.0,403.0,427.0,434.0,452.0,453.0,477.0,491.0,521.0,577.0,584.0,654.0,659.0,725.0,758.0,759.0,780.0,785.0,808.0,843.0,844.0,851.0,864.0,872.0,938.0,945.0,952.0,974.0,
25.0,39.0,43.0,43.0,97.0,142.0,143.0,149.0,161.0,205.0,215.0,221.0,258.0,313.0,322.0,337.0,376.0,385.0,409.0,413.0,416.0,457.0,494.0,521.0,558.0,608.0,623.0,637.0,661.0,762.0,762.0,762.0,847.0,871.0,874.0,879.0,932.0,974.0,997.0,
11.0,137.0,143.0,163.0,181.0,217.0,252.0,321.0,382.0,404.0,419.0,421.0,448.0,477.0,484.0,485.0,501.0,519.0,565.0,571.0,580.0,584.0,633.0,644.0,655.0,664.0,664.0,667.0,681.0,690.0,701.0,734.0,745.0,753.0,758.0,787.0,794.0,827.0,855.0,886.0,931.0,961.0,968.0,978.0,993.0,
42.0,91.0,167.0,205.0,208.0,237.0,278.0,364.0,389.0,398.0,417.0,424.0,435.0,438.0,460.0,471.0,479.0,500.0,571.0,598.0,602.0,606.0,615.0,676.0,680.0,708.0,736.0,744.0,828.0,843.0,923.0,925.0,946.0,968.0,
3.0,11.0,24.0,73.0,87.0,114.0,124.0,145.0,155.0,219.0,243.0,262.0,309.0,322.0,329.0,335.0,350.0,373.0,410.0,457.0,467.0,525.0,528.0,552.0,560.0,569.0,571.0,572.0,581.0,643.0,667.0,669.0,677.0,677.0,697.0,731.0,744.0,748.0,761.0,761.0,777.0,899.0,912.0,987.0,
87.0,102.0,119.0,160.0,186.0,193.0,215.0,219.0,228.0,272.0,286.0,287.0,339.0,361.0,420.0,447.0,476.0,506.0,518.0,651.0,657.0,660.0,717.0,827.0,889.0,912.0,940.0,976.0,993.0,
21.0,24.0,80.0,120.0,178.0,249.0,305.0,313.0,318.0,323.0,365.0,390.0,395.0,415.0,438.0,530.0,549.0,552.0,586.0,611.0,630.0,640.0,702.0,795.0,807.0,817.0,822.0,843.0,849.0,906.0,919.0,925.0,943.0,967.0,
2.0,4.0,48.0,73.0,124.0,169.0,180.0,212.0,218.0,251.0,294.0,339.0,393.0,393.0,418.0,420.0,435.0,465.0,517.0,543.0,574.0,617.0,642.0,645.0,662.0,689.0,751.0,761.0,787.0,831.0,851.0,855.0,884.0,927.0,936.0,949.0,981.0,985.0,995.0,
24.0,83.0,90.0,100.0,130.0,145.0,212.0,224.0,283.0,301.0,368.0,384.0,407.0,418.0,445.0,469.0,498.0,518.0,523.0,528.0,534.0,576.0,608.0,625.0,625.0,655.0,670.0,680.0,747.0,760.0,768.0,794.0,803.0,806.0,832.0,912.0,916.0,928.0,995.0,
3.0,34.0,70.0,95.0,95.0,137.0,142.0,152.0,173.0,176.0,232.0,242.0,255.0,267.0,280.0,315.0,320.0,333.0,341.0,385.0,416.0,587.0,590.0,619.0,716.0,745.0,747.0,757.0,781.0,799.0,866.0,891.0,906.0,954.0,982.0,987.0,999.0,
90.0,91.0,95.0,129.0,160.0,162.0,189.0,198.0,229.0,235.0,262.0,270.0,276.0,290.0,345.0,370.0,382.0,486.0,559.0,615.0,680.0,810.0,818.0,831.0,852.0,933.0,959.0,999.0,
22.0,27.0,41.0,48.0,60.0,94.0,125.0,133.0,196.0,216.0,236.0,255.0,269.0,297.0,320.0,327.0,376.0,421.0,441.0,471.0,516.0,538.0,542.0,545.0,584.0,588.0,596.0,608.0,666.0,675.0,683.0,684.0,746.0,759.0,820.0,862.0,868.0,874.0,900.0,943.0,979.0,
15.0,46.0,55.0,114.0,211.0,220.0,224.0,234.0,279.0,291.0,292.0,336.0,336.0,419.0,425.0,439.0,463.0,470.0,478.0,484.0,499.0,504.0,529.0,588.0,595.0,618.0,625.0,645.0,676.0,686.0,692.0,698.0,738.0,738.0,763.0,765.0,787.0,809.0,829.0,843.0,912.0,932.0,984.0,
4.0,30.0,33.0,198.0,201.0,207.0,210.0,239.0,241.0,316.0,323.0,359.0,381.0,403.0,417.0,479.0,486.0,532.0,539.0,655.0,657.0,702.0,726.0,740.0,744.0,799.0,825.0,848.0,873.0,957.0,960.0,974.0,988.0,
47.0,131.0,141.0,144.0,169.0,188.0,290.0,294.0,304.0,334.0,359.0,360.0,362.0,398.0,498.0,508.0,524.0,543.0,552.0,569.0,578.0,603.0,705.0,709.0,712.0,741.0,744.0,757.0,781.0,856.0,925.0,970.0,
90.0,122.0,137.0,150.0,151.0,166.0,169.0,174.0,247.0,259.0,268.0,293.0,311.0,324.0,341.0,368.0,411.0,444.0,451.0,485.0,536.0,543.0,551.0,551.0,560.0,709.0,750.0,769.0,784.0,794.0,849.0,860.0,891.0,961.0,975.0,996.0,
24.0,49.0,59.0,78.0,99.0,129.0,279.0,313.0,320.0,345.0,393.0,407.0,427.0,461.0,518.0,531.0,583.0,617.0,689.0,694.0,711.0,711.0,718.0,736.0,771.0,789.0,884.0,914.0,942.0,967.0,970.0,
28.0,71.0,85.0,103.0,143.0,183.0,207.0,229.0,289.0,389.0,390.0,410.0,452.0,459.0,486.0,561.0,597.0,609.0,642.0,650.0,701.0,709.0,762.0,805.0,826.0,844.0,848.0,884.0,945.0,984.0,986.0,
32.0,33.0,51.0,62.0,110.0,113.0,134.0,190.0,228.0,241.0,265.0,292.0,302.0,326.0,363.0,383.0,390.0,394.0,415.0,440.0,441.0,442.0,475.0,488.0,495.0,500.0,529.0,598.0,616.0,622.0,625.0,629.0,647.0,732.0,737.0,737.0,769.0,769.0,800.0,818.0,839.0,888.0,917.0,936.0,942.0,945.0,
10.0,52.0,63.0,103.0,124.0,161.0,171.0,207.0,211.0,306.0,328.0,405.0,412.0,415.0,427.0,467.0,493.0,503.0,505.0,533.0,581.0,587.0,597.0,613.0,621.0,651.0,654.0,686.0,713.0,754.0,756.0,760.0,767.0,836.0,855.0,895.0,909.0,928.0,
18.0,19.0,31.0,66.0,87.0,137.0,175.0,188.0,228.0,234.0,248.0,283.0,301.0,342.0,360.0,373.0,406.0,484.0,492.0,492.0,515.0,620.0,674.0,694.0,725.0,769.0,774.0,784.0,812.0,841.0,903.0,973.0,973.0,999.0,
10.0,53.0,81.0,89.0,137.0,161.0,206.0,227.0,247.0,250.0,399.0,438.0,460.0,519.0,594.0,615.0,648.0,667.0,675.0,726.0,736.0,737.0,795.0,801.0,812.0,836.0,849.0,851.0,873.0,881.0,887.0,903.0,937.0,944.0,990.0,
15.0,95.0,187.0,208.0,217.0,221.0,242.0,243.0,290.0,310.0,365.0,394.0,498.0,531.0,535.0,539.0,552.0,603.0,642.0,700.0,763.0,802.0,806.0,820.0,836.0,876.0,890.0,901.0,937.0,989.0,
3.0,30.0,68.0,120.0,142.0,165.0,201.0,212.0,254.0,255.0,261.0,266.0,272.0,312.0,317.0,318.0,320.0,386.0,397.0,447.0,467.0,480.0,495.0,500.0,516.0,533.0,586.0,606.0,629.0,701.0,715.0,767.0,817.0,915.0,924.0,930.0,961.0,993.0,
12.0,53.0,55.0,65.0,76.0,91.0,218.0,237.0,245.0,262.0,274.0,288.0,291.0,308.0,350.0,396.0,400.0,402.0,415.0,419.0,455.0,477.0,479.0,529.0,537.0,626.0,641.0,683.0,690.0,721.0,751.0,786.0,794.0,804.0,834.0,837.0,893.0,931.0,933.0,955.0,974.0,
31.0,34.0,53.0,105.0,116.0,163.0,170.0,227.0,229.0,311.0,327.0,380.0,421.0,447.0,481.0,483.0,513.0,577.0,604.0,616.0,621.0,672.0,702.0,712.0,722.0,740.0,764.0,767.0,816.0,845.0,879.0,917.0,929.0,992.0,
52.0,124.0,126.0,183.0,201.0,203.0,204.0,219.0,288.0,293.0,324.0,364.0,386.0,422.0,424.0,546.0,599.0,632.0,651.0,670.0,698.0,719.0,783.0,802.0,809.0,858.0,870.0,871.0,950.0,990.0,
25.0,103.0,105.0,198.0,206.0,221.0,233.0,238.0,317.0,326.0,368.0,399.0,403.0,425.0,441.0,466.0,479.0,489.0,595.0,607.0,618.0,643.0,649.0,693.0,715.0,717.0,761.0,776.0,786.0,822.0,862.0,879.0,
10.0,38.0,232.0,285.0,344.0,363.0,386.0,397.0,450.0,465.0,467.0,501.0,625.0,719.0,727.0,812.0,825.0,831.0,908.0,909.0,939.0,946.0,951.0,951.0,965.0,966.0,968.0,
24.0,61.0,139.0,157.0,178.0,179.0,188.0,189.0,207.0,295.0,304.0,307.0,317.0,346.0,352.0,400.0,404.0,407.0,423.0,427.0,437.0,447.0,505.0,511.0,534.0,561.0,579.0,612.0,700.0,769.0,774.0,789.0,814.0,834.0,863.0,875.0,916.0,929.0,967.0,978.0,
57.0,61.0,98.0,142.0,162.0,181.0,195.0,204.0,223.0,299.0,305.0,372.0,373.0,377.0,398.0,424.0,425.0,509.0,510.0,525.0,526.0,553.0,568.0,581.0,609.0,630.0,650.0,698.0,776.0,811.0,833.0,877.0,906.0,926.0,948.0,981.0,
72.0,79.0,104.0,110.0,112.0,142.0,151.0,163.0,166.0,186.0,191.0,275.0,295.0,304.0,341.0,426.0,430.0,444.0,463.0,481.0,487.0,518.0,533.0,603.0,665.0,737.0,748.0,803.0,815.0,823.0,846.0,847.0,853.0,889.0,973.0,
5.0,46.0,95.0,107.0,152.0,183.0,244.0,244.0,262.0,280.0,291.0,345.0,375.0,396.0,478.0,480.0,480.0,498.0,534.0,539.0,544.0,669.0,669.0,696.0,707.0,714.0,768.0,793.0,879.0,903.0,915.0,923.0,947.0,968.0,973.0,982.0,
14.0,26.0,74.0,91.0,98.0,127.0,138.0,171.0,178.0,212.0,223.0,297.0,374.0,380.0,384.0,450.0,469.0,487.0,489.0,511.0,516.0,523.0,529.0,536.0,623.0,624.0,646.0,650.0,655.0,673.0,731.0,772.0,787.0,833.0,860.0,893.0,895.0,909.0,910.0,937.0,983.0,995.0,
11.0,39.0,43.0,50.0,81.0,125.0,139.0,156.0,163.0,205.0,209.0,223.0,230.0,304.0,306.0,310.0,343.0,344.0,369.0,384.0,410.0,480.0,491.0,527.0,530.0,559.0,562.0,564.0,580.0,582.0,627.0,739.0,765.0,790.0,831.0,840.0,856.0,882.0,886.0,887.0,926.0,939.0,962.0,966.0,995.0,
33.0,79.0,171.0,218.0,226.0,239.0,262.0,263.0,271.0,278.0,287.0,288.0,290.0,299.0,304.0,321.0,327.0,333.0,389.0,397.0,454.0,481.0,513.0,592.0,607.0,610.0,644.0,649.0,753.0,824.0,872.0,885.0,892.0,950.0,974.0,
41.0,54.0,81.0,82.0,116.0,129.0,139.0,188.0,197.0,256.0,285.0,287.0,318.0,339.0,354.0,430.0,456.0,480.0,482.0,489.0,616.0,619.0,631.0,670.0,719.0,729.0,739.0,790.0,813.0,830.0,839.0,853.0,862.0,876.0,900.0,968.0,1000.0,
6.0,24.0,24.0,52.0,52.0,69.0,91.0,130.0,152.0,234.0,247.0,254.0,267.0,279.0,291.0,302.0,311.0,315.0,339.0,391.0,401.0,429.0,494.0,497.0,499.0,503.0,527.0,535.0,577.0,680.0,721.0,721.0,804.0,819.0,868.0,883.0,888.0,889.0,890.0,893.0,900.0,944.0,957.0,990.0,
5.0,21.0,70.0,104.0,119.0,145.0,221.0,226.0,236.0,246.0,259.0,398.0,402.0,412.0,431.0,441.0,442.0,495.0,521.0,532.0,555.0,561.0,571.0,589.0,645.0,667.0,698.0,822.0,832.0,884.0,939.0,955.0,
18.0,22.0,28.0,59.0,97.0,113.0,114.0,137.0,145.0,182.0,207.0,247.0,265.0,321.0,335.0,340.0,343.0,351.0,391.0,407.0,444.0,511.0,547.0,562.0,563.0,657.0,662.0,680.0,686.0,707.0,712.0,772.0,828.0,836.0,870.0,933.0,975.0,984.0,
2.0,40.0,90.0,100.0,106.0,112.0,131.0,162.0,199.0,257.0,265.0,268.0,279.0,293.0,321.0,357.0,360.0,379.0,412.0,427.0,439.0,482.0,484.0,486.0,567.0,571.0,575.0,589.0,606.0,608.0,653.0,659.0,671.0,684.0,690.0,693.0,748.0,757.0,774.0,786.0,815.0,829.0,832.0,866.0,872.0,889.0,895.0,954.0,976.0,976.0,996.0,
44.0,67.0,70.0,103.0,155.0,192.0,197.0,255.0,256.0,275.0,317.0,326.0,352.0,395.0,405.0,422.0,436.0,440.0,441.0,462.0,465.0,498.0,511.0,544.0,606.0,613.0,622.0,623.0,633.0,634.0,653.0,654.0,671.0,778.0,803.0,809.0,825.0,907.0,910.0,910.0,942.0,949.0,
3.0,17.0,56.0,59.0,104.0,118.0,127.0,146.0,149.0,150.0,172.0,207.0,212.0,229.0,245.0,297.0,413.0,427.0,438.0,445.0,448.0,462.0,498.0,507.0,509.0,532.0,541.0,552.0,578.0,579.0,630.0,638.0,650.0,727.0,745.0,770.0,804.0,820.0,851.0,861.0,900.0,903.0,934.0,938.0,960.0,
30.0,103.0,106.0,134.0,134.0,143.0,165.0,191.0,193.0,194.0,218.0,257.0,335.0,409.0,428.0,450.0,487.0,523.0,528.0,535.0,548.0,565.0,604.0,627.0,651.0,669.0,682.0,729.0,756.0,799.0,831.0,941.0,953.0,966.0,980.0,
26.0,100.0,100.0,104.0,176.0,200.0,226.0,236.0,243.0,247.0,294.0,338.0,372.0,393.0,401.0,406.0,459.0,467.0,469.0,479.0,505.0,524.0,573.0,575.0,641.0,677.0,677.0,681.0,685.0,695.0,696.0,699.0,714.0,801.0,807.0,822.0,823.0,850.0,865.0,924.0,949.0,956.0,993.0,
40.0,104.0,112.0,127.0,143.0,163.0,211.0,219.0,231.0,283.0,300.0,316.0,328.0,422.0,488.0,506.0,564.0,653.0,665.0,666.0,736.0,754.0,764.0,802.0,836.0,852.0,884.0,937.0,938.0,960.0,981.0,993.0,
2.0,46.0,106.0,142.0,165.0,241.0,292.0,308.0,322.0,338.0,392.0,406.0,424.0,440.0,491.0,514.0,517.0,537.0,552.0,595.0,622.0,681.0,838.0,842.0,851.0,902.0,937.0,978.0,992.0,
23.0,81.0,97.0,106.0,114.0,229.0,239.0,325.0,370.0,380.0,408.0,436.0,463.0,471.0,490.0,491.0,512.0,512.0,532.0,544.0,569.0,573.0,604.0,648.0,648.0,659.0,669.0,685.0,689.0,690.0,741.0,786.0,788.0,790.0,794.0,822.0,830.0,846.0,891.0,897.0,921.0,933.0,939.0,951.0,960.0,968.0,980.0,988.0,
29.0,165.0,204.0,220.0,283.0,312.0,324.0,350.0,357.0,363.0,385.0,427.0,443.0,489.0,498.0,532.0,533.0,538.0,543.0,551.0,553.0,587.0,631.0,633.0,666.0,755.0,764.0,785.0,794.0,803.0,813.0,840.0,843.0,850.0,878.0,924.0,924.0,927.0,988.0,
30.0,37.0,43.0,129.0,145.0,185.0,239.0,248.0,253.0,257.0,262.0,273.0,371.0,461.0,493.0,501.0,513.0,525.0,538.0,597.0,671.0,680.0,694.0,712.0,716.0,720.0,737.0,758.0,843.0,862.0,865.0,945.0,966.0,970.0,975.0,
61.0,115.0,170.0,173.0,214.0,227.0,268.0,270.0,284.0,317.0,324.0,486.0,498.0,518.0,546.0,583.0,588.0,592.0,627.0,627.0,641.0,657.0,666.0,709.0,746.0,748.0,759.0,761.0,820.0,838.0,842.0,853.0,867.0,876.0,917.0,936.0,949.0,993.0,
20.0,23.0,39.0,49.0,52.0,79.0,80.0,86.0,91.0,101.0,107.0,120.0,144.0,204.0,211.0,219.0,347.0,400.0,452.0,489.0,524.0,537.0,619.0,641.0,726.0,807.0,825.0,832.0,841.0,841.0,844.0,844.0,938.0,962.0,994.0,
86.0,94.0,107.0,122.0,138.0,158.0,207.0,304.0,397.0,413.0,457.0,483.0,566.0,584.0,628.0,647.0,654.0,655.0,662.0,749.0,749.0,758.0,770.0,771.0,776.0,776.0,806.0,845.0,893.0,986.0,999.0,
10.0,20.0,48.0,64.0,92.0,93.0,96.0,105.0,115.0,133.0,188.0,202.0,215.0,215.0,257.0,268.0,270.0,280.0,334.0,353.0,356.0,363.0,372.0,428.0,452.0,453.0,481.0,484.0,578.0,591.0,609.0,616.0,650.0,651.0,687.0,755.0,764.0,788.0,864.0,919.0,936.0,965.0,985.0,990.0,
91.0,118.0,127.0,157.0,161.0,180.0,190.0,194.0,249.0,252.0,254.0,275.0,291.0,343.0,374.0,384.0,389.0,400.0,403.0,418.0,423.0,431.0,452.0,457.0,505.0,521.0,567.0,570.0,585.0,614.0,648.0,666.0,672.0,682.0,693.0,726.0,755.0,797.0,847.0,853.0,864.0,
11.0,11.0,16.0,22.0,105.0,113.0,141.0,204.0,242.0,242.0,244.0,258.0,296.0,296.0,371.0,418.0,457.0,469.0,507.0,511.0,580.0,583.0,604.0,616.0,664.0,683.0,719.0,744.0,798.0,851.0,862.0,871.0,880.0,902.0,913.0,948.0,961.0,987.0,996.0,
7.0,33.0,67.0,75.0,114.0,123.0,148.0,168.0,169.0,191.0,194.0,220.0,224.0,228.0,315.0,335.0,349.0,368.0,370.0,404.0,423.0,436.0,478.0,519.0,527.0,564.0,568.0,582.0,601.0,622.0,722.0,761.0,778.0,790.0,800.0,875.0,883.0,932.0,957.0,963.0,990.0,992.0,993.0,
18.0,82.0,97.0,106.0,121.0,131.0,146.0,217.0,231.0,239.0,316.0,366.0,400.0,401.0,404.0,431.0,435.0,436.0,456.0,493.0,494.0,518.0,525.0,563.0,573.0,580.0,589.0,590.0,608.0,737.0,799.0,802.0,808.0,810.0,820.0,836.0,866.0,
6.0,47.0,53.0,108.0,182.0,205.0,206.0,221.0,285.0,306.0,330.0,345.0,427.0,464.0,536.0,538.0,540.0,549.0,651.0,733.0,738.0,764.0,795.0,892.0,919.0,935.0,945.0,
49.0,53.0,79.0,139.0,157.0,185.0,196.0,209.0,241.0,342.0,455.0,470.0,533.0,561.0,614.0,642.0,646.0,671.0,673.0,682.0,688.0,696.0,733.0,748.0,790.0,836.0,856.0,888.0,919.0,924.0,929.0,932.0,946.0,
6.0,10.0,33.0,43.0,79.0,91.0,95.0,108.0,154.0,167.0,173.0,231.0,241.0,252.0,301.0,320.0,361.0,377.0,382.0,383.0,385.0,393.0,408.0,454.0,551.0,554.0,594.0,650.0,669.0,684.0,718.0,723.0,731.0,751.0,757.0,768.0,805.0,806.0,807.0,825.0,847.0,862.0,875.0,889.0,899.0,899.0,929.0,930.0,962.0,981.0,989.0,999.0,
8.0,43.0,111.0,173.0,196.0,216.0,290.0,323.0,323.0,337.0,383.0,425.0,446.0,508.0,513.0,516.0,523.0,535.0,556.0,588.0,693.0,724.0,771.0,779.0,806.0,816.0,834.0,869.0,896.0,896.0,901.0,976.0,1000.0,
8.0,65.0,137.0,174.0,175.0,185.0,237.0,249.0,265.0,284.0,301.0,306.0,307.0,309.0,331.0,351.0,353.0,373.0,490.0,535.0,565.0,572.0,635.0,656.0,683.0,728.0,831.0,838.0,851.0,942.0,975.0,
9.0,17.0,102.0,161.0,187.0,283.0,318.0,327.0,351.0,365.0,387.0,417.0,424.0,504.0,601.0,629.0,734.0,770.0,801.0,806.0,844.0,893.0,934.0,947.0,969.0,991.0,992.0,
15.0,75.0,106.0,144.0,145.0,157.0,176.0,177.0,189.0,196.0,264.0,385.0,396.0,400.0,413.0,425.0,486.0,515.0,517.0,550.0,576.0,596.0,636.0,643.0,652.0,680.0,696.0,728.0,766.0,852.0,854.0,878.0,897.0,917.0,955.0,
3.0,63.0,101.0,155.0,164.0,253.0,288.0,293.0,346.0,374.0,397.0,405.0,412.0,452.0,458.0,497.0,503.0,533.0,574.0,588.0,671.0,753.0,761.0,802.0,868.0,892.0,921.0,930.0,931.0,966.0,978.0,
57.0,117.0,141.0,159.0,183.0,184.0,198.0,261.0,303.0,304.0,311.0,334.0,350.0,378.0,417.0,423.0,469.0,478.0,549.0,578.0,585.0,601.0,613.0,629.0,684.0,709.0,728.0,793.0,807.0,827.0,853.0,867.0,872.0,884.0,885.0,889.0,890.0,908.0,936.0,966.0,980.0,982.0,987.0,
44.0,48.0,62.0,107.0,126.0,191.0,219.0,235.0,243.0,255.0,263.0,268.0,282.0,296.0,316.0,343.0,387.0,410.0,421.0,431.0,467.0,471.0,475.0,483.0,489.0,574.0,597.0,617.0,662.0,723.0,778.0,860.0,939.0,951.0,
3.0,30.0,75.0,106.0,133.0,162.0,224.0,226.0,273.0,287.0,299.0,304.0,339.0,364.0,377.0,406.0,407.0,437.0,448.0,457.0,463.0,489.0,507.0,509.0,533.0,538.0,540.0,540.0,558.0,618.0,765.0,780.0,818.0,834.0,897.0,978.0,
13.0,13.0,38.0,73.0,114.0,131.0,202.0,218.0,279.0,322.0,323.0,328.0,341.0,342.0,400.0,420.0,425.0,461.0,467.0,482.0,510.0,605.0,614.0,672.0,686.0,688.0,798.0,799.0,855.0,888.0,928.0,962.0,964.0,974.0,981.0,
76.0,86.0,148.0,158.0,161.0,189.0,237.0,334.0,344.0,346.0,354.0,355.0,362.0,389.0,398.0,406.0,423.0,451.0,467.0,468.0,481.0,576.0,669.0,727.0,775.0,807.0,838.0,840.0,850.0,857.0,866.0,899.0,913.0,945.0,968.0,998.0,999.0,
15.0,23.0,61.0,64.0,92.0,112.0,127.0,132.0,136.0,144.0,184.0,205.0,265.0,306.0,325.0,350.0,398.0,435.0,439.0,459.0,509.0,509.0,526.0,535.0,548.0,559.0,635.0,687.0,701.0,763.0,789.0,794.0,842.0,918.0,941.0,966.0,969.0,
23.0,23.0,64.0,111.0,111.0,138.0,158.0,180.0,221.0,227.0,235.0,275.0,331.0,335.0,347.0,423.0,458.0,467.0,470.0,477.0,479.0,500.0,540.0,541.0,582.0,638.0,665.0,687.0,700.0,740.0,766.0,779.0,865.0,914.0,915.0,916.0,925.0,976.0,
42.0,44.0,56.0,66.0,125.0,195.0,227.0,239.0,255.0,293.0,318.0,322.0,328.0,368.0,382.0,399.0,463.0,482.0,511.0,537.0,603.0,603.0,612.0,625.0,635.0,655.0,680.0,708.0,722.0,726.0,749.0,759.0,763.0,788.0,837.0,898.0,902.0,902.0,933.0,940.0,960.0,
18.0,20.0,112.0,127.0,130.0,146.0,150.0,174.0,192.0,263.0,290.0,359.0,397.0,477.0,538.0,541.0,552.0,588.0,627.0,641.0,645.0,657.0,670.0,700.0,702.0,729.0,747.0,778.0,840.0,871.0,939.0,947.0,957.0,959.0,
12.0,23.0,35.0,66.0,87.0,110.0,134.0,162.0,198.0,201.0,301.0,304.0,386.0,425.0,425.0,425.0,430.0,435.0,438.0,518.0,522.0,557.0,625.0,633.0,646.0,668.0,670.0,696.0,727.0,746.0,819.0,875.0,880.0,926.0,950.0,954.0,961.0,975.0,978.0,
84.0,112.0,115.0,119.0,124.0,132.0,137.0,152.0,168.0,181.0,199.0,249.0,250.0,297.0,303.0,352.0,383.0,414.0,462.0,477.0,489.0,519.0,521.0,523.0,552.0,577.0,580.0,623.0,650.0,701.0,849.0,874.0,877.0,878.0,934.0,958.0,
101.0,131.0,163.0,165.0,208.0,261.0,263.0,273.0,331.0,331.0,337.0,422.0,423.0,445.0,479.0,492.0,547.0,559.0,658.0,663.0,695.0,702.0,708.0,722.0,768.0,855.0,860.0,890.0,897.0,935.0,
93.0,103.0,105.0,152.0,210.0,265.0,275.0,366.0,370.0,381.0,407.0,408.0,488.0,515.0,532.0,583.0,584.0,638.0,668.0,719.0,746.0,777.0,780.0,790.0,811.0,822.0,893.0,895.0,895.0,933.0,954.0,
28.0,42.0,68.0,148.0,150.0,156.0,202.0,227.0,228.0,251.0,269.0,300.0,309.0,350.0,369.0,383.0,404.0,411.0,440.0,476.0,503.0,534.0,545.0,574.0,605.0,681.0,695.0,702.0,730.0,786.0,797.0,803.0,820.0,868.0,992.0,
8.0,57.0,60.0,70.0,83.0,128.0,174.0,221.0,262.0,286.0,320.0,332.0,358.0,361.0,374.0,433.0,467.0,468.0,480.0,528.0,529.0,545.0,588.0,642.0,684.0,688.0,730.0,773.0,835.0,841.0,850.0,859.0,863.0,876.0,885.0,928.0,970.0,978.0,981.0,
20.0,21.0,43.0,43.0,83.0,97.0,122.0,191.0,202.0,222.0,255.0,286.0,373.0,419.0,441.0,454.0,498.0,525.0,605.0,656.0,715.0,726.0,729.0,735.0,750.0,839.0,841.0,846.0,869.0,877.0,898.0,899.0,912.0,920.0,984.0,
3.0,67.0,113.0,128.0,139.0,205.0,208.0,230.0,233.0,251.0,284.0,321.0,350.0,351.0,354.0,363.0,391.0,420.0,421.0,433.0,508.0,508.0,570.0,575.0,586.0,594.0,623.0,635.0,646.0,648.0,663.0,668.0,669.0,708.0,761.0,762.0,784.0,831.0,843.0,910.0,933.0,938.0,946.0,976.0,
34.0,37.0,54.0,119.0,146.0,154.0,156.0,188.0,197.0,216.0,246.0,256.0,292.0,341.0,344.0,355.0,363.0,426.0,439.0,482.0,513.0,539.0,544.0,584.0,628.0,637.0,641.0,686.0,727.0,746.0,836.0,896.0,910.0,926.0,942.0,998.0,
10.0,35.0,121.0,151.0,237.0,255.0,294.0,370.0,410.0,416.0,449.0,454.0,494.0,494.0,508.0,525.0,609.0,615.0,627.0,628.0,678.0,701.0,728.0,734.0,739.0,771.0,788.0,801.0,845.0,896.0,897.0,902.0,924.0,968.0,969.0,969.0,976.0,977.0,
11.0,13.0,22.0,40.0,46.0,47.0,52.0,53.0,66.0,87.0,92.0,107.0,113.0,133.0,139.0,154.0,166.0,187.0,206.0,249.0,264.0,287.0,295.0,306.0,330.0,361.0,371.0,418.0,460.0,475.0,476.0,514.0,520.0,570.0,575.0,622.0,636.0,653.0,671.0,671.0,763.0,776.0,791.0,808.0,814.0,946.0,
5.0,48.0,61.0,65.0,76.0,134.0,172.0,211.0,217.0,278.0,300.0,314.0,354.0,363.0,383.0,462.0,492.0,518.0,562.0,563.0,578.0,597.0,648.0,690.0,701.0,740.0,779.0,829.0,876.0,894.0,913.0,919.0,947.0,959.0,959.0,984.0,
7.0,28.0,36.0,241.0,333.0,338.0,363.0,383.0,411.0,432.0,455.0,499.0,499.0,538.0,555.0,557.0,578.0,590.0,590.0,637.0,673.0,687.0,714.0,728.0,769.0,817.0,826.0,878.0,895.0,898.0,904.0,912.0,947.0,997.0,
6.0,37.0,46.0,88.0,97.0,113.0,188.0,198.0,198.0,232.0,254.0,318.0,330.0,434.0,454.0,490.0,500.0,529.0,543.0,574.0,588.0,614.0,620.0,643.0,648.0,658.0,667.0,674.0,678.0,695.0,733.0,760.0,766.0,771.0,823.0,840.0,881.0,990.0,
4.0,27.0,43.0,98.0,105.0,152.0,153.0,181.0,233.0,237.0,259.0,260.0,278.0,310.0,311.0,342.0,401.0,434.0,455.0,475.0,518.0,531.0,553.0,588.0,626.0,630.0,638.0,641.0,689.0,694.0,759.0,779.0,796.0,801.0,809.0,839.0,860.0,879.0,904.0,944.0,944.0,955.0,968.0,969.0,
27.0,73.0,103.0,117.0,187.0,190.0,238.0,254.0,272.0,305.0,312.0,317.0,346.0,389.0,414.0,451.0,462.0,495.0,498.0,508.0,584.0,643.0,647.0,651.0,825.0,856.0,880.0,926.0,994.0,995.0,
33.0,58.0,103.0,137.0,152.0,156.0,176.0,187.0,189.0,206.0,231.0,234.0,250.0,270.0,322.0,329.0,334.0,334.0,346.0,384.0,408.0,476.0,483.0,514.0,536.0,620.0,631.0,687.0,703.0,785.0,797.0,797.0,828.0,837.0,865.0,886.0,903.0,946.0,984.0,994.0,
