2.0,6.0,9.0,11.0,35.0,55.0,77.0,149.0,161.0,162.0,190.0,222.0,230.0,238.0,308.0,350.0,357.0,379.0,385.0,411.0,432.0,452.0,457.0,482.0,499.0,511.0,538.0,574.0,587.0,623.0,741.0,792.0,815.0,973.0,990.0,1000.0,
5.0,11.0,31.0,48.0,54.0,116.0,127.0,189.0,217.0,242.0,248.0,327.0,359.0,363.0,369.0,380.0,427.0,465.0,509.0,561.0,604.0,611.0,705.0,766.0,779.0,814.0,844.0,944.0,
38.0,84.0,91.0,105.0,122.0,127.0,157.0,174.0,176.0,186.0,186.0,191.0,221.0,225.0,226.0,257.0,279.0,298.0,313.0,339.0,349.0,353.0,366.0,379.0,473.0,481.0,508.0,519.0,586.0,612.0,622.0,713.0,723.0,738.0,740.0,772.0,780.0,780.0,784.0,835.0,874.0,883.0,888.0,893.0,921.0,956.0,963.0,
31.0,68.0,86.0,87.0,97.0,100.0,104.0,151.0,165.0,172.0,176.0,187.0,198.0,225.0,235.0,267.0,273.0,285.0,336.0,345.0,409.0,441.0,469.0,515.0,531.0,532.0,550.0,605.0,611.0,645.0,667.0,717.0,731.0,751.0,756.0,853.0,944.0,948.0,958.0,962.0,999.0,
55.0,104.0,119.0,151.0,157.0,162.0,203.0,232.0,251.0,277.0,306.0,335.0,347.0,356.0,370.0,388.0,402.0,412.0,427.0,428.0,479.0,483.0,496.0,544.0,615.0,622.0,626.0,629.0,668.0,677.0,704.0,733.0,736.0,737.0,758.0,766.0,803.0,830.0,847.0,850.0,854.0,855.0,873.0,874.0,875.0,923.0,968.0,
44.0,133.0,175.0,219.0,256.0,261.0,273.0,282.0,297.0,312.0,358.0,365.0,417.0,430.0,448.0,453.0,592.0,621.0,631.0,633.0,638.0,678.0,695.0,895.0,904.0,924.0,952.0,971.0,978.0,980.0,985.0,
13.0,19.0,78.0,113.0,155.0,203.0,221.0,241.0,252.0,278.0,289.0,293.0,302.0,320.0,330.0,335.0,340.0,353.0,353.0,365.0,381.0,479.0,483.0,484.0,487.0,489.0,507.0,514.0,532.0,560.0,579.0,593.0,603.0,629.0,644.0,651.0,688.0,699.0,718.0,788.0,794.0,832.0,843.0,874.0,879.0,922.0,928.0,930.0,933.0,
2.0,24.0,44.0,120.0,148.0,151.0,170.0,190.0,199.0,228.0,247.0,292.0,293.0,298.0,306.0,325.0,338.0,372.0,374.0,393.0,399.0,410.0,444.0,461.0,502.0,517.0,524.0,589.0,593.0,606.0,641.0,704.0,709.0,721.0,756.0,845.0,859.0,862.0,866.0,959.0,981.0,
12.0,15.0,23.0,49.0,72.0,135.0,141.0,170.0,189.0,204.0,210.0,268.0,296.0,300.0,300.0,362.0,378.0,396.0,425.0,449.0,465.0,502.0,508.0,525.0,573.0,625.0,629.0,636.0,643.0,644.0,667.0,680.0,731.0,748.0,755.0,765.0,791.0,802.0,811.0,832.0,847.0,880.0,
59.0,78.0,122.0,169.0,201.0,239.0,257.0,305.0,311.0,349.0,384.0,403.0,405.0,415.0,445.0,452.0,466.0,472.0,496.0,505.0,508.0,538.0,543.0,564.0,570.0,580.0,611.0,618.0,621.0,631.0,675.0,710.0,713.0,716.0,771.0,785.0,865.0,867.0,935.0,973.0,984.0,985.0,
58.0,58.0,202.0,211.0,265.0,278.0,312.0,314.0,348.0,356.0,373.0,443.0,489.0,494.0,581.0,588.0,658.0,679.0,700.0,704.0,720.0,767.0,768.0,788.0,808.0,830.0,900.0,935.0,947.0,947.0,995.0,
90.0,93.0,156.0,206.0,317.0,374.0,500.0,545.0,582.0,636.0,671.0,675.0,697.0,724.0,746.0,753.0,773.0,783.0,796.0,896.0,902.0,975.0,984.0,989.0,
2.0,22.0,47.0,52.0,60.0,87.0,104.0,106.0,125.0,146.0,159.0,171.0,187.0,204.0,220.0,224.0,245.0,277.0,279.0,291.0,350.0,437.0,445.0,480.0,481.0,501.0,532.0,542.0,563.0,599.0,604.0,625.0,657.0,679.0,691.0,711.0,722.0,733.0,733.0,744.0,746.0,763.0,789.0,791.0,807.0,814.0,838.0,848.0,854.0,855.0,898.0,978.0,986.0,
3.0,5.0,69.0,79.0,83.0,105.0,214.0,222.0,233.0,277.0,335.0,336.0,337.0,337.0,350.0,379.0,385.0,398.0,474.0,479.0,484.0,485.0,492.0,495.0,567.0,592.0,728.0,777.0,802.0,817.0,838.0,897.0,943.0,947.0,
54.0,90.0,121.0,175.0,236.0,306.0,326.0,419.0,441.0,442.0,446.0,460.0,472.0,494.0,507.0,547.0,670.0,679.0,682.0,735.0,774.0,780.0,780.0,848.0,886.0,893.0,951.0,
6.0,26.0,68.0,143.0,165.0,169.0,176.0,189.0,208.0,220.0,237.0,260.0,276.0,291.0,304.0,332.0,345.0,353.0,366.0,399.0,439.0,447.0,455.0,478.0,522.0,529.0,557.0,576.0,600.0,616.0,619.0,787.0,816.0,882.0,909.0,917.0,926.0,930.0,932.0,962.0,962.0,
70.0,85.0,210.0,280.0,330.0,349.0,353.0,353.0,361.0,368.0,388.0,388.0,412.0,413.0,430.0,455.0,456.0,466.0,467.0,512.0,570.0,575.0,607.0,619.0,658.0,674.0,682.0,729.0,738.0,746.0,760.0,842.0,861.0,898.0,946.0,950.0,964.0,969.0,982.0,
24.0,78.0,97.0,111.0,179.0,181.0,208.0,369.0,385.0,408.0,433.0,439.0,481.0,497.0,524.0,546.0,621.0,750.0,759.0,762.0,774.0,780.0,796.0,815.0,828.0,839.0,852.0,861.0,862.0,876.0,921.0,928.0,968.0,969.0,
2.0,17.0,36.0,71.0,73.0,81.0,107.0,122.0,126.0,143.0,315.0,323.0,340.0,354.0,398.0,413.0,416.0,423.0,452.0,489.0,521.0,536.0,575.0,616.0,629.0,643.0,660.0,664.0,684.0,724.0,781.0,806.0,849.0,863.0,912.0,918.0,942.0,943.0,994.0,
142.0,175.0,198.0,213.0,246.0,279.0,313.0,313.0,332.0,346.0,409.0,414.0,440.0,467.0,475.0,523.0,532.0,537.0,570.0,584.0,587.0,592.0,593.0,597.0,608.0,634.0,635.0,657.0,704.0,729.0,761.0,811.0,822.0,822.0,838.0,846.0,871.0,874.0,893.0,957.0,999.0,
111.0,147.0,167.0,231.0,233.0,255.0,280.0,298.0,328.0,328.0,336.0,347.0,365.0,411.0,418.0,420.0,439.0,442.0,449.0,471.0,491.0,512.0,534.0,545.0,554.0,559.0,579.0,634.0,645.0,652.0,696.0,697.0,728.0,775.0,833.0,843.0,848.0,852.0,879.0,899.0,938.0,947.0,953.0,
4.0,6.0,92.0,112.0,116.0,118.0,157.0,185.0,190.0,195.0,252.0,252.0,269.0,277.0,305.0,306.0,316.0,326.0,344.0,377.0,394.0,395.0,395.0,478.0,607.0,627.0,672.0,700.0,728.0,762.0,768.0,795.0,804.0,827.0,828.0,836.0,838.0,855.0,856.0,926.0,934.0,952.0,970.0,
66.0,84.0,99.0,114.0,123.0,166.0,212.0,231.0,262.0,279.0,294.0,385.0,398.0,415.0,416.0,424.0,447.0,489.0,520.0,554.0,557.0,565.0,603.0,608.0,685.0,686.0,704.0,709.0,744.0,800.0,812.0,862.0,875.0,886.0,918.0,939.0,977.0,
22.0,62.0,76.0,120.0,120.0,143.0,182.0,279.0,323.0,329.0,339.0,381.0,516.0,534.0,565.0,588.0,596.0,653.0,661.0,684.0,697.0,778.0,778.0,799.0,813.0,830.0,833.0,902.0,
2.0,20.0,30.0,91.0,112.0,149.0,154.0,210.0,220.0,253.0,310.0,325.0,371.0,423.0,432.0,443.0,490.0,500.0,504.0,555.0,616.0,619.0,687.0,689.0,701.0,746.0,762.0,803.0,845.0,860.0,862.0,890.0,897.0,913.0,927.0,929.0,947.0,992.0,
8.0,29.0,44.0,78.0,121.0,140.0,244.0,249.0,263.0,268.0,299.0,438.0,458.0,490.0,509.0,514.0,534.0,540.0,583.0,587.0,595.0,615.0,628.0,656.0,764.0,806.0,808.0,881.0,912.0,950.0,967.0,987.0,
18.0,49.0,79.0,108.0,126.0,279.0,296.0,299.0,322.0,334.0,353.0,356.0,365.0,416.0,446.0,465.0,508.0,514.0,519.0,534.0,542.0,560.0,570.0,593.0,621.0,644.0,688.0,750.0,782.0,793.0,806.0,816.0,832.0,840.0,845.0,879.0,912.0,914.0,917.0,945.0,960.0,968.0,977.0,985.0,986.0,
35.0,49.0,87.0,112.0,128.0,159.0,199.0,222.0,236.0,271.0,287.0,360.0,399.0,402.0,406.0,493.0,500.0,510.0,523.0,615.0,621.0,626.0,630.0,642.0,690.0,758.0,764.0,842.0,868.0,895.0,908.0,945.0,
21.0,51.0,64.0,78.0,103.0,153.0,157.0,199.0,212.0,219.0,266.0,275.0,303.0,312.0,355.0,356.0,358.0,362.0,363.0,394.0,408.0,419.0,428.0,431.0,449.0,474.0,505.0,564.0,600.0,636.0,664.0,675.0,711.0,720.0,737.0,739.0,746.0,780.0,821.0,848.0,933.0,935.0,976.0,982.0,988.0,
3.0,17.0,32.0,87.0,104.0,118.0,153.0,176.0,196.0,199.0,208.0,274.0,279.0,284.0,284.0,308.0,322.0,336.0,416.0,421.0,457.0,477.0,493.0,494.0,510.0,527.0,544.0,554.0,557.0,581.0,582.0,590.0,643.0,660.0,678.0,776.0,779.0,798.0,827.0,829.0,833.0,849.0,851.0,898.0,906.0,942.0,976.0,984.0,
57.0,90.0,118.0,216.0,237.0,253.0,262.0,303.0,322.0,354.0,360.0,406.0,407.0,425.0,441.0,443.0,462.0,478.0,483.0,500.0,520.0,609.0,635.0,700.0,706.0,732.0,739.0,761.0,780.0,813.0,837.0,869.0,901.0,913.0,945.0,962.0,
18.0,125.0,151.0,198.0,246.0,260.0,285.0,343.0,355.0,401.0,406.0,460.0,474.0,489.0,519.0,545.0,561.0,588.0,627.0,669.0,688.0,714.0,746.0,747.0,751.0,785.0,796.0,804.0,857.0,875.0,898.0,949.0,958.0,968.0,
9.0,12.0,77.0,80.0,107.0,122.0,122.0,132.0,190.0,231.0,267.0,281.0,312.0,320.0,380.0,428.0,446.0,453.0,492.0,511.0,540.0,568.0,577.0,591.0,631.0,650.0,664.0,693.0,732.0,782.0,792.0,842.0,856.0,861.0,908.0,945.0,
11.0,16.0,82.0,88.0,103.0,111.0,122.0,132.0,157.0,161.0,239.0,270.0,286.0,318.0,319.0,350.0,391.0,468.0,492.0,511.0,544.0,580.0,594.0,613.0,622.0,652.0,667.0,698.0,699.0,710.0,730.0,740.0,743.0,746.0,756.0,802.0,862.0,883.0,934.0,943.0,980.0,986.0,
29.0,97.0,113.0,122.0,129.0,130.0,156.0,167.0,185.0,254.0,269.0,307.0,356.0,386.0,404.0,406.0,415.0,453.0,487.0,508.0,644.0,650.0,731.0,738.0,773.0,786.0,792.0,802.0,862.0,863.0,874.0,917.0,935.0,937.0,945.0,964.0,973.0,
16.0,18.0,19.0,37.0,54.0,75.0,77.0,83.0,87.0,100.0,101.0,137.0,138.0,141.0,142.0,143.0,153.0,213.0,216.0,289.0,351.0,368.0,381.0,398.0,422.0,425.0,437.0,451.0,453.0,472.0,515.0,532.0,541.0,555.0,655.0,655.0,690.0,702.0,743.0,759.0,775.0,794.0,810.0,825.0,886.0,913.0,947.0,953.0,963.0,987.0,993.0,
80.0,119.0,185.0,202.0,209.0,238.0,265.0,267.0,409.0,412.0,433.0,459.0,498.0,506.0,552.0,576.0,587.0,592.0,671.0,706.0,728.0,749.0,750.0,774.0,775.0,791.0,797.0,813.0,820.0,974.0,998.0,
4.0,4.0,7.0,34.0,70.0,76.0,83.0,97.0,151.0,175.0,191.0,198.0,199.0,203.0,270.0,299.0,300.0,333.0,398.0,423.0,426.0,438.0,481.0,532.0,588.0,624.0,741.0,744.0,805.0,810.0,
33.0,35.0,85.0,110.0,117.0,131.0,135.0,151.0,153.0,156.0,192.0,218.0,235.0,236.0,257.0,267.0,269.0,283.0,302.0,308.0,331.0,360.0,422.0,439.0,521.0,574.0,598.0,616.0,741.0,744.0,746.0,882.0,896.0,907.0,920.0,931.0,949.0,960.0,
19.0,57.0,71.0,93.0,182.0,187.0,217.0,246.0,343.0,389.0,440.0,443.0,531.0,562.0,604.0,673.0,718.0,722.0,739.0,748.0,810.0,870.0,874.0,880.0,895.0,902.0,909.0,942.0,945.0,
92.0,101.0,160.0,196.0,199.0,224.0,285.0,288.0,321.0,356.0,365.0,366.0,451.0,567.0,605.0,674.0,715.0,736.0,779.0,796.0,815.0,856.0,906.0,915.0,926.0,946.0,986.0,998.0,
44.0,53.0,64.0,69.0,82.0,84.0,92.0,99.0,121.0,124.0,125.0,128.0,129.0,218.0,252.0,268.0,299.0,339.0,374.0,387.0,414.0,437.0,466.0,471.0,522.0,528.0,557.0,601.0,627.0,765.0,831.0,859.0,945.0,955.0,959.0,1000.0,
37.0,44.0,55.0,123.0,148.0,171.0,222.0,231.0,244.0,250.0,273.0,283.0,311.0,332.0,340.0,352.0,353.0,366.0,494.0,588.0,594.0,597.0,603.0,658.0,723.0,748.0,758.0,776.0,885.0,919.0,969.0,975.0,
33.0,54.0,101.0,139.0,147.0,167.0,170.0,172.0,205.0,278.0,317.0,347.0,392.0,414.0,457.0,479.0,506.0,589.0,601.0,614.0,679.0,701.0,703.0,726.0,731.0,758.0,770.0,826.0,845.0,889.0,892.0,897.0,931.0,950.0,970.0,976.0,994.0,
22.0,24.0,45.0,73.0,77.0,151.0,163.0,165.0,169.0,193.0,226.0,235.0,236.0,248.0,275.0,276.0,279.0,338.0,361.0,368.0,519.0,530.0,572.0,577.0,582.0,601.0,602.0,626.0,743.0,750.0,763.0,798.0,829.0,848.0,858.0,863.0,910.0,922.0,924.0,938.0,941.0,972.0,991.0,994.0,
40.0,167.0,180.0,199.0,252.0,262.0,273.0,352.0,407.0,417.0,442.0,460.0,464.0,525.0,527.0,628.0,632.0,643.0,778.0,811.0,816.0,841.0,842.0,843.0,865.0,919.0,923.0,
7.0,44.0,56.0,103.0,129.0,151.0,157.0,190.0,191.0,196.0,237.0,251.0,294.0,331.0,349.0,410.0,459.0,466.0,500.0,576.0,613.0,698.0,712.0,730.0,734.0,868.0,871.0,902.0,904.0,916.0,921.0,956.0,992.0,
17.0,20.0,39.0,58.0,67.0,72.0,91.0,105.0,120.0,130.0,142.0,143.0,192.0,194.0,207.0,352.0,375.0,381.0,390.0,391.0,417.0,423.0,439.0,537.0,550.0,557.0,585.0,597.0,619.0,631.0,703.0,709.0,767.0,862.0,900.0,902.0,932.0,946.0,982.0,998.0,
22.0,48.0,155.0,180.0,282.0,301.0,326.0,344.0,369.0,391.0,424.0,425.0,496.0,544.0,570.0,578.0,586.0,621.0,679.0,714.0,792.0,817.0,843.0,869.0,894.0,915.0,924.0,932.0,943.0,944.0,985.0,
127.0,156.0,158.0,161.0,165.0,170.0,181.0,183.0,188.0,233.0,244.0,245.0,256.0,266.0,268.0,325.0,326.0,338.0,389.0,427.0,442.0,461.0,550.0,567.0,589.0,597.0,612.0,614.0,617.0,621.0,626.0,668.0,761.0,768.0,789.0,791.0,806.0,843.0,908.0,945.0,948.0,956.0,966.0,
4.0,14.0,47.0,69.0,83.0,114.0,184.0,191.0,248.0,248.0,248.0,266.0,269.0,277.0,278.0,282.0,294.0,325.0,338.0,398.0,413.0,426.0,499.0,502.0,503.0,632.0,645.0,658.0,709.0,718.0,738.0,888.0,896.0,964.0,966.0,
89.0,117.0,119.0,147.0,164.0,179.0,226.0,249.0,291.0,362.0,392.0,422.0,440.0,498.0,527.0,551.0,616.0,635.0,641.0,642.0,655.0,657.0,732.0,739.0,741.0,782.0,878.0,893.0,921.0,945.0,950.0,
52.0,65.0,67.0,77.0,135.0,150.0,152.0,162.0,177.0,239.0,261.0,301.0,328.0,340.0,354.0,355.0,366.0,407.0,409.0,443.0,498.0,551.0,624.0,652.0,665.0,681.0,738.0,749.0,753.0,783.0,837.0,905.0,920.0,
7.0,15.0,161.0,217.0,220.0,247.0,261.0,328.0,335.0,470.0,473.0,537.0,542.0,555.0,562.0,576.0,629.0,636.0,684.0,695.0,734.0,752.0,785.0,863.0,933.0,
11.0,46.0,84.0,112.0,116.0,129.0,158.0,159.0,161.0,172.0,202.0,224.0,239.0,274.0,276.0,303.0,342.0,360.0,380.0,417.0,447.0,455.0,470.0,568.0,588.0,592.0,610.0,637.0,683.0,683.0,703.0,775.0,820.0,828.0,839.0,849.0,866.0,930.0,968.0,
23.0,33.0,60.0,94.0,103.0,117.0,127.0,189.0,284.0,372.0,396.0,419.0,426.0,454.0,493.0,539.0,539.0,554.0,558.0,560.0,578.0,593.0,634.0,644.0,647.0,696.0,700.0,707.0,718.0,764.0,789.0,811.0,815.0,827.0,834.0,835.0,845.0,864.0,873.0,876.0,877.0,902.0,921.0,961.0,967.0,981.0,997.0,998.0,
27.0,35.0,82.0,82.0,116.0,136.0,142.0,208.0,236.0,248.0,282.0,339.0,373.0,385.0,390.0,409.0,414.0,433.0,476.0,541.0,549.0,573.0,604.0,636.0,670.0,674.0,701.0,711.0,711.0,806.0,807.0,818.0,823.0,870.0,876.0,876.0,897.0,911.0,972.0,994.0,
5.0,27.0,31.0,67.0,102.0,138.0,140.0,149.0,180.0,233.0,254.0,270.0,290.0,290.0,297.0,307.0,482.0,506.0,551.0,563.0,581.0,582.0,613.0,654.0,659.0,659.0,663.0,676.0,704.0,743.0,771.0,822.0,852.0,862.0,915.0,916.0,965.0,984.0,993.0,
2.0,53.0,82.0,128.0,146.0,239.0,258.0,267.0,306.0,314.0,377.0,467.0,471.0,476.0,533.0,541.0,624.0,653.0,688.0,703.0,717.0,783.0,789.0,794.0,795.0,802.0,814.0,815.0,825.0,843.0,844.0,846.0,878.0,887.0,898.0,901.0,943.0,957.0,
113.0,116.0,122.0,128.0,134.0,232.0,285.0,296.0,399.0,430.0,451.0,460.0,475.0,485.0,520.0,574.0,580.0,606.0,657.0,664.0,711.0,821.0,824.0,826.0,834.0,837.0,871.0,890.0,945.0,946.0,988.0,989.0,990.0,992.0,
22.0,77.0,84.0,98.0,118.0,132.0,217.0,283.0,294.0,307.0,307.0,308.0,357.0,387.0,398.0,406.0,464.0,468.0,479.0,487.0,489.0,490.0,490.0,529.0,565.0,643.0,676.0,685.0,688.0,695.0,706.0,706.0,708.0,777.0,862.0,872.0,917.0,925.0,966.0,971.0,979.0,988.0,
13.0,49.0,50.0,92.0,131.0,151.0,203.0,208.0,252.0,259.0,298.0,308.0,371.0,379.0,395.0,434.0,444.0,452.0,455.0,457.0,486.0,529.0,588.0,624.0,632.0,634.0,635.0,648.0,696.0,746.0,753.0,754.0,755.0,757.0,806.0,849.0,870.0,897.0,950.0,968.0,992.0,
17.0,68.0,68.0,101.0,121.0,139.0,155.0,160.0,170.0,188.0,195.0,197.0,215.0,274.0,334.0,356.0,365.0,424.0,432.0,468.0,502.0,533.0,584.0,585.0,596.0,606.0,614.0,617.0,622.0,658.0,661.0,661.0,699.0,708.0,725.0,737.0,751.0,810.0,835.0,933.0,
10.0,83.0,104.0,132.0,146.0,156.0,186.0,332.0,341.0,397.0,410.0,544.0,619.0,620.0,691.0,691.0,726.0,744.0,750.0,767.0,797.0,805.0,818.0,828.0,846.0,850.0,857.0,879.0,966.0,1000.0,
24.0,29.0,71.0,79.0,89.0,145.0,146.0,179.0,216.0,223.0,235.0,247.0,298.0,330.0,371.0,500.0,512.0,564.0,607.0,610.0,635.0,692.0,701.0,733.0,772.0,808.0,812.0,820.0,825.0,843.0,850.0,863.0,864.0,871.0,883.0,891.0,920.0,951.0,
3.0,7.0,14.0,23.0,63.0,79.0,130.0,138.0,248.0,284.0,292.0,354.0,358.0,383.0,389.0,419.0,428.0,481.0,530.0,535.0,577.0,632.0,662.0,666.0,679.0,679.0,748.0,749.0,798.0,807.0,809.0,813.0,819.0,820.0,853.0,861.0,888.0,888.0,937.0,947.0,955.0,959.0,989.0,
13.0,109.0,110.0,159.0,177.0,202.0,203.0,210.0,219.0,308.0,315.0,374.0,441.0,534.0,555.0,619.0,654.0,681.0,689.0,712.0,725.0,854.0,855.0,869.0,870.0,886.0,887.0,891.0,897.0,999.0,
22.0,25.0,91.0,92.0,99.0,99.0,227.0,255.0,260.0,261.0,308.0,320.0,386.0,402.0,413.0,475.0,486.0,528.0,613.0,621.0,628.0,662.0,677.0,714.0,734.0,737.0,769.0,770.0,851.0,883.0,907.0,991.0,
22.0,48.0,144.0,292.0,295.0,313.0,321.0,329.0,343.0,368.0,428.0,453.0,466.0,476.0,477.0,509.0,512.0,521.0,524.0,550.0,571.0,594.0,596.0,625.0,662.0,666.0,673.0,676.0,777.0,801.0,802.0,805.0,847.0,865.0,889.0,948.0,953.0,953.0,976.0,983.0,986.0,992.0,
2.0,13.0,19.0,32.0,33.0,36.0,40.0,112.0,129.0,146.0,175.0,206.0,234.0,275.0,277.0,324.0,344.0,351.0,356.0,369.0,392.0,421.0,423.0,472.0,489.0,492.0,492.0,508.0,540.0,545.0,580.0,590.0,594.0,597.0,614.0,615.0,660.0,707.0,715.0,810.0,816.0,875.0,912.0,928.0,933.0,964.0,
2.0,38.0,50.0,81.0,138.0,169.0,181.0,211.0,224.0,283.0,292.0,311.0,407.0,421.0,424.0,453.0,476.0,483.0,548.0,571.0,575.0,606.0,612.0,635.0,677.0,684.0,697.0,736.0,739.0,746.0,784.0,790.0,793.0,823.0,840.0,841.0,856.0,873.0,
35.0,36.0,109.0,120.0,135.0,234.0,237.0,248.0,288.0,290.0,326.0,328.0,382.0,386.0,394.0,410.0,420.0,425.0,437.0,445.0,450.0,450.0,456.0,525.0,530.0,541.0,546.0,549.0,579.0,603.0,619.0,669.0,727.0,823.0,844.0,898.0,915.0,999.0,
75.0,112.0,140.0,158.0,170.0,197.0,276.0,300.0,310.0,315.0,320.0,337.0,341.0,454.0,463.0,464.0,513.0,521.0,525.0,528.0,541.0,612.0,612.0,621.0,636.0,638.0,660.0,697.0,703.0,739.0,776.0,826.0,881.0,911.0,927.0,952.0,978.0,988.0,
18.0,20.0,105.0,144.0,167.0,191.0,196.0,300.0,308.0,315.0,354.0,369.0,380.0,399.0,399.0,425.0,453.0,469.0,488.0,544.0,565.0,585.0,591.0,603.0,629.0,631.0,637.0,638.0,655.0,691.0,707.0,738.0,761.0,765.0,770.0,787.0,796.0,825.0,838.0,844.0,872.0,902.0,957.0,986.0,
31.0,50.0,67.0,126.0,128.0,145.0,169.0,189.0,222.0,260.0,279.0,334.0,342.0,376.0,437.0,464.0,496.0,503.0,515.0,535.0,540.0,548.0,563.0,570.0,588.0,613.0,617.0,679.0,711.0,753.0,862.0,884.0,894.0,912.0,912.0,925.0,962.0,990.0,1000.0,
46.0,82.0,105.0,110.0,134.0,147.0,151.0,172.0,226.0,250.0,293.0,317.0,349.0,386.0,386.0,387.0,444.0,454.0,534.0,570.0,579.0,584.0,593.0,657.0,669.0,679.0,693.0,694.0,729.0,735.0,741.0,743.0,806.0,816.0,825.0,913.0,919.0,944.0,
17.0,31.0,82.0,109.0,149.0,178.0,190.0,193.0,210.0,222.0,224.0,246.0,291.0,307.0,308.0,310.0,324.0,341.0,370.0,377.0,378.0,394.0,431.0,432.0,470.0,478.0,546.0,603.0,615.0,618.0,628.0,645.0,681.0,738.0,739.0,854.0,900.0,927.0,962.0,
12.0,17.0,22.0,81.0,171.0,198.0,220.0,232.0,255.0,276.0,297.0,549.0,555.0,578.0,585.0,628.0,634.0,682.0,685.0,710.0,716.0,747.0,768.0,776.0,803.0,810.0,828.0,854.0,856.0,914.0,924.0,945.0,948.0,
27.0,65.0,100.0,109.0,119.0,123.0,137.0,230.0,238.0,248.0,258.0,321.0,352.0,352.0,355.0,370.0,410.0,410.0,438.0,501.0,560.0,573.0,654.0,663.0,670.0,674.0,688.0,716.0,748.0,884.0,885.0,918.0,934.0,944.0,964.0,966.0,978.0,982.0,989.0,
15.0,31.0,56.0,93.0,101.0,103.0,107.0,117.0,161.0,163.0,173.0,187.0,246.0,257.0,313.0,321.0,322.0,350.0,384.0,393.0,463.0,491.0,514.0,539.0,551.0,640.0,658.0,693.0,740.0,773.0,824.0,838.0,895.0,924.0,929.0,956.0,959.0,989.0,
185.0,235.0,250.0,311.0,317.0,335.0,352.0,400.0,424.0,434.0,462.0,540.0,544.0,555.0,571.0,577.0,586.0,611.0,616.0,656.0,693.0,703.0,719.0,724.0,726.0,762.0,810.0,848.0,901.0,905.0,909.0,921.0,924.0,960.0,
32.0,129.0,134.0,138.0,155.0,202.0,251.0,314.0,331.0,354.0,378.0,401.0,406.0,436.0,510.0,561.0,563.0,566.0,597.0,648.0,712.0,765.0,771.0,789.0,858.0,949.0,958.0,
6.0,94.0,101.0,139.0,160.0,201.0,203.0,285.0,298.0,298.0,329.0,338.0,343.0,350.0,395.0,399.0,415.0,435.0,439.0,453.0,459.0,464.0,470.0,474.0,528.0,595.0,600.0,617.0,627.0,663.0,673.0,674.0,682.0,685.0,718.0,721.0,770.0,809.0,847.0,864.0,866.0,902.0,945.0,951.0,951.0,955.0,979.0,
21.0,30.0,45.0,58.0,83.0,100.0,115.0,154.0,157.0,158.0,214.0,228.0,231.0,247.0,319.0,323.0,351.0,354.0,354.0,364.0,367.0,383.0,415.0,416.0,418.0,482.0,490.0,514.0,532.0,571.0,593.0,596.0,631.0,641.0,645.0,680.0,729.0,733.0,739.0,750.0,784.0,793.0,804.0,807.0,827.0,835.0,865.0,872.0,911.0,953.0,
12.0,38.0,40.0,43.0,73.0,115.0,162.0,165.0,168.0,169.0,184.0,196.0,212.0,266.0,266.0,284.0,346.0,346.0,354.0,406.0,410.0,420.0,473.0,499.0,500.0,537.0,560.0,572.0,593.0,632.0,663.0,674.0,698.0,726.0,740.0,748.0,752.0,807.0,822.0,839.0,860.0,878.0,906.0,916.0,983.0,992.0,
20.0,81.0,113.0,145.0,278.0,279.0,292.0,330.0,368.0,392.0,405.0,474.0,478.0,495.0,535.0,541.0,603.0,619.0,633.0,657.0,671.0,678.0,712.0,723.0,733.0,733.0,795.0,821.0,928.0,948.0,951.0,958.0,964.0,973.0,978.0,
36.0,51.0,61.0,62.0,63.0,96.0,179.0,195.0,252.0,258.0,268.0,269.0,287.0,314.0,327.0,373.0,376.0,484.0,488.0,490.0,502.0,526.0,531.0,537.0,566.0,673.0,676.0,728.0,749.0,754.0,756.0,856.0,877.0,881.0,912.0,945.0,946.0,950.0,978.0,984.0,
27.0,34.0,34.0,66.0,102.0,102.0,110.0,222.0,249.0,280.0,302.0,327.0,356.0,376.0,381.0,404.0,473.0,480.0,495.0,520.0,573.0,587.0,587.0,609.0,648.0,654.0,675.0,700.0,748.0,757.0,813.0,829.0,842.0,845.0,889.0,897.0,912.0,955.0,
15.0,23.0,26.0,54.0,70.0,78.0,148.0,152.0,215.0,235.0,263.0,296.0,323.0,351.0,358.0,373.0,391.0,408.0,415.0,433.0,444.0,451.0,477.0,518.0,612.0,640.0,676.0,679.0,729.0,746.0,779.0,785.0,842.0,845.0,925.0,926.0,935.0,938.0,971.0,978.0,
56.0,74.0,110.0,140.0,156.0,194.0,196.0,211.0,222.0,298.0,397.0,439.0,492.0,493.0,515.0,546.0,581.0,625.0,664.0,685.0,696.0,760.0,776.0,864.0,926.0,973.0,986.0,996.0,
3.0,32.0,62.0,70.0,73.0,111.0,173.0,207.0,235.0,293.0,306.0,320.0,340.0,360.0,407.0,445.0,503.0,507.0,517.0,529.0,532.0,560.0,563.0,577.0,597.0,621.0,677.0,694.0,711.0,751.0,759.0,761.0,809.0,836.0,884.0,913.0,979.0,985.0,
25.0,29.0,42.0,83.0,86.0,101.0,156.0,172.0,215.0,220.0,251.0,334.0,363.0,401.0,406.0,428.0,467.0,494.0,495.0,497.0,506.0,530.0,573.0,615.0,652.0,766.0,816.0,837.0,851.0,893.0,911.0,921.0,987.0,1000.0,
20.0,49.0,51.0,52.0,54.0,71.0,84.0,114.0,132.0,147.0,233.0,246.0,266.0,287.0,337.0,344.0,350.0,374.0,406.0,416.0,417.0,460.0,492.0,508.0,529.0,561.0,563.0,569.0,654.0,686.0,756.0,832.0,833.0,853.0,855.0,941.0,
9.0,20.0,82.0,84.0,123.0,146.0,162.0,171.0,253.0,270.0,276.0,304.0,304.0,351.0,353.0,367.0,374.0,393.0,440.0,459.0,525.0,541.0,562.0,583.0,681.0,780.0,803.0,818.0,883.0,905.0,914.0,981.0,988.0,
12.0,17.0,76.0,133.0,150.0,207.0,247.0,256.0,267.0,348.0,378.0,383.0,407.0,415.0,427.0,476.0,512.0,512.0,517.0,550.0,562.0,563.0,568.0,588.0,595.0,607.0,627.0,629.0,711.0,749.0,752.0,774.0,822.0,893.0,981.0,993.0,
18.0,32.0,56.0,97.0,98.0,117.0,124.0,127.0,195.0,201.0,298.0,301.0,359.0,383.0,403.0,410.0,515.0,574.0,640.0,643.0,649.0,685.0,691.0,746.0,746.0,766.0,798.0,804.0,840.0,847.0,877.0,916.0,917.0,924.0,939.0,
35.0,42.0,55.0,84.0,178.0,286.0,287.0,320.0,325.0,375.0,376.0,423.0,461.0,488.0,498.0,503.0,503.0,555.0,562.0,710.0,714.0,717.0,741.0,762.0,773.0,790.0,796.0,807.0,807.0,859.0,862.0,875.0,917.0,967.0,
27.0,82.0,97.0,137.0,205.0,237.0,239.0,275.0,294.0,338.0,342.0,345.0,352.0,392.0,417.0,444.0,487.0,496.0,501.0,503.0,530.0,564.0,591.0,620.0,622.0,632.0,667.0,735.0,754.0,776.0,827.0,845.0,869.0,906.0,918.0,919.0,931.0,937.0,
6.0,56.0,91.0,128.0,217.0,287.0,320.0,326.0,329.0,380.0,387.0,435.0,444.0,482.0,572.0,598.0,691.0,704.0,715.0,715.0,728.0,729.0,747.0,802.0,837.0,874.0,910.0,929.0,933.0,978.0,
35.0,41.0,87.0,87.0,89.0,95.0,108.0,149.0,224.0,251.0,306.0,338.0,341.0,364.0,376.0,395.0,396.0,410.0,480.0,515.0,528.0,589.0,593.0,672.0,675.0,682.0,688.0,698.0,707.0,708.0,717.0,723.0,755.0,787.0,789.0,814.0,815.0,817.0,825.0,858.0,903.0,910.0,914.0,930.0,951.0,967.0,972.0,990.0,
