10.0,39.0,58.0,68.0,72.0,85.0,88.0,140.0,146.0,161.0,163.0,179.0,194.0,204.0,210.0,249.0,279.0,316.0,320.0,328.0,348.0,384.0,392.0,438.0,444.0,470.0,472.0,494.0,509.0,533.0,549.0,566.0,607.0,642.0,649.0,678.0,687.0,690.0,690.0,734.0,757.0,766.0,777.0,777.0,796.0,853.0,892.0,919.0,920.0,973.0,978.0,997.0,
19.0,61.0,63.0,72.0,86.0,112.0,119.0,142.0,154.0,163.0,180.0,203.0,204.0,215.0,219.0,232.0,309.0,319.0,327.0,343.0,374.0,378.0,381.0,481.0,490.0,512.0,571.0,582.0,593.0,599.0,602.0,605.0,660.0,662.0,688.0,702.0,710.0,747.0,809.0,853.0,961.0,
30.0,46.0,75.0,84.0,92.0,171.0,171.0,195.0,203.0,226.0,325.0,352.0,359.0,397.0,420.0,436.0,457.0,461.0,523.0,586.0,628.0,636.0,643.0,657.0,664.0,732.0,784.0,804.0,813.0,854.0,858.0,867.0,887.0,908.0,915.0,923.0,957.0,965.0,965.0,994.0,
17.0,27.0,51.0,71.0,80.0,117.0,140.0,172.0,178.0,194.0,202.0,220.0,228.0,237.0,243.0,326.0,368.0,371.0,377.0,427.0,464.0,506.0,538.0,542.0,683.0,705.0,841.0,864.0,942.0,953.0,
40.0,42.0,57.0,68.0,87.0,99.0,146.0,165.0,175.0,196.0,207.0,219.0,253.0,257.0,261.0,274.0,277.0,312.0,347.0,427.0,464.0,484.0,537.0,567.0,577.0,594.0,601.0,630.0,670.0,736.0,765.0,814.0,848.0,867.0,913.0,919.0,931.0,964.0,
19.0,21.0,39.0,52.0,61.0,62.0,64.0,103.0,105.0,105.0,184.0,219.0,226.0,227.0,229.0,280.0,299.0,313.0,323.0,345.0,362.0,369.0,418.0,419.0,457.0,597.0,744.0,759.0,766.0,771.0,802.0,830.0,856.0,963.0,982.0,
19.0,23.0,69.0,99.0,102.0,113.0,165.0,325.0,352.0,392.0,440.0,502.0,512.0,540.0,561.0,580.0,623.0,671.0,693.0,783.0,805.0,822.0,861.0,884.0,911.0,930.0,940.0,950.0,
63.0,70.0,126.0,143.0,169.0,174.0,219.0,264.0,266.0,335.0,354.0,374.0,375.0,379.0,403.0,445.0,479.0,498.0,502.0,522.0,538.0,545.0,575.0,652.0,747.0,773.0,792.0,862.0,903.0,943.0,978.0,
79.0,91.0,99.0,101.0,134.0,138.0,158.0,186.0,191.0,210.0,240.0,241.0,248.0,282.0,296.0,313.0,316.0,373.0,432.0,448.0,499.0,499.0,537.0,547.0,549.0,595.0,596.0,602.0,616.0,646.0,654.0,682.0,699.0,770.0,779.0,799.0,876.0,914.0,932.0,943.0,994.0,
81.0,82.0,103.0,119.0,129.0,159.0,161.0,170.0,192.0,209.0,217.0,222.0,224.0,273.0,297.0,332.0,339.0,349.0,369.0,415.0,421.0,440.0,501.0,601.0,605.0,687.0,701.0,710.0,741.0,752.0,781.0,920.0,954.0,970.0,970.0,
163.0,164.0,172.0,221.0,227.0,227.0,279.0,283.0,391.0,451.0,461.0,485.0,500.0,503.0,509.0,509.0,517.0,536.0,538.0,644.0,648.0,661.0,662.0,662.0,682.0,696.0,707.0,727.0,740.0,791.0,807.0,820.0,870.0,892.0,945.0,946.0,973.0,
109.0,114.0,154.0,165.0,168.0,176.0,223.0,243.0,255.0,298.0,308.0,313.0,356.0,359.0,376.0,413.0,452.0,537.0,610.0,618.0,631.0,654.0,662.0,680.0,687.0,707.0,714.0,723.0,723.0,731.0,769.0,776.0,778.0,790.0,821.0,837.0,850.0,854.0,856.0,908.0,911.0,922.0,927.0,928.0,973.0,979.0,
23.0,47.0,93.0,162.0,175.0,182.0,202.0,272.0,286.0,311.0,331.0,352.0,362.0,363.0,445.0,452.0,512.0,557.0,566.0,585.0,606.0,656.0,661.0,668.0,679.0,718.0,733.0,753.0,825.0,861.0,869.0,871.0,922.0,961.0,964.0,974.0,
15.0,20.0,33.0,78.0,132.0,144.0,208.0,211.0,237.0,267.0,305.0,321.0,329.0,384.0,397.0,409.0,419.0,421.0,468.0,491.0,540.0,554.0,569.0,598.0,615.0,631.0,699.0,728.0,729.0,733.0,820.0,836.0,877.0,889.0,916.0,917.0,931.0,932.0,996.0,
51.0,62.0,66.0,70.0,83.0,85.0,123.0,171.0,317.0,338.0,366.0,378.0,417.0,445.0,474.0,501.0,501.0,533.0,599.0,649.0,665.0,676.0,677.0,715.0,738.0,768.0,770.0,861.0,893.0,930.0,963.0,
2.0,18.0,63.0,84.0,187.0,200.0,216.0,236.0,241.0,259.0,268.0,348.0,355.0,379.0,438.0,444.0,487.0,522.0,631.0,655.0,667.0,695.0,708.0,714.0,735.0,737.0,740.0,791.0,829.0,835.0,927.0,929.0,930.0,930.0,930.0,944.0,947.0,992.0,
14.0,24.0,93.0,93.0,94.0,101.0,181.0,224.0,229.0,266.0,300.0,347.0,397.0,412.0,465.0,481.0,490.0,512.0,526.0,531.0,534.0,572.0,583.0,583.0,617.0,625.0,675.0,696.0,752.0,791.0,820.0,821.0,866.0,888.0,894.0,916.0,918.0,919.0,941.0,953.0,
14.0,18.0,23.0,27.0,58.0,82.0,89.0,123.0,140.0,151.0,179.0,257.0,297.0,350.0,387.0,407.0,527.0,527.0,555.0,567.0,620.0,621.0,628.0,645.0,663.0,663.0,701.0,740.0,746.0,808.0,828.0,862.0,881.0,896.0,930.0,956.0,963.0,970.0,
17.0,32.0,67.0,128.0,182.0,210.0,213.0,225.0,226.0,228.0,240.0,257.0,269.0,277.0,295.0,303.0,350.0,390.0,451.0,454.0,503.0,531.0,532.0,555.0,603.0,644.0,648.0,697.0,721.0,740.0,740.0,748.0,890.0,898.0,903.0,912.0,926.0,938.0,978.0,982.0,993.0,
23.0,33.0,54.0,74.0,81.0,128.0,179.0,210.0,236.0,254.0,273.0,280.0,316.0,331.0,402.0,451.0,467.0,488.0,555.0,569.0,584.0,598.0,652.0,680.0,709.0,710.0,720.0,728.0,740.0,747.0,787.0,794.0,830.0,841.0,849.0,850.0,885.0,912.0,929.0,949.0,949.0,966.0,975.0,997.0,
8.0,13.0,19.0,44.0,60.0,68.0,127.0,169.0,206.0,210.0,219.0,245.0,248.0,271.0,281.0,293.0,317.0,373.0,394.0,428.0,493.0,498.0,504.0,563.0,563.0,571.0,604.0,646.0,655.0,675.0,680.0,713.0,714.0,741.0,768.0,837.0,862.0,888.0,901.0,917.0,933.0,947.0,970.0,996.0,
25.0,40.0,73.0,73.0,78.0,86.0,97.0,128.0,163.0,177.0,196.0,238.0,251.0,285.0,291.0,371.0,436.0,445.0,469.0,469.0,490.0,514.0,534.0,542.0,586.0,624.0,695.0,702.0,703.0,723.0,743.0,773.0,791.0,838.0,848.0,859.0,871.0,913.0,927.0,954.0,966.0,967.0,
92.0,169.0,176.0,207.0,255.0,277.0,283.0,292.0,293.0,293.0,336.0,367.0,367.0,379.0,409.0,463.0,488.0,522.0,523.0,550.0,556.0,573.0,619.0,663.0,735.0,757.0,872.0,887.0,908.0,923.0,940.0,942.0,955.0,964.0,
17.0,28.0,54.0,73.0,112.0,178.0,205.0,216.0,257.0,265.0,266.0,295.0,321.0,323.0,367.0,371.0,393.0,428.0,453.0,501.0,501.0,595.0,619.0,624.0,638.0,642.0,643.0,657.0,708.0,715.0,723.0,757.0,764.0,768.0,779.0,804.0,884.0,897.0,914.0,930.0,960.0,973.0,999.0,
56.0,65.0,102.0,119.0,120.0,141.0,149.0,153.0,264.0,341.0,438.0,451.0,452.0,468.0,526.0,533.0,602.0,622.0,646.0,689.0,726.0,728.0,742.0,783.0,790.0,792.0,811.0,819.0,828.0,874.0,915.0,989.0,
25.0,53.0,58.0,78.0,82.0,92.0,117.0,124.0,154.0,163.0,168.0,275.0,298.0,358.0,411.0,449.0,452.0,460.0,475.0,495.0,546.0,562.0,581.0,603.0,608.0,614.0,628.0,643.0,715.0,728.0,790.0,793.0,831.0,909.0,914.0,916.0,941.0,946.0,
25.0,61.0,95.0,97.0,101.0,109.0,111.0,111.0,137.0,194.0,236.0,252.0,260.0,272.0,313.0,321.0,331.0,377.0,401.0,421.0,432.0,503.0,531.0,558.0,565.0,569.0,594.0,602.0,642.0,652.0,681.0,699.0,701.0,701.0,719.0,726.0,734.0,739.0,775.0,778.0,779.0,840.0,845.0,866.0,876.0,925.0,935.0,944.0,945.0,959.0,964.0,970.0,977.0,979.0,989.0,995.0,
23.0,196.0,197.0,269.0,395.0,416.0,431.0,449.0,471.0,472.0,479.0,487.0,491.0,521.0,524.0,527.0,545.0,553.0,566.0,583.0,599.0,610.0,637.0,669.0,681.0,690.0,776.0,783.0,788.0,815.0,837.0,843.0,844.0,851.0,853.0,870.0,901.0,920.0,940.0,951.0,952.0,994.0,
32.0,172.0,205.0,206.0,207.0,235.0,237.0,249.0,263.0,298.0,372.0,420.0,436.0,457.0,483.0,517.0,529.0,555.0,573.0,585.0,592.0,637.0,675.0,677.0,728.0,778.0,832.0,883.0,890.0,894.0,952.0,977.0,985.0,
47.0,65.0,65.0,71.0,102.0,116.0,117.0,178.0,234.0,251.0,266.0,280.0,293.0,300.0,322.0,330.0,336.0,380.0,397.0,451.0,505.0,506.0,528.0,552.0,646.0,668.0,682.0,697.0,825.0,882.0,911.0,922.0,927.0,928.0,979.0,980.0,997.0,
16.0,63.0,80.0,205.0,239.0,241.0,291.0,297.0,335.0,348.0,379.0,456.0,458.0,465.0,483.0,528.0,536.0,537.0,568.0,618.0,629.0,670.0,678.0,706.0,741.0,768.0,769.0,772.0,773.0,816.0,831.0,878.0,912.0,926.0,968.0,1000.0,
39.0,91.0,156.0,219.0,237.0,280.0,316.0,317.0,333.0,350.0,361.0,373.0,404.0,428.0,442.0,480.0,545.0,563.0,601.0,610.0,622.0,623.0,654.0,785.0,873.0,916.0,922.0,927.0,937.0,959.0,960.0,971.0,
6.0,29.0,33.0,40.0,54.0,54.0,61.0,84.0,157.0,172.0,203.0,235.0,240.0,257.0,277.0,308.0,335.0,347.0,382.0,416.0,420.0,474.0,513.0,513.0,523.0,538.0,581.0,628.0,633.0,637.0,673.0,709.0,715.0,807.0,816.0,818.0,820.0,856.0,909.0,915.0,979.0,981.0,984.0,
42.0,48.0,212.0,252.0,325.0,338.0,342.0,390.0,396.0,430.0,468.0,501.0,519.0,551.0,560.0,617.0,643.0,657.0,707.0,711.0,724.0,744.0,753.0,779.0,805.0,824.0,828.0,849.0,863.0,943.0,992.0,
2.0,45.0,69.0,77.0,101.0,125.0,290.0,303.0,311.0,323.0,396.0,409.0,410.0,430.0,493.0,509.0,525.0,584.0,607.0,628.0,645.0,692.0,713.0,714.0,771.0,771.0,786.0,853.0,872.0,876.0,900.0,909.0,963.0,
56.0,81.0,96.0,97.0,187.0,194.0,199.0,206.0,254.0,300.0,307.0,363.0,404.0,404.0,435.0,447.0,450.0,452.0,471.0,482.0,513.0,554.0,583.0,623.0,625.0,790.0,800.0,858.0,886.0,901.0,908.0,913.0,966.0,973.0,994.0,
111.0,140.0,142.0,146.0,178.0,202.0,221.0,229.0,231.0,232.0,241.0,257.0,335.0,370.0,468.0,490.0,496.0,508.0,578.0,609.0,613.0,621.0,666.0,736.0,763.0,766.0,787.0,795.0,815.0,828.0,843.0,851.0,859.0,863.0,880.0,886.0,910.0,917.0,926.0,958.0,970.0,970.0,
53.0,56.0,121.0,149.0,225.0,269.0,295.0,336.0,376.0,389.0,407.0,423.0,463.0,586.0,594.0,601.0,606.0,629.0,647.0,648.0,655.0,676.0,689.0,710.0,724.0,737.0,781.0,792.0,821.0,829.0,846.0,864.0,868.0,893.0,901.0,930.0,955.0,966.0,989.0,994.0,
22.0,29.0,32.0,37.0,47.0,131.0,190.0,274.0,276.0,288.0,301.0,310.0,345.0,376.0,390.0,445.0,450.0,463.0,467.0,527.0,606.0,703.0,721.0,732.0,757.0,774.0,790.0,815.0,823.0,861.0,865.0,870.0,888.0,905.0,926.0,928.0,963.0,
16.0,76.0,88.0,167.0,174.0,178.0,186.0,201.0,210.0,211.0,227.0,263.0,265.0,290.0,302.0,336.0,354.0,361.0,378.0,382.0,400.0,427.0,489.0,528.0,565.0,621.0,635.0,649.0,665.0,687.0,724.0,793.0,793.0,796.0,801.0,817.0,833.0,874.0,901.0,912.0,923.0,943.0,958.0,967.0,985.0,
3.0,18.0,22.0,48.0,55.0,102.0,165.0,165.0,208.0,247.0,250.0,252.0,300.0,329.0,433.0,435.0,440.0,442.0,452.0,488.0,520.0,528.0,559.0,566.0,578.0,595.0,617.0,632.0,641.0,653.0,666.0,678.0,732.0,755.0,769.0,775.0,777.0,781.0,806.0,826.0,901.0,948.0,978.0,980.0,981.0,985.0,998.0,
11.0,33.0,81.0,99.0,101.0,127.0,135.0,206.0,260.0,270.0,390.0,397.0,421.0,459.0,469.0,483.0,536.0,555.0,559.0,566.0,583.0,584.0,598.0,616.0,620.0,624.0,652.0,744.0,751.0,753.0,789.0,797.0,798.0,835.0,840.0,857.0,874.0,897.0,909.0,913.0,982.0,
28.0,58.0,60.0,85.0,89.0,171.0,177.0,192.0,204.0,233.0,258.0,276.0,312.0,316.0,344.0,346.0,363.0,373.0,409.0,476.0,503.0,510.0,512.0,538.0,552.0,613.0,663.0,784.0,791.0,866.0,868.0,873.0,888.0,900.0,933.0,956.0,992.0,
11.0,39.0,64.0,112.0,129.0,134.0,148.0,182.0,230.0,252.0,294.0,309.0,314.0,335.0,363.0,375.0,394.0,414.0,435.0,483.0,512.0,544.0,594.0,623.0,631.0,660.0,662.0,668.0,690.0,691.0,693.0,709.0,739.0,801.0,815.0,837.0,843.0,853.0,877.0,881.0,884.0,887.0,967.0,968.0,984.0,
8.0,13.0,44.0,46.0,51.0,66.0,127.0,146.0,151.0,160.0,167.0,174.0,191.0,211.0,230.0,288.0,305.0,312.0,322.0,323.0,356.0,358.0,380.0,438.0,491.0,813.0,932.0,957.0,991.0,
10.0,54.0,107.0,114.0,122.0,136.0,175.0,239.0,253.0,258.0,260.0,282.0,284.0,318.0,328.0,332.0,350.0,394.0,403.0,413.0,419.0,466.0,490.0,
3.0,9.0,26.0,35.0,50.0,118.0,140.0,149.0,155.0,196.0,217.0,237.0,240.0,303.0,334.0,399.0,409.0,411.0,414.0,426.0,450.0,492.0,978.0,
7.0,20.0,43.0,79.0,84.0,111.0,138.0,141.0,173.0,237.0,249.0,252.0,286.0,299.0,315.0,316.0,391.0,470.0,582.0,649.0,649.0,685.0,721.0,727.0,758.0,776.0,802.0,810.0,875.0,978.0,989.0,
8.0,18.0,21.0,78.0,86.0,87.0,88.0,111.0,139.0,162.0,171.0,210.0,311.0,316.0,335.0,337.0,396.0,400.0,426.0,452.0,463.0,488.0,534.0,555.0,559.0,561.0,587.0,595.0,598.0,619.0,631.0,646.0,658.0,691.0,719.0,830.0,845.0,878.0,920.0,923.0,971.0,
37.0,84.0,92.0,94.0,127.0,168.0,192.0,193.0,247.0,249.0,289.0,314.0,362.0,400.0,406.0,457.0,464.0,483.0,500.0,534.0,562.0,586.0,653.0,665.0,677.0,700.0,711.0,739.0,757.0,776.0,779.0,956.0,961.0,978.0,
11.0,66.0,107.0,128.0,172.0,199.0,200.0,215.0,234.0,237.0,285.0,292.0,293.0,331.0,346.0,363.0,387.0,409.0,467.0,481.0,507.0,518.0,544.0,560.0,618.0,710.0,713.0,871.0,900.0,935.0,936.0,997.0,
70.0,71.0,77.0,113.0,118.0,172.0,199.0,203.0,214.0,237.0,267.0,268.0,274.0,277.0,280.0,288.0,353.0,354.0,399.0,422.0,444.0,482.0,603.0,625.0,633.0,650.0,660.0,683.0,712.0,712.0,722.0,724.0,728.0,734.0,746.0,830.0,919.0,
63.0,102.0,138.0,141.0,153.0,161.0,183.0,225.0,230.0,236.0,250.0,251.0,266.0,278.0,304.0,308.0,346.0,397.0,402.0,410.0,473.0,502.0,557.0,639.0,642.0,671.0,682.0,687.0,713.0,767.0,779.0,785.0,795.0,829.0,898.0,950.0,950.0,977.0,978.0,990.0,996.0,
7.0,57.0,122.0,127.0,149.0,168.0,192.0,200.0,213.0,245.0,296.0,332.0,370.0,372.0,397.0,400.0,439.0,484.0,498.0,553.0,595.0,599.0,613.0,622.0,680.0,698.0,722.0,751.0,834.0,841.0,856.0,891.0,944.0,964.0,987.0,993.0,
58.0,186.0,259.0,259.0,264.0,271.0,282.0,287.0,317.0,336.0,388.0,396.0,407.0,418.0,420.0,497.0,
75.0,178.0,203.0,220.0,221.0,293.0,297.0,302.0,309.0,332.0,336.0,369.0,378.0,428.0,460.0,468.0,480.0,504.0,
47.0,68.0,74.0,108.0,118.0,122.0,135.0,146.0,188.0,200.0,210.0,212.0,226.0,285.0,288.0,392.0,435.0,454.0,489.0,501.0,
4.0,10.0,13.0,63.0,155.0,162.0,191.0,192.0,213.0,257.0,267.0,272.0,305.0,322.0,327.0,369.0,393.0,440.0,452.0,498.0,598.0,598.0,616.0,623.0,633.0,661.0,672.0,677.0,679.0,707.0,763.0,779.0,788.0,818.0,828.0,833.0,841.0,846.0,860.0,863.0,929.0,933.0,938.0,960.0,966.0,968.0,975.0,
12.0,44.0,125.0,252.0,260.0,311.0,388.0,560.0,561.0,609.0,670.0,683.0,702.0,742.0,767.0,774.0,899.0,908.0,938.0,965.0,968.0,992.0,998.0,
50.0,92.0,94.0,96.0,119.0,131.0,132.0,134.0,136.0,213.0,233.0,239.0,257.0,289.0,321.0,449.0,462.0,463.0,477.0,488.0,516.0,530.0,551.0,554.0,591.0,608.0,630.0,662.0,663.0,664.0,682.0,717.0,798.0,812.0,813.0,865.0,870.0,880.0,884.0,884.0,885.0,892.0,895.0,906.0,907.0,934.0,
21.0,99.0,153.0,165.0,178.0,199.0,212.0,253.0,256.0,263.0,289.0,315.0,428.0,485.0,490.0,492.0,492.0,510.0,528.0,568.0,612.0,663.0,725.0,743.0,756.0,809.0,857.0,869.0,877.0,892.0,1000.0,
28.0,68.0,72.0,82.0,103.0,106.0,120.0,150.0,161.0,164.0,179.0,213.0,278.0,283.0,285.0,315.0,328.0,334.0,347.0,354.0,354.0,409.0,437.0,498.0,560.0,569.0,569.0,572.0,586.0,670.0,774.0,825.0,828.0,901.0,956.0,982.0,
21.0,56.0,126.0,142.0,188.0,195.0,242.0,271.0,293.0,321.0,430.0,500.0,501.0,502.0,532.0,552.0,636.0,642.0,649.0,660.0,737.0,792.0,792.0,831.0,862.0,894.0,895.0,919.0,920.0,922.0,923.0,966.0,991.0,
38.0,76.0,81.0,167.0,169.0,251.0,267.0,338.0,370.0,386.0,392.0,424.0,433.0,449.0,524.0,530.0,540.0,580.0,599.0,638.0,659.0,659.0,661.0,701.0,702.0,724.0,764.0,765.0,769.0,830.0,839.0,858.0,866.0,868.0,869.0,870.0,876.0,892.0,915.0,932.0,963.0,999.0,
4.0,9.0,10.0,55.0,66.0,84.0,98.0,105.0,115.0,130.0,142.0,152.0,161.0,208.0,228.0,231.0,237.0,254.0,265.0,294.0,312.0,334.0,376.0,388.0,395.0,426.0,437.0,456.0,500.0,921.0,960.0,995.0,
10.0,29.0,41.0,48.0,57.0,105.0,125.0,141.0,146.0,194.0,202.0,205.0,233.0,266.0,295.0,322.0,368.0,370.0,424.0,461.0,463.0,464.0,500.0,
52.0,56.0,61.0,69.0,74.0,84.0,161.0,161.0,173.0,173.0,220.0,225.0,228.0,355.0,456.0,460.0,493.0,740.0,862.0,
3.0,19.0,84.0,104.0,149.0,155.0,165.0,178.0,189.0,202.0,217.0,406.0,407.0,409.0,417.0,419.0,432.0,435.0,517.0,608.0,621.0,622.0,622.0,636.0,681.0,681.0,703.0,754.0,756.0,757.0,811.0,812.0,819.0,850.0,934.0,942.0,947.0,
72.0,95.0,116.0,130.0,191.0,217.0,224.0,242.0,273.0,307.0,397.0,415.0,464.0,515.0,534.0,547.0,580.0,583.0,613.0,618.0,618.0,622.0,631.0,640.0,706.0,708.0,811.0,836.0,908.0,945.0,951.0,958.0,976.0,
67.0,228.0,232.0,233.0,234.0,243.0,266.0,280.0,282.0,296.0,311.0,319.0,320.0,339.0,361.0,489.0,534.0,550.0,553.0,555.0,583.0,624.0,677.0,682.0,694.0,706.0,728.0,743.0,773.0,853.0,853.0,914.0,933.0,954.0,965.0,975.0,
32.0,108.0,250.0,263.0,269.0,274.0,342.0,469.0,530.0,531.0,560.0,641.0,669.0,706.0,712.0,753.0,757.0,812.0,823.0,829.0,830.0,833.0,842.0,858.0,870.0,887.0,899.0,907.0,997.0,999.0,
148.0,155.0,195.0,209.0,234.0,262.0,331.0,416.0,444.0,474.0,495.0,504.0,505.0,511.0,514.0,585.0,624.0,657.0,696.0,718.0,730.0,746.0,755.0,766.0,829.0,836.0,855.0,888.0,904.0,930.0,970.0,992.0,
11.0,27.0,94.0,103.0,112.0,134.0,144.0,147.0,193.0,209.0,235.0,239.0,254.0,278.0,284.0,303.0,315.0,317.0,449.0,455.0,466.0,482.0,505.0,510.0,511.0,525.0,558.0,567.0,579.0,580.0,595.0,636.0,720.0,740.0,759.0,782.0,814.0,826.0,830.0,830.0,845.0,853.0,864.0,891.0,952.0,965.0,
8.0,40.0,43.0,52.0,55.0,67.0,67.0,166.0,179.0,182.0,207.0,226.0,279.0,309.0,356.0,361.0,366.0,371.0,423.0,513.0,567.0,579.0,581.0,604.0,605.0,615.0,620.0,638.0,665.0,671.0,683.0,709.0,767.0,820.0,829.0,859.0,908.0,938.0,972.0,972.0,979.0,
39.0,72.0,121.0,188.0,212.0,216.0,252.0,287.0,352.0,354.0,378.0,395.0,428.0,452.0,455.0,500.0,508.0,561.0,561.0,657.0,672.0,694.0,767.0,807.0,809.0,953.0,975.0,975.0,
28.0,31.0,182.0,214.0,217.0,290.0,294.0,296.0,322.0,329.0,360.0,381.0,476.0,516.0,533.0,629.0,635.0,654.0,699.0,775.0,799.0,808.0,822.0,867.0,879.0,917.0,967.0,969.0,996.0,
94.0,119.0,136.0,162.0,183.0,244.0,271.0,290.0,300.0,304.0,309.0,323.0,344.0,356.0,380.0,435.0,437.0,491.0,502.0,514.0,590.0,591.0,608.0,627.0,663.0,695.0,704.0,729.0,729.0,782.0,798.0,810.0,821.0,849.0,874.0,878.0,926.0,927.0,943.0,965.0,965.0,970.0,980.0,994.0,
2.0,8.0,16.0,21.0,26.0,32.0,66.0,120.0,207.0,236.0,248.0,304.0,305.0,319.0,322.0,327.0,349.0,411.0,417.0,509.0,538.0,566.0,584.0,596.0,608.0,662.0,738.0,760.0,764.0,778.0,895.0,896.0,903.0,907.0,923.0,970.0,994.0,
46.0,50.0,88.0,102.0,104.0,104.0,115.0,117.0,131.0,144.0,164.0,220.0,226.0,231.0,288.0,416.0,474.0,489.0,517.0,520.0,547.0,621.0,689.0,746.0,821.0,828.0,839.0,870.0,876.0,905.0,939.0,942.0,948.0,993.0,996.0,
14.0,128.0,133.0,133.0,135.0,141.0,185.0,185.0,272.0,281.0,311.0,413.0,454.0,466.0,489.0,501.0,597.0,610.0,631.0,634.0,667.0,703.0,710.0,776.0,776.0,887.0,933.0,956.0,989.0,
13.0,29.0,41.0,44.0,47.0,72.0,98.0,136.0,213.0,218.0,241.0,264.0,290.0,400.0,414.0,434.0,454.0,477.0,530.0,593.0,601.0,605.0,647.0,679.0,694.0,697.0,742.0,756.0,781.0,803.0,837.0,863.0,885.0,917.0,927.0,963.0,965.0,974.0,981.0,
6.0,36.0,51.0,61.0,86.0,158.0,174.0,344.0,403.0,405.0,458.0,474.0,486.0,491.0,504.0,515.0,558.0,561.0,564.0,651.0,720.0,775.0,782.0,824.0,828.0,836.0,883.0,910.0,913.0,919.0,957.0,962.0,
9.0,25.0,42.0,97.0,146.0,196.0,258.0,266.0,275.0,276.0,279.0,284.0,297.0,331.0,340.0,349.0,361.0,418.0,632.0,635.0,734.0,746.0,779.0,817.0,841.0,847.0,848.0,901.0,921.0,
8.0,45.0,60.0,63.0,77.0,114.0,122.0,127.0,135.0,144.0,174.0,190.0,239.0,242.0,253.0,293.0,296.0,321.0,339.0,365.0,388.0,436.0,437.0,455.0,459.0,465.0,471.0,486.0,506.0,515.0,531.0,537.0,611.0,657.0,660.0,689.0,692.0,703.0,747.0,776.0,777.0,808.0,987.0,996.0,
24.0,27.0,65.0,126.0,181.0,196.0,320.0,322.0,329.0,330.0,334.0,348.0,376.0,398.0,422.0,428.0,433.0,438.0,491.0,552.0,574.0,592.0,629.0,631.0,641.0,645.0,730.0,803.0,807.0,817.0,829.0,851.0,894.0,939.0,953.0,983.0,
27.0,127.0,192.0,215.0,243.0,260.0,295.0,301.0,325.0,374.0,375.0,391.0,420.0,471.0,486.0,496.0,516.0,519.0,541.0,544.0,549.0,558.0,584.0,600.0,600.0,765.0,776.0,779.0,787.0,796.0,836.0,847.0,883.0,885.0,943.0,956.0,987.0,
5.0,39.0,174.0,183.0,193.0,283.0,301.0,388.0,413.0,428.0,433.0,450.0,453.0,463.0,487.0,557.0,578.0,585.0,600.0,628.0,640.0,645.0,659.0,698.0,713.0,718.0,832.0,850.0,853.0,866.0,885.0,922.0,943.0,
48.0,50.0,123.0,124.0,176.0,291.0,311.0,336.0,343.0,359.0,366.0,386.0,401.0,420.0,431.0,504.0,509.0,539.0,545.0,588.0,601.0,625.0,683.0,724.0,741.0,747.0,798.0,802.0,817.0,
20.0,32.0,101.0,134.0,147.0,161.0,171.0,233.0,332.0,346.0,357.0,370.0,379.0,415.0,424.0,439.0,444.0,493.0,533.0,576.0,591.0,625.0,680.0,692.0,693.0,710.0,710.0,720.0,806.0,809.0,852.0,865.0,891.0,918.0,949.0,959.0,959.0,
43.0,56.0,125.0,127.0,163.0,165.0,198.0,213.0,215.0,285.0,356.0,383.0,396.0,448.0,459.0,467.0,501.0,585.0,592.0,598.0,608.0,625.0,643.0,680.0,688.0,734.0,788.0,805.0,830.0,850.0,871.0,906.0,946.0,964.0,988.0,
21.0,30.0,91.0,135.0,238.0,248.0,250.0,264.0,276.0,389.0,393.0,455.0,482.0,507.0,528.0,556.0,561.0,563.0,575.0,594.0,614.0,683.0,690.0,695.0,699.0,721.0,739.0,759.0,766.0,819.0,873.0,879.0,892.0,909.0,912.0,936.0,936.0,953.0,965.0,995.0,
12.0,50.0,101.0,137.0,142.0,156.0,166.0,193.0,217.0,238.0,260.0,260.0,270.0,270.0,280.0,382.0,403.0,409.0,429.0,431.0,455.0,488.0,527.0,535.0,542.0,547.0,584.0,639.0,640.0,816.0,842.0,850.0,876.0,902.0,926.0,985.0,990.0,
14.0,14.0,76.0,139.0,209.0,232.0,252.0,302.0,368.0,399.0,408.0,421.0,430.0,437.0,497.0,512.0,517.0,557.0,644.0,677.0,700.0,711.0,729.0,754.0,772.0,811.0,991.0,
28.0,62.0,104.0,127.0,149.0,160.0,180.0,182.0,185.0,187.0,220.0,243.0,253.0,293.0,339.0,358.0,364.0,380.0,418.0,437.0,490.0,495.0,531.0,672.0,686.0,709.0,717.0,798.0,815.0,821.0,839.0,844.0,859.0,883.0,906.0,913.0,938.0,952.0,991.0,996.0,
8.0,56.0,84.0,103.0,106.0,156.0,176.0,207.0,214.0,236.0,334.0,345.0,405.0,455.0,458.0,469.0,475.0,499.0,530.0,543.0,614.0,649.0,684.0,705.0,707.0,731.0,795.0,833.0,833.0,946.0,957.0,
45.0,70.0,74.0,84.0,97.0,117.0,135.0,177.0,187.0,235.0,249.0,253.0,281.0,292.0,466.0,471.0,479.0,503.0,548.0,579.0,586.0,597.0,617.0,619.0,619.0,627.0,649.0,652.0,665.0,667.0,679.0,704.0,767.0,833.0,918.0,939.0,948.0,
24.0,66.0,68.0,100.0,122.0,128.0,132.0,196.0,239.0,248.0,254.0,275.0,275.0,321.0,377.0,408.0,527.0,543.0,577.0,580.0,584.0,629.0,636.0,659.0,678.0,692.0,717.0,740.0,761.0,778.0,816.0,826.0,857.0,948.0,964.0,
63.0,75.0,94.0,101.0,137.0,143.0,154.0,212.0,232.0,277.0,288.0,320.0,329.0,331.0,337.0,362.0,525.0,581.0,607.0,669.0,674.0,684.0,689.0,701.0,743.0,759.0,761.0,846.0,860.0,862.0,866.0,906.0,931.0,950.0,951.0,963.0,
17.0,20.0,40.0,76.0,81.0,116.0,163.0,168.0,169.0,233.0,234.0,287.0,412.0,451.0,483.0,497.0,538.0,568.0,604.0,608.0,620.0,622.0,628.0,629.0,675.0,682.0,706.0,743.0,759.0,806.0,813.0,815.0,860.0,877.0,919.0,938.0,955.0,959.0,999.0,
49.0,63.0,64.0,119.0,139.0,143.0,151.0,216.0,218.0,219.0,249.0,256.0,257.0,289.0,295.0,300.0,310.0,442.0,443.0,471.0,490.0,594.0,613.0,613.0,637.0,672.0,693.0,749.0,785.0,807.0,839.0,850.0,867.0,914.0,925.0,930.0,963.0,1000.0,
