3.0,9.0,40.0,61.0,75.0,78.0,88.0,109.0,116.0,164.0,169.0,236.0,298.0,329.0,334.0,347.0,392.0,424.0,428.0,450.0,460.0,488.0,534.0,565.0,569.0,578.0,626.0,645.0,648.0,727.0,735.0,771.0,806.0,809.0,825.0,855.0,907.0,908.0,911.0,918.0,956.0,965.0,
18.0,25.0,43.0,51.0,88.0,95.0,101.0,112.0,116.0,119.0,122.0,132.0,133.0,181.0,270.0,285.0,292.0,382.0,410.0,420.0,488.0,489.0,501.0,576.0,662.0,664.0,668.0,699.0,772.0,773.0,841.0,853.0,865.0,879.0,915.0,933.0,954.0,
3.0,26.0,40.0,51.0,90.0,111.0,118.0,186.0,215.0,226.0,243.0,267.0,341.0,394.0,413.0,433.0,455.0,470.0,524.0,539.0,556.0,559.0,560.0,565.0,579.0,636.0,638.0,646.0,668.0,682.0,686.0,693.0,696.0,739.0,741.0,769.0,777.0,792.0,820.0,835.0,854.0,856.0,877.0,887.0,890.0,904.0,946.0,
16.0,18.0,21.0,44.0,46.0,46.0,156.0,158.0,200.0,215.0,241.0,270.0,287.0,299.0,353.0,387.0,389.0,393.0,393.0,446.0,454.0,464.0,489.0,500.0,506.0,508.0,568.0,584.0,595.0,610.0,655.0,677.0,694.0,703.0,711.0,745.0,785.0,886.0,895.0,922.0,954.0,971.0,982.0,
17.0,18.0,29.0,30.0,39.0,77.0,81.0,99.0,101.0,125.0,135.0,142.0,213.0,226.0,261.0,297.0,341.0,342.0,345.0,374.0,375.0,377.0,432.0,465.0,474.0,484.0,495.0,496.0,514.0,521.0,539.0,558.0,563.0,574.0,613.0,634.0,646.0,648.0,662.0,672.0,684.0,684.0,711.0,759.0,824.0,854.0,885.0,885.0,898.0,902.0,915.0,916.0,923.0,924.0,933.0,940.0,947.0,969.0,970.0,974.0,981.0,
28.0,63.0,76.0,86.0,89.0,101.0,119.0,125.0,130.0,183.0,204.0,218.0,227.0,251.0,260.0,267.0,274.0,316.0,352.0,359.0,373.0,386.0,442.0,455.0,474.0,526.0,543.0,560.0,571.0,579.0,580.0,580.0,608.0,652.0,692.0,738.0,753.0,790.0,819.0,861.0,864.0,879.0,882.0,890.0,915.0,915.0,924.0,937.0,981.0,990.0,994.0,
76.0,81.0,166.0,172.0,193.0,205.0,207.0,229.0,231.0,232.0,236.0,258.0,313.0,321.0,359.0,376.0,385.0,402.0,422.0,432.0,453.0,462.0,467.0,475.0,546.0,560.0,561.0,562.0,607.0,627.0,713.0,757.0,762.0,764.0,782.0,787.0,850.0,858.0,863.0,919.0,952.0,983.0,990.0,
61.0,69.0,70.0,201.0,219.0,224.0,288.0,289.0,344.0,359.0,412.0,447.0,468.0,541.0,559.0,568.0,587.0,608.0,620.0,625.0,630.0,672.0,731.0,739.0,764.0,803.0,823.0,858.0,873.0,926.0,982.0,
29.0,42.0,91.0,91.0,170.0,202.0,223.0,233.0,235.0,264.0,266.0,266.0,291.0,354.0,356.0,356.0,400.0,417.0,424.0,430.0,460.0,521.0,548.0,556.0,587.0,591.0,664.0,741.0,745.0,751.0,772.0,776.0,863.0,882.0,924.0,927.0,945.0,960.0,970.0,
12.0,15.0,65.0,70.0,71.0,93.0,104.0,117.0,121.0,163.0,168.0,208.0,211.0,262.0,270.0,299.0,322.0,324.0,324.0,489.0,492.0,497.0,498.0,533.0,538.0,550.0,558.0,575.0,626.0,661.0,679.0,737.0,768.0,798.0,820.0,835.0,846.0,870.0,874.0,877.0,909.0,928.0,959.0,988.0,
17.0,24.0,86.0,153.0,208.0,214.0,305.0,344.0,440.0,453.0,475.0,505.0,506.0,508.0,525.0,529.0,538.0,545.0,551.0,552.0,608.0,621.0,622.0,655.0,655.0,671.0,696.0,727.0,756.0,837.0,854.0,873.0,876.0,907.0,923.0,925.0,971.0,
58.0,60.0,117.0,124.0,157.0,196.0,209.0,269.0,321.0,358.0,380.0,435.0,584.0,585.0,589.0,594.0,602.0,622.0,660.0,717.0,732.0,736.0,815.0,851.0,909.0,929.0,932.0,937.0,940.0,960.0,969.0,999.0,
6.0,12.0,70.0,82.0,121.0,175.0,191.0,214.0,302.0,341.0,388.0,422.0,426.0,483.0,483.0,492.0,494.0,626.0,630.0,633.0,654.0,662.0,705.0,758.0,765.0,796.0,802.0,838.0,844.0,936.0,952.0,953.0,969.0,
28.0,55.0,117.0,135.0,140.0,145.0,184.0,273.0,277.0,301.0,316.0,426.0,428.0,454.0,506.0,577.0,600.0,643.0,678.0,713.0,717.0,721.0,728.0,750.0,792.0,828.0,865.0,868.0,891.0,940.0,966.0,
8.0,93.0,144.0,242.0,256.0,300.0,305.0,364.0,374.0,379.0,380.0,393.0,421.0,441.0,502.0,509.0,512.0,763.0,870.0,875.0,889.0,930.0,933.0,
24.0,48.0,52.0,53.0,84.0,100.0,160.0,182.0,198.0,223.0,242.0,249.0,287.0,292.0,329.0,340.0,368.0,382.0,422.0,463.0,480.0,504.0,679.0,799.0,905.0,964.0,980.0,
32.0,71.0,71.0,81.0,102.0,112.0,179.0,230.0,253.0,270.0,290.0,297.0,302.0,389.0,415.0,450.0,495.0,507.0,726.0,762.0,783.0,897.0,929.0,991.0,
14.0,91.0,159.0,200.0,207.0,235.0,269.0,275.0,308.0,379.0,391.0,403.0,436.0,475.0,482.0,549.0,616.0,627.0,650.0,651.0,683.0,705.0,716.0,739.0,739.0,739.0,751.0,773.0,779.0,805.0,822.0,844.0,865.0,908.0,929.0,947.0,961.0,990.0,
92.0,121.0,143.0,163.0,164.0,254.0,281.0,337.0,355.0,401.0,439.0,460.0,510.0,534.0,553.0,567.0,568.0,643.0,656.0,665.0,671.0,735.0,741.0,784.0,818.0,826.0,845.0,859.0,883.0,884.0,925.0,987.0,
27.0,56.0,114.0,138.0,139.0,170.0,180.0,184.0,203.0,206.0,246.0,345.0,381.0,383.0,405.0,434.0,439.0,485.0,487.0,529.0,548.0,568.0,608.0,636.0,709.0,804.0,811.0,842.0,875.0,948.0,948.0,963.0,966.0,976.0,990.0,990.0,
17.0,24.0,50.0,54.0,74.0,90.0,124.0,128.0,136.0,147.0,167.0,274.0,279.0,279.0,287.0,298.0,321.0,369.0,374.0,398.0,416.0,454.0,550.0,565.0,576.0,652.0,664.0,665.0,705.0,722.0,747.0,760.0,811.0,838.0,844.0,866.0,885.0,948.0,966.0,968.0,968.0,973.0,
11.0,27.0,93.0,130.0,232.0,261.0,307.0,342.0,351.0,366.0,366.0,416.0,437.0,494.0,496.0,508.0,521.0,528.0,529.0,537.0,548.0,561.0,612.0,614.0,622.0,633.0,635.0,643.0,673.0,763.0,768.0,777.0,796.0,814.0,815.0,840.0,930.0,932.0,962.0,987.0,998.0,
4.0,76.0,80.0,98.0,149.0,187.0,195.0,196.0,222.0,236.0,251.0,300.0,324.0,394.0,434.0,438.0,453.0,493.0,503.0,507.0,606.0,699.0,699.0,718.0,747.0,814.0,830.0,863.0,879.0,900.0,926.0,951.0,991.0,992.0,
7.0,17.0,44.0,55.0,67.0,83.0,176.0,200.0,227.0,266.0,299.0,336.0,357.0,407.0,469.0,
3.0,46.0,156.0,167.0,170.0,177.0,193.0,212.0,221.0,278.0,278.0,294.0,308.0,337.0,346.0,347.0,364.0,367.0,419.0,508.0,
17.0,30.0,35.0,92.0,92.0,110.0,160.0,175.0,273.0,325.0,374.0,378.0,444.0,455.0,458.0,503.0,507.0,
7.0,11.0,14.0,45.0,54.0,94.0,103.0,123.0,175.0,205.0,261.0,295.0,321.0,365.0,382.0,425.0,427.0,457.0,499.0,
21.0,61.0,62.0,62.0,62.0,104.0,114.0,129.0,142.0,156.0,164.0,200.0,210.0,225.0,248.0,249.0,278.0,303.0,306.0,312.0,313.0,331.0,348.0,350.0,353.0,368.0,376.0,381.0,440.0,447.0,499.0,504.0,511.0,
12.0,15.0,174.0,188.0,248.0,272.0,329.0,374.0,391.0,402.0,423.0,432.0,451.0,462.0,466.0,471.0,473.0,478.0,649.0,671.0,743.0,791.0,832.0,920.0,935.0,938.0,970.0,
29.0,33.0,79.0,97.0,119.0,171.0,221.0,253.0,300.0,314.0,318.0,344.0,363.0,380.0,422.0,464.0,477.0,479.0,493.0,512.0,544.0,551.0,585.0,599.0,603.0,623.0,649.0,652.0,667.0,669.0,706.0,724.0,771.0,774.0,777.0,785.0,796.0,802.0,895.0,934.0,939.0,940.0,946.0,953.0,962.0,972.0,
4.0,17.0,32.0,38.0,56.0,85.0,95.0,117.0,124.0,128.0,137.0,147.0,147.0,171.0,184.0,206.0,266.0,287.0,294.0,316.0,345.0,390.0,402.0,443.0,488.0,495.0,509.0,522.0,542.0,547.0,559.0,574.0,607.0,608.0,609.0,635.0,652.0,666.0,676.0,683.0,698.0,736.0,738.0,755.0,783.0,785.0,825.0,832.0,840.0,862.0,888.0,962.0,966.0,983.0,
62.0,79.0,120.0,159.0,176.0,187.0,198.0,201.0,225.0,261.0,310.0,316.0,383.0,385.0,390.0,422.0,458.0,489.0,542.0,693.0,750.0,781.0,858.0,892.0,912.0,932.0,
9.0,10.0,44.0,103.0,104.0,141.0,144.0,172.0,185.0,203.0,203.0,213.0,241.0,247.0,258.0,303.0,347.0,361.0,396.0,400.0,475.0,475.0,496.0,
68.0,110.0,124.0,141.0,190.0,236.0,253.0,265.0,302.0,343.0,385.0,417.0,441.0,461.0,465.0,482.0,489.0,
80.0,122.0,181.0,220.0,227.0,233.0,341.0,362.0,386.0,413.0,430.0,437.0,473.0,488.0,838.0,970.0,974.0,
62.0,71.0,90.0,97.0,130.0,133.0,135.0,137.0,151.0,151.0,210.0,265.0,274.0,278.0,298.0,308.0,325.0,362.0,367.0,413.0,414.0,443.0,453.0,806.0,930.0,943.0,978.0,
4.0,13.0,34.0,104.0,112.0,120.0,147.0,176.0,186.0,228.0,250.0,268.0,301.0,308.0,309.0,311.0,340.0,394.0,427.0,443.0,450.0,463.0,470.0,487.0,490.0,497.0,
22.0,29.0,49.0,59.0,67.0,76.0,81.0,111.0,122.0,123.0,125.0,129.0,141.0,184.0,242.0,266.0,300.0,315.0,324.0,385.0,394.0,454.0,491.0,961.0,
22.0,31.0,69.0,114.0,126.0,174.0,200.0,232.0,271.0,273.0,279.0,320.0,334.0,372.0,396.0,419.0,431.0,442.0,456.0,456.0,469.0,493.0,
28.0,35.0,50.0,52.0,58.0,106.0,109.0,114.0,133.0,137.0,164.0,193.0,252.0,264.0,268.0,282.0,316.0,327.0,374.0,418.0,441.0,455.0,465.0,544.0,595.0,603.0,604.0,626.0,657.0,658.0,662.0,739.0,760.0,774.0,781.0,785.0,805.0,827.0,828.0,830.0,913.0,
14.0,20.0,30.0,38.0,51.0,55.0,61.0,67.0,126.0,140.0,149.0,174.0,229.0,250.0,258.0,289.0,297.0,323.0,330.0,397.0,438.0,452.0,462.0,476.0,605.0,637.0,648.0,660.0,713.0,740.0,770.0,780.0,848.0,861.0,871.0,878.0,893.0,969.0,972.0,983.0,988.0,
31.0,33.0,85.0,160.0,165.0,262.0,265.0,341.0,383.0,392.0,415.0,454.0,661.0,684.0,718.0,723.0,912.0,941.0,992.0,
32.0,132.0,150.0,153.0,153.0,192.0,192.0,193.0,202.0,213.0,266.0,267.0,284.0,297.0,307.0,337.0,338.0,361.0,383.0,394.0,395.0,440.0,467.0,508.0,
6.0,36.0,58.0,139.0,200.0,281.0,354.0,376.0,387.0,430.0,476.0,492.0,492.0,962.0,
14.0,73.0,100.0,104.0,126.0,191.0,204.0,250.0,263.0,341.0,371.0,430.0,457.0,462.0,789.0,825.0,863.0,863.0,864.0,928.0,944.0,
21.0,53.0,95.0,102.0,113.0,134.0,155.0,160.0,177.0,192.0,233.0,295.0,295.0,308.0,310.0,325.0,328.0,341.0,451.0,470.0,907.0,958.0,
40.0,103.0,121.0,304.0,306.0,315.0,317.0,329.0,466.0,473.0,491.0,499.0,509.0,735.0,810.0,956.0,959.0,1000.0,
5.0,7.0,9.0,51.0,72.0,104.0,156.0,172.0,193.0,196.0,208.0,254.0,267.0,293.0,323.0,348.0,360.0,369.0,379.0,408.0,429.0,447.0,466.0,470.0,494.0,894.0,896.0,995.0,
8.0,16.0,41.0,73.0,85.0,118.0,124.0,157.0,173.0,176.0,213.0,235.0,257.0,270.0,283.0,301.0,315.0,329.0,374.0,411.0,415.0,463.0,464.0,479.0,
11.0,33.0,39.0,139.0,181.0,260.0,275.0,307.0,308.0,335.0,412.0,443.0,443.0,469.0,507.0,669.0,722.0,751.0,784.0,842.0,957.0,959.0,
15.0,16.0,25.0,52.0,68.0,114.0,138.0,182.0,201.0,244.0,282.0,345.0,351.0,380.0,389.0,392.0,501.0,544.0,625.0,651.0,669.0,699.0,705.0,814.0,848.0,858.0,994.0,
2.0,10.0,18.0,85.0,89.0,95.0,122.0,145.0,157.0,192.0,220.0,224.0,227.0,230.0,306.0,312.0,313.0,342.0,346.0,347.0,355.0,375.0,404.0,425.0,464.0,472.0,488.0,510.0,700.0,784.0,836.0,896.0,930.0,935.0,
68.0,72.0,89.0,184.0,185.0,221.0,274.0,276.0,362.0,410.0,424.0,466.0,472.0,481.0,489.0,498.0,864.0,
63.0,94.0,100.0,165.0,188.0,189.0,237.0,269.0,283.0,285.0,292.0,299.0,315.0,338.0,457.0,806.0,816.0,878.0,898.0,917.0,
14.0,21.0,45.0,68.0,92.0,95.0,99.0,102.0,118.0,133.0,145.0,160.0,273.0,281.0,304.0,410.0,491.0,797.0,877.0,
33.0,54.0,66.0,70.0,70.0,72.0,73.0,105.0,121.0,144.0,151.0,208.0,262.0,279.0,298.0,324.0,364.0,404.0,433.0,434.0,458.0,466.0,469.0,485.0,495.0,498.0,783.0,840.0,857.0,871.0,890.0,894.0,983.0,
10.0,88.0,100.0,113.0,139.0,143.0,155.0,188.0,194.0,262.0,262.0,264.0,306.0,351.0,356.0,451.0,458.0,759.0,917.0,
40.0,134.0,143.0,195.0,243.0,272.0,296.0,296.0,301.0,343.0,353.0,403.0,433.0,452.0,455.0,455.0,808.0,826.0,913.0,963.0,970.0,
75.0,111.0,111.0,123.0,150.0,199.0,238.0,279.0,324.0,330.0,361.0,375.0,399.0,450.0,481.0,500.0,
9.0,51.0,63.0,111.0,120.0,123.0,138.0,163.0,208.0,234.0,274.0,298.0,308.0,313.0,346.0,352.0,356.0,368.0,748.0,832.0,899.0,961.0,962.0,
11.0,32.0,37.0,45.0,46.0,69.0,130.0,135.0,151.0,184.0,205.0,222.0,224.0,247.0,279.0,366.0,379.0,407.0,430.0,520.0,550.0,581.0,609.0,625.0,653.0,661.0,685.0,765.0,769.0,770.0,770.0,775.0,826.0,937.0,
15.0,58.0,71.0,186.0,197.0,235.0,249.0,259.0,262.0,262.0,274.0,296.0,301.0,308.0,337.0,375.0,413.0,421.0,478.0,478.0,496.0,502.0,505.0,701.0,773.0,804.0,899.0,901.0,918.0,929.0,970.0,982.0,
34.0,56.0,143.0,152.0,166.0,199.0,238.0,252.0,265.0,306.0,322.0,362.0,400.0,466.0,491.0,509.0,
49.0,65.0,65.0,90.0,95.0,170.0,172.0,184.0,205.0,206.0,209.0,240.0,253.0,276.0,314.0,314.0,320.0,359.0,430.0,471.0,496.0,856.0,886.0,936.0,953.0,
86.0,102.0,138.0,140.0,187.0,238.0,271.0,306.0,331.0,352.0,379.0,396.0,411.0,424.0,447.0,461.0,498.0,796.0,816.0,864.0,
46.0,53.0,79.0,116.0,123.0,178.0,183.0,294.0,302.0,367.0,379.0,390.0,399.0,473.0,888.0,
24.0,63.0,81.0,83.0,108.0,117.0,148.0,151.0,160.0,179.0,203.0,226.0,227.0,253.0,312.0,339.0,489.0,791.0,823.0,832.0,929.0,
6.0,8.0,26.0,39.0,105.0,119.0,149.0,162.0,169.0,199.0,224.0,232.0,246.0,259.0,263.0,268.0,302.0,343.0,358.0,358.0,393.0,427.0,435.0,464.0,466.0,490.0,752.0,818.0,865.0,885.0,918.0,932.0,
31.0,48.0,186.0,245.0,275.0,308.0,311.0,328.0,342.0,383.0,387.0,400.0,427.0,480.0,486.0,
28.0,66.0,67.0,86.0,91.0,98.0,139.0,186.0,331.0,394.0,493.0,494.0,731.0,788.0,830.0,841.0,858.0,932.0,
53.0,68.0,144.0,154.0,161.0,168.0,190.0,197.0,201.0,221.0,256.0,282.0,353.0,362.0,443.0,454.0,481.0,526.0,563.0,572.0,584.0,606.0,609.0,629.0,643.0,669.0,677.0,679.0,742.0,746.0,770.0,779.0,808.0,823.0,824.0,895.0,966.0,977.0,994.0,
13.0,34.0,34.0,64.0,89.0,134.0,166.0,179.0,264.0,287.0,298.0,316.0,334.0,364.0,377.0,380.0,395.0,435.0,464.0,498.0,587.0,606.0,617.0,633.0,663.0,684.0,705.0,742.0,744.0,767.0,781.0,784.0,795.0,804.0,847.0,857.0,878.0,891.0,912.0,918.0,928.0,946.0,983.0,
19.0,30.0,32.0,36.0,43.0,56.0,71.0,82.0,173.0,206.0,255.0,264.0,279.0,291.0,304.0,367.0,375.0,409.0,443.0,474.0,483.0,
10.0,44.0,84.0,105.0,109.0,130.0,186.0,207.0,207.0,215.0,219.0,266.0,278.0,304.0,320.0,333.0,336.0,345.0,354.0,414.0,428.0,443.0,458.0,461.0,781.0,928.0,
3.0,13.0,35.0,35.0,41.0,89.0,92.0,119.0,161.0,172.0,174.0,199.0,211.0,235.0,262.0,268.0,304.0,315.0,324.0,365.0,389.0,391.0,396.0,396.0,401.0,502.0,768.0,937.0,950.0,
45.0,82.0,85.0,104.0,128.0,164.0,173.0,193.0,203.0,220.0,236.0,259.0,260.0,318.0,391.0,399.0,450.0,456.0,456.0,478.0,509.0,869.0,
46.0,91.0,101.0,104.0,120.0,124.0,125.0,130.0,165.0,286.0,298.0,363.0,374.0,378.0,456.0,461.0,761.0,802.0,915.0,968.0,
17.0,18.0,68.0,197.0,212.0,231.0,260.0,262.0,291.0,382.0,384.0,411.0,453.0,458.0,460.0,496.0,801.0,
7.0,8.0,17.0,29.0,58.0,180.0,202.0,255.0,256.0,313.0,341.0,353.0,357.0,378.0,419.0,428.0,458.0,504.0,
4.0,5.0,7.0,56.0,72.0,82.0,144.0,216.0,239.0,314.0,321.0,353.0,428.0,429.0,452.0,453.0,558.0,596.0,633.0,656.0,693.0,726.0,736.0,755.0,765.0,785.0,802.0,850.0,891.0,895.0,935.0,969.0,998.0,
41.0,92.0,154.0,185.0,185.0,192.0,198.0,213.0,229.0,229.0,239.0,239.0,253.0,262.0,299.0,322.0,345.0,362.0,391.0,432.0,435.0,452.0,478.0,486.0,501.0,517.0,524.0,544.0,549.0,577.0,601.0,626.0,662.0,755.0,771.0,886.0,898.0,956.0,967.0,969.0,982.0,995.0,
13.0,100.0,131.0,158.0,200.0,280.0,302.0,318.0,321.0,373.0,401.0,462.0,583.0,602.0,614.0,656.0,662.0,671.0,680.0,685.0,738.0,744.0,772.0,803.0,811.0,864.0,866.0,913.0,921.0,953.0,972.0,
20.0,41.0,42.0,138.0,140.0,169.0,201.0,301.0,380.0,429.0,430.0,456.0,461.0,493.0,627.0,644.0,655.0,660.0,671.0,709.0,720.0,727.0,742.0,779.0,797.0,822.0,831.0,912.0,931.0,941.0,
9.0,23.0,36.0,99.0,127.0,129.0,143.0,145.0,159.0,180.0,221.0,259.0,311.0,316.0,353.0,372.0,462.0,488.0,489.0,
23.0,65.0,73.0,127.0,138.0,186.0,207.0,214.0,215.0,220.0,231.0,250.0,281.0,304.0,329.0,329.0,359.0,363.0,429.0,457.0,457.0,457.0,
4.0,12.0,44.0,49.0,81.0,121.0,157.0,164.0,164.0,184.0,206.0,338.0,419.0,420.0,428.0,437.0,458.0,
12.0,17.0,31.0,39.0,50.0,80.0,91.0,143.0,173.0,182.0,192.0,268.0,282.0,350.0,449.0,466.0,
22.0,48.0,57.0,112.0,126.0,149.0,175.0,215.0,231.0,252.0,299.0,325.0,402.0,418.0,419.0,446.0,510.0,
22.0,29.0,44.0,58.0,73.0,99.0,119.0,136.0,159.0,190.0,219.0,227.0,231.0,243.0,248.0,284.0,396.0,447.0,474.0,499.0,723.0,776.0,777.0,864.0,969.0,979.0,1000.0,
72.0,81.0,105.0,173.0,184.0,206.0,227.0,246.0,272.0,276.0,284.0,296.0,306.0,337.0,351.0,355.0,355.0,378.0,425.0,426.0,445.0,458.0,464.0,507.0,528.0,547.0,594.0,595.0,599.0,605.0,623.0,653.0,708.0,726.0,741.0,750.0,761.0,766.0,780.0,807.0,814.0,832.0,836.0,837.0,841.0,855.0,871.0,894.0,894.0,896.0,903.0,914.0,953.0,981.0,997.0,999.0,
9.0,10.0,22.0,67.0,71.0,87.0,99.0,113.0,145.0,152.0,196.0,270.0,277.0,300.0,303.0,358.0,397.0,404.0,442.0,463.0,468.0,485.0,507.0,565.0,570.0,592.0,618.0,625.0,642.0,678.0,740.0,744.0,771.0,809.0,832.0,860.0,964.0,968.0,982.0,
33.0,48.0,76.0,87.0,93.0,99.0,191.0,202.0,227.0,232.0,250.0,261.0,278.0,279.0,290.0,319.0,325.0,340.0,394.0,434.0,447.0,449.0,457.0,479.0,536.0,579.0,583.0,636.0,640.0,690.0,713.0,740.0,759.0,776.0,807.0,809.0,847.0,901.0,943.0,969.0,
3.0,4.0,4.0,51.0,66.0,66.0,69.0,73.0,92.0,119.0,137.0,150.0,151.0,192.0,211.0,234.0,275.0,278.0,305.0,318.0,320.0,323.0,329.0,361.0,363.0,370.0,370.0,382.0,385.0,407.0,473.0,520.0,577.0,591.0,594.0,599.0,604.0,691.0,728.0,737.0,740.0,759.0,853.0,859.0,862.0,867.0,885.0,900.0,906.0,955.0,990.0,
18.0,61.0,66.0,75.0,101.0,117.0,153.0,161.0,164.0,181.0,204.0,206.0,213.0,281.0,294.0,335.0,382.0,413.0,490.0,493.0,495.0,664.0,665.0,716.0,734.0,759.0,796.0,796.0,803.0,821.0,873.0,878.0,887.0,952.0,973.0,
41.0,44.0,66.0,77.0,151.0,164.0,175.0,222.0,237.0,240.0,270.0,315.0,321.0,325.0,325.0,381.0,383.0,476.0,499.0,500.0,509.0,759.0,775.0,805.0,842.0,885.0,906.0,
29.0,59.0,64.0,83.0,135.0,165.0,200.0,205.0,218.0,239.0,275.0,303.0,312.0,360.0,370.0,379.0,387.0,405.0,482.0,489.0,727.0,761.0,863.0,882.0,959.0,962.0,970.0,
84.0,100.0,165.0,273.0,287.0,326.0,329.0,396.0,425.0,489.0,643.0,741.0,863.0,891.0,903.0,919.0,955.0,991.0,
102.0,126.0,130.0,137.0,172.0,185.0,192.0,206.0,212.0,222.0,242.0,242.0,250.0,256.0,323.0,390.0,396.0,400.0,436.0,464.0,483.0,500.0,567.0,589.0,617.0,619.0,673.0,679.0,680.0,687.0,720.0,724.0,738.0,763.0,766.0,786.0,804.0,807.0,828.0,833.0,859.0,904.0,904.0,946.0,948.0,968.0,988.0,998.0,
5.0,27.0,31.0,32.0,69.0,72.0,104.0,134.0,141.0,163.0,203.0,205.0,205.0,230.0,233.0,279.0,315.0,348.0,360.0,397.0,413.0,456.0,479.0,491.0,516.0,520.0,604.0,640.0,647.0,706.0,720.0,739.0,773.0,792.0,796.0,808.0,813.0,813.0,815.0,852.0,925.0,932.0,946.0,964.0,971.0,995.0,
19.0,31.0,41.0,68.0,159.0,184.0,185.0,234.0,237.0,240.0,275.0,302.0,311.0,312.0,367.0,391.0,398.0,430.0,453.0,480.0,517.0,540.0,543.0,579.0,620.0,626.0,648.0,651.0,658.0,659.0,676.0,690.0,724.0,727.0,734.0,774.0,850.0,906.0,932.0,950.0,957.0,983.0,
