13.0,61.0,72.0,128.0,162.0,183.0,199.0,235.0,244.0,259.0,295.0,297.0,318.0,386.0,464.0,562.0,571.0,576.0,628.0,642.0,658.0,670.0,680.0,719.0,725.0,754.0,756.0,802.0,844.0,845.0,850.0,891.0,907.0,908.0,912.0,933.0,
3.0,21.0,27.0,29.0,33.0,89.0,93.0,125.0,137.0,171.0,175.0,178.0,182.0,185.0,203.0,224.0,241.0,245.0,247.0,252.0,269.0,335.0,359.0,385.0,419.0,476.0,499.0,557.0,563.0,565.0,600.0,653.0,697.0,798.0,804.0,864.0,864.0,917.0,925.0,926.0,950.0,976.0,977.0,989.0,999.0,
39.0,41.0,52.0,72.0,116.0,136.0,155.0,280.0,316.0,377.0,383.0,401.0,437.0,456.0,498.0,510.0,532.0,566.0,574.0,703.0,738.0,766.0,784.0,859.0,867.0,891.0,935.0,967.0,973.0,
84.0,98.0,161.0,169.0,174.0,251.0,288.0,297.0,302.0,337.0,367.0,409.0,413.0,541.0,544.0,594.0,594.0,605.0,609.0,676.0,681.0,696.0,697.0,764.0,800.0,806.0,831.0,873.0,878.0,887.0,906.0,907.0,956.0,
4.0,5.0,7.0,18.0,55.0,68.0,77.0,122.0,191.0,211.0,213.0,216.0,225.0,342.0,392.0,402.0,429.0,439.0,461.0,493.0,512.0,556.0,563.0,588.0,596.0,612.0,613.0,624.0,652.0,653.0,659.0,674.0,685.0,739.0,742.0,756.0,778.0,815.0,892.0,895.0,919.0,924.0,945.0,962.0,964.0,970.0,993.0,
20.0,58.0,104.0,184.0,230.0,264.0,286.0,330.0,518.0,637.0,689.0,730.0,750.0,783.0,796.0,804.0,805.0,808.0,809.0,847.0,856.0,870.0,884.0,897.0,908.0,936.0,962.0,977.0,995.0,
38.0,66.0,130.0,141.0,153.0,163.0,165.0,168.0,186.0,201.0,281.0,303.0,332.0,370.0,380.0,386.0,386.0,409.0,422.0,511.0,524.0,558.0,576.0,599.0,600.0,610.0,690.0,706.0,731.0,738.0,747.0,777.0,797.0,837.0,899.0,902.0,912.0,914.0,933.0,955.0,960.0,984.0,998.0,
19.0,41.0,99.0,234.0,293.0,306.0,314.0,338.0,341.0,346.0,352.0,361.0,413.0,448.0,474.0,539.0,566.0,572.0,590.0,619.0,650.0,658.0,694.0,722.0,738.0,787.0,800.0,836.0,876.0,929.0,949.0,966.0,980.0,
28.0,44.0,89.0,118.0,141.0,142.0,156.0,177.0,210.0,232.0,325.0,350.0,452.0,495.0,504.0,506.0,529.0,530.0,548.0,558.0,576.0,590.0,591.0,601.0,603.0,611.0,648.0,657.0,674.0,724.0,742.0,745.0,750.0,750.0,761.0,771.0,840.0,879.0,880.0,888.0,894.0,914.0,966.0,985.0,
13.0,106.0,144.0,157.0,161.0,174.0,261.0,270.0,287.0,305.0,329.0,356.0,356.0,397.0,439.0,445.0,453.0,470.0,503.0,531.0,571.0,581.0,628.0,636.0,681.0,769.0,789.0,800.0,803.0,825.0,872.0,944.0,975.0,978.0,
42.0,43.0,181.0,186.0,203.0,265.0,266.0,291.0,342.0,355.0,400.0,402.0,426.0,429.0,454.0,470.0,525.0,567.0,575.0,586.0,594.0,604.0,638.0,673.0,685.0,702.0,709.0,709.0,732.0,734.0,739.0,810.0,820.0,822.0,824.0,841.0,842.0,859.0,861.0,863.0,902.0,924.0,925.0,955.0,963.0,
6.0,10.0,24.0,75.0,134.0,154.0,178.0,195.0,216.0,220.0,267.0,305.0,313.0,336.0,391.0,463.0,473.0,515.0,518.0,544.0,548.0,552.0,593.0,601.0,606.0,665.0,694.0,737.0,747.0,768.0,780.0,795.0,810.0,853.0,890.0,894.0,898.0,930.0,936.0,938.0,939.0,973.0,
27.0,42.0,69.0,114.0,124.0,144.0,147.0,210.0,261.0,264.0,270.0,306.0,347.0,387.0,399.0,404.0,471.0,472.0,482.0,494.0,528.0,551.0,557.0,576.0,602.0,604.0,674.0,688.0,728.0,742.0,756.0,766.0,789.0,797.0,799.0,801.0,802.0,820.0,867.0,893.0,896.0,905.0,909.0,966.0,
62.0,78.0,104.0,122.0,123.0,189.0,206.0,266.0,270.0,294.0,312.0,329.0,370.0,386.0,406.0,435.0,471.0,513.0,610.0,624.0,626.0,639.0,667.0,686.0,716.0,743.0,756.0,785.0,788.0,796.0,908.0,952.0,
63.0,96.0,99.0,119.0,173.0,206.0,216.0,244.0,263.0,298.0,341.0,353.0,386.0,401.0,423.0,437.0,440.0,476.0,499.0,507.0,671.0,745.0,752.0,850.0,850.0,859.0,878.0,920.0,935.0,980.0,985.0,
5.0,10.0,18.0,207.0,213.0,255.0,279.0,288.0,351.0,357.0,369.0,373.0,410.0,460.0,464.0,474.0,486.0,502.0,502.0,506.0,734.0,
13.0,18.0,49.0,95.0,132.0,205.0,223.0,226.0,261.0,300.0,308.0,315.0,324.0,350.0,373.0,401.0,448.0,479.0,500.0,791.0,804.0,826.0,912.0,973.0,
31.0,130.0,132.0,145.0,146.0,172.0,196.0,199.0,205.0,212.0,247.0,250.0,260.0,276.0,289.0,292.0,348.0,348.0,470.0,511.0,531.0,559.0,602.0,623.0,720.0,724.0,731.0,834.0,851.0,884.0,917.0,931.0,945.0,949.0,992.0,998.0,
5.0,43.0,51.0,84.0,148.0,189.0,195.0,203.0,213.0,225.0,235.0,281.0,309.0,363.0,388.0,429.0,440.0,443.0,462.0,469.0,507.0,512.0,521.0,524.0,619.0,624.0,650.0,653.0,700.0,705.0,738.0,741.0,750.0,797.0,803.0,904.0,908.0,919.0,924.0,944.0,984.0,990.0,
13.0,27.0,121.0,184.0,217.0,223.0,225.0,367.0,378.0,392.0,410.0,425.0,473.0,482.0,487.0,572.0,591.0,619.0,649.0,669.0,701.0,734.0,780.0,818.0,837.0,863.0,906.0,922.0,965.0,991.0,
23.0,25.0,26.0,82.0,105.0,114.0,211.0,225.0,233.0,298.0,302.0,328.0,331.0,383.0,444.0,501.0,529.0,534.0,549.0,555.0,577.0,612.0,613.0,628.0,761.0,763.0,767.0,770.0,774.0,885.0,896.0,924.0,974.0,999.0,1000.0,
23.0,52.0,89.0,130.0,158.0,159.0,245.0,268.0,274.0,284.0,313.0,404.0,445.0,477.0,491.0,508.0,510.0,586.0,589.0,599.0,626.0,641.0,664.0,671.0,700.0,709.0,740.0,745.0,748.0,835.0,838.0,846.0,904.0,912.0,968.0,
23.0,56.0,71.0,86.0,104.0,105.0,105.0,106.0,203.0,212.0,237.0,243.0,287.0,319.0,339.0,341.0,378.0,416.0,445.0,496.0,668.0,677.0,683.0,704.0,729.0,756.0,788.0,806.0,823.0,855.0,911.0,945.0,
20.0,37.0,39.0,62.0,88.0,136.0,171.0,179.0,202.0,301.0,313.0,317.0,325.0,337.0,368.0,392.0,394.0,415.0,458.0,462.0,469.0,477.0,492.0,
9.0,52.0,52.0,125.0,216.0,233.0,250.0,253.0,255.0,286.0,289.0,345.0,361.0,384.0,397.0,446.0,450.0,495.0,500.0,
6.0,98.0,104.0,108.0,123.0,130.0,131.0,144.0,147.0,152.0,154.0,194.0,203.0,223.0,292.0,311.0,317.0,317.0,359.0,367.0,389.0,390.0,399.0,411.0,423.0,430.0,442.0,455.0,481.0,504.0,
10.0,67.0,77.0,98.0,134.0,148.0,188.0,206.0,227.0,251.0,301.0,331.0,382.0,385.0,421.0,450.0,
17.0,42.0,43.0,45.0,96.0,118.0,148.0,162.0,167.0,227.0,233.0,259.0,272.0,272.0,275.0,303.0,326.0,395.0,414.0,436.0,446.0,461.0,472.0,479.0,
17.0,18.0,42.0,52.0,103.0,150.0,161.0,169.0,177.0,183.0,190.0,209.0,243.0,318.0,347.0,361.0,406.0,422.0,433.0,441.0,453.0,460.0,465.0,483.0,616.0,658.0,659.0,729.0,802.0,810.0,882.0,900.0,919.0,945.0,950.0,
8.0,69.0,155.0,191.0,197.0,242.0,251.0,257.0,321.0,334.0,339.0,344.0,379.0,412.0,415.0,456.0,507.0,595.0,598.0,635.0,685.0,694.0,700.0,702.0,713.0,725.0,725.0,730.0,743.0,763.0,766.0,768.0,773.0,778.0,783.0,785.0,792.0,847.0,859.0,877.0,890.0,907.0,908.0,918.0,973.0,977.0,990.0,
32.0,68.0,82.0,111.0,132.0,134.0,168.0,193.0,200.0,211.0,246.0,296.0,308.0,316.0,324.0,355.0,409.0,414.0,431.0,461.0,471.0,487.0,517.0,569.0,596.0,605.0,638.0,673.0,719.0,732.0,746.0,775.0,807.0,839.0,885.0,897.0,898.0,905.0,927.0,975.0,977.0,991.0,
5.0,20.0,24.0,125.0,146.0,151.0,174.0,187.0,206.0,230.0,231.0,280.0,283.0,316.0,351.0,388.0,393.0,436.0,616.0,655.0,695.0,716.0,727.0,765.0,767.0,814.0,832.0,834.0,850.0,867.0,910.0,969.0,970.0,972.0,992.0,992.0,
9.0,17.0,23.0,26.0,45.0,94.0,95.0,121.0,146.0,165.0,175.0,188.0,230.0,233.0,254.0,257.0,317.0,352.0,377.0,402.0,444.0,467.0,496.0,501.0,
11.0,12.0,80.0,83.0,124.0,135.0,142.0,144.0,151.0,163.0,199.0,235.0,277.0,291.0,304.0,305.0,345.0,402.0,403.0,489.0,497.0,498.0,972.0,
26.0,51.0,71.0,132.0,144.0,148.0,158.0,167.0,169.0,187.0,192.0,213.0,254.0,275.0,285.0,366.0,370.0,387.0,415.0,419.0,430.0,448.0,452.0,496.0,756.0,765.0,859.0,899.0,
11.0,25.0,76.0,118.0,132.0,176.0,226.0,243.0,262.0,281.0,299.0,355.0,366.0,366.0,382.0,416.0,437.0,466.0,475.0,822.0,831.0,957.0,
71.0,77.0,83.0,129.0,159.0,181.0,198.0,298.0,312.0,323.0,323.0,399.0,434.0,438.0,442.0,505.0,963.0,983.0,
2.0,14.0,47.0,89.0,205.0,215.0,270.0,283.0,337.0,343.0,357.0,369.0,452.0,470.0,475.0,993.0,
11.0,31.0,38.0,122.0,151.0,201.0,211.0,240.0,242.0,269.0,277.0,281.0,334.0,344.0,357.0,413.0,441.0,497.0,
77.0,79.0,88.0,226.0,246.0,262.0,277.0,278.0,313.0,336.0,343.0,389.0,432.0,452.0,463.0,464.0,483.0,491.0,584.0,595.0,663.0,692.0,703.0,724.0,733.0,768.0,769.0,796.0,807.0,858.0,932.0,961.0,972.0,979.0,
3.0,58.0,114.0,115.0,171.0,176.0,191.0,245.0,289.0,333.0,345.0,358.0,389.0,460.0,484.0,492.0,531.0,535.0,548.0,573.0,595.0,601.0,607.0,619.0,653.0,665.0,672.0,691.0,719.0,725.0,765.0,767.0,767.0,784.0,787.0,798.0,823.0,849.0,875.0,885.0,885.0,915.0,926.0,929.0,938.0,950.0,991.0,
61.0,64.0,112.0,162.0,194.0,275.0,282.0,286.0,289.0,344.0,378.0,381.0,388.0,408.0,439.0,450.0,475.0,501.0,708.0,759.0,936.0,963.0,981.0,
44.0,51.0,137.0,167.0,304.0,307.0,316.0,333.0,339.0,345.0,406.0,425.0,443.0,505.0,
34.0,57.0,86.0,95.0,194.0,206.0,249.0,309.0,319.0,367.0,373.0,459.0,460.0,465.0,507.0,
78.0,84.0,132.0,150.0,179.0,206.0,227.0,232.0,242.0,259.0,350.0,351.0,357.0,364.0,425.0,463.0,492.0,968.0,982.0,
12.0,39.0,77.0,80.0,145.0,147.0,181.0,277.0,280.0,285.0,307.0,335.0,338.0,361.0,418.0,464.0,493.0,808.0,844.0,
33.0,60.0,64.0,77.0,141.0,146.0,156.0,173.0,227.0,251.0,253.0,299.0,363.0,373.0,377.0,414.0,470.0,479.0,955.0,
8.0,42.0,54.0,65.0,66.0,69.0,83.0,181.0,217.0,237.0,324.0,328.0,339.0,353.0,375.0,424.0,430.0,475.0,482.0,790.0,802.0,853.0,891.0,
51.0,83.0,95.0,120.0,122.0,185.0,264.0,303.0,313.0,316.0,344.0,347.0,352.0,376.0,398.0,399.0,427.0,433.0,447.0,463.0,482.0,489.0,503.0,
7.0,19.0,140.0,141.0,168.0,195.0,199.0,243.0,250.0,251.0,279.0,280.0,290.0,299.0,328.0,336.0,349.0,358.0,372.0,377.0,398.0,421.0,449.0,703.0,780.0,863.0,866.0,875.0,909.0,
39.0,48.0,68.0,95.0,99.0,171.0,220.0,240.0,273.0,309.0,311.0,319.0,445.0,463.0,472.0,547.0,637.0,639.0,652.0,684.0,764.0,769.0,783.0,792.0,797.0,809.0,821.0,823.0,823.0,859.0,917.0,921.0,931.0,943.0,957.0,980.0,993.0,999.0,
5.0,20.0,39.0,54.0,68.0,90.0,119.0,138.0,187.0,222.0,263.0,307.0,339.0,404.0,411.0,428.0,440.0,478.0,498.0,723.0,807.0,813.0,813.0,817.0,845.0,880.0,908.0,964.0,
56.0,111.0,113.0,116.0,126.0,160.0,187.0,258.0,277.0,289.0,291.0,323.0,359.0,386.0,392.0,403.0,428.0,472.0,
16.0,65.0,105.0,142.0,164.0,190.0,204.0,244.0,260.0,296.0,301.0,308.0,422.0,453.0,454.0,461.0,461.0,484.0,498.0,498.0,771.0,898.0,973.0,
2.0,62.0,65.0,77.0,108.0,116.0,131.0,171.0,184.0,191.0,244.0,261.0,269.0,296.0,301.0,321.0,323.0,335.0,383.0,401.0,405.0,434.0,842.0,939.0,941.0,
7.0,62.0,79.0,98.0,112.0,119.0,128.0,178.0,181.0,269.0,320.0,365.0,373.0,389.0,430.0,463.0,495.0,843.0,890.0,
18.0,36.0,53.0,67.0,86.0,98.0,121.0,154.0,185.0,199.0,202.0,220.0,261.0,284.0,289.0,316.0,454.0,473.0,496.0,879.0,
39.0,55.0,78.0,106.0,134.0,153.0,212.0,223.0,259.0,265.0,323.0,360.0,421.0,443.0,502.0,804.0,929.0,935.0,985.0,
20.0,53.0,68.0,71.0,91.0,127.0,145.0,169.0,170.0,255.0,293.0,309.0,336.0,356.0,373.0,374.0,376.0,433.0,436.0,449.0,
60.0,62.0,75.0,77.0,90.0,127.0,164.0,167.0,192.0,208.0,232.0,234.0,269.0,276.0,385.0,411.0,431.0,454.0,480.0,692.0,726.0,829.0,842.0,905.0,
7.0,21.0,23.0,36.0,37.0,119.0,157.0,164.0,171.0,171.0,216.0,285.0,332.0,339.0,345.0,346.0,357.0,426.0,440.0,441.0,496.0,512.0,549.0,553.0,557.0,566.0,595.0,621.0,631.0,642.0,653.0,658.0,673.0,678.0,685.0,725.0,758.0,767.0,822.0,824.0,835.0,856.0,870.0,893.0,911.0,948.0,970.0,989.0,993.0,
26.0,34.0,66.0,113.0,121.0,126.0,128.0,162.0,163.0,171.0,249.0,291.0,315.0,368.0,450.0,642.0,688.0,698.0,728.0,738.0,831.0,861.0,872.0,932.0,
27.0,69.0,100.0,132.0,157.0,190.0,204.0,209.0,250.0,266.0,290.0,336.0,349.0,357.0,371.0,373.0,461.0,501.0,504.0,
18.0,34.0,80.0,106.0,131.0,194.0,253.0,280.0,325.0,383.0,389.0,396.0,401.0,438.0,446.0,467.0,477.0,478.0,769.0,805.0,867.0,875.0,969.0,
14.0,41.0,45.0,46.0,90.0,95.0,101.0,110.0,127.0,139.0,178.0,181.0,190.0,191.0,203.0,209.0,218.0,291.0,296.0,314.0,334.0,341.0,351.0,355.0,362.0,372.0,399.0,401.0,435.0,443.0,453.0,509.0,787.0,819.0,905.0,953.0,
70.0,89.0,92.0,107.0,164.0,167.0,167.0,262.0,306.0,308.0,334.0,368.0,383.0,407.0,417.0,419.0,425.0,427.0,428.0,440.0,470.0,474.0,829.0,851.0,
13.0,28.0,36.0,38.0,39.0,50.0,57.0,88.0,143.0,187.0,217.0,265.0,273.0,285.0,294.0,322.0,363.0,447.0,483.0,885.0,938.0,939.0,974.0,
2.0,34.0,39.0,89.0,96.0,144.0,162.0,210.0,248.0,378.0,402.0,404.0,409.0,418.0,451.0,470.0,496.0,497.0,503.0,504.0,916.0,960.0,970.0,
47.0,48.0,98.0,147.0,153.0,189.0,236.0,293.0,298.0,311.0,342.0,343.0,360.0,410.0,418.0,445.0,467.0,
6.0,64.0,80.0,90.0,134.0,210.0,305.0,324.0,326.0,367.0,387.0,396.0,398.0,412.0,669.0,720.0,761.0,790.0,892.0,917.0,959.0,994.0,
22.0,94.0,102.0,146.0,170.0,186.0,251.0,253.0,267.0,297.0,313.0,318.0,341.0,423.0,470.0,474.0,502.0,522.0,553.0,567.0,625.0,657.0,700.0,711.0,714.0,733.0,750.0,766.0,773.0,814.0,820.0,859.0,872.0,876.0,931.0,977.0,
55.0,64.0,68.0,81.0,90.0,139.0,144.0,220.0,264.0,269.0,332.0,367.0,416.0,452.0,492.0,516.0,576.0,581.0,609.0,646.0,677.0,719.0,743.0,760.0,770.0,782.0,787.0,822.0,824.0,827.0,829.0,843.0,847.0,855.0,862.0,880.0,893.0,978.0,980.0,984.0,
10.0,13.0,123.0,136.0,139.0,156.0,194.0,207.0,252.0,283.0,329.0,357.0,361.0,377.0,386.0,397.0,
21.0,22.0,27.0,64.0,111.0,143.0,189.0,191.0,194.0,246.0,277.0,303.0,329.0,356.0,358.0,379.0,419.0,448.0,485.0,937.0,
21.0,30.0,65.0,71.0,77.0,145.0,197.0,198.0,213.0,218.0,250.0,281.0,288.0,332.0,361.0,394.0,426.0,460.0,501.0,804.0,847.0,936.0,
18.0,65.0,78.0,137.0,178.0,216.0,221.0,276.0,287.0,305.0,374.0,376.0,402.0,413.0,456.0,459.0,465.0,480.0,482.0,778.0,785.0,889.0,982.0,984.0,
43.0,95.0,98.0,192.0,219.0,262.0,263.0,313.0,416.0,804.0,879.0,956.0,
9.0,29.0,97.0,106.0,162.0,164.0,213.0,214.0,249.0,313.0,331.0,369.0,379.0,382.0,394.0,406.0,419.0,498.0,871.0,931.0,978.0,
48.0,87.0,103.0,117.0,118.0,119.0,122.0,132.0,143.0,224.0,304.0,307.0,316.0,341.0,344.0,349.0,367.0,367.0,380.0,384.0,470.0,500.0,508.0,510.0,
43.0,82.0,111.0,119.0,125.0,166.0,189.0,193.0,194.0,236.0,268.0,289.0,321.0,333.0,334.0,338.0,363.0,365.0,370.0,426.0,429.0,469.0,478.0,590.0,641.0,642.0,651.0,733.0,745.0,755.0,795.0,797.0,903.0,961.0,992.0,
52.0,88.0,96.0,133.0,144.0,160.0,180.0,182.0,182.0,198.0,204.0,219.0,289.0,302.0,310.0,343.0,351.0,382.0,401.0,499.0,592.0,596.0,681.0,735.0,751.0,751.0,765.0,768.0,769.0,822.0,868.0,873.0,881.0,881.0,959.0,
58.0,102.0,111.0,171.0,234.0,323.0,354.0,354.0,379.0,411.0,448.0,510.0,520.0,527.0,578.0,579.0,636.0,663.0,663.0,676.0,728.0,731.0,761.0,763.0,764.0,781.0,813.0,826.0,877.0,891.0,907.0,958.0,959.0,970.0,977.0,991.0,
5.0,26.0,31.0,87.0,89.0,91.0,95.0,238.0,256.0,276.0,356.0,365.0,370.0,380.0,384.0,396.0,613.0,631.0,657.0,691.0,704.0,709.0,733.0,736.0,762.0,818.0,821.0,840.0,879.0,891.0,943.0,981.0,987.0,
6.0,26.0,27.0,52.0,52.0,68.0,73.0,76.0,77.0,82.0,131.0,158.0,196.0,230.0,253.0,257.0,316.0,319.0,334.0,344.0,358.0,373.0,405.0,435.0,446.0,
3.0,29.0,42.0,45.0,97.0,108.0,149.0,168.0,187.0,260.0,269.0,319.0,419.0,425.0,450.0,474.0,476.0,493.0,497.0,
26.0,75.0,143.0,145.0,150.0,187.0,189.0,269.0,290.0,312.0,365.0,412.0,435.0,443.0,445.0,446.0,466.0,472.0,906.0,
11.0,36.0,134.0,154.0,220.0,282.0,302.0,321.0,348.0,363.0,379.0,393.0,425.0,434.0,467.0,484.0,
6.0,21.0,87.0,187.0,187.0,245.0,373.0,376.0,425.0,442.0,451.0,486.0,508.0,
24.0,32.0,44.0,92.0,262.0,279.0,331.0,357.0,361.0,389.0,391.0,408.0,503.0,743.0,758.0,761.0,768.0,813.0,834.0,862.0,897.0,918.0,943.0,960.0,976.0,
56.0,62.0,85.0,86.0,89.0,92.0,101.0,120.0,155.0,207.0,227.0,267.0,314.0,332.0,337.0,372.0,405.0,452.0,461.0,469.0,501.0,509.0,518.0,534.0,598.0,609.0,626.0,635.0,653.0,660.0,671.0,673.0,695.0,704.0,706.0,719.0,728.0,733.0,793.0,802.0,803.0,807.0,849.0,872.0,929.0,932.0,941.0,970.0,985.0,
20.0,23.0,29.0,61.0,100.0,112.0,145.0,252.0,288.0,316.0,333.0,385.0,411.0,426.0,474.0,479.0,525.0,536.0,554.0,616.0,628.0,647.0,653.0,656.0,685.0,713.0,719.0,760.0,789.0,801.0,817.0,865.0,873.0,873.0,878.0,918.0,957.0,972.0,980.0,
31.0,78.0,89.0,94.0,151.0,154.0,157.0,162.0,190.0,212.0,290.0,291.0,297.0,338.0,341.0,341.0,342.0,353.0,374.0,401.0,464.0,474.0,518.0,538.0,563.0,598.0,599.0,640.0,663.0,692.0,693.0,699.0,704.0,730.0,740.0,740.0,800.0,806.0,832.0,841.0,848.0,878.0,916.0,937.0,960.0,
11.0,34.0,160.0,164.0,168.0,197.0,218.0,272.0,276.0,280.0,290.0,341.0,376.0,410.0,499.0,521.0,574.0,579.0,580.0,652.0,660.0,663.0,682.0,682.0,724.0,730.0,779.0,780.0,790.0,836.0,843.0,867.0,869.0,887.0,890.0,904.0,908.0,957.0,982.0,
54.0,80.0,83.0,87.0,88.0,118.0,164.0,178.0,272.0,317.0,359.0,431.0,461.0,483.0,484.0,628.0,659.0,660.0,695.0,705.0,739.0,748.0,750.0,803.0,815.0,820.0,828.0,829.0,842.0,858.0,860.0,870.0,904.0,917.0,926.0,948.0,968.0,973.0,975.0,994.0,
38.0,38.0,83.0,104.0,151.0,174.0,250.0,252.0,274.0,299.0,304.0,330.0,360.0,370.0,410.0,419.0,424.0,441.0,489.0,490.0,636.0,739.0,739.0,844.0,901.0,992.0,
8.0,35.0,54.0,77.0,95.0,176.0,193.0,203.0,214.0,223.0,248.0,283.0,297.0,304.0,312.0,313.0,336.0,373.0,379.0,389.0,404.0,412.0,418.0,420.0,440.0,443.0,709.0,732.0,760.0,888.0,896.0,913.0,974.0,
15.0,33.0,40.0,50.0,55.0,73.0,80.0,114.0,119.0,146.0,200.0,203.0,209.0,214.0,285.0,293.0,302.0,320.0,344.0,352.0,358.0,366.0,443.0,463.0,487.0,497.0,509.0,773.0,802.0,803.0,819.0,849.0,878.0,895.0,925.0,927.0,950.0,960.0,
22.0,30.0,118.0,154.0,192.0,207.0,215.0,225.0,300.0,312.0,315.0,338.0,363.0,409.0,416.0,487.0,615.0,642.0,703.0,738.0,748.0,770.0,783.0,792.0,794.0,798.0,814.0,895.0,907.0,957.0,963.0,1000.0,
12.0,33.0,35.0,45.0,64.0,94.0,106.0,133.0,145.0,186.0,220.0,236.0,256.0,295.0,308.0,357.0,386.0,389.0,417.0,420.0,430.0,437.0,471.0,599.0,604.0,650.0,671.0,672.0,673.0,695.0,713.0,743.0,749.0,757.0,762.0,773.0,785.0,810.0,819.0,822.0,823.0,837.0,874.0,894.0,903.0,904.0,933.0,935.0,952.0,953.0,
16.0,43.0,62.0,65.0,78.0,142.0,159.0,173.0,236.0,237.0,264.0,270.0,306.0,324.0,331.0,360.0,369.0,412.0,452.0,462.0,470.0,472.0,500.0,570.0,608.0,610.0,634.0,655.0,697.0,746.0,756.0,785.0,796.0,827.0,832.0,874.0,884.0,933.0,970.0,974.0,985.0,
