9.0,25.0,44.0,58.0,77.0,81.0,102.0,127.0,129.0,131.0,170.0,199.0,208.0,218.0,227.0,297.0,347.0,370.0,426.0,498.0,568.0,582.0,662.0,691.0,715.0,758.0,761.0,768.0,771.0,811.0,820.0,840.0,862.0,863.0,869.0,870.0,881.0,891.0,897.0,935.0,988.0,
32.0,48.0,61.0,67.0,217.0,262.0,270.0,272.0,274.0,276.0,330.0,344.0,459.0,540.0,566.0,610.0,663.0,723.0,760.0,778.0,793.0,859.0,903.0,923.0,930.0,946.0,970.0,998.0,
141.0,146.0,184.0,219.0,240.0,253.0,281.0,341.0,418.0,419.0,420.0,448.0,481.0,494.0,496.0,530.0,552.0,571.0,582.0,583.0,645.0,650.0,656.0,682.0,776.0,833.0,836.0,844.0,871.0,877.0,1000.0,
2.0,40.0,40.0,58.0,63.0,64.0,65.0,69.0,80.0,91.0,104.0,112.0,113.0,146.0,174.0,180.0,193.0,204.0,227.0,231.0,298.0,341.0,341.0,351.0,364.0,374.0,386.0,411.0,463.0,479.0,558.0,575.0,580.0,616.0,678.0,702.0,710.0,758.0,786.0,820.0,823.0,827.0,872.0,898.0,916.0,957.0,967.0,975.0,981.0,
83.0,107.0,124.0,184.0,208.0,227.0,244.0,289.0,336.0,370.0,445.0,465.0,472.0,493.0,513.0,522.0,526.0,530.0,531.0,575.0,638.0,638.0,646.0,675.0,678.0,736.0,787.0,792.0,800.0,831.0,866.0,877.0,889.0,893.0,925.0,925.0,940.0,959.0,966.0,
62.0,66.0,68.0,71.0,80.0,90.0,98.0,99.0,103.0,117.0,119.0,179.0,212.0,346.0,368.0,395.0,421.0,491.0,511.0,525.0,548.0,577.0,640.0,653.0,658.0,659.0,666.0,721.0,733.0,739.0,756.0,791.0,810.0,834.0,837.0,880.0,951.0,960.0,984.0,
45.0,56.0,140.0,203.0,212.0,223.0,241.0,246.0,250.0,302.0,325.0,340.0,342.0,392.0,395.0,401.0,418.0,424.0,425.0,466.0,497.0,499.0,525.0,535.0,606.0,620.0,623.0,638.0,641.0,732.0,777.0,804.0,835.0,853.0,863.0,887.0,888.0,954.0,978.0,990.0,999.0,
53.0,66.0,80.0,123.0,136.0,151.0,159.0,163.0,164.0,168.0,206.0,253.0,257.0,258.0,264.0,288.0,289.0,300.0,305.0,308.0,316.0,320.0,339.0,346.0,347.0,377.0,386.0,401.0,423.0,444.0,454.0,512.0,529.0,547.0,562.0,604.0,606.0,617.0,635.0,728.0,730.0,748.0,749.0,754.0,774.0,780.0,798.0,856.0,856.0,921.0,929.0,991.0,
61.0,63.0,81.0,83.0,98.0,105.0,129.0,245.0,251.0,259.0,265.0,284.0,289.0,305.0,363.0,372.0,469.0,477.0,477.0,479.0,490.0,553.0,565.0,610.0,612.0,622.0,623.0,698.0,699.0,722.0,753.0,768.0,772.0,812.0,838.0,899.0,947.0,995.0,
59.0,61.0,62.0,66.0,87.0,95.0,102.0,140.0,165.0,169.0,175.0,198.0,209.0,216.0,243.0,317.0,345.0,347.0,360.0,368.0,371.0,374.0,389.0,576.0,589.0,593.0,650.0,651.0,663.0,691.0,700.0,725.0,726.0,742.0,784.0,802.0,802.0,905.0,912.0,934.0,934.0,
19.0,19.0,20.0,94.0,101.0,114.0,123.0,131.0,157.0,197.0,207.0,221.0,330.0,357.0,378.0,495.0,598.0,630.0,635.0,681.0,686.0,696.0,704.0,734.0,734.0,765.0,811.0,834.0,861.0,886.0,890.0,948.0,970.0,998.0,
31.0,46.0,48.0,57.0,164.0,177.0,254.0,265.0,265.0,299.0,342.0,452.0,470.0,484.0,486.0,495.0,510.0,535.0,537.0,544.0,579.0,583.0,670.0,672.0,733.0,749.0,814.0,819.0,874.0,895.0,904.0,940.0,965.0,
14.0,34.0,48.0,53.0,80.0,98.0,110.0,141.0,234.0,262.0,279.0,280.0,306.0,330.0,348.0,469.0,469.0,477.0,483.0,509.0,587.0,594.0,603.0,623.0,626.0,642.0,678.0,701.0,729.0,737.0,802.0,806.0,820.0,836.0,875.0,905.0,979.0,998.0,
13.0,34.0,58.0,60.0,117.0,117.0,122.0,143.0,168.0,187.0,190.0,204.0,221.0,258.0,262.0,389.0,399.0,434.0,437.0,444.0,445.0,450.0,563.0,672.0,715.0,721.0,727.0,813.0,870.0,921.0,929.0,953.0,958.0,971.0,974.0,
16.0,27.0,27.0,46.0,48.0,102.0,108.0,125.0,137.0,185.0,216.0,227.0,235.0,237.0,240.0,253.0,270.0,281.0,290.0,324.0,356.0,403.0,449.0,464.0,536.0,576.0,584.0,609.0,655.0,660.0,668.0,713.0,726.0,739.0,751.0,754.0,769.0,803.0,830.0,875.0,895.0,896.0,989.0,
5.0,54.0,75.0,77.0,91.0,114.0,142.0,153.0,157.0,161.0,168.0,169.0,282.0,284.0,304.0,307.0,335.0,344.0,358.0,378.0,387.0,402.0,408.0,460.0,467.0,468.0,492.0,499.0,501.0,557.0,564.0,600.0,609.0,613.0,614.0,616.0,629.0,685.0,713.0,745.0,749.0,786.0,852.0,879.0,915.0,934.0,946.0,
28.0,85.0,92.0,129.0,335.0,375.0,384.0,450.0,536.0,563.0,601.0,612.0,638.0,653.0,674.0,733.0,784.0,787.0,792.0,803.0,803.0,855.0,937.0,951.0,959.0,
17.0,38.0,55.0,79.0,87.0,93.0,124.0,135.0,214.0,250.0,255.0,274.0,338.0,345.0,354.0,362.0,379.0,434.0,460.0,479.0,501.0,521.0,525.0,544.0,565.0,585.0,608.0,633.0,663.0,705.0,760.0,764.0,896.0,898.0,923.0,929.0,931.0,964.0,969.0,
20.0,97.0,101.0,111.0,112.0,132.0,135.0,163.0,221.0,244.0,264.0,276.0,289.0,294.0,303.0,319.0,358.0,368.0,401.0,412.0,479.0,480.0,572.0,575.0,590.0,621.0,658.0,675.0,686.0,690.0,723.0,737.0,804.0,820.0,902.0,
6.0,72.0,150.0,225.0,225.0,254.0,282.0,380.0,403.0,438.0,462.0,505.0,548.0,557.0,568.0,643.0,644.0,666.0,685.0,693.0,701.0,730.0,741.0,743.0,815.0,842.0,862.0,897.0,949.0,951.0,955.0,988.0,
37.0,64.0,80.0,86.0,91.0,115.0,125.0,212.0,255.0,340.0,358.0,366.0,396.0,397.0,409.0,410.0,412.0,442.0,476.0,478.0,498.0,517.0,538.0,553.0,610.0,613.0,637.0,653.0,680.0,710.0,777.0,840.0,901.0,901.0,
56.0,92.0,136.0,160.0,196.0,254.0,310.0,317.0,323.0,364.0,377.0,402.0,431.0,498.0,588.0,594.0,638.0,652.0,656.0,694.0,699.0,725.0,860.0,863.0,892.0,928.0,990.0,
7.0,15.0,41.0,66.0,86.0,119.0,120.0,144.0,154.0,158.0,184.0,197.0,250.0,252.0,283.0,303.0,320.0,461.0,479.0,490.0,502.0,513.0,547.0,642.0,671.0,675.0,702.0,720.0,737.0,754.0,802.0,814.0,844.0,878.0,883.0,897.0,909.0,923.0,928.0,931.0,947.0,999.0,
13.0,36.0,47.0,76.0,80.0,93.0,95.0,115.0,166.0,169.0,174.0,176.0,180.0,185.0,207.0,233.0,294.0,327.0,328.0,390.0,408.0,423.0,430.0,479.0,479.0,489.0,559.0,563.0,573.0,585.0,639.0,649.0,650.0,665.0,750.0,778.0,797.0,828.0,879.0,906.0,
65.0,76.0,81.0,170.0,175.0,215.0,384.0,400.0,429.0,440.0,462.0,532.0,538.0,585.0,653.0,687.0,827.0,848.0,859.0,877.0,885.0,996.0,
116.0,149.0,169.0,176.0,251.0,334.0,368.0,383.0,384.0,415.0,423.0,440.0,498.0,538.0,543.0,560.0,566.0,589.0,595.0,640.0,669.0,702.0,844.0,883.0,980.0,986.0,
10.0,27.0,66.0,119.0,148.0,225.0,249.0,300.0,313.0,314.0,398.0,413.0,414.0,420.0,431.0,433.0,470.0,475.0,478.0,589.0,653.0,705.0,845.0,982.0,990.0,
12.0,22.0,26.0,28.0,29.0,49.0,157.0,186.0,197.0,247.0,254.0,297.0,306.0,371.0,383.0,388.0,429.0,453.0,566.0,609.0,658.0,659.0,670.0,733.0,746.0,811.0,878.0,890.0,893.0,913.0,922.0,955.0,967.0,
27.0,33.0,41.0,84.0,152.0,173.0,194.0,212.0,290.0,327.0,347.0,352.0,364.0,398.0,401.0,403.0,414.0,443.0,444.0,466.0,496.0,531.0,539.0,543.0,588.0,609.0,671.0,730.0,735.0,748.0,761.0,772.0,811.0,820.0,869.0,888.0,913.0,926.0,949.0,966.0,977.0,977.0,991.0,
10.0,89.0,96.0,112.0,151.0,166.0,205.0,258.0,310.0,311.0,323.0,324.0,324.0,365.0,389.0,445.0,458.0,461.0,470.0,478.0,489.0,508.0,518.0,524.0,578.0,625.0,641.0,644.0,672.0,672.0,723.0,746.0,757.0,766.0,823.0,830.0,855.0,945.0,956.0,959.0,995.0,999.0,
30.0,61.0,100.0,123.0,139.0,165.0,167.0,240.0,242.0,265.0,279.0,284.0,284.0,305.0,359.0,373.0,400.0,415.0,425.0,464.0,488.0,511.0,514.0,540.0,558.0,571.0,592.0,594.0,615.0,624.0,646.0,703.0,763.0,788.0,797.0,834.0,897.0,901.0,945.0,964.0,984.0,996.0,
9.0,11.0,48.0,108.0,143.0,158.0,174.0,182.0,202.0,244.0,255.0,263.0,276.0,284.0,315.0,328.0,376.0,394.0,435.0,439.0,452.0,518.0,534.0,625.0,631.0,712.0,732.0,753.0,803.0,821.0,822.0,861.0,936.0,950.0,987.0,991.0,
255.0,301.0,323.0,362.0,364.0,378.0,391.0,423.0,457.0,461.0,467.0,511.0,519.0,527.0,562.0,576.0,608.0,610.0,622.0,647.0,665.0,805.0,807.0,812.0,826.0,870.0,902.0,
20.0,45.0,49.0,141.0,151.0,156.0,208.0,213.0,214.0,258.0,276.0,311.0,334.0,354.0,428.0,432.0,448.0,454.0,486.0,505.0,538.0,556.0,603.0,624.0,720.0,724.0,750.0,959.0,961.0,969.0,
32.0,37.0,77.0,92.0,98.0,148.0,149.0,164.0,178.0,195.0,204.0,344.0,365.0,369.0,417.0,437.0,438.0,439.0,456.0,469.0,487.0,524.0,536.0,547.0,549.0,550.0,551.0,555.0,566.0,575.0,598.0,609.0,610.0,627.0,658.0,664.0,688.0,693.0,696.0,701.0,721.0,726.0,750.0,752.0,756.0,761.0,769.0,769.0,774.0,797.0,801.0,814.0,817.0,820.0,840.0,858.0,887.0,899.0,906.0,912.0,919.0,955.0,957.0,961.0,969.0,976.0,991.0,999.0,
25.0,45.0,69.0,78.0,101.0,115.0,124.0,134.0,198.0,316.0,326.0,376.0,386.0,435.0,439.0,471.0,520.0,522.0,528.0,530.0,538.0,541.0,554.0,560.0,561.0,563.0,566.0,567.0,575.0,603.0,622.0,626.0,626.0,637.0,644.0,646.0,653.0,668.0,705.0,705.0,771.0,774.0,799.0,829.0,839.0,848.0,855.0,897.0,898.0,909.0,910.0,910.0,911.0,948.0,971.0,991.0,
6.0,48.0,51.0,115.0,150.0,161.0,164.0,183.0,190.0,191.0,305.0,330.0,330.0,343.0,421.0,463.0,484.0,519.0,528.0,534.0,552.0,565.0,572.0,576.0,577.0,581.0,584.0,585.0,600.0,602.0,607.0,614.0,620.0,635.0,649.0,652.0,679.0,682.0,710.0,763.0,768.0,795.0,834.0,834.0,853.0,863.0,896.0,912.0,937.0,949.0,988.0,
38.0,44.0,44.0,46.0,63.0,85.0,90.0,91.0,113.0,128.0,158.0,188.0,214.0,252.0,290.0,308.0,312.0,394.0,395.0,399.0,432.0,465.0,508.0,509.0,514.0,523.0,530.0,575.0,590.0,621.0,677.0,710.0,721.0,746.0,789.0,809.0,950.0,
27.0,28.0,34.0,48.0,94.0,99.0,101.0,134.0,176.0,234.0,281.0,325.0,402.0,450.0,483.0,484.0,506.0,533.0,545.0,569.0,572.0,609.0,681.0,685.0,698.0,734.0,846.0,964.0,987.0,994.0,
52.0,58.0,108.0,119.0,125.0,148.0,200.0,220.0,261.0,269.0,323.0,341.0,343.0,395.0,426.0,534.0,563.0,652.0,664.0,702.0,756.0,770.0,808.0,815.0,824.0,866.0,879.0,894.0,915.0,929.0,948.0,974.0,
67.0,83.0,139.0,172.0,174.0,185.0,205.0,228.0,231.0,302.0,326.0,350.0,369.0,382.0,417.0,419.0,442.0,449.0,467.0,484.0,489.0,557.0,573.0,636.0,643.0,648.0,675.0,690.0,701.0,747.0,759.0,822.0,830.0,924.0,928.0,977.0,
15.0,18.0,25.0,40.0,90.0,182.0,190.0,231.0,244.0,272.0,275.0,275.0,286.0,311.0,342.0,365.0,434.0,436.0,467.0,468.0,472.0,482.0,526.0,541.0,558.0,591.0,611.0,615.0,620.0,770.0,811.0,848.0,850.0,929.0,940.0,988.0,
19.0,34.0,58.0,77.0,86.0,94.0,119.0,139.0,158.0,192.0,237.0,247.0,251.0,268.0,280.0,293.0,328.0,355.0,392.0,438.0,457.0,462.0,466.0,471.0,498.0,511.0,523.0,528.0,588.0,604.0,625.0,664.0,669.0,677.0,713.0,740.0,745.0,749.0,803.0,831.0,886.0,
2.0,12.0,62.0,64.0,117.0,148.0,172.0,177.0,221.0,222.0,223.0,290.0,313.0,330.0,346.0,354.0,358.0,359.0,396.0,433.0,514.0,516.0,519.0,521.0,529.0,535.0,555.0,577.0,591.0,606.0,607.0,614.0,633.0,661.0,666.0,668.0,670.0,692.0,694.0,720.0,723.0,735.0,741.0,752.0,766.0,784.0,799.0,824.0,918.0,919.0,925.0,957.0,981.0,988.0,990.0,
2.0,51.0,128.0,162.0,163.0,173.0,179.0,208.0,217.0,225.0,228.0,255.0,260.0,299.0,352.0,352.0,369.0,408.0,509.0,525.0,526.0,530.0,531.0,532.0,537.0,539.0,540.0,542.0,543.0,546.0,561.0,568.0,572.0,579.0,580.0,585.0,589.0,601.0,608.0,608.0,628.0,657.0,660.0,665.0,708.0,719.0,721.0,738.0,759.0,773.0,774.0,774.0,783.0,787.0,804.0,847.0,861.0,865.0,865.0,865.0,866.0,867.0,935.0,944.0,971.0,984.0,995.0,
33.0,121.0,132.0,136.0,146.0,163.0,223.0,228.0,307.0,419.0,426.0,456.0,486.0,494.0,518.0,526.0,530.0,537.0,544.0,547.0,549.0,551.0,561.0,561.0,579.0,587.0,594.0,595.0,595.0,604.0,612.0,628.0,629.0,631.0,640.0,648.0,651.0,654.0,675.0,682.0,689.0,695.0,699.0,703.0,703.0,708.0,719.0,736.0,744.0,746.0,755.0,772.0,773.0,782.0,792.0,804.0,813.0,823.0,828.0,831.0,839.0,850.0,882.0,885.0,889.0,955.0,987.0,
25.0,58.0,75.0,89.0,90.0,107.0,140.0,145.0,153.0,167.0,205.0,248.0,255.0,257.0,291.0,294.0,316.0,408.0,435.0,520.0,521.0,536.0,536.0,539.0,555.0,560.0,561.0,562.0,562.0,567.0,571.0,582.0,584.0,587.0,593.0,601.0,606.0,631.0,655.0,660.0,672.0,687.0,691.0,700.0,705.0,736.0,754.0,773.0,779.0,787.0,789.0,858.0,869.0,879.0,882.0,885.0,892.0,899.0,906.0,910.0,910.0,924.0,940.0,944.0,948.0,949.0,967.0,995.0,997.0,
29.0,70.0,84.0,124.0,148.0,152.0,165.0,193.0,244.0,312.0,333.0,361.0,367.0,374.0,458.0,471.0,475.0,491.0,508.0,511.0,541.0,541.0,543.0,557.0,599.0,604.0,623.0,630.0,630.0,631.0,633.0,636.0,638.0,661.0,677.0,685.0,691.0,695.0,699.0,725.0,759.0,763.0,765.0,812.0,813.0,817.0,840.0,843.0,901.0,909.0,930.0,933.0,967.0,
4.0,35.0,45.0,75.0,158.0,198.0,214.0,237.0,247.0,294.0,310.0,320.0,389.0,411.0,466.0,497.0,544.0,564.0,568.0,614.0,667.0,672.0,679.0,686.0,708.0,853.0,855.0,856.0,945.0,969.0,
14.0,20.0,20.0,100.0,139.0,153.0,170.0,174.0,226.0,228.0,228.0,296.0,325.0,330.0,341.0,353.0,376.0,378.0,384.0,397.0,438.0,467.0,471.0,482.0,533.0,537.0,649.0,671.0,686.0,777.0,783.0,787.0,846.0,866.0,896.0,978.0,990.0,993.0,
61.0,67.0,133.0,133.0,187.0,200.0,255.0,299.0,302.0,311.0,335.0,339.0,368.0,377.0,380.0,390.0,441.0,465.0,580.0,608.0,641.0,645.0,661.0,668.0,673.0,772.0,774.0,867.0,919.0,921.0,998.0,
24.0,60.0,71.0,115.0,173.0,221.0,223.0,246.0,280.0,308.0,344.0,346.0,445.0,505.0,507.0,665.0,698.0,712.0,730.0,762.0,783.0,800.0,810.0,851.0,869.0,896.0,
7.0,10.0,65.0,75.0,93.0,127.0,143.0,174.0,184.0,194.0,206.0,280.0,302.0,303.0,325.0,402.0,407.0,460.0,573.0,580.0,625.0,786.0,826.0,886.0,919.0,955.0,963.0,
51.0,54.0,72.0,144.0,156.0,183.0,231.0,272.0,297.0,306.0,356.0,367.0,394.0,450.0,451.0,459.0,465.0,478.0,488.0,511.0,520.0,529.0,530.0,543.0,553.0,553.0,564.0,567.0,573.0,591.0,595.0,595.0,602.0,608.0,609.0,618.0,623.0,626.0,635.0,641.0,644.0,644.0,655.0,663.0,667.0,671.0,676.0,677.0,686.0,687.0,703.0,709.0,734.0,759.0,799.0,805.0,810.0,821.0,835.0,836.0,841.0,866.0,866.0,873.0,874.0,883.0,885.0,892.0,918.0,956.0,986.0,998.0,
28.0,59.0,89.0,112.0,123.0,125.0,141.0,182.0,191.0,220.0,226.0,248.0,253.0,276.0,279.0,295.0,297.0,330.0,332.0,338.0,371.0,399.0,426.0,427.0,456.0,488.0,510.0,512.0,515.0,529.0,533.0,540.0,541.0,548.0,548.0,552.0,553.0,561.0,562.0,567.0,569.0,570.0,573.0,588.0,595.0,597.0,605.0,606.0,611.0,615.0,625.0,633.0,649.0,651.0,699.0,701.0,709.0,718.0,723.0,724.0,730.0,752.0,789.0,811.0,817.0,842.0,847.0,851.0,869.0,869.0,873.0,925.0,938.0,938.0,945.0,956.0,
62.0,90.0,91.0,208.0,281.0,300.0,310.0,338.0,346.0,349.0,350.0,389.0,415.0,418.0,512.0,522.0,527.0,534.0,537.0,540.0,541.0,543.0,547.0,551.0,559.0,564.0,575.0,575.0,580.0,588.0,623.0,627.0,644.0,648.0,687.0,688.0,691.0,701.0,709.0,714.0,719.0,721.0,769.0,778.0,798.0,805.0,835.0,893.0,896.0,901.0,904.0,919.0,920.0,944.0,976.0,987.0,989.0,
111.0,148.0,156.0,193.0,195.0,234.0,262.0,313.0,319.0,323.0,386.0,484.0,492.0,511.0,512.0,522.0,525.0,527.0,529.0,536.0,540.0,543.0,544.0,546.0,549.0,551.0,560.0,562.0,575.0,577.0,593.0,596.0,599.0,599.0,603.0,603.0,607.0,619.0,624.0,626.0,629.0,631.0,644.0,652.0,675.0,699.0,728.0,757.0,765.0,776.0,782.0,789.0,791.0,792.0,804.0,805.0,849.0,866.0,907.0,909.0,915.0,943.0,947.0,956.0,957.0,978.0,987.0,988.0,990.0,1000.0,
62.0,147.0,166.0,168.0,232.0,259.0,267.0,391.0,466.0,472.0,528.0,547.0,549.0,571.0,593.0,597.0,610.0,617.0,622.0,632.0,650.0,665.0,675.0,679.0,696.0,737.0,749.0,760.0,768.0,783.0,818.0,825.0,847.0,863.0,883.0,884.0,913.0,934.0,955.0,959.0,961.0,967.0,969.0,987.0,
41.0,45.0,78.0,87.0,88.0,100.0,112.0,136.0,156.0,189.0,214.0,226.0,292.0,306.0,306.0,309.0,345.0,373.0,386.0,425.0,447.0,469.0,479.0,502.0,507.0,603.0,618.0,626.0,640.0,652.0,683.0,702.0,788.0,837.0,910.0,922.0,936.0,952.0,989.0,
37.0,37.0,93.0,105.0,160.0,200.0,221.0,224.0,272.0,284.0,301.0,316.0,323.0,337.0,357.0,398.0,424.0,431.0,436.0,454.0,455.0,473.0,478.0,516.0,538.0,568.0,627.0,695.0,812.0,844.0,869.0,877.0,903.0,969.0,996.0,
18.0,49.0,71.0,116.0,132.0,158.0,199.0,277.0,288.0,289.0,322.0,354.0,356.0,358.0,435.0,447.0,451.0,452.0,528.0,538.0,593.0,602.0,602.0,652.0,705.0,722.0,756.0,787.0,805.0,868.0,880.0,958.0,973.0,
4.0,7.0,42.0,44.0,52.0,97.0,180.0,210.0,274.0,278.0,316.0,324.0,380.0,381.0,458.0,588.0,588.0,637.0,645.0,648.0,649.0,665.0,666.0,678.0,704.0,746.0,769.0,808.0,847.0,863.0,929.0,939.0,958.0,961.0,982.0,
7.0,17.0,61.0,97.0,125.0,222.0,223.0,296.0,304.0,308.0,332.0,342.0,353.0,381.0,405.0,405.0,417.0,439.0,450.0,466.0,504.0,522.0,524.0,548.0,616.0,627.0,630.0,647.0,663.0,665.0,715.0,719.0,775.0,821.0,830.0,889.0,
28.0,51.0,130.0,148.0,193.0,280.0,280.0,288.0,302.0,321.0,368.0,387.0,421.0,433.0,444.0,462.0,483.0,510.0,521.0,529.0,540.0,544.0,557.0,578.0,582.0,584.0,587.0,617.0,714.0,727.0,732.0,736.0,765.0,765.0,833.0,833.0,867.0,899.0,899.0,939.0,
9.0,145.0,149.0,324.0,327.0,328.0,349.0,385.0,396.0,400.0,413.0,462.0,481.0,521.0,526.0,532.0,544.0,547.0,553.0,554.0,555.0,559.0,560.0,570.0,571.0,571.0,575.0,579.0,580.0,589.0,592.0,596.0,616.0,620.0,622.0,635.0,647.0,672.0,673.0,674.0,713.0,717.0,722.0,736.0,738.0,741.0,745.0,749.0,788.0,814.0,820.0,844.0,849.0,849.0,866.0,866.0,882.0,900.0,917.0,919.0,945.0,947.0,953.0,969.0,995.0,
24.0,44.0,139.0,157.0,179.0,193.0,206.0,211.0,222.0,234.0,287.0,299.0,309.0,346.0,384.0,431.0,437.0,448.0,478.0,478.0,499.0,516.0,527.0,532.0,537.0,539.0,541.0,544.0,550.0,556.0,562.0,563.0,569.0,572.0,575.0,580.0,585.0,599.0,609.0,616.0,625.0,635.0,646.0,653.0,660.0,661.0,668.0,669.0,696.0,725.0,740.0,740.0,774.0,774.0,788.0,796.0,818.0,859.0,900.0,904.0,918.0,944.0,955.0,994.0,998.0,999.0,999.0,999.0,
82.0,116.0,118.0,132.0,158.0,165.0,166.0,211.0,238.0,243.0,306.0,311.0,355.0,356.0,363.0,374.0,386.0,446.0,448.0,448.0,464.0,507.0,528.0,530.0,532.0,536.0,544.0,549.0,556.0,563.0,565.0,566.0,569.0,576.0,582.0,586.0,588.0,591.0,592.0,593.0,594.0,598.0,602.0,604.0,614.0,617.0,618.0,626.0,648.0,648.0,661.0,662.0,663.0,683.0,686.0,689.0,693.0,697.0,712.0,734.0,771.0,779.0,781.0,791.0,792.0,793.0,820.0,830.0,832.0,851.0,858.0,866.0,867.0,878.0,890.0,904.0,908.0,913.0,920.0,924.0,959.0,978.0,984.0,999.0,
30.0,114.0,132.0,153.0,166.0,197.0,211.0,262.0,279.0,336.0,384.0,385.0,427.0,458.0,472.0,484.0,512.0,519.0,523.0,524.0,527.0,546.0,554.0,562.0,562.0,568.0,570.0,574.0,577.0,585.0,589.0,591.0,614.0,627.0,639.0,642.0,645.0,703.0,703.0,706.0,742.0,748.0,752.0,771.0,778.0,782.0,785.0,791.0,800.0,805.0,846.0,858.0,861.0,873.0,877.0,880.0,895.0,950.0,974.0,
10.0,13.0,21.0,62.0,72.0,86.0,138.0,272.0,284.0,368.0,422.0,465.0,502.0,519.0,521.0,547.0,548.0,548.0,568.0,643.0,668.0,671.0,688.0,742.0,817.0,856.0,902.0,907.0,
26.0,31.0,32.0,90.0,118.0,202.0,349.0,391.0,403.0,430.0,505.0,534.0,555.0,621.0,643.0,662.0,663.0,676.0,685.0,737.0,747.0,772.0,788.0,804.0,806.0,806.0,828.0,833.0,872.0,896.0,912.0,977.0,990.0,
24.0,32.0,52.0,68.0,138.0,207.0,261.0,265.0,290.0,290.0,339.0,339.0,342.0,359.0,366.0,478.0,488.0,493.0,508.0,552.0,589.0,603.0,621.0,622.0,630.0,642.0,643.0,645.0,684.0,720.0,729.0,743.0,797.0,822.0,824.0,825.0,828.0,850.0,940.0,
39.0,43.0,85.0,87.0,102.0,122.0,179.0,200.0,213.0,213.0,244.0,244.0,292.0,320.0,327.0,388.0,392.0,424.0,431.0,443.0,468.0,489.0,495.0,501.0,520.0,524.0,534.0,558.0,576.0,625.0,687.0,700.0,731.0,745.0,748.0,775.0,959.0,986.0,
4.0,80.0,140.0,194.0,211.0,225.0,239.0,297.0,308.0,365.0,396.0,405.0,408.0,456.0,480.0,547.0,547.0,577.0,579.0,641.0,641.0,716.0,719.0,730.0,757.0,759.0,766.0,793.0,813.0,815.0,834.0,859.0,894.0,899.0,925.0,953.0,966.0,977.0,
36.0,41.0,53.0,76.0,84.0,133.0,143.0,155.0,160.0,185.0,213.0,216.0,219.0,250.0,260.0,263.0,281.0,308.0,308.0,352.0,360.0,363.0,367.0,527.0,563.0,614.0,661.0,677.0,765.0,934.0,941.0,955.0,955.0,979.0,987.0,
2.0,16.0,17.0,25.0,45.0,98.0,122.0,162.0,184.0,207.0,209.0,299.0,316.0,320.0,344.0,401.0,431.0,433.0,439.0,460.0,469.0,497.0,535.0,543.0,544.0,548.0,553.0,612.0,624.0,625.0,627.0,678.0,692.0,739.0,748.0,759.0,766.0,791.0,800.0,822.0,828.0,838.0,839.0,858.0,890.0,916.0,983.0,988.0,996.0,
71.0,108.0,134.0,185.0,193.0,284.0,302.0,416.0,459.0,470.0,481.0,485.0,493.0,510.0,512.0,518.0,524.0,534.0,536.0,540.0,541.0,544.0,546.0,553.0,557.0,570.0,590.0,596.0,616.0,620.0,623.0,638.0,658.0,682.0,715.0,716.0,726.0,740.0,755.0,791.0,806.0,811.0,823.0,832.0,833.0,835.0,869.0,877.0,881.0,922.0,938.0,938.0,958.0,971.0,
11.0,11.0,92.0,111.0,172.0,240.0,249.0,257.0,344.0,357.0,427.0,436.0,466.0,471.0,477.0,508.0,516.0,518.0,530.0,535.0,543.0,547.0,561.0,570.0,581.0,591.0,596.0,612.0,640.0,645.0,648.0,659.0,664.0,677.0,722.0,741.0,743.0,765.0,784.0,808.0,815.0,831.0,839.0,860.0,866.0,876.0,881.0,905.0,913.0,935.0,935.0,958.0,958.0,963.0,973.0,
131.0,144.0,154.0,159.0,159.0,167.0,253.0,269.0,320.0,328.0,352.0,363.0,394.0,414.0,428.0,445.0,477.0,490.0,495.0,496.0,500.0,545.0,607.0,640.0,678.0,696.0,778.0,781.0,787.0,850.0,895.0,906.0,931.0,939.0,942.0,972.0,977.0,990.0,
35.0,49.0,58.0,121.0,124.0,129.0,143.0,167.0,182.0,216.0,219.0,222.0,244.0,270.0,280.0,319.0,320.0,331.0,339.0,344.0,408.0,413.0,457.0,460.0,501.0,501.0,523.0,564.0,574.0,617.0,630.0,726.0,728.0,731.0,754.0,757.0,789.0,810.0,837.0,856.0,865.0,960.0,993.0,994.0,
6.0,24.0,40.0,96.0,180.0,180.0,219.0,229.0,236.0,237.0,270.0,294.0,312.0,337.0,339.0,342.0,376.0,432.0,461.0,461.0,505.0,570.0,605.0,608.0,695.0,713.0,763.0,772.0,804.0,821.0,879.0,936.0,972.0,994.0,
9.0,16.0,45.0,67.0,83.0,86.0,112.0,124.0,131.0,183.0,200.0,202.0,207.0,248.0,252.0,256.0,313.0,415.0,423.0,431.0,440.0,443.0,505.0,517.0,517.0,673.0,679.0,733.0,808.0,841.0,883.0,919.0,957.0,
2.0,2.0,28.0,105.0,107.0,114.0,115.0,132.0,135.0,172.0,204.0,214.0,218.0,232.0,253.0,291.0,320.0,328.0,342.0,343.0,347.0,362.0,382.0,388.0,389.0,437.0,537.0,541.0,634.0,643.0,709.0,726.0,730.0,788.0,816.0,860.0,862.0,895.0,896.0,897.0,921.0,927.0,
17.0,33.0,40.0,101.0,121.0,140.0,183.0,185.0,191.0,199.0,215.0,226.0,236.0,247.0,298.0,412.0,452.0,468.0,484.0,505.0,510.0,512.0,577.0,605.0,607.0,609.0,611.0,619.0,622.0,655.0,661.0,731.0,736.0,740.0,745.0,761.0,789.0,818.0,859.0,904.0,941.0,954.0,957.0,957.0,985.0,
7.0,55.0,75.0,85.0,105.0,117.0,183.0,185.0,206.0,235.0,258.0,270.0,272.0,277.0,289.0,303.0,350.0,369.0,454.0,525.0,554.0,571.0,576.0,598.0,631.0,663.0,756.0,778.0,815.0,825.0,836.0,
9.0,55.0,64.0,83.0,84.0,106.0,107.0,108.0,119.0,124.0,145.0,156.0,178.0,212.0,230.0,250.0,264.0,312.0,405.0,420.0,427.0,492.0,495.0,500.0,531.0,549.0,562.0,575.0,587.0,592.0,636.0,665.0,727.0,737.0,750.0,754.0,762.0,924.0,
19.0,74.0,111.0,189.0,221.0,233.0,243.0,270.0,275.0,298.0,369.0,397.0,400.0,415.0,531.0,555.0,573.0,631.0,655.0,666.0,815.0,840.0,979.0,
62.0,92.0,162.0,209.0,225.0,281.0,292.0,309.0,313.0,343.0,347.0,409.0,427.0,453.0,461.0,484.0,530.0,543.0,717.0,723.0,730.0,777.0,784.0,785.0,804.0,813.0,842.0,845.0,850.0,878.0,933.0,
31.0,51.0,131.0,171.0,200.0,202.0,209.0,213.0,236.0,239.0,284.0,341.0,427.0,440.0,510.0,522.0,534.0,574.0,606.0,697.0,706.0,708.0,727.0,733.0,756.0,760.0,762.0,862.0,948.0,955.0,965.0,
6.0,33.0,40.0,74.0,100.0,115.0,131.0,164.0,241.0,297.0,311.0,328.0,349.0,354.0,360.0,378.0,392.0,458.0,477.0,530.0,536.0,563.0,636.0,637.0,642.0,643.0,659.0,663.0,712.0,751.0,761.0,769.0,818.0,830.0,866.0,909.0,910.0,952.0,983.0,987.0,998.0,
31.0,129.0,135.0,140.0,141.0,187.0,205.0,229.0,259.0,270.0,272.0,326.0,393.0,414.0,414.0,430.0,462.0,495.0,527.0,539.0,574.0,587.0,628.0,646.0,658.0,705.0,741.0,790.0,804.0,820.0,851.0,928.0,935.0,937.0,994.0,
3.0,3.0,32.0,230.0,241.0,273.0,287.0,300.0,406.0,411.0,421.0,426.0,465.0,518.0,557.0,598.0,600.0,621.0,636.0,639.0,653.0,691.0,711.0,711.0,712.0,822.0,827.0,830.0,858.0,895.0,945.0,990.0,990.0,
5.0,81.0,117.0,180.0,202.0,252.0,252.0,263.0,304.0,329.0,333.0,386.0,416.0,446.0,518.0,520.0,533.0,569.0,601.0,621.0,680.0,767.0,778.0,826.0,864.0,920.0,922.0,938.0,938.0,951.0,953.0,980.0,983.0,990.0,999.0,
13.0,21.0,41.0,44.0,55.0,61.0,66.0,88.0,92.0,117.0,136.0,199.0,200.0,263.0,265.0,286.0,299.0,317.0,358.0,363.0,376.0,494.0,540.0,550.0,563.0,586.0,604.0,621.0,628.0,681.0,718.0,722.0,734.0,774.0,785.0,822.0,847.0,859.0,880.0,892.0,898.0,905.0,907.0,931.0,975.0,978.0,
32.0,84.0,106.0,111.0,112.0,152.0,165.0,183.0,203.0,210.0,211.0,222.0,238.0,293.0,297.0,339.0,347.0,350.0,351.0,365.0,382.0,385.0,494.0,530.0,551.0,593.0,614.0,623.0,663.0,677.0,682.0,689.0,705.0,705.0,718.0,734.0,743.0,762.0,766.0,836.0,939.0,941.0,951.0,
3.0,5.0,37.0,82.0,91.0,93.0,129.0,209.0,213.0,220.0,235.0,271.0,283.0,303.0,331.0,349.0,424.0,425.0,427.0,440.0,466.0,474.0,488.0,489.0,519.0,538.0,562.0,578.0,578.0,597.0,627.0,631.0,633.0,659.0,710.0,763.0,792.0,796.0,799.0,832.0,834.0,838.0,844.0,906.0,913.0,925.0,967.0,978.0,984.0,985.0,990.0,
10.0,13.0,76.0,84.0,139.0,245.0,271.0,301.0,326.0,345.0,384.0,399.0,415.0,441.0,444.0,484.0,520.0,532.0,568.0,595.0,599.0,653.0,659.0,660.0,745.0,761.0,775.0,819.0,827.0,879.0,892.0,898.0,907.0,973.0,987.0,
30.0,60.0,75.0,78.0,105.0,118.0,152.0,155.0,228.0,229.0,233.0,252.0,290.0,314.0,319.0,359.0,383.0,422.0,423.0,424.0,435.0,456.0,471.0,476.0,491.0,494.0,559.0,568.0,583.0,674.0,793.0,821.0,835.0,841.0,877.0,882.0,943.0,955.0,968.0,
5.0,64.0,67.0,97.0,99.0,115.0,159.0,211.0,227.0,269.0,311.0,313.0,365.0,370.0,462.0,466.0,477.0,508.0,515.0,585.0,647.0,666.0,694.0,735.0,775.0,787.0,889.0,896.0,916.0,947.0,973.0,987.0,994.0,
29.0,50.0,70.0,84.0,166.0,167.0,190.0,232.0,233.0,249.0,283.0,292.0,307.0,322.0,355.0,361.0,434.0,434.0,471.0,502.0,537.0,538.0,555.0,577.0,598.0,599.0,631.0,694.0,702.0,715.0,729.0,733.0,849.0,853.0,881.0,883.0,886.0,890.0,901.0,932.0,941.0,
4.0,12.0,44.0,56.0,72.0,98.0,106.0,107.0,114.0,125.0,139.0,184.0,219.0,235.0,263.0,301.0,356.0,362.0,364.0,387.0,397.0,445.0,490.0,498.0,499.0,538.0,586.0,601.0,606.0,624.0,686.0,689.0,725.0,730.0,736.0,778.0,779.0,795.0,796.0,802.0,827.0,856.0,868.0,875.0,892.0,906.0,937.0,943.0,958.0,970.0,985.0,998.0,
