70.0,75.0,152.0,218.0,242.0,246.0,285.0,304.0,358.0,379.0,387.0,453.0,473.0,473.0,497.0,518.0,528.0,531.0,563.0,590.0,598.0,601.0,618.0,642.0,656.0,668.0,673.0,738.0,751.0,761.0,766.0,792.0,811.0,834.0,854.0,879.0,917.0,930.0,971.0,975.0,
6.0,55.0,74.0,103.0,172.0,185.0,253.0,267.0,273.0,275.0,292.0,308.0,320.0,387.0,390.0,425.0,430.0,441.0,498.0,511.0,536.0,564.0,569.0,656.0,662.0,768.0,782.0,834.0,935.0,992.0,
12.0,21.0,31.0,31.0,35.0,37.0,114.0,127.0,134.0,141.0,145.0,147.0,166.0,189.0,211.0,222.0,243.0,299.0,332.0,374.0,394.0,409.0,434.0,577.0,596.0,604.0,634.0,652.0,655.0,655.0,657.0,671.0,683.0,738.0,750.0,770.0,782.0,790.0,800.0,831.0,868.0,887.0,967.0,973.0,974.0,999.0,
36.0,92.0,95.0,140.0,173.0,173.0,187.0,193.0,306.0,334.0,336.0,336.0,352.0,359.0,360.0,374.0,400.0,409.0,450.0,455.0,464.0,497.0,504.0,514.0,527.0,549.0,555.0,560.0,580.0,594.0,605.0,620.0,629.0,679.0,682.0,704.0,705.0,713.0,747.0,763.0,812.0,866.0,904.0,916.0,978.0,995.0,
3.0,16.0,18.0,70.0,101.0,122.0,134.0,136.0,193.0,237.0,270.0,288.0,338.0,418.0,483.0,537.0,580.0,582.0,596.0,603.0,604.0,613.0,616.0,662.0,662.0,672.0,678.0,734.0,740.0,769.0,770.0,793.0,796.0,830.0,830.0,841.0,846.0,871.0,900.0,911.0,957.0,989.0,
2.0,9.0,13.0,62.0,112.0,185.0,190.0,206.0,269.0,270.0,302.0,306.0,525.0,547.0,556.0,576.0,641.0,665.0,672.0,675.0,683.0,697.0,715.0,744.0,769.0,779.0,811.0,839.0,846.0,886.0,892.0,
23.0,35.0,80.0,100.0,110.0,112.0,121.0,135.0,166.0,177.0,190.0,210.0,260.0,262.0,286.0,297.0,331.0,338.0,368.0,395.0,422.0,437.0,437.0,488.0,506.0,527.0,541.0,544.0,567.0,580.0,605.0,634.0,713.0,766.0,777.0,807.0,881.0,970.0,981.0,
130.0,159.0,176.0,187.0,218.0,236.0,238.0,253.0,272.0,281.0,291.0,303.0,336.0,344.0,351.0,388.0,395.0,456.0,459.0,461.0,462.0,465.0,489.0,538.0,567.0,583.0,635.0,687.0,695.0,726.0,789.0,795.0,807.0,819.0,842.0,857.0,872.0,897.0,920.0,981.0,988.0,995.0,
5.0,20.0,147.0,148.0,215.0,216.0,248.0,270.0,278.0,282.0,330.0,332.0,345.0,355.0,392.0,416.0,417.0,443.0,461.0,485.0,485.0,545.0,549.0,604.0,620.0,791.0,804.0,805.0,815.0,836.0,847.0,895.0,909.0,925.0,959.0,
38.0,79.0,90.0,133.0,138.0,197.0,250.0,254.0,286.0,351.0,352.0,432.0,466.0,514.0,523.0,529.0,601.0,650.0,687.0,689.0,709.0,800.0,803.0,818.0,841.0,857.0,875.0,898.0,911.0,949.0,
7.0,82.0,90.0,101.0,119.0,142.0,163.0,178.0,183.0,228.0,292.0,302.0,318.0,422.0,463.0,463.0,485.0,499.0,511.0,514.0,628.0,648.0,664.0,708.0,863.0,868.0,883.0,961.0,
34.0,42.0,47.0,48.0,57.0,104.0,131.0,147.0,266.0,271.0,274.0,291.0,304.0,340.0,372.0,409.0,421.0,453.0,455.0,456.0,465.0,477.0,478.0,481.0,502.0,505.0,520.0,541.0,594.0,596.0,620.0,638.0,668.0,739.0,791.0,793.0,802.0,807.0,854.0,864.0,872.0,875.0,881.0,881.0,915.0,923.0,942.0,951.0,958.0,958.0,1000.0,
66.0,131.0,163.0,196.0,240.0,286.0,321.0,348.0,388.0,410.0,465.0,496.0,552.0,586.0,657.0,658.0,664.0,706.0,711.0,815.0,924.0,944.0,951.0,959.0,977.0,997.0,
60.0,79.0,96.0,112.0,116.0,121.0,164.0,168.0,191.0,358.0,367.0,393.0,404.0,407.0,429.0,452.0,454.0,474.0,507.0,557.0,562.0,618.0,627.0,629.0,639.0,691.0,705.0,754.0,797.0,843.0,844.0,850.0,908.0,938.0,966.0,969.0,980.0,981.0,987.0,996.0,
4.0,25.0,26.0,55.0,78.0,79.0,137.0,140.0,244.0,251.0,252.0,266.0,302.0,374.0,403.0,432.0,435.0,519.0,528.0,546.0,569.0,584.0,584.0,588.0,612.0,622.0,634.0,674.0,689.0,693.0,699.0,832.0,851.0,925.0,945.0,972.0,
41.0,53.0,76.0,83.0,91.0,121.0,121.0,150.0,207.0,208.0,219.0,279.0,347.0,359.0,378.0,529.0,536.0,603.0,619.0,659.0,672.0,682.0,758.0,806.0,862.0,878.0,895.0,924.0,924.0,929.0,977.0,
5.0,8.0,275.0,314.0,335.0,362.0,368.0,391.0,415.0,444.0,445.0,521.0,530.0,547.0,548.0,583.0,608.0,697.0,745.0,755.0,786.0,786.0,835.0,847.0,933.0,942.0,968.0,
7.0,41.0,107.0,109.0,151.0,179.0,219.0,285.0,309.0,323.0,347.0,354.0,447.0,490.0,507.0,526.0,546.0,547.0,551.0,563.0,567.0,571.0,630.0,639.0,678.0,684.0,698.0,717.0,726.0,748.0,776.0,831.0,842.0,863.0,952.0,955.0,
52.0,77.0,167.0,186.0,201.0,201.0,206.0,212.0,214.0,277.0,381.0,401.0,457.0,469.0,482.0,485.0,492.0,496.0,520.0,551.0,557.0,590.0,649.0,659.0,662.0,719.0,755.0,809.0,884.0,907.0,922.0,952.0,970.0,976.0,
62.0,99.0,104.0,133.0,161.0,212.0,254.0,258.0,281.0,347.0,367.0,423.0,425.0,453.0,461.0,468.0,497.0,555.0,562.0,563.0,587.0,617.0,640.0,640.0,650.0,712.0,772.0,805.0,817.0,824.0,834.0,842.0,918.0,943.0,948.0,
50.0,84.0,235.0,305.0,344.0,353.0,370.0,389.0,426.0,430.0,448.0,476.0,488.0,488.0,492.0,534.0,571.0,583.0,620.0,624.0,689.0,732.0,776.0,788.0,851.0,892.0,915.0,925.0,972.0,978.0,
9.0,33.0,102.0,123.0,136.0,147.0,173.0,179.0,180.0,323.0,324.0,328.0,339.0,368.0,375.0,410.0,465.0,488.0,518.0,546.0,640.0,656.0,735.0,751.0,755.0,759.0,770.0,783.0,813.0,825.0,837.0,841.0,846.0,854.0,894.0,918.0,947.0,977.0,978.0,992.0,
84.0,86.0,91.0,120.0,128.0,253.0,258.0,265.0,270.0,273.0,290.0,312.0,331.0,372.0,373.0,403.0,416.0,442.0,476.0,487.0,533.0,543.0,555.0,581.0,603.0,614.0,662.0,663.0,670.0,670.0,687.0,694.0,758.0,767.0,781.0,853.0,860.0,877.0,884.0,933.0,975.0,994.0,
17.0,40.0,67.0,84.0,91.0,146.0,197.0,283.0,285.0,329.0,337.0,366.0,367.0,373.0,391.0,393.0,401.0,421.0,442.0,485.0,501.0,535.0,560.0,702.0,713.0,740.0,753.0,772.0,784.0,886.0,900.0,934.0,940.0,962.0,
2.0,76.0,87.0,104.0,146.0,162.0,181.0,184.0,220.0,227.0,259.0,267.0,302.0,357.0,368.0,373.0,392.0,445.0,448.0,454.0,488.0,544.0,552.0,572.0,626.0,641.0,654.0,655.0,690.0,747.0,787.0,788.0,
26.0,48.0,73.0,163.0,179.0,188.0,201.0,220.0,232.0,246.0,263.0,276.0,314.0,403.0,409.0,432.0,473.0,517.0,540.0,672.0,692.0,700.0,726.0,757.0,827.0,867.0,895.0,913.0,947.0,
74.0,103.0,171.0,211.0,232.0,242.0,254.0,318.0,323.0,324.0,381.0,381.0,415.0,425.0,473.0,473.0,480.0,480.0,489.0,537.0,629.0,634.0,781.0,790.0,793.0,843.0,866.0,910.0,932.0,
65.0,69.0,74.0,85.0,136.0,208.0,226.0,235.0,272.0,328.0,358.0,401.0,419.0,423.0,425.0,427.0,492.0,555.0,560.0,572.0,624.0,707.0,732.0,740.0,741.0,744.0,755.0,757.0,770.0,779.0,813.0,828.0,874.0,899.0,928.0,
22.0,99.0,129.0,162.0,206.0,214.0,236.0,270.0,272.0,273.0,332.0,335.0,387.0,393.0,408.0,445.0,460.0,461.0,471.0,474.0,489.0,520.0,630.0,656.0,810.0,832.0,857.0,868.0,962.0,
11.0,70.0,71.0,146.0,158.0,180.0,280.0,283.0,297.0,302.0,308.0,315.0,334.0,384.0,422.0,449.0,502.0,568.0,594.0,601.0,609.0,609.0,614.0,616.0,654.0,660.0,674.0,736.0,789.0,806.0,812.0,817.0,832.0,866.0,891.0,912.0,974.0,987.0,
2.0,33.0,36.0,37.0,69.0,87.0,143.0,158.0,209.0,215.0,267.0,294.0,314.0,326.0,384.0,418.0,452.0,454.0,489.0,550.0,587.0,595.0,627.0,628.0,721.0,753.0,768.0,791.0,825.0,921.0,938.0,986.0,999.0,1000.0,
12.0,46.0,82.0,89.0,101.0,132.0,132.0,186.0,194.0,221.0,248.0,268.0,286.0,288.0,291.0,304.0,309.0,323.0,365.0,392.0,514.0,518.0,533.0,553.0,571.0,592.0,602.0,605.0,701.0,725.0,731.0,748.0,753.0,757.0,787.0,791.0,854.0,905.0,919.0,937.0,957.0,
3.0,26.0,32.0,44.0,55.0,148.0,156.0,182.0,215.0,220.0,274.0,280.0,299.0,339.0,355.0,361.0,387.0,391.0,395.0,399.0,446.0,488.0,540.0,568.0,576.0,629.0,633.0,661.0,704.0,724.0,744.0,765.0,792.0,841.0,946.0,982.0,
8.0,26.0,65.0,80.0,84.0,147.0,188.0,200.0,236.0,257.0,287.0,293.0,295.0,313.0,355.0,423.0,443.0,480.0,481.0,481.0,491.0,511.0,547.0,594.0,672.0,674.0,697.0,702.0,723.0,746.0,762.0,767.0,772.0,838.0,848.0,878.0,
81.0,113.0,197.0,221.0,231.0,323.0,336.0,398.0,430.0,436.0,456.0,471.0,535.0,541.0,546.0,550.0,550.0,561.0,571.0,572.0,577.0,602.0,606.0,614.0,625.0,639.0,649.0,662.0,674.0,684.0,692.0,695.0,717.0,725.0,742.0,767.0,770.0,794.0,811.0,814.0,832.0,839.0,851.0,854.0,857.0,893.0,896.0,896.0,943.0,990.0,
19.0,48.0,63.0,87.0,89.0,94.0,145.0,206.0,207.0,231.0,275.0,302.0,336.0,353.0,376.0,379.0,383.0,415.0,438.0,444.0,464.0,471.0,499.0,503.0,513.0,519.0,524.0,525.0,537.0,537.0,538.0,541.0,551.0,560.0,565.0,572.0,580.0,596.0,604.0,606.0,613.0,616.0,631.0,632.0,641.0,650.0,652.0,652.0,658.0,658.0,675.0,681.0,689.0,715.0,721.0,729.0,738.0,777.0,788.0,802.0,816.0,824.0,857.0,867.0,877.0,918.0,977.0,
21.0,51.0,114.0,153.0,167.0,185.0,196.0,249.0,370.0,373.0,444.0,481.0,486.0,501.0,510.0,515.0,526.0,539.0,543.0,546.0,547.0,559.0,563.0,565.0,569.0,582.0,588.0,591.0,596.0,596.0,629.0,642.0,642.0,653.0,666.0,684.0,706.0,728.0,753.0,759.0,766.0,800.0,813.0,923.0,945.0,946.0,960.0,962.0,986.0,
47.0,52.0,82.0,82.0,113.0,141.0,176.0,185.0,193.0,194.0,251.0,269.0,270.0,274.0,347.0,356.0,361.0,381.0,385.0,393.0,406.0,411.0,444.0,466.0,473.0,536.0,606.0,658.0,670.0,696.0,786.0,790.0,795.0,851.0,858.0,923.0,936.0,996.0,
62.0,79.0,80.0,90.0,126.0,155.0,218.0,242.0,396.0,402.0,470.0,478.0,480.0,563.0,720.0,783.0,808.0,831.0,982.0,999.0,
23.0,32.0,34.0,54.0,74.0,82.0,90.0,112.0,128.0,128.0,144.0,151.0,153.0,154.0,193.0,244.0,274.0,290.0,297.0,413.0,422.0,431.0,455.0,479.0,530.0,625.0,674.0,686.0,699.0,705.0,706.0,731.0,766.0,782.0,824.0,891.0,898.0,909.0,920.0,947.0,978.0,
31.0,41.0,73.0,105.0,120.0,140.0,198.0,204.0,213.0,280.0,300.0,317.0,333.0,398.0,489.0,502.0,516.0,539.0,560.0,567.0,644.0,654.0,697.0,704.0,708.0,741.0,756.0,791.0,823.0,876.0,905.0,909.0,955.0,956.0,972.0,981.0,
7.0,40.0,44.0,52.0,68.0,108.0,115.0,117.0,158.0,219.0,319.0,323.0,332.0,364.0,405.0,430.0,478.0,481.0,525.0,553.0,561.0,597.0,602.0,603.0,633.0,644.0,667.0,671.0,716.0,721.0,725.0,758.0,772.0,843.0,858.0,883.0,934.0,963.0,986.0,
21.0,28.0,71.0,123.0,191.0,252.0,253.0,254.0,272.0,300.0,315.0,380.0,457.0,458.0,497.0,503.0,505.0,511.0,529.0,535.0,535.0,547.0,611.0,632.0,667.0,699.0,714.0,845.0,855.0,881.0,882.0,927.0,956.0,
30.0,52.0,61.0,80.0,88.0,116.0,121.0,177.0,191.0,205.0,276.0,281.0,325.0,329.0,408.0,488.0,515.0,522.0,525.0,535.0,543.0,558.0,565.0,567.0,571.0,579.0,617.0,626.0,649.0,650.0,660.0,672.0,676.0,749.0,761.0,789.0,824.0,883.0,896.0,896.0,907.0,908.0,912.0,939.0,968.0,996.0,
22.0,32.0,65.0,119.0,167.0,210.0,285.0,421.0,434.0,444.0,481.0,510.0,514.0,520.0,524.0,531.0,533.0,534.0,534.0,540.0,554.0,556.0,564.0,568.0,568.0,582.0,583.0,584.0,593.0,593.0,595.0,598.0,604.0,616.0,626.0,629.0,630.0,632.0,644.0,645.0,653.0,654.0,656.0,659.0,665.0,666.0,677.0,677.0,677.0,678.0,679.0,680.0,685.0,691.0,693.0,726.0,731.0,735.0,737.0,742.0,770.0,778.0,795.0,811.0,828.0,834.0,838.0,848.0,854.0,867.0,873.0,876.0,903.0,906.0,935.0,938.0,953.0,959.0,959.0,
35.0,51.0,57.0,86.0,87.0,95.0,100.0,120.0,130.0,222.0,256.0,279.0,315.0,319.0,377.0,414.0,421.0,461.0,493.0,517.0,529.0,530.0,531.0,531.0,538.0,547.0,550.0,555.0,559.0,559.0,563.0,566.0,578.0,592.0,603.0,606.0,625.0,641.0,649.0,664.0,668.0,674.0,679.0,687.0,714.0,714.0,716.0,725.0,795.0,797.0,805.0,824.0,841.0,879.0,901.0,912.0,928.0,932.0,942.0,973.0,982.0,983.0,985.0,991.0,994.0,
6.0,9.0,12.0,28.0,31.0,104.0,133.0,158.0,166.0,222.0,245.0,295.0,323.0,375.0,389.0,389.0,433.0,441.0,445.0,484.0,505.0,518.0,525.0,529.0,534.0,534.0,540.0,544.0,547.0,551.0,555.0,557.0,561.0,564.0,567.0,571.0,578.0,585.0,586.0,609.0,610.0,615.0,632.0,638.0,651.0,652.0,668.0,687.0,689.0,690.0,691.0,715.0,727.0,743.0,751.0,757.0,766.0,770.0,787.0,795.0,801.0,806.0,833.0,843.0,851.0,870.0,875.0,878.0,890.0,893.0,900.0,938.0,942.0,967.0,973.0,977.0,
12.0,18.0,56.0,76.0,105.0,142.0,149.0,155.0,165.0,231.0,253.0,326.0,452.0,456.0,498.0,507.0,513.0,549.0,550.0,553.0,553.0,553.0,554.0,566.0,578.0,582.0,583.0,588.0,624.0,627.0,639.0,645.0,656.0,657.0,664.0,667.0,672.0,680.0,695.0,700.0,725.0,733.0,738.0,742.0,753.0,754.0,755.0,762.0,790.0,803.0,809.0,817.0,895.0,916.0,922.0,923.0,924.0,931.0,935.0,942.0,953.0,958.0,997.0,
5.0,44.0,45.0,85.0,99.0,146.0,149.0,238.0,271.0,275.0,374.0,394.0,460.0,463.0,494.0,514.0,528.0,597.0,714.0,757.0,830.0,873.0,886.0,888.0,905.0,934.0,967.0,994.0,
38.0,53.0,64.0,68.0,79.0,137.0,137.0,150.0,155.0,183.0,189.0,193.0,237.0,369.0,380.0,417.0,421.0,422.0,432.0,466.0,499.0,499.0,506.0,525.0,529.0,533.0,544.0,576.0,577.0,581.0,615.0,653.0,736.0,889.0,895.0,910.0,960.0,977.0,
6.0,16.0,79.0,103.0,111.0,131.0,171.0,182.0,234.0,241.0,252.0,266.0,285.0,340.0,391.0,408.0,416.0,422.0,429.0,443.0,494.0,608.0,616.0,643.0,644.0,702.0,702.0,706.0,775.0,814.0,820.0,836.0,859.0,950.0,966.0,976.0,989.0,1000.0,
21.0,25.0,33.0,71.0,122.0,127.0,180.0,183.0,199.0,229.0,262.0,263.0,269.0,308.0,308.0,316.0,330.0,341.0,356.0,373.0,378.0,387.0,391.0,406.0,420.0,456.0,533.0,605.0,663.0,684.0,692.0,709.0,711.0,729.0,762.0,764.0,857.0,898.0,943.0,
15.0,21.0,79.0,105.0,107.0,120.0,140.0,306.0,311.0,360.0,402.0,418.0,472.0,488.0,501.0,543.0,708.0,714.0,799.0,813.0,918.0,958.0,984.0,989.0,999.0,
2.0,4.0,32.0,63.0,63.0,87.0,149.0,160.0,172.0,181.0,182.0,227.0,235.0,237.0,278.0,312.0,326.0,336.0,350.0,366.0,367.0,396.0,449.0,486.0,523.0,529.0,530.0,531.0,532.0,543.0,544.0,545.0,551.0,558.0,564.0,565.0,571.0,572.0,572.0,577.0,578.0,604.0,606.0,608.0,626.0,627.0,651.0,652.0,664.0,673.0,678.0,684.0,686.0,710.0,735.0,742.0,756.0,772.0,776.0,789.0,793.0,798.0,805.0,809.0,847.0,847.0,852.0,863.0,882.0,887.0,912.0,918.0,936.0,945.0,948.0,959.0,966.0,
91.0,107.0,115.0,127.0,136.0,167.0,211.0,265.0,276.0,285.0,315.0,317.0,345.0,355.0,362.0,389.0,438.0,447.0,463.0,474.0,504.0,509.0,518.0,518.0,520.0,522.0,539.0,543.0,547.0,551.0,553.0,557.0,561.0,569.0,574.0,583.0,587.0,591.0,598.0,599.0,606.0,611.0,616.0,634.0,638.0,658.0,671.0,687.0,688.0,698.0,698.0,705.0,713.0,734.0,761.0,765.0,776.0,779.0,803.0,811.0,814.0,819.0,825.0,840.0,866.0,883.0,916.0,925.0,928.0,952.0,982.0,
29.0,64.0,67.0,89.0,90.0,98.0,100.0,120.0,139.0,163.0,178.0,185.0,200.0,207.0,273.0,312.0,323.0,362.0,395.0,406.0,415.0,420.0,452.0,491.0,512.0,520.0,524.0,530.0,535.0,542.0,547.0,551.0,558.0,562.0,564.0,570.0,572.0,574.0,581.0,581.0,585.0,586.0,590.0,591.0,595.0,604.0,630.0,657.0,662.0,686.0,704.0,710.0,713.0,731.0,754.0,790.0,801.0,816.0,819.0,823.0,825.0,844.0,846.0,850.0,863.0,863.0,868.0,886.0,933.0,939.0,971.0,975.0,999.0,
25.0,51.0,94.0,95.0,136.0,192.0,198.0,235.0,238.0,244.0,250.0,250.0,253.0,272.0,273.0,288.0,304.0,321.0,337.0,345.0,360.0,369.0,400.0,418.0,517.0,527.0,531.0,532.0,534.0,538.0,540.0,544.0,545.0,546.0,548.0,548.0,550.0,552.0,560.0,561.0,563.0,569.0,580.0,596.0,599.0,600.0,603.0,610.0,613.0,624.0,647.0,677.0,709.0,735.0,764.0,797.0,800.0,804.0,808.0,829.0,854.0,893.0,896.0,924.0,924.0,956.0,962.0,964.0,970.0,971.0,973.0,989.0,999.0,
17.0,137.0,180.0,182.0,249.0,260.0,281.0,384.0,428.0,486.0,511.0,515.0,522.0,527.0,528.0,534.0,535.0,538.0,540.0,544.0,549.0,557.0,561.0,562.0,567.0,573.0,573.0,573.0,575.0,576.0,579.0,581.0,596.0,598.0,604.0,604.0,606.0,608.0,618.0,651.0,658.0,662.0,669.0,673.0,681.0,686.0,688.0,711.0,712.0,757.0,757.0,777.0,783.0,785.0,807.0,825.0,828.0,831.0,838.0,838.0,840.0,862.0,872.0,872.0,876.0,879.0,888.0,892.0,913.0,916.0,916.0,922.0,937.0,945.0,955.0,968.0,
55.0,70.0,93.0,167.0,216.0,280.0,348.0,388.0,389.0,414.0,427.0,453.0,507.0,540.0,565.0,591.0,619.0,629.0,632.0,710.0,752.0,786.0,789.0,827.0,845.0,918.0,958.0,
15.0,21.0,35.0,41.0,43.0,99.0,139.0,180.0,197.0,235.0,241.0,384.0,408.0,429.0,464.0,469.0,487.0,504.0,567.0,611.0,631.0,668.0,682.0,687.0,693.0,701.0,739.0,766.0,770.0,774.0,793.0,841.0,882.0,914.0,936.0,941.0,955.0,958.0,988.0,994.0,
36.0,45.0,47.0,82.0,90.0,105.0,147.0,157.0,159.0,164.0,213.0,225.0,229.0,243.0,267.0,328.0,355.0,371.0,424.0,475.0,491.0,525.0,528.0,554.0,573.0,684.0,697.0,707.0,708.0,759.0,763.0,773.0,778.0,789.0,823.0,884.0,934.0,967.0,
5.0,14.0,22.0,115.0,149.0,173.0,191.0,240.0,282.0,293.0,329.0,331.0,361.0,362.0,428.0,462.0,481.0,488.0,513.0,518.0,541.0,650.0,663.0,727.0,738.0,882.0,891.0,900.0,918.0,924.0,948.0,963.0,976.0,
34.0,58.0,71.0,117.0,150.0,226.0,345.0,410.0,443.0,445.0,472.0,507.0,569.0,640.0,667.0,713.0,773.0,797.0,832.0,840.0,861.0,875.0,888.0,921.0,928.0,972.0,
7.0,61.0,89.0,95.0,99.0,104.0,141.0,163.0,216.0,252.0,299.0,337.0,361.0,362.0,368.0,386.0,393.0,414.0,421.0,425.0,446.0,474.0,491.0,495.0,500.0,515.0,523.0,547.0,557.0,560.0,560.0,562.0,565.0,579.0,595.0,628.0,634.0,638.0,649.0,674.0,684.0,702.0,703.0,709.0,711.0,711.0,740.0,766.0,771.0,779.0,822.0,837.0,847.0,876.0,900.0,926.0,942.0,967.0,969.0,972.0,979.0,983.0,998.0,
58.0,76.0,98.0,98.0,115.0,119.0,126.0,140.0,177.0,189.0,234.0,239.0,265.0,273.0,278.0,301.0,316.0,319.0,324.0,329.0,332.0,338.0,372.0,419.0,453.0,463.0,470.0,484.0,489.0,492.0,519.0,525.0,526.0,536.0,539.0,543.0,546.0,551.0,552.0,558.0,558.0,560.0,565.0,576.0,594.0,595.0,595.0,599.0,600.0,602.0,602.0,607.0,619.0,628.0,636.0,638.0,663.0,666.0,666.0,696.0,697.0,698.0,708.0,725.0,731.0,744.0,761.0,786.0,797.0,807.0,814.0,837.0,846.0,854.0,855.0,861.0,881.0,929.0,937.0,944.0,977.0,981.0,
53.0,146.0,261.0,271.0,334.0,357.0,363.0,386.0,394.0,437.0,466.0,484.0,494.0,509.0,525.0,526.0,532.0,533.0,538.0,540.0,544.0,544.0,545.0,547.0,549.0,553.0,553.0,557.0,557.0,563.0,564.0,574.0,580.0,583.0,603.0,611.0,612.0,614.0,616.0,626.0,648.0,660.0,670.0,673.0,675.0,682.0,691.0,692.0,696.0,700.0,710.0,713.0,730.0,733.0,743.0,756.0,758.0,763.0,766.0,790.0,794.0,796.0,799.0,807.0,810.0,811.0,812.0,850.0,852.0,872.0,882.0,886.0,905.0,907.0,955.0,
20.0,35.0,49.0,133.0,153.0,205.0,214.0,242.0,260.0,278.0,321.0,371.0,419.0,431.0,469.0,470.0,503.0,522.0,522.0,524.0,524.0,525.0,531.0,538.0,539.0,548.0,550.0,552.0,554.0,560.0,564.0,567.0,588.0,593.0,602.0,606.0,621.0,625.0,638.0,654.0,656.0,668.0,669.0,669.0,670.0,673.0,693.0,700.0,702.0,715.0,722.0,734.0,761.0,788.0,791.0,812.0,814.0,817.0,840.0,892.0,899.0,933.0,951.0,964.0,983.0,992.0,
12.0,82.0,88.0,94.0,121.0,155.0,161.0,184.0,191.0,207.0,232.0,251.0,277.0,309.0,318.0,357.0,366.0,387.0,416.0,448.0,467.0,522.0,525.0,543.0,552.0,552.0,579.0,579.0,591.0,596.0,607.0,613.0,620.0,634.0,634.0,681.0,711.0,713.0,744.0,753.0,755.0,759.0,807.0,829.0,837.0,839.0,839.0,839.0,885.0,907.0,924.0,950.0,955.0,975.0,986.0,992.0,992.0,
14.0,40.0,83.0,173.0,174.0,201.0,204.0,269.0,284.0,320.0,333.0,389.0,432.0,514.0,522.0,539.0,554.0,587.0,605.0,616.0,641.0,741.0,747.0,782.0,837.0,920.0,
3.0,11.0,16.0,20.0,38.0,56.0,74.0,228.0,231.0,311.0,351.0,426.0,461.0,466.0,501.0,515.0,527.0,533.0,533.0,567.0,617.0,640.0,643.0,698.0,709.0,741.0,790.0,837.0,857.0,908.0,937.0,940.0,953.0,
63.0,79.0,83.0,103.0,167.0,170.0,180.0,182.0,225.0,241.0,273.0,319.0,332.0,370.0,441.0,476.0,551.0,576.0,594.0,622.0,625.0,680.0,683.0,703.0,753.0,775.0,805.0,829.0,945.0,978.0,
30.0,54.0,60.0,60.0,95.0,104.0,125.0,135.0,207.0,221.0,227.0,271.0,340.0,372.0,390.0,411.0,425.0,451.0,468.0,528.0,540.0,547.0,583.0,590.0,591.0,753.0,774.0,792.0,812.0,844.0,845.0,855.0,940.0,972.0,993.0,
10.0,35.0,57.0,70.0,71.0,115.0,149.0,164.0,210.0,214.0,228.0,230.0,256.0,326.0,340.0,379.0,392.0,424.0,449.0,452.0,467.0,468.0,470.0,503.0,507.0,522.0,536.0,615.0,637.0,638.0,645.0,679.0,705.0,809.0,867.0,889.0,905.0,929.0,953.0,
39.0,110.0,115.0,119.0,184.0,227.0,243.0,277.0,317.0,346.0,370.0,441.0,454.0,515.0,520.0,536.0,550.0,564.0,712.0,805.0,808.0,915.0,926.0,944.0,
19.0,31.0,36.0,50.0,62.0,80.0,83.0,93.0,137.0,230.0,310.0,323.0,398.0,399.0,401.0,458.0,477.0,477.0,499.0,509.0,522.0,523.0,531.0,536.0,543.0,544.0,557.0,559.0,566.0,579.0,580.0,599.0,599.0,637.0,645.0,678.0,682.0,697.0,724.0,735.0,743.0,762.0,796.0,818.0,821.0,825.0,847.0,860.0,862.0,889.0,918.0,925.0,967.0,971.0,976.0,988.0,991.0,997.0,
3.0,17.0,23.0,25.0,38.0,52.0,62.0,76.0,97.0,179.0,198.0,206.0,280.0,285.0,295.0,302.0,372.0,434.0,446.0,467.0,496.0,518.0,523.0,532.0,536.0,545.0,551.0,556.0,559.0,576.0,587.0,587.0,588.0,596.0,600.0,647.0,680.0,697.0,702.0,724.0,730.0,741.0,777.0,783.0,809.0,809.0,820.0,854.0,859.0,863.0,899.0,942.0,950.0,955.0,969.0,981.0,983.0,988.0,990.0,
69.0,121.0,186.0,201.0,205.0,211.0,327.0,351.0,352.0,364.0,370.0,385.0,405.0,407.0,468.0,484.0,490.0,493.0,513.0,524.0,530.0,538.0,548.0,577.0,585.0,593.0,623.0,623.0,624.0,625.0,647.0,668.0,672.0,673.0,685.0,687.0,693.0,726.0,729.0,730.0,765.0,778.0,785.0,787.0,862.0,868.0,911.0,934.0,935.0,948.0,991.0,
45.0,49.0,55.0,80.0,81.0,92.0,102.0,145.0,154.0,209.0,339.0,352.0,366.0,430.0,431.0,451.0,526.0,537.0,549.0,565.0,574.0,591.0,602.0,644.0,657.0,684.0,707.0,746.0,780.0,805.0,809.0,813.0,
29.0,90.0,151.0,170.0,210.0,212.0,236.0,274.0,318.0,337.0,345.0,351.0,368.0,368.0,408.0,411.0,458.0,474.0,491.0,494.0,538.0,573.0,605.0,660.0,670.0,694.0,769.0,853.0,868.0,922.0,974.0,
24.0,31.0,33.0,86.0,128.0,219.0,270.0,291.0,340.0,345.0,364.0,367.0,390.0,392.0,465.0,480.0,519.0,520.0,558.0,590.0,601.0,602.0,640.0,700.0,701.0,707.0,739.0,750.0,826.0,890.0,895.0,940.0,
128.0,178.0,215.0,268.0,294.0,391.0,400.0,451.0,456.0,460.0,519.0,529.0,579.0,600.0,601.0,650.0,693.0,731.0,740.0,800.0,806.0,842.0,850.0,920.0,991.0,
15.0,73.0,111.0,113.0,173.0,179.0,224.0,260.0,285.0,292.0,306.0,308.0,311.0,338.0,353.0,371.0,371.0,381.0,407.0,408.0,439.0,512.0,582.0,610.0,619.0,680.0,694.0,700.0,710.0,717.0,730.0,820.0,834.0,860.0,898.0,942.0,963.0,
29.0,149.0,154.0,173.0,207.0,209.0,210.0,238.0,273.0,300.0,324.0,360.0,386.0,396.0,401.0,409.0,433.0,434.0,452.0,479.0,488.0,516.0,518.0,551.0,566.0,569.0,602.0,641.0,642.0,714.0,729.0,761.0,764.0,781.0,818.0,882.0,882.0,889.0,893.0,964.0,977.0,
49.0,82.0,112.0,148.0,192.0,200.0,203.0,219.0,239.0,248.0,306.0,389.0,401.0,409.0,425.0,472.0,473.0,539.0,565.0,604.0,614.0,687.0,690.0,699.0,712.0,730.0,735.0,786.0,817.0,836.0,864.0,899.0,919.0,928.0,951.0,952.0,969.0,
2.0,13.0,37.0,75.0,80.0,86.0,102.0,110.0,191.0,195.0,215.0,221.0,268.0,305.0,305.0,313.0,322.0,325.0,339.0,340.0,358.0,367.0,370.0,385.0,515.0,516.0,524.0,531.0,544.0,556.0,561.0,569.0,570.0,591.0,594.0,600.0,646.0,660.0,697.0,769.0,779.0,827.0,864.0,886.0,
12.0,26.0,78.0,92.0,174.0,180.0,197.0,209.0,214.0,216.0,284.0,355.0,384.0,397.0,425.0,431.0,436.0,453.0,519.0,520.0,535.0,549.0,591.0,833.0,902.0,954.0,992.0,
6.0,14.0,65.0,71.0,85.0,113.0,120.0,204.0,233.0,263.0,281.0,288.0,313.0,360.0,364.0,368.0,374.0,387.0,437.0,447.0,459.0,464.0,613.0,627.0,706.0,706.0,781.0,790.0,838.0,858.0,874.0,879.0,981.0,
37.0,43.0,72.0,145.0,147.0,196.0,232.0,242.0,265.0,268.0,334.0,370.0,445.0,480.0,517.0,522.0,621.0,662.0,680.0,815.0,848.0,922.0,
54.0,74.0,90.0,92.0,154.0,156.0,158.0,191.0,221.0,241.0,289.0,298.0,327.0,374.0,408.0,416.0,454.0,470.0,488.0,546.0,552.0,625.0,630.0,672.0,678.0,684.0,688.0,701.0,725.0,765.0,767.0,779.0,782.0,827.0,828.0,853.0,877.0,896.0,913.0,961.0,
31.0,121.0,158.0,217.0,248.0,248.0,259.0,296.0,332.0,334.0,392.0,394.0,400.0,408.0,473.0,508.0,518.0,522.0,545.0,553.0,562.0,592.0,631.0,647.0,664.0,695.0,702.0,705.0,714.0,716.0,812.0,855.0,981.0,993.0,
8.0,27.0,62.0,93.0,94.0,102.0,110.0,182.0,184.0,217.0,252.0,265.0,310.0,330.0,332.0,446.0,481.0,484.0,528.0,533.0,536.0,542.0,561.0,588.0,630.0,676.0,679.0,737.0,742.0,791.0,804.0,818.0,861.0,879.0,899.0,972.0,
41.0,97.0,135.0,157.0,170.0,189.0,222.0,226.0,235.0,238.0,264.0,311.0,409.0,458.0,469.0,516.0,544.0,560.0,613.0,673.0,704.0,706.0,708.0,730.0,755.0,789.0,834.0,861.0,960.0,996.0,
132.0,213.0,254.0,280.0,283.0,316.0,369.0,386.0,498.0,503.0,508.0,513.0,569.0,611.0,613.0,660.0,724.0,787.0,875.0,953.0,954.0,963.0,981.0,
2.0,7.0,32.0,82.0,153.0,208.0,208.0,214.0,236.0,267.0,294.0,392.0,435.0,458.0,496.0,497.0,524.0,548.0,555.0,577.0,623.0,732.0,909.0,954.0,962.0,963.0,
39.0,72.0,92.0,104.0,125.0,126.0,158.0,163.0,170.0,179.0,264.0,266.0,289.0,309.0,312.0,334.0,435.0,453.0,460.0,461.0,465.0,469.0,470.0,569.0,609.0,669.0,757.0,774.0,776.0,777.0,852.0,867.0,907.0,918.0,932.0,987.0,
6.0,47.0,92.0,117.0,187.0,188.0,198.0,214.0,222.0,232.0,244.0,248.0,253.0,259.0,267.0,278.0,286.0,286.0,347.0,425.0,434.0,456.0,474.0,500.0,548.0,558.0,593.0,640.0,687.0,688.0,694.0,695.0,730.0,770.0,789.0,800.0,805.0,844.0,858.0,863.0,891.0,918.0,925.0,969.0,
2.0,9.0,57.0,129.0,158.0,197.0,220.0,256.0,258.0,307.0,333.0,372.0,429.0,434.0,548.0,549.0,563.0,628.0,711.0,788.0,816.0,868.0,890.0,894.0,936.0,
84.0,113.0,117.0,167.0,201.0,210.0,329.0,341.0,385.0,403.0,409.0,420.0,427.0,515.0,517.0,529.0,551.0,631.0,638.0,663.0,690.0,708.0,717.0,769.0,837.0,839.0,851.0,852.0,935.0,941.0,977.0,
37.0,49.0,72.0,72.0,73.0,86.0,132.0,136.0,158.0,179.0,198.0,373.0,427.0,433.0,458.0,474.0,496.0,577.0,579.0,584.0,645.0,646.0,664.0,680.0,707.0,709.0,755.0,791.0,879.0,900.0,920.0,943.0,977.0,
8.0,21.0,29.0,105.0,156.0,176.0,207.0,217.0,227.0,235.0,253.0,258.0,283.0,316.0,332.0,357.0,366.0,379.0,444.0,473.0,519.0,591.0,619.0,630.0,671.0,674.0,775.0,780.0,793.0,800.0,804.0,853.0,884.0,888.0,920.0,962.0,977.0,
