17.0,21.0,27.0,77.0,148.0,184.0,199.0,217.0,229.0,264.0,290.0,296.0,304.0,375.0,377.0,397.0,399.0,461.0,474.0,479.0,498.0,512.0,582.0,587.0,609.0,657.0,696.0,761.0,793.0,810.0,819.0,835.0,857.0,880.0,929.0,944.0,948.0,951.0,966.0,
12.0,67.0,105.0,116.0,149.0,173.0,181.0,214.0,225.0,258.0,279.0,313.0,366.0,377.0,406.0,408.0,438.0,501.0,515.0,521.0,544.0,545.0,551.0,584.0,604.0,638.0,674.0,690.0,721.0,726.0,779.0,839.0,843.0,845.0,855.0,859.0,867.0,868.0,888.0,905.0,911.0,955.0,983.0,
8.0,96.0,158.0,175.0,203.0,234.0,249.0,263.0,346.0,364.0,385.0,416.0,440.0,455.0,455.0,468.0,501.0,514.0,522.0,537.0,540.0,571.0,627.0,664.0,675.0,704.0,719.0,733.0,745.0,768.0,863.0,874.0,896.0,919.0,920.0,920.0,927.0,936.0,944.0,950.0,
31.0,32.0,35.0,53.0,78.0,87.0,106.0,236.0,238.0,259.0,265.0,304.0,321.0,442.0,454.0,506.0,509.0,517.0,524.0,549.0,592.0,693.0,703.0,722.0,729.0,772.0,804.0,810.0,817.0,835.0,842.0,863.0,864.0,883.0,898.0,
13.0,71.0,84.0,100.0,123.0,133.0,143.0,193.0,194.0,202.0,228.0,276.0,307.0,384.0,414.0,415.0,497.0,510.0,535.0,590.0,618.0,625.0,671.0,671.0,691.0,695.0,699.0,735.0,737.0,757.0,757.0,783.0,831.0,857.0,876.0,886.0,889.0,908.0,912.0,930.0,
39.0,98.0,208.0,217.0,229.0,241.0,257.0,259.0,281.0,333.0,378.0,391.0,416.0,427.0,498.0,506.0,512.0,512.0,541.0,607.0,619.0,651.0,701.0,759.0,768.0,803.0,806.0,836.0,850.0,895.0,896.0,983.0,
41.0,54.0,64.0,134.0,140.0,141.0,181.0,221.0,233.0,257.0,262.0,266.0,267.0,316.0,320.0,338.0,342.0,404.0,447.0,492.0,492.0,512.0,533.0,537.0,561.0,565.0,624.0,640.0,660.0,662.0,728.0,733.0,735.0,739.0,742.0,753.0,801.0,808.0,812.0,822.0,874.0,945.0,962.0,977.0,
36.0,42.0,97.0,111.0,181.0,204.0,213.0,219.0,225.0,267.0,295.0,312.0,327.0,331.0,334.0,335.0,340.0,346.0,396.0,406.0,408.0,409.0,479.0,504.0,506.0,558.0,575.0,627.0,683.0,689.0,767.0,768.0,796.0,848.0,903.0,937.0,985.0,988.0,
4.0,35.0,88.0,94.0,135.0,136.0,157.0,174.0,186.0,190.0,229.0,249.0,252.0,308.0,349.0,362.0,369.0,401.0,414.0,419.0,426.0,426.0,550.0,557.0,573.0,609.0,671.0,734.0,742.0,758.0,764.0,802.0,812.0,833.0,859.0,888.0,948.0,963.0,974.0,983.0,
4.0,21.0,43.0,58.0,78.0,204.0,228.0,231.0,236.0,267.0,289.0,307.0,341.0,351.0,430.0,438.0,495.0,505.0,506.0,573.0,614.0,627.0,633.0,682.0,699.0,716.0,743.0,878.0,884.0,907.0,922.0,
18.0,61.0,62.0,84.0,95.0,107.0,157.0,233.0,285.0,291.0,350.0,360.0,455.0,460.0,464.0,464.0,465.0,468.0,490.0,496.0,525.0,528.0,565.0,592.0,621.0,624.0,651.0,657.0,677.0,698.0,713.0,748.0,749.0,773.0,809.0,827.0,867.0,870.0,899.0,899.0,924.0,944.0,1000.0,
34.0,40.0,54.0,93.0,93.0,107.0,127.0,160.0,195.0,238.0,241.0,304.0,327.0,369.0,445.0,486.0,565.0,579.0,618.0,634.0,742.0,821.0,884.0,892.0,901.0,902.0,910.0,914.0,923.0,942.0,955.0,980.0,982.0,990.0,
11.0,23.0,106.0,107.0,131.0,140.0,168.0,191.0,240.0,255.0,264.0,265.0,326.0,348.0,366.0,378.0,407.0,419.0,425.0,442.0,485.0,498.0,506.0,555.0,626.0,701.0,759.0,827.0,841.0,889.0,929.0,974.0,
12.0,38.0,110.0,133.0,135.0,136.0,173.0,272.0,283.0,332.0,339.0,382.0,390.0,450.0,471.0,477.0,477.0,494.0,520.0,541.0,638.0,690.0,691.0,752.0,761.0,808.0,808.0,869.0,875.0,889.0,971.0,
19.0,31.0,55.0,93.0,155.0,170.0,176.0,178.0,238.0,291.0,298.0,391.0,425.0,426.0,443.0,503.0,511.0,516.0,571.0,616.0,649.0,660.0,738.0,771.0,824.0,824.0,843.0,864.0,867.0,899.0,913.0,916.0,931.0,941.0,963.0,964.0,976.0,
3.0,22.0,25.0,53.0,100.0,125.0,143.0,217.0,242.0,261.0,318.0,346.0,362.0,363.0,374.0,460.0,467.0,468.0,496.0,496.0,553.0,556.0,565.0,586.0,614.0,696.0,701.0,704.0,744.0,761.0,781.0,788.0,831.0,832.0,848.0,902.0,906.0,966.0,994.0,
29.0,30.0,33.0,46.0,55.0,56.0,116.0,226.0,232.0,303.0,410.0,437.0,441.0,483.0,519.0,547.0,570.0,605.0,613.0,638.0,693.0,715.0,720.0,770.0,834.0,848.0,857.0,859.0,866.0,923.0,937.0,
49.0,83.0,93.0,153.0,242.0,279.0,321.0,324.0,347.0,350.0,445.0,496.0,537.0,538.0,540.0,589.0,590.0,596.0,602.0,656.0,668.0,696.0,766.0,826.0,830.0,839.0,885.0,919.0,926.0,936.0,961.0,
9.0,10.0,55.0,64.0,114.0,127.0,141.0,153.0,170.0,174.0,198.0,200.0,226.0,278.0,395.0,418.0,424.0,425.0,436.0,485.0,541.0,560.0,564.0,597.0,605.0,611.0,656.0,663.0,714.0,826.0,845.0,873.0,892.0,912.0,928.0,951.0,956.0,
34.0,51.0,87.0,106.0,133.0,216.0,242.0,269.0,307.0,317.0,429.0,477.0,486.0,501.0,514.0,574.0,574.0,608.0,662.0,703.0,728.0,738.0,745.0,807.0,831.0,884.0,963.0,991.0,
17.0,71.0,121.0,129.0,163.0,236.0,259.0,284.0,331.0,345.0,351.0,366.0,394.0,407.0,408.0,428.0,434.0,442.0,461.0,466.0,493.0,498.0,536.0,554.0,575.0,582.0,643.0,676.0,718.0,727.0,753.0,759.0,776.0,846.0,927.0,961.0,
2.0,39.0,125.0,163.0,220.0,285.0,290.0,300.0,329.0,331.0,353.0,383.0,384.0,409.0,435.0,457.0,466.0,472.0,512.0,542.0,614.0,632.0,653.0,658.0,665.0,669.0,682.0,717.0,737.0,741.0,786.0,833.0,833.0,885.0,980.0,985.0,
24.0,41.0,52.0,54.0,90.0,175.0,176.0,182.0,231.0,245.0,270.0,402.0,462.0,489.0,547.0,574.0,658.0,658.0,671.0,700.0,775.0,798.0,818.0,857.0,927.0,997.0,
51.0,68.0,116.0,117.0,199.0,229.0,259.0,264.0,277.0,359.0,388.0,422.0,462.0,517.0,545.0,582.0,584.0,591.0,622.0,635.0,694.0,793.0,834.0,841.0,984.0,
5.0,26.0,62.0,88.0,141.0,183.0,195.0,217.0,237.0,239.0,255.0,274.0,279.0,301.0,313.0,353.0,406.0,413.0,419.0,425.0,520.0,692.0,706.0,717.0,752.0,786.0,821.0,848.0,886.0,951.0,966.0,975.0,979.0,
26.0,27.0,33.0,47.0,55.0,107.0,112.0,118.0,150.0,167.0,222.0,237.0,263.0,275.0,390.0,461.0,526.0,545.0,549.0,564.0,581.0,761.0,794.0,876.0,915.0,971.0,
6.0,28.0,28.0,55.0,59.0,72.0,79.0,126.0,174.0,176.0,198.0,280.0,293.0,372.0,447.0,458.0,463.0,503.0,505.0,508.0,525.0,530.0,538.0,544.0,637.0,651.0,658.0,661.0,674.0,702.0,712.0,751.0,778.0,834.0,892.0,934.0,940.0,973.0,974.0,
37.0,74.0,99.0,162.0,209.0,230.0,236.0,240.0,251.0,277.0,288.0,293.0,357.0,365.0,410.0,430.0,454.0,514.0,621.0,629.0,642.0,657.0,728.0,729.0,787.0,813.0,855.0,870.0,870.0,923.0,947.0,
16.0,76.0,98.0,124.0,147.0,168.0,173.0,181.0,277.0,305.0,343.0,377.0,440.0,470.0,495.0,537.0,580.0,600.0,674.0,731.0,805.0,827.0,861.0,865.0,913.0,976.0,985.0,
52.0,67.0,108.0,195.0,280.0,317.0,326.0,356.0,362.0,416.0,472.0,489.0,562.0,597.0,623.0,682.0,682.0,706.0,777.0,824.0,835.0,870.0,925.0,941.0,948.0,955.0,
45.0,94.0,121.0,239.0,255.0,256.0,297.0,329.0,338.0,349.0,389.0,395.0,446.0,484.0,495.0,517.0,541.0,543.0,632.0,730.0,763.0,794.0,897.0,941.0,957.0,
18.0,28.0,34.0,40.0,47.0,72.0,79.0,85.0,98.0,118.0,155.0,246.0,279.0,303.0,354.0,355.0,381.0,427.0,536.0,566.0,578.0,602.0,610.0,705.0,712.0,740.0,783.0,803.0,816.0,870.0,936.0,938.0,977.0,987.0,
69.0,83.0,102.0,140.0,178.0,210.0,220.0,224.0,282.0,283.0,306.0,370.0,388.0,392.0,493.0,496.0,549.0,571.0,640.0,646.0,694.0,720.0,727.0,737.0,794.0,821.0,860.0,920.0,928.0,936.0,937.0,963.0,975.0,
15.0,65.0,105.0,109.0,110.0,186.0,278.0,286.0,305.0,316.0,317.0,351.0,375.0,384.0,439.0,456.0,493.0,500.0,521.0,542.0,566.0,570.0,583.0,593.0,654.0,667.0,668.0,692.0,780.0,820.0,839.0,920.0,921.0,974.0,
44.0,74.0,78.0,184.0,214.0,242.0,268.0,293.0,309.0,314.0,329.0,382.0,385.0,396.0,427.0,449.0,489.0,510.0,516.0,522.0,525.0,535.0,541.0,548.0,552.0,565.0,567.0,568.0,571.0,603.0,617.0,623.0,624.0,625.0,627.0,658.0,662.0,665.0,682.0,690.0,691.0,693.0,703.0,706.0,725.0,747.0,766.0,772.0,775.0,780.0,784.0,829.0,849.0,875.0,878.0,895.0,939.0,945.0,984.0,995.0,
24.0,25.0,39.0,86.0,113.0,128.0,157.0,161.0,169.0,256.0,257.0,305.0,338.0,358.0,397.0,397.0,454.0,476.0,510.0,510.0,515.0,521.0,524.0,543.0,547.0,548.0,549.0,550.0,555.0,571.0,571.0,582.0,584.0,634.0,664.0,673.0,677.0,683.0,688.0,691.0,707.0,708.0,725.0,740.0,756.0,762.0,778.0,787.0,798.0,824.0,834.0,890.0,913.0,969.0,972.0,974.0,
17.0,39.0,55.0,89.0,104.0,119.0,129.0,133.0,143.0,147.0,148.0,156.0,159.0,198.0,231.0,247.0,277.0,327.0,330.0,330.0,381.0,392.0,398.0,416.0,483.0,485.0,486.0,497.0,543.0,551.0,552.0,556.0,564.0,565.0,568.0,574.0,614.0,634.0,655.0,658.0,659.0,693.0,723.0,779.0,787.0,788.0,798.0,798.0,804.0,804.0,836.0,848.0,855.0,896.0,897.0,923.0,957.0,
15.0,49.0,51.0,96.0,105.0,110.0,120.0,199.0,224.0,226.0,245.0,257.0,270.0,314.0,325.0,325.0,431.0,451.0,453.0,456.0,471.0,475.0,490.0,507.0,519.0,523.0,544.0,567.0,573.0,575.0,589.0,638.0,645.0,685.0,736.0,753.0,759.0,806.0,826.0,901.0,939.0,976.0,
5.0,111.0,193.0,204.0,344.0,393.0,404.0,414.0,450.0,465.0,492.0,506.0,540.0,595.0,664.0,695.0,696.0,738.0,739.0,790.0,794.0,812.0,840.0,908.0,929.0,936.0,
2.0,35.0,95.0,117.0,123.0,155.0,181.0,182.0,207.0,239.0,240.0,241.0,280.0,357.0,373.0,422.0,433.0,458.0,671.0,679.0,679.0,688.0,734.0,778.0,791.0,842.0,847.0,854.0,856.0,910.0,983.0,984.0,
47.0,48.0,88.0,95.0,155.0,231.0,231.0,254.0,257.0,320.0,348.0,396.0,409.0,429.0,468.0,515.0,537.0,588.0,599.0,616.0,617.0,643.0,692.0,727.0,783.0,823.0,834.0,836.0,838.0,884.0,898.0,903.0,941.0,966.0,
25.0,33.0,73.0,106.0,145.0,162.0,171.0,222.0,320.0,325.0,354.0,359.0,376.0,404.0,408.0,419.0,453.0,457.0,492.0,531.0,551.0,586.0,596.0,608.0,670.0,741.0,767.0,850.0,883.0,904.0,952.0,
39.0,84.0,95.0,132.0,150.0,176.0,275.0,284.0,301.0,319.0,382.0,411.0,427.0,433.0,485.0,492.0,516.0,559.0,635.0,670.0,757.0,764.0,940.0,951.0,978.0,
7.0,8.0,22.0,103.0,104.0,144.0,187.0,194.0,194.0,200.0,213.0,227.0,246.0,276.0,333.0,372.0,380.0,397.0,482.0,486.0,514.0,535.0,536.0,539.0,539.0,552.0,557.0,563.0,568.0,573.0,581.0,583.0,584.0,588.0,594.0,626.0,630.0,633.0,640.0,653.0,662.0,682.0,704.0,735.0,750.0,756.0,757.0,764.0,795.0,835.0,835.0,861.0,872.0,875.0,886.0,914.0,953.0,976.0,978.0,981.0,
5.0,50.0,54.0,67.0,113.0,131.0,157.0,217.0,258.0,283.0,292.0,300.0,324.0,336.0,340.0,348.0,374.0,382.0,403.0,413.0,421.0,423.0,428.0,450.0,474.0,498.0,500.0,514.0,523.0,523.0,526.0,530.0,543.0,548.0,555.0,565.0,566.0,567.0,569.0,581.0,587.0,588.0,592.0,592.0,600.0,619.0,630.0,641.0,642.0,647.0,652.0,654.0,665.0,677.0,697.0,700.0,713.0,718.0,734.0,736.0,738.0,751.0,805.0,808.0,813.0,814.0,845.0,846.0,856.0,882.0,925.0,926.0,931.0,937.0,994.0,
2.0,7.0,51.0,109.0,124.0,133.0,235.0,251.0,281.0,286.0,404.0,425.0,525.0,531.0,531.0,533.0,543.0,548.0,551.0,551.0,552.0,554.0,554.0,555.0,563.0,572.0,578.0,579.0,584.0,584.0,590.0,599.0,605.0,606.0,612.0,630.0,640.0,640.0,642.0,647.0,648.0,652.0,657.0,662.0,672.0,683.0,720.0,728.0,731.0,738.0,753.0,769.0,774.0,779.0,787.0,835.0,839.0,869.0,876.0,880.0,882.0,884.0,888.0,890.0,927.0,948.0,949.0,955.0,959.0,981.0,997.0,
29.0,55.0,99.0,125.0,131.0,219.0,250.0,250.0,267.0,289.0,296.0,331.0,342.0,359.0,363.0,389.0,428.0,471.0,499.0,527.0,532.0,544.0,549.0,553.0,559.0,564.0,566.0,570.0,572.0,575.0,577.0,586.0,587.0,588.0,595.0,596.0,597.0,612.0,614.0,648.0,656.0,656.0,680.0,712.0,732.0,736.0,738.0,739.0,744.0,749.0,764.0,765.0,767.0,785.0,806.0,814.0,818.0,818.0,839.0,840.0,842.0,843.0,850.0,863.0,865.0,871.0,872.0,887.0,899.0,906.0,917.0,920.0,924.0,947.0,957.0,960.0,989.0,990.0,990.0,992.0,
7.0,80.0,97.0,110.0,129.0,167.0,242.0,271.0,302.0,347.0,374.0,382.0,392.0,397.0,422.0,443.0,446.0,508.0,521.0,524.0,541.0,544.0,548.0,554.0,565.0,566.0,578.0,582.0,596.0,599.0,625.0,663.0,666.0,668.0,675.0,684.0,708.0,716.0,721.0,763.0,799.0,800.0,827.0,859.0,880.0,883.0,900.0,938.0,961.0,971.0,
17.0,69.0,76.0,94.0,160.0,183.0,247.0,269.0,279.0,319.0,339.0,344.0,365.0,370.0,384.0,389.0,434.0,442.0,488.0,501.0,507.0,519.0,521.0,586.0,606.0,636.0,653.0,664.0,685.0,747.0,756.0,759.0,771.0,781.0,803.0,935.0,971.0,972.0,
16.0,59.0,266.0,271.0,297.0,325.0,374.0,378.0,380.0,397.0,410.0,457.0,463.0,485.0,515.0,516.0,526.0,531.0,697.0,705.0,727.0,740.0,749.0,813.0,855.0,862.0,917.0,931.0,940.0,943.0,950.0,951.0,952.0,952.0,955.0,959.0,968.0,998.0,
42.0,57.0,66.0,195.0,220.0,239.0,257.0,260.0,340.0,342.0,359.0,477.0,495.0,656.0,659.0,686.0,742.0,757.0,801.0,802.0,858.0,869.0,889.0,918.0,926.0,
13.0,16.0,29.0,83.0,125.0,160.0,166.0,180.0,207.0,241.0,251.0,251.0,270.0,275.0,288.0,356.0,400.0,419.0,529.0,546.0,564.0,592.0,600.0,602.0,604.0,655.0,749.0,752.0,782.0,826.0,835.0,845.0,846.0,849.0,852.0,865.0,869.0,930.0,976.0,985.0,
34.0,34.0,105.0,150.0,178.0,185.0,208.0,211.0,222.0,268.0,270.0,292.0,331.0,335.0,367.0,372.0,377.0,426.0,435.0,474.0,495.0,500.0,546.0,555.0,570.0,570.0,626.0,633.0,655.0,662.0,680.0,681.0,741.0,782.0,809.0,914.0,933.0,959.0,964.0,970.0,
4.0,10.0,34.0,44.0,95.0,132.0,142.0,163.0,171.0,189.0,206.0,222.0,236.0,241.0,273.0,351.0,361.0,387.0,399.0,436.0,459.0,510.0,510.0,515.0,521.0,524.0,533.0,536.0,538.0,556.0,564.0,568.0,580.0,585.0,593.0,600.0,603.0,629.0,642.0,643.0,643.0,649.0,662.0,664.0,701.0,701.0,706.0,706.0,713.0,713.0,729.0,735.0,747.0,790.0,795.0,807.0,836.0,842.0,849.0,889.0,901.0,904.0,918.0,921.0,923.0,931.0,953.0,980.0,988.0,992.0,994.0,
2.0,50.0,70.0,73.0,98.0,135.0,154.0,154.0,187.0,220.0,312.0,348.0,368.0,382.0,417.0,422.0,423.0,451.0,455.0,479.0,480.0,482.0,509.0,518.0,522.0,524.0,531.0,535.0,536.0,537.0,538.0,544.0,545.0,553.0,557.0,557.0,557.0,573.0,575.0,575.0,577.0,593.0,596.0,603.0,611.0,615.0,648.0,659.0,660.0,665.0,670.0,673.0,674.0,679.0,683.0,701.0,709.0,728.0,739.0,746.0,749.0,755.0,805.0,812.0,816.0,817.0,840.0,844.0,881.0,916.0,919.0,922.0,932.0,936.0,945.0,956.0,964.0,965.0,982.0,993.0,
27.0,82.0,114.0,150.0,150.0,229.0,253.0,331.0,348.0,368.0,376.0,407.0,422.0,445.0,464.0,533.0,535.0,554.0,562.0,563.0,563.0,569.0,571.0,572.0,578.0,607.0,613.0,615.0,617.0,618.0,622.0,628.0,633.0,664.0,686.0,721.0,725.0,735.0,751.0,768.0,770.0,780.0,784.0,816.0,822.0,858.0,862.0,863.0,878.0,880.0,902.0,913.0,920.0,922.0,931.0,951.0,961.0,
71.0,72.0,88.0,131.0,133.0,188.0,241.0,255.0,258.0,281.0,299.0,308.0,309.0,395.0,403.0,484.0,526.0,530.0,533.0,536.0,544.0,547.0,557.0,563.0,565.0,566.0,591.0,609.0,627.0,632.0,651.0,681.0,682.0,684.0,707.0,718.0,723.0,736.0,737.0,753.0,768.0,773.0,780.0,782.0,792.0,850.0,880.0,885.0,888.0,914.0,926.0,937.0,948.0,956.0,957.0,965.0,1000.0,
66.0,81.0,112.0,147.0,152.0,152.0,153.0,266.0,293.0,314.0,316.0,390.0,396.0,439.0,443.0,455.0,494.0,502.0,508.0,524.0,527.0,529.0,532.0,535.0,537.0,539.0,542.0,544.0,549.0,550.0,553.0,581.0,584.0,590.0,600.0,602.0,613.0,617.0,631.0,632.0,633.0,638.0,649.0,669.0,671.0,681.0,689.0,692.0,698.0,708.0,713.0,718.0,720.0,724.0,743.0,757.0,769.0,790.0,803.0,808.0,817.0,819.0,838.0,885.0,889.0,894.0,912.0,913.0,914.0,921.0,921.0,953.0,956.0,985.0,991.0,
5.0,62.0,71.0,96.0,108.0,154.0,172.0,177.0,235.0,271.0,303.0,326.0,345.0,349.0,373.0,383.0,459.0,464.0,497.0,520.0,521.0,550.0,595.0,596.0,617.0,625.0,703.0,715.0,733.0,756.0,768.0,783.0,798.0,815.0,828.0,890.0,936.0,980.0,984.0,
12.0,51.0,98.0,104.0,106.0,201.0,284.0,289.0,289.0,294.0,303.0,319.0,334.0,428.0,443.0,450.0,492.0,562.0,565.0,590.0,639.0,658.0,663.0,729.0,733.0,774.0,778.0,843.0,924.0,974.0,
13.0,45.0,99.0,119.0,163.0,204.0,224.0,255.0,279.0,312.0,375.0,384.0,395.0,431.0,444.0,480.0,480.0,484.0,522.0,539.0,557.0,572.0,583.0,610.0,645.0,652.0,692.0,696.0,699.0,706.0,715.0,736.0,758.0,794.0,814.0,819.0,880.0,889.0,929.0,958.0,970.0,
29.0,47.0,77.0,220.0,254.0,260.0,267.0,267.0,278.0,286.0,301.0,304.0,318.0,326.0,350.0,366.0,446.0,452.0,484.0,534.0,539.0,555.0,588.0,593.0,599.0,677.0,682.0,709.0,728.0,735.0,738.0,779.0,784.0,802.0,812.0,836.0,837.0,886.0,929.0,934.0,937.0,951.0,969.0,972.0,973.0,
34.0,73.0,130.0,191.0,205.0,227.0,250.0,253.0,261.0,272.0,310.0,324.0,329.0,370.0,396.0,406.0,406.0,415.0,429.0,454.0,488.0,493.0,508.0,547.0,561.0,608.0,633.0,665.0,701.0,704.0,746.0,904.0,953.0,978.0,998.0,
19.0,26.0,33.0,47.0,50.0,88.0,134.0,173.0,211.0,215.0,259.0,316.0,334.0,342.0,344.0,360.0,404.0,455.0,471.0,492.0,521.0,552.0,569.0,569.0,576.0,594.0,626.0,628.0,631.0,632.0,633.0,650.0,653.0,667.0,670.0,701.0,703.0,728.0,751.0,846.0,880.0,923.0,969.0,972.0,973.0,
5.0,8.0,104.0,114.0,151.0,155.0,165.0,168.0,199.0,298.0,321.0,359.0,366.0,432.0,450.0,487.0,516.0,518.0,532.0,536.0,537.0,542.0,546.0,547.0,548.0,552.0,553.0,559.0,570.0,577.0,587.0,589.0,592.0,594.0,599.0,602.0,610.0,629.0,635.0,638.0,672.0,679.0,684.0,709.0,719.0,728.0,737.0,742.0,763.0,779.0,780.0,788.0,802.0,814.0,823.0,848.0,850.0,870.0,886.0,891.0,893.0,904.0,914.0,916.0,930.0,934.0,968.0,973.0,
139.0,170.0,181.0,184.0,218.0,239.0,265.0,315.0,330.0,356.0,428.0,444.0,516.0,526.0,529.0,537.0,541.0,544.0,547.0,547.0,548.0,549.0,551.0,558.0,566.0,567.0,570.0,576.0,579.0,579.0,594.0,602.0,603.0,615.0,620.0,657.0,665.0,679.0,683.0,692.0,712.0,729.0,753.0,765.0,787.0,801.0,814.0,819.0,827.0,838.0,849.0,894.0,924.0,927.0,927.0,927.0,927.0,939.0,951.0,953.0,989.0,
44.0,119.0,120.0,190.0,212.0,233.0,270.0,277.0,340.0,348.0,362.0,363.0,397.0,402.0,412.0,433.0,500.0,514.0,528.0,540.0,544.0,548.0,550.0,550.0,554.0,555.0,555.0,568.0,569.0,570.0,570.0,570.0,580.0,583.0,584.0,584.0,586.0,593.0,593.0,594.0,644.0,666.0,676.0,687.0,697.0,741.0,773.0,782.0,786.0,797.0,802.0,826.0,834.0,835.0,843.0,847.0,852.0,853.0,857.0,878.0,900.0,913.0,935.0,939.0,970.0,
7.0,12.0,60.0,138.0,166.0,214.0,229.0,257.0,257.0,265.0,280.0,380.0,388.0,412.0,466.0,472.0,498.0,525.0,526.0,531.0,543.0,546.0,551.0,553.0,566.0,581.0,584.0,592.0,602.0,648.0,690.0,692.0,693.0,709.0,748.0,777.0,793.0,794.0,810.0,811.0,826.0,918.0,943.0,952.0,962.0,965.0,981.0,982.0,991.0,
7.0,40.0,50.0,54.0,91.0,93.0,128.0,193.0,195.0,200.0,213.0,242.0,279.0,290.0,293.0,310.0,453.0,453.0,460.0,500.0,519.0,534.0,571.0,620.0,625.0,650.0,720.0,724.0,740.0,765.0,781.0,801.0,842.0,857.0,868.0,881.0,981.0,
24.0,69.0,93.0,189.0,309.0,316.0,317.0,321.0,342.0,349.0,419.0,450.0,502.0,507.0,547.0,636.0,659.0,660.0,730.0,760.0,766.0,805.0,806.0,859.0,919.0,926.0,928.0,934.0,940.0,947.0,
6.0,25.0,25.0,37.0,57.0,57.0,76.0,142.0,213.0,248.0,275.0,324.0,327.0,346.0,360.0,361.0,363.0,364.0,365.0,368.0,425.0,449.0,471.0,476.0,544.0,552.0,553.0,593.0,623.0,672.0,673.0,682.0,801.0,813.0,816.0,867.0,881.0,894.0,938.0,998.0,
29.0,74.0,112.0,119.0,125.0,140.0,150.0,158.0,166.0,173.0,192.0,209.0,233.0,281.0,340.0,391.0,453.0,487.0,495.0,499.0,509.0,531.0,535.0,562.0,574.0,620.0,635.0,756.0,761.0,778.0,779.0,799.0,801.0,876.0,882.0,903.0,912.0,930.0,950.0,998.0,
3.0,32.0,35.0,48.0,50.0,67.0,176.0,240.0,243.0,261.0,308.0,346.0,411.0,451.0,455.0,488.0,505.0,518.0,519.0,544.0,549.0,579.0,588.0,593.0,636.0,720.0,822.0,828.0,879.0,960.0,
19.0,43.0,60.0,68.0,77.0,130.0,132.0,147.0,175.0,195.0,244.0,267.0,283.0,298.0,327.0,381.0,438.0,438.0,466.0,486.0,498.0,505.0,521.0,536.0,537.0,538.0,578.0,587.0,665.0,683.0,715.0,743.0,744.0,765.0,861.0,886.0,955.0,956.0,958.0,964.0,983.0,
3.0,47.0,134.0,140.0,174.0,194.0,229.0,233.0,243.0,259.0,271.0,273.0,341.0,345.0,375.0,384.0,387.0,395.0,438.0,476.0,497.0,499.0,504.0,516.0,530.0,533.0,559.0,560.0,582.0,589.0,601.0,602.0,615.0,656.0,689.0,693.0,728.0,734.0,737.0,755.0,867.0,891.0,892.0,903.0,927.0,930.0,959.0,961.0,
7.0,7.0,88.0,109.0,134.0,135.0,171.0,189.0,205.0,207.0,302.0,310.0,406.0,410.0,439.0,484.0,526.0,532.0,534.0,535.0,535.0,540.0,542.0,546.0,547.0,557.0,561.0,593.0,596.0,597.0,599.0,607.0,609.0,614.0,621.0,622.0,626.0,634.0,637.0,638.0,644.0,649.0,652.0,655.0,659.0,661.0,686.0,689.0,692.0,705.0,705.0,709.0,740.0,760.0,792.0,810.0,817.0,846.0,861.0,865.0,874.0,892.0,895.0,906.0,923.0,929.0,933.0,933.0,944.0,
8.0,16.0,25.0,79.0,90.0,147.0,196.0,205.0,211.0,263.0,279.0,293.0,297.0,303.0,324.0,355.0,424.0,454.0,469.0,476.0,516.0,520.0,536.0,540.0,543.0,546.0,557.0,569.0,572.0,634.0,687.0,690.0,705.0,706.0,735.0,778.0,798.0,824.0,837.0,859.0,925.0,928.0,936.0,991.0,998.0,
16.0,61.0,89.0,125.0,164.0,177.0,181.0,210.0,261.0,294.0,296.0,427.0,442.0,457.0,464.0,477.0,500.0,535.0,547.0,581.0,585.0,605.0,640.0,661.0,671.0,718.0,788.0,791.0,958.0,968.0,
36.0,44.0,64.0,73.0,77.0,114.0,156.0,208.0,212.0,215.0,296.0,320.0,349.0,370.0,444.0,537.0,568.0,611.0,636.0,642.0,645.0,663.0,752.0,789.0,815.0,839.0,953.0,957.0,974.0,993.0,
12.0,20.0,62.0,85.0,159.0,193.0,222.0,239.0,294.0,324.0,441.0,486.0,529.0,600.0,642.0,644.0,663.0,683.0,776.0,784.0,787.0,794.0,823.0,829.0,832.0,847.0,849.0,857.0,858.0,877.0,890.0,939.0,947.0,948.0,953.0,964.0,972.0,984.0,
18.0,26.0,32.0,87.0,131.0,230.0,240.0,275.0,278.0,301.0,302.0,324.0,327.0,338.0,360.0,362.0,371.0,389.0,493.0,511.0,535.0,595.0,649.0,652.0,656.0,682.0,737.0,749.0,786.0,787.0,793.0,797.0,824.0,883.0,887.0,901.0,907.0,924.0,955.0,979.0,
4.0,76.0,77.0,80.0,81.0,219.0,256.0,315.0,362.0,372.0,393.0,395.0,421.0,423.0,448.0,455.0,466.0,529.0,559.0,590.0,597.0,614.0,713.0,763.0,799.0,821.0,864.0,908.0,909.0,919.0,920.0,929.0,947.0,974.0,979.0,998.0,
32.0,51.0,54.0,78.0,136.0,146.0,163.0,201.0,221.0,223.0,225.0,275.0,293.0,299.0,334.0,358.0,379.0,491.0,525.0,526.0,547.0,564.0,577.0,596.0,599.0,628.0,629.0,642.0,652.0,666.0,667.0,678.0,682.0,717.0,725.0,748.0,782.0,808.0,816.0,829.0,836.0,858.0,875.0,
12.0,24.0,37.0,48.0,57.0,65.0,75.0,77.0,92.0,127.0,136.0,159.0,167.0,173.0,183.0,319.0,355.0,367.0,383.0,386.0,471.0,518.0,527.0,528.0,557.0,562.0,588.0,605.0,611.0,634.0,644.0,656.0,684.0,691.0,699.0,762.0,862.0,905.0,939.0,957.0,964.0,984.0,
68.0,72.0,91.0,97.0,123.0,130.0,138.0,211.0,240.0,287.0,296.0,296.0,298.0,319.0,329.0,360.0,385.0,417.0,419.0,449.0,468.0,494.0,495.0,497.0,521.0,522.0,550.0,561.0,568.0,605.0,626.0,641.0,642.0,666.0,702.0,849.0,907.0,921.0,993.0,996.0,
16.0,32.0,110.0,126.0,143.0,162.0,178.0,211.0,224.0,266.0,273.0,284.0,287.0,292.0,312.0,366.0,433.0,438.0,479.0,498.0,511.0,542.0,542.0,582.0,585.0,587.0,611.0,632.0,669.0,717.0,750.0,755.0,774.0,785.0,821.0,827.0,865.0,908.0,937.0,951.0,
43.0,122.0,138.0,144.0,172.0,208.0,209.0,210.0,265.0,269.0,282.0,301.0,303.0,314.0,339.0,354.0,368.0,385.0,387.0,395.0,404.0,414.0,417.0,476.0,528.0,533.0,619.0,620.0,629.0,663.0,704.0,778.0,824.0,855.0,890.0,956.0,994.0,
11.0,21.0,41.0,42.0,68.0,80.0,81.0,91.0,95.0,108.0,146.0,149.0,184.0,185.0,239.0,280.0,311.0,447.0,452.0,462.0,475.0,492.0,533.0,600.0,630.0,641.0,671.0,730.0,765.0,791.0,823.0,853.0,895.0,900.0,911.0,960.0,998.0,
4.0,16.0,76.0,128.0,159.0,159.0,179.0,232.0,234.0,266.0,274.0,311.0,318.0,353.0,373.0,417.0,446.0,455.0,474.0,481.0,605.0,625.0,668.0,680.0,700.0,724.0,736.0,786.0,860.0,918.0,935.0,971.0,985.0,
24.0,26.0,26.0,36.0,125.0,209.0,320.0,437.0,487.0,578.0,664.0,674.0,675.0,716.0,718.0,749.0,764.0,765.0,797.0,858.0,867.0,873.0,876.0,892.0,908.0,928.0,950.0,979.0,
17.0,38.0,38.0,52.0,238.0,283.0,298.0,381.0,430.0,460.0,493.0,541.0,573.0,599.0,614.0,625.0,696.0,728.0,832.0,832.0,847.0,868.0,898.0,926.0,935.0,936.0,959.0,964.0,967.0,977.0,978.0,993.0,995.0,
11.0,42.0,102.0,102.0,128.0,227.0,295.0,307.0,376.0,382.0,384.0,390.0,413.0,434.0,435.0,469.0,498.0,505.0,523.0,538.0,589.0,594.0,597.0,600.0,610.0,640.0,675.0,703.0,715.0,720.0,736.0,777.0,850.0,941.0,999.0,
4.0,42.0,66.0,79.0,82.0,120.0,168.0,170.0,179.0,183.0,187.0,198.0,216.0,264.0,285.0,294.0,315.0,342.0,372.0,416.0,466.0,544.0,547.0,556.0,586.0,598.0,607.0,641.0,694.0,748.0,792.0,826.0,932.0,950.0,980.0,995.0,
19.0,96.0,235.0,249.0,257.0,354.0,412.0,416.0,424.0,435.0,450.0,480.0,598.0,676.0,681.0,694.0,723.0,745.0,756.0,778.0,800.0,888.0,920.0,923.0,956.0,
45.0,93.0,134.0,163.0,180.0,194.0,215.0,218.0,220.0,234.0,296.0,311.0,316.0,364.0,416.0,421.0,444.0,464.0,484.0,486.0,489.0,502.0,515.0,539.0,595.0,623.0,635.0,677.0,686.0,708.0,736.0,771.0,790.0,842.0,914.0,939.0,961.0,986.0,
16.0,52.0,61.0,77.0,79.0,80.0,130.0,148.0,256.0,266.0,287.0,312.0,354.0,400.0,455.0,508.0,538.0,554.0,565.0,582.0,607.0,626.0,671.0,709.0,747.0,775.0,808.0,831.0,888.0,921.0,930.0,941.0,947.0,985.0,992.0,
30.0,68.0,88.0,180.0,228.0,272.0,337.0,338.0,350.0,392.0,398.0,418.0,455.0,465.0,524.0,551.0,552.0,571.0,616.0,676.0,688.0,730.0,736.0,737.0,768.0,910.0,938.0,964.0,975.0,
3.0,8.0,20.0,23.0,65.0,86.0,107.0,115.0,136.0,161.0,180.0,211.0,221.0,252.0,295.0,305.0,330.0,439.0,552.0,600.0,611.0,619.0,622.0,624.0,668.0,682.0,699.0,702.0,738.0,764.0,769.0,839.0,871.0,886.0,899.0,910.0,910.0,915.0,984.0,
12.0,28.0,65.0,70.0,155.0,177.0,185.0,194.0,216.0,288.0,304.0,370.0,417.0,440.0,444.0,459.0,506.0,533.0,539.0,551.0,563.0,588.0,589.0,612.0,615.0,635.0,661.0,682.0,689.0,725.0,751.0,774.0,787.0,801.0,811.0,822.0,838.0,888.0,892.0,905.0,948.0,957.0,961.0,
2.0,31.0,33.0,49.0,49.0,57.0,83.0,122.0,135.0,232.0,237.0,240.0,273.0,281.0,290.0,328.0,348.0,365.0,380.0,423.0,447.0,478.0,480.0,485.0,554.0,634.0,640.0,652.0,657.0,698.0,746.0,749.0,768.0,771.0,791.0,815.0,846.0,849.0,853.0,856.0,856.0,926.0,930.0,933.0,945.0,951.0,973.0,976.0,
