57.0,72.0,103.0,118.0,131.0,134.0,139.0,147.0,166.0,188.0,202.0,219.0,227.0,235.0,242.0,272.0,280.0,300.0,303.0,328.0,338.0,376.0,418.0,448.0,460.0,499.0,545.0,560.0,584.0,584.0,591.0,610.0,661.0,661.0,672.0,689.0,693.0,699.0,714.0,725.0,744.0,748.0,790.0,794.0,816.0,824.0,834.0,857.0,893.0,942.0,949.0,999.0,
66.0,67.0,97.0,109.0,136.0,139.0,144.0,190.0,209.0,209.0,223.0,253.0,261.0,302.0,348.0,356.0,456.0,484.0,552.0,560.0,584.0,702.0,710.0,736.0,751.0,761.0,834.0,880.0,882.0,928.0,939.0,942.0,997.0,
37.0,38.0,74.0,79.0,117.0,119.0,126.0,134.0,155.0,159.0,211.0,212.0,263.0,273.0,296.0,300.0,324.0,333.0,422.0,453.0,507.0,535.0,578.0,637.0,642.0,658.0,667.0,669.0,685.0,694.0,714.0,757.0,778.0,797.0,812.0,814.0,822.0,836.0,846.0,882.0,1000.0,
9.0,9.0,11.0,63.0,114.0,132.0,153.0,204.0,206.0,246.0,249.0,257.0,293.0,305.0,316.0,323.0,370.0,400.0,408.0,533.0,551.0,563.0,661.0,702.0,744.0,747.0,797.0,808.0,845.0,859.0,882.0,896.0,896.0,952.0,963.0,
14.0,43.0,44.0,50.0,95.0,128.0,142.0,158.0,162.0,216.0,255.0,310.0,396.0,424.0,439.0,452.0,477.0,516.0,564.0,642.0,647.0,660.0,722.0,762.0,802.0,812.0,836.0,889.0,931.0,946.0,
24.0,28.0,56.0,70.0,85.0,87.0,116.0,122.0,133.0,247.0,264.0,301.0,307.0,396.0,398.0,436.0,467.0,492.0,508.0,542.0,546.0,556.0,639.0,655.0,692.0,723.0,893.0,893.0,898.0,956.0,978.0,
19.0,83.0,90.0,124.0,138.0,144.0,225.0,246.0,306.0,310.0,331.0,338.0,384.0,443.0,451.0,467.0,471.0,480.0,519.0,567.0,589.0,598.0,600.0,608.0,667.0,688.0,695.0,697.0,705.0,751.0,758.0,768.0,786.0,816.0,822.0,856.0,860.0,868.0,871.0,934.0,949.0,
39.0,51.0,84.0,180.0,187.0,214.0,247.0,252.0,329.0,387.0,519.0,573.0,580.0,582.0,599.0,601.0,641.0,672.0,686.0,698.0,758.0,774.0,782.0,788.0,789.0,866.0,878.0,882.0,906.0,907.0,936.0,985.0,
24.0,48.0,75.0,82.0,82.0,193.0,199.0,236.0,286.0,361.0,400.0,416.0,433.0,487.0,525.0,566.0,568.0,574.0,617.0,628.0,634.0,650.0,657.0,769.0,785.0,792.0,882.0,945.0,980.0,993.0,999.0,
5.0,16.0,19.0,33.0,71.0,113.0,213.0,235.0,280.0,284.0,287.0,320.0,324.0,423.0,423.0,431.0,441.0,472.0,493.0,494.0,494.0,495.0,501.0,507.0,520.0,573.0,617.0,622.0,656.0,684.0,702.0,738.0,807.0,837.0,861.0,925.0,946.0,
29.0,35.0,52.0,82.0,102.0,177.0,177.0,178.0,190.0,219.0,241.0,284.0,293.0,301.0,317.0,344.0,364.0,369.0,456.0,470.0,578.0,625.0,634.0,639.0,680.0,742.0,763.0,765.0,814.0,816.0,823.0,842.0,847.0,861.0,879.0,908.0,958.0,965.0,985.0,
7.0,17.0,53.0,55.0,69.0,69.0,128.0,132.0,142.0,145.0,149.0,189.0,198.0,253.0,263.0,341.0,414.0,424.0,469.0,473.0,521.0,546.0,597.0,611.0,652.0,682.0,697.0,725.0,749.0,797.0,847.0,862.0,901.0,936.0,938.0,973.0,990.0,994.0,
16.0,17.0,99.0,125.0,130.0,149.0,184.0,207.0,218.0,298.0,404.0,418.0,422.0,559.0,572.0,669.0,704.0,717.0,763.0,870.0,873.0,890.0,899.0,904.0,918.0,969.0,
5.0,31.0,74.0,86.0,113.0,146.0,147.0,158.0,193.0,225.0,233.0,247.0,258.0,306.0,334.0,334.0,368.0,461.0,465.0,489.0,516.0,538.0,539.0,546.0,593.0,597.0,622.0,625.0,643.0,678.0,700.0,725.0,728.0,749.0,752.0,791.0,805.0,842.0,844.0,864.0,875.0,877.0,917.0,936.0,997.0,
43.0,56.0,98.0,157.0,198.0,208.0,214.0,228.0,268.0,280.0,282.0,307.0,309.0,388.0,406.0,406.0,529.0,571.0,578.0,603.0,645.0,707.0,781.0,799.0,820.0,838.0,870.0,873.0,910.0,926.0,977.0,979.0,992.0,
7.0,14.0,42.0,42.0,50.0,58.0,94.0,132.0,135.0,164.0,179.0,203.0,212.0,225.0,234.0,236.0,251.0,254.0,304.0,366.0,388.0,401.0,467.0,474.0,523.0,535.0,653.0,663.0,700.0,746.0,756.0,761.0,807.0,819.0,910.0,949.0,952.0,975.0,975.0,993.0,
67.0,71.0,72.0,230.0,274.0,287.0,303.0,306.0,348.0,357.0,427.0,490.0,496.0,516.0,551.0,615.0,615.0,686.0,691.0,694.0,727.0,760.0,821.0,850.0,867.0,881.0,968.0,
3.0,69.0,101.0,118.0,119.0,155.0,198.0,205.0,229.0,246.0,247.0,249.0,259.0,267.0,289.0,311.0,341.0,428.0,452.0,525.0,548.0,582.0,612.0,620.0,623.0,660.0,706.0,750.0,754.0,768.0,835.0,899.0,902.0,912.0,919.0,922.0,935.0,966.0,974.0,
23.0,25.0,72.0,73.0,73.0,184.0,192.0,202.0,225.0,256.0,268.0,272.0,290.0,311.0,330.0,368.0,382.0,391.0,406.0,537.0,544.0,606.0,663.0,666.0,744.0,747.0,748.0,763.0,782.0,798.0,800.0,831.0,914.0,948.0,951.0,
8.0,37.0,39.0,40.0,85.0,156.0,157.0,164.0,226.0,264.0,273.0,316.0,336.0,339.0,340.0,344.0,348.0,374.0,401.0,406.0,440.0,486.0,505.0,643.0,658.0,658.0,685.0,697.0,706.0,733.0,751.0,769.0,784.0,864.0,875.0,881.0,883.0,908.0,931.0,963.0,974.0,982.0,996.0,
30.0,41.0,51.0,66.0,91.0,122.0,124.0,144.0,153.0,165.0,174.0,183.0,184.0,185.0,192.0,222.0,255.0,294.0,332.0,386.0,408.0,447.0,455.0,488.0,543.0,565.0,576.0,584.0,617.0,624.0,631.0,658.0,660.0,669.0,691.0,705.0,733.0,763.0,769.0,796.0,831.0,831.0,859.0,870.0,959.0,960.0,992.0,
2.0,55.0,71.0,103.0,139.0,172.0,190.0,212.0,225.0,228.0,284.0,350.0,388.0,396.0,407.0,426.0,431.0,442.0,466.0,503.0,515.0,540.0,548.0,555.0,557.0,569.0,627.0,689.0,699.0,700.0,730.0,744.0,769.0,779.0,797.0,822.0,870.0,887.0,911.0,912.0,
21.0,42.0,80.0,82.0,83.0,155.0,156.0,169.0,173.0,178.0,203.0,205.0,342.0,376.0,506.0,519.0,524.0,609.0,649.0,652.0,704.0,709.0,714.0,737.0,760.0,766.0,791.0,803.0,809.0,834.0,884.0,885.0,901.0,905.0,936.0,966.0,
39.0,55.0,75.0,104.0,109.0,165.0,190.0,194.0,200.0,231.0,265.0,275.0,275.0,332.0,369.0,370.0,380.0,398.0,412.0,446.0,473.0,482.0,503.0,507.0,509.0,514.0,570.0,573.0,586.0,632.0,655.0,658.0,693.0,728.0,752.0,762.0,819.0,826.0,872.0,883.0,890.0,891.0,922.0,941.0,946.0,950.0,
14.0,22.0,37.0,41.0,61.0,62.0,125.0,143.0,162.0,183.0,196.0,240.0,248.0,256.0,259.0,280.0,297.0,331.0,358.0,363.0,370.0,386.0,404.0,467.0,468.0,522.0,535.0,546.0,555.0,612.0,636.0,655.0,659.0,704.0,728.0,741.0,743.0,759.0,826.0,827.0,829.0,840.0,844.0,867.0,911.0,938.0,952.0,955.0,956.0,976.0,979.0,979.0,
80.0,99.0,106.0,119.0,125.0,141.0,152.0,198.0,199.0,213.0,222.0,227.0,239.0,246.0,247.0,325.0,326.0,334.0,346.0,365.0,396.0,438.0,693.0,699.0,735.0,778.0,794.0,869.0,891.0,899.0,951.0,977.0,
34.0,34.0,49.0,51.0,61.0,84.0,108.0,145.0,159.0,172.0,185.0,232.0,233.0,271.0,274.0,297.0,323.0,323.0,360.0,400.0,447.0,450.0,456.0,490.0,595.0,664.0,706.0,728.0,732.0,751.0,753.0,763.0,774.0,780.0,782.0,839.0,874.0,960.0,964.0,982.0,991.0,
22.0,42.0,90.0,126.0,162.0,168.0,209.0,213.0,229.0,231.0,271.0,271.0,274.0,285.0,293.0,316.0,344.0,374.0,383.0,395.0,401.0,410.0,411.0,442.0,453.0,467.0,482.0,514.0,591.0,611.0,641.0,650.0,651.0,660.0,664.0,774.0,774.0,788.0,832.0,893.0,919.0,926.0,985.0,987.0,
70.0,167.0,194.0,224.0,230.0,316.0,349.0,427.0,456.0,484.0,630.0,662.0,670.0,680.0,688.0,707.0,709.0,711.0,753.0,785.0,808.0,808.0,813.0,834.0,841.0,851.0,892.0,894.0,966.0,973.0,
11.0,19.0,38.0,40.0,58.0,105.0,135.0,178.0,179.0,195.0,206.0,318.0,330.0,353.0,397.0,420.0,424.0,474.0,495.0,533.0,533.0,622.0,655.0,715.0,754.0,772.0,789.0,849.0,890.0,937.0,958.0,961.0,964.0,993.0,
22.0,52.0,71.0,78.0,92.0,107.0,122.0,137.0,139.0,169.0,243.0,257.0,274.0,287.0,302.0,373.0,373.0,385.0,392.0,445.0,453.0,489.0,504.0,512.0,548.0,554.0,554.0,584.0,586.0,675.0,688.0,744.0,749.0,768.0,783.0,800.0,836.0,867.0,870.0,951.0,998.0,
10.0,17.0,92.0,115.0,122.0,132.0,139.0,193.0,196.0,256.0,296.0,317.0,360.0,437.0,509.0,592.0,629.0,630.0,650.0,711.0,712.0,728.0,771.0,771.0,784.0,856.0,912.0,937.0,952.0,971.0,989.0,990.0,
21.0,97.0,98.0,122.0,140.0,191.0,220.0,229.0,236.0,245.0,246.0,326.0,345.0,557.0,560.0,602.0,608.0,625.0,640.0,652.0,663.0,695.0,708.0,742.0,784.0,819.0,847.0,855.0,906.0,920.0,921.0,932.0,933.0,934.0,951.0,955.0,980.0,
11.0,13.0,32.0,46.0,50.0,56.0,58.0,106.0,109.0,125.0,160.0,203.0,223.0,228.0,248.0,266.0,267.0,311.0,319.0,347.0,411.0,411.0,441.0,465.0,493.0,512.0,518.0,603.0,608.0,635.0,669.0,682.0,696.0,737.0,750.0,799.0,841.0,859.0,862.0,866.0,879.0,971.0,973.0,
2.0,26.0,62.0,120.0,159.0,168.0,197.0,227.0,291.0,321.0,344.0,431.0,444.0,453.0,
45.0,66.0,79.0,93.0,106.0,115.0,118.0,137.0,212.0,229.0,243.0,291.0,337.0,356.0,370.0,381.0,388.0,391.0,391.0,396.0,406.0,415.0,424.0,438.0,
14.0,37.0,156.0,157.0,158.0,164.0,166.0,288.0,303.0,305.0,335.0,335.0,348.0,349.0,362.0,410.0,423.0,495.0,
4.0,13.0,32.0,53.0,77.0,99.0,127.0,154.0,158.0,165.0,195.0,276.0,282.0,284.0,332.0,335.0,350.0,386.0,392.0,401.0,425.0,442.0,480.0,600.0,633.0,712.0,734.0,753.0,757.0,768.0,782.0,785.0,821.0,824.0,851.0,861.0,869.0,952.0,975.0,987.0,996.0,
2.0,32.0,65.0,132.0,159.0,176.0,185.0,210.0,324.0,334.0,355.0,361.0,367.0,410.0,416.0,419.0,447.0,452.0,471.0,540.0,555.0,571.0,592.0,594.0,604.0,605.0,648.0,675.0,675.0,683.0,693.0,709.0,711.0,731.0,777.0,778.0,784.0,807.0,903.0,914.0,921.0,948.0,950.0,955.0,1000.0,
61.0,91.0,187.0,194.0,229.0,239.0,245.0,251.0,282.0,287.0,305.0,338.0,341.0,429.0,434.0,527.0,653.0,677.0,693.0,710.0,713.0,714.0,738.0,745.0,751.0,801.0,839.0,884.0,899.0,
28.0,41.0,46.0,85.0,98.0,102.0,181.0,183.0,186.0,195.0,254.0,274.0,279.0,279.0,338.0,373.0,416.0,442.0,443.0,452.0,462.0,509.0,540.0,559.0,593.0,593.0,614.0,644.0,697.0,721.0,764.0,775.0,809.0,847.0,919.0,929.0,951.0,974.0,
67.0,91.0,127.0,177.0,207.0,228.0,280.0,291.0,303.0,327.0,331.0,411.0,429.0,435.0,447.0,452.0,453.0,467.0,473.0,499.0,521.0,534.0,549.0,562.0,582.0,625.0,648.0,649.0,660.0,661.0,683.0,689.0,743.0,765.0,821.0,831.0,852.0,865.0,878.0,880.0,938.0,941.0,
11.0,19.0,49.0,77.0,93.0,145.0,146.0,149.0,165.0,172.0,270.0,274.0,292.0,330.0,335.0,346.0,386.0,407.0,426.0,476.0,490.0,507.0,510.0,518.0,578.0,596.0,627.0,665.0,695.0,702.0,704.0,711.0,716.0,723.0,824.0,836.0,906.0,906.0,912.0,940.0,950.0,980.0,
31.0,182.0,206.0,210.0,334.0,357.0,368.0,375.0,383.0,395.0,399.0,439.0,499.0,
19.0,107.0,118.0,164.0,166.0,179.0,234.0,304.0,346.0,358.0,415.0,419.0,458.0,474.0,
46.0,48.0,67.0,101.0,120.0,152.0,155.0,196.0,196.0,287.0,306.0,338.0,357.0,366.0,461.0,472.0,843.0,909.0,921.0,
4.0,48.0,91.0,145.0,163.0,200.0,238.0,247.0,272.0,313.0,328.0,333.0,405.0,427.0,458.0,460.0,
4.0,15.0,25.0,34.0,61.0,92.0,129.0,220.0,226.0,256.0,278.0,286.0,406.0,489.0,
22.0,27.0,44.0,75.0,80.0,91.0,104.0,122.0,181.0,212.0,227.0,237.0,249.0,313.0,339.0,348.0,352.0,364.0,384.0,396.0,436.0,466.0,507.0,509.0,511.0,523.0,554.0,564.0,605.0,645.0,664.0,669.0,672.0,707.0,744.0,859.0,870.0,951.0,987.0,
4.0,70.0,111.0,115.0,123.0,149.0,154.0,185.0,204.0,242.0,352.0,499.0,506.0,550.0,551.0,606.0,609.0,617.0,625.0,632.0,632.0,690.0,726.0,772.0,784.0,854.0,872.0,970.0,
11.0,29.0,33.0,53.0,72.0,107.0,115.0,122.0,138.0,150.0,199.0,236.0,263.0,279.0,292.0,302.0,351.0,413.0,428.0,451.0,466.0,475.0,499.0,544.0,556.0,624.0,631.0,674.0,685.0,858.0,865.0,892.0,916.0,917.0,949.0,996.0,
27.0,37.0,61.0,62.0,93.0,98.0,113.0,126.0,145.0,154.0,183.0,196.0,245.0,256.0,298.0,419.0,461.0,473.0,474.0,504.0,517.0,553.0,560.0,561.0,584.0,605.0,608.0,634.0,669.0,684.0,705.0,713.0,715.0,725.0,725.0,743.0,752.0,755.0,767.0,784.0,846.0,901.0,927.0,929.0,941.0,998.0,999.0,
27.0,32.0,36.0,53.0,53.0,53.0,65.0,69.0,100.0,102.0,191.0,218.0,265.0,276.0,281.0,294.0,316.0,337.0,358.0,439.0,452.0,485.0,499.0,551.0,589.0,693.0,709.0,715.0,767.0,785.0,806.0,809.0,820.0,822.0,823.0,830.0,836.0,850.0,873.0,874.0,887.0,904.0,936.0,949.0,
21.0,75.0,90.0,120.0,131.0,193.0,194.0,200.0,305.0,310.0,361.0,383.0,411.0,414.0,418.0,451.0,502.0,507.0,507.0,
47.0,73.0,92.0,157.0,219.0,224.0,232.0,270.0,275.0,281.0,324.0,324.0,362.0,383.0,443.0,
83.0,127.0,143.0,164.0,190.0,199.0,303.0,310.0,328.0,337.0,420.0,480.0,496.0,504.0,769.0,821.0,930.0,993.0,
25.0,86.0,177.0,259.0,351.0,353.0,383.0,403.0,420.0,443.0,446.0,468.0,494.0,502.0,886.0,
42.0,51.0,54.0,133.0,150.0,154.0,201.0,215.0,245.0,282.0,289.0,320.0,337.0,360.0,368.0,368.0,375.0,394.0,396.0,488.0,503.0,
4.0,66.0,103.0,111.0,147.0,215.0,238.0,260.0,343.0,368.0,383.0,439.0,451.0,465.0,498.0,512.0,564.0,566.0,611.0,637.0,642.0,684.0,741.0,794.0,845.0,846.0,897.0,906.0,911.0,979.0,988.0,988.0,990.0,
2.0,260.0,276.0,290.0,321.0,329.0,348.0,375.0,384.0,425.0,426.0,475.0,491.0,497.0,528.0,587.0,649.0,674.0,723.0,726.0,740.0,817.0,818.0,844.0,906.0,961.0,
31.0,72.0,91.0,96.0,142.0,163.0,182.0,226.0,236.0,243.0,256.0,271.0,308.0,313.0,327.0,333.0,365.0,367.0,381.0,410.0,434.0,435.0,477.0,505.0,513.0,532.0,544.0,555.0,558.0,588.0,614.0,665.0,676.0,710.0,746.0,760.0,761.0,772.0,802.0,808.0,855.0,880.0,881.0,916.0,971.0,981.0,984.0,
3.0,15.0,18.0,48.0,76.0,85.0,101.0,142.0,177.0,200.0,205.0,227.0,324.0,336.0,339.0,344.0,351.0,382.0,388.0,398.0,453.0,504.0,531.0,538.0,585.0,623.0,625.0,642.0,668.0,732.0,781.0,783.0,822.0,832.0,849.0,852.0,872.0,876.0,905.0,922.0,935.0,
4.0,25.0,52.0,104.0,113.0,130.0,146.0,169.0,183.0,189.0,194.0,222.0,276.0,299.0,317.0,348.0,468.0,484.0,497.0,562.0,566.0,614.0,641.0,680.0,688.0,692.0,712.0,724.0,726.0,760.0,784.0,791.0,796.0,798.0,799.0,800.0,809.0,828.0,856.0,874.0,895.0,902.0,911.0,933.0,947.0,956.0,970.0,975.0,987.0,
2.0,11.0,57.0,142.0,149.0,163.0,182.0,207.0,218.0,233.0,260.0,268.0,306.0,307.0,321.0,404.0,476.0,497.0,
80.0,122.0,124.0,167.0,203.0,207.0,272.0,280.0,289.0,301.0,323.0,360.0,364.0,455.0,458.0,511.0,
32.0,51.0,54.0,66.0,72.0,83.0,92.0,100.0,111.0,177.0,235.0,252.0,282.0,330.0,356.0,390.0,394.0,427.0,442.0,467.0,479.0,495.0,902.0,918.0,967.0,
6.0,29.0,39.0,78.0,90.0,94.0,164.0,219.0,296.0,317.0,324.0,330.0,386.0,389.0,422.0,463.0,492.0,
85.0,142.0,195.0,197.0,209.0,210.0,216.0,223.0,254.0,372.0,386.0,416.0,426.0,432.0,460.0,472.0,
13.0,39.0,68.0,69.0,76.0,90.0,96.0,169.0,172.0,194.0,218.0,234.0,259.0,268.0,298.0,299.0,329.0,368.0,447.0,457.0,468.0,470.0,600.0,620.0,632.0,645.0,666.0,701.0,708.0,712.0,752.0,760.0,764.0,787.0,806.0,807.0,848.0,870.0,883.0,890.0,931.0,935.0,947.0,968.0,969.0,983.0,986.0,
6.0,94.0,114.0,161.0,175.0,194.0,211.0,222.0,248.0,278.0,314.0,366.0,368.0,380.0,381.0,446.0,455.0,459.0,466.0,481.0,492.0,506.0,547.0,554.0,554.0,555.0,608.0,612.0,654.0,680.0,734.0,761.0,785.0,892.0,902.0,940.0,942.0,994.0,
2.0,30.0,59.0,75.0,82.0,103.0,159.0,203.0,208.0,209.0,217.0,224.0,226.0,304.0,363.0,384.0,399.0,409.0,424.0,427.0,427.0,473.0,502.0,505.0,519.0,577.0,717.0,719.0,724.0,734.0,752.0,776.0,788.0,798.0,809.0,889.0,960.0,995.0,996.0,
37.0,39.0,54.0,66.0,69.0,127.0,167.0,179.0,179.0,241.0,242.0,244.0,352.0,383.0,395.0,396.0,401.0,402.0,403.0,417.0,423.0,440.0,448.0,455.0,547.0,559.0,584.0,590.0,615.0,617.0,650.0,679.0,682.0,686.0,691.0,708.0,720.0,754.0,755.0,764.0,786.0,790.0,803.0,869.0,875.0,882.0,930.0,964.0,989.0,
58.0,60.0,72.0,126.0,142.0,142.0,169.0,184.0,235.0,275.0,289.0,351.0,354.0,381.0,414.0,484.0,501.0,537.0,559.0,581.0,637.0,654.0,675.0,687.0,697.0,704.0,712.0,738.0,750.0,761.0,843.0,860.0,863.0,898.0,900.0,935.0,937.0,969.0,972.0,
3.0,22.0,66.0,68.0,99.0,126.0,127.0,151.0,160.0,173.0,179.0,239.0,253.0,287.0,307.0,317.0,321.0,325.0,335.0,356.0,434.0,455.0,648.0,649.0,688.0,691.0,695.0,713.0,771.0,802.0,809.0,821.0,841.0,880.0,884.0,898.0,953.0,968.0,989.0,
7.0,68.0,97.0,112.0,147.0,168.0,171.0,351.0,369.0,452.0,461.0,
49.0,64.0,66.0,75.0,79.0,89.0,96.0,121.0,134.0,161.0,162.0,170.0,173.0,184.0,241.0,315.0,441.0,470.0,495.0,496.0,
40.0,50.0,74.0,84.0,123.0,139.0,146.0,148.0,153.0,170.0,173.0,236.0,256.0,271.0,279.0,332.0,333.0,354.0,354.0,401.0,454.0,
20.0,24.0,30.0,39.0,70.0,195.0,200.0,210.0,221.0,242.0,291.0,332.0,341.0,390.0,396.0,471.0,478.0,479.0,629.0,648.0,734.0,765.0,785.0,807.0,871.0,887.0,897.0,935.0,936.0,958.0,986.0,
12.0,41.0,69.0,81.0,88.0,100.0,103.0,105.0,153.0,173.0,193.0,212.0,229.0,250.0,346.0,381.0,403.0,419.0,442.0,453.0,476.0,488.0,493.0,506.0,515.0,518.0,534.0,551.0,581.0,599.0,600.0,607.0,640.0,650.0,651.0,688.0,692.0,738.0,748.0,764.0,768.0,793.0,817.0,832.0,832.0,851.0,866.0,869.0,879.0,908.0,924.0,939.0,974.0,979.0,993.0,
24.0,67.0,115.0,116.0,118.0,180.0,196.0,199.0,204.0,212.0,230.0,287.0,291.0,324.0,340.0,376.0,387.0,388.0,410.0,421.0,457.0,458.0,477.0,521.0,530.0,543.0,557.0,604.0,710.0,741.0,814.0,829.0,866.0,871.0,911.0,928.0,944.0,945.0,945.0,949.0,955.0,975.0,
5.0,25.0,105.0,108.0,152.0,160.0,206.0,246.0,278.0,290.0,293.0,441.0,473.0,477.0,486.0,537.0,550.0,569.0,572.0,578.0,627.0,633.0,701.0,705.0,717.0,760.0,827.0,886.0,938.0,949.0,976.0,982.0,
17.0,67.0,86.0,92.0,114.0,116.0,116.0,121.0,148.0,176.0,177.0,202.0,219.0,226.0,298.0,318.0,325.0,359.0,360.0,374.0,414.0,443.0,446.0,469.0,473.0,490.0,499.0,556.0,576.0,593.0,603.0,636.0,648.0,659.0,730.0,754.0,782.0,840.0,886.0,889.0,906.0,926.0,984.0,
141.0,142.0,183.0,190.0,211.0,245.0,249.0,299.0,302.0,327.0,338.0,338.0,354.0,378.0,400.0,412.0,414.0,446.0,450.0,451.0,506.0,542.0,624.0,656.0,682.0,684.0,706.0,706.0,717.0,730.0,735.0,784.0,819.0,897.0,953.0,984.0,986.0,
50.0,54.0,62.0,85.0,108.0,130.0,145.0,145.0,152.0,157.0,191.0,270.0,283.0,283.0,313.0,331.0,346.0,378.0,483.0,576.0,603.0,604.0,606.0,610.0,629.0,656.0,684.0,694.0,714.0,752.0,754.0,769.0,777.0,779.0,797.0,831.0,880.0,919.0,925.0,936.0,937.0,939.0,970.0,991.0,
6.0,31.0,42.0,54.0,63.0,69.0,75.0,137.0,138.0,204.0,209.0,227.0,331.0,380.0,391.0,404.0,428.0,468.0,476.0,502.0,586.0,645.0,715.0,752.0,762.0,762.0,776.0,783.0,793.0,797.0,803.0,826.0,870.0,887.0,922.0,950.0,962.0,968.0,969.0,974.0,
43.0,95.0,138.0,172.0,201.0,285.0,323.0,326.0,334.0,360.0,440.0,509.0,511.0,626.0,663.0,702.0,722.0,734.0,742.0,745.0,782.0,797.0,841.0,843.0,891.0,895.0,923.0,929.0,957.0,983.0,
18.0,103.0,144.0,151.0,153.0,153.0,190.0,207.0,256.0,260.0,274.0,371.0,385.0,410.0,417.0,487.0,541.0,586.0,659.0,716.0,733.0,797.0,803.0,835.0,842.0,847.0,874.0,885.0,887.0,903.0,910.0,940.0,941.0,954.0,1000.0,
20.0,24.0,54.0,99.0,102.0,164.0,176.0,223.0,257.0,410.0,418.0,423.0,452.0,465.0,494.0,505.0,526.0,594.0,662.0,666.0,792.0,814.0,825.0,828.0,834.0,853.0,858.0,858.0,886.0,896.0,909.0,909.0,918.0,967.0,976.0,1000.0,
10.0,36.0,93.0,128.0,146.0,158.0,185.0,193.0,205.0,231.0,252.0,351.0,363.0,392.0,408.0,476.0,507.0,508.0,529.0,542.0,543.0,545.0,553.0,559.0,570.0,613.0,614.0,655.0,714.0,748.0,767.0,777.0,795.0,827.0,853.0,872.0,897.0,912.0,916.0,919.0,933.0,964.0,975.0,985.0,
23.0,43.0,48.0,132.0,134.0,192.0,198.0,298.0,312.0,324.0,332.0,364.0,384.0,384.0,385.0,472.0,568.0,605.0,677.0,715.0,720.0,747.0,810.0,827.0,892.0,911.0,917.0,948.0,970.0,981.0,
4.0,26.0,40.0,69.0,128.0,138.0,203.0,283.0,291.0,305.0,334.0,337.0,350.0,381.0,405.0,436.0,436.0,445.0,471.0,511.0,511.0,625.0,638.0,638.0,670.0,698.0,716.0,720.0,727.0,731.0,744.0,750.0,754.0,781.0,782.0,788.0,812.0,829.0,845.0,905.0,915.0,938.0,943.0,1000.0,
5.0,7.0,73.0,77.0,123.0,127.0,177.0,181.0,338.0,348.0,351.0,446.0,456.0,463.0,484.0,486.0,509.0,521.0,524.0,564.0,567.0,584.0,597.0,598.0,621.0,670.0,742.0,761.0,766.0,789.0,850.0,865.0,873.0,934.0,948.0,966.0,977.0,
66.0,116.0,124.0,150.0,159.0,161.0,214.0,219.0,253.0,325.0,330.0,340.0,350.0,386.0,393.0,424.0,435.0,504.0,584.0,591.0,597.0,677.0,716.0,730.0,737.0,752.0,902.0,910.0,922.0,946.0,949.0,973.0,994.0,
54.0,76.0,112.0,114.0,117.0,124.0,150.0,157.0,181.0,181.0,186.0,192.0,227.0,234.0,235.0,238.0,254.0,262.0,296.0,302.0,315.0,326.0,333.0,362.0,372.0,391.0,420.0,423.0,435.0,447.0,456.0,557.0,563.0,586.0,597.0,612.0,630.0,647.0,669.0,705.0,720.0,741.0,747.0,765.0,772.0,811.0,845.0,879.0,880.0,913.0,916.0,936.0,948.0,964.0,
2.0,3.0,23.0,86.0,108.0,182.0,224.0,233.0,299.0,321.0,354.0,364.0,397.0,497.0,525.0,543.0,551.0,555.0,563.0,586.0,609.0,620.0,653.0,662.0,671.0,684.0,698.0,700.0,801.0,808.0,880.0,889.0,892.0,902.0,909.0,927.0,940.0,946.0,978.0,987.0,
28.0,79.0,121.0,208.0,209.0,243.0,256.0,293.0,295.0,365.0,412.0,416.0,432.0,480.0,489.0,509.0,510.0,532.0,562.0,569.0,587.0,629.0,638.0,689.0,714.0,725.0,758.0,857.0,859.0,922.0,939.0,984.0,
36.0,51.0,75.0,82.0,85.0,117.0,151.0,165.0,195.0,218.0,241.0,327.0,345.0,354.0,359.0,369.0,422.0,459.0,490.0,524.0,533.0,542.0,543.0,561.0,600.0,637.0,644.0,658.0,677.0,687.0,746.0,747.0,768.0,778.0,819.0,844.0,930.0,966.0,996.0,
90.0,96.0,102.0,111.0,119.0,140.0,161.0,170.0,194.0,221.0,260.0,297.0,301.0,320.0,433.0,448.0,487.0,547.0,568.0,572.0,591.0,591.0,602.0,610.0,629.0,636.0,653.0,672.0,677.0,681.0,731.0,741.0,769.0,861.0,868.0,878.0,879.0,946.0,963.0,987.0,
23.0,98.0,125.0,200.0,212.0,214.0,225.0,239.0,251.0,375.0,381.0,426.0,495.0,552.0,555.0,612.0,690.0,761.0,765.0,791.0,825.0,911.0,938.0,947.0,961.0,994.0,
4.0,31.0,56.0,60.0,92.0,157.0,162.0,165.0,183.0,217.0,225.0,278.0,280.0,304.0,316.0,329.0,361.0,384.0,392.0,395.0,561.0,607.0,680.0,734.0,766.0,801.0,812.0,821.0,847.0,869.0,876.0,888.0,901.0,911.0,911.0,945.0,972.0,
