57.0,58.0,59.0,61.0,111.0,140.0,153.0,156.0,184.0,196.0,260.0,265.0,305.0,322.0,328.0,338.0,394.0,395.0,409.0,411.0,430.0,569.0,696.0,713.0,722.0,728.0,848.0,858.0,923.0,960.0,
7.0,9.0,34.0,67.0,74.0,141.0,156.0,158.0,172.0,184.0,213.0,228.0,238.0,264.0,407.0,432.0,442.0,456.0,502.0,518.0,567.0,577.0,602.0,622.0,624.0,627.0,706.0,721.0,734.0,763.0,786.0,796.0,817.0,835.0,835.0,854.0,889.0,930.0,972.0,984.0,
3.0,4.0,10.0,17.0,23.0,34.0,38.0,64.0,180.0,196.0,214.0,247.0,279.0,302.0,328.0,359.0,370.0,456.0,471.0,481.0,553.0,642.0,667.0,708.0,754.0,836.0,843.0,865.0,875.0,919.0,936.0,947.0,995.0,
13.0,30.0,56.0,72.0,82.0,83.0,84.0,112.0,150.0,222.0,223.0,236.0,282.0,294.0,298.0,323.0,344.0,350.0,354.0,464.0,532.0,542.0,584.0,623.0,673.0,735.0,772.0,786.0,843.0,848.0,852.0,858.0,866.0,878.0,897.0,909.0,915.0,962.0,979.0,
9.0,53.0,79.0,82.0,89.0,90.0,142.0,145.0,201.0,213.0,260.0,276.0,313.0,330.0,344.0,375.0,421.0,521.0,529.0,532.0,532.0,537.0,542.0,563.0,565.0,571.0,576.0,579.0,615.0,622.0,629.0,657.0,660.0,670.0,682.0,689.0,715.0,724.0,744.0,745.0,823.0,867.0,939.0,979.0,981.0,988.0,
30.0,38.0,39.0,73.0,77.0,81.0,112.0,137.0,141.0,203.0,215.0,293.0,300.0,303.0,308.0,329.0,342.0,398.0,402.0,419.0,420.0,425.0,433.0,445.0,493.0,493.0,517.0,538.0,569.0,576.0,704.0,712.0,739.0,767.0,781.0,809.0,853.0,883.0,895.0,928.0,
2.0,2.0,13.0,30.0,35.0,71.0,71.0,129.0,164.0,171.0,191.0,238.0,253.0,301.0,351.0,369.0,381.0,399.0,427.0,444.0,558.0,559.0,563.0,569.0,582.0,616.0,640.0,670.0,699.0,710.0,721.0,755.0,757.0,767.0,786.0,798.0,802.0,850.0,861.0,887.0,888.0,921.0,938.0,944.0,975.0,
40.0,78.0,140.0,151.0,165.0,196.0,234.0,288.0,337.0,337.0,339.0,375.0,391.0,406.0,428.0,475.0,476.0,476.0,477.0,493.0,540.0,547.0,557.0,569.0,570.0,591.0,610.0,635.0,680.0,689.0,718.0,740.0,768.0,789.0,803.0,804.0,848.0,849.0,878.0,920.0,954.0,957.0,
3.0,3.0,3.0,8.0,35.0,57.0,98.0,107.0,149.0,151.0,153.0,154.0,173.0,179.0,262.0,300.0,328.0,333.0,334.0,338.0,346.0,388.0,431.0,522.0,527.0,533.0,585.0,594.0,636.0,639.0,707.0,713.0,720.0,738.0,751.0,766.0,792.0,792.0,846.0,847.0,877.0,908.0,994.0,
17.0,30.0,74.0,99.0,115.0,120.0,123.0,128.0,164.0,167.0,171.0,192.0,216.0,246.0,249.0,313.0,326.0,350.0,360.0,376.0,429.0,436.0,454.0,466.0,483.0,540.0,613.0,617.0,714.0,797.0,802.0,803.0,817.0,829.0,864.0,
14.0,21.0,54.0,55.0,77.0,96.0,106.0,116.0,181.0,183.0,220.0,261.0,273.0,281.0,290.0,292.0,309.0,365.0,387.0,388.0,402.0,405.0,478.0,512.0,529.0,543.0,570.0,575.0,587.0,613.0,636.0,693.0,698.0,751.0,814.0,865.0,881.0,896.0,922.0,987.0,
3.0,41.0,51.0,97.0,98.0,110.0,138.0,173.0,174.0,227.0,241.0,247.0,253.0,293.0,324.0,330.0,347.0,351.0,356.0,372.0,380.0,417.0,432.0,456.0,515.0,542.0,565.0,640.0,659.0,676.0,700.0,706.0,728.0,785.0,828.0,852.0,875.0,960.0,983.0,986.0,995.0,995.0,
10.0,42.0,43.0,46.0,91.0,159.0,179.0,195.0,264.0,269.0,282.0,405.0,430.0,463.0,543.0,553.0,580.0,584.0,597.0,600.0,692.0,716.0,779.0,786.0,801.0,849.0,872.0,
11.0,15.0,20.0,29.0,48.0,56.0,86.0,99.0,150.0,206.0,302.0,306.0,309.0,321.0,326.0,375.0,483.0,497.0,507.0,526.0,528.0,568.0,594.0,606.0,606.0,619.0,624.0,644.0,731.0,756.0,813.0,874.0,892.0,916.0,967.0,992.0,995.0,997.0,
21.0,21.0,43.0,71.0,129.0,151.0,197.0,236.0,239.0,262.0,291.0,309.0,326.0,338.0,340.0,348.0,349.0,360.0,388.0,400.0,434.0,440.0,446.0,466.0,531.0,649.0,674.0,710.0,733.0,741.0,861.0,869.0,880.0,892.0,919.0,927.0,965.0,
49.0,163.0,163.0,176.0,177.0,184.0,208.0,210.0,231.0,235.0,422.0,447.0,470.0,477.0,481.0,535.0,538.0,547.0,603.0,621.0,626.0,639.0,734.0,738.0,745.0,770.0,777.0,781.0,783.0,810.0,835.0,853.0,866.0,893.0,896.0,922.0,930.0,964.0,969.0,991.0,1000.0,
7.0,45.0,93.0,106.0,109.0,144.0,149.0,160.0,164.0,174.0,177.0,187.0,190.0,193.0,216.0,243.0,272.0,278.0,336.0,364.0,419.0,432.0,434.0,461.0,504.0,530.0,535.0,551.0,553.0,562.0,568.0,587.0,589.0,599.0,630.0,648.0,708.0,759.0,765.0,776.0,781.0,819.0,833.0,841.0,861.0,898.0,951.0,966.0,966.0,990.0,
18.0,44.0,44.0,92.0,93.0,113.0,159.0,255.0,262.0,334.0,354.0,362.0,448.0,456.0,465.0,482.0,488.0,520.0,554.0,566.0,589.0,647.0,655.0,668.0,720.0,756.0,802.0,902.0,920.0,921.0,949.0,959.0,
36.0,86.0,111.0,119.0,191.0,210.0,263.0,278.0,292.0,298.0,347.0,447.0,472.0,478.0,528.0,568.0,591.0,602.0,622.0,641.0,654.0,658.0,683.0,693.0,693.0,732.0,764.0,818.0,855.0,856.0,874.0,896.0,900.0,904.0,919.0,938.0,948.0,965.0,
29.0,37.0,54.0,58.0,71.0,136.0,173.0,217.0,238.0,336.0,349.0,357.0,366.0,376.0,404.0,529.0,576.0,597.0,655.0,698.0,732.0,749.0,775.0,783.0,784.0,792.0,796.0,812.0,833.0,842.0,887.0,974.0,
99.0,131.0,149.0,249.0,255.0,258.0,312.0,334.0,352.0,391.0,399.0,403.0,416.0,421.0,445.0,489.0,499.0,546.0,554.0,556.0,572.0,581.0,671.0,674.0,731.0,736.0,737.0,744.0,746.0,767.0,773.0,799.0,870.0,952.0,965.0,985.0,
12.0,33.0,42.0,48.0,118.0,166.0,197.0,211.0,220.0,276.0,301.0,302.0,311.0,357.0,371.0,378.0,415.0,451.0,472.0,528.0,566.0,630.0,695.0,704.0,710.0,729.0,767.0,796.0,851.0,927.0,
2.0,210.0,258.0,276.0,293.0,300.0,307.0,340.0,366.0,368.0,418.0,452.0,587.0,598.0,604.0,622.0,634.0,697.0,750.0,771.0,771.0,798.0,800.0,877.0,961.0,983.0,
9.0,75.0,93.0,125.0,191.0,202.0,211.0,279.0,334.0,336.0,352.0,370.0,471.0,474.0,486.0,504.0,528.0,530.0,547.0,557.0,578.0,616.0,624.0,629.0,656.0,662.0,720.0,722.0,727.0,762.0,809.0,827.0,833.0,834.0,859.0,867.0,912.0,927.0,935.0,981.0,987.0,
50.0,55.0,67.0,120.0,160.0,163.0,268.0,281.0,288.0,300.0,319.0,349.0,360.0,376.0,419.0,428.0,433.0,440.0,442.0,451.0,491.0,553.0,584.0,590.0,629.0,665.0,666.0,693.0,695.0,720.0,744.0,767.0,784.0,786.0,847.0,852.0,869.0,878.0,888.0,982.0,
139.0,210.0,211.0,246.0,247.0,269.0,285.0,319.0,368.0,391.0,402.0,431.0,487.0,488.0,500.0,512.0,617.0,663.0,671.0,687.0,719.0,734.0,747.0,756.0,770.0,781.0,786.0,789.0,795.0,804.0,807.0,813.0,869.0,881.0,901.0,906.0,990.0,
19.0,89.0,92.0,121.0,149.0,189.0,190.0,250.0,273.0,279.0,312.0,320.0,324.0,375.0,381.0,395.0,420.0,450.0,522.0,535.0,582.0,616.0,653.0,669.0,692.0,699.0,719.0,725.0,727.0,735.0,741.0,797.0,801.0,821.0,833.0,853.0,860.0,863.0,912.0,913.0,943.0,946.0,980.0,
43.0,106.0,114.0,173.0,179.0,198.0,203.0,220.0,266.0,278.0,281.0,282.0,293.0,307.0,353.0,382.0,424.0,429.0,489.0,503.0,509.0,512.0,533.0,567.0,581.0,636.0,655.0,665.0,699.0,729.0,757.0,759.0,787.0,801.0,812.0,822.0,830.0,834.0,848.0,877.0,957.0,979.0,
44.0,64.0,125.0,129.0,151.0,196.0,213.0,233.0,251.0,265.0,278.0,313.0,319.0,326.0,371.0,410.0,411.0,428.0,439.0,440.0,482.0,499.0,538.0,549.0,602.0,659.0,660.0,662.0,673.0,699.0,714.0,742.0,776.0,795.0,795.0,818.0,885.0,886.0,904.0,985.0,993.0,
42.0,79.0,81.0,148.0,160.0,187.0,192.0,198.0,244.0,259.0,305.0,310.0,368.0,389.0,393.0,396.0,453.0,455.0,481.0,509.0,518.0,581.0,595.0,616.0,714.0,747.0,757.0,826.0,970.0,980.0,993.0,
37.0,46.0,46.0,81.0,105.0,135.0,140.0,157.0,172.0,176.0,219.0,220.0,231.0,243.0,261.0,300.0,312.0,383.0,430.0,436.0,468.0,469.0,516.0,540.0,546.0,550.0,556.0,562.0,582.0,594.0,605.0,615.0,619.0,655.0,669.0,680.0,703.0,729.0,744.0,756.0,784.0,799.0,800.0,835.0,870.0,891.0,901.0,905.0,924.0,954.0,975.0,983.0,
3.0,7.0,27.0,68.0,77.0,85.0,89.0,91.0,103.0,115.0,138.0,149.0,156.0,216.0,220.0,237.0,239.0,286.0,289.0,298.0,304.0,318.0,320.0,354.0,367.0,380.0,409.0,437.0,438.0,501.0,511.0,526.0,635.0,647.0,675.0,736.0,758.0,821.0,862.0,890.0,908.0,912.0,922.0,947.0,986.0,
31.0,63.0,91.0,99.0,152.0,206.0,207.0,211.0,217.0,227.0,270.0,395.0,427.0,432.0,438.0,443.0,446.0,473.0,478.0,486.0,528.0,546.0,553.0,576.0,590.0,590.0,595.0,613.0,631.0,657.0,671.0,684.0,799.0,808.0,827.0,856.0,884.0,915.0,924.0,949.0,976.0,989.0,
38.0,50.0,55.0,76.0,142.0,160.0,164.0,198.0,227.0,232.0,243.0,249.0,251.0,303.0,323.0,427.0,452.0,454.0,459.0,631.0,675.0,690.0,701.0,805.0,846.0,891.0,932.0,965.0,971.0,986.0,991.0,991.0,
2.0,3.0,9.0,93.0,111.0,122.0,132.0,162.0,165.0,183.0,209.0,298.0,301.0,327.0,338.0,349.0,356.0,375.0,428.0,430.0,451.0,496.0,501.0,
18.0,32.0,38.0,43.0,90.0,103.0,120.0,125.0,169.0,185.0,276.0,300.0,326.0,361.0,421.0,440.0,455.0,
17.0,87.0,121.0,132.0,133.0,142.0,145.0,167.0,238.0,261.0,270.0,301.0,366.0,368.0,404.0,412.0,424.0,432.0,466.0,507.0,
27.0,40.0,51.0,61.0,75.0,107.0,298.0,346.0,372.0,380.0,387.0,392.0,400.0,405.0,408.0,414.0,430.0,675.0,763.0,881.0,892.0,954.0,957.0,
36.0,54.0,67.0,86.0,123.0,128.0,134.0,145.0,166.0,204.0,241.0,294.0,370.0,381.0,421.0,435.0,435.0,467.0,505.0,542.0,545.0,584.0,598.0,612.0,623.0,644.0,646.0,653.0,655.0,665.0,746.0,751.0,771.0,774.0,816.0,840.0,889.0,907.0,921.0,922.0,937.0,974.0,
17.0,120.0,176.0,215.0,262.0,271.0,294.0,313.0,368.0,382.0,400.0,437.0,473.0,507.0,545.0,550.0,617.0,620.0,757.0,762.0,769.0,774.0,783.0,801.0,813.0,832.0,846.0,881.0,886.0,915.0,921.0,934.0,946.0,948.0,
34.0,40.0,53.0,104.0,133.0,136.0,178.0,239.0,295.0,310.0,325.0,331.0,336.0,341.0,382.0,406.0,414.0,445.0,477.0,497.0,536.0,564.0,666.0,738.0,747.0,812.0,820.0,836.0,869.0,912.0,916.0,935.0,936.0,975.0,
10.0,39.0,50.0,64.0,71.0,77.0,112.0,121.0,138.0,162.0,182.0,232.0,236.0,255.0,379.0,397.0,411.0,502.0,505.0,574.0,601.0,622.0,691.0,729.0,738.0,782.0,817.0,837.0,864.0,878.0,974.0,977.0,979.0,989.0,
26.0,33.0,62.0,64.0,82.0,110.0,163.0,196.0,245.0,262.0,297.0,324.0,374.0,432.0,461.0,485.0,517.0,536.0,550.0,568.0,581.0,593.0,608.0,718.0,784.0,786.0,799.0,810.0,812.0,837.0,883.0,900.0,926.0,929.0,931.0,947.0,962.0,977.0,981.0,
44.0,63.0,119.0,153.0,186.0,213.0,270.0,294.0,298.0,351.0,369.0,408.0,426.0,430.0,472.0,477.0,486.0,489.0,
15.0,39.0,63.0,95.0,161.0,169.0,192.0,213.0,240.0,344.0,370.0,387.0,391.0,403.0,413.0,419.0,501.0,506.0,909.0,
12.0,31.0,32.0,52.0,67.0,79.0,97.0,131.0,153.0,176.0,192.0,213.0,245.0,261.0,276.0,281.0,344.0,387.0,397.0,416.0,428.0,430.0,789.0,846.0,
34.0,37.0,41.0,44.0,44.0,53.0,54.0,107.0,228.0,261.0,272.0,289.0,290.0,299.0,312.0,344.0,405.0,412.0,424.0,434.0,440.0,445.0,466.0,486.0,491.0,503.0,
65.0,79.0,155.0,170.0,181.0,186.0,205.0,214.0,223.0,253.0,269.0,280.0,281.0,288.0,410.0,451.0,458.0,459.0,
66.0,70.0,82.0,143.0,222.0,236.0,273.0,284.0,286.0,334.0,382.0,395.0,444.0,470.0,470.0,507.0,515.0,518.0,539.0,550.0,558.0,569.0,635.0,642.0,667.0,736.0,749.0,776.0,852.0,875.0,876.0,893.0,906.0,917.0,951.0,952.0,966.0,
15.0,18.0,33.0,41.0,42.0,57.0,98.0,161.0,189.0,216.0,253.0,289.0,317.0,394.0,425.0,437.0,466.0,469.0,484.0,491.0,513.0,592.0,595.0,606.0,613.0,625.0,631.0,635.0,703.0,785.0,793.0,800.0,801.0,817.0,828.0,928.0,949.0,950.0,
4.0,6.0,18.0,52.0,53.0,93.0,95.0,129.0,137.0,144.0,189.0,234.0,301.0,319.0,330.0,376.0,416.0,465.0,511.0,523.0,538.0,616.0,670.0,684.0,687.0,718.0,736.0,740.0,751.0,754.0,821.0,841.0,873.0,925.0,958.0,960.0,986.0,1000.0,
97.0,153.0,167.0,183.0,235.0,242.0,249.0,250.0,259.0,287.0,288.0,295.0,315.0,354.0,373.0,379.0,390.0,467.0,481.0,481.0,489.0,506.0,602.0,647.0,650.0,687.0,695.0,770.0,809.0,820.0,841.0,841.0,892.0,925.0,942.0,967.0,969.0,
23.0,86.0,116.0,173.0,212.0,263.0,265.0,326.0,338.0,353.0,365.0,369.0,404.0,431.0,456.0,602.0,637.0,646.0,651.0,662.0,739.0,784.0,854.0,883.0,884.0,885.0,887.0,912.0,939.0,950.0,973.0,988.0,1000.0,
41.0,48.0,51.0,56.0,100.0,107.0,145.0,152.0,199.0,239.0,294.0,308.0,313.0,394.0,423.0,459.0,469.0,474.0,480.0,
21.0,32.0,83.0,147.0,238.0,297.0,385.0,834.0,974.0,
32.0,58.0,72.0,83.0,95.0,102.0,108.0,130.0,162.0,199.0,203.0,206.0,232.0,247.0,328.0,330.0,354.0,371.0,398.0,402.0,423.0,472.0,473.0,753.0,864.0,974.0,
36.0,123.0,130.0,174.0,179.0,184.0,232.0,266.0,310.0,319.0,338.0,364.0,380.0,409.0,424.0,500.0,501.0,
33.0,113.0,121.0,175.0,192.0,208.0,260.0,300.0,302.0,329.0,363.0,382.0,420.0,439.0,
4.0,28.0,109.0,122.0,152.0,166.0,185.0,251.0,278.0,286.0,294.0,346.0,353.0,408.0,463.0,496.0,630.0,644.0,654.0,666.0,677.0,681.0,714.0,739.0,804.0,824.0,891.0,919.0,968.0,969.0,977.0,979.0,980.0,
32.0,33.0,37.0,66.0,86.0,90.0,123.0,123.0,186.0,218.0,220.0,221.0,240.0,258.0,270.0,307.0,309.0,314.0,327.0,355.0,358.0,412.0,418.0,422.0,433.0,451.0,457.0,491.0,506.0,519.0,537.0,555.0,573.0,634.0,639.0,687.0,769.0,778.0,804.0,842.0,852.0,879.0,881.0,909.0,938.0,976.0,
96.0,129.0,155.0,162.0,163.0,203.0,210.0,265.0,269.0,324.0,345.0,394.0,431.0,432.0,447.0,458.0,492.0,536.0,548.0,555.0,568.0,621.0,652.0,658.0,680.0,682.0,703.0,722.0,760.0,778.0,815.0,825.0,836.0,884.0,902.0,927.0,951.0,958.0,965.0,978.0,
34.0,39.0,40.0,83.0,85.0,87.0,117.0,122.0,175.0,185.0,229.0,296.0,324.0,340.0,362.0,448.0,450.0,471.0,475.0,482.0,566.0,580.0,604.0,652.0,656.0,757.0,765.0,794.0,810.0,865.0,906.0,910.0,916.0,928.0,943.0,969.0,
41.0,46.0,111.0,111.0,127.0,137.0,144.0,152.0,154.0,161.0,174.0,184.0,235.0,300.0,313.0,355.0,395.0,420.0,428.0,446.0,452.0,458.0,524.0,544.0,583.0,617.0,625.0,663.0,693.0,708.0,734.0,742.0,751.0,775.0,779.0,812.0,832.0,838.0,948.0,966.0,996.0,
46.0,54.0,128.0,162.0,207.0,216.0,262.0,269.0,271.0,274.0,303.0,317.0,336.0,376.0,453.0,496.0,502.0,
3.0,6.0,44.0,63.0,68.0,70.0,71.0,110.0,115.0,130.0,174.0,181.0,234.0,279.0,284.0,295.0,318.0,351.0,366.0,370.0,384.0,405.0,495.0,495.0,496.0,923.0,
14.0,62.0,77.0,78.0,85.0,89.0,96.0,115.0,125.0,144.0,198.0,237.0,248.0,251.0,302.0,303.0,321.0,326.0,330.0,356.0,358.0,393.0,399.0,445.0,451.0,810.0,911.0,980.0,986.0,
3.0,35.0,40.0,157.0,188.0,251.0,263.0,279.0,290.0,304.0,310.0,330.0,361.0,374.0,495.0,
12.0,15.0,58.0,79.0,83.0,98.0,113.0,121.0,136.0,148.0,155.0,162.0,191.0,253.0,283.0,286.0,295.0,329.0,344.0,352.0,355.0,503.0,505.0,
5.0,8.0,70.0,92.0,108.0,132.0,161.0,165.0,244.0,296.0,312.0,313.0,326.0,327.0,355.0,371.0,427.0,439.0,484.0,511.0,595.0,603.0,609.0,614.0,643.0,652.0,674.0,695.0,698.0,768.0,769.0,800.0,807.0,836.0,846.0,867.0,928.0,935.0,939.0,953.0,991.0,
10.0,16.0,39.0,71.0,124.0,126.0,130.0,201.0,206.0,222.0,225.0,232.0,262.0,285.0,301.0,356.0,402.0,462.0,514.0,524.0,531.0,559.0,586.0,593.0,669.0,711.0,715.0,738.0,761.0,815.0,817.0,870.0,906.0,959.0,992.0,
7.0,80.0,121.0,163.0,198.0,198.0,205.0,212.0,228.0,233.0,348.0,352.0,390.0,424.0,428.0,431.0,442.0,460.0,476.0,477.0,488.0,527.0,559.0,588.0,618.0,630.0,635.0,669.0,700.0,737.0,785.0,786.0,854.0,951.0,
19.0,22.0,31.0,75.0,75.0,76.0,121.0,128.0,140.0,174.0,190.0,224.0,323.0,328.0,333.0,373.0,408.0,421.0,425.0,490.0,589.0,647.0,698.0,821.0,832.0,867.0,867.0,890.0,898.0,907.0,928.0,958.0,966.0,978.0,
60.0,79.0,82.0,102.0,114.0,137.0,151.0,162.0,168.0,170.0,176.0,255.0,259.0,265.0,294.0,302.0,309.0,355.0,426.0,460.0,477.0,488.0,502.0,581.0,634.0,674.0,683.0,688.0,692.0,719.0,732.0,735.0,753.0,793.0,808.0,809.0,815.0,818.0,831.0,835.0,841.0,870.0,891.0,896.0,905.0,913.0,938.0,963.0,980.0,992.0,
2.0,4.0,49.0,56.0,70.0,134.0,134.0,187.0,202.0,202.0,271.0,344.0,349.0,352.0,363.0,403.0,434.0,443.0,443.0,460.0,496.0,519.0,665.0,666.0,720.0,747.0,747.0,750.0,761.0,786.0,787.0,857.0,872.0,901.0,969.0,997.0,
7.0,8.0,54.0,62.0,114.0,140.0,144.0,168.0,174.0,213.0,250.0,282.0,289.0,310.0,317.0,336.0,345.0,346.0,350.0,384.0,397.0,416.0,417.0,469.0,496.0,504.0,
22.0,27.0,32.0,42.0,56.0,63.0,127.0,181.0,183.0,226.0,239.0,255.0,266.0,311.0,333.0,340.0,353.0,442.0,463.0,483.0,
29.0,36.0,68.0,273.0,293.0,294.0,315.0,319.0,365.0,373.0,390.0,449.0,463.0,480.0,486.0,953.0,
19.0,76.0,79.0,109.0,112.0,129.0,134.0,183.0,184.0,199.0,211.0,218.0,230.0,244.0,323.0,343.0,344.0,400.0,429.0,430.0,483.0,509.0,617.0,759.0,766.0,771.0,805.0,853.0,868.0,942.0,944.0,
8.0,25.0,39.0,48.0,67.0,111.0,121.0,179.0,267.0,270.0,284.0,286.0,327.0,357.0,360.0,400.0,407.0,438.0,479.0,489.0,492.0,522.0,566.0,572.0,574.0,607.0,621.0,624.0,634.0,649.0,651.0,677.0,692.0,707.0,710.0,730.0,736.0,745.0,751.0,799.0,814.0,816.0,824.0,886.0,891.0,894.0,897.0,908.0,914.0,
51.0,121.0,131.0,173.0,204.0,211.0,223.0,256.0,264.0,284.0,353.0,394.0,427.0,508.0,518.0,521.0,529.0,575.0,585.0,590.0,593.0,593.0,607.0,617.0,643.0,649.0,697.0,727.0,753.0,818.0,821.0,848.0,854.0,859.0,863.0,909.0,931.0,948.0,974.0,982.0,
2.0,31.0,36.0,49.0,120.0,121.0,131.0,141.0,145.0,188.0,198.0,200.0,202.0,219.0,226.0,227.0,252.0,262.0,285.0,362.0,378.0,422.0,436.0,493.0,495.0,501.0,511.0,538.0,556.0,557.0,561.0,640.0,667.0,688.0,723.0,744.0,766.0,776.0,784.0,804.0,823.0,846.0,858.0,873.0,909.0,937.0,960.0,
74.0,103.0,142.0,193.0,210.0,241.0,277.0,287.0,331.0,345.0,387.0,397.0,412.0,416.0,454.0,496.0,500.0,517.0,527.0,575.0,622.0,626.0,650.0,667.0,669.0,734.0,772.0,780.0,812.0,859.0,884.0,915.0,917.0,927.0,980.0,991.0,
22.0,29.0,31.0,80.0,83.0,124.0,170.0,235.0,239.0,273.0,280.0,287.0,306.0,327.0,336.0,358.0,383.0,399.0,464.0,501.0,560.0,605.0,673.0,785.0,804.0,842.0,883.0,920.0,949.0,971.0,995.0,
2.0,6.0,19.0,87.0,138.0,194.0,277.0,282.0,310.0,318.0,319.0,340.0,377.0,387.0,417.0,438.0,534.0,561.0,569.0,572.0,588.0,590.0,596.0,652.0,655.0,676.0,690.0,693.0,721.0,726.0,741.0,790.0,793.0,807.0,828.0,831.0,862.0,871.0,890.0,893.0,905.0,925.0,938.0,953.0,988.0,993.0,999.0,
103.0,112.0,137.0,162.0,185.0,228.0,234.0,319.0,393.0,424.0,431.0,463.0,497.0,548.0,612.0,650.0,659.0,666.0,699.0,710.0,736.0,736.0,740.0,763.0,768.0,768.0,772.0,798.0,834.0,852.0,879.0,911.0,935.0,960.0,
38.0,92.0,122.0,159.0,218.0,267.0,275.0,292.0,312.0,345.0,416.0,451.0,566.0,614.0,628.0,630.0,666.0,698.0,711.0,728.0,748.0,748.0,763.0,769.0,778.0,785.0,786.0,820.0,825.0,851.0,
13.0,116.0,185.0,186.0,193.0,231.0,274.0,315.0,316.0,320.0,351.0,356.0,364.0,384.0,413.0,431.0,505.0,570.0,576.0,603.0,646.0,735.0,845.0,845.0,875.0,878.0,895.0,898.0,917.0,931.0,996.0,
41.0,143.0,144.0,151.0,220.0,285.0,303.0,308.0,310.0,333.0,410.0,443.0,446.0,518.0,531.0,557.0,579.0,580.0,603.0,619.0,740.0,743.0,783.0,827.0,851.0,894.0,915.0,923.0,924.0,934.0,960.0,972.0,978.0,
5.0,54.0,87.0,174.0,187.0,217.0,236.0,256.0,265.0,326.0,330.0,344.0,364.0,369.0,390.0,396.0,427.0,430.0,462.0,463.0,496.0,504.0,551.0,563.0,654.0,700.0,704.0,707.0,739.0,746.0,765.0,773.0,808.0,852.0,864.0,869.0,897.0,899.0,914.0,928.0,946.0,949.0,951.0,953.0,984.0,999.0,
23.0,81.0,82.0,152.0,169.0,171.0,190.0,199.0,224.0,226.0,234.0,245.0,262.0,330.0,408.0,434.0,470.0,496.0,611.0,654.0,703.0,743.0,766.0,771.0,784.0,787.0,833.0,843.0,846.0,925.0,988.0,995.0,
37.0,77.0,85.0,200.0,206.0,223.0,306.0,317.0,338.0,347.0,353.0,356.0,365.0,371.0,377.0,386.0,519.0,554.0,564.0,578.0,608.0,666.0,723.0,760.0,776.0,801.0,824.0,834.0,862.0,885.0,919.0,935.0,979.0,
4.0,9.0,16.0,17.0,17.0,32.0,91.0,94.0,114.0,131.0,132.0,136.0,165.0,199.0,286.0,307.0,347.0,402.0,408.0,414.0,433.0,463.0,466.0,493.0,526.0,532.0,535.0,633.0,695.0,768.0,802.0,900.0,935.0,967.0,
16.0,22.0,71.0,83.0,100.0,109.0,116.0,127.0,170.0,223.0,230.0,260.0,283.0,380.0,414.0,434.0,453.0,530.0,534.0,536.0,610.0,625.0,643.0,684.0,715.0,727.0,749.0,751.0,751.0,765.0,796.0,815.0,824.0,842.0,856.0,860.0,880.0,983.0,
9.0,93.0,140.0,155.0,194.0,196.0,212.0,218.0,261.0,282.0,293.0,313.0,319.0,327.0,330.0,407.0,448.0,458.0,507.0,529.0,583.0,596.0,600.0,662.0,710.0,750.0,751.0,774.0,782.0,809.0,819.0,821.0,860.0,925.0,931.0,956.0,997.0,
2.0,6.0,8.0,29.0,44.0,68.0,97.0,136.0,148.0,149.0,153.0,157.0,157.0,201.0,239.0,240.0,285.0,298.0,299.0,305.0,357.0,376.0,380.0,422.0,439.0,440.0,503.0,507.0,519.0,532.0,533.0,566.0,567.0,627.0,633.0,663.0,680.0,681.0,707.0,724.0,753.0,754.0,773.0,790.0,791.0,808.0,872.0,892.0,898.0,916.0,917.0,936.0,970.0,978.0,992.0,999.0,
62.0,161.0,165.0,180.0,256.0,291.0,309.0,316.0,371.0,394.0,404.0,417.0,424.0,429.0,442.0,458.0,493.0,503.0,520.0,523.0,547.0,570.0,582.0,589.0,592.0,600.0,617.0,662.0,666.0,693.0,697.0,740.0,817.0,826.0,885.0,922.0,937.0,950.0,961.0,
9.0,11.0,20.0,27.0,30.0,41.0,54.0,54.0,56.0,92.0,97.0,105.0,122.0,144.0,176.0,182.0,191.0,347.0,425.0,441.0,449.0,487.0,500.0,516.0,548.0,560.0,564.0,565.0,590.0,648.0,688.0,700.0,747.0,758.0,787.0,807.0,823.0,833.0,838.0,891.0,906.0,912.0,935.0,949.0,
11.0,25.0,37.0,50.0,51.0,56.0,74.0,78.0,90.0,94.0,99.0,143.0,182.0,189.0,202.0,234.0,343.0,365.0,386.0,388.0,409.0,410.0,426.0,463.0,465.0,492.0,494.0,560.0,585.0,630.0,644.0,678.0,713.0,729.0,743.0,745.0,758.0,785.0,829.0,956.0,
25.0,38.0,64.0,69.0,75.0,80.0,82.0,97.0,109.0,122.0,172.0,182.0,193.0,203.0,227.0,259.0,299.0,305.0,314.0,319.0,356.0,432.0,511.0,511.0,541.0,569.0,587.0,636.0,646.0,649.0,673.0,683.0,692.0,697.0,719.0,736.0,769.0,807.0,820.0,878.0,915.0,923.0,955.0,956.0,
5.0,32.0,83.0,101.0,164.0,169.0,190.0,200.0,222.0,238.0,269.0,274.0,279.0,342.0,380.0,414.0,539.0,628.0,644.0,703.0,809.0,815.0,957.0,979.0,
