26.0,34.0,42.0,57.0,71.0,91.0,131.0,137.0,154.0,175.0,247.0,325.0,328.0,461.0,481.0,484.0,531.0,597.0,636.0,643.0,654.0,671.0,694.0,699.0,702.0,705.0,732.0,734.0,769.0,790.0,800.0,800.0,865.0,876.0,887.0,897.0,910.0,935.0,979.0,
6.0,55.0,59.0,106.0,121.0,148.0,150.0,202.0,233.0,291.0,294.0,310.0,329.0,345.0,375.0,499.0,544.0,559.0,568.0,591.0,607.0,644.0,695.0,701.0,708.0,735.0,781.0,793.0,832.0,842.0,846.0,878.0,891.0,892.0,906.0,956.0,957.0,
32.0,43.0,63.0,69.0,74.0,120.0,175.0,178.0,201.0,207.0,216.0,274.0,368.0,403.0,410.0,431.0,431.0,496.0,498.0,519.0,585.0,662.0,725.0,743.0,762.0,794.0,837.0,850.0,882.0,882.0,883.0,894.0,917.0,986.0,998.0,
6.0,53.0,108.0,114.0,251.0,277.0,278.0,321.0,435.0,481.0,485.0,541.0,565.0,593.0,598.0,612.0,657.0,671.0,689.0,703.0,745.0,766.0,782.0,786.0,811.0,813.0,818.0,856.0,881.0,884.0,923.0,941.0,956.0,969.0,976.0,
40.0,49.0,71.0,82.0,87.0,128.0,152.0,182.0,231.0,260.0,280.0,285.0,296.0,548.0,581.0,682.0,758.0,796.0,807.0,843.0,897.0,923.0,
15.0,40.0,56.0,56.0,87.0,130.0,175.0,226.0,259.0,281.0,285.0,297.0,336.0,430.0,440.0,490.0,549.0,553.0,564.0,578.0,625.0,657.0,661.0,714.0,721.0,775.0,789.0,824.0,857.0,860.0,868.0,883.0,948.0,954.0,966.0,985.0,989.0,
29.0,34.0,101.0,137.0,196.0,201.0,218.0,289.0,365.0,416.0,441.0,447.0,457.0,476.0,477.0,530.0,545.0,597.0,854.0,879.0,901.0,962.0,969.0,985.0,992.0,
63.0,81.0,109.0,127.0,132.0,178.0,245.0,264.0,275.0,275.0,363.0,383.0,420.0,421.0,435.0,467.0,471.0,500.0,525.0,538.0,573.0,580.0,668.0,688.0,694.0,710.0,712.0,730.0,766.0,794.0,802.0,803.0,804.0,808.0,817.0,850.0,851.0,953.0,958.0,974.0,975.0,981.0,995.0,
14.0,17.0,18.0,34.0,36.0,51.0,71.0,94.0,101.0,109.0,123.0,130.0,160.0,228.0,233.0,236.0,243.0,272.0,284.0,295.0,352.0,357.0,374.0,400.0,408.0,413.0,417.0,437.0,455.0,458.0,470.0,481.0,541.0,554.0,562.0,591.0,591.0,616.0,629.0,636.0,648.0,698.0,708.0,777.0,780.0,790.0,944.0,
14.0,29.0,40.0,80.0,86.0,94.0,124.0,171.0,173.0,174.0,185.0,190.0,194.0,234.0,300.0,328.0,375.0,396.0,403.0,434.0,458.0,465.0,470.0,474.0,531.0,531.0,535.0,548.0,560.0,590.0,605.0,622.0,625.0,636.0,713.0,808.0,808.0,816.0,866.0,967.0,
136.0,156.0,237.0,260.0,283.0,299.0,306.0,330.0,358.0,363.0,370.0,375.0,487.0,492.0,504.0,507.0,568.0,587.0,636.0,701.0,732.0,761.0,812.0,842.0,858.0,867.0,868.0,958.0,965.0,994.0,
50.0,59.0,162.0,246.0,253.0,272.0,297.0,317.0,351.0,363.0,383.0,391.0,409.0,425.0,434.0,437.0,449.0,468.0,540.0,647.0,681.0,707.0,709.0,751.0,773.0,801.0,888.0,899.0,913.0,948.0,969.0,980.0,
4.0,59.0,109.0,183.0,185.0,198.0,219.0,227.0,239.0,267.0,300.0,321.0,343.0,360.0,383.0,449.0,484.0,507.0,514.0,600.0,615.0,631.0,636.0,645.0,660.0,675.0,675.0,745.0,795.0,820.0,834.0,845.0,908.0,960.0,999.0,
6.0,15.0,79.0,124.0,132.0,285.0,355.0,379.0,401.0,407.0,429.0,437.0,449.0,486.0,498.0,531.0,568.0,599.0,613.0,664.0,668.0,720.0,721.0,800.0,885.0,971.0,
17.0,31.0,109.0,135.0,164.0,165.0,179.0,180.0,213.0,225.0,245.0,266.0,295.0,297.0,408.0,450.0,465.0,471.0,487.0,514.0,527.0,552.0,680.0,683.0,719.0,737.0,830.0,855.0,
7.0,14.0,15.0,35.0,42.0,88.0,115.0,144.0,162.0,191.0,268.0,275.0,279.0,285.0,313.0,331.0,358.0,401.0,453.0,455.0,482.0,494.0,533.0,549.0,632.0,741.0,770.0,797.0,828.0,894.0,918.0,958.0,992.0,994.0,998.0,
38.0,46.0,92.0,93.0,137.0,141.0,223.0,232.0,253.0,272.0,314.0,328.0,341.0,414.0,428.0,429.0,438.0,449.0,488.0,502.0,536.0,539.0,557.0,564.0,583.0,601.0,627.0,652.0,725.0,738.0,794.0,809.0,845.0,878.0,887.0,923.0,932.0,967.0,980.0,
83.0,88.0,102.0,107.0,119.0,142.0,149.0,206.0,222.0,243.0,249.0,268.0,281.0,293.0,380.0,390.0,411.0,427.0,439.0,444.0,475.0,480.0,480.0,485.0,493.0,534.0,535.0,548.0,612.0,673.0,677.0,686.0,686.0,774.0,838.0,853.0,878.0,906.0,921.0,927.0,977.0,1000.0,
3.0,24.0,177.0,180.0,188.0,248.0,253.0,311.0,428.0,452.0,533.0,573.0,647.0,674.0,706.0,707.0,735.0,747.0,874.0,926.0,959.0,970.0,
9.0,45.0,48.0,140.0,172.0,173.0,180.0,264.0,269.0,276.0,284.0,331.0,375.0,408.0,430.0,497.0,506.0,521.0,531.0,557.0,624.0,663.0,674.0,714.0,715.0,731.0,795.0,821.0,847.0,856.0,877.0,888.0,893.0,933.0,938.0,958.0,994.0,
21.0,31.0,36.0,109.0,153.0,180.0,255.0,276.0,284.0,314.0,413.0,419.0,437.0,484.0,488.0,499.0,507.0,535.0,553.0,634.0,676.0,682.0,719.0,790.0,792.0,879.0,965.0,977.0,978.0,996.0,
70.0,97.0,116.0,134.0,139.0,169.0,187.0,241.0,284.0,312.0,330.0,339.0,395.0,400.0,416.0,419.0,464.0,504.0,510.0,575.0,578.0,623.0,624.0,754.0,765.0,790.0,808.0,816.0,828.0,841.0,870.0,880.0,882.0,937.0,985.0,
27.0,29.0,42.0,157.0,210.0,283.0,322.0,326.0,355.0,361.0,378.0,397.0,404.0,410.0,450.0,492.0,508.0,551.0,558.0,570.0,652.0,672.0,679.0,774.0,786.0,883.0,952.0,953.0,989.0,
49.0,158.0,186.0,232.0,260.0,260.0,265.0,275.0,295.0,307.0,325.0,340.0,370.0,375.0,381.0,399.0,411.0,417.0,432.0,522.0,542.0,597.0,618.0,689.0,693.0,720.0,722.0,731.0,811.0,989.0,
55.0,64.0,163.0,172.0,246.0,269.0,279.0,309.0,346.0,418.0,428.0,428.0,450.0,450.0,457.0,473.0,490.0,537.0,537.0,551.0,552.0,556.0,556.0,588.0,608.0,626.0,633.0,636.0,650.0,766.0,798.0,877.0,985.0,987.0,987.0,992.0,
9.0,9.0,51.0,68.0,72.0,85.0,161.0,173.0,250.0,274.0,295.0,302.0,303.0,325.0,437.0,449.0,494.0,526.0,543.0,567.0,571.0,577.0,658.0,669.0,714.0,806.0,826.0,831.0,832.0,852.0,855.0,862.0,866.0,888.0,899.0,972.0,
46.0,70.0,107.0,144.0,175.0,190.0,246.0,256.0,288.0,310.0,310.0,367.0,405.0,423.0,454.0,477.0,509.0,525.0,542.0,571.0,660.0,736.0,742.0,771.0,790.0,817.0,826.0,833.0,844.0,860.0,893.0,901.0,920.0,951.0,959.0,993.0,994.0,
167.0,205.0,214.0,218.0,219.0,234.0,272.0,297.0,306.0,324.0,357.0,370.0,373.0,399.0,434.0,444.0,453.0,458.0,487.0,517.0,539.0,549.0,560.0,573.0,625.0,669.0,680.0,683.0,684.0,708.0,729.0,729.0,735.0,744.0,746.0,750.0,872.0,958.0,
10.0,53.0,61.0,75.0,104.0,115.0,148.0,150.0,160.0,186.0,187.0,290.0,291.0,305.0,328.0,329.0,329.0,329.0,399.0,497.0,503.0,540.0,574.0,617.0,684.0,787.0,829.0,856.0,890.0,890.0,893.0,928.0,929.0,933.0,968.0,
15.0,20.0,21.0,28.0,31.0,50.0,73.0,125.0,142.0,145.0,146.0,176.0,179.0,190.0,208.0,256.0,272.0,304.0,328.0,353.0,366.0,380.0,390.0,411.0,420.0,447.0,468.0,480.0,489.0,509.0,517.0,527.0,534.0,536.0,548.0,549.0,570.0,571.0,571.0,586.0,627.0,631.0,665.0,668.0,707.0,715.0,754.0,769.0,772.0,847.0,864.0,867.0,883.0,887.0,889.0,928.0,950.0,968.0,
20.0,32.0,76.0,126.0,183.0,191.0,193.0,205.0,209.0,209.0,211.0,283.0,299.0,318.0,358.0,363.0,379.0,393.0,477.0,491.0,498.0,503.0,506.0,541.0,550.0,566.0,644.0,645.0,750.0,761.0,790.0,806.0,822.0,859.0,867.0,927.0,928.0,939.0,975.0,
18.0,55.0,60.0,68.0,82.0,114.0,197.0,199.0,203.0,232.0,262.0,265.0,270.0,299.0,328.0,358.0,443.0,462.0,473.0,515.0,520.0,548.0,566.0,584.0,608.0,646.0,656.0,658.0,693.0,697.0,722.0,730.0,741.0,755.0,766.0,769.0,788.0,792.0,794.0,798.0,880.0,885.0,893.0,926.0,932.0,934.0,939.0,985.0,
96.0,107.0,121.0,129.0,142.0,249.0,291.0,306.0,336.0,355.0,368.0,380.0,383.0,387.0,437.0,450.0,472.0,504.0,513.0,545.0,682.0,685.0,691.0,700.0,706.0,713.0,718.0,721.0,722.0,723.0,739.0,902.0,944.0,948.0,954.0,
11.0,83.0,88.0,145.0,166.0,168.0,185.0,189.0,245.0,262.0,299.0,300.0,303.0,307.0,353.0,379.0,402.0,410.0,455.0,466.0,475.0,478.0,488.0,511.0,552.0,559.0,564.0,586.0,604.0,632.0,636.0,684.0,716.0,760.0,766.0,776.0,850.0,858.0,876.0,901.0,931.0,977.0,994.0,
11.0,31.0,75.0,119.0,191.0,228.0,311.0,314.0,325.0,333.0,385.0,401.0,403.0,440.0,456.0,490.0,496.0,505.0,509.0,518.0,535.0,541.0,564.0,568.0,594.0,625.0,629.0,647.0,649.0,691.0,711.0,729.0,741.0,769.0,772.0,788.0,798.0,801.0,839.0,850.0,884.0,885.0,894.0,921.0,943.0,965.0,983.0,
2.0,17.0,42.0,51.0,51.0,70.0,75.0,79.0,94.0,103.0,140.0,144.0,179.0,181.0,237.0,253.0,278.0,357.0,361.0,374.0,400.0,414.0,417.0,440.0,476.0,477.0,490.0,515.0,517.0,517.0,523.0,527.0,528.0,529.0,531.0,537.0,542.0,543.0,549.0,550.0,559.0,564.0,565.0,574.0,576.0,576.0,578.0,578.0,602.0,604.0,606.0,611.0,617.0,619.0,620.0,624.0,635.0,643.0,643.0,654.0,656.0,662.0,672.0,673.0,677.0,685.0,701.0,728.0,758.0,788.0,792.0,804.0,811.0,821.0,829.0,853.0,858.0,860.0,863.0,874.0,895.0,908.0,922.0,932.0,959.0,990.0,996.0,
26.0,61.0,80.0,129.0,133.0,162.0,173.0,178.0,206.0,217.0,222.0,231.0,272.0,273.0,288.0,288.0,293.0,299.0,305.0,366.0,413.0,421.0,429.0,468.0,486.0,493.0,516.0,524.0,529.0,533.0,543.0,556.0,561.0,562.0,566.0,567.0,573.0,578.0,582.0,595.0,605.0,607.0,615.0,623.0,623.0,635.0,641.0,653.0,655.0,656.0,669.0,669.0,670.0,709.0,710.0,720.0,775.0,778.0,793.0,793.0,808.0,810.0,825.0,838.0,842.0,855.0,865.0,882.0,885.0,896.0,900.0,903.0,909.0,915.0,958.0,965.0,975.0,983.0,985.0,997.0,1000.0,
6.0,95.0,95.0,96.0,120.0,134.0,154.0,157.0,210.0,216.0,305.0,354.0,355.0,387.0,389.0,412.0,466.0,515.0,524.0,529.0,543.0,545.0,560.0,604.0,662.0,666.0,718.0,741.0,820.0,834.0,863.0,894.0,916.0,926.0,955.0,956.0,971.0,977.0,
20.0,27.0,37.0,49.0,55.0,104.0,107.0,132.0,159.0,160.0,290.0,327.0,344.0,389.0,401.0,419.0,446.0,464.0,487.0,505.0,509.0,524.0,569.0,640.0,641.0,649.0,713.0,764.0,768.0,779.0,782.0,832.0,846.0,875.0,884.0,890.0,981.0,
95.0,104.0,117.0,142.0,147.0,175.0,186.0,289.0,304.0,316.0,317.0,356.0,380.0,396.0,444.0,446.0,464.0,472.0,482.0,514.0,518.0,529.0,551.0,596.0,671.0,687.0,692.0,783.0,786.0,795.0,795.0,802.0,823.0,826.0,848.0,848.0,984.0,
14.0,17.0,29.0,32.0,39.0,48.0,55.0,57.0,189.0,211.0,211.0,243.0,243.0,244.0,287.0,291.0,323.0,328.0,349.0,353.0,366.0,369.0,415.0,477.0,510.0,599.0,625.0,648.0,684.0,738.0,769.0,803.0,853.0,879.0,918.0,955.0,
25.0,95.0,113.0,201.0,222.0,224.0,242.0,246.0,246.0,319.0,358.0,364.0,413.0,417.0,445.0,453.0,475.0,485.0,491.0,514.0,523.0,551.0,598.0,606.0,609.0,667.0,677.0,700.0,713.0,769.0,789.0,871.0,875.0,879.0,914.0,918.0,925.0,
72.0,81.0,97.0,115.0,116.0,148.0,166.0,183.0,183.0,242.0,260.0,281.0,283.0,291.0,314.0,328.0,383.0,412.0,456.0,536.0,539.0,542.0,544.0,545.0,559.0,575.0,585.0,656.0,657.0,694.0,710.0,714.0,776.0,786.0,788.0,861.0,899.0,917.0,934.0,965.0,994.0,
35.0,68.0,125.0,147.0,198.0,202.0,206.0,243.0,256.0,267.0,293.0,305.0,328.0,336.0,372.0,402.0,425.0,483.0,503.0,521.0,524.0,537.0,539.0,540.0,544.0,545.0,548.0,550.0,559.0,560.0,563.0,565.0,569.0,569.0,571.0,575.0,584.0,594.0,595.0,627.0,640.0,649.0,660.0,668.0,679.0,693.0,703.0,711.0,720.0,771.0,789.0,805.0,805.0,835.0,846.0,868.0,889.0,914.0,921.0,923.0,932.0,935.0,955.0,957.0,971.0,975.0,998.0,
24.0,41.0,85.0,135.0,152.0,152.0,275.0,293.0,317.0,331.0,361.0,381.0,386.0,422.0,423.0,423.0,502.0,504.0,518.0,526.0,528.0,541.0,546.0,549.0,553.0,560.0,566.0,576.0,584.0,595.0,601.0,607.0,608.0,624.0,640.0,642.0,654.0,682.0,683.0,709.0,710.0,748.0,778.0,791.0,793.0,795.0,805.0,811.0,834.0,837.0,848.0,872.0,881.0,890.0,910.0,913.0,923.0,941.0,944.0,947.0,973.0,991.0,
82.0,161.0,203.0,232.0,238.0,246.0,250.0,316.0,322.0,348.0,426.0,461.0,483.0,483.0,517.0,520.0,521.0,525.0,526.0,532.0,536.0,543.0,546.0,547.0,549.0,552.0,573.0,573.0,577.0,578.0,581.0,586.0,601.0,609.0,621.0,621.0,628.0,631.0,636.0,648.0,659.0,687.0,709.0,721.0,739.0,740.0,757.0,764.0,771.0,773.0,783.0,790.0,805.0,805.0,805.0,827.0,831.0,838.0,875.0,877.0,878.0,895.0,900.0,905.0,915.0,925.0,947.0,962.0,967.0,974.0,982.0,995.0,
18.0,61.0,96.0,106.0,111.0,120.0,135.0,161.0,165.0,205.0,226.0,272.0,278.0,279.0,350.0,375.0,385.0,410.0,428.0,441.0,450.0,494.0,513.0,517.0,523.0,525.0,544.0,549.0,556.0,558.0,561.0,563.0,566.0,577.0,584.0,589.0,594.0,599.0,607.0,613.0,629.0,637.0,666.0,677.0,692.0,698.0,699.0,700.0,703.0,710.0,721.0,723.0,734.0,748.0,759.0,760.0,774.0,779.0,782.0,788.0,790.0,792.0,794.0,806.0,813.0,845.0,847.0,866.0,872.0,888.0,894.0,930.0,936.0,965.0,965.0,978.0,
15.0,24.0,83.0,170.0,213.0,219.0,277.0,330.0,349.0,358.0,374.0,403.0,428.0,432.0,441.0,480.0,486.0,512.0,512.0,515.0,532.0,536.0,541.0,541.0,556.0,577.0,585.0,589.0,596.0,612.0,617.0,619.0,626.0,629.0,636.0,640.0,671.0,684.0,751.0,775.0,783.0,799.0,848.0,894.0,911.0,922.0,938.0,948.0,950.0,965.0,967.0,968.0,979.0,992.0,1000.0,
59.0,129.0,138.0,155.0,221.0,240.0,338.0,353.0,390.0,408.0,411.0,489.0,495.0,511.0,524.0,527.0,553.0,553.0,559.0,576.0,577.0,579.0,667.0,688.0,701.0,716.0,767.0,813.0,904.0,933.0,934.0,940.0,992.0,1000.0,
23.0,25.0,30.0,47.0,68.0,73.0,76.0,98.0,111.0,141.0,181.0,200.0,229.0,235.0,245.0,257.0,397.0,418.0,433.0,435.0,449.0,453.0,503.0,567.0,602.0,644.0,739.0,808.0,818.0,913.0,921.0,923.0,929.0,995.0,
17.0,44.0,126.0,133.0,153.0,159.0,184.0,192.0,206.0,208.0,211.0,259.0,279.0,280.0,358.0,424.0,429.0,439.0,464.0,486.0,498.0,508.0,526.0,553.0,572.0,596.0,597.0,665.0,698.0,729.0,737.0,766.0,766.0,778.0,809.0,824.0,928.0,930.0,933.0,
4.0,11.0,33.0,120.0,146.0,195.0,217.0,220.0,221.0,241.0,251.0,283.0,315.0,352.0,399.0,404.0,418.0,429.0,439.0,476.0,638.0,675.0,726.0,755.0,767.0,853.0,942.0,956.0,962.0,980.0,995.0,996.0,
63.0,66.0,70.0,71.0,81.0,122.0,173.0,188.0,200.0,211.0,219.0,241.0,412.0,415.0,417.0,418.0,435.0,443.0,466.0,479.0,481.0,492.0,494.0,497.0,498.0,502.0,531.0,559.0,657.0,667.0,671.0,677.0,695.0,712.0,716.0,722.0,750.0,783.0,838.0,898.0,901.0,901.0,908.0,926.0,
12.0,12.0,25.0,31.0,77.0,104.0,157.0,175.0,197.0,223.0,263.0,367.0,376.0,402.0,407.0,407.0,502.0,512.0,532.0,533.0,534.0,542.0,544.0,554.0,557.0,559.0,559.0,560.0,560.0,561.0,563.0,565.0,568.0,574.0,575.0,594.0,597.0,604.0,611.0,622.0,623.0,625.0,628.0,635.0,637.0,646.0,656.0,708.0,715.0,731.0,734.0,735.0,744.0,775.0,795.0,801.0,868.0,884.0,906.0,909.0,910.0,929.0,954.0,965.0,977.0,990.0,990.0,992.0,
50.0,65.0,175.0,191.0,250.0,316.0,412.0,434.0,500.0,503.0,533.0,534.0,535.0,537.0,542.0,565.0,566.0,567.0,580.0,583.0,584.0,587.0,589.0,596.0,601.0,645.0,651.0,662.0,676.0,679.0,726.0,740.0,744.0,768.0,825.0,839.0,878.0,889.0,898.0,901.0,908.0,972.0,978.0,
21.0,25.0,182.0,192.0,212.0,230.0,231.0,231.0,274.0,284.0,319.0,358.0,383.0,400.0,417.0,418.0,433.0,471.0,485.0,516.0,522.0,528.0,535.0,538.0,548.0,549.0,551.0,554.0,556.0,568.0,571.0,572.0,588.0,599.0,609.0,615.0,640.0,650.0,665.0,665.0,669.0,685.0,693.0,693.0,699.0,729.0,773.0,800.0,802.0,814.0,816.0,840.0,866.0,868.0,871.0,873.0,889.0,892.0,904.0,941.0,945.0,
12.0,78.0,83.0,201.0,203.0,218.0,231.0,249.0,317.0,344.0,353.0,361.0,367.0,381.0,386.0,393.0,431.0,465.0,473.0,497.0,511.0,519.0,521.0,528.0,529.0,532.0,536.0,537.0,537.0,546.0,547.0,556.0,560.0,562.0,579.0,581.0,589.0,593.0,596.0,604.0,620.0,624.0,628.0,638.0,640.0,642.0,692.0,738.0,739.0,746.0,751.0,796.0,798.0,827.0,833.0,845.0,854.0,860.0,872.0,898.0,936.0,954.0,958.0,972.0,978.0,981.0,988.0,988.0,
4.0,7.0,46.0,131.0,138.0,172.0,185.0,219.0,259.0,267.0,273.0,340.0,360.0,361.0,393.0,433.0,446.0,464.0,470.0,508.0,515.0,534.0,543.0,560.0,564.0,564.0,565.0,588.0,592.0,600.0,604.0,615.0,626.0,631.0,637.0,647.0,652.0,653.0,657.0,660.0,667.0,690.0,696.0,718.0,722.0,736.0,746.0,758.0,766.0,768.0,789.0,796.0,797.0,817.0,824.0,828.0,828.0,836.0,844.0,848.0,854.0,868.0,880.0,887.0,896.0,899.0,918.0,920.0,925.0,983.0,
9.0,78.0,91.0,94.0,125.0,197.0,205.0,249.0,323.0,328.0,333.0,377.0,412.0,442.0,474.0,480.0,527.0,552.0,575.0,610.0,627.0,651.0,682.0,862.0,931.0,960.0,985.0,
3.0,18.0,117.0,156.0,157.0,183.0,322.0,331.0,357.0,372.0,404.0,406.0,432.0,452.0,477.0,484.0,512.0,526.0,561.0,590.0,655.0,677.0,694.0,732.0,746.0,803.0,803.0,820.0,852.0,890.0,
35.0,87.0,123.0,156.0,188.0,247.0,265.0,285.0,289.0,339.0,376.0,409.0,418.0,421.0,449.0,526.0,528.0,531.0,557.0,563.0,570.0,578.0,601.0,619.0,623.0,628.0,644.0,669.0,721.0,778.0,807.0,853.0,861.0,896.0,946.0,952.0,971.0,
37.0,42.0,52.0,121.0,175.0,198.0,203.0,294.0,299.0,303.0,320.0,366.0,369.0,389.0,405.0,456.0,523.0,591.0,597.0,599.0,608.0,664.0,680.0,700.0,841.0,858.0,862.0,
30.0,34.0,34.0,53.0,79.0,81.0,189.0,195.0,233.0,285.0,312.0,329.0,396.0,452.0,457.0,470.0,507.0,525.0,567.0,567.0,581.0,617.0,633.0,678.0,700.0,750.0,754.0,819.0,860.0,931.0,950.0,979.0,
3.0,101.0,139.0,140.0,145.0,152.0,222.0,267.0,270.0,275.0,336.0,341.0,387.0,403.0,477.0,520.0,521.0,534.0,535.0,542.0,547.0,550.0,551.0,555.0,557.0,565.0,566.0,570.0,580.0,609.0,612.0,614.0,627.0,633.0,637.0,638.0,639.0,639.0,648.0,652.0,667.0,673.0,688.0,699.0,700.0,707.0,719.0,733.0,772.0,782.0,799.0,813.0,815.0,843.0,865.0,871.0,888.0,903.0,903.0,946.0,950.0,951.0,955.0,959.0,995.0,
24.0,33.0,45.0,110.0,159.0,166.0,170.0,173.0,194.0,223.0,236.0,277.0,278.0,353.0,416.0,450.0,450.0,472.0,487.0,510.0,532.0,533.0,545.0,550.0,554.0,557.0,559.0,560.0,571.0,592.0,610.0,614.0,622.0,624.0,628.0,632.0,633.0,634.0,646.0,649.0,649.0,657.0,677.0,696.0,696.0,705.0,719.0,729.0,747.0,755.0,777.0,825.0,842.0,843.0,853.0,894.0,903.0,922.0,925.0,930.0,941.0,944.0,962.0,986.0,
114.0,115.0,137.0,139.0,171.0,200.0,210.0,214.0,221.0,274.0,313.0,365.0,381.0,387.0,422.0,455.0,489.0,503.0,513.0,523.0,524.0,531.0,532.0,539.0,543.0,545.0,549.0,552.0,568.0,571.0,578.0,579.0,580.0,603.0,618.0,633.0,650.0,666.0,669.0,693.0,707.0,709.0,710.0,711.0,722.0,745.0,777.0,786.0,802.0,807.0,813.0,824.0,825.0,861.0,865.0,883.0,932.0,958.0,970.0,974.0,977.0,
35.0,62.0,67.0,118.0,140.0,145.0,165.0,193.0,201.0,214.0,240.0,348.0,423.0,450.0,486.0,499.0,531.0,533.0,534.0,536.0,537.0,544.0,544.0,558.0,565.0,577.0,584.0,586.0,604.0,611.0,619.0,625.0,625.0,626.0,627.0,633.0,648.0,651.0,652.0,668.0,670.0,692.0,722.0,724.0,725.0,730.0,736.0,743.0,747.0,765.0,797.0,821.0,826.0,883.0,887.0,935.0,944.0,959.0,988.0,
3.0,5.0,22.0,35.0,43.0,47.0,47.0,79.0,115.0,125.0,132.0,133.0,183.0,186.0,196.0,208.0,271.0,295.0,353.0,429.0,500.0,508.0,516.0,516.0,523.0,535.0,537.0,549.0,551.0,570.0,571.0,571.0,573.0,592.0,601.0,602.0,603.0,606.0,607.0,609.0,632.0,636.0,638.0,650.0,667.0,685.0,686.0,694.0,714.0,724.0,727.0,736.0,778.0,778.0,788.0,796.0,812.0,813.0,814.0,851.0,903.0,904.0,909.0,916.0,924.0,936.0,949.0,954.0,957.0,981.0,992.0,
25.0,43.0,103.0,133.0,166.0,178.0,181.0,219.0,234.0,285.0,351.0,408.0,440.0,483.0,528.0,553.0,574.0,584.0,609.0,652.0,763.0,789.0,789.0,815.0,887.0,959.0,969.0,
8.0,31.0,33.0,44.0,50.0,92.0,116.0,135.0,162.0,192.0,204.0,206.0,235.0,244.0,251.0,252.0,262.0,265.0,295.0,328.0,339.0,339.0,347.0,361.0,363.0,403.0,440.0,456.0,479.0,480.0,482.0,556.0,563.0,619.0,638.0,696.0,736.0,778.0,829.0,883.0,911.0,939.0,
3.0,7.0,23.0,63.0,90.0,128.0,153.0,190.0,203.0,246.0,258.0,314.0,380.0,414.0,414.0,418.0,456.0,490.0,495.0,519.0,520.0,544.0,582.0,600.0,617.0,645.0,704.0,705.0,715.0,722.0,790.0,794.0,869.0,920.0,924.0,936.0,943.0,970.0,979.0,
4.0,46.0,66.0,87.0,114.0,138.0,176.0,280.0,290.0,302.0,314.0,319.0,331.0,348.0,356.0,364.0,390.0,391.0,432.0,474.0,498.0,551.0,554.0,575.0,582.0,590.0,608.0,628.0,653.0,657.0,669.0,681.0,738.0,743.0,748.0,764.0,776.0,778.0,793.0,843.0,902.0,986.0,
17.0,170.0,170.0,178.0,194.0,202.0,217.0,256.0,341.0,370.0,373.0,412.0,424.0,456.0,475.0,480.0,531.0,531.0,538.0,548.0,580.0,609.0,627.0,664.0,722.0,794.0,816.0,836.0,846.0,902.0,921.0,927.0,
16.0,28.0,57.0,59.0,79.0,123.0,146.0,156.0,156.0,231.0,264.0,308.0,319.0,360.0,414.0,501.0,512.0,533.0,542.0,548.0,553.0,560.0,569.0,570.0,573.0,596.0,627.0,646.0,649.0,674.0,681.0,714.0,732.0,732.0,762.0,838.0,912.0,974.0,982.0,997.0,
16.0,29.0,63.0,113.0,132.0,151.0,195.0,205.0,223.0,278.0,307.0,316.0,398.0,408.0,429.0,437.0,478.0,520.0,522.0,523.0,524.0,529.0,541.0,549.0,549.0,552.0,553.0,561.0,564.0,579.0,583.0,588.0,589.0,593.0,594.0,606.0,615.0,634.0,642.0,642.0,644.0,646.0,649.0,650.0,665.0,685.0,686.0,688.0,692.0,712.0,715.0,718.0,731.0,742.0,799.0,812.0,820.0,846.0,854.0,881.0,885.0,887.0,900.0,909.0,915.0,936.0,953.0,957.0,962.0,980.0,
48.0,65.0,87.0,128.0,139.0,162.0,176.0,179.0,210.0,232.0,263.0,312.0,314.0,328.0,425.0,451.0,464.0,479.0,494.0,511.0,522.0,529.0,538.0,540.0,543.0,544.0,557.0,571.0,576.0,576.0,581.0,592.0,595.0,612.0,625.0,631.0,644.0,648.0,651.0,658.0,665.0,665.0,671.0,702.0,735.0,737.0,739.0,756.0,765.0,773.0,776.0,786.0,789.0,791.0,794.0,801.0,808.0,818.0,849.0,853.0,865.0,870.0,899.0,902.0,908.0,910.0,929.0,930.0,944.0,953.0,962.0,981.0,989.0,995.0,
63.0,111.0,120.0,168.0,170.0,208.0,209.0,215.0,255.0,272.0,286.0,289.0,298.0,313.0,339.0,345.0,348.0,412.0,415.0,453.0,484.0,525.0,537.0,538.0,540.0,552.0,566.0,585.0,588.0,597.0,604.0,606.0,618.0,626.0,631.0,635.0,649.0,661.0,677.0,681.0,692.0,711.0,723.0,735.0,760.0,784.0,790.0,791.0,792.0,796.0,813.0,821.0,827.0,846.0,858.0,863.0,875.0,888.0,894.0,900.0,917.0,927.0,929.0,939.0,952.0,963.0,983.0,989.0,990.0,994.0,
86.0,95.0,146.0,154.0,237.0,309.0,347.0,407.0,429.0,440.0,444.0,467.0,479.0,531.0,542.0,543.0,553.0,570.0,598.0,607.0,614.0,619.0,637.0,655.0,666.0,742.0,767.0,774.0,796.0,803.0,831.0,838.0,839.0,907.0,923.0,955.0,982.0,
66.0,128.0,130.0,162.0,168.0,234.0,266.0,276.0,307.0,334.0,337.0,341.0,343.0,358.0,396.0,411.0,422.0,427.0,448.0,459.0,524.0,548.0,561.0,590.0,642.0,673.0,682.0,697.0,760.0,826.0,872.0,916.0,943.0,967.0,
78.0,125.0,176.0,233.0,234.0,266.0,291.0,297.0,298.0,305.0,326.0,381.0,426.0,433.0,441.0,454.0,503.0,507.0,540.0,576.0,587.0,590.0,604.0,607.0,678.0,682.0,714.0,727.0,728.0,730.0,755.0,795.0,801.0,811.0,823.0,823.0,831.0,851.0,
42.0,47.0,82.0,142.0,155.0,171.0,280.0,316.0,362.0,375.0,389.0,549.0,585.0,590.0,607.0,707.0,739.0,741.0,758.0,761.0,784.0,787.0,812.0,829.0,869.0,895.0,911.0,948.0,
47.0,163.0,179.0,214.0,242.0,248.0,252.0,261.0,269.0,329.0,341.0,373.0,378.0,410.0,429.0,476.0,627.0,634.0,693.0,702.0,713.0,746.0,776.0,791.0,836.0,855.0,912.0,
41.0,46.0,68.0,82.0,104.0,188.0,238.0,264.0,366.0,385.0,418.0,461.0,468.0,519.0,544.0,557.0,567.0,616.0,628.0,642.0,664.0,720.0,776.0,776.0,797.0,806.0,816.0,885.0,889.0,891.0,924.0,
12.0,14.0,84.0,91.0,93.0,108.0,172.0,186.0,198.0,201.0,251.0,262.0,268.0,272.0,295.0,313.0,363.0,417.0,521.0,557.0,562.0,622.0,746.0,
13.0,19.0,31.0,42.0,59.0,71.0,110.0,131.0,148.0,150.0,230.0,248.0,272.0,298.0,325.0,332.0,341.0,379.0,402.0,417.0,434.0,461.0,515.0,518.0,598.0,652.0,731.0,753.0,773.0,786.0,803.0,813.0,830.0,859.0,902.0,914.0,972.0,984.0,999.0,
46.0,56.0,60.0,71.0,98.0,134.0,173.0,188.0,205.0,216.0,226.0,249.0,264.0,298.0,343.0,371.0,389.0,429.0,454.0,487.0,521.0,527.0,530.0,544.0,552.0,568.0,568.0,588.0,594.0,595.0,611.0,631.0,635.0,714.0,768.0,789.0,801.0,840.0,856.0,883.0,899.0,
7.0,50.0,52.0,88.0,95.0,117.0,119.0,191.0,219.0,220.0,303.0,342.0,402.0,474.0,487.0,512.0,513.0,514.0,535.0,539.0,545.0,545.0,548.0,616.0,656.0,657.0,666.0,708.0,752.0,762.0,799.0,876.0,914.0,923.0,976.0,
2.0,19.0,59.0,71.0,75.0,91.0,94.0,104.0,106.0,132.0,159.0,194.0,202.0,209.0,244.0,295.0,298.0,313.0,364.0,421.0,447.0,456.0,518.0,519.0,539.0,546.0,580.0,614.0,645.0,651.0,676.0,682.0,762.0,793.0,853.0,957.0,960.0,
6.0,10.0,21.0,71.0,119.0,140.0,223.0,249.0,249.0,252.0,264.0,293.0,298.0,335.0,388.0,397.0,399.0,406.0,463.0,556.0,562.0,635.0,642.0,770.0,799.0,802.0,840.0,878.0,970.0,989.0,
14.0,27.0,41.0,90.0,121.0,316.0,341.0,349.0,357.0,404.0,417.0,446.0,458.0,464.0,467.0,475.0,484.0,492.0,499.0,503.0,508.0,521.0,527.0,545.0,584.0,596.0,610.0,650.0,667.0,684.0,697.0,705.0,710.0,719.0,784.0,789.0,887.0,910.0,927.0,942.0,
20.0,41.0,85.0,90.0,110.0,149.0,234.0,272.0,293.0,326.0,337.0,349.0,364.0,369.0,419.0,444.0,458.0,477.0,501.0,513.0,532.0,545.0,573.0,584.0,607.0,614.0,628.0,661.0,672.0,679.0,710.0,731.0,745.0,759.0,796.0,853.0,858.0,888.0,893.0,895.0,919.0,922.0,951.0,953.0,962.0,964.0,976.0,981.0,993.0,
35.0,37.0,45.0,46.0,138.0,162.0,169.0,185.0,207.0,220.0,277.0,300.0,303.0,326.0,369.0,454.0,456.0,478.0,510.0,541.0,543.0,574.0,596.0,629.0,674.0,733.0,764.0,812.0,813.0,881.0,927.0,936.0,936.0,944.0,1000.0,
19.0,34.0,70.0,74.0,126.0,136.0,144.0,159.0,191.0,192.0,209.0,221.0,232.0,244.0,245.0,291.0,312.0,345.0,345.0,409.0,435.0,462.0,474.0,505.0,523.0,562.0,582.0,587.0,587.0,662.0,680.0,730.0,746.0,749.0,760.0,766.0,773.0,784.0,844.0,978.0,
47.0,59.0,60.0,79.0,113.0,169.0,203.0,258.0,280.0,289.0,305.0,329.0,373.0,420.0,480.0,495.0,507.0,524.0,532.0,544.0,562.0,583.0,621.0,667.0,675.0,676.0,694.0,697.0,700.0,732.0,737.0,756.0,778.0,781.0,812.0,852.0,852.0,906.0,924.0,
12.0,22.0,41.0,132.0,168.0,208.0,259.0,268.0,299.0,326.0,402.0,403.0,417.0,423.0,438.0,468.0,495.0,510.0,518.0,524.0,524.0,528.0,545.0,546.0,595.0,653.0,699.0,704.0,831.0,860.0,902.0,913.0,932.0,965.0,978.0,984.0,
98.0,105.0,107.0,124.0,141.0,190.0,211.0,213.0,235.0,261.0,287.0,289.0,310.0,361.0,377.0,441.0,465.0,501.0,542.0,551.0,555.0,618.0,645.0,654.0,681.0,690.0,708.0,715.0,771.0,813.0,840.0,843.0,843.0,854.0,867.0,875.0,934.0,939.0,984.0,
34.0,110.0,135.0,142.0,211.0,212.0,307.0,311.0,334.0,412.0,414.0,418.0,418.0,427.0,501.0,508.0,515.0,545.0,551.0,570.0,586.0,589.0,598.0,601.0,613.0,633.0,693.0,709.0,714.0,717.0,832.0,848.0,886.0,921.0,926.0,930.0,976.0,989.0,
10.0,86.0,113.0,139.0,144.0,212.0,242.0,244.0,318.0,359.0,423.0,430.0,443.0,447.0,452.0,461.0,464.0,472.0,476.0,482.0,590.0,645.0,692.0,742.0,769.0,808.0,929.0,960.0,983.0,986.0,
15.0,27.0,28.0,54.0,75.0,103.0,107.0,135.0,147.0,159.0,172.0,204.0,207.0,210.0,219.0,249.0,336.0,344.0,380.0,404.0,517.0,572.0,644.0,650.0,661.0,787.0,800.0,804.0,826.0,909.0,939.0,958.0,979.0,993.0,
10.0,14.0,41.0,118.0,216.0,232.0,302.0,341.0,343.0,356.0,379.0,466.0,484.0,485.0,508.0,521.0,548.0,561.0,567.0,673.0,683.0,691.0,710.0,721.0,741.0,748.0,750.0,757.0,768.0,791.0,805.0,808.0,852.0,852.0,906.0,937.0,972.0,973.0,987.0,989.0,990.0,
