39.0,57.0,66.0,75.0,116.0,140.0,145.0,167.0,231.0,283.0,322.0,325.0,341.0,395.0,400.0,425.0,455.0,536.0,539.0,568.0,614.0,623.0,632.0,688.0,728.0,797.0,803.0,868.0,888.0,918.0,919.0,924.0,956.0,957.0,959.0,
23.0,50.0,73.0,90.0,145.0,146.0,151.0,163.0,169.0,193.0,207.0,227.0,280.0,282.0,336.0,336.0,363.0,373.0,376.0,378.0,408.0,415.0,417.0,423.0,447.0,495.0,504.0,532.0,535.0,545.0,582.0,633.0,637.0,674.0,763.0,807.0,826.0,834.0,930.0,952.0,963.0,979.0,
41.0,52.0,66.0,92.0,110.0,115.0,130.0,132.0,163.0,181.0,190.0,219.0,234.0,257.0,316.0,326.0,404.0,428.0,433.0,436.0,443.0,446.0,447.0,448.0,452.0,475.0,502.0,542.0,547.0,554.0,563.0,634.0,703.0,709.0,715.0,721.0,748.0,802.0,806.0,808.0,866.0,907.0,935.0,938.0,963.0,966.0,
16.0,24.0,32.0,49.0,95.0,109.0,154.0,242.0,271.0,310.0,330.0,367.0,389.0,394.0,424.0,429.0,460.0,483.0,539.0,544.0,570.0,574.0,588.0,643.0,645.0,669.0,766.0,837.0,845.0,893.0,897.0,899.0,928.0,
46.0,148.0,177.0,212.0,290.0,329.0,338.0,345.0,358.0,432.0,458.0,478.0,512.0,542.0,563.0,589.0,649.0,656.0,685.0,798.0,827.0,852.0,867.0,874.0,879.0,913.0,996.0,
35.0,43.0,75.0,82.0,104.0,112.0,125.0,144.0,248.0,271.0,305.0,322.0,333.0,347.0,425.0,493.0,523.0,529.0,593.0,605.0,624.0,634.0,641.0,646.0,650.0,682.0,682.0,689.0,694.0,702.0,733.0,767.0,771.0,795.0,803.0,815.0,876.0,906.0,924.0,
58.0,128.0,130.0,145.0,155.0,159.0,257.0,280.0,307.0,365.0,410.0,412.0,427.0,444.0,539.0,549.0,584.0,675.0,678.0,691.0,717.0,718.0,721.0,758.0,760.0,766.0,797.0,801.0,833.0,861.0,894.0,904.0,905.0,915.0,
4.0,28.0,30.0,64.0,72.0,108.0,121.0,135.0,145.0,151.0,181.0,214.0,225.0,357.0,363.0,370.0,426.0,437.0,444.0,474.0,482.0,493.0,504.0,531.0,617.0,618.0,637.0,643.0,676.0,713.0,736.0,746.0,761.0,773.0,774.0,790.0,795.0,845.0,860.0,865.0,877.0,913.0,972.0,979.0,
59.0,122.0,127.0,176.0,182.0,189.0,225.0,262.0,269.0,290.0,293.0,310.0,311.0,340.0,516.0,522.0,543.0,566.0,583.0,657.0,678.0,706.0,709.0,722.0,733.0,735.0,761.0,791.0,795.0,817.0,891.0,895.0,925.0,939.0,961.0,
11.0,17.0,40.0,51.0,71.0,86.0,90.0,115.0,116.0,132.0,143.0,174.0,179.0,205.0,222.0,227.0,263.0,294.0,298.0,325.0,349.0,354.0,368.0,369.0,371.0,393.0,426.0,434.0,513.0,562.0,569.0,580.0,592.0,635.0,645.0,655.0,662.0,669.0,706.0,733.0,755.0,758.0,832.0,847.0,868.0,988.0,989.0,
14.0,38.0,39.0,61.0,122.0,135.0,161.0,199.0,224.0,226.0,228.0,267.0,404.0,409.0,422.0,492.0,550.0,554.0,576.0,585.0,643.0,650.0,657.0,666.0,682.0,695.0,702.0,747.0,773.0,778.0,781.0,785.0,811.0,914.0,917.0,919.0,935.0,945.0,987.0,
23.0,91.0,109.0,114.0,136.0,193.0,221.0,227.0,251.0,328.0,347.0,355.0,360.0,388.0,390.0,431.0,448.0,564.0,573.0,589.0,624.0,625.0,629.0,669.0,676.0,712.0,815.0,816.0,819.0,822.0,823.0,830.0,856.0,871.0,873.0,876.0,878.0,883.0,885.0,887.0,888.0,888.0,905.0,925.0,960.0,
3.0,20.0,60.0,63.0,105.0,317.0,383.0,387.0,417.0,422.0,491.0,506.0,542.0,550.0,570.0,612.0,677.0,690.0,713.0,737.0,764.0,809.0,814.0,867.0,884.0,884.0,890.0,914.0,984.0,
13.0,104.0,182.0,188.0,195.0,219.0,236.0,325.0,366.0,386.0,438.0,460.0,468.0,490.0,509.0,510.0,544.0,567.0,571.0,619.0,631.0,655.0,662.0,682.0,691.0,698.0,783.0,832.0,856.0,872.0,899.0,909.0,909.0,931.0,940.0,960.0,991.0,1000.0,
126.0,135.0,156.0,182.0,182.0,184.0,255.0,256.0,268.0,268.0,337.0,399.0,402.0,419.0,451.0,486.0,502.0,516.0,519.0,534.0,542.0,569.0,586.0,617.0,618.0,665.0,672.0,695.0,704.0,721.0,787.0,982.0,997.0,
28.0,32.0,62.0,119.0,133.0,146.0,148.0,175.0,205.0,258.0,300.0,328.0,360.0,367.0,371.0,380.0,519.0,556.0,564.0,579.0,583.0,661.0,674.0,696.0,753.0,768.0,857.0,858.0,957.0,967.0,974.0,983.0,
35.0,44.0,117.0,123.0,135.0,162.0,166.0,299.0,332.0,354.0,378.0,387.0,394.0,394.0,453.0,472.0,474.0,505.0,512.0,552.0,567.0,594.0,619.0,634.0,636.0,639.0,650.0,662.0,666.0,680.0,696.0,707.0,824.0,837.0,840.0,876.0,905.0,998.0,
5.0,10.0,41.0,66.0,112.0,128.0,163.0,232.0,265.0,293.0,302.0,318.0,331.0,337.0,343.0,363.0,381.0,403.0,436.0,459.0,473.0,488.0,523.0,561.0,561.0,612.0,693.0,718.0,765.0,773.0,776.0,782.0,797.0,950.0,964.0,970.0,
5.0,19.0,22.0,56.0,98.0,110.0,134.0,139.0,143.0,154.0,161.0,189.0,217.0,233.0,256.0,263.0,296.0,322.0,340.0,369.0,396.0,409.0,430.0,443.0,477.0,491.0,493.0,516.0,586.0,595.0,624.0,677.0,686.0,692.0,693.0,724.0,728.0,753.0,778.0,800.0,807.0,807.0,819.0,855.0,890.0,893.0,902.0,
3.0,35.0,86.0,103.0,111.0,116.0,159.0,180.0,201.0,212.0,233.0,248.0,273.0,281.0,337.0,355.0,362.0,369.0,382.0,390.0,415.0,428.0,443.0,445.0,450.0,489.0,493.0,496.0,526.0,656.0,666.0,676.0,713.0,755.0,757.0,759.0,764.0,769.0,779.0,803.0,872.0,925.0,941.0,969.0,973.0,974.0,
64.0,86.0,105.0,108.0,118.0,123.0,175.0,175.0,210.0,213.0,222.0,238.0,254.0,316.0,320.0,321.0,327.0,399.0,480.0,484.0,484.0,498.0,521.0,524.0,527.0,574.0,591.0,604.0,623.0,650.0,658.0,695.0,706.0,759.0,763.0,772.0,823.0,830.0,839.0,853.0,853.0,861.0,861.0,905.0,907.0,928.0,994.0,
93.0,209.0,212.0,218.0,255.0,266.0,269.0,280.0,296.0,301.0,337.0,421.0,476.0,531.0,564.0,634.0,635.0,674.0,683.0,694.0,700.0,726.0,727.0,763.0,792.0,827.0,839.0,859.0,863.0,877.0,878.0,889.0,897.0,954.0,967.0,992.0,
7.0,19.0,45.0,63.0,79.0,83.0,86.0,127.0,129.0,135.0,142.0,238.0,261.0,276.0,380.0,429.0,449.0,551.0,576.0,582.0,602.0,744.0,759.0,800.0,856.0,875.0,886.0,893.0,
21.0,105.0,148.0,171.0,209.0,212.0,215.0,236.0,252.0,316.0,317.0,393.0,396.0,402.0,414.0,417.0,449.0,506.0,523.0,577.0,620.0,685.0,689.0,729.0,740.0,783.0,836.0,868.0,950.0,
31.0,43.0,62.0,92.0,97.0,106.0,114.0,128.0,143.0,209.0,218.0,250.0,251.0,275.0,336.0,373.0,412.0,460.0,524.0,563.0,612.0,634.0,636.0,677.0,852.0,892.0,918.0,924.0,934.0,
23.0,43.0,46.0,96.0,97.0,134.0,185.0,281.0,302.0,304.0,312.0,328.0,332.0,343.0,347.0,384.0,411.0,415.0,458.0,476.0,536.0,536.0,550.0,575.0,594.0,612.0,619.0,640.0,652.0,660.0,682.0,682.0,750.0,772.0,778.0,783.0,798.0,857.0,898.0,940.0,
17.0,78.0,99.0,142.0,179.0,225.0,230.0,247.0,254.0,323.0,332.0,394.0,419.0,424.0,509.0,516.0,553.0,558.0,590.0,676.0,770.0,818.0,842.0,950.0,974.0,
11.0,17.0,19.0,21.0,84.0,109.0,160.0,166.0,173.0,191.0,313.0,320.0,391.0,403.0,520.0,540.0,554.0,556.0,565.0,577.0,601.0,617.0,632.0,641.0,663.0,665.0,675.0,897.0,1000.0,
85.0,95.0,118.0,136.0,160.0,172.0,176.0,205.0,211.0,215.0,234.0,272.0,302.0,311.0,319.0,323.0,401.0,462.0,471.0,495.0,505.0,581.0,602.0,654.0,680.0,744.0,753.0,799.0,814.0,834.0,835.0,865.0,917.0,920.0,925.0,945.0,950.0,978.0,986.0,999.0,
57.0,162.0,225.0,360.0,411.0,446.0,473.0,512.0,515.0,544.0,562.0,571.0,585.0,590.0,614.0,674.0,683.0,693.0,712.0,729.0,759.0,851.0,878.0,881.0,924.0,933.0,943.0,953.0,
31.0,74.0,127.0,203.0,229.0,305.0,327.0,329.0,334.0,348.0,353.0,363.0,394.0,423.0,423.0,436.0,438.0,484.0,486.0,569.0,594.0,648.0,678.0,705.0,717.0,739.0,740.0,748.0,816.0,823.0,855.0,865.0,868.0,895.0,
56.0,61.0,80.0,91.0,105.0,109.0,116.0,154.0,171.0,176.0,209.0,225.0,283.0,320.0,394.0,401.0,412.0,445.0,463.0,525.0,549.0,559.0,560.0,612.0,628.0,663.0,687.0,710.0,711.0,752.0,835.0,855.0,903.0,955.0,992.0,
5.0,36.0,41.0,43.0,96.0,115.0,141.0,147.0,168.0,226.0,245.0,253.0,384.0,420.0,521.0,556.0,587.0,592.0,592.0,610.0,618.0,697.0,730.0,736.0,767.0,938.0,
30.0,55.0,79.0,85.0,176.0,199.0,202.0,274.0,314.0,325.0,343.0,375.0,447.0,487.0,513.0,527.0,538.0,541.0,551.0,552.0,556.0,556.0,599.0,623.0,624.0,630.0,634.0,652.0,665.0,681.0,693.0,712.0,757.0,816.0,822.0,926.0,971.0,983.0,986.0,
18.0,19.0,119.0,133.0,178.0,186.0,220.0,235.0,292.0,303.0,325.0,337.0,342.0,359.0,398.0,411.0,436.0,503.0,511.0,529.0,530.0,538.0,544.0,549.0,550.0,550.0,551.0,561.0,563.0,565.0,566.0,573.0,573.0,596.0,603.0,606.0,610.0,611.0,619.0,621.0,628.0,639.0,641.0,642.0,652.0,661.0,676.0,735.0,738.0,761.0,765.0,773.0,814.0,819.0,824.0,896.0,905.0,922.0,924.0,942.0,943.0,953.0,966.0,
5.0,43.0,86.0,94.0,104.0,105.0,139.0,146.0,150.0,197.0,248.0,272.0,272.0,281.0,322.0,347.0,358.0,358.0,425.0,432.0,442.0,475.0,508.0,528.0,536.0,546.0,547.0,555.0,558.0,559.0,568.0,569.0,580.0,584.0,591.0,595.0,600.0,633.0,645.0,678.0,696.0,721.0,727.0,732.0,733.0,740.0,761.0,770.0,770.0,784.0,788.0,789.0,791.0,797.0,813.0,818.0,823.0,825.0,828.0,836.0,855.0,871.0,873.0,875.0,877.0,889.0,899.0,907.0,924.0,928.0,938.0,940.0,941.0,949.0,960.0,987.0,
4.0,13.0,146.0,146.0,266.0,368.0,388.0,406.0,492.0,508.0,517.0,518.0,518.0,533.0,540.0,540.0,543.0,550.0,553.0,554.0,559.0,560.0,564.0,569.0,571.0,572.0,572.0,576.0,584.0,584.0,588.0,601.0,623.0,631.0,646.0,646.0,648.0,649.0,653.0,654.0,665.0,665.0,667.0,667.0,671.0,678.0,694.0,698.0,709.0,718.0,720.0,722.0,737.0,781.0,800.0,821.0,837.0,848.0,873.0,896.0,979.0,983.0,988.0,997.0,
37.0,43.0,57.0,99.0,194.0,198.0,199.0,202.0,211.0,223.0,284.0,303.0,384.0,396.0,429.0,466.0,506.0,526.0,531.0,544.0,547.0,557.0,560.0,581.0,642.0,708.0,720.0,720.0,722.0,728.0,825.0,827.0,836.0,841.0,899.0,913.0,975.0,
93.0,136.0,157.0,198.0,322.0,372.0,379.0,406.0,424.0,424.0,456.0,593.0,599.0,608.0,626.0,668.0,670.0,702.0,710.0,794.0,815.0,916.0,934.0,962.0,
19.0,33.0,36.0,88.0,144.0,181.0,274.0,322.0,336.0,338.0,384.0,429.0,433.0,433.0,451.0,469.0,482.0,496.0,499.0,538.0,550.0,596.0,601.0,622.0,629.0,738.0,773.0,831.0,896.0,910.0,949.0,960.0,966.0,968.0,991.0,1000.0,
52.0,75.0,126.0,165.0,172.0,176.0,181.0,233.0,236.0,237.0,242.0,245.0,300.0,331.0,360.0,386.0,391.0,442.0,457.0,466.0,485.0,501.0,520.0,533.0,540.0,541.0,545.0,598.0,643.0,671.0,687.0,777.0,812.0,816.0,851.0,860.0,963.0,972.0,982.0,
21.0,23.0,33.0,63.0,112.0,139.0,168.0,220.0,222.0,234.0,247.0,284.0,310.0,328.0,358.0,388.0,394.0,397.0,406.0,419.0,484.0,512.0,515.0,531.0,716.0,752.0,777.0,804.0,844.0,900.0,
20.0,23.0,26.0,39.0,52.0,100.0,109.0,120.0,120.0,123.0,147.0,175.0,255.0,259.0,278.0,280.0,299.0,369.0,370.0,381.0,409.0,489.0,498.0,504.0,507.0,553.0,553.0,565.0,565.0,570.0,582.0,606.0,619.0,624.0,633.0,642.0,681.0,741.0,753.0,816.0,816.0,843.0,846.0,868.0,884.0,913.0,969.0,
7.0,32.0,73.0,81.0,86.0,103.0,118.0,240.0,329.0,332.0,369.0,383.0,442.0,453.0,462.0,482.0,488.0,490.0,491.0,494.0,508.0,517.0,519.0,521.0,533.0,535.0,538.0,568.0,568.0,570.0,572.0,575.0,576.0,583.0,590.0,591.0,610.0,615.0,630.0,634.0,636.0,638.0,647.0,652.0,661.0,664.0,674.0,685.0,712.0,741.0,751.0,753.0,775.0,779.0,781.0,805.0,811.0,825.0,838.0,845.0,859.0,877.0,877.0,910.0,932.0,977.0,988.0,992.0,
26.0,26.0,29.0,31.0,55.0,105.0,110.0,111.0,160.0,170.0,181.0,189.0,190.0,229.0,271.0,310.0,314.0,324.0,338.0,436.0,444.0,500.0,518.0,521.0,524.0,529.0,531.0,540.0,541.0,551.0,559.0,560.0,565.0,572.0,576.0,577.0,586.0,586.0,593.0,598.0,600.0,606.0,607.0,609.0,609.0,631.0,634.0,644.0,656.0,662.0,698.0,700.0,747.0,770.0,808.0,822.0,833.0,833.0,896.0,917.0,921.0,963.0,984.0,
22.0,25.0,45.0,74.0,76.0,145.0,176.0,195.0,238.0,242.0,262.0,285.0,325.0,339.0,345.0,352.0,352.0,359.0,362.0,417.0,423.0,432.0,467.0,505.0,509.0,513.0,524.0,532.0,534.0,535.0,544.0,555.0,563.0,566.0,566.0,579.0,579.0,592.0,606.0,611.0,611.0,612.0,619.0,637.0,640.0,684.0,684.0,688.0,699.0,712.0,716.0,734.0,747.0,750.0,771.0,771.0,775.0,862.0,881.0,885.0,897.0,903.0,907.0,949.0,950.0,959.0,978.0,987.0,988.0,997.0,999.0,
139.0,211.0,247.0,273.0,297.0,326.0,344.0,357.0,357.0,387.0,416.0,440.0,476.0,518.0,521.0,526.0,540.0,548.0,550.0,554.0,556.0,556.0,557.0,568.0,576.0,580.0,590.0,596.0,596.0,598.0,606.0,608.0,609.0,612.0,615.0,622.0,658.0,667.0,673.0,687.0,693.0,710.0,724.0,749.0,779.0,779.0,779.0,801.0,803.0,824.0,826.0,853.0,865.0,869.0,911.0,920.0,938.0,940.0,955.0,974.0,
28.0,35.0,68.0,96.0,114.0,117.0,140.0,158.0,163.0,207.0,232.0,237.0,243.0,247.0,254.0,285.0,317.0,317.0,347.0,382.0,385.0,430.0,457.0,492.0,495.0,496.0,514.0,515.0,516.0,528.0,533.0,536.0,546.0,549.0,558.0,565.0,581.0,591.0,591.0,595.0,597.0,603.0,607.0,645.0,684.0,686.0,700.0,707.0,708.0,713.0,737.0,743.0,753.0,780.0,782.0,846.0,882.0,922.0,925.0,929.0,935.0,946.0,951.0,954.0,973.0,980.0,987.0,988.0,
16.0,83.0,104.0,161.0,190.0,199.0,263.0,275.0,378.0,392.0,414.0,433.0,471.0,487.0,488.0,521.0,548.0,566.0,583.0,596.0,649.0,826.0,889.0,909.0,
20.0,63.0,73.0,117.0,133.0,176.0,182.0,215.0,240.0,246.0,253.0,271.0,275.0,282.0,295.0,385.0,389.0,400.0,403.0,484.0,488.0,536.0,543.0,588.0,593.0,639.0,664.0,666.0,703.0,731.0,752.0,825.0,858.0,867.0,871.0,873.0,919.0,983.0,988.0,
44.0,124.0,135.0,142.0,163.0,165.0,166.0,195.0,244.0,300.0,330.0,334.0,335.0,357.0,365.0,381.0,401.0,446.0,520.0,531.0,571.0,614.0,641.0,657.0,728.0,771.0,790.0,797.0,810.0,843.0,850.0,855.0,881.0,886.0,887.0,904.0,908.0,928.0,930.0,943.0,966.0,971.0,976.0,
10.0,36.0,42.0,77.0,88.0,99.0,145.0,157.0,158.0,176.0,189.0,220.0,294.0,326.0,328.0,340.0,352.0,352.0,375.0,500.0,507.0,564.0,566.0,591.0,616.0,630.0,668.0,673.0,728.0,761.0,775.0,796.0,806.0,855.0,872.0,897.0,
6.0,13.0,15.0,76.0,108.0,117.0,126.0,160.0,177.0,201.0,254.0,256.0,290.0,314.0,337.0,338.0,343.0,357.0,418.0,428.0,446.0,466.0,472.0,477.0,484.0,492.0,524.0,532.0,540.0,544.0,547.0,559.0,560.0,585.0,587.0,621.0,630.0,648.0,677.0,722.0,735.0,747.0,787.0,795.0,802.0,860.0,866.0,905.0,943.0,975.0,993.0,
20.0,31.0,33.0,81.0,97.0,100.0,192.0,273.0,275.0,295.0,309.0,342.0,362.0,370.0,414.0,456.0,458.0,472.0,481.0,487.0,514.0,523.0,528.0,529.0,534.0,535.0,536.0,537.0,538.0,539.0,541.0,564.0,565.0,568.0,572.0,578.0,584.0,590.0,592.0,602.0,605.0,610.0,623.0,624.0,629.0,640.0,646.0,650.0,654.0,660.0,664.0,681.0,688.0,692.0,801.0,812.0,823.0,843.0,855.0,856.0,863.0,872.0,886.0,902.0,920.0,934.0,949.0,952.0,975.0,996.0,
9.0,138.0,184.0,186.0,187.0,195.0,215.0,224.0,234.0,259.0,281.0,281.0,349.0,354.0,363.0,375.0,382.0,424.0,484.0,498.0,515.0,527.0,536.0,539.0,540.0,542.0,548.0,563.0,566.0,575.0,576.0,577.0,577.0,586.0,614.0,623.0,629.0,632.0,643.0,653.0,654.0,654.0,656.0,658.0,683.0,683.0,736.0,751.0,792.0,804.0,819.0,825.0,839.0,843.0,856.0,867.0,904.0,905.0,915.0,919.0,929.0,952.0,958.0,1000.0,
19.0,24.0,58.0,94.0,142.0,157.0,184.0,191.0,211.0,255.0,273.0,324.0,382.0,389.0,490.0,518.0,520.0,533.0,536.0,543.0,545.0,545.0,546.0,559.0,564.0,567.0,571.0,574.0,577.0,587.0,592.0,597.0,601.0,604.0,608.0,608.0,611.0,618.0,634.0,643.0,644.0,646.0,647.0,650.0,651.0,673.0,673.0,682.0,688.0,706.0,751.0,757.0,766.0,778.0,779.0,789.0,789.0,805.0,824.0,824.0,836.0,863.0,919.0,948.0,976.0,
3.0,14.0,14.0,35.0,51.0,59.0,115.0,125.0,179.0,224.0,242.0,250.0,263.0,280.0,332.0,339.0,339.0,409.0,473.0,502.0,516.0,519.0,521.0,522.0,529.0,535.0,540.0,540.0,545.0,549.0,550.0,560.0,561.0,563.0,574.0,592.0,597.0,598.0,603.0,605.0,609.0,624.0,631.0,634.0,642.0,647.0,678.0,682.0,683.0,685.0,690.0,716.0,721.0,736.0,756.0,762.0,776.0,782.0,783.0,842.0,845.0,871.0,889.0,900.0,901.0,931.0,931.0,946.0,
6.0,13.0,14.0,21.0,66.0,98.0,107.0,107.0,139.0,207.0,209.0,218.0,226.0,259.0,283.0,318.0,347.0,416.0,517.0,524.0,536.0,536.0,545.0,546.0,551.0,558.0,564.0,565.0,571.0,571.0,572.0,579.0,595.0,597.0,601.0,619.0,629.0,649.0,667.0,668.0,670.0,675.0,676.0,692.0,695.0,701.0,717.0,737.0,738.0,742.0,743.0,743.0,743.0,755.0,765.0,793.0,793.0,795.0,796.0,805.0,812.0,834.0,860.0,867.0,883.0,887.0,900.0,908.0,944.0,990.0,991.0,993.0,993.0,995.0,1000.0,
63.0,95.0,106.0,123.0,159.0,202.0,262.0,279.0,344.0,411.0,453.0,480.0,489.0,489.0,558.0,566.0,571.0,586.0,592.0,617.0,629.0,634.0,682.0,693.0,729.0,747.0,781.0,
35.0,65.0,135.0,140.0,141.0,168.0,172.0,185.0,188.0,205.0,208.0,208.0,223.0,232.0,232.0,317.0,368.0,384.0,419.0,428.0,492.0,504.0,507.0,560.0,604.0,632.0,682.0,704.0,707.0,735.0,782.0,791.0,840.0,852.0,873.0,879.0,950.0,954.0,964.0,
25.0,144.0,178.0,206.0,217.0,223.0,284.0,291.0,305.0,357.0,375.0,389.0,411.0,431.0,465.0,486.0,523.0,537.0,539.0,539.0,546.0,596.0,612.0,615.0,643.0,657.0,720.0,738.0,759.0,789.0,814.0,823.0,884.0,920.0,960.0,
59.0,61.0,65.0,69.0,121.0,137.0,139.0,147.0,156.0,169.0,185.0,197.0,366.0,389.0,391.0,432.0,491.0,511.0,531.0,551.0,556.0,564.0,574.0,619.0,643.0,646.0,678.0,709.0,731.0,848.0,907.0,
30.0,57.0,65.0,67.0,91.0,142.0,143.0,172.0,230.0,242.0,247.0,271.0,304.0,397.0,401.0,407.0,438.0,496.0,536.0,536.0,549.0,595.0,633.0,642.0,650.0,664.0,711.0,725.0,769.0,815.0,831.0,857.0,867.0,875.0,895.0,946.0,957.0,960.0,962.0,965.0,984.0,995.0,
7.0,19.0,69.0,112.0,117.0,213.0,247.0,290.0,332.0,365.0,389.0,399.0,408.0,422.0,456.0,464.0,473.0,477.0,487.0,508.0,524.0,527.0,540.0,542.0,547.0,547.0,557.0,558.0,563.0,575.0,578.0,586.0,616.0,617.0,628.0,653.0,654.0,654.0,656.0,671.0,684.0,692.0,692.0,704.0,718.0,727.0,728.0,742.0,743.0,752.0,756.0,758.0,778.0,787.0,797.0,799.0,807.0,850.0,854.0,862.0,876.0,887.0,892.0,916.0,922.0,932.0,943.0,944.0,965.0,982.0,996.0,
7.0,33.0,58.0,94.0,102.0,205.0,231.0,270.0,274.0,319.0,343.0,353.0,372.0,391.0,438.0,467.0,506.0,512.0,531.0,533.0,538.0,541.0,546.0,549.0,550.0,551.0,555.0,557.0,562.0,562.0,563.0,567.0,572.0,576.0,578.0,581.0,589.0,599.0,600.0,606.0,612.0,621.0,635.0,638.0,648.0,648.0,684.0,693.0,699.0,708.0,714.0,737.0,750.0,752.0,764.0,783.0,787.0,795.0,799.0,828.0,841.0,843.0,873.0,875.0,875.0,877.0,879.0,899.0,928.0,929.0,930.0,938.0,980.0,986.0,986.0,994.0,
18.0,45.0,79.0,87.0,119.0,125.0,139.0,221.0,255.0,259.0,260.0,268.0,323.0,354.0,363.0,363.0,365.0,370.0,372.0,374.0,398.0,441.0,501.0,509.0,520.0,524.0,525.0,536.0,537.0,538.0,541.0,542.0,542.0,542.0,565.0,577.0,618.0,619.0,621.0,622.0,624.0,630.0,663.0,717.0,722.0,764.0,782.0,797.0,801.0,803.0,842.0,854.0,857.0,860.0,881.0,897.0,909.0,981.0,992.0,
13.0,82.0,97.0,101.0,146.0,223.0,312.0,332.0,332.0,352.0,404.0,418.0,441.0,511.0,523.0,531.0,533.0,537.0,539.0,543.0,546.0,547.0,560.0,561.0,574.0,575.0,584.0,584.0,587.0,587.0,588.0,593.0,593.0,595.0,602.0,612.0,620.0,656.0,681.0,685.0,696.0,708.0,725.0,743.0,747.0,749.0,759.0,781.0,784.0,816.0,862.0,881.0,885.0,886.0,897.0,915.0,923.0,936.0,975.0,987.0,992.0,
22.0,50.0,90.0,92.0,99.0,102.0,223.0,239.0,257.0,268.0,271.0,296.0,333.0,342.0,343.0,366.0,407.0,490.0,515.0,521.0,526.0,534.0,539.0,543.0,549.0,555.0,561.0,565.0,566.0,566.0,568.0,571.0,572.0,572.0,588.0,608.0,609.0,625.0,630.0,633.0,635.0,638.0,649.0,653.0,654.0,682.0,683.0,685.0,686.0,687.0,691.0,699.0,715.0,717.0,755.0,773.0,780.0,786.0,795.0,801.0,809.0,883.0,891.0,898.0,904.0,933.0,935.0,938.0,977.0,982.0,986.0,991.0,997.0,
32.0,79.0,104.0,164.0,166.0,184.0,192.0,230.0,242.0,290.0,292.0,293.0,309.0,317.0,324.0,327.0,340.0,364.0,434.0,444.0,454.0,510.0,520.0,558.0,564.0,595.0,611.0,612.0,770.0,784.0,859.0,877.0,925.0,929.0,931.0,
29.0,30.0,68.0,80.0,99.0,149.0,187.0,219.0,234.0,237.0,256.0,266.0,268.0,282.0,332.0,345.0,353.0,403.0,428.0,444.0,450.0,487.0,496.0,579.0,627.0,635.0,679.0,680.0,683.0,696.0,698.0,735.0,768.0,810.0,856.0,894.0,922.0,931.0,954.0,990.0,
184.0,274.0,290.0,375.0,381.0,422.0,425.0,432.0,443.0,446.0,449.0,521.0,549.0,571.0,592.0,630.0,708.0,711.0,715.0,724.0,741.0,744.0,761.0,762.0,790.0,875.0,896.0,961.0,986.0,
18.0,27.0,79.0,136.0,145.0,157.0,173.0,179.0,183.0,187.0,210.0,238.0,292.0,304.0,360.0,469.0,472.0,488.0,496.0,508.0,511.0,517.0,535.0,562.0,566.0,595.0,703.0,718.0,761.0,809.0,855.0,859.0,872.0,875.0,935.0,
28.0,75.0,76.0,91.0,137.0,170.0,207.0,208.0,232.0,251.0,258.0,262.0,310.0,324.0,330.0,355.0,367.0,388.0,404.0,406.0,414.0,478.0,497.0,508.0,523.0,569.0,634.0,656.0,694.0,799.0,799.0,812.0,826.0,872.0,890.0,951.0,978.0,988.0,997.0,
67.0,72.0,76.0,87.0,101.0,104.0,162.0,191.0,247.0,261.0,274.0,291.0,311.0,319.0,374.0,400.0,458.0,505.0,551.0,552.0,559.0,562.0,567.0,576.0,579.0,603.0,623.0,666.0,667.0,684.0,686.0,709.0,748.0,759.0,784.0,818.0,820.0,835.0,845.0,869.0,889.0,962.0,972.0,995.0,
4.0,8.0,19.0,22.0,34.0,54.0,87.0,210.0,215.0,230.0,322.0,338.0,383.0,410.0,452.0,479.0,486.0,500.0,516.0,522.0,528.0,531.0,541.0,547.0,549.0,549.0,551.0,552.0,552.0,558.0,562.0,574.0,586.0,590.0,617.0,634.0,636.0,654.0,655.0,660.0,663.0,664.0,665.0,665.0,666.0,678.0,684.0,685.0,693.0,703.0,706.0,715.0,717.0,726.0,736.0,742.0,750.0,756.0,769.0,786.0,797.0,803.0,817.0,821.0,836.0,841.0,851.0,852.0,862.0,868.0,896.0,913.0,923.0,953.0,969.0,974.0,995.0,
23.0,64.0,71.0,74.0,142.0,149.0,175.0,226.0,241.0,259.0,285.0,352.0,393.0,442.0,467.0,512.0,523.0,532.0,537.0,538.0,545.0,552.0,554.0,556.0,560.0,562.0,564.0,567.0,569.0,571.0,583.0,588.0,591.0,593.0,597.0,608.0,630.0,630.0,630.0,631.0,641.0,653.0,655.0,661.0,680.0,680.0,696.0,699.0,711.0,727.0,735.0,750.0,774.0,776.0,781.0,795.0,806.0,807.0,822.0,831.0,842.0,842.0,846.0,870.0,876.0,897.0,911.0,922.0,923.0,934.0,934.0,937.0,949.0,965.0,969.0,998.0,
57.0,61.0,62.0,78.0,130.0,131.0,163.0,204.0,205.0,217.0,223.0,326.0,330.0,365.0,379.0,386.0,509.0,528.0,529.0,529.0,555.0,559.0,570.0,573.0,576.0,577.0,579.0,591.0,599.0,607.0,630.0,648.0,667.0,674.0,736.0,744.0,759.0,763.0,786.0,811.0,828.0,834.0,844.0,849.0,858.0,865.0,869.0,869.0,870.0,888.0,907.0,925.0,947.0,953.0,955.0,964.0,972.0,988.0,998.0,
14.0,49.0,68.0,70.0,106.0,123.0,134.0,160.0,170.0,225.0,234.0,254.0,309.0,322.0,330.0,342.0,356.0,371.0,476.0,501.0,511.0,525.0,528.0,534.0,549.0,549.0,554.0,578.0,588.0,664.0,678.0,698.0,732.0,737.0,758.0,830.0,905.0,974.0,979.0,986.0,
10.0,15.0,31.0,43.0,66.0,74.0,97.0,194.0,203.0,207.0,297.0,351.0,381.0,383.0,431.0,479.0,496.0,520.0,549.0,559.0,664.0,677.0,692.0,693.0,695.0,716.0,722.0,761.0,769.0,788.0,790.0,877.0,922.0,
14.0,20.0,35.0,55.0,97.0,102.0,144.0,157.0,184.0,200.0,234.0,308.0,331.0,340.0,405.0,428.0,455.0,465.0,467.0,496.0,510.0,524.0,635.0,673.0,707.0,721.0,736.0,767.0,785.0,856.0,944.0,946.0,952.0,966.0,
67.0,70.0,76.0,102.0,104.0,122.0,137.0,165.0,201.0,220.0,224.0,267.0,274.0,288.0,288.0,296.0,315.0,316.0,326.0,365.0,392.0,398.0,483.0,498.0,525.0,546.0,551.0,568.0,586.0,602.0,618.0,635.0,638.0,656.0,694.0,712.0,747.0,751.0,761.0,761.0,779.0,788.0,848.0,856.0,862.0,866.0,890.0,
7.0,22.0,28.0,52.0,121.0,129.0,143.0,154.0,185.0,207.0,240.0,255.0,288.0,362.0,362.0,367.0,380.0,396.0,419.0,434.0,444.0,480.0,575.0,655.0,657.0,687.0,719.0,734.0,765.0,806.0,824.0,843.0,880.0,888.0,907.0,918.0,972.0,
28.0,34.0,43.0,49.0,101.0,143.0,185.0,262.0,300.0,371.0,380.0,407.0,420.0,438.0,475.0,476.0,482.0,504.0,516.0,522.0,524.0,534.0,564.0,600.0,678.0,690.0,745.0,761.0,770.0,787.0,803.0,830.0,883.0,912.0,971.0,1000.0,
45.0,47.0,56.0,115.0,122.0,124.0,124.0,131.0,143.0,146.0,151.0,189.0,222.0,332.0,366.0,376.0,491.0,501.0,510.0,542.0,627.0,676.0,766.0,768.0,774.0,859.0,901.0,916.0,946.0,951.0,
11.0,46.0,59.0,72.0,93.0,126.0,143.0,166.0,222.0,297.0,335.0,343.0,428.0,458.0,460.0,465.0,517.0,523.0,573.0,588.0,621.0,634.0,635.0,670.0,671.0,690.0,708.0,731.0,915.0,966.0,
8.0,78.0,80.0,107.0,109.0,109.0,113.0,120.0,136.0,155.0,166.0,228.0,234.0,253.0,277.0,304.0,414.0,485.0,510.0,512.0,520.0,531.0,545.0,552.0,560.0,572.0,603.0,632.0,638.0,719.0,721.0,764.0,775.0,846.0,911.0,915.0,937.0,952.0,982.0,
25.0,27.0,30.0,61.0,98.0,130.0,194.0,197.0,205.0,210.0,210.0,223.0,253.0,273.0,276.0,288.0,301.0,315.0,339.0,345.0,347.0,364.0,368.0,370.0,373.0,409.0,416.0,452.0,456.0,485.0,504.0,542.0,549.0,575.0,596.0,607.0,661.0,811.0,816.0,853.0,873.0,893.0,998.0,
2.0,33.0,38.0,42.0,101.0,145.0,193.0,197.0,204.0,230.0,244.0,262.0,267.0,350.0,362.0,380.0,387.0,388.0,417.0,434.0,448.0,465.0,486.0,486.0,508.0,570.0,589.0,620.0,745.0,756.0,797.0,860.0,861.0,861.0,888.0,890.0,893.0,894.0,895.0,964.0,964.0,965.0,978.0,
28.0,40.0,66.0,77.0,83.0,119.0,123.0,133.0,134.0,189.0,202.0,217.0,235.0,238.0,296.0,298.0,317.0,320.0,331.0,401.0,416.0,419.0,430.0,462.0,487.0,535.0,564.0,604.0,690.0,727.0,755.0,830.0,859.0,893.0,899.0,900.0,939.0,
14.0,27.0,51.0,68.0,85.0,92.0,149.0,194.0,267.0,419.0,454.0,509.0,555.0,556.0,585.0,648.0,662.0,716.0,754.0,768.0,815.0,841.0,845.0,851.0,854.0,858.0,870.0,881.0,906.0,998.0,
33.0,49.0,53.0,76.0,152.0,181.0,211.0,214.0,221.0,267.0,274.0,368.0,390.0,398.0,419.0,540.0,545.0,607.0,675.0,680.0,793.0,820.0,840.0,856.0,876.0,900.0,983.0,
4.0,12.0,43.0,57.0,90.0,93.0,118.0,146.0,152.0,154.0,167.0,178.0,211.0,220.0,236.0,281.0,333.0,387.0,451.0,456.0,461.0,538.0,548.0,561.0,562.0,581.0,686.0,715.0,756.0,768.0,785.0,787.0,825.0,916.0,925.0,942.0,999.0,
27.0,54.0,161.0,180.0,246.0,257.0,287.0,317.0,325.0,350.0,383.0,388.0,406.0,430.0,454.0,470.0,552.0,567.0,583.0,612.0,624.0,629.0,676.0,707.0,720.0,804.0,824.0,833.0,889.0,943.0,
5.0,30.0,73.0,74.0,96.0,171.0,211.0,229.0,232.0,294.0,323.0,334.0,344.0,392.0,445.0,460.0,492.0,506.0,546.0,572.0,606.0,609.0,630.0,636.0,672.0,710.0,718.0,760.0,919.0,927.0,958.0,972.0,975.0,
4.0,58.0,103.0,127.0,142.0,181.0,216.0,225.0,230.0,254.0,299.0,302.0,309.0,317.0,394.0,434.0,438.0,457.0,519.0,533.0,534.0,633.0,659.0,758.0,799.0,799.0,862.0,877.0,907.0,976.0,983.0,985.0,
15.0,63.0,205.0,212.0,222.0,240.0,278.0,320.0,335.0,357.0,387.0,409.0,410.0,446.0,484.0,497.0,528.0,537.0,574.0,600.0,617.0,646.0,675.0,676.0,706.0,731.0,755.0,776.0,811.0,840.0,855.0,874.0,922.0,949.0,960.0,961.0,971.0,989.0,
29.0,48.0,50.0,50.0,88.0,115.0,146.0,147.0,164.0,180.0,215.0,223.0,227.0,243.0,253.0,272.0,276.0,290.0,295.0,340.0,345.0,349.0,367.0,418.0,426.0,483.0,487.0,565.0,568.0,598.0,601.0,631.0,641.0,665.0,682.0,686.0,741.0,760.0,790.0,791.0,797.0,798.0,917.0,946.0,953.0,
59.0,94.0,150.0,185.0,267.0,268.0,274.0,299.0,352.0,361.0,362.0,364.0,428.0,475.0,521.0,601.0,634.0,649.0,659.0,697.0,706.0,781.0,799.0,816.0,857.0,857.0,859.0,893.0,894.0,923.0,931.0,968.0,972.0,
10.0,21.0,42.0,48.0,76.0,78.0,86.0,150.0,177.0,239.0,240.0,269.0,288.0,304.0,374.0,382.0,388.0,401.0,450.0,455.0,464.0,481.0,497.0,498.0,509.0,517.0,527.0,527.0,528.0,559.0,581.0,612.0,713.0,747.0,772.0,773.0,778.0,809.0,817.0,899.0,901.0,928.0,955.0,
48.0,181.0,234.0,253.0,269.0,288.0,290.0,359.0,389.0,402.0,413.0,416.0,439.0,483.0,485.0,490.0,493.0,511.0,564.0,581.0,600.0,613.0,616.0,638.0,639.0,646.0,690.0,706.0,735.0,738.0,761.0,774.0,788.0,848.0,858.0,869.0,904.0,922.0,924.0,962.0,
