5.0,80.0,82.0,108.0,144.0,160.0,170.0,234.0,265.0,266.0,295.0,316.0,332.0,364.0,419.0,441.0,465.0,470.0,528.0,535.0,536.0,562.0,566.0,604.0,612.0,622.0,630.0,642.0,653.0,708.0,714.0,731.0,771.0,797.0,837.0,847.0,852.0,853.0,858.0,879.0,924.0,931.0,975.0,989.0,998.0,
17.0,18.0,32.0,64.0,80.0,89.0,92.0,154.0,185.0,189.0,192.0,267.0,295.0,308.0,358.0,365.0,379.0,383.0,455.0,483.0,497.0,537.0,567.0,672.0,686.0,716.0,719.0,755.0,832.0,842.0,887.0,910.0,926.0,966.0,982.0,
23.0,40.0,41.0,105.0,107.0,122.0,138.0,188.0,199.0,256.0,285.0,298.0,305.0,321.0,329.0,335.0,391.0,441.0,446.0,490.0,549.0,602.0,608.0,619.0,759.0,779.0,785.0,791.0,794.0,808.0,922.0,997.0,
8.0,13.0,49.0,102.0,151.0,176.0,232.0,241.0,260.0,305.0,339.0,351.0,389.0,390.0,407.0,426.0,446.0,461.0,521.0,567.0,582.0,586.0,716.0,720.0,723.0,725.0,744.0,750.0,766.0,771.0,825.0,854.0,860.0,864.0,902.0,903.0,916.0,924.0,983.0,988.0,
44.0,68.0,80.0,85.0,108.0,157.0,203.0,240.0,260.0,266.0,287.0,328.0,339.0,353.0,416.0,499.0,556.0,569.0,591.0,615.0,626.0,641.0,706.0,713.0,747.0,750.0,770.0,804.0,813.0,834.0,842.0,934.0,
2.0,26.0,35.0,48.0,108.0,123.0,133.0,148.0,160.0,167.0,211.0,212.0,215.0,243.0,251.0,299.0,315.0,335.0,425.0,454.0,490.0,499.0,540.0,548.0,557.0,561.0,569.0,602.0,623.0,625.0,668.0,704.0,728.0,767.0,791.0,852.0,871.0,894.0,995.0,996.0,
19.0,26.0,33.0,40.0,51.0,63.0,74.0,182.0,222.0,269.0,272.0,448.0,479.0,492.0,499.0,529.0,593.0,616.0,638.0,671.0,726.0,739.0,751.0,755.0,776.0,802.0,814.0,839.0,884.0,892.0,898.0,900.0,903.0,918.0,919.0,920.0,969.0,975.0,995.0,
64.0,76.0,87.0,157.0,239.0,264.0,292.0,296.0,338.0,339.0,408.0,429.0,439.0,471.0,563.0,565.0,572.0,642.0,658.0,708.0,742.0,753.0,773.0,804.0,854.0,895.0,913.0,952.0,953.0,979.0,
13.0,46.0,66.0,118.0,120.0,136.0,137.0,187.0,197.0,234.0,240.0,274.0,300.0,308.0,309.0,348.0,418.0,481.0,498.0,514.0,524.0,527.0,541.0,550.0,583.0,617.0,660.0,708.0,708.0,730.0,754.0,793.0,804.0,867.0,899.0,909.0,948.0,983.0,
12.0,20.0,57.0,96.0,110.0,182.0,189.0,241.0,273.0,277.0,354.0,377.0,420.0,440.0,456.0,508.0,563.0,566.0,583.0,615.0,618.0,657.0,679.0,688.0,734.0,746.0,757.0,769.0,847.0,892.0,909.0,914.0,917.0,923.0,
50.0,66.0,109.0,141.0,162.0,166.0,204.0,239.0,247.0,295.0,312.0,327.0,377.0,378.0,383.0,406.0,407.0,548.0,551.0,623.0,630.0,648.0,734.0,760.0,771.0,775.0,807.0,811.0,845.0,859.0,863.0,870.0,884.0,904.0,963.0,964.0,
6.0,25.0,32.0,56.0,63.0,88.0,159.0,179.0,190.0,191.0,235.0,261.0,268.0,278.0,298.0,333.0,345.0,349.0,406.0,433.0,447.0,478.0,480.0,488.0,490.0,501.0,574.0,581.0,582.0,587.0,595.0,596.0,629.0,648.0,667.0,669.0,685.0,713.0,762.0,825.0,835.0,867.0,914.0,974.0,986.0,
10.0,30.0,70.0,78.0,112.0,188.0,221.0,242.0,245.0,262.0,276.0,316.0,338.0,341.0,358.0,376.0,461.0,466.0,507.0,603.0,684.0,751.0,766.0,780.0,813.0,851.0,886.0,891.0,905.0,923.0,935.0,955.0,983.0,986.0,987.0,
42.0,56.0,58.0,73.0,102.0,180.0,267.0,281.0,284.0,293.0,330.0,384.0,396.0,419.0,431.0,498.0,567.0,571.0,609.0,668.0,705.0,731.0,763.0,787.0,795.0,826.0,835.0,892.0,993.0,1000.0,
33.0,69.0,103.0,128.0,139.0,147.0,153.0,162.0,188.0,217.0,228.0,234.0,285.0,318.0,327.0,335.0,435.0,522.0,553.0,566.0,659.0,668.0,689.0,703.0,801.0,802.0,847.0,875.0,896.0,908.0,921.0,930.0,956.0,997.0,
65.0,112.0,165.0,176.0,229.0,229.0,292.0,294.0,314.0,318.0,324.0,350.0,352.0,400.0,402.0,413.0,453.0,486.0,514.0,541.0,564.0,577.0,593.0,625.0,687.0,693.0,730.0,767.0,777.0,797.0,817.0,844.0,935.0,980.0,1000.0,
161.0,210.0,219.0,231.0,238.0,243.0,245.0,274.0,399.0,424.0,430.0,440.0,448.0,539.0,569.0,599.0,605.0,649.0,704.0,730.0,754.0,833.0,866.0,902.0,932.0,935.0,936.0,941.0,964.0,981.0,
14.0,87.0,105.0,203.0,246.0,339.0,359.0,383.0,405.0,413.0,421.0,484.0,493.0,504.0,509.0,531.0,615.0,667.0,672.0,718.0,755.0,758.0,778.0,804.0,838.0,875.0,898.0,950.0,996.0,997.0,
3.0,20.0,41.0,51.0,93.0,93.0,130.0,153.0,176.0,231.0,255.0,286.0,381.0,384.0,385.0,452.0,455.0,466.0,486.0,506.0,517.0,517.0,520.0,539.0,613.0,635.0,645.0,686.0,692.0,696.0,767.0,854.0,863.0,874.0,890.0,921.0,937.0,939.0,947.0,982.0,986.0,
38.0,67.0,154.0,170.0,178.0,184.0,245.0,252.0,291.0,349.0,420.0,481.0,505.0,521.0,666.0,713.0,782.0,791.0,804.0,817.0,833.0,863.0,871.0,883.0,908.0,917.0,920.0,979.0,
7.0,50.0,77.0,91.0,93.0,109.0,135.0,140.0,222.0,223.0,232.0,235.0,286.0,292.0,316.0,327.0,376.0,397.0,415.0,464.0,491.0,494.0,526.0,539.0,557.0,592.0,608.0,627.0,650.0,666.0,678.0,704.0,725.0,745.0,818.0,856.0,907.0,910.0,940.0,957.0,977.0,981.0,994.0,
8.0,46.0,73.0,84.0,133.0,138.0,150.0,192.0,199.0,248.0,250.0,274.0,280.0,308.0,324.0,327.0,357.0,396.0,400.0,444.0,450.0,452.0,456.0,460.0,463.0,464.0,508.0,517.0,519.0,550.0,568.0,612.0,617.0,649.0,653.0,696.0,703.0,739.0,756.0,766.0,820.0,822.0,846.0,875.0,876.0,
30.0,41.0,47.0,84.0,114.0,152.0,196.0,200.0,235.0,262.0,287.0,356.0,359.0,371.0,394.0,409.0,411.0,460.0,468.0,470.0,514.0,520.0,547.0,558.0,568.0,581.0,593.0,593.0,683.0,690.0,726.0,749.0,755.0,796.0,815.0,817.0,871.0,876.0,894.0,907.0,951.0,
71.0,85.0,88.0,139.0,140.0,141.0,161.0,180.0,190.0,304.0,324.0,348.0,360.0,377.0,403.0,441.0,457.0,474.0,481.0,531.0,570.0,616.0,634.0,684.0,692.0,714.0,720.0,749.0,757.0,801.0,811.0,884.0,957.0,989.0,
2.0,5.0,9.0,43.0,46.0,48.0,104.0,114.0,115.0,139.0,158.0,191.0,195.0,264.0,274.0,332.0,333.0,361.0,409.0,450.0,497.0,501.0,505.0,520.0,528.0,532.0,551.0,599.0,607.0,631.0,650.0,666.0,712.0,764.0,764.0,769.0,813.0,944.0,996.0,
13.0,193.0,238.0,242.0,286.0,287.0,308.0,325.0,365.0,384.0,389.0,420.0,475.0,479.0,512.0,519.0,541.0,546.0,555.0,577.0,582.0,620.0,686.0,699.0,784.0,855.0,948.0,1000.0,
9.0,11.0,15.0,28.0,30.0,34.0,41.0,49.0,60.0,86.0,135.0,158.0,171.0,205.0,233.0,259.0,261.0,265.0,302.0,349.0,355.0,452.0,457.0,467.0,469.0,513.0,548.0,553.0,605.0,613.0,613.0,640.0,677.0,677.0,720.0,788.0,807.0,822.0,862.0,913.0,966.0,968.0,
31.0,38.0,66.0,88.0,97.0,98.0,172.0,216.0,233.0,252.0,286.0,320.0,347.0,354.0,377.0,384.0,413.0,439.0,520.0,528.0,647.0,650.0,687.0,722.0,731.0,747.0,880.0,966.0,974.0,
5.0,46.0,139.0,205.0,206.0,226.0,310.0,318.0,320.0,409.0,411.0,423.0,447.0,461.0,485.0,498.0,516.0,522.0,547.0,581.0,643.0,649.0,672.0,684.0,693.0,698.0,705.0,714.0,811.0,831.0,945.0,958.0,959.0,973.0,
18.0,24.0,96.0,100.0,158.0,247.0,356.0,375.0,388.0,396.0,473.0,482.0,495.0,504.0,519.0,538.0,546.0,575.0,582.0,599.0,604.0,671.0,738.0,746.0,758.0,765.0,795.0,804.0,851.0,859.0,877.0,887.0,930.0,937.0,939.0,957.0,967.0,
11.0,33.0,62.0,79.0,202.0,222.0,222.0,275.0,278.0,287.0,310.0,311.0,312.0,316.0,321.0,332.0,352.0,372.0,379.0,447.0,449.0,456.0,538.0,546.0,644.0,645.0,650.0,669.0,674.0,683.0,689.0,706.0,707.0,713.0,727.0,746.0,755.0,758.0,764.0,799.0,852.0,869.0,873.0,917.0,937.0,957.0,961.0,963.0,982.0,996.0,
25.0,26.0,106.0,111.0,161.0,226.0,266.0,344.0,349.0,381.0,390.0,398.0,420.0,446.0,502.0,549.0,559.0,561.0,591.0,597.0,605.0,620.0,666.0,706.0,710.0,727.0,742.0,758.0,775.0,801.0,804.0,809.0,825.0,835.0,836.0,956.0,976.0,
6.0,22.0,53.0,64.0,109.0,132.0,174.0,178.0,192.0,199.0,264.0,292.0,325.0,345.0,399.0,470.0,519.0,536.0,583.0,606.0,637.0,652.0,698.0,822.0,850.0,941.0,
33.0,39.0,237.0,315.0,358.0,384.0,478.0,482.0,504.0,548.0,563.0,577.0,600.0,602.0,602.0,613.0,625.0,645.0,659.0,679.0,680.0,693.0,711.0,753.0,757.0,764.0,779.0,810.0,816.0,826.0,860.0,875.0,889.0,913.0,917.0,995.0,999.0,
4.0,15.0,22.0,27.0,28.0,83.0,88.0,129.0,202.0,301.0,306.0,338.0,381.0,431.0,461.0,463.0,532.0,532.0,544.0,546.0,547.0,548.0,548.0,552.0,566.0,566.0,567.0,571.0,583.0,601.0,607.0,607.0,622.0,665.0,672.0,674.0,681.0,695.0,708.0,712.0,713.0,730.0,732.0,741.0,742.0,743.0,751.0,758.0,759.0,799.0,806.0,819.0,839.0,842.0,860.0,864.0,867.0,899.0,919.0,923.0,935.0,940.0,945.0,947.0,960.0,969.0,980.0,998.0,
15.0,26.0,97.0,172.0,180.0,212.0,248.0,287.0,297.0,314.0,358.0,363.0,383.0,397.0,493.0,518.0,524.0,524.0,530.0,532.0,537.0,540.0,541.0,549.0,554.0,557.0,561.0,563.0,564.0,564.0,569.0,575.0,576.0,584.0,585.0,591.0,608.0,619.0,621.0,622.0,629.0,647.0,647.0,650.0,679.0,692.0,710.0,724.0,726.0,751.0,774.0,780.0,797.0,797.0,808.0,818.0,828.0,828.0,833.0,869.0,883.0,922.0,934.0,935.0,937.0,938.0,948.0,949.0,971.0,979.0,1000.0,
11.0,80.0,133.0,145.0,203.0,275.0,325.0,339.0,352.0,382.0,384.0,421.0,424.0,439.0,479.0,530.0,531.0,541.0,542.0,543.0,548.0,553.0,556.0,557.0,562.0,564.0,565.0,565.0,578.0,583.0,584.0,584.0,592.0,599.0,602.0,602.0,609.0,614.0,626.0,630.0,635.0,646.0,649.0,658.0,659.0,670.0,674.0,698.0,701.0,704.0,707.0,790.0,793.0,807.0,828.0,838.0,850.0,867.0,870.0,871.0,908.0,925.0,928.0,931.0,938.0,953.0,954.0,968.0,969.0,973.0,986.0,
8.0,26.0,151.0,178.0,191.0,229.0,255.0,331.0,352.0,366.0,409.0,436.0,439.0,464.0,495.0,523.0,535.0,543.0,545.0,558.0,576.0,611.0,613.0,646.0,667.0,684.0,693.0,719.0,734.0,741.0,742.0,744.0,764.0,772.0,786.0,840.0,882.0,896.0,912.0,931.0,931.0,932.0,984.0,998.0,
36.0,48.0,55.0,115.0,125.0,131.0,143.0,170.0,176.0,218.0,241.0,244.0,294.0,316.0,375.0,392.0,481.0,506.0,525.0,573.0,596.0,739.0,762.0,770.0,785.0,829.0,841.0,851.0,910.0,942.0,
64.0,87.0,174.0,298.0,353.0,408.0,478.0,505.0,514.0,514.0,551.0,557.0,614.0,631.0,644.0,653.0,693.0,719.0,727.0,733.0,743.0,751.0,756.0,768.0,802.0,824.0,859.0,869.0,869.0,886.0,909.0,930.0,993.0,
19.0,36.0,50.0,52.0,58.0,72.0,128.0,130.0,180.0,215.0,216.0,220.0,245.0,259.0,299.0,304.0,370.0,435.0,447.0,470.0,481.0,602.0,653.0,709.0,714.0,732.0,734.0,762.0,765.0,813.0,859.0,880.0,895.0,917.0,924.0,936.0,947.0,955.0,956.0,
134.0,144.0,178.0,194.0,197.0,200.0,201.0,245.0,266.0,353.0,369.0,380.0,398.0,408.0,476.0,487.0,538.0,547.0,561.0,567.0,595.0,664.0,678.0,681.0,682.0,683.0,700.0,705.0,786.0,788.0,797.0,816.0,842.0,850.0,866.0,898.0,912.0,921.0,983.0,990.0,
4.0,19.0,53.0,133.0,150.0,162.0,217.0,255.0,314.0,317.0,348.0,445.0,521.0,551.0,569.0,653.0,696.0,715.0,741.0,743.0,794.0,805.0,897.0,906.0,930.0,
2.0,13.0,15.0,23.0,23.0,48.0,126.0,196.0,221.0,314.0,320.0,411.0,430.0,474.0,485.0,486.0,526.0,526.0,534.0,534.0,538.0,538.0,542.0,543.0,546.0,547.0,551.0,564.0,567.0,574.0,582.0,584.0,592.0,626.0,638.0,639.0,644.0,658.0,677.0,694.0,703.0,714.0,752.0,772.0,803.0,808.0,820.0,822.0,828.0,839.0,853.0,872.0,902.0,906.0,960.0,972.0,982.0,991.0,993.0,999.0,1000.0,
13.0,14.0,59.0,111.0,137.0,156.0,175.0,183.0,203.0,204.0,234.0,291.0,307.0,318.0,379.0,406.0,410.0,421.0,489.0,537.0,539.0,546.0,560.0,569.0,572.0,581.0,602.0,604.0,624.0,649.0,681.0,685.0,691.0,713.0,730.0,764.0,803.0,806.0,815.0,851.0,903.0,911.0,919.0,924.0,926.0,958.0,979.0,987.0,
62.0,100.0,133.0,163.0,181.0,205.0,206.0,220.0,262.0,291.0,356.0,358.0,361.0,396.0,415.0,417.0,443.0,445.0,457.0,515.0,518.0,528.0,529.0,531.0,535.0,540.0,541.0,548.0,548.0,552.0,555.0,562.0,570.0,582.0,605.0,609.0,618.0,625.0,627.0,633.0,645.0,647.0,666.0,714.0,792.0,807.0,809.0,820.0,827.0,830.0,847.0,859.0,876.0,890.0,901.0,904.0,913.0,919.0,966.0,975.0,989.0,
50.0,58.0,76.0,109.0,151.0,188.0,210.0,224.0,234.0,267.0,277.0,280.0,283.0,302.0,343.0,369.0,371.0,377.0,412.0,420.0,423.0,433.0,452.0,459.0,497.0,501.0,524.0,532.0,533.0,538.0,543.0,547.0,549.0,552.0,566.0,568.0,586.0,591.0,593.0,598.0,600.0,603.0,605.0,606.0,607.0,635.0,640.0,648.0,656.0,662.0,672.0,674.0,676.0,682.0,711.0,719.0,727.0,732.0,733.0,764.0,770.0,780.0,784.0,794.0,837.0,867.0,867.0,874.0,885.0,887.0,894.0,919.0,937.0,955.0,961.0,966.0,966.0,
84.0,90.0,114.0,247.0,317.0,375.0,376.0,390.0,390.0,434.0,463.0,479.0,525.0,528.0,530.0,530.0,532.0,548.0,549.0,574.0,587.0,588.0,601.0,602.0,609.0,612.0,612.0,617.0,618.0,628.0,629.0,642.0,645.0,646.0,647.0,660.0,665.0,672.0,705.0,715.0,726.0,735.0,736.0,768.0,771.0,789.0,822.0,826.0,830.0,846.0,854.0,854.0,861.0,871.0,871.0,891.0,899.0,902.0,907.0,914.0,916.0,931.0,947.0,951.0,976.0,
3.0,9.0,18.0,71.0,71.0,115.0,131.0,155.0,177.0,242.0,256.0,270.0,279.0,282.0,328.0,361.0,428.0,473.0,500.0,511.0,527.0,554.0,572.0,579.0,598.0,602.0,622.0,628.0,657.0,663.0,666.0,751.0,787.0,877.0,883.0,883.0,
18.0,74.0,94.0,110.0,138.0,223.0,228.0,230.0,298.0,308.0,321.0,353.0,403.0,414.0,417.0,451.0,475.0,499.0,540.0,541.0,595.0,599.0,694.0,702.0,737.0,799.0,828.0,834.0,868.0,870.0,908.0,909.0,
27.0,144.0,148.0,184.0,203.0,246.0,269.0,275.0,295.0,310.0,410.0,424.0,430.0,508.0,534.0,661.0,698.0,736.0,822.0,917.0,918.0,959.0,
11.0,26.0,85.0,89.0,132.0,138.0,141.0,144.0,197.0,297.0,299.0,337.0,342.0,383.0,403.0,425.0,450.0,522.0,547.0,550.0,621.0,637.0,752.0,778.0,779.0,803.0,817.0,824.0,825.0,827.0,893.0,922.0,992.0,
47.0,77.0,91.0,96.0,138.0,140.0,183.0,206.0,221.0,233.0,243.0,251.0,286.0,352.0,400.0,410.0,427.0,452.0,473.0,539.0,540.0,542.0,543.0,544.0,551.0,564.0,569.0,576.0,590.0,632.0,691.0,695.0,701.0,731.0,773.0,817.0,960.0,961.0,978.0,998.0,
16.0,53.0,87.0,95.0,119.0,183.0,199.0,201.0,205.0,213.0,234.0,329.0,363.0,399.0,448.0,452.0,453.0,494.0,506.0,519.0,525.0,530.0,532.0,534.0,538.0,539.0,541.0,552.0,557.0,564.0,578.0,584.0,584.0,586.0,588.0,593.0,593.0,594.0,607.0,613.0,623.0,627.0,629.0,630.0,631.0,634.0,655.0,660.0,668.0,669.0,683.0,712.0,718.0,732.0,740.0,746.0,758.0,764.0,768.0,789.0,810.0,832.0,838.0,861.0,862.0,874.0,893.0,962.0,963.0,970.0,980.0,981.0,985.0,
19.0,31.0,64.0,87.0,179.0,216.0,264.0,275.0,321.0,381.0,426.0,511.0,529.0,532.0,536.0,556.0,556.0,561.0,585.0,588.0,589.0,595.0,600.0,612.0,615.0,625.0,631.0,640.0,644.0,646.0,666.0,669.0,674.0,681.0,689.0,697.0,698.0,706.0,725.0,740.0,749.0,826.0,832.0,840.0,849.0,906.0,907.0,909.0,916.0,946.0,947.0,
4.0,23.0,50.0,72.0,83.0,92.0,111.0,114.0,148.0,166.0,167.0,305.0,444.0,492.0,510.0,517.0,518.0,521.0,527.0,538.0,541.0,542.0,549.0,563.0,564.0,568.0,571.0,598.0,621.0,625.0,636.0,645.0,651.0,669.0,709.0,722.0,754.0,779.0,807.0,811.0,820.0,843.0,847.0,857.0,861.0,868.0,871.0,898.0,901.0,907.0,915.0,917.0,924.0,955.0,977.0,
28.0,37.0,64.0,75.0,87.0,93.0,99.0,125.0,126.0,128.0,147.0,173.0,226.0,275.0,294.0,309.0,343.0,349.0,429.0,445.0,524.0,528.0,533.0,535.0,542.0,543.0,555.0,561.0,568.0,569.0,573.0,576.0,583.0,601.0,604.0,612.0,653.0,657.0,667.0,707.0,747.0,756.0,761.0,775.0,775.0,781.0,796.0,808.0,834.0,845.0,876.0,913.0,917.0,926.0,953.0,956.0,956.0,982.0,996.0,996.0,
29.0,42.0,44.0,46.0,55.0,61.0,75.0,107.0,118.0,160.0,232.0,295.0,350.0,353.0,357.0,360.0,374.0,377.0,383.0,421.0,456.0,460.0,472.0,509.0,511.0,538.0,540.0,552.0,558.0,562.0,566.0,568.0,580.0,581.0,586.0,590.0,600.0,601.0,606.0,606.0,620.0,632.0,641.0,653.0,660.0,677.0,685.0,720.0,724.0,724.0,725.0,728.0,728.0,729.0,735.0,746.0,756.0,768.0,796.0,810.0,814.0,853.0,855.0,876.0,895.0,898.0,913.0,920.0,927.0,928.0,943.0,944.0,953.0,957.0,975.0,977.0,992.0,998.0,
4.0,32.0,58.0,185.0,229.0,262.0,268.0,281.0,284.0,316.0,346.0,352.0,354.0,445.0,447.0,453.0,460.0,479.0,540.0,546.0,550.0,551.0,562.0,577.0,593.0,599.0,600.0,602.0,706.0,728.0,733.0,785.0,790.0,791.0,792.0,831.0,844.0,863.0,879.0,910.0,978.0,984.0,
73.0,100.0,129.0,146.0,212.0,245.0,250.0,274.0,296.0,301.0,308.0,314.0,352.0,358.0,443.0,478.0,484.0,488.0,493.0,515.0,570.0,613.0,621.0,643.0,658.0,661.0,682.0,686.0,700.0,802.0,819.0,830.0,859.0,917.0,
72.0,79.0,80.0,92.0,94.0,109.0,138.0,165.0,170.0,187.0,188.0,217.0,248.0,249.0,252.0,332.0,353.0,388.0,418.0,431.0,460.0,465.0,480.0,551.0,559.0,594.0,629.0,657.0,719.0,726.0,824.0,864.0,895.0,898.0,907.0,988.0,1000.0,
24.0,32.0,105.0,115.0,173.0,188.0,245.0,267.0,275.0,279.0,288.0,369.0,370.0,413.0,414.0,433.0,441.0,503.0,512.0,519.0,535.0,546.0,552.0,621.0,622.0,650.0,667.0,674.0,845.0,871.0,879.0,917.0,938.0,951.0,954.0,981.0,
7.0,53.0,92.0,104.0,123.0,163.0,204.0,208.0,213.0,225.0,229.0,262.0,275.0,276.0,289.0,294.0,322.0,349.0,379.0,387.0,445.0,481.0,513.0,533.0,542.0,557.0,616.0,639.0,661.0,672.0,749.0,796.0,842.0,860.0,911.0,924.0,928.0,967.0,
61.0,64.0,70.0,81.0,94.0,126.0,176.0,179.0,214.0,240.0,268.0,280.0,296.0,324.0,382.0,417.0,435.0,445.0,460.0,482.0,517.0,525.0,533.0,537.0,540.0,540.0,544.0,545.0,547.0,553.0,554.0,558.0,561.0,562.0,567.0,570.0,591.0,595.0,598.0,611.0,615.0,616.0,648.0,656.0,659.0,665.0,671.0,685.0,696.0,699.0,705.0,705.0,711.0,747.0,749.0,749.0,762.0,764.0,780.0,792.0,794.0,799.0,806.0,813.0,833.0,838.0,847.0,860.0,862.0,883.0,884.0,899.0,901.0,904.0,926.0,926.0,949.0,951.0,974.0,993.0,995.0,
66.0,87.0,106.0,110.0,110.0,123.0,140.0,141.0,168.0,217.0,260.0,288.0,299.0,300.0,369.0,375.0,412.0,458.0,460.0,497.0,522.0,526.0,538.0,549.0,563.0,567.0,573.0,574.0,575.0,576.0,578.0,578.0,579.0,582.0,586.0,593.0,642.0,664.0,671.0,702.0,704.0,719.0,761.0,773.0,782.0,783.0,800.0,801.0,816.0,816.0,834.0,859.0,893.0,902.0,905.0,907.0,926.0,935.0,937.0,948.0,963.0,976.0,
17.0,29.0,36.0,45.0,148.0,154.0,159.0,187.0,210.0,331.0,356.0,374.0,386.0,449.0,449.0,505.0,514.0,519.0,522.0,524.0,538.0,539.0,549.0,562.0,564.0,568.0,577.0,578.0,580.0,584.0,595.0,600.0,604.0,608.0,609.0,609.0,619.0,626.0,627.0,628.0,630.0,644.0,654.0,658.0,659.0,664.0,668.0,675.0,685.0,689.0,690.0,693.0,701.0,719.0,721.0,726.0,734.0,755.0,759.0,788.0,812.0,827.0,854.0,866.0,867.0,871.0,873.0,905.0,932.0,963.0,994.0,
36.0,39.0,73.0,102.0,105.0,111.0,151.0,201.0,256.0,330.0,333.0,336.0,354.0,366.0,380.0,391.0,401.0,414.0,432.0,439.0,478.0,518.0,522.0,522.0,523.0,529.0,532.0,532.0,537.0,543.0,548.0,553.0,553.0,563.0,565.0,567.0,572.0,579.0,579.0,582.0,586.0,586.0,589.0,590.0,592.0,626.0,633.0,637.0,671.0,676.0,678.0,686.0,688.0,690.0,692.0,694.0,698.0,701.0,713.0,719.0,721.0,721.0,744.0,750.0,763.0,780.0,844.0,858.0,858.0,867.0,869.0,878.0,881.0,892.0,893.0,897.0,948.0,957.0,964.0,968.0,972.0,981.0,987.0,988.0,998.0,
13.0,60.0,71.0,105.0,111.0,143.0,164.0,225.0,242.0,265.0,303.0,353.0,375.0,383.0,386.0,411.0,460.0,486.0,511.0,524.0,525.0,525.0,533.0,537.0,544.0,548.0,549.0,549.0,551.0,552.0,553.0,554.0,579.0,586.0,590.0,590.0,596.0,600.0,609.0,613.0,614.0,620.0,629.0,631.0,649.0,655.0,671.0,687.0,700.0,707.0,709.0,775.0,787.0,792.0,802.0,807.0,809.0,813.0,822.0,839.0,863.0,867.0,869.0,873.0,885.0,893.0,914.0,938.0,965.0,975.0,990.0,
12.0,23.0,33.0,40.0,61.0,96.0,101.0,104.0,156.0,266.0,278.0,282.0,284.0,312.0,351.0,453.0,457.0,467.0,475.0,518.0,547.0,571.0,571.0,590.0,624.0,666.0,688.0,715.0,736.0,754.0,917.0,978.0,
11.0,43.0,63.0,68.0,78.0,91.0,160.0,176.0,195.0,198.0,233.0,275.0,285.0,301.0,320.0,400.0,427.0,470.0,565.0,604.0,608.0,610.0,633.0,663.0,681.0,752.0,809.0,826.0,835.0,839.0,875.0,898.0,975.0,
31.0,71.0,78.0,95.0,125.0,145.0,154.0,156.0,205.0,232.0,252.0,263.0,264.0,290.0,302.0,377.0,380.0,408.0,414.0,486.0,513.0,517.0,550.0,551.0,574.0,578.0,596.0,660.0,758.0,778.0,942.0,964.0,990.0,
3.0,16.0,59.0,71.0,119.0,121.0,206.0,220.0,247.0,251.0,283.0,289.0,308.0,346.0,360.0,382.0,443.0,521.0,589.0,601.0,613.0,668.0,703.0,713.0,797.0,824.0,826.0,926.0,980.0,989.0,999.0,
28.0,28.0,43.0,53.0,92.0,127.0,145.0,156.0,289.0,305.0,347.0,373.0,399.0,401.0,405.0,413.0,436.0,481.0,482.0,482.0,488.0,507.0,534.0,606.0,628.0,657.0,659.0,690.0,698.0,703.0,729.0,737.0,770.0,777.0,806.0,808.0,830.0,835.0,857.0,876.0,938.0,978.0,995.0,
20.0,36.0,39.0,66.0,81.0,107.0,128.0,175.0,207.0,217.0,230.0,275.0,320.0,322.0,345.0,426.0,460.0,502.0,517.0,533.0,533.0,566.0,573.0,574.0,576.0,615.0,620.0,625.0,630.0,641.0,670.0,730.0,739.0,753.0,885.0,896.0,977.0,
132.0,146.0,163.0,188.0,212.0,308.0,312.0,334.0,336.0,361.0,431.0,435.0,462.0,473.0,502.0,524.0,527.0,529.0,538.0,539.0,541.0,542.0,543.0,555.0,555.0,557.0,566.0,567.0,570.0,572.0,578.0,581.0,586.0,600.0,610.0,620.0,635.0,635.0,636.0,655.0,683.0,684.0,692.0,712.0,716.0,716.0,741.0,745.0,750.0,764.0,786.0,803.0,813.0,818.0,819.0,823.0,828.0,834.0,845.0,845.0,850.0,865.0,894.0,902.0,924.0,932.0,961.0,967.0,994.0,998.0,
31.0,93.0,104.0,136.0,147.0,159.0,223.0,227.0,231.0,239.0,251.0,286.0,287.0,302.0,332.0,380.0,415.0,448.0,485.0,495.0,515.0,525.0,529.0,533.0,539.0,543.0,545.0,550.0,556.0,557.0,557.0,559.0,560.0,562.0,563.0,565.0,569.0,572.0,573.0,574.0,576.0,579.0,585.0,591.0,598.0,602.0,606.0,606.0,612.0,617.0,618.0,620.0,638.0,641.0,647.0,651.0,662.0,664.0,675.0,712.0,717.0,733.0,745.0,768.0,777.0,788.0,795.0,806.0,809.0,813.0,817.0,825.0,855.0,867.0,870.0,881.0,882.0,884.0,892.0,928.0,969.0,978.0,1000.0,
25.0,51.0,63.0,77.0,82.0,94.0,144.0,165.0,223.0,236.0,243.0,386.0,396.0,416.0,436.0,481.0,526.0,526.0,531.0,533.0,537.0,538.0,550.0,553.0,559.0,560.0,562.0,570.0,571.0,572.0,574.0,576.0,579.0,590.0,600.0,605.0,613.0,620.0,626.0,638.0,640.0,645.0,652.0,654.0,659.0,670.0,683.0,688.0,692.0,692.0,708.0,744.0,757.0,757.0,768.0,843.0,889.0,896.0,897.0,907.0,912.0,933.0,938.0,940.0,982.0,985.0,986.0,
17.0,23.0,38.0,49.0,54.0,86.0,221.0,234.0,237.0,237.0,241.0,244.0,297.0,304.0,318.0,341.0,410.0,435.0,453.0,483.0,525.0,530.0,539.0,541.0,547.0,551.0,570.0,618.0,643.0,652.0,661.0,736.0,784.0,785.0,793.0,803.0,820.0,832.0,855.0,933.0,950.0,960.0,975.0,976.0,
49.0,52.0,53.0,67.0,68.0,93.0,103.0,129.0,144.0,153.0,174.0,243.0,256.0,296.0,300.0,326.0,327.0,408.0,411.0,455.0,560.0,569.0,596.0,606.0,610.0,671.0,778.0,807.0,846.0,873.0,931.0,935.0,948.0,985.0,
2.0,33.0,35.0,41.0,116.0,122.0,128.0,138.0,230.0,232.0,266.0,357.0,448.0,469.0,469.0,471.0,473.0,496.0,544.0,553.0,556.0,557.0,565.0,717.0,796.0,804.0,828.0,847.0,853.0,879.0,905.0,958.0,
7.0,67.0,212.0,216.0,224.0,254.0,293.0,346.0,359.0,361.0,362.0,381.0,392.0,399.0,405.0,429.0,445.0,476.0,484.0,500.0,503.0,548.0,548.0,594.0,619.0,639.0,660.0,713.0,836.0,840.0,857.0,869.0,887.0,939.0,956.0,
8.0,27.0,44.0,68.0,95.0,102.0,111.0,147.0,180.0,187.0,202.0,206.0,222.0,269.0,295.0,296.0,330.0,356.0,434.0,507.0,520.0,548.0,555.0,596.0,597.0,638.0,652.0,671.0,724.0,730.0,746.0,785.0,851.0,865.0,883.0,886.0,955.0,
45.0,146.0,169.0,269.0,358.0,371.0,383.0,413.0,415.0,463.0,474.0,496.0,538.0,566.0,602.0,627.0,629.0,631.0,638.0,650.0,743.0,760.0,768.0,787.0,799.0,817.0,904.0,935.0,940.0,964.0,971.0,
19.0,41.0,46.0,91.0,133.0,149.0,197.0,205.0,245.0,253.0,288.0,300.0,372.0,413.0,429.0,433.0,434.0,467.0,510.0,563.0,564.0,571.0,620.0,636.0,671.0,731.0,744.0,823.0,862.0,862.0,866.0,894.0,922.0,939.0,961.0,973.0,
23.0,35.0,53.0,65.0,89.0,113.0,198.0,210.0,228.0,250.0,256.0,263.0,267.0,297.0,341.0,351.0,380.0,452.0,483.0,492.0,494.0,500.0,501.0,524.0,532.0,539.0,542.0,560.0,595.0,689.0,696.0,739.0,804.0,847.0,854.0,855.0,
38.0,127.0,150.0,198.0,300.0,304.0,307.0,358.0,374.0,405.0,412.0,471.0,564.0,568.0,587.0,614.0,634.0,635.0,637.0,639.0,648.0,707.0,726.0,842.0,864.0,903.0,929.0,934.0,944.0,986.0,994.0,
38.0,56.0,63.0,91.0,119.0,126.0,173.0,174.0,199.0,271.0,309.0,329.0,478.0,510.0,512.0,525.0,531.0,539.0,548.0,559.0,573.0,592.0,600.0,604.0,635.0,672.0,707.0,720.0,736.0,792.0,841.0,844.0,996.0,
61.0,62.0,66.0,152.0,168.0,214.0,228.0,269.0,282.0,380.0,456.0,459.0,497.0,500.0,526.0,527.0,548.0,555.0,558.0,564.0,594.0,608.0,681.0,726.0,760.0,774.0,785.0,836.0,841.0,860.0,893.0,986.0,999.0,
70.0,80.0,85.0,90.0,111.0,124.0,124.0,146.0,154.0,159.0,219.0,229.0,268.0,278.0,289.0,300.0,310.0,327.0,328.0,333.0,348.0,373.0,380.0,426.0,430.0,431.0,485.0,485.0,529.0,534.0,543.0,581.0,582.0,609.0,653.0,726.0,766.0,782.0,788.0,870.0,887.0,937.0,999.0,
60.0,78.0,180.0,230.0,239.0,294.0,313.0,374.0,374.0,428.0,460.0,472.0,547.0,583.0,647.0,648.0,655.0,663.0,720.0,748.0,750.0,769.0,773.0,827.0,856.0,861.0,866.0,893.0,911.0,917.0,926.0,933.0,978.0,980.0,
34.0,56.0,78.0,107.0,147.0,171.0,187.0,206.0,225.0,237.0,247.0,332.0,333.0,385.0,396.0,413.0,430.0,459.0,508.0,567.0,576.0,624.0,704.0,742.0,782.0,827.0,837.0,848.0,879.0,887.0,964.0,979.0,989.0,
15.0,44.0,93.0,97.0,116.0,137.0,144.0,158.0,159.0,161.0,223.0,229.0,253.0,354.0,405.0,471.0,479.0,481.0,488.0,552.0,634.0,709.0,759.0,785.0,794.0,857.0,880.0,904.0,920.0,
47.0,103.0,126.0,148.0,165.0,171.0,213.0,228.0,278.0,286.0,318.0,357.0,368.0,381.0,389.0,403.0,410.0,432.0,435.0,460.0,480.0,534.0,554.0,685.0,700.0,739.0,776.0,796.0,843.0,856.0,864.0,896.0,950.0,965.0,967.0,
58.0,133.0,238.0,247.0,299.0,343.0,380.0,399.0,402.0,403.0,419.0,440.0,518.0,524.0,564.0,572.0,593.0,623.0,660.0,662.0,680.0,721.0,758.0,791.0,795.0,798.0,800.0,810.0,813.0,816.0,887.0,898.0,911.0,914.0,916.0,935.0,935.0,944.0,979.0,
17.0,41.0,53.0,57.0,115.0,123.0,126.0,232.0,276.0,326.0,328.0,367.0,438.0,485.0,486.0,531.0,544.0,582.0,607.0,663.0,689.0,694.0,719.0,733.0,746.0,754.0,767.0,890.0,946.0,974.0,978.0,1000.0,
12.0,15.0,16.0,20.0,47.0,52.0,61.0,67.0,78.0,85.0,152.0,157.0,159.0,186.0,232.0,238.0,255.0,276.0,292.0,314.0,360.0,412.0,455.0,486.0,507.0,570.0,595.0,637.0,754.0,779.0,853.0,869.0,901.0,923.0,943.0,946.0,
6.0,10.0,16.0,19.0,110.0,117.0,157.0,175.0,297.0,380.0,381.0,383.0,401.0,435.0,439.0,451.0,458.0,508.0,540.0,554.0,582.0,602.0,618.0,638.0,652.0,665.0,693.0,706.0,759.0,823.0,878.0,894.0,960.0,969.0,977.0,
18.0,109.0,157.0,182.0,225.0,258.0,266.0,274.0,306.0,352.0,427.0,482.0,509.0,525.0,579.0,599.0,616.0,656.0,670.0,699.0,714.0,721.0,725.0,739.0,870.0,893.0,906.0,911.0,943.0,953.0,980.0,991.0,
11.0,62.0,142.0,182.0,191.0,225.0,291.0,338.0,359.0,415.0,478.0,484.0,526.0,529.0,530.0,575.0,591.0,604.0,633.0,642.0,683.0,689.0,709.0,756.0,780.0,790.0,798.0,810.0,843.0,843.0,860.0,876.0,900.0,956.0,960.0,
17.0,24.0,65.0,70.0,91.0,91.0,143.0,148.0,186.0,190.0,231.0,339.0,340.0,368.0,382.0,402.0,404.0,406.0,440.0,452.0,453.0,454.0,457.0,483.0,503.0,521.0,556.0,568.0,578.0,591.0,603.0,669.0,702.0,719.0,729.0,737.0,772.0,808.0,808.0,816.0,868.0,881.0,886.0,961.0,966.0,995.0,
