7.0,8.0,11.0,28.0,32.0,33.0,62.0,76.0,149.0,168.0,177.0,182.0,188.0,255.0,267.0,284.0,285.0,311.0,319.0,353.0,439.0,440.0,524.0,527.0,551.0,568.0,576.0,605.0,624.0,639.0,696.0,704.0,716.0,717.0,741.0,837.0,893.0,893.0,937.0,973.0,995.0,
29.0,33.0,45.0,59.0,87.0,173.0,224.0,226.0,239.0,267.0,268.0,288.0,347.0,356.0,362.0,430.0,447.0,456.0,460.0,533.0,549.0,572.0,597.0,604.0,618.0,672.0,682.0,713.0,813.0,821.0,856.0,917.0,947.0,952.0,980.0,984.0,986.0,
14.0,41.0,145.0,149.0,160.0,217.0,227.0,249.0,251.0,269.0,273.0,287.0,296.0,323.0,338.0,368.0,442.0,447.0,469.0,572.0,630.0,633.0,651.0,654.0,660.0,683.0,699.0,725.0,731.0,769.0,840.0,888.0,897.0,924.0,968.0,994.0,
20.0,32.0,71.0,129.0,140.0,141.0,151.0,165.0,250.0,304.0,306.0,313.0,313.0,323.0,338.0,363.0,377.0,381.0,469.0,480.0,484.0,509.0,553.0,586.0,655.0,656.0,719.0,736.0,740.0,752.0,806.0,839.0,872.0,874.0,905.0,915.0,964.0,985.0,
56.0,86.0,134.0,146.0,184.0,200.0,237.0,242.0,304.0,323.0,444.0,447.0,464.0,467.0,468.0,536.0,555.0,559.0,567.0,653.0,805.0,823.0,844.0,859.0,888.0,894.0,917.0,920.0,930.0,944.0,947.0,972.0,993.0,
37.0,42.0,64.0,64.0,108.0,143.0,160.0,166.0,168.0,179.0,186.0,199.0,248.0,302.0,308.0,327.0,353.0,442.0,570.0,594.0,649.0,670.0,675.0,734.0,805.0,828.0,888.0,890.0,919.0,924.0,933.0,969.0,993.0,
35.0,98.0,150.0,168.0,180.0,334.0,340.0,365.0,428.0,442.0,507.0,510.0,570.0,593.0,594.0,601.0,624.0,632.0,654.0,667.0,681.0,767.0,778.0,783.0,792.0,808.0,828.0,855.0,866.0,885.0,906.0,921.0,923.0,928.0,951.0,
26.0,27.0,57.0,58.0,123.0,124.0,161.0,203.0,206.0,224.0,247.0,282.0,326.0,348.0,355.0,361.0,405.0,416.0,427.0,436.0,444.0,472.0,474.0,481.0,499.0,526.0,559.0,589.0,621.0,645.0,714.0,717.0,736.0,744.0,772.0,812.0,833.0,919.0,936.0,948.0,981.0,
13.0,38.0,41.0,56.0,69.0,90.0,103.0,188.0,253.0,369.0,369.0,385.0,408.0,433.0,523.0,628.0,638.0,688.0,692.0,768.0,826.0,832.0,891.0,915.0,919.0,944.0,984.0,994.0,
25.0,30.0,52.0,78.0,99.0,118.0,120.0,125.0,141.0,169.0,200.0,202.0,209.0,231.0,238.0,269.0,282.0,323.0,358.0,360.0,365.0,370.0,383.0,393.0,409.0,422.0,483.0,506.0,528.0,533.0,545.0,578.0,592.0,611.0,662.0,697.0,716.0,735.0,775.0,787.0,830.0,854.0,870.0,871.0,897.0,983.0,
28.0,36.0,63.0,91.0,117.0,143.0,149.0,228.0,230.0,236.0,248.0,258.0,262.0,263.0,283.0,299.0,339.0,356.0,454.0,465.0,470.0,488.0,494.0,587.0,605.0,694.0,751.0,751.0,786.0,799.0,887.0,932.0,935.0,945.0,994.0,
13.0,56.0,57.0,63.0,79.0,154.0,173.0,174.0,186.0,223.0,234.0,252.0,281.0,329.0,332.0,339.0,357.0,376.0,383.0,388.0,404.0,419.0,432.0,440.0,461.0,470.0,524.0,541.0,552.0,603.0,609.0,611.0,623.0,639.0,691.0,708.0,728.0,760.0,811.0,837.0,867.0,878.0,897.0,922.0,938.0,943.0,
47.0,53.0,56.0,77.0,79.0,83.0,113.0,160.0,161.0,163.0,192.0,235.0,253.0,257.0,274.0,275.0,281.0,289.0,311.0,312.0,313.0,325.0,385.0,412.0,490.0,534.0,545.0,555.0,559.0,570.0,595.0,608.0,619.0,621.0,729.0,736.0,742.0,776.0,806.0,813.0,890.0,910.0,920.0,923.0,975.0,
34.0,77.0,92.0,170.0,200.0,206.0,226.0,252.0,269.0,309.0,341.0,371.0,372.0,384.0,406.0,487.0,537.0,545.0,546.0,600.0,615.0,619.0,635.0,693.0,721.0,741.0,780.0,900.0,913.0,918.0,947.0,947.0,
10.0,61.0,73.0,77.0,98.0,179.0,193.0,195.0,212.0,250.0,335.0,395.0,440.0,513.0,520.0,534.0,590.0,732.0,824.0,877.0,881.0,
5.0,129.0,132.0,132.0,201.0,223.0,240.0,264.0,318.0,335.0,383.0,429.0,488.0,528.0,639.0,667.0,690.0,705.0,743.0,744.0,759.0,800.0,850.0,968.0,974.0,
6.0,31.0,38.0,121.0,134.0,135.0,202.0,240.0,243.0,274.0,287.0,361.0,386.0,469.0,517.0,522.0,605.0,622.0,690.0,884.0,935.0,987.0,
4.0,33.0,58.0,65.0,81.0,87.0,92.0,113.0,123.0,154.0,158.0,165.0,175.0,179.0,197.0,200.0,269.0,277.0,287.0,311.0,330.0,350.0,362.0,375.0,441.0,442.0,481.0,558.0,603.0,711.0,777.0,797.0,843.0,853.0,894.0,900.0,961.0,993.0,996.0,
14.0,43.0,105.0,106.0,170.0,197.0,202.0,246.0,301.0,306.0,370.0,398.0,417.0,445.0,476.0,485.0,487.0,490.0,597.0,632.0,664.0,677.0,689.0,695.0,752.0,759.0,775.0,810.0,838.0,840.0,968.0,
8.0,70.0,89.0,100.0,102.0,120.0,129.0,131.0,134.0,134.0,179.0,204.0,240.0,263.0,272.0,294.0,338.0,346.0,354.0,374.0,419.0,428.0,429.0,433.0,443.0,452.0,485.0,518.0,524.0,543.0,601.0,602.0,613.0,627.0,648.0,724.0,741.0,777.0,801.0,820.0,897.0,914.0,922.0,960.0,993.0,
89.0,94.0,120.0,129.0,143.0,149.0,156.0,239.0,241.0,249.0,269.0,281.0,283.0,298.0,355.0,367.0,400.0,416.0,425.0,448.0,485.0,567.0,569.0,569.0,595.0,606.0,618.0,632.0,643.0,654.0,656.0,694.0,698.0,709.0,720.0,762.0,763.0,824.0,841.0,844.0,846.0,899.0,900.0,920.0,928.0,983.0,
5.0,19.0,23.0,25.0,110.0,123.0,164.0,184.0,189.0,204.0,213.0,337.0,344.0,348.0,389.0,431.0,472.0,492.0,520.0,523.0,551.0,557.0,575.0,581.0,600.0,612.0,654.0,736.0,742.0,748.0,753.0,759.0,785.0,811.0,852.0,860.0,894.0,916.0,966.0,967.0,983.0,
32.0,34.0,44.0,45.0,59.0,92.0,127.0,142.0,159.0,194.0,232.0,250.0,276.0,316.0,324.0,356.0,356.0,376.0,401.0,407.0,438.0,464.0,492.0,500.0,501.0,515.0,613.0,655.0,710.0,719.0,730.0,765.0,802.0,809.0,919.0,930.0,965.0,
8.0,35.0,45.0,57.0,81.0,211.0,220.0,247.0,265.0,297.0,361.0,409.0,424.0,470.0,489.0,512.0,524.0,530.0,556.0,561.0,566.0,574.0,584.0,604.0,612.0,641.0,727.0,743.0,774.0,793.0,795.0,818.0,868.0,882.0,963.0,993.0,999.0,
124.0,132.0,133.0,138.0,188.0,197.0,201.0,229.0,312.0,327.0,337.0,343.0,362.0,363.0,395.0,458.0,469.0,475.0,480.0,503.0,504.0,506.0,509.0,512.0,518.0,533.0,553.0,580.0,596.0,605.0,614.0,636.0,650.0,651.0,666.0,676.0,676.0,677.0,685.0,701.0,711.0,721.0,723.0,726.0,744.0,774.0,793.0,831.0,837.0,847.0,853.0,860.0,865.0,866.0,885.0,888.0,915.0,917.0,928.0,934.0,935.0,938.0,957.0,961.0,964.0,
16.0,22.0,37.0,92.0,111.0,129.0,153.0,180.0,202.0,232.0,258.0,266.0,323.0,391.0,401.0,428.0,430.0,431.0,455.0,466.0,474.0,522.0,526.0,530.0,540.0,543.0,547.0,549.0,553.0,556.0,577.0,578.0,599.0,608.0,609.0,617.0,623.0,629.0,645.0,660.0,670.0,690.0,731.0,736.0,737.0,742.0,743.0,753.0,757.0,766.0,774.0,776.0,784.0,793.0,795.0,838.0,873.0,876.0,906.0,912.0,917.0,917.0,930.0,930.0,932.0,938.0,959.0,
19.0,40.0,46.0,47.0,56.0,78.0,89.0,93.0,96.0,106.0,142.0,232.0,276.0,291.0,291.0,313.0,343.0,356.0,366.0,394.0,410.0,420.0,425.0,451.0,501.0,501.0,505.0,521.0,524.0,531.0,540.0,541.0,542.0,552.0,557.0,568.0,578.0,585.0,612.0,627.0,627.0,635.0,636.0,638.0,640.0,642.0,656.0,683.0,686.0,693.0,696.0,699.0,709.0,714.0,730.0,745.0,750.0,770.0,794.0,795.0,827.0,831.0,862.0,866.0,893.0,911.0,928.0,934.0,935.0,
21.0,36.0,75.0,106.0,124.0,136.0,142.0,157.0,199.0,228.0,252.0,258.0,267.0,270.0,276.0,294.0,302.0,405.0,409.0,429.0,432.0,467.0,477.0,482.0,498.0,524.0,547.0,555.0,558.0,576.0,580.0,596.0,615.0,682.0,783.0,798.0,814.0,838.0,867.0,900.0,904.0,907.0,961.0,962.0,
35.0,49.0,63.0,72.0,96.0,102.0,110.0,134.0,151.0,158.0,220.0,230.0,252.0,257.0,263.0,270.0,322.0,381.0,458.0,466.0,482.0,491.0,554.0,662.0,682.0,693.0,820.0,888.0,893.0,900.0,954.0,
34.0,74.0,102.0,125.0,142.0,143.0,156.0,195.0,213.0,216.0,247.0,253.0,262.0,277.0,288.0,291.0,298.0,310.0,318.0,325.0,353.0,353.0,367.0,371.0,382.0,414.0,479.0,506.0,510.0,553.0,634.0,638.0,651.0,717.0,748.0,815.0,822.0,861.0,878.0,920.0,
44.0,64.0,150.0,178.0,187.0,189.0,227.0,229.0,252.0,255.0,275.0,290.0,322.0,350.0,354.0,367.0,368.0,374.0,418.0,519.0,538.0,586.0,638.0,715.0,726.0,760.0,778.0,849.0,862.0,863.0,879.0,903.0,
24.0,36.0,97.0,113.0,159.0,180.0,181.0,221.0,248.0,273.0,347.0,365.0,373.0,379.0,410.0,416.0,446.0,476.0,525.0,575.0,589.0,635.0,689.0,727.0,748.0,753.0,862.0,934.0,1000.0,
26.0,87.0,120.0,130.0,131.0,134.0,158.0,161.0,174.0,175.0,193.0,199.0,225.0,289.0,306.0,344.0,364.0,380.0,399.0,423.0,428.0,450.0,475.0,476.0,551.0,610.0,623.0,634.0,636.0,652.0,700.0,734.0,739.0,751.0,761.0,841.0,845.0,849.0,855.0,875.0,879.0,932.0,978.0,
3.0,12.0,32.0,138.0,197.0,202.0,226.0,233.0,242.0,244.0,278.0,292.0,318.0,332.0,357.0,360.0,361.0,397.0,403.0,437.0,513.0,519.0,527.0,531.0,541.0,546.0,550.0,553.0,555.0,560.0,561.0,571.0,587.0,603.0,613.0,617.0,624.0,631.0,642.0,680.0,680.0,684.0,692.0,693.0,702.0,702.0,710.0,720.0,738.0,771.0,781.0,794.0,810.0,813.0,822.0,832.0,841.0,854.0,866.0,898.0,900.0,912.0,916.0,988.0,992.0,
5.0,60.0,142.0,143.0,214.0,253.0,297.0,297.0,302.0,324.0,349.0,379.0,407.0,422.0,425.0,498.0,514.0,520.0,524.0,526.0,526.0,539.0,549.0,558.0,564.0,565.0,575.0,579.0,581.0,583.0,587.0,588.0,590.0,594.0,596.0,603.0,606.0,613.0,616.0,629.0,630.0,637.0,647.0,662.0,666.0,681.0,684.0,695.0,695.0,707.0,719.0,721.0,736.0,785.0,813.0,814.0,820.0,824.0,890.0,892.0,907.0,925.0,934.0,949.0,954.0,972.0,998.0,999.0,
14.0,45.0,50.0,54.0,136.0,141.0,157.0,436.0,523.0,527.0,528.0,528.0,530.0,531.0,536.0,538.0,539.0,539.0,540.0,541.0,541.0,548.0,551.0,567.0,571.0,579.0,582.0,590.0,604.0,618.0,648.0,675.0,678.0,680.0,682.0,690.0,696.0,702.0,703.0,737.0,753.0,787.0,834.0,871.0,911.0,917.0,949.0,949.0,959.0,971.0,998.0,
6.0,13.0,57.0,74.0,78.0,84.0,87.0,115.0,117.0,136.0,180.0,228.0,228.0,245.0,259.0,266.0,274.0,325.0,363.0,416.0,421.0,450.0,453.0,501.0,503.0,511.0,521.0,526.0,529.0,534.0,540.0,542.0,543.0,551.0,554.0,555.0,564.0,571.0,572.0,573.0,573.0,574.0,575.0,580.0,581.0,584.0,585.0,592.0,599.0,599.0,601.0,619.0,623.0,624.0,644.0,649.0,651.0,656.0,670.0,671.0,672.0,694.0,703.0,705.0,712.0,715.0,720.0,723.0,724.0,730.0,731.0,753.0,767.0,770.0,771.0,772.0,786.0,786.0,786.0,791.0,792.0,796.0,804.0,806.0,810.0,815.0,819.0,858.0,869.0,892.0,897.0,901.0,950.0,953.0,954.0,976.0,977.0,983.0,1000.0,
74.0,84.0,85.0,117.0,160.0,168.0,199.0,215.0,246.0,250.0,311.0,315.0,333.0,361.0,520.0,523.0,528.0,540.0,545.0,545.0,545.0,546.0,549.0,556.0,557.0,564.0,565.0,566.0,567.0,568.0,569.0,577.0,578.0,580.0,599.0,601.0,612.0,616.0,622.0,622.0,626.0,628.0,640.0,652.0,655.0,668.0,668.0,669.0,669.0,673.0,728.0,742.0,744.0,747.0,753.0,764.0,771.0,792.0,796.0,798.0,803.0,812.0,824.0,837.0,840.0,857.0,875.0,875.0,882.0,888.0,898.0,901.0,906.0,911.0,939.0,957.0,961.0,986.0,
2.0,10.0,11.0,11.0,13.0,100.0,152.0,160.0,178.0,188.0,218.0,239.0,256.0,329.0,347.0,358.0,375.0,411.0,450.0,455.0,466.0,479.0,499.0,499.0,506.0,515.0,518.0,521.0,528.0,540.0,541.0,552.0,557.0,568.0,577.0,613.0,622.0,713.0,730.0,742.0,827.0,880.0,932.0,984.0,
28.0,59.0,80.0,85.0,94.0,140.0,145.0,209.0,212.0,263.0,309.0,316.0,316.0,341.0,351.0,360.0,362.0,481.0,518.0,521.0,539.0,541.0,563.0,614.0,659.0,664.0,668.0,676.0,689.0,720.0,732.0,758.0,853.0,861.0,863.0,869.0,875.0,937.0,946.0,950.0,991.0,
2.0,9.0,35.0,79.0,112.0,137.0,143.0,207.0,212.0,254.0,312.0,315.0,335.0,396.0,435.0,443.0,476.0,481.0,543.0,550.0,555.0,563.0,624.0,638.0,659.0,696.0,697.0,697.0,769.0,809.0,820.0,844.0,887.0,903.0,922.0,955.0,964.0,967.0,975.0,987.0,
15.0,39.0,43.0,51.0,53.0,61.0,82.0,83.0,88.0,96.0,103.0,116.0,130.0,166.0,267.0,283.0,294.0,350.0,379.0,416.0,447.0,462.0,463.0,477.0,510.0,522.0,533.0,574.0,591.0,668.0,769.0,810.0,848.0,925.0,944.0,951.0,982.0,
29.0,63.0,65.0,71.0,85.0,108.0,118.0,121.0,199.0,270.0,286.0,289.0,314.0,316.0,324.0,360.0,372.0,376.0,430.0,443.0,470.0,507.0,512.0,522.0,529.0,530.0,535.0,547.0,554.0,573.0,593.0,594.0,595.0,597.0,624.0,638.0,665.0,666.0,679.0,684.0,697.0,708.0,713.0,713.0,717.0,736.0,737.0,762.0,769.0,777.0,791.0,792.0,795.0,799.0,803.0,804.0,808.0,839.0,845.0,846.0,877.0,891.0,904.0,911.0,915.0,930.0,935.0,990.0,993.0,1000.0,
239.0,243.0,263.0,274.0,284.0,354.0,368.0,369.0,394.0,405.0,423.0,427.0,427.0,436.0,453.0,478.0,526.0,541.0,543.0,544.0,546.0,550.0,555.0,560.0,562.0,575.0,576.0,577.0,579.0,584.0,587.0,612.0,613.0,613.0,616.0,622.0,629.0,634.0,640.0,646.0,661.0,663.0,668.0,668.0,669.0,681.0,693.0,702.0,716.0,720.0,745.0,781.0,786.0,823.0,831.0,874.0,888.0,894.0,902.0,920.0,927.0,943.0,958.0,960.0,991.0,
72.0,83.0,106.0,106.0,159.0,201.0,216.0,218.0,263.0,284.0,292.0,308.0,343.0,369.0,395.0,428.0,457.0,509.0,512.0,525.0,526.0,526.0,528.0,528.0,530.0,533.0,537.0,541.0,541.0,543.0,548.0,558.0,558.0,564.0,564.0,565.0,566.0,567.0,571.0,572.0,577.0,605.0,673.0,673.0,676.0,760.0,765.0,784.0,828.0,833.0,837.0,860.0,870.0,891.0,893.0,897.0,915.0,916.0,920.0,955.0,959.0,978.0,985.0,989.0,
60.0,145.0,200.0,242.0,316.0,332.0,336.0,345.0,359.0,369.0,421.0,427.0,429.0,455.0,476.0,510.0,518.0,532.0,532.0,542.0,554.0,557.0,558.0,560.0,561.0,564.0,565.0,568.0,570.0,584.0,597.0,606.0,615.0,622.0,630.0,633.0,638.0,645.0,669.0,679.0,700.0,712.0,717.0,721.0,762.0,785.0,786.0,790.0,812.0,832.0,835.0,852.0,870.0,871.0,878.0,882.0,907.0,922.0,954.0,957.0,966.0,972.0,984.0,
5.0,41.0,83.0,86.0,97.0,147.0,157.0,184.0,235.0,252.0,272.0,292.0,301.0,331.0,409.0,435.0,479.0,520.0,522.0,525.0,532.0,536.0,538.0,542.0,543.0,546.0,547.0,549.0,551.0,553.0,556.0,562.0,566.0,569.0,575.0,577.0,578.0,583.0,595.0,609.0,613.0,615.0,621.0,643.0,644.0,657.0,675.0,676.0,678.0,680.0,681.0,685.0,688.0,689.0,704.0,714.0,721.0,741.0,745.0,783.0,806.0,811.0,833.0,845.0,873.0,891.0,904.0,918.0,937.0,937.0,951.0,982.0,993.0,996.0,
32.0,121.0,141.0,211.0,253.0,259.0,317.0,323.0,368.0,380.0,380.0,391.0,397.0,420.0,447.0,468.0,478.0,480.0,511.0,513.0,525.0,526.0,537.0,560.0,563.0,566.0,569.0,576.0,577.0,578.0,579.0,580.0,582.0,584.0,586.0,602.0,604.0,613.0,623.0,624.0,625.0,661.0,666.0,673.0,675.0,693.0,693.0,695.0,708.0,723.0,731.0,795.0,813.0,825.0,825.0,830.0,838.0,856.0,856.0,859.0,883.0,886.0,892.0,918.0,953.0,963.0,984.0,987.0,
21.0,24.0,102.0,233.0,238.0,265.0,298.0,310.0,315.0,318.0,358.0,399.0,403.0,405.0,453.0,457.0,471.0,472.0,482.0,524.0,536.0,536.0,541.0,546.0,549.0,552.0,553.0,558.0,573.0,588.0,606.0,616.0,616.0,618.0,634.0,638.0,652.0,671.0,674.0,680.0,684.0,703.0,709.0,716.0,720.0,724.0,730.0,799.0,835.0,877.0,885.0,888.0,893.0,903.0,924.0,940.0,944.0,967.0,991.0,
49.0,94.0,102.0,109.0,113.0,170.0,190.0,200.0,212.0,281.0,295.0,327.0,379.0,394.0,401.0,433.0,444.0,480.0,493.0,499.0,555.0,585.0,635.0,650.0,689.0,822.0,824.0,892.0,912.0,947.0,952.0,
16.0,20.0,50.0,54.0,56.0,80.0,86.0,121.0,128.0,220.0,274.0,295.0,310.0,346.0,372.0,378.0,392.0,423.0,450.0,450.0,500.0,512.0,532.0,558.0,646.0,646.0,676.0,693.0,698.0,705.0,760.0,878.0,906.0,920.0,941.0,952.0,958.0,969.0,998.0,
85.0,100.0,116.0,129.0,142.0,217.0,254.0,284.0,325.0,355.0,357.0,358.0,405.0,409.0,410.0,440.0,454.0,482.0,562.0,596.0,658.0,675.0,679.0,690.0,716.0,733.0,780.0,798.0,826.0,835.0,852.0,853.0,866.0,959.0,
51.0,76.0,126.0,161.0,166.0,284.0,333.0,339.0,400.0,444.0,462.0,486.0,519.0,519.0,525.0,530.0,532.0,550.0,555.0,560.0,563.0,570.0,577.0,609.0,625.0,625.0,629.0,632.0,637.0,639.0,652.0,674.0,685.0,698.0,726.0,740.0,760.0,770.0,772.0,789.0,795.0,795.0,869.0,874.0,888.0,920.0,922.0,927.0,952.0,968.0,986.0,994.0,
18.0,77.0,86.0,98.0,204.0,205.0,254.0,293.0,346.0,358.0,360.0,385.0,406.0,505.0,508.0,513.0,521.0,533.0,540.0,542.0,545.0,546.0,549.0,550.0,555.0,561.0,570.0,573.0,577.0,578.0,578.0,585.0,586.0,586.0,590.0,609.0,610.0,623.0,632.0,638.0,650.0,659.0,660.0,673.0,681.0,693.0,705.0,707.0,723.0,739.0,778.0,789.0,792.0,796.0,796.0,812.0,832.0,855.0,875.0,880.0,889.0,907.0,939.0,957.0,968.0,
90.0,102.0,130.0,150.0,160.0,179.0,210.0,224.0,262.0,263.0,298.0,336.0,397.0,413.0,479.0,506.0,517.0,525.0,527.0,528.0,529.0,530.0,539.0,545.0,547.0,548.0,551.0,552.0,555.0,561.0,562.0,566.0,568.0,572.0,582.0,595.0,602.0,605.0,606.0,611.0,616.0,617.0,631.0,633.0,637.0,663.0,677.0,698.0,705.0,727.0,738.0,755.0,775.0,807.0,818.0,921.0,934.0,943.0,961.0,963.0,
16.0,21.0,23.0,84.0,123.0,164.0,190.0,198.0,211.0,216.0,219.0,270.0,284.0,296.0,330.0,462.0,488.0,498.0,520.0,529.0,530.0,532.0,534.0,536.0,546.0,546.0,547.0,550.0,553.0,553.0,554.0,559.0,561.0,563.0,568.0,583.0,590.0,590.0,595.0,597.0,602.0,612.0,617.0,620.0,625.0,636.0,642.0,675.0,680.0,681.0,691.0,706.0,708.0,714.0,717.0,736.0,739.0,768.0,803.0,808.0,846.0,875.0,880.0,910.0,933.0,946.0,948.0,966.0,977.0,983.0,
141.0,211.0,235.0,249.0,256.0,306.0,318.0,341.0,352.0,385.0,392.0,416.0,473.0,493.0,501.0,524.0,524.0,524.0,534.0,547.0,557.0,567.0,585.0,586.0,589.0,590.0,591.0,596.0,596.0,602.0,606.0,608.0,609.0,609.0,616.0,618.0,621.0,622.0,623.0,638.0,640.0,651.0,652.0,707.0,709.0,723.0,733.0,746.0,764.0,767.0,787.0,796.0,823.0,831.0,841.0,861.0,903.0,909.0,924.0,935.0,944.0,950.0,975.0,986.0,994.0,
32.0,36.0,39.0,51.0,74.0,82.0,90.0,98.0,104.0,136.0,181.0,280.0,336.0,341.0,350.0,377.0,428.0,436.0,529.0,535.0,536.0,537.0,537.0,539.0,540.0,549.0,551.0,551.0,554.0,559.0,563.0,565.0,565.0,569.0,579.0,579.0,581.0,589.0,591.0,593.0,598.0,601.0,604.0,611.0,612.0,614.0,619.0,633.0,652.0,674.0,683.0,685.0,714.0,730.0,732.0,733.0,741.0,768.0,772.0,797.0,810.0,830.0,832.0,834.0,835.0,837.0,837.0,847.0,849.0,862.0,867.0,872.0,876.0,881.0,885.0,892.0,899.0,908.0,914.0,914.0,914.0,916.0,933.0,940.0,950.0,952.0,954.0,961.0,967.0,998.0,
28.0,49.0,78.0,110.0,114.0,124.0,172.0,182.0,210.0,232.0,292.0,326.0,347.0,418.0,426.0,471.0,485.0,504.0,528.0,539.0,556.0,579.0,582.0,600.0,618.0,632.0,639.0,641.0,658.0,663.0,665.0,667.0,667.0,694.0,698.0,703.0,704.0,711.0,728.0,733.0,736.0,744.0,747.0,749.0,774.0,778.0,784.0,789.0,789.0,812.0,817.0,842.0,851.0,856.0,879.0,882.0,893.0,903.0,925.0,963.0,983.0,
132.0,144.0,149.0,163.0,171.0,237.0,238.0,284.0,320.0,322.0,331.0,400.0,405.0,409.0,410.0,415.0,418.0,423.0,430.0,463.0,465.0,498.0,508.0,511.0,517.0,520.0,528.0,533.0,543.0,563.0,631.0,637.0,696.0,722.0,
20.0,47.0,67.0,67.0,73.0,77.0,85.0,107.0,109.0,147.0,178.0,187.0,201.0,250.0,272.0,302.0,323.0,326.0,328.0,337.0,365.0,379.0,403.0,421.0,469.0,483.0,491.0,501.0,503.0,520.0,528.0,538.0,541.0,561.0,584.0,613.0,635.0,687.0,716.0,728.0,790.0,825.0,890.0,919.0,974.0,
33.0,92.0,133.0,140.0,149.0,154.0,160.0,166.0,205.0,289.0,321.0,336.0,338.0,370.0,374.0,406.0,409.0,412.0,447.0,458.0,490.0,511.0,536.0,551.0,585.0,586.0,587.0,599.0,662.0,682.0,710.0,738.0,830.0,
20.0,48.0,50.0,71.0,105.0,121.0,136.0,144.0,183.0,250.0,279.0,280.0,304.0,395.0,402.0,403.0,406.0,481.0,507.0,507.0,520.0,521.0,535.0,539.0,543.0,544.0,546.0,550.0,559.0,559.0,563.0,564.0,566.0,570.0,573.0,575.0,578.0,581.0,582.0,582.0,585.0,589.0,592.0,597.0,599.0,606.0,627.0,631.0,637.0,675.0,690.0,708.0,720.0,723.0,766.0,784.0,813.0,815.0,843.0,868.0,875.0,876.0,894.0,894.0,898.0,942.0,942.0,961.0,965.0,976.0,985.0,986.0,
23.0,36.0,43.0,63.0,121.0,165.0,168.0,348.0,363.0,423.0,441.0,476.0,480.0,486.0,489.0,494.0,507.0,520.0,528.0,535.0,536.0,538.0,545.0,546.0,549.0,551.0,552.0,558.0,559.0,561.0,565.0,566.0,567.0,570.0,580.0,590.0,592.0,602.0,615.0,624.0,631.0,632.0,635.0,647.0,653.0,662.0,663.0,665.0,687.0,718.0,732.0,736.0,740.0,750.0,802.0,810.0,813.0,816.0,820.0,834.0,846.0,847.0,870.0,882.0,896.0,900.0,930.0,955.0,992.0,993.0,997.0,
112.0,141.0,153.0,222.0,296.0,362.0,363.0,370.0,406.0,418.0,427.0,441.0,478.0,480.0,510.0,514.0,528.0,533.0,537.0,539.0,542.0,543.0,546.0,554.0,558.0,565.0,566.0,567.0,570.0,572.0,573.0,575.0,576.0,577.0,604.0,608.0,609.0,615.0,618.0,618.0,621.0,635.0,648.0,710.0,715.0,745.0,767.0,794.0,796.0,807.0,813.0,844.0,859.0,894.0,897.0,919.0,945.0,974.0,
77.0,91.0,144.0,149.0,188.0,192.0,235.0,266.0,298.0,345.0,351.0,362.0,393.0,394.0,418.0,426.0,428.0,432.0,440.0,454.0,471.0,479.0,508.0,514.0,519.0,523.0,528.0,531.0,531.0,532.0,540.0,547.0,547.0,550.0,557.0,562.0,565.0,567.0,575.0,581.0,583.0,589.0,589.0,592.0,596.0,599.0,605.0,606.0,612.0,615.0,633.0,638.0,671.0,684.0,694.0,695.0,697.0,703.0,751.0,755.0,788.0,797.0,804.0,811.0,841.0,846.0,906.0,974.0,
12.0,27.0,39.0,62.0,74.0,87.0,127.0,276.0,282.0,284.0,292.0,307.0,311.0,333.0,333.0,402.0,416.0,417.0,424.0,449.0,462.0,464.0,502.0,540.0,544.0,546.0,547.0,550.0,561.0,563.0,568.0,572.0,584.0,590.0,604.0,613.0,622.0,624.0,629.0,632.0,637.0,660.0,665.0,670.0,671.0,677.0,730.0,735.0,737.0,737.0,741.0,757.0,793.0,793.0,808.0,811.0,818.0,826.0,831.0,831.0,837.0,858.0,878.0,897.0,926.0,962.0,970.0,987.0,
14.0,33.0,37.0,64.0,65.0,89.0,147.0,169.0,169.0,239.0,280.0,301.0,301.0,313.0,351.0,361.0,364.0,366.0,370.0,396.0,444.0,449.0,460.0,461.0,471.0,476.0,497.0,498.0,509.0,516.0,519.0,544.0,546.0,549.0,555.0,558.0,563.0,563.0,563.0,565.0,576.0,583.0,584.0,591.0,595.0,596.0,596.0,602.0,609.0,614.0,615.0,619.0,625.0,649.0,655.0,657.0,661.0,669.0,671.0,678.0,685.0,720.0,741.0,746.0,746.0,752.0,780.0,785.0,791.0,795.0,831.0,856.0,861.0,874.0,876.0,882.0,902.0,904.0,912.0,916.0,934.0,940.0,958.0,965.0,969.0,975.0,979.0,982.0,997.0,
19.0,67.0,87.0,91.0,108.0,136.0,199.0,238.0,290.0,346.0,463.0,480.0,481.0,507.0,534.0,537.0,539.0,545.0,560.0,563.0,565.0,569.0,575.0,578.0,584.0,587.0,602.0,617.0,639.0,648.0,658.0,662.0,676.0,699.0,712.0,717.0,722.0,730.0,736.0,769.0,788.0,792.0,805.0,812.0,815.0,817.0,817.0,819.0,843.0,846.0,852.0,855.0,866.0,881.0,886.0,888.0,889.0,934.0,941.0,958.0,972.0,982.0,986.0,996.0,
4.0,7.0,28.0,42.0,80.0,93.0,113.0,146.0,148.0,205.0,212.0,366.0,383.0,416.0,425.0,435.0,449.0,459.0,463.0,505.0,506.0,520.0,692.0,720.0,725.0,775.0,858.0,994.0,
14.0,54.0,68.0,106.0,147.0,190.0,205.0,254.0,309.0,334.0,345.0,346.0,352.0,379.0,391.0,436.0,440.0,480.0,575.0,585.0,642.0,654.0,707.0,721.0,727.0,736.0,769.0,786.0,841.0,883.0,893.0,895.0,895.0,952.0,
32.0,38.0,49.0,77.0,96.0,102.0,111.0,126.0,131.0,165.0,181.0,193.0,206.0,242.0,252.0,258.0,268.0,323.0,412.0,452.0,456.0,513.0,662.0,671.0,673.0,690.0,710.0,723.0,737.0,785.0,808.0,891.0,908.0,970.0,
37.0,106.0,113.0,127.0,142.0,197.0,199.0,200.0,208.0,211.0,215.0,232.0,260.0,268.0,272.0,287.0,332.0,365.0,386.0,438.0,441.0,450.0,451.0,467.0,483.0,486.0,507.0,523.0,549.0,549.0,560.0,582.0,584.0,587.0,600.0,625.0,629.0,646.0,679.0,710.0,763.0,794.0,819.0,835.0,850.0,875.0,902.0,931.0,967.0,999.0,
14.0,21.0,63.0,68.0,140.0,160.0,176.0,188.0,231.0,248.0,258.0,307.0,331.0,412.0,414.0,452.0,467.0,478.0,486.0,512.0,520.0,520.0,530.0,532.0,561.0,585.0,591.0,594.0,595.0,602.0,611.0,636.0,644.0,646.0,674.0,685.0,687.0,698.0,699.0,703.0,726.0,731.0,732.0,756.0,758.0,764.0,789.0,791.0,795.0,822.0,833.0,837.0,839.0,841.0,843.0,844.0,854.0,858.0,891.0,901.0,904.0,918.0,988.0,
80.0,113.0,114.0,168.0,230.0,246.0,255.0,272.0,291.0,292.0,296.0,301.0,304.0,379.0,415.0,415.0,419.0,434.0,451.0,513.0,528.0,538.0,541.0,543.0,548.0,551.0,553.0,554.0,555.0,558.0,566.0,575.0,576.0,579.0,580.0,589.0,590.0,595.0,597.0,602.0,607.0,607.0,613.0,620.0,620.0,650.0,658.0,658.0,660.0,706.0,720.0,723.0,749.0,758.0,778.0,778.0,782.0,791.0,877.0,889.0,923.0,962.0,962.0,964.0,969.0,969.0,977.0,1000.0,
27.0,29.0,68.0,80.0,134.0,193.0,197.0,205.0,233.0,238.0,263.0,341.0,388.0,431.0,491.0,517.0,528.0,538.0,538.0,539.0,543.0,552.0,553.0,554.0,557.0,559.0,578.0,585.0,585.0,586.0,587.0,600.0,605.0,606.0,614.0,627.0,638.0,645.0,663.0,667.0,695.0,718.0,721.0,723.0,728.0,729.0,746.0,754.0,767.0,791.0,808.0,824.0,844.0,883.0,901.0,907.0,913.0,925.0,941.0,982.0,
114.0,142.0,176.0,186.0,203.0,207.0,228.0,261.0,267.0,313.0,315.0,332.0,341.0,396.0,399.0,439.0,514.0,519.0,520.0,522.0,535.0,535.0,550.0,551.0,554.0,559.0,561.0,574.0,576.0,577.0,582.0,582.0,607.0,609.0,623.0,625.0,632.0,642.0,649.0,663.0,667.0,679.0,682.0,687.0,714.0,717.0,722.0,739.0,742.0,756.0,818.0,828.0,845.0,856.0,873.0,873.0,886.0,907.0,915.0,938.0,941.0,942.0,947.0,966.0,976.0,986.0,
16.0,81.0,94.0,134.0,174.0,188.0,248.0,271.0,302.0,303.0,471.0,513.0,519.0,531.0,534.0,534.0,536.0,539.0,542.0,543.0,560.0,562.0,566.0,568.0,572.0,584.0,592.0,621.0,630.0,633.0,635.0,641.0,655.0,661.0,679.0,684.0,689.0,693.0,700.0,715.0,720.0,722.0,727.0,755.0,758.0,772.0,787.0,840.0,849.0,859.0,892.0,893.0,903.0,913.0,916.0,953.0,965.0,975.0,985.0,
53.0,58.0,64.0,113.0,148.0,149.0,160.0,238.0,255.0,257.0,258.0,261.0,274.0,288.0,374.0,375.0,432.0,460.0,463.0,471.0,490.0,509.0,519.0,532.0,542.0,561.0,562.0,599.0,654.0,655.0,656.0,669.0,695.0,699.0,706.0,736.0,737.0,742.0,766.0,896.0,942.0,952.0,955.0,989.0,
36.0,86.0,94.0,108.0,115.0,121.0,132.0,133.0,206.0,246.0,260.0,267.0,308.0,359.0,426.0,427.0,498.0,505.0,510.0,551.0,570.0,631.0,659.0,669.0,694.0,699.0,837.0,847.0,883.0,885.0,921.0,955.0,965.0,
8.0,20.0,45.0,75.0,92.0,108.0,127.0,351.0,385.0,438.0,454.0,457.0,528.0,555.0,610.0,642.0,658.0,701.0,720.0,728.0,748.0,753.0,759.0,798.0,819.0,831.0,856.0,858.0,867.0,873.0,931.0,959.0,969.0,970.0,982.0,
32.0,34.0,37.0,66.0,123.0,131.0,178.0,270.0,273.0,275.0,280.0,280.0,299.0,308.0,329.0,346.0,346.0,350.0,355.0,397.0,422.0,475.0,486.0,499.0,532.0,559.0,564.0,573.0,577.0,613.0,635.0,678.0,707.0,737.0,745.0,832.0,841.0,869.0,872.0,893.0,897.0,908.0,
15.0,35.0,85.0,98.0,109.0,119.0,120.0,159.0,171.0,174.0,181.0,205.0,217.0,236.0,243.0,247.0,256.0,298.0,320.0,377.0,379.0,419.0,468.0,663.0,682.0,829.0,970.0,971.0,986.0,
45.0,54.0,58.0,101.0,107.0,141.0,199.0,238.0,266.0,434.0,476.0,488.0,548.0,591.0,602.0,632.0,633.0,640.0,645.0,651.0,659.0,667.0,717.0,782.0,814.0,861.0,867.0,911.0,937.0,1000.0,
16.0,25.0,30.0,118.0,125.0,170.0,177.0,179.0,295.0,298.0,313.0,336.0,344.0,365.0,409.0,414.0,429.0,456.0,487.0,522.0,523.0,535.0,540.0,545.0,551.0,555.0,555.0,555.0,556.0,561.0,563.0,566.0,570.0,586.0,605.0,624.0,634.0,646.0,661.0,662.0,671.0,684.0,694.0,697.0,709.0,741.0,742.0,774.0,775.0,791.0,798.0,858.0,874.0,907.0,931.0,953.0,962.0,976.0,979.0,981.0,
2.0,67.0,79.0,158.0,171.0,218.0,314.0,324.0,334.0,345.0,364.0,387.0,387.0,417.0,495.0,498.0,509.0,509.0,521.0,523.0,533.0,534.0,541.0,542.0,555.0,588.0,596.0,600.0,605.0,608.0,627.0,659.0,667.0,686.0,730.0,742.0,746.0,751.0,755.0,780.0,790.0,791.0,798.0,798.0,817.0,834.0,841.0,855.0,863.0,867.0,868.0,872.0,880.0,883.0,907.0,921.0,927.0,932.0,938.0,951.0,954.0,962.0,971.0,972.0,982.0,982.0,991.0,
5.0,102.0,106.0,179.0,206.0,214.0,220.0,245.0,293.0,310.0,357.0,364.0,367.0,372.0,378.0,378.0,388.0,389.0,394.0,396.0,463.0,491.0,502.0,518.0,525.0,528.0,529.0,537.0,560.0,561.0,564.0,566.0,573.0,589.0,614.0,620.0,623.0,624.0,636.0,694.0,706.0,735.0,735.0,742.0,743.0,746.0,762.0,772.0,779.0,781.0,793.0,806.0,820.0,821.0,832.0,843.0,848.0,911.0,941.0,
21.0,23.0,26.0,31.0,52.0,63.0,134.0,141.0,141.0,161.0,166.0,258.0,283.0,297.0,364.0,379.0,386.0,406.0,407.0,424.0,492.0,498.0,524.0,525.0,531.0,554.0,559.0,567.0,570.0,587.0,603.0,628.0,628.0,639.0,644.0,656.0,669.0,704.0,734.0,741.0,745.0,806.0,807.0,934.0,944.0,971.0,
3.0,8.0,82.0,125.0,142.0,230.0,247.0,303.0,321.0,340.0,377.0,397.0,409.0,422.0,440.0,456.0,460.0,499.0,542.0,628.0,817.0,833.0,881.0,950.0,974.0,
20.0,35.0,37.0,90.0,121.0,153.0,160.0,194.0,198.0,210.0,241.0,272.0,275.0,276.0,304.0,340.0,346.0,349.0,361.0,394.0,414.0,421.0,460.0,488.0,494.0,552.0,652.0,665.0,678.0,709.0,720.0,722.0,731.0,785.0,785.0,803.0,818.0,851.0,914.0,931.0,956.0,
33.0,50.0,119.0,126.0,128.0,128.0,133.0,167.0,181.0,186.0,202.0,255.0,280.0,287.0,331.0,339.0,349.0,364.0,378.0,420.0,442.0,520.0,531.0,590.0,631.0,635.0,651.0,661.0,697.0,761.0,851.0,860.0,890.0,907.0,928.0,970.0,
33.0,47.0,58.0,90.0,101.0,131.0,137.0,222.0,229.0,229.0,279.0,281.0,283.0,284.0,347.0,357.0,365.0,370.0,381.0,427.0,468.0,477.0,541.0,545.0,620.0,753.0,769.0,786.0,805.0,811.0,824.0,855.0,940.0,972.0,985.0,
13.0,18.0,20.0,53.0,63.0,64.0,77.0,107.0,110.0,123.0,126.0,152.0,161.0,165.0,170.0,175.0,178.0,195.0,201.0,204.0,209.0,256.0,340.0,344.0,360.0,362.0,365.0,376.0,386.0,428.0,453.0,460.0,488.0,491.0,541.0,604.0,671.0,679.0,762.0,773.0,788.0,811.0,811.0,827.0,843.0,890.0,894.0,907.0,950.0,977.0,
19.0,42.0,42.0,51.0,79.0,88.0,102.0,196.0,245.0,267.0,309.0,359.0,390.0,436.0,467.0,480.0,502.0,505.0,512.0,520.0,558.0,631.0,664.0,726.0,751.0,787.0,827.0,856.0,873.0,963.0,965.0,966.0,969.0,988.0,996.0,1000.0,
3.0,11.0,12.0,97.0,208.0,219.0,276.0,282.0,297.0,347.0,366.0,421.0,428.0,487.0,506.0,512.0,540.0,566.0,586.0,701.0,736.0,810.0,
27.0,38.0,40.0,73.0,90.0,121.0,141.0,157.0,176.0,180.0,183.0,184.0,191.0,191.0,198.0,207.0,222.0,232.0,286.0,296.0,307.0,308.0,309.0,389.0,438.0,441.0,445.0,458.0,480.0,481.0,489.0,504.0,533.0,556.0,577.0,584.0,595.0,625.0,706.0,720.0,720.0,757.0,819.0,827.0,834.0,841.0,874.0,962.0,
6.0,7.0,12.0,84.0,170.0,222.0,250.0,271.0,279.0,320.0,352.0,362.0,367.0,430.0,438.0,442.0,444.0,455.0,482.0,486.0,540.0,561.0,579.0,584.0,585.0,605.0,662.0,736.0,770.0,770.0,818.0,923.0,959.0,997.0,
32.0,33.0,52.0,55.0,75.0,87.0,109.0,118.0,153.0,182.0,207.0,217.0,219.0,247.0,272.0,325.0,344.0,437.0,440.0,479.0,530.0,530.0,583.0,586.0,646.0,703.0,708.0,764.0,887.0,940.0,989.0,
16.0,53.0,98.0,177.0,187.0,211.0,246.0,253.0,259.0,268.0,270.0,292.0,298.0,307.0,340.0,360.0,382.0,428.0,433.0,451.0,485.0,500.0,508.0,580.0,581.0,592.0,612.0,628.0,632.0,651.0,657.0,686.0,688.0,716.0,721.0,723.0,724.0,731.0,733.0,743.0,816.0,844.0,864.0,901.0,959.0,959.0,983.0,
30.0,41.0,56.0,66.0,126.0,140.0,167.0,219.0,236.0,257.0,290.0,393.0,468.0,473.0,605.0,640.0,650.0,653.0,704.0,709.0,795.0,796.0,815.0,834.0,854.0,897.0,910.0,935.0,970.0,999.0,
