5.0,61.0,71.0,98.0,99.0,205.0,209.0,228.0,236.0,252.0,284.0,284.0,285.0,296.0,355.0,372.0,403.0,422.0,441.0,445.0,523.0,610.0,615.0,624.0,635.0,698.0,706.0,834.0,836.0,858.0,865.0,895.0,929.0,990.0,
91.0,109.0,168.0,172.0,188.0,232.0,262.0,477.0,538.0,575.0,583.0,592.0,641.0,735.0,753.0,782.0,783.0,824.0,873.0,901.0,
10.0,54.0,79.0,88.0,120.0,174.0,192.0,222.0,246.0,399.0,503.0,610.0,621.0,694.0,714.0,715.0,743.0,773.0,870.0,951.0,965.0,983.0,987.0,992.0,
13.0,27.0,39.0,156.0,166.0,221.0,223.0,230.0,330.0,363.0,390.0,451.0,468.0,535.0,612.0,723.0,751.0,753.0,789.0,792.0,797.0,821.0,834.0,843.0,857.0,938.0,950.0,995.0,
18.0,78.0,83.0,142.0,158.0,185.0,189.0,194.0,240.0,251.0,279.0,280.0,288.0,326.0,330.0,342.0,438.0,444.0,511.0,542.0,604.0,659.0,663.0,665.0,671.0,686.0,725.0,728.0,801.0,803.0,831.0,
3.0,27.0,29.0,37.0,89.0,92.0,116.0,171.0,272.0,280.0,328.0,345.0,348.0,350.0,369.0,423.0,439.0,442.0,466.0,468.0,477.0,482.0,501.0,547.0,590.0,607.0,628.0,678.0,731.0,856.0,890.0,910.0,943.0,946.0,947.0,979.0,994.0,
38.0,103.0,109.0,126.0,135.0,196.0,207.0,243.0,246.0,264.0,267.0,275.0,283.0,309.0,329.0,393.0,395.0,414.0,449.0,472.0,477.0,479.0,512.0,594.0,659.0,686.0,687.0,694.0,696.0,732.0,841.0,841.0,862.0,886.0,896.0,910.0,937.0,950.0,996.0,
24.0,68.0,87.0,170.0,176.0,177.0,193.0,258.0,281.0,313.0,327.0,369.0,397.0,438.0,441.0,447.0,465.0,519.0,606.0,631.0,663.0,708.0,742.0,829.0,843.0,883.0,913.0,945.0,967.0,978.0,979.0,
16.0,29.0,47.0,71.0,99.0,149.0,161.0,173.0,209.0,217.0,239.0,251.0,265.0,350.0,352.0,359.0,363.0,397.0,404.0,457.0,460.0,464.0,469.0,487.0,524.0,676.0,712.0,714.0,732.0,747.0,756.0,866.0,878.0,886.0,890.0,902.0,942.0,960.0,993.0,
32.0,42.0,74.0,114.0,165.0,185.0,211.0,220.0,290.0,340.0,343.0,358.0,360.0,376.0,399.0,427.0,428.0,429.0,466.0,472.0,478.0,480.0,490.0,510.0,587.0,612.0,647.0,697.0,706.0,741.0,748.0,789.0,886.0,898.0,954.0,978.0,978.0,982.0,
16.0,24.0,25.0,43.0,55.0,109.0,157.0,195.0,242.0,275.0,281.0,343.0,343.0,353.0,384.0,400.0,466.0,512.0,527.0,540.0,562.0,586.0,823.0,962.0,974.0,
10.0,19.0,43.0,99.0,172.0,201.0,201.0,238.0,282.0,330.0,336.0,414.0,481.0,495.0,506.0,537.0,541.0,550.0,600.0,628.0,640.0,647.0,647.0,674.0,684.0,724.0,778.0,780.0,874.0,954.0,958.0,974.0,1000.0,
127.0,139.0,146.0,173.0,187.0,209.0,258.0,295.0,306.0,308.0,374.0,377.0,389.0,405.0,452.0,458.0,471.0,505.0,506.0,541.0,542.0,555.0,583.0,589.0,591.0,597.0,599.0,601.0,641.0,694.0,768.0,796.0,796.0,810.0,910.0,933.0,941.0,955.0,957.0,989.0,
21.0,21.0,32.0,34.0,45.0,73.0,147.0,175.0,181.0,214.0,232.0,244.0,261.0,300.0,309.0,370.0,376.0,387.0,391.0,391.0,445.0,494.0,501.0,504.0,567.0,629.0,678.0,729.0,734.0,741.0,924.0,940.0,960.0,976.0,
37.0,44.0,44.0,55.0,62.0,103.0,103.0,209.0,236.0,270.0,289.0,301.0,359.0,388.0,403.0,421.0,424.0,440.0,443.0,471.0,525.0,625.0,663.0,679.0,786.0,793.0,856.0,867.0,921.0,
15.0,71.0,81.0,102.0,137.0,147.0,170.0,210.0,219.0,247.0,264.0,320.0,349.0,376.0,377.0,416.0,496.0,515.0,523.0,525.0,558.0,576.0,589.0,615.0,632.0,642.0,729.0,950.0,
20.0,28.0,34.0,81.0,85.0,87.0,127.0,191.0,210.0,223.0,226.0,243.0,250.0,260.0,301.0,312.0,345.0,368.0,399.0,429.0,499.0,509.0,524.0,566.0,638.0,674.0,712.0,752.0,763.0,822.0,954.0,
34.0,70.0,113.0,121.0,130.0,133.0,172.0,195.0,197.0,289.0,307.0,336.0,413.0,415.0,419.0,426.0,430.0,465.0,502.0,509.0,527.0,533.0,550.0,553.0,582.0,583.0,656.0,683.0,730.0,748.0,754.0,840.0,853.0,857.0,915.0,942.0,961.0,971.0,977.0,
26.0,42.0,49.0,66.0,87.0,90.0,95.0,95.0,98.0,100.0,104.0,112.0,131.0,151.0,162.0,167.0,292.0,327.0,380.0,385.0,391.0,392.0,458.0,480.0,510.0,528.0,587.0,600.0,690.0,712.0,722.0,792.0,795.0,803.0,810.0,828.0,864.0,902.0,910.0,932.0,940.0,955.0,
17.0,26.0,63.0,80.0,99.0,105.0,123.0,193.0,194.0,252.0,254.0,271.0,274.0,307.0,317.0,354.0,399.0,411.0,419.0,431.0,441.0,476.0,519.0,522.0,532.0,539.0,569.0,593.0,595.0,598.0,611.0,632.0,671.0,762.0,782.0,801.0,890.0,892.0,989.0,
13.0,20.0,25.0,36.0,40.0,146.0,185.0,225.0,253.0,289.0,358.0,376.0,397.0,412.0,461.0,479.0,492.0,495.0,515.0,520.0,566.0,566.0,598.0,638.0,647.0,658.0,666.0,677.0,742.0,743.0,787.0,796.0,882.0,885.0,910.0,914.0,915.0,961.0,999.0,
92.0,97.0,100.0,122.0,135.0,142.0,163.0,163.0,240.0,313.0,357.0,360.0,393.0,408.0,420.0,432.0,446.0,486.0,487.0,491.0,512.0,524.0,553.0,593.0,602.0,641.0,732.0,795.0,862.0,914.0,989.0,994.0,
3.0,24.0,58.0,109.0,170.0,197.0,208.0,214.0,249.0,258.0,282.0,306.0,331.0,345.0,350.0,372.0,446.0,454.0,472.0,485.0,491.0,497.0,596.0,614.0,630.0,673.0,755.0,816.0,914.0,
12.0,19.0,49.0,65.0,70.0,87.0,96.0,154.0,173.0,463.0,503.0,525.0,592.0,595.0,631.0,636.0,642.0,650.0,673.0,700.0,708.0,708.0,710.0,713.0,790.0,843.0,846.0,855.0,884.0,907.0,958.0,974.0,983.0,989.0,
16.0,18.0,31.0,66.0,138.0,226.0,256.0,315.0,409.0,413.0,428.0,479.0,498.0,530.0,535.0,543.0,560.0,562.0,563.0,576.0,587.0,611.0,613.0,621.0,627.0,633.0,636.0,641.0,647.0,650.0,659.0,676.0,685.0,705.0,706.0,714.0,731.0,736.0,754.0,804.0,810.0,812.0,819.0,871.0,875.0,879.0,889.0,893.0,894.0,921.0,945.0,954.0,958.0,968.0,977.0,979.0,
8.0,27.0,36.0,42.0,62.0,108.0,150.0,173.0,204.0,211.0,227.0,251.0,275.0,317.0,338.0,374.0,404.0,408.0,438.0,440.0,445.0,483.0,484.0,487.0,501.0,540.0,542.0,555.0,556.0,558.0,559.0,561.0,565.0,578.0,585.0,596.0,623.0,627.0,628.0,646.0,649.0,679.0,701.0,734.0,744.0,753.0,755.0,777.0,811.0,816.0,822.0,841.0,845.0,865.0,870.0,880.0,934.0,941.0,945.0,957.0,958.0,959.0,964.0,971.0,995.0,
27.0,86.0,169.0,177.0,190.0,215.0,259.0,261.0,312.0,411.0,433.0,433.0,449.0,457.0,474.0,509.0,515.0,522.0,525.0,532.0,537.0,546.0,548.0,557.0,564.0,574.0,578.0,580.0,580.0,582.0,586.0,590.0,591.0,592.0,600.0,604.0,611.0,631.0,658.0,703.0,719.0,721.0,739.0,748.0,749.0,749.0,763.0,790.0,795.0,809.0,833.0,852.0,856.0,894.0,898.0,912.0,938.0,939.0,960.0,964.0,997.0,997.0,
21.0,100.0,165.0,170.0,188.0,216.0,229.0,253.0,253.0,275.0,301.0,326.0,355.0,399.0,422.0,450.0,456.0,516.0,525.0,531.0,541.0,568.0,577.0,583.0,586.0,594.0,602.0,619.0,637.0,638.0,658.0,658.0,705.0,717.0,749.0,755.0,767.0,783.0,789.0,867.0,870.0,906.0,952.0,
5.0,16.0,38.0,42.0,57.0,66.0,134.0,151.0,163.0,189.0,236.0,237.0,280.0,293.0,301.0,315.0,351.0,354.0,393.0,410.0,412.0,424.0,439.0,590.0,622.0,631.0,661.0,707.0,744.0,765.0,778.0,833.0,860.0,883.0,883.0,891.0,904.0,
11.0,58.0,67.0,75.0,150.0,225.0,243.0,340.0,454.0,471.0,541.0,544.0,560.0,564.0,600.0,628.0,670.0,676.0,790.0,792.0,807.0,848.0,868.0,876.0,887.0,918.0,920.0,959.0,966.0,999.0,
3.0,25.0,43.0,64.0,100.0,126.0,143.0,155.0,164.0,164.0,166.0,208.0,236.0,240.0,248.0,289.0,299.0,306.0,337.0,346.0,356.0,369.0,378.0,473.0,557.0,574.0,584.0,589.0,625.0,625.0,631.0,631.0,739.0,814.0,940.0,
20.0,37.0,124.0,127.0,148.0,158.0,164.0,165.0,175.0,351.0,407.0,431.0,439.0,457.0,530.0,544.0,545.0,555.0,558.0,599.0,628.0,653.0,676.0,699.0,703.0,713.0,800.0,853.0,864.0,914.0,971.0,979.0,
23.0,29.0,83.0,104.0,177.0,256.0,292.0,294.0,368.0,376.0,378.0,395.0,411.0,426.0,460.0,499.0,508.0,530.0,534.0,535.0,549.0,556.0,561.0,565.0,569.0,588.0,626.0,658.0,714.0,718.0,791.0,800.0,877.0,896.0,912.0,960.0,965.0,976.0,
16.0,46.0,105.0,113.0,167.0,180.0,200.0,241.0,250.0,293.0,315.0,329.0,355.0,372.0,441.0,459.0,508.0,521.0,522.0,524.0,528.0,528.0,532.0,536.0,539.0,540.0,545.0,562.0,562.0,566.0,569.0,583.0,584.0,587.0,605.0,626.0,626.0,639.0,642.0,653.0,656.0,672.0,680.0,680.0,687.0,687.0,690.0,701.0,703.0,713.0,716.0,722.0,725.0,797.0,809.0,819.0,833.0,840.0,877.0,887.0,898.0,923.0,926.0,928.0,948.0,961.0,982.0,985.0,998.0,
11.0,29.0,38.0,49.0,126.0,155.0,176.0,183.0,192.0,209.0,213.0,231.0,278.0,291.0,294.0,295.0,304.0,308.0,310.0,314.0,376.0,391.0,404.0,409.0,413.0,482.0,501.0,518.0,529.0,529.0,531.0,542.0,543.0,555.0,582.0,583.0,585.0,602.0,608.0,617.0,620.0,627.0,651.0,656.0,665.0,665.0,667.0,673.0,679.0,701.0,719.0,723.0,752.0,753.0,756.0,778.0,784.0,796.0,825.0,832.0,838.0,839.0,861.0,877.0,878.0,887.0,920.0,922.0,924.0,930.0,931.0,943.0,961.0,972.0,976.0,981.0,
10.0,34.0,110.0,116.0,124.0,133.0,165.0,212.0,223.0,230.0,290.0,309.0,336.0,348.0,373.0,431.0,443.0,457.0,495.0,511.0,513.0,521.0,523.0,525.0,529.0,530.0,538.0,546.0,547.0,549.0,566.0,569.0,571.0,573.0,574.0,574.0,579.0,592.0,596.0,603.0,623.0,629.0,655.0,661.0,665.0,679.0,687.0,701.0,703.0,709.0,718.0,721.0,724.0,751.0,792.0,800.0,804.0,822.0,828.0,851.0,854.0,860.0,872.0,888.0,902.0,910.0,916.0,934.0,936.0,969.0,978.0,979.0,984.0,
45.0,78.0,82.0,129.0,131.0,146.0,158.0,169.0,194.0,231.0,340.0,356.0,376.0,382.0,433.0,518.0,519.0,527.0,529.0,538.0,542.0,558.0,559.0,562.0,562.0,564.0,569.0,584.0,592.0,595.0,605.0,609.0,610.0,636.0,654.0,659.0,667.0,671.0,674.0,679.0,694.0,699.0,705.0,739.0,747.0,764.0,766.0,769.0,781.0,781.0,803.0,832.0,858.0,867.0,899.0,901.0,925.0,936.0,965.0,965.0,976.0,980.0,987.0,989.0,
7.0,44.0,53.0,66.0,98.0,124.0,142.0,157.0,196.0,223.0,235.0,245.0,247.0,275.0,370.0,471.0,523.0,529.0,534.0,542.0,543.0,545.0,545.0,551.0,552.0,555.0,561.0,564.0,565.0,572.0,574.0,575.0,576.0,582.0,592.0,601.0,603.0,621.0,623.0,624.0,625.0,626.0,631.0,638.0,641.0,659.0,662.0,663.0,665.0,672.0,679.0,683.0,694.0,712.0,724.0,736.0,739.0,743.0,763.0,804.0,817.0,856.0,883.0,896.0,914.0,923.0,937.0,942.0,956.0,961.0,966.0,972.0,982.0,990.0,
6.0,67.0,77.0,111.0,155.0,283.0,352.0,417.0,419.0,454.0,467.0,467.0,489.0,499.0,509.0,509.0,525.0,537.0,537.0,538.0,562.0,582.0,599.0,599.0,632.0,636.0,650.0,650.0,654.0,680.0,710.0,753.0,763.0,816.0,822.0,897.0,909.0,910.0,939.0,954.0,961.0,993.0,
44.0,59.0,213.0,260.0,271.0,291.0,292.0,297.0,394.0,409.0,419.0,473.0,485.0,581.0,714.0,748.0,767.0,768.0,802.0,844.0,898.0,915.0,915.0,926.0,943.0,947.0,974.0,
10.0,84.0,96.0,102.0,136.0,179.0,181.0,233.0,240.0,245.0,247.0,287.0,318.0,327.0,350.0,391.0,417.0,418.0,437.0,438.0,456.0,496.0,513.0,519.0,533.0,569.0,598.0,637.0,658.0,735.0,785.0,808.0,808.0,814.0,835.0,879.0,889.0,944.0,
52.0,74.0,82.0,155.0,167.0,194.0,247.0,259.0,266.0,291.0,318.0,323.0,379.0,459.0,461.0,494.0,515.0,526.0,537.0,544.0,564.0,592.0,594.0,617.0,647.0,665.0,744.0,791.0,802.0,813.0,901.0,923.0,998.0,
43.0,70.0,85.0,89.0,89.0,118.0,148.0,176.0,191.0,192.0,225.0,263.0,283.0,430.0,435.0,439.0,458.0,470.0,481.0,487.0,502.0,516.0,526.0,536.0,538.0,538.0,540.0,552.0,554.0,559.0,561.0,564.0,566.0,591.0,594.0,616.0,616.0,634.0,638.0,639.0,673.0,703.0,708.0,721.0,723.0,723.0,725.0,729.0,782.0,804.0,811.0,822.0,826.0,832.0,836.0,851.0,852.0,864.0,866.0,867.0,896.0,916.0,917.0,920.0,926.0,939.0,947.0,955.0,957.0,959.0,966.0,971.0,977.0,979.0,987.0,1000.0,
5.0,9.0,21.0,32.0,46.0,48.0,71.0,76.0,86.0,86.0,93.0,102.0,108.0,136.0,136.0,148.0,150.0,207.0,245.0,251.0,284.0,297.0,310.0,377.0,397.0,419.0,466.0,507.0,532.0,535.0,537.0,543.0,543.0,544.0,545.0,553.0,553.0,557.0,557.0,563.0,565.0,573.0,574.0,581.0,585.0,591.0,592.0,593.0,594.0,602.0,604.0,607.0,608.0,609.0,610.0,611.0,613.0,625.0,640.0,648.0,649.0,658.0,664.0,674.0,677.0,685.0,701.0,709.0,709.0,725.0,749.0,751.0,757.0,772.0,779.0,817.0,825.0,825.0,825.0,834.0,861.0,883.0,917.0,920.0,925.0,937.0,940.0,958.0,986.0,986.0,
12.0,18.0,27.0,28.0,44.0,59.0,128.0,179.0,225.0,244.0,244.0,246.0,255.0,279.0,292.0,293.0,341.0,420.0,424.0,442.0,487.0,506.0,510.0,529.0,529.0,533.0,543.0,543.0,547.0,553.0,559.0,576.0,578.0,587.0,591.0,601.0,613.0,623.0,637.0,643.0,699.0,717.0,729.0,734.0,746.0,754.0,762.0,779.0,779.0,810.0,845.0,865.0,876.0,897.0,910.0,978.0,986.0,990.0,
30.0,38.0,66.0,83.0,98.0,179.0,180.0,183.0,206.0,212.0,240.0,242.0,248.0,275.0,280.0,304.0,316.0,332.0,403.0,413.0,418.0,439.0,486.0,515.0,518.0,522.0,526.0,543.0,545.0,551.0,551.0,555.0,570.0,579.0,580.0,590.0,594.0,615.0,623.0,627.0,628.0,632.0,643.0,659.0,665.0,668.0,673.0,688.0,695.0,709.0,776.0,783.0,787.0,843.0,844.0,846.0,853.0,993.0,
13.0,17.0,40.0,109.0,146.0,160.0,189.0,197.0,227.0,248.0,274.0,284.0,318.0,318.0,428.0,485.0,511.0,520.0,523.0,533.0,535.0,537.0,540.0,542.0,551.0,551.0,561.0,579.0,586.0,604.0,606.0,611.0,614.0,616.0,620.0,625.0,632.0,664.0,678.0,685.0,715.0,743.0,763.0,803.0,813.0,822.0,825.0,833.0,837.0,855.0,863.0,942.0,973.0,974.0,976.0,976.0,979.0,
39.0,59.0,101.0,114.0,164.0,174.0,179.0,203.0,271.0,278.0,286.0,297.0,337.0,359.0,396.0,407.0,424.0,425.0,461.0,518.0,524.0,525.0,525.0,531.0,534.0,537.0,537.0,553.0,553.0,559.0,559.0,572.0,576.0,577.0,579.0,586.0,590.0,595.0,605.0,606.0,607.0,616.0,628.0,628.0,633.0,644.0,651.0,662.0,668.0,673.0,686.0,694.0,695.0,701.0,722.0,736.0,736.0,741.0,744.0,770.0,774.0,788.0,802.0,811.0,829.0,831.0,834.0,853.0,854.0,856.0,868.0,878.0,907.0,910.0,921.0,924.0,952.0,966.0,981.0,983.0,987.0,992.0,
28.0,38.0,55.0,57.0,69.0,81.0,144.0,165.0,175.0,179.0,184.0,194.0,228.0,236.0,263.0,310.0,334.0,355.0,399.0,408.0,439.0,451.0,452.0,466.0,468.0,486.0,519.0,521.0,524.0,526.0,527.0,530.0,535.0,540.0,554.0,555.0,558.0,559.0,561.0,564.0,577.0,582.0,585.0,594.0,614.0,623.0,663.0,678.0,699.0,720.0,733.0,760.0,772.0,820.0,834.0,882.0,928.0,950.0,966.0,970.0,975.0,998.0,
19.0,56.0,99.0,110.0,116.0,186.0,205.0,276.0,294.0,309.0,386.0,393.0,399.0,447.0,477.0,501.0,501.0,510.0,522.0,553.0,586.0,610.0,655.0,729.0,783.0,930.0,964.0,986.0,
20.0,30.0,76.0,81.0,119.0,155.0,182.0,185.0,192.0,278.0,332.0,378.0,387.0,401.0,408.0,427.0,433.0,465.0,602.0,609.0,632.0,655.0,703.0,708.0,729.0,757.0,832.0,839.0,846.0,883.0,888.0,899.0,954.0,
25.0,38.0,44.0,88.0,205.0,324.0,333.0,337.0,388.0,405.0,409.0,441.0,454.0,458.0,486.0,507.0,508.0,514.0,529.0,541.0,575.0,578.0,593.0,706.0,733.0,736.0,772.0,774.0,866.0,976.0,
9.0,16.0,20.0,49.0,76.0,94.0,113.0,180.0,206.0,255.0,325.0,326.0,347.0,363.0,376.0,537.0,544.0,554.0,557.0,571.0,586.0,590.0,605.0,606.0,606.0,620.0,624.0,635.0,637.0,647.0,663.0,664.0,664.0,674.0,676.0,698.0,700.0,711.0,720.0,721.0,723.0,733.0,733.0,733.0,734.0,739.0,748.0,760.0,761.0,768.0,768.0,807.0,808.0,810.0,825.0,858.0,863.0,864.0,877.0,889.0,890.0,899.0,907.0,929.0,929.0,932.0,934.0,972.0,976.0,991.0,
48.0,54.0,59.0,115.0,155.0,164.0,181.0,198.0,234.0,270.0,284.0,399.0,405.0,407.0,445.0,447.0,463.0,485.0,502.0,515.0,518.0,524.0,532.0,541.0,544.0,551.0,566.0,575.0,576.0,576.0,578.0,582.0,586.0,590.0,596.0,598.0,599.0,611.0,623.0,624.0,625.0,626.0,637.0,658.0,673.0,681.0,688.0,692.0,705.0,707.0,710.0,735.0,747.0,752.0,753.0,765.0,768.0,788.0,804.0,833.0,837.0,874.0,901.0,907.0,921.0,951.0,959.0,986.0,995.0,
89.0,192.0,201.0,259.0,297.0,324.0,325.0,328.0,385.0,388.0,427.0,468.0,519.0,526.0,539.0,540.0,548.0,555.0,562.0,580.0,588.0,592.0,592.0,595.0,598.0,604.0,615.0,615.0,621.0,645.0,649.0,649.0,654.0,668.0,694.0,706.0,706.0,732.0,791.0,806.0,809.0,868.0,895.0,907.0,939.0,983.0,
19.0,50.0,65.0,156.0,222.0,241.0,265.0,291.0,372.0,394.0,427.0,453.0,453.0,480.0,521.0,535.0,541.0,547.0,551.0,551.0,571.0,575.0,575.0,576.0,586.0,596.0,608.0,651.0,673.0,702.0,713.0,737.0,741.0,749.0,765.0,772.0,777.0,779.0,801.0,818.0,822.0,833.0,863.0,907.0,910.0,923.0,931.0,995.0,
8.0,32.0,98.0,128.0,162.0,215.0,240.0,287.0,300.0,309.0,320.0,356.0,374.0,387.0,393.0,397.0,423.0,459.0,484.0,494.0,515.0,525.0,531.0,534.0,536.0,547.0,558.0,560.0,569.0,570.0,572.0,576.0,579.0,583.0,587.0,587.0,620.0,622.0,632.0,648.0,674.0,691.0,693.0,698.0,701.0,714.0,721.0,725.0,739.0,765.0,780.0,793.0,809.0,812.0,815.0,816.0,819.0,820.0,820.0,866.0,885.0,887.0,909.0,918.0,920.0,923.0,943.0,960.0,
11.0,15.0,29.0,37.0,41.0,43.0,44.0,63.0,76.0,81.0,130.0,140.0,172.0,214.0,227.0,252.0,329.0,418.0,435.0,510.0,517.0,519.0,524.0,530.0,530.0,543.0,552.0,556.0,557.0,561.0,578.0,582.0,583.0,586.0,591.0,603.0,609.0,611.0,611.0,618.0,631.0,638.0,638.0,639.0,657.0,660.0,672.0,674.0,683.0,701.0,703.0,749.0,752.0,756.0,760.0,768.0,779.0,782.0,799.0,808.0,817.0,878.0,890.0,904.0,917.0,922.0,972.0,996.0,
2.0,7.0,62.0,100.0,129.0,143.0,199.0,209.0,222.0,229.0,255.0,302.0,334.0,356.0,367.0,412.0,424.0,435.0,446.0,492.0,503.0,503.0,515.0,519.0,532.0,538.0,541.0,553.0,553.0,554.0,556.0,558.0,575.0,576.0,581.0,581.0,594.0,595.0,601.0,626.0,631.0,632.0,640.0,642.0,642.0,654.0,705.0,709.0,726.0,737.0,754.0,759.0,806.0,818.0,820.0,892.0,912.0,917.0,934.0,957.0,959.0,977.0,988.0,
18.0,21.0,35.0,45.0,47.0,60.0,103.0,130.0,156.0,185.0,191.0,219.0,257.0,320.0,321.0,331.0,373.0,379.0,404.0,416.0,448.0,489.0,520.0,536.0,565.0,592.0,598.0,653.0,659.0,719.0,798.0,833.0,837.0,842.0,988.0,
68.0,78.0,118.0,182.0,197.0,200.0,234.0,242.0,245.0,264.0,279.0,317.0,318.0,326.0,378.0,402.0,413.0,538.0,548.0,603.0,675.0,718.0,724.0,732.0,740.0,783.0,799.0,802.0,831.0,838.0,842.0,867.0,904.0,921.0,991.0,
20.0,29.0,69.0,113.0,117.0,117.0,142.0,149.0,208.0,258.0,262.0,302.0,318.0,318.0,331.0,340.0,388.0,393.0,399.0,438.0,451.0,475.0,477.0,523.0,548.0,568.0,671.0,677.0,786.0,794.0,845.0,880.0,
96.0,146.0,149.0,153.0,158.0,192.0,232.0,249.0,258.0,351.0,378.0,403.0,437.0,439.0,446.0,470.0,519.0,520.0,525.0,527.0,534.0,535.0,538.0,538.0,543.0,547.0,549.0,549.0,552.0,560.0,561.0,561.0,567.0,569.0,573.0,575.0,579.0,590.0,603.0,603.0,629.0,629.0,650.0,656.0,660.0,687.0,704.0,711.0,712.0,751.0,758.0,799.0,812.0,815.0,821.0,823.0,850.0,864.0,887.0,888.0,910.0,918.0,945.0,948.0,961.0,982.0,988.0,
22.0,28.0,65.0,76.0,77.0,86.0,126.0,139.0,198.0,213.0,261.0,301.0,320.0,350.0,420.0,447.0,503.0,524.0,525.0,530.0,532.0,533.0,538.0,539.0,544.0,544.0,545.0,557.0,558.0,565.0,572.0,581.0,584.0,585.0,588.0,589.0,591.0,596.0,599.0,601.0,606.0,619.0,648.0,649.0,662.0,665.0,678.0,680.0,682.0,694.0,710.0,728.0,729.0,744.0,756.0,762.0,771.0,786.0,796.0,799.0,839.0,844.0,855.0,855.0,858.0,875.0,884.0,914.0,917.0,923.0,926.0,937.0,942.0,966.0,980.0,
13.0,58.0,77.0,94.0,136.0,210.0,217.0,233.0,253.0,329.0,347.0,347.0,372.0,446.0,517.0,521.0,539.0,540.0,542.0,551.0,561.0,563.0,563.0,570.0,573.0,591.0,605.0,609.0,609.0,614.0,615.0,620.0,635.0,645.0,650.0,659.0,669.0,680.0,683.0,703.0,704.0,716.0,729.0,751.0,764.0,767.0,771.0,776.0,785.0,789.0,795.0,798.0,809.0,831.0,837.0,840.0,841.0,888.0,902.0,909.0,925.0,926.0,991.0,992.0,
48.0,53.0,202.0,219.0,288.0,446.0,467.0,489.0,497.0,513.0,517.0,519.0,520.0,521.0,529.0,531.0,532.0,533.0,534.0,545.0,548.0,551.0,551.0,559.0,560.0,569.0,573.0,579.0,580.0,591.0,599.0,603.0,615.0,622.0,630.0,633.0,634.0,635.0,635.0,650.0,699.0,708.0,721.0,742.0,747.0,793.0,798.0,815.0,858.0,865.0,870.0,891.0,892.0,895.0,904.0,910.0,921.0,949.0,982.0,984.0,987.0,994.0,
51.0,60.0,68.0,91.0,107.0,108.0,146.0,197.0,201.0,233.0,263.0,286.0,334.0,345.0,349.0,450.0,461.0,499.0,532.0,545.0,545.0,547.0,550.0,564.0,567.0,573.0,578.0,584.0,585.0,587.0,590.0,592.0,606.0,623.0,644.0,645.0,677.0,678.0,690.0,693.0,698.0,712.0,728.0,736.0,744.0,800.0,823.0,825.0,827.0,857.0,887.0,934.0,940.0,952.0,963.0,989.0,
4.0,25.0,27.0,34.0,48.0,70.0,112.0,120.0,186.0,227.0,287.0,314.0,351.0,403.0,417.0,438.0,445.0,458.0,468.0,478.0,517.0,522.0,532.0,535.0,537.0,537.0,541.0,541.0,542.0,543.0,548.0,550.0,551.0,555.0,562.0,564.0,566.0,583.0,584.0,586.0,591.0,608.0,609.0,614.0,615.0,620.0,620.0,621.0,631.0,647.0,650.0,659.0,662.0,671.0,675.0,694.0,701.0,702.0,706.0,726.0,738.0,756.0,780.0,797.0,801.0,849.0,866.0,867.0,885.0,912.0,919.0,935.0,953.0,959.0,971.0,975.0,998.0,
11.0,14.0,30.0,34.0,36.0,75.0,177.0,179.0,179.0,229.0,304.0,310.0,323.0,367.0,369.0,383.0,424.0,428.0,439.0,451.0,463.0,528.0,532.0,534.0,538.0,546.0,549.0,551.0,551.0,552.0,561.0,562.0,571.0,575.0,617.0,625.0,630.0,664.0,680.0,688.0,690.0,706.0,753.0,780.0,789.0,800.0,821.0,830.0,831.0,854.0,870.0,878.0,884.0,887.0,891.0,897.0,911.0,952.0,965.0,973.0,990.0,994.0,
60.0,72.0,89.0,94.0,115.0,115.0,116.0,126.0,138.0,153.0,174.0,176.0,206.0,210.0,287.0,298.0,325.0,369.0,412.0,509.0,529.0,533.0,552.0,630.0,638.0,764.0,776.0,811.0,939.0,989.0,
30.0,77.0,136.0,179.0,179.0,223.0,261.0,266.0,271.0,314.0,321.0,371.0,422.0,471.0,553.0,568.0,665.0,775.0,799.0,852.0,906.0,939.0,946.0,988.0,
101.0,103.0,103.0,129.0,149.0,156.0,187.0,257.0,260.0,285.0,319.0,331.0,333.0,335.0,384.0,416.0,429.0,440.0,440.0,440.0,450.0,453.0,459.0,502.0,510.0,615.0,738.0,889.0,974.0,981.0,982.0,
5.0,17.0,29.0,80.0,86.0,109.0,128.0,154.0,192.0,225.0,236.0,260.0,270.0,287.0,335.0,353.0,354.0,355.0,365.0,401.0,406.0,438.0,443.0,501.0,552.0,563.0,595.0,604.0,638.0,648.0,651.0,658.0,667.0,701.0,715.0,746.0,757.0,766.0,802.0,807.0,822.0,866.0,871.0,877.0,905.0,908.0,939.0,946.0,961.0,979.0,997.0,
46.0,58.0,111.0,138.0,160.0,185.0,229.0,247.0,260.0,296.0,305.0,307.0,315.0,320.0,326.0,336.0,349.0,369.0,405.0,440.0,516.0,521.0,526.0,539.0,555.0,557.0,565.0,574.0,575.0,584.0,587.0,592.0,598.0,603.0,604.0,637.0,659.0,659.0,673.0,688.0,689.0,692.0,717.0,728.0,730.0,746.0,748.0,753.0,762.0,766.0,770.0,775.0,779.0,818.0,874.0,877.0,880.0,925.0,932.0,942.0,968.0,978.0,
63.0,65.0,130.0,132.0,147.0,147.0,170.0,196.0,197.0,209.0,227.0,366.0,376.0,444.0,458.0,461.0,496.0,496.0,531.0,531.0,533.0,539.0,541.0,541.0,542.0,553.0,570.0,583.0,589.0,590.0,600.0,601.0,603.0,603.0,604.0,608.0,609.0,618.0,618.0,619.0,622.0,628.0,636.0,640.0,662.0,667.0,669.0,688.0,708.0,710.0,716.0,720.0,767.0,784.0,785.0,823.0,846.0,854.0,879.0,881.0,887.0,890.0,898.0,910.0,915.0,922.0,931.0,932.0,933.0,939.0,992.0,995.0,996.0,
5.0,13.0,17.0,18.0,20.0,27.0,45.0,59.0,71.0,106.0,109.0,132.0,184.0,229.0,234.0,269.0,292.0,316.0,369.0,388.0,388.0,451.0,468.0,481.0,484.0,499.0,504.0,530.0,533.0,552.0,552.0,552.0,561.0,565.0,567.0,568.0,573.0,577.0,582.0,597.0,601.0,603.0,603.0,620.0,636.0,656.0,658.0,662.0,676.0,680.0,696.0,703.0,729.0,753.0,759.0,759.0,783.0,783.0,793.0,826.0,850.0,861.0,949.0,959.0,960.0,967.0,993.0,998.0,
98.0,141.0,198.0,240.0,262.0,281.0,376.0,464.0,513.0,516.0,523.0,529.0,534.0,542.0,542.0,544.0,552.0,554.0,582.0,586.0,590.0,598.0,611.0,622.0,626.0,626.0,648.0,683.0,684.0,695.0,717.0,724.0,774.0,776.0,781.0,835.0,855.0,864.0,886.0,886.0,922.0,933.0,944.0,957.0,959.0,975.0,992.0,
29.0,34.0,52.0,54.0,105.0,180.0,193.0,204.0,209.0,216.0,292.0,310.0,352.0,376.0,406.0,424.0,480.0,489.0,515.0,517.0,524.0,527.0,531.0,532.0,532.0,537.0,539.0,541.0,544.0,546.0,551.0,553.0,555.0,564.0,570.0,575.0,579.0,580.0,580.0,586.0,592.0,597.0,597.0,601.0,612.0,642.0,648.0,650.0,657.0,671.0,682.0,706.0,721.0,729.0,733.0,748.0,756.0,769.0,785.0,788.0,797.0,799.0,810.0,814.0,820.0,823.0,825.0,831.0,840.0,856.0,859.0,864.0,870.0,876.0,877.0,881.0,883.0,896.0,915.0,965.0,
62.0,72.0,209.0,210.0,211.0,222.0,284.0,367.0,377.0,415.0,422.0,463.0,540.0,544.0,554.0,574.0,579.0,603.0,621.0,643.0,716.0,743.0,746.0,786.0,813.0,814.0,831.0,836.0,860.0,873.0,880.0,902.0,917.0,969.0,980.0,
10.0,68.0,150.0,348.0,353.0,376.0,405.0,492.0,503.0,513.0,616.0,644.0,644.0,773.0,776.0,825.0,894.0,933.0,963.0,973.0,996.0,
41.0,44.0,86.0,143.0,153.0,154.0,159.0,199.0,207.0,236.0,259.0,272.0,295.0,308.0,363.0,380.0,411.0,427.0,428.0,440.0,496.0,518.0,545.0,589.0,590.0,593.0,599.0,603.0,636.0,691.0,720.0,732.0,747.0,780.0,806.0,833.0,909.0,914.0,973.0,997.0,
61.0,61.0,96.0,115.0,149.0,186.0,189.0,257.0,323.0,338.0,340.0,355.0,392.0,396.0,422.0,457.0,478.0,481.0,489.0,515.0,517.0,526.0,536.0,556.0,567.0,569.0,601.0,637.0,674.0,696.0,702.0,703.0,703.0,736.0,767.0,857.0,857.0,859.0,883.0,887.0,915.0,933.0,965.0,967.0,990.0,990.0,
11.0,90.0,221.0,343.0,348.0,360.0,364.0,439.0,439.0,442.0,462.0,488.0,532.0,556.0,586.0,607.0,619.0,638.0,641.0,643.0,643.0,702.0,724.0,724.0,726.0,803.0,858.0,868.0,886.0,960.0,967.0,
11.0,24.0,45.0,124.0,150.0,153.0,169.0,204.0,230.0,273.0,300.0,342.0,344.0,361.0,362.0,370.0,402.0,515.0,529.0,547.0,562.0,567.0,589.0,660.0,683.0,752.0,789.0,811.0,819.0,831.0,871.0,878.0,952.0,983.0,
31.0,58.0,163.0,231.0,289.0,302.0,366.0,374.0,399.0,408.0,424.0,459.0,463.0,475.0,511.0,525.0,525.0,545.0,553.0,554.0,563.0,569.0,571.0,572.0,596.0,629.0,630.0,631.0,632.0,639.0,656.0,678.0,711.0,720.0,729.0,744.0,747.0,752.0,769.0,785.0,854.0,864.0,896.0,907.0,912.0,935.0,943.0,957.0,962.0,968.0,975.0,995.0,997.0,
11.0,62.0,114.0,114.0,131.0,131.0,157.0,164.0,166.0,195.0,214.0,227.0,245.0,260.0,277.0,339.0,341.0,343.0,353.0,404.0,427.0,442.0,472.0,474.0,476.0,484.0,496.0,516.0,522.0,526.0,527.0,544.0,553.0,563.0,565.0,578.0,583.0,593.0,594.0,594.0,596.0,600.0,602.0,617.0,624.0,643.0,652.0,673.0,705.0,718.0,725.0,729.0,729.0,746.0,749.0,808.0,837.0,841.0,849.0,850.0,881.0,944.0,977.0,978.0,996.0,
49.0,217.0,225.0,227.0,252.0,321.0,321.0,404.0,409.0,454.0,504.0,513.0,534.0,539.0,549.0,557.0,573.0,578.0,581.0,582.0,593.0,594.0,610.0,614.0,615.0,633.0,634.0,649.0,657.0,664.0,671.0,679.0,682.0,725.0,746.0,749.0,764.0,773.0,778.0,830.0,838.0,840.0,877.0,885.0,901.0,904.0,910.0,920.0,
37.0,88.0,149.0,173.0,173.0,201.0,210.0,219.0,351.0,370.0,391.0,409.0,416.0,481.0,513.0,536.0,547.0,553.0,554.0,570.0,575.0,588.0,599.0,629.0,638.0,657.0,678.0,692.0,713.0,735.0,742.0,773.0,797.0,839.0,
32.0,56.0,66.0,77.0,139.0,156.0,169.0,169.0,197.0,215.0,228.0,279.0,297.0,330.0,350.0,361.0,436.0,438.0,444.0,446.0,450.0,467.0,478.0,488.0,493.0,519.0,536.0,582.0,599.0,673.0,674.0,865.0,885.0,912.0,957.0,978.0,994.0,996.0,
64.0,83.0,102.0,105.0,108.0,132.0,164.0,204.0,210.0,217.0,318.0,322.0,334.0,388.0,394.0,399.0,402.0,420.0,445.0,471.0,514.0,525.0,544.0,551.0,626.0,630.0,731.0,817.0,819.0,840.0,841.0,879.0,883.0,905.0,949.0,991.0,992.0,997.0,
9.0,35.0,55.0,81.0,85.0,89.0,99.0,125.0,166.0,196.0,200.0,269.0,279.0,315.0,319.0,332.0,418.0,420.0,440.0,494.0,527.0,546.0,591.0,608.0,638.0,646.0,655.0,664.0,711.0,829.0,905.0,908.0,954.0,
57.0,59.0,61.0,66.0,72.0,86.0,103.0,135.0,146.0,156.0,162.0,196.0,198.0,201.0,225.0,243.0,275.0,290.0,300.0,313.0,325.0,330.0,341.0,365.0,378.0,396.0,414.0,501.0,507.0,554.0,564.0,579.0,580.0,580.0,621.0,697.0,770.0,775.0,839.0,870.0,872.0,879.0,957.0,975.0,979.0,
18.0,25.0,26.0,48.0,56.0,68.0,87.0,167.0,192.0,197.0,249.0,355.0,359.0,362.0,394.0,407.0,410.0,417.0,450.0,466.0,484.0,546.0,557.0,567.0,635.0,656.0,694.0,704.0,707.0,745.0,748.0,761.0,886.0,898.0,898.0,904.0,967.0,979.0,992.0,996.0,
3.0,12.0,12.0,48.0,48.0,63.0,76.0,158.0,199.0,304.0,348.0,353.0,408.0,434.0,483.0,580.0,621.0,641.0,652.0,722.0,751.0,770.0,811.0,833.0,869.0,883.0,918.0,
25.0,35.0,61.0,86.0,167.0,173.0,187.0,217.0,241.0,271.0,292.0,315.0,325.0,371.0,390.0,404.0,413.0,454.0,479.0,501.0,547.0,565.0,569.0,575.0,614.0,624.0,631.0,659.0,672.0,701.0,758.0,785.0,792.0,833.0,883.0,938.0,
4.0,42.0,67.0,73.0,132.0,219.0,221.0,221.0,275.0,320.0,333.0,336.0,354.0,457.0,460.0,466.0,478.0,484.0,514.0,514.0,607.0,654.0,731.0,745.0,759.0,764.0,774.0,817.0,859.0,871.0,961.0,
46.0,55.0,105.0,132.0,225.0,279.0,349.0,372.0,405.0,427.0,517.0,534.0,547.0,551.0,552.0,552.0,564.0,571.0,590.0,603.0,609.0,613.0,626.0,689.0,698.0,785.0,841.0,842.0,856.0,867.0,887.0,
16.0,53.0,87.0,90.0,129.0,156.0,172.0,180.0,235.0,240.0,264.0,322.0,333.0,384.0,404.0,420.0,456.0,463.0,488.0,558.0,573.0,576.0,588.0,625.0,625.0,646.0,676.0,682.0,757.0,796.0,901.0,991.0,
22.0,60.0,109.0,136.0,145.0,161.0,193.0,245.0,247.0,261.0,263.0,264.0,284.0,305.0,342.0,381.0,395.0,406.0,422.0,423.0,427.0,439.0,449.0,551.0,552.0,605.0,622.0,642.0,673.0,690.0,740.0,759.0,770.0,815.0,829.0,909.0,912.0,964.0,976.0,982.0,
39.0,62.0,80.0,104.0,109.0,144.0,168.0,229.0,244.0,271.0,275.0,289.0,292.0,304.0,351.0,419.0,444.0,457.0,479.0,493.0,531.0,589.0,602.0,628.0,628.0,689.0,693.0,696.0,707.0,752.0,810.0,833.0,838.0,845.0,860.0,891.0,912.0,930.0,
