2.0,28.0,40.0,125.0,129.0,135.0,161.0,181.0,189.0,253.0,309.0,314.0,315.0,369.0,376.0,479.0,484.0,494.0,510.0,563.0,576.0,601.0,622.0,630.0,692.0,711.0,753.0,772.0,793.0,813.0,833.0,857.0,860.0,865.0,882.0,917.0,978.0,
34.0,55.0,64.0,70.0,73.0,180.0,185.0,215.0,249.0,326.0,333.0,344.0,346.0,348.0,368.0,443.0,485.0,501.0,555.0,562.0,567.0,583.0,684.0,716.0,751.0,758.0,791.0,839.0,856.0,972.0,973.0,
11.0,12.0,32.0,61.0,88.0,121.0,159.0,172.0,277.0,286.0,287.0,331.0,394.0,402.0,472.0,517.0,524.0,528.0,547.0,583.0,585.0,587.0,661.0,680.0,697.0,714.0,815.0,824.0,869.0,890.0,976.0,
28.0,64.0,81.0,105.0,117.0,164.0,177.0,197.0,206.0,254.0,256.0,257.0,295.0,330.0,331.0,389.0,402.0,405.0,408.0,534.0,538.0,549.0,565.0,593.0,606.0,613.0,616.0,669.0,678.0,684.0,741.0,774.0,788.0,808.0,820.0,871.0,912.0,959.0,
55.0,73.0,74.0,121.0,136.0,144.0,151.0,188.0,199.0,239.0,248.0,338.0,443.0,494.0,497.0,533.0,576.0,622.0,648.0,657.0,680.0,715.0,718.0,808.0,844.0,906.0,909.0,972.0,
4.0,145.0,147.0,147.0,159.0,181.0,196.0,208.0,221.0,228.0,245.0,249.0,329.0,330.0,333.0,407.0,428.0,432.0,454.0,480.0,524.0,530.0,565.0,568.0,585.0,606.0,626.0,633.0,676.0,741.0,747.0,755.0,762.0,772.0,774.0,775.0,777.0,807.0,816.0,821.0,848.0,897.0,912.0,921.0,976.0,981.0,
61.0,73.0,106.0,116.0,137.0,138.0,187.0,213.0,245.0,267.0,282.0,375.0,377.0,394.0,411.0,414.0,435.0,457.0,530.0,552.0,598.0,604.0,644.0,649.0,682.0,695.0,719.0,720.0,768.0,776.0,807.0,821.0,824.0,838.0,892.0,938.0,994.0,
12.0,42.0,60.0,77.0,136.0,144.0,165.0,170.0,240.0,244.0,266.0,309.0,322.0,337.0,359.0,373.0,416.0,467.0,487.0,528.0,546.0,551.0,559.0,565.0,574.0,575.0,583.0,610.0,745.0,766.0,803.0,823.0,842.0,850.0,858.0,950.0,
61.0,75.0,79.0,110.0,151.0,168.0,214.0,225.0,243.0,259.0,323.0,333.0,360.0,386.0,425.0,518.0,530.0,531.0,539.0,561.0,574.0,576.0,629.0,629.0,647.0,688.0,688.0,706.0,718.0,757.0,810.0,988.0,
61.0,175.0,195.0,285.0,300.0,308.0,352.0,391.0,552.0,577.0,581.0,595.0,596.0,607.0,621.0,652.0,677.0,680.0,693.0,704.0,709.0,764.0,772.0,784.0,793.0,809.0,813.0,841.0,841.0,902.0,914.0,938.0,
27.0,85.0,169.0,206.0,237.0,244.0,307.0,311.0,321.0,353.0,362.0,365.0,402.0,451.0,454.0,474.0,480.0,514.0,542.0,572.0,572.0,648.0,655.0,687.0,716.0,739.0,764.0,785.0,814.0,816.0,820.0,830.0,845.0,866.0,882.0,899.0,909.0,935.0,971.0,982.0,
36.0,50.0,61.0,66.0,77.0,103.0,117.0,164.0,173.0,240.0,292.0,292.0,316.0,340.0,366.0,370.0,394.0,399.0,406.0,452.0,485.0,536.0,603.0,628.0,726.0,737.0,772.0,777.0,819.0,828.0,834.0,834.0,892.0,914.0,947.0,
11.0,15.0,46.0,72.0,77.0,96.0,118.0,154.0,217.0,256.0,259.0,272.0,385.0,422.0,437.0,517.0,528.0,548.0,602.0,633.0,643.0,658.0,736.0,745.0,779.0,805.0,920.0,946.0,950.0,966.0,982.0,
27.0,31.0,63.0,75.0,103.0,150.0,170.0,177.0,244.0,271.0,314.0,334.0,382.0,388.0,405.0,407.0,437.0,488.0,504.0,583.0,596.0,603.0,608.0,612.0,616.0,644.0,649.0,675.0,690.0,700.0,704.0,763.0,770.0,796.0,809.0,877.0,906.0,914.0,969.0,981.0,
53.0,76.0,91.0,167.0,200.0,211.0,222.0,247.0,271.0,282.0,288.0,296.0,306.0,312.0,382.0,395.0,401.0,409.0,449.0,530.0,558.0,572.0,572.0,595.0,602.0,609.0,631.0,670.0,735.0,769.0,790.0,791.0,828.0,868.0,875.0,876.0,926.0,936.0,973.0,998.0,
14.0,25.0,73.0,84.0,108.0,162.0,178.0,188.0,203.0,239.0,240.0,270.0,272.0,282.0,282.0,309.0,331.0,442.0,513.0,545.0,649.0,682.0,688.0,692.0,705.0,725.0,732.0,738.0,768.0,771.0,818.0,856.0,871.0,895.0,930.0,937.0,940.0,970.0,977.0,
48.0,53.0,61.0,70.0,127.0,135.0,184.0,241.0,387.0,391.0,468.0,478.0,500.0,526.0,580.0,618.0,624.0,642.0,644.0,726.0,756.0,784.0,787.0,803.0,815.0,821.0,874.0,892.0,
14.0,110.0,130.0,166.0,195.0,223.0,235.0,248.0,284.0,308.0,337.0,370.0,445.0,515.0,621.0,631.0,674.0,682.0,695.0,758.0,766.0,766.0,802.0,843.0,892.0,905.0,908.0,964.0,
2.0,6.0,21.0,91.0,106.0,114.0,120.0,187.0,205.0,217.0,261.0,294.0,341.0,358.0,379.0,385.0,393.0,441.0,441.0,451.0,471.0,508.0,554.0,576.0,584.0,585.0,605.0,607.0,658.0,668.0,674.0,698.0,733.0,754.0,778.0,931.0,953.0,955.0,965.0,987.0,
29.0,32.0,111.0,120.0,132.0,145.0,194.0,329.0,403.0,508.0,522.0,526.0,531.0,570.0,597.0,611.0,627.0,694.0,735.0,766.0,777.0,799.0,851.0,873.0,886.0,897.0,919.0,938.0,953.0,
5.0,7.0,22.0,75.0,77.0,103.0,106.0,113.0,139.0,147.0,164.0,168.0,169.0,224.0,285.0,297.0,304.0,320.0,358.0,359.0,365.0,399.0,402.0,411.0,414.0,447.0,523.0,557.0,633.0,638.0,647.0,660.0,689.0,708.0,845.0,900.0,922.0,940.0,957.0,
34.0,35.0,38.0,67.0,77.0,180.0,185.0,189.0,190.0,191.0,196.0,247.0,256.0,280.0,287.0,301.0,313.0,332.0,350.0,356.0,418.0,434.0,449.0,457.0,489.0,568.0,577.0,700.0,709.0,714.0,757.0,765.0,768.0,810.0,846.0,938.0,990.0,993.0,
24.0,24.0,66.0,78.0,84.0,87.0,113.0,155.0,162.0,218.0,244.0,265.0,347.0,354.0,408.0,412.0,432.0,500.0,503.0,577.0,584.0,593.0,598.0,599.0,637.0,687.0,694.0,714.0,751.0,796.0,978.0,990.0,
3.0,8.0,55.0,59.0,64.0,71.0,83.0,217.0,238.0,250.0,286.0,314.0,472.0,477.0,529.0,542.0,579.0,615.0,682.0,692.0,723.0,741.0,741.0,768.0,806.0,828.0,863.0,956.0,971.0,975.0,987.0,
9.0,11.0,53.0,76.0,107.0,171.0,172.0,184.0,208.0,216.0,269.0,281.0,296.0,309.0,340.0,362.0,460.0,527.0,528.0,533.0,554.0,577.0,596.0,605.0,640.0,672.0,675.0,747.0,763.0,774.0,808.0,826.0,842.0,849.0,881.0,914.0,929.0,938.0,943.0,972.0,976.0,989.0,
12.0,48.0,51.0,56.0,67.0,74.0,109.0,117.0,127.0,155.0,160.0,170.0,176.0,225.0,226.0,246.0,285.0,298.0,305.0,312.0,334.0,336.0,349.0,361.0,431.0,484.0,531.0,534.0,542.0,543.0,550.0,556.0,571.0,579.0,592.0,598.0,608.0,630.0,631.0,651.0,690.0,690.0,779.0,804.0,828.0,902.0,920.0,942.0,
118.0,148.0,190.0,213.0,215.0,244.0,245.0,273.0,299.0,326.0,338.0,355.0,357.0,384.0,434.0,465.0,468.0,510.0,522.0,540.0,563.0,568.0,579.0,580.0,609.0,636.0,696.0,710.0,747.0,758.0,828.0,865.0,955.0,
20.0,79.0,114.0,151.0,183.0,197.0,254.0,301.0,302.0,314.0,317.0,321.0,345.0,456.0,531.0,587.0,665.0,722.0,792.0,809.0,845.0,906.0,946.0,970.0,
10.0,16.0,59.0,92.0,102.0,153.0,159.0,161.0,178.0,193.0,212.0,216.0,255.0,267.0,291.0,370.0,389.0,399.0,411.0,461.0,472.0,481.0,509.0,570.0,593.0,623.0,675.0,681.0,689.0,714.0,728.0,789.0,825.0,838.0,936.0,943.0,959.0,985.0,
3.0,88.0,123.0,130.0,149.0,182.0,199.0,204.0,237.0,251.0,283.0,286.0,313.0,327.0,343.0,349.0,374.0,394.0,448.0,467.0,471.0,486.0,538.0,587.0,630.0,634.0,656.0,698.0,765.0,803.0,805.0,834.0,847.0,874.0,937.0,961.0,997.0,998.0,
16.0,20.0,26.0,131.0,143.0,193.0,334.0,356.0,359.0,551.0,591.0,617.0,620.0,639.0,707.0,766.0,804.0,820.0,842.0,868.0,873.0,886.0,889.0,892.0,912.0,972.0,972.0,
61.0,114.0,136.0,146.0,163.0,204.0,220.0,238.0,243.0,283.0,288.0,296.0,384.0,384.0,385.0,413.0,448.0,470.0,557.0,619.0,630.0,634.0,660.0,682.0,693.0,714.0,745.0,750.0,755.0,761.0,764.0,788.0,820.0,839.0,923.0,952.0,961.0,
54.0,56.0,66.0,72.0,91.0,91.0,126.0,241.0,244.0,245.0,280.0,314.0,324.0,350.0,361.0,371.0,423.0,426.0,477.0,478.0,484.0,503.0,536.0,583.0,650.0,653.0,655.0,668.0,712.0,725.0,865.0,912.0,923.0,931.0,
11.0,11.0,39.0,71.0,88.0,171.0,256.0,294.0,385.0,414.0,480.0,512.0,546.0,553.0,582.0,610.0,610.0,618.0,629.0,651.0,688.0,691.0,729.0,762.0,784.0,794.0,809.0,838.0,841.0,852.0,873.0,876.0,898.0,916.0,925.0,943.0,979.0,
59.0,60.0,65.0,75.0,84.0,96.0,123.0,145.0,162.0,163.0,166.0,201.0,205.0,241.0,273.0,288.0,289.0,357.0,359.0,398.0,488.0,509.0,511.0,515.0,520.0,523.0,524.0,541.0,542.0,542.0,544.0,550.0,555.0,570.0,581.0,590.0,593.0,594.0,595.0,600.0,608.0,611.0,620.0,651.0,652.0,652.0,660.0,665.0,690.0,693.0,700.0,717.0,720.0,740.0,745.0,771.0,794.0,795.0,866.0,882.0,936.0,941.0,942.0,960.0,974.0,
4.0,19.0,60.0,79.0,135.0,159.0,163.0,193.0,216.0,231.0,260.0,312.0,344.0,351.0,360.0,390.0,395.0,406.0,413.0,430.0,434.0,439.0,441.0,529.0,529.0,535.0,542.0,548.0,557.0,575.0,579.0,592.0,606.0,608.0,614.0,623.0,627.0,630.0,641.0,643.0,645.0,646.0,646.0,652.0,654.0,670.0,693.0,708.0,720.0,743.0,749.0,783.0,785.0,805.0,813.0,820.0,820.0,824.0,829.0,831.0,835.0,878.0,880.0,903.0,912.0,914.0,935.0,945.0,952.0,954.0,990.0,992.0,997.0,
18.0,34.0,37.0,59.0,97.0,120.0,122.0,140.0,184.0,196.0,227.0,261.0,262.0,270.0,304.0,305.0,326.0,433.0,479.0,496.0,514.0,526.0,527.0,528.0,531.0,532.0,532.0,534.0,535.0,536.0,539.0,539.0,540.0,543.0,544.0,549.0,552.0,554.0,559.0,561.0,561.0,562.0,562.0,563.0,565.0,581.0,581.0,586.0,592.0,595.0,606.0,608.0,610.0,615.0,618.0,621.0,628.0,629.0,666.0,682.0,687.0,690.0,697.0,702.0,717.0,729.0,734.0,739.0,746.0,760.0,816.0,823.0,853.0,867.0,878.0,878.0,889.0,894.0,911.0,921.0,921.0,932.0,933.0,956.0,965.0,971.0,978.0,
30.0,48.0,56.0,89.0,103.0,117.0,119.0,124.0,167.0,173.0,289.0,349.0,351.0,411.0,441.0,457.0,468.0,526.0,547.0,558.0,567.0,577.0,593.0,600.0,601.0,640.0,660.0,687.0,691.0,698.0,709.0,755.0,761.0,775.0,777.0,805.0,816.0,819.0,831.0,837.0,846.0,865.0,879.0,880.0,883.0,898.0,901.0,906.0,912.0,929.0,932.0,952.0,956.0,974.0,
53.0,53.0,68.0,73.0,167.0,217.0,224.0,260.0,275.0,353.0,423.0,426.0,427.0,430.0,439.0,442.0,474.0,544.0,579.0,657.0,670.0,756.0,767.0,788.0,804.0,975.0,985.0,997.0,
105.0,165.0,169.0,173.0,194.0,208.0,294.0,345.0,370.0,381.0,402.0,415.0,430.0,481.0,497.0,508.0,515.0,536.0,556.0,567.0,608.0,678.0,724.0,758.0,765.0,765.0,765.0,795.0,826.0,919.0,946.0,975.0,
20.0,44.0,70.0,107.0,134.0,140.0,149.0,177.0,230.0,292.0,292.0,302.0,332.0,374.0,391.0,449.0,455.0,465.0,481.0,505.0,515.0,524.0,536.0,556.0,574.0,630.0,670.0,754.0,765.0,768.0,772.0,780.0,790.0,807.0,812.0,814.0,814.0,896.0,916.0,930.0,957.0,989.0,
20.0,72.0,83.0,85.0,102.0,104.0,134.0,250.0,263.0,326.0,339.0,387.0,403.0,410.0,414.0,451.0,462.0,508.0,511.0,516.0,525.0,548.0,592.0,592.0,654.0,656.0,670.0,798.0,807.0,817.0,842.0,893.0,927.0,930.0,967.0,999.0,
49.0,97.0,129.0,161.0,207.0,235.0,264.0,281.0,332.0,336.0,374.0,387.0,390.0,415.0,489.0,510.0,510.0,525.0,534.0,547.0,568.0,571.0,574.0,585.0,601.0,611.0,622.0,688.0,696.0,734.0,753.0,760.0,879.0,910.0,916.0,
66.0,125.0,129.0,180.0,208.0,263.0,291.0,294.0,330.0,334.0,380.0,434.0,447.0,448.0,450.0,464.0,478.0,509.0,516.0,522.0,527.0,531.0,531.0,535.0,538.0,539.0,543.0,545.0,558.0,564.0,567.0,569.0,573.0,574.0,577.0,587.0,587.0,589.0,589.0,591.0,596.0,602.0,605.0,618.0,624.0,650.0,656.0,657.0,661.0,661.0,661.0,681.0,706.0,709.0,721.0,741.0,747.0,765.0,768.0,770.0,782.0,820.0,836.0,843.0,849.0,849.0,863.0,867.0,870.0,872.0,880.0,888.0,915.0,921.0,929.0,936.0,944.0,946.0,960.0,977.0,996.0,
71.0,71.0,78.0,136.0,221.0,228.0,254.0,256.0,277.0,351.0,354.0,372.0,380.0,388.0,403.0,407.0,483.0,483.0,488.0,523.0,529.0,532.0,537.0,545.0,551.0,553.0,554.0,557.0,564.0,566.0,566.0,569.0,573.0,575.0,578.0,583.0,589.0,600.0,635.0,636.0,638.0,643.0,645.0,648.0,649.0,652.0,665.0,670.0,677.0,694.0,697.0,706.0,728.0,735.0,738.0,762.0,768.0,772.0,773.0,787.0,804.0,812.0,835.0,849.0,855.0,856.0,877.0,884.0,890.0,893.0,918.0,927.0,930.0,942.0,944.0,979.0,979.0,
47.0,54.0,57.0,64.0,79.0,128.0,133.0,134.0,185.0,193.0,221.0,222.0,229.0,282.0,284.0,303.0,329.0,366.0,383.0,394.0,403.0,449.0,493.0,503.0,512.0,526.0,532.0,536.0,545.0,545.0,546.0,546.0,557.0,560.0,565.0,575.0,587.0,589.0,594.0,598.0,637.0,657.0,664.0,679.0,686.0,687.0,710.0,721.0,753.0,760.0,764.0,767.0,773.0,784.0,801.0,810.0,853.0,862.0,881.0,921.0,951.0,955.0,963.0,985.0,985.0,993.0,
29.0,32.0,77.0,108.0,210.0,233.0,258.0,304.0,350.0,359.0,410.0,534.0,542.0,545.0,545.0,549.0,558.0,561.0,563.0,567.0,574.0,581.0,585.0,586.0,597.0,604.0,608.0,608.0,610.0,615.0,627.0,628.0,632.0,637.0,651.0,654.0,662.0,664.0,666.0,675.0,695.0,695.0,706.0,725.0,745.0,747.0,777.0,779.0,784.0,791.0,802.0,809.0,825.0,832.0,875.0,877.0,911.0,913.0,921.0,960.0,981.0,989.0,
7.0,13.0,17.0,66.0,141.0,161.0,199.0,208.0,212.0,225.0,264.0,295.0,392.0,392.0,423.0,434.0,439.0,443.0,459.0,476.0,479.0,482.0,505.0,510.0,522.0,535.0,539.0,544.0,545.0,558.0,564.0,567.0,580.0,581.0,582.0,583.0,583.0,586.0,603.0,608.0,610.0,612.0,638.0,638.0,642.0,651.0,668.0,679.0,681.0,691.0,703.0,705.0,710.0,711.0,715.0,719.0,746.0,751.0,782.0,783.0,784.0,789.0,829.0,861.0,863.0,863.0,867.0,873.0,875.0,898.0,901.0,903.0,913.0,919.0,922.0,923.0,935.0,941.0,959.0,966.0,988.0,
24.0,39.0,54.0,98.0,104.0,136.0,153.0,185.0,205.0,232.0,239.0,241.0,242.0,243.0,253.0,282.0,301.0,332.0,340.0,426.0,451.0,451.0,533.0,555.0,567.0,570.0,662.0,739.0,814.0,825.0,913.0,931.0,
13.0,61.0,74.0,103.0,110.0,141.0,145.0,150.0,209.0,223.0,280.0,314.0,325.0,332.0,359.0,412.0,417.0,429.0,430.0,492.0,493.0,541.0,547.0,570.0,583.0,596.0,622.0,683.0,689.0,727.0,750.0,782.0,795.0,822.0,836.0,875.0,883.0,887.0,951.0,956.0,982.0,
13.0,27.0,111.0,150.0,155.0,161.0,182.0,219.0,219.0,221.0,356.0,359.0,366.0,397.0,414.0,426.0,439.0,455.0,472.0,492.0,493.0,509.0,517.0,580.0,593.0,629.0,649.0,677.0,677.0,679.0,690.0,734.0,781.0,819.0,873.0,931.0,969.0,986.0,
56.0,65.0,65.0,76.0,121.0,123.0,124.0,126.0,140.0,152.0,176.0,195.0,196.0,253.0,301.0,306.0,326.0,366.0,393.0,424.0,438.0,472.0,547.0,554.0,555.0,575.0,575.0,599.0,602.0,607.0,608.0,638.0,669.0,713.0,717.0,796.0,925.0,941.0,946.0,951.0,
12.0,19.0,24.0,34.0,59.0,64.0,105.0,127.0,146.0,153.0,186.0,192.0,209.0,253.0,257.0,276.0,282.0,345.0,360.0,375.0,405.0,412.0,441.0,454.0,470.0,473.0,543.0,543.0,555.0,564.0,567.0,592.0,617.0,651.0,659.0,681.0,693.0,705.0,822.0,858.0,859.0,912.0,937.0,954.0,966.0,993.0,
26.0,79.0,121.0,128.0,154.0,160.0,275.0,276.0,290.0,305.0,368.0,436.0,448.0,450.0,455.0,498.0,510.0,519.0,530.0,532.0,542.0,545.0,545.0,546.0,553.0,559.0,560.0,569.0,570.0,583.0,594.0,598.0,609.0,611.0,617.0,623.0,639.0,665.0,682.0,682.0,693.0,699.0,702.0,726.0,728.0,770.0,771.0,772.0,778.0,798.0,811.0,812.0,825.0,827.0,841.0,857.0,875.0,877.0,894.0,899.0,912.0,920.0,940.0,956.0,958.0,982.0,988.0,996.0,998.0,
20.0,28.0,44.0,64.0,69.0,133.0,177.0,207.0,212.0,227.0,283.0,285.0,299.0,318.0,355.0,362.0,364.0,369.0,389.0,424.0,432.0,490.0,523.0,532.0,544.0,548.0,569.0,577.0,585.0,607.0,615.0,634.0,642.0,646.0,649.0,650.0,655.0,657.0,672.0,675.0,681.0,688.0,690.0,690.0,704.0,705.0,710.0,713.0,781.0,804.0,832.0,844.0,845.0,889.0,889.0,893.0,897.0,936.0,970.0,974.0,1000.0,
32.0,57.0,82.0,94.0,115.0,117.0,167.0,172.0,203.0,235.0,253.0,261.0,267.0,280.0,299.0,387.0,389.0,395.0,451.0,525.0,525.0,529.0,531.0,533.0,539.0,540.0,554.0,554.0,558.0,564.0,567.0,567.0,577.0,578.0,585.0,591.0,597.0,597.0,604.0,613.0,621.0,653.0,657.0,663.0,688.0,691.0,698.0,700.0,710.0,715.0,725.0,737.0,738.0,763.0,776.0,777.0,778.0,828.0,835.0,838.0,839.0,843.0,868.0,878.0,894.0,896.0,952.0,956.0,
54.0,84.0,108.0,130.0,143.0,182.0,241.0,312.0,352.0,400.0,476.0,487.0,530.0,530.0,538.0,539.0,541.0,546.0,549.0,551.0,554.0,555.0,555.0,556.0,564.0,565.0,568.0,569.0,570.0,574.0,575.0,575.0,580.0,581.0,610.0,612.0,614.0,630.0,643.0,644.0,657.0,715.0,731.0,734.0,756.0,764.0,771.0,775.0,777.0,787.0,790.0,798.0,827.0,852.0,858.0,868.0,878.0,895.0,895.0,902.0,925.0,941.0,974.0,
15.0,19.0,40.0,62.0,74.0,131.0,150.0,157.0,169.0,197.0,205.0,222.0,233.0,288.0,301.0,314.0,340.0,345.0,370.0,418.0,433.0,468.0,490.0,498.0,503.0,521.0,522.0,530.0,534.0,539.0,542.0,547.0,570.0,576.0,580.0,585.0,586.0,603.0,607.0,607.0,611.0,634.0,639.0,648.0,650.0,651.0,686.0,686.0,696.0,704.0,706.0,709.0,721.0,731.0,737.0,739.0,740.0,754.0,760.0,760.0,767.0,768.0,795.0,814.0,821.0,847.0,878.0,915.0,925.0,931.0,954.0,966.0,996.0,
40.0,116.0,151.0,236.0,244.0,267.0,280.0,290.0,315.0,324.0,381.0,384.0,443.0,520.0,526.0,528.0,543.0,561.0,563.0,578.0,598.0,610.0,654.0,664.0,713.0,740.0,742.0,766.0,783.0,808.0,882.0,882.0,911.0,940.0,994.0,998.0,
7.0,20.0,24.0,28.0,45.0,94.0,115.0,120.0,121.0,136.0,170.0,205.0,254.0,258.0,269.0,302.0,343.0,356.0,374.0,374.0,377.0,441.0,456.0,467.0,485.0,498.0,507.0,576.0,586.0,606.0,618.0,650.0,662.0,716.0,717.0,770.0,817.0,903.0,923.0,925.0,958.0,1000.0,
12.0,14.0,38.0,47.0,66.0,82.0,177.0,254.0,264.0,291.0,293.0,351.0,396.0,411.0,425.0,439.0,611.0,624.0,711.0,744.0,746.0,768.0,786.0,807.0,840.0,934.0,963.0,
17.0,101.0,144.0,193.0,226.0,226.0,247.0,250.0,267.0,314.0,316.0,353.0,383.0,403.0,411.0,439.0,458.0,464.0,479.0,499.0,501.0,521.0,521.0,529.0,530.0,541.0,613.0,614.0,634.0,717.0,746.0,796.0,802.0,860.0,888.0,970.0,988.0,
25.0,59.0,80.0,150.0,150.0,151.0,186.0,212.0,223.0,233.0,248.0,297.0,304.0,320.0,392.0,462.0,472.0,489.0,521.0,526.0,529.0,543.0,550.0,564.0,572.0,574.0,637.0,692.0,695.0,737.0,810.0,839.0,862.0,875.0,876.0,908.0,912.0,965.0,983.0,
12.0,49.0,58.0,60.0,62.0,71.0,121.0,133.0,140.0,178.0,220.0,313.0,341.0,400.0,402.0,418.0,420.0,427.0,442.0,444.0,483.0,484.0,490.0,528.0,535.0,542.0,549.0,552.0,558.0,558.0,563.0,570.0,570.0,575.0,581.0,584.0,584.0,584.0,584.0,586.0,588.0,594.0,601.0,609.0,611.0,616.0,617.0,625.0,625.0,628.0,632.0,635.0,635.0,636.0,639.0,639.0,651.0,651.0,658.0,662.0,675.0,678.0,703.0,706.0,725.0,725.0,742.0,748.0,753.0,774.0,780.0,797.0,878.0,888.0,902.0,909.0,911.0,917.0,918.0,919.0,926.0,934.0,947.0,958.0,962.0,963.0,974.0,
18.0,59.0,63.0,94.0,118.0,130.0,140.0,153.0,176.0,184.0,200.0,225.0,271.0,325.0,334.0,368.0,377.0,388.0,394.0,399.0,517.0,521.0,523.0,532.0,532.0,533.0,534.0,535.0,542.0,542.0,546.0,552.0,561.0,571.0,580.0,584.0,590.0,593.0,594.0,599.0,623.0,633.0,657.0,664.0,674.0,684.0,686.0,686.0,689.0,736.0,736.0,741.0,745.0,746.0,751.0,754.0,790.0,820.0,820.0,824.0,829.0,852.0,880.0,891.0,893.0,911.0,915.0,987.0,
161.0,168.0,180.0,222.0,249.0,254.0,256.0,260.0,260.0,290.0,349.0,369.0,380.0,402.0,404.0,408.0,442.0,451.0,517.0,529.0,537.0,537.0,537.0,553.0,553.0,561.0,565.0,570.0,570.0,584.0,585.0,621.0,636.0,646.0,650.0,663.0,667.0,671.0,704.0,714.0,721.0,741.0,785.0,811.0,832.0,840.0,887.0,891.0,892.0,896.0,938.0,947.0,953.0,971.0,994.0,
2.0,9.0,30.0,75.0,102.0,113.0,132.0,156.0,165.0,200.0,204.0,209.0,231.0,242.0,251.0,257.0,258.0,316.0,325.0,340.0,349.0,388.0,420.0,440.0,469.0,514.0,519.0,527.0,539.0,554.0,559.0,562.0,569.0,573.0,580.0,584.0,585.0,586.0,588.0,595.0,597.0,603.0,606.0,610.0,611.0,614.0,620.0,630.0,633.0,654.0,654.0,661.0,665.0,668.0,675.0,683.0,692.0,699.0,719.0,721.0,733.0,736.0,737.0,740.0,755.0,757.0,760.0,804.0,821.0,829.0,838.0,847.0,884.0,909.0,926.0,941.0,960.0,963.0,969.0,985.0,
20.0,33.0,68.0,80.0,82.0,86.0,94.0,143.0,162.0,300.0,312.0,400.0,488.0,498.0,500.0,522.0,532.0,534.0,535.0,537.0,542.0,547.0,549.0,561.0,561.0,562.0,562.0,565.0,565.0,565.0,567.0,569.0,578.0,583.0,600.0,605.0,606.0,612.0,613.0,617.0,641.0,642.0,644.0,647.0,654.0,658.0,665.0,671.0,673.0,673.0,701.0,714.0,722.0,744.0,759.0,779.0,785.0,795.0,799.0,822.0,828.0,863.0,864.0,865.0,867.0,868.0,878.0,887.0,943.0,949.0,954.0,973.0,1000.0,
5.0,14.0,16.0,38.0,78.0,103.0,183.0,189.0,246.0,259.0,261.0,290.0,300.0,300.0,312.0,365.0,372.0,408.0,452.0,516.0,529.0,531.0,561.0,569.0,579.0,589.0,590.0,625.0,635.0,649.0,670.0,678.0,817.0,834.0,871.0,881.0,904.0,951.0,952.0,961.0,965.0,983.0,
23.0,49.0,51.0,107.0,184.0,227.0,247.0,252.0,319.0,360.0,372.0,481.0,501.0,530.0,567.0,579.0,647.0,669.0,701.0,703.0,731.0,752.0,761.0,793.0,805.0,811.0,815.0,855.0,870.0,875.0,911.0,927.0,
11.0,14.0,19.0,34.0,68.0,130.0,158.0,177.0,194.0,247.0,260.0,327.0,350.0,433.0,434.0,463.0,528.0,650.0,665.0,675.0,691.0,711.0,782.0,884.0,925.0,954.0,993.0,995.0,
2.0,11.0,30.0,122.0,127.0,130.0,205.0,214.0,275.0,292.0,320.0,322.0,474.0,479.0,486.0,491.0,509.0,512.0,532.0,554.0,571.0,685.0,690.0,740.0,760.0,846.0,892.0,961.0,982.0,988.0,
2.0,15.0,32.0,57.0,59.0,76.0,107.0,180.0,183.0,200.0,247.0,258.0,315.0,317.0,338.0,342.0,394.0,452.0,459.0,469.0,512.0,532.0,555.0,583.0,634.0,674.0,706.0,723.0,867.0,965.0,
19.0,49.0,51.0,71.0,90.0,106.0,108.0,109.0,138.0,178.0,184.0,260.0,262.0,270.0,332.0,353.0,392.0,409.0,485.0,508.0,512.0,524.0,531.0,535.0,535.0,539.0,546.0,560.0,563.0,570.0,576.0,581.0,586.0,604.0,622.0,644.0,703.0,719.0,722.0,737.0,754.0,782.0,797.0,838.0,886.0,894.0,922.0,945.0,957.0,
43.0,49.0,75.0,103.0,128.0,128.0,154.0,177.0,220.0,225.0,230.0,258.0,265.0,278.0,293.0,304.0,339.0,378.0,386.0,387.0,397.0,403.0,427.0,440.0,507.0,521.0,525.0,526.0,526.0,531.0,531.0,535.0,537.0,539.0,541.0,542.0,542.0,552.0,553.0,555.0,559.0,567.0,577.0,588.0,594.0,600.0,601.0,608.0,621.0,622.0,637.0,641.0,658.0,687.0,693.0,695.0,695.0,704.0,718.0,720.0,726.0,743.0,754.0,758.0,773.0,776.0,778.0,782.0,799.0,826.0,828.0,832.0,843.0,854.0,874.0,948.0,970.0,988.0,991.0,
39.0,71.0,84.0,86.0,114.0,115.0,155.0,213.0,235.0,258.0,285.0,331.0,352.0,357.0,366.0,483.0,494.0,525.0,532.0,542.0,542.0,547.0,551.0,554.0,555.0,562.0,563.0,572.0,583.0,591.0,593.0,601.0,607.0,611.0,615.0,617.0,621.0,628.0,640.0,651.0,668.0,680.0,684.0,687.0,704.0,714.0,720.0,734.0,750.0,787.0,805.0,808.0,810.0,815.0,827.0,843.0,843.0,852.0,868.0,873.0,893.0,920.0,924.0,929.0,933.0,959.0,976.0,996.0,
24.0,24.0,33.0,35.0,94.0,107.0,162.0,190.0,218.0,299.0,344.0,365.0,488.0,500.0,519.0,524.0,529.0,532.0,534.0,535.0,535.0,541.0,542.0,548.0,568.0,570.0,587.0,595.0,611.0,632.0,633.0,636.0,643.0,646.0,648.0,662.0,703.0,707.0,732.0,733.0,735.0,752.0,753.0,761.0,769.0,773.0,780.0,793.0,800.0,826.0,833.0,891.0,899.0,907.0,910.0,914.0,928.0,935.0,951.0,978.0,986.0,
19.0,28.0,64.0,131.0,159.0,163.0,164.0,198.0,254.0,280.0,290.0,310.0,337.0,340.0,347.0,350.0,377.0,411.0,477.0,523.0,532.0,558.0,564.0,577.0,589.0,604.0,608.0,621.0,624.0,636.0,641.0,650.0,681.0,686.0,737.0,757.0,773.0,800.0,812.0,817.0,836.0,857.0,861.0,867.0,928.0,948.0,963.0,
12.0,41.0,43.0,76.0,113.0,160.0,277.0,302.0,330.0,331.0,368.0,393.0,408.0,414.0,414.0,452.0,465.0,502.0,512.0,526.0,543.0,590.0,630.0,760.0,760.0,771.0,794.0,930.0,998.0,
16.0,35.0,67.0,67.0,138.0,139.0,148.0,172.0,212.0,223.0,236.0,251.0,262.0,268.0,278.0,345.0,355.0,371.0,387.0,392.0,392.0,402.0,402.0,590.0,647.0,695.0,720.0,724.0,773.0,796.0,812.0,812.0,836.0,877.0,895.0,903.0,910.0,925.0,931.0,
15.0,16.0,64.0,78.0,117.0,202.0,219.0,244.0,291.0,353.0,377.0,393.0,395.0,406.0,427.0,488.0,490.0,505.0,547.0,623.0,632.0,669.0,671.0,679.0,706.0,707.0,717.0,724.0,755.0,825.0,827.0,857.0,869.0,875.0,910.0,964.0,976.0,
35.0,59.0,137.0,140.0,144.0,176.0,179.0,193.0,215.0,242.0,251.0,267.0,295.0,302.0,307.0,399.0,441.0,476.0,480.0,491.0,552.0,583.0,588.0,604.0,622.0,630.0,640.0,696.0,766.0,814.0,842.0,872.0,912.0,925.0,930.0,937.0,947.0,971.0,
31.0,51.0,98.0,113.0,129.0,153.0,165.0,178.0,189.0,212.0,225.0,239.0,260.0,302.0,337.0,342.0,373.0,389.0,390.0,398.0,403.0,413.0,424.0,440.0,501.0,508.0,511.0,531.0,547.0,559.0,567.0,606.0,774.0,797.0,864.0,962.0,
13.0,177.0,183.0,244.0,270.0,418.0,530.0,536.0,542.0,574.0,615.0,623.0,630.0,635.0,694.0,724.0,821.0,825.0,941.0,954.0,957.0,
77.0,113.0,120.0,151.0,161.0,184.0,193.0,210.0,228.0,237.0,248.0,269.0,287.0,289.0,313.0,329.0,412.0,450.0,499.0,514.0,525.0,530.0,532.0,555.0,631.0,638.0,640.0,649.0,718.0,728.0,748.0,786.0,813.0,814.0,825.0,826.0,838.0,870.0,877.0,906.0,919.0,968.0,
27.0,80.0,88.0,126.0,141.0,190.0,291.0,295.0,302.0,332.0,394.0,410.0,474.0,478.0,484.0,503.0,534.0,565.0,594.0,598.0,599.0,642.0,653.0,673.0,674.0,695.0,713.0,736.0,758.0,769.0,773.0,794.0,813.0,860.0,875.0,878.0,880.0,889.0,960.0,
13.0,31.0,108.0,157.0,249.0,255.0,259.0,260.0,271.0,277.0,316.0,417.0,420.0,428.0,457.0,459.0,532.0,566.0,586.0,625.0,654.0,674.0,689.0,724.0,749.0,776.0,824.0,837.0,892.0,914.0,953.0,995.0,
5.0,11.0,44.0,102.0,122.0,137.0,200.0,202.0,235.0,257.0,269.0,277.0,304.0,315.0,329.0,338.0,344.0,412.0,432.0,481.0,483.0,510.0,512.0,559.0,602.0,602.0,618.0,632.0,656.0,662.0,687.0,738.0,809.0,866.0,889.0,926.0,962.0,
80.0,106.0,126.0,142.0,158.0,169.0,172.0,185.0,197.0,225.0,228.0,247.0,297.0,300.0,317.0,320.0,328.0,425.0,494.0,502.0,525.0,528.0,538.0,542.0,573.0,610.0,613.0,614.0,630.0,631.0,695.0,740.0,747.0,790.0,843.0,896.0,996.0,
19.0,26.0,41.0,45.0,97.0,120.0,121.0,123.0,134.0,178.0,202.0,209.0,218.0,220.0,283.0,288.0,302.0,346.0,422.0,437.0,439.0,441.0,448.0,484.0,501.0,513.0,529.0,538.0,547.0,568.0,573.0,624.0,633.0,655.0,664.0,702.0,766.0,779.0,813.0,821.0,862.0,919.0,928.0,945.0,960.0,984.0,
38.0,44.0,49.0,75.0,82.0,141.0,166.0,188.0,200.0,205.0,215.0,235.0,257.0,262.0,278.0,310.0,351.0,380.0,388.0,423.0,440.0,454.0,467.0,471.0,481.0,482.0,505.0,558.0,691.0,702.0,772.0,813.0,853.0,870.0,902.0,912.0,976.0,
24.0,68.0,84.0,120.0,125.0,145.0,174.0,174.0,190.0,193.0,213.0,225.0,237.0,246.0,258.0,268.0,270.0,339.0,413.0,426.0,478.0,537.0,575.0,606.0,630.0,637.0,656.0,687.0,701.0,741.0,780.0,795.0,849.0,877.0,975.0,984.0,997.0,
22.0,22.0,54.0,69.0,78.0,85.0,160.0,205.0,223.0,238.0,254.0,259.0,274.0,293.0,306.0,320.0,341.0,380.0,388.0,410.0,424.0,459.0,461.0,525.0,528.0,538.0,572.0,586.0,603.0,619.0,637.0,637.0,651.0,745.0,759.0,769.0,903.0,934.0,940.0,971.0,972.0,993.0,
30.0,32.0,176.0,178.0,206.0,249.0,267.0,291.0,298.0,299.0,323.0,332.0,357.0,400.0,415.0,420.0,423.0,428.0,449.0,483.0,503.0,578.0,636.0,676.0,687.0,749.0,757.0,778.0,793.0,824.0,835.0,857.0,858.0,927.0,938.0,961.0,999.0,1000.0,
78.0,84.0,86.0,105.0,116.0,124.0,143.0,155.0,196.0,201.0,285.0,309.0,404.0,432.0,439.0,453.0,515.0,523.0,567.0,574.0,589.0,593.0,709.0,723.0,724.0,728.0,744.0,889.0,
16.0,54.0,104.0,116.0,146.0,173.0,182.0,219.0,225.0,281.0,296.0,318.0,407.0,455.0,476.0,498.0,504.0,559.0,627.0,636.0,642.0,647.0,659.0,697.0,735.0,743.0,765.0,788.0,792.0,797.0,811.0,817.0,947.0,968.0,
44.0,73.0,149.0,172.0,172.0,198.0,205.0,221.0,226.0,272.0,274.0,275.0,288.0,295.0,309.0,353.0,378.0,432.0,458.0,469.0,475.0,481.0,491.0,526.0,529.0,551.0,554.0,595.0,619.0,621.0,780.0,799.0,841.0,844.0,846.0,849.0,872.0,881.0,886.0,918.0,921.0,985.0,986.0,
65.0,86.0,113.0,115.0,167.0,176.0,187.0,196.0,221.0,261.0,360.0,361.0,371.0,472.0,505.0,581.0,596.0,624.0,654.0,670.0,758.0,759.0,773.0,782.0,786.0,798.0,821.0,880.0,891.0,940.0,948.0,958.0,963.0,983.0,994.0,
38.0,60.0,66.0,70.0,121.0,125.0,149.0,163.0,213.0,270.0,312.0,362.0,389.0,398.0,423.0,464.0,481.0,492.0,518.0,553.0,563.0,594.0,630.0,644.0,670.0,682.0,712.0,777.0,829.0,883.0,899.0,998.0,
3.0,17.0,34.0,47.0,52.0,57.0,60.0,63.0,140.0,162.0,223.0,234.0,247.0,307.0,317.0,331.0,335.0,413.0,430.0,451.0,456.0,461.0,467.0,471.0,472.0,475.0,498.0,506.0,575.0,578.0,600.0,683.0,718.0,737.0,760.0,778.0,797.0,798.0,813.0,829.0,858.0,904.0,917.0,
