17.0,40.0,45.0,66.0,71.0,117.0,125.0,133.0,135.0,141.0,166.0,174.0,269.0,301.0,319.0,329.0,335.0,376.0,378.0,387.0,450.0,515.0,527.0,589.0,608.0,652.0,656.0,686.0,697.0,719.0,761.0,826.0,830.0,868.0,875.0,888.0,894.0,906.0,959.0,
3.0,10.0,37.0,104.0,136.0,216.0,224.0,232.0,236.0,242.0,253.0,257.0,268.0,320.0,366.0,377.0,408.0,414.0,419.0,431.0,438.0,454.0,454.0,463.0,556.0,567.0,589.0,590.0,590.0,596.0,645.0,665.0,737.0,748.0,799.0,838.0,866.0,880.0,931.0,939.0,965.0,966.0,977.0,988.0,
13.0,22.0,23.0,52.0,54.0,115.0,134.0,147.0,176.0,209.0,259.0,282.0,287.0,291.0,310.0,317.0,357.0,440.0,471.0,534.0,537.0,603.0,603.0,641.0,702.0,705.0,723.0,733.0,748.0,790.0,834.0,835.0,838.0,863.0,894.0,912.0,975.0,985.0,
13.0,96.0,101.0,111.0,115.0,126.0,255.0,291.0,322.0,337.0,355.0,376.0,380.0,382.0,417.0,433.0,473.0,492.0,518.0,519.0,523.0,595.0,597.0,621.0,625.0,676.0,696.0,777.0,802.0,843.0,853.0,868.0,918.0,955.0,
70.0,207.0,212.0,245.0,283.0,294.0,300.0,329.0,336.0,361.0,385.0,398.0,432.0,492.0,500.0,509.0,542.0,548.0,593.0,598.0,609.0,650.0,652.0,678.0,708.0,737.0,741.0,757.0,764.0,775.0,777.0,778.0,785.0,834.0,912.0,915.0,924.0,943.0,960.0,964.0,983.0,
3.0,50.0,122.0,134.0,135.0,140.0,155.0,172.0,194.0,209.0,230.0,235.0,296.0,306.0,322.0,364.0,382.0,385.0,386.0,416.0,421.0,473.0,480.0,498.0,528.0,551.0,600.0,614.0,629.0,642.0,658.0,711.0,715.0,724.0,743.0,764.0,764.0,780.0,787.0,856.0,909.0,910.0,913.0,914.0,942.0,
69.0,85.0,147.0,227.0,233.0,239.0,273.0,299.0,327.0,396.0,461.0,467.0,471.0,499.0,536.0,562.0,571.0,587.0,617.0,652.0,727.0,749.0,751.0,799.0,836.0,940.0,950.0,960.0,
18.0,26.0,35.0,66.0,125.0,164.0,168.0,175.0,176.0,182.0,207.0,271.0,343.0,361.0,385.0,397.0,410.0,430.0,451.0,453.0,475.0,480.0,526.0,588.0,615.0,671.0,706.0,707.0,711.0,711.0,747.0,763.0,787.0,801.0,803.0,820.0,879.0,883.0,899.0,912.0,923.0,960.0,986.0,
31.0,59.0,92.0,94.0,117.0,132.0,140.0,163.0,186.0,194.0,219.0,266.0,296.0,317.0,320.0,385.0,396.0,398.0,432.0,506.0,530.0,535.0,540.0,632.0,637.0,642.0,661.0,681.0,712.0,819.0,869.0,884.0,885.0,894.0,906.0,915.0,921.0,922.0,936.0,939.0,963.0,975.0,993.0,994.0,
23.0,53.0,78.0,80.0,89.0,107.0,153.0,167.0,240.0,273.0,306.0,306.0,341.0,342.0,498.0,504.0,510.0,537.0,578.0,591.0,606.0,636.0,654.0,670.0,698.0,712.0,717.0,794.0,853.0,884.0,885.0,920.0,920.0,950.0,993.0,
43.0,88.0,88.0,113.0,185.0,193.0,255.0,266.0,281.0,286.0,318.0,320.0,341.0,356.0,425.0,445.0,521.0,530.0,544.0,570.0,585.0,636.0,684.0,684.0,702.0,704.0,756.0,819.0,834.0,848.0,908.0,921.0,925.0,949.0,
26.0,49.0,124.0,129.0,167.0,178.0,250.0,314.0,321.0,350.0,356.0,372.0,395.0,406.0,424.0,476.0,501.0,531.0,531.0,565.0,572.0,632.0,675.0,697.0,699.0,702.0,722.0,767.0,801.0,857.0,864.0,864.0,869.0,875.0,878.0,930.0,970.0,
16.0,16.0,38.0,45.0,62.0,68.0,102.0,113.0,120.0,128.0,164.0,200.0,204.0,217.0,224.0,307.0,318.0,331.0,335.0,364.0,372.0,380.0,473.0,476.0,495.0,499.0,505.0,574.0,587.0,587.0,594.0,663.0,745.0,833.0,851.0,866.0,892.0,896.0,896.0,898.0,903.0,906.0,916.0,928.0,945.0,957.0,981.0,998.0,
75.0,144.0,158.0,185.0,223.0,260.0,263.0,267.0,294.0,295.0,328.0,360.0,374.0,379.0,380.0,420.0,455.0,497.0,503.0,545.0,558.0,588.0,596.0,632.0,643.0,714.0,777.0,815.0,815.0,827.0,851.0,862.0,869.0,870.0,889.0,890.0,893.0,894.0,965.0,983.0,
5.0,9.0,16.0,57.0,73.0,109.0,133.0,154.0,159.0,187.0,213.0,229.0,234.0,311.0,380.0,497.0,514.0,531.0,570.0,647.0,652.0,718.0,723.0,864.0,876.0,904.0,959.0,961.0,968.0,976.0,999.0,
11.0,14.0,53.0,134.0,147.0,228.0,297.0,328.0,337.0,372.0,413.0,414.0,457.0,469.0,471.0,529.0,536.0,563.0,643.0,674.0,685.0,687.0,720.0,731.0,748.0,829.0,832.0,879.0,915.0,
47.0,64.0,111.0,143.0,179.0,189.0,192.0,207.0,213.0,240.0,335.0,346.0,372.0,417.0,432.0,457.0,461.0,489.0,529.0,534.0,571.0,583.0,610.0,659.0,725.0,754.0,755.0,757.0,772.0,776.0,931.0,940.0,994.0,
40.0,107.0,135.0,144.0,170.0,193.0,269.0,270.0,281.0,290.0,315.0,373.0,388.0,449.0,467.0,500.0,513.0,521.0,628.0,666.0,679.0,692.0,694.0,727.0,744.0,786.0,960.0,
55.0,63.0,69.0,82.0,83.0,92.0,95.0,113.0,115.0,118.0,157.0,207.0,218.0,224.0,241.0,295.0,331.0,339.0,412.0,431.0,469.0,481.0,482.0,503.0,514.0,525.0,555.0,568.0,599.0,713.0,717.0,747.0,750.0,768.0,769.0,783.0,807.0,862.0,871.0,880.0,985.0,
88.0,103.0,150.0,156.0,169.0,195.0,197.0,203.0,264.0,372.0,420.0,421.0,437.0,448.0,459.0,498.0,537.0,563.0,592.0,608.0,609.0,659.0,669.0,676.0,678.0,680.0,681.0,692.0,703.0,710.0,728.0,765.0,812.0,835.0,872.0,906.0,908.0,910.0,921.0,948.0,958.0,969.0,
12.0,24.0,28.0,42.0,47.0,53.0,57.0,131.0,194.0,240.0,257.0,262.0,377.0,378.0,378.0,379.0,399.0,432.0,433.0,444.0,470.0,480.0,498.0,522.0,559.0,573.0,605.0,629.0,676.0,693.0,700.0,710.0,730.0,822.0,825.0,848.0,852.0,902.0,910.0,933.0,946.0,951.0,956.0,985.0,992.0,
53.0,61.0,96.0,115.0,127.0,133.0,154.0,229.0,234.0,245.0,255.0,296.0,360.0,471.0,541.0,571.0,579.0,618.0,631.0,646.0,694.0,717.0,733.0,756.0,774.0,789.0,808.0,826.0,839.0,896.0,903.0,923.0,942.0,966.0,988.0,996.0,
13.0,15.0,51.0,52.0,65.0,69.0,70.0,190.0,213.0,329.0,332.0,337.0,345.0,374.0,381.0,390.0,431.0,439.0,474.0,482.0,499.0,593.0,616.0,647.0,652.0,657.0,728.0,775.0,783.0,785.0,838.0,931.0,956.0,959.0,990.0,
4.0,42.0,94.0,113.0,131.0,149.0,195.0,245.0,275.0,281.0,291.0,337.0,378.0,528.0,546.0,546.0,630.0,642.0,710.0,718.0,761.0,763.0,785.0,788.0,818.0,884.0,950.0,
2.0,51.0,59.0,105.0,132.0,139.0,158.0,179.0,181.0,268.0,286.0,292.0,331.0,413.0,451.0,461.0,466.0,477.0,502.0,514.0,516.0,544.0,544.0,560.0,574.0,606.0,646.0,693.0,700.0,709.0,763.0,778.0,780.0,784.0,813.0,814.0,834.0,839.0,843.0,865.0,914.0,935.0,945.0,959.0,964.0,990.0,993.0,
40.0,85.0,95.0,124.0,130.0,170.0,241.0,254.0,257.0,277.0,313.0,318.0,372.0,391.0,460.0,470.0,537.0,574.0,612.0,613.0,635.0,639.0,657.0,662.0,686.0,726.0,734.0,795.0,798.0,856.0,873.0,883.0,889.0,895.0,904.0,981.0,990.0,994.0,999.0,
3.0,17.0,28.0,52.0,65.0,69.0,73.0,78.0,115.0,126.0,137.0,182.0,185.0,195.0,201.0,205.0,228.0,238.0,266.0,309.0,346.0,346.0,351.0,358.0,377.0,384.0,396.0,416.0,480.0,494.0,505.0,527.0,533.0,546.0,546.0,556.0,580.0,617.0,657.0,674.0,703.0,741.0,742.0,752.0,774.0,812.0,835.0,859.0,913.0,927.0,947.0,949.0,959.0,967.0,978.0,
144.0,152.0,171.0,185.0,239.0,252.0,296.0,301.0,308.0,312.0,317.0,347.0,357.0,391.0,418.0,462.0,472.0,531.0,533.0,567.0,575.0,627.0,633.0,698.0,859.0,968.0,
3.0,25.0,46.0,74.0,168.0,186.0,191.0,235.0,271.0,367.0,371.0,484.0,489.0,499.0,521.0,529.0,560.0,585.0,621.0,816.0,824.0,834.0,837.0,861.0,889.0,931.0,949.0,987.0,992.0,
8.0,10.0,13.0,14.0,28.0,31.0,68.0,107.0,120.0,121.0,131.0,139.0,203.0,214.0,277.0,314.0,365.0,374.0,453.0,459.0,461.0,489.0,501.0,662.0,666.0,670.0,671.0,775.0,890.0,895.0,907.0,916.0,979.0,988.0,989.0,
10.0,11.0,45.0,49.0,61.0,62.0,99.0,109.0,121.0,151.0,199.0,208.0,245.0,301.0,346.0,389.0,442.0,461.0,477.0,493.0,550.0,610.0,691.0,695.0,746.0,834.0,851.0,887.0,898.0,940.0,940.0,948.0,
5.0,57.0,64.0,91.0,102.0,105.0,147.0,212.0,265.0,298.0,312.0,321.0,353.0,364.0,388.0,413.0,416.0,421.0,449.0,467.0,604.0,649.0,656.0,658.0,684.0,696.0,757.0,778.0,783.0,825.0,851.0,937.0,945.0,950.0,978.0,
66.0,70.0,74.0,77.0,95.0,145.0,172.0,178.0,248.0,258.0,313.0,325.0,350.0,459.0,475.0,508.0,581.0,589.0,721.0,725.0,807.0,835.0,888.0,946.0,966.0,
72.0,82.0,84.0,94.0,118.0,145.0,197.0,251.0,347.0,354.0,356.0,375.0,412.0,455.0,468.0,507.0,522.0,525.0,536.0,537.0,541.0,547.0,574.0,576.0,588.0,592.0,624.0,659.0,698.0,709.0,727.0,733.0,777.0,796.0,875.0,878.0,901.0,931.0,942.0,948.0,962.0,995.0,
62.0,62.0,84.0,105.0,121.0,132.0,177.0,192.0,225.0,244.0,248.0,256.0,282.0,282.0,303.0,344.0,396.0,416.0,467.0,476.0,518.0,524.0,527.0,535.0,544.0,549.0,554.0,572.0,578.0,582.0,582.0,589.0,625.0,625.0,625.0,641.0,643.0,650.0,660.0,660.0,664.0,673.0,674.0,674.0,679.0,686.0,695.0,699.0,701.0,706.0,712.0,716.0,733.0,734.0,736.0,741.0,750.0,760.0,799.0,811.0,831.0,831.0,847.0,862.0,868.0,881.0,909.0,911.0,916.0,933.0,936.0,940.0,944.0,953.0,953.0,958.0,960.0,963.0,972.0,979.0,991.0,992.0,994.0,995.0,1000.0,
12.0,20.0,33.0,37.0,53.0,82.0,121.0,135.0,168.0,269.0,285.0,303.0,306.0,307.0,361.0,378.0,465.0,477.0,482.0,487.0,492.0,510.0,513.0,524.0,536.0,551.0,552.0,552.0,565.0,571.0,572.0,578.0,580.0,596.0,606.0,609.0,633.0,653.0,654.0,685.0,703.0,711.0,727.0,728.0,736.0,760.0,809.0,817.0,848.0,856.0,865.0,870.0,888.0,890.0,914.0,921.0,935.0,935.0,949.0,952.0,955.0,969.0,973.0,973.0,974.0,994.0,
32.0,37.0,86.0,88.0,155.0,163.0,166.0,169.0,191.0,195.0,261.0,264.0,288.0,308.0,351.0,367.0,383.0,400.0,421.0,430.0,463.0,484.0,487.0,495.0,535.0,537.0,540.0,541.0,541.0,548.0,554.0,559.0,584.0,589.0,592.0,594.0,595.0,604.0,616.0,622.0,632.0,644.0,678.0,690.0,702.0,707.0,713.0,713.0,718.0,726.0,729.0,732.0,733.0,749.0,777.0,782.0,793.0,803.0,822.0,832.0,832.0,849.0,868.0,896.0,900.0,907.0,936.0,952.0,955.0,961.0,996.0,
7.0,16.0,31.0,37.0,73.0,149.0,157.0,159.0,176.0,181.0,281.0,309.0,310.0,367.0,383.0,399.0,419.0,450.0,482.0,515.0,536.0,543.0,559.0,582.0,586.0,587.0,601.0,605.0,626.0,628.0,631.0,643.0,653.0,661.0,661.0,662.0,695.0,701.0,757.0,793.0,895.0,904.0,987.0,
27.0,40.0,67.0,105.0,152.0,153.0,198.0,270.0,330.0,355.0,402.0,416.0,429.0,486.0,490.0,514.0,521.0,521.0,564.0,575.0,578.0,599.0,603.0,655.0,737.0,774.0,877.0,894.0,926.0,929.0,966.0,
9.0,18.0,65.0,90.0,104.0,132.0,153.0,183.0,206.0,226.0,246.0,250.0,311.0,325.0,336.0,371.0,376.0,424.0,444.0,452.0,498.0,566.0,566.0,571.0,629.0,640.0,657.0,680.0,706.0,720.0,750.0,861.0,883.0,891.0,940.0,965.0,986.0,
11.0,62.0,100.0,114.0,202.0,218.0,258.0,263.0,276.0,346.0,382.0,402.0,445.0,447.0,472.0,475.0,544.0,563.0,631.0,632.0,639.0,665.0,699.0,728.0,731.0,733.0,736.0,775.0,853.0,885.0,900.0,903.0,942.0,977.0,988.0,999.0,1000.0,
13.0,40.0,65.0,81.0,81.0,130.0,135.0,148.0,165.0,182.0,183.0,225.0,242.0,259.0,320.0,387.0,425.0,432.0,438.0,473.0,507.0,534.0,569.0,595.0,600.0,650.0,678.0,680.0,684.0,684.0,728.0,757.0,762.0,765.0,830.0,841.0,862.0,874.0,917.0,935.0,952.0,
81.0,146.0,160.0,231.0,271.0,288.0,289.0,323.0,330.0,331.0,345.0,367.0,372.0,372.0,390.0,394.0,432.0,520.0,559.0,568.0,587.0,610.0,610.0,628.0,654.0,667.0,690.0,715.0,726.0,750.0,757.0,807.0,830.0,854.0,923.0,939.0,
7.0,17.0,40.0,50.0,91.0,116.0,130.0,135.0,160.0,189.0,194.0,292.0,317.0,328.0,333.0,379.0,391.0,419.0,434.0,498.0,531.0,535.0,543.0,544.0,546.0,558.0,559.0,563.0,569.0,569.0,573.0,589.0,592.0,593.0,596.0,610.0,614.0,615.0,636.0,641.0,642.0,647.0,673.0,679.0,690.0,712.0,741.0,756.0,763.0,766.0,803.0,807.0,820.0,825.0,830.0,833.0,851.0,859.0,874.0,892.0,900.0,905.0,915.0,924.0,925.0,961.0,989.0,999.0,
17.0,18.0,24.0,41.0,74.0,103.0,127.0,158.0,183.0,196.0,221.0,292.0,418.0,525.0,529.0,533.0,538.0,541.0,543.0,556.0,556.0,557.0,560.0,560.0,565.0,584.0,585.0,587.0,594.0,599.0,607.0,608.0,623.0,643.0,650.0,654.0,663.0,670.0,676.0,683.0,695.0,700.0,700.0,711.0,736.0,775.0,786.0,791.0,793.0,845.0,856.0,868.0,873.0,884.0,884.0,887.0,946.0,956.0,981.0,983.0,986.0,990.0,990.0,990.0,
14.0,23.0,72.0,85.0,97.0,151.0,178.0,184.0,223.0,236.0,297.0,301.0,322.0,393.0,466.0,514.0,519.0,522.0,533.0,535.0,535.0,536.0,543.0,550.0,551.0,553.0,564.0,570.0,594.0,598.0,607.0,622.0,624.0,632.0,632.0,669.0,674.0,679.0,680.0,683.0,694.0,695.0,703.0,707.0,710.0,719.0,731.0,756.0,757.0,759.0,763.0,767.0,777.0,782.0,795.0,802.0,825.0,828.0,831.0,834.0,836.0,837.0,858.0,860.0,903.0,915.0,925.0,969.0,989.0,990.0,994.0,
26.0,122.0,156.0,159.0,185.0,199.0,205.0,207.0,223.0,262.0,303.0,315.0,344.0,344.0,357.0,459.0,465.0,519.0,522.0,524.0,524.0,524.0,527.0,532.0,535.0,536.0,537.0,541.0,545.0,553.0,561.0,581.0,603.0,611.0,626.0,630.0,632.0,639.0,641.0,641.0,647.0,655.0,664.0,669.0,673.0,727.0,727.0,728.0,752.0,822.0,832.0,838.0,860.0,864.0,877.0,893.0,895.0,897.0,910.0,942.0,947.0,975.0,985.0,990.0,993.0,
11.0,29.0,46.0,126.0,170.0,174.0,185.0,199.0,314.0,343.0,360.0,366.0,415.0,455.0,483.0,499.0,517.0,520.0,528.0,542.0,547.0,549.0,564.0,584.0,586.0,587.0,597.0,600.0,610.0,634.0,636.0,636.0,646.0,671.0,672.0,679.0,682.0,703.0,706.0,712.0,719.0,742.0,750.0,751.0,751.0,757.0,762.0,767.0,770.0,786.0,875.0,979.0,997.0,
10.0,61.0,128.0,130.0,148.0,157.0,158.0,172.0,198.0,201.0,206.0,238.0,290.0,298.0,338.0,344.0,350.0,353.0,356.0,361.0,385.0,395.0,400.0,449.0,470.0,474.0,476.0,479.0,502.0,509.0,511.0,531.0,536.0,541.0,546.0,547.0,549.0,551.0,565.0,597.0,681.0,736.0,819.0,821.0,826.0,839.0,888.0,978.0,991.0,997.0,
6.0,20.0,186.0,211.0,214.0,215.0,225.0,260.0,264.0,361.0,404.0,420.0,446.0,461.0,515.0,530.0,540.0,542.0,606.0,670.0,674.0,693.0,699.0,702.0,784.0,793.0,889.0,906.0,910.0,916.0,933.0,989.0,
84.0,84.0,114.0,136.0,195.0,212.0,215.0,225.0,252.0,395.0,399.0,407.0,432.0,444.0,488.0,535.0,540.0,552.0,560.0,656.0,659.0,689.0,690.0,690.0,716.0,752.0,808.0,830.0,862.0,864.0,867.0,898.0,930.0,931.0,981.0,
46.0,110.0,191.0,247.0,248.0,266.0,274.0,283.0,292.0,374.0,428.0,452.0,485.0,495.0,501.0,534.0,543.0,544.0,575.0,611.0,665.0,695.0,707.0,717.0,730.0,831.0,839.0,850.0,851.0,878.0,880.0,944.0,995.0,997.0,
13.0,57.0,68.0,73.0,78.0,123.0,139.0,139.0,205.0,214.0,263.0,264.0,268.0,271.0,302.0,342.0,356.0,408.0,432.0,434.0,498.0,508.0,514.0,532.0,534.0,555.0,560.0,565.0,576.0,579.0,630.0,649.0,661.0,745.0,766.0,796.0,858.0,919.0,936.0,978.0,980.0,
11.0,14.0,30.0,71.0,93.0,133.0,194.0,209.0,211.0,212.0,219.0,274.0,296.0,318.0,340.0,380.0,396.0,402.0,417.0,445.0,451.0,520.0,520.0,530.0,534.0,536.0,541.0,550.0,557.0,559.0,560.0,563.0,566.0,567.0,567.0,600.0,608.0,612.0,627.0,628.0,632.0,653.0,654.0,667.0,668.0,698.0,715.0,717.0,725.0,735.0,757.0,761.0,806.0,821.0,824.0,826.0,840.0,845.0,855.0,866.0,887.0,896.0,929.0,942.0,947.0,956.0,985.0,993.0,
36.0,55.0,125.0,136.0,169.0,191.0,197.0,213.0,250.0,265.0,270.0,295.0,401.0,412.0,421.0,433.0,463.0,511.0,528.0,537.0,538.0,538.0,542.0,545.0,548.0,551.0,551.0,555.0,556.0,559.0,577.0,581.0,595.0,598.0,598.0,601.0,604.0,605.0,606.0,608.0,610.0,611.0,677.0,693.0,696.0,706.0,727.0,730.0,745.0,746.0,750.0,760.0,772.0,784.0,797.0,802.0,830.0,844.0,865.0,884.0,893.0,896.0,921.0,993.0,
2.0,5.0,71.0,83.0,99.0,107.0,113.0,137.0,142.0,150.0,209.0,233.0,249.0,306.0,342.0,345.0,360.0,372.0,427.0,473.0,478.0,500.0,516.0,519.0,530.0,549.0,556.0,565.0,569.0,584.0,586.0,590.0,595.0,606.0,614.0,625.0,628.0,629.0,630.0,632.0,636.0,640.0,643.0,662.0,670.0,673.0,676.0,683.0,712.0,713.0,715.0,750.0,755.0,760.0,760.0,771.0,793.0,816.0,832.0,841.0,896.0,908.0,928.0,935.0,952.0,975.0,979.0,999.0,
31.0,112.0,143.0,148.0,210.0,237.0,265.0,284.0,317.0,339.0,468.0,489.0,513.0,514.0,527.0,528.0,532.0,536.0,538.0,540.0,544.0,550.0,555.0,558.0,562.0,570.0,571.0,576.0,586.0,589.0,592.0,614.0,621.0,623.0,624.0,630.0,633.0,635.0,640.0,649.0,667.0,673.0,678.0,680.0,713.0,741.0,756.0,809.0,809.0,810.0,814.0,848.0,851.0,866.0,867.0,903.0,912.0,923.0,930.0,930.0,942.0,946.0,990.0,
11.0,40.0,46.0,54.0,123.0,135.0,164.0,179.0,190.0,234.0,234.0,238.0,254.0,262.0,266.0,267.0,281.0,335.0,339.0,345.0,401.0,468.0,473.0,476.0,522.0,523.0,530.0,533.0,535.0,538.0,544.0,549.0,549.0,558.0,566.0,567.0,572.0,575.0,576.0,584.0,588.0,589.0,591.0,591.0,594.0,620.0,628.0,638.0,642.0,654.0,668.0,685.0,692.0,697.0,715.0,735.0,742.0,755.0,771.0,771.0,783.0,790.0,807.0,824.0,892.0,908.0,918.0,933.0,945.0,953.0,979.0,980.0,987.0,1000.0,
10.0,55.0,145.0,188.0,205.0,211.0,240.0,247.0,263.0,348.0,365.0,408.0,434.0,449.0,463.0,474.0,477.0,515.0,543.0,547.0,571.0,590.0,594.0,641.0,642.0,643.0,655.0,705.0,737.0,738.0,774.0,784.0,799.0,859.0,879.0,996.0,
43.0,94.0,105.0,198.0,204.0,204.0,282.0,341.0,348.0,378.0,449.0,455.0,484.0,623.0,658.0,689.0,691.0,704.0,766.0,823.0,829.0,882.0,944.0,
10.0,43.0,55.0,114.0,133.0,161.0,172.0,291.0,315.0,329.0,364.0,373.0,381.0,394.0,409.0,415.0,510.0,528.0,546.0,606.0,656.0,656.0,678.0,694.0,709.0,717.0,725.0,805.0,823.0,834.0,895.0,917.0,929.0,973.0,975.0,979.0,990.0,
7.0,129.0,167.0,238.0,290.0,314.0,334.0,352.0,373.0,496.0,507.0,539.0,542.0,555.0,556.0,596.0,612.0,639.0,650.0,681.0,702.0,789.0,795.0,817.0,843.0,872.0,897.0,925.0,932.0,935.0,943.0,956.0,967.0,975.0,975.0,
23.0,65.0,87.0,148.0,211.0,260.0,303.0,313.0,318.0,337.0,345.0,366.0,398.0,406.0,453.0,489.0,493.0,506.0,512.0,520.0,527.0,531.0,550.0,558.0,559.0,585.0,586.0,589.0,676.0,689.0,699.0,758.0,767.0,820.0,922.0,960.0,
6.0,43.0,47.0,65.0,95.0,123.0,133.0,202.0,204.0,243.0,262.0,291.0,301.0,348.0,496.0,510.0,512.0,515.0,518.0,521.0,524.0,529.0,536.0,539.0,548.0,549.0,549.0,562.0,567.0,568.0,585.0,591.0,594.0,596.0,605.0,616.0,619.0,630.0,644.0,664.0,725.0,738.0,739.0,760.0,765.0,784.0,791.0,800.0,803.0,813.0,822.0,825.0,835.0,842.0,847.0,869.0,870.0,879.0,879.0,884.0,901.0,905.0,907.0,911.0,913.0,914.0,924.0,931.0,934.0,939.0,954.0,959.0,962.0,976.0,995.0,
50.0,96.0,97.0,126.0,179.0,184.0,195.0,201.0,207.0,228.0,238.0,311.0,374.0,425.0,436.0,461.0,462.0,467.0,478.0,485.0,493.0,520.0,525.0,530.0,531.0,540.0,547.0,550.0,556.0,559.0,565.0,575.0,588.0,592.0,596.0,596.0,600.0,614.0,618.0,621.0,635.0,642.0,654.0,660.0,677.0,695.0,699.0,702.0,703.0,706.0,709.0,711.0,719.0,724.0,741.0,746.0,759.0,763.0,765.0,766.0,771.0,773.0,781.0,805.0,819.0,820.0,841.0,844.0,865.0,878.0,929.0,970.0,975.0,977.0,982.0,999.0,
7.0,149.0,172.0,178.0,182.0,190.0,251.0,347.0,368.0,382.0,460.0,494.0,499.0,514.0,516.0,523.0,529.0,544.0,545.0,546.0,547.0,547.0,559.0,567.0,569.0,577.0,586.0,588.0,598.0,609.0,611.0,614.0,656.0,657.0,662.0,666.0,680.0,693.0,703.0,728.0,742.0,744.0,773.0,813.0,823.0,842.0,873.0,909.0,956.0,977.0,979.0,
3.0,17.0,21.0,52.0,130.0,143.0,195.0,226.0,252.0,315.0,361.0,370.0,378.0,413.0,429.0,446.0,487.0,498.0,513.0,515.0,528.0,529.0,538.0,542.0,547.0,548.0,558.0,563.0,563.0,564.0,567.0,570.0,570.0,575.0,579.0,580.0,588.0,598.0,606.0,610.0,611.0,618.0,623.0,627.0,631.0,678.0,692.0,693.0,741.0,748.0,749.0,757.0,767.0,771.0,780.0,786.0,803.0,821.0,858.0,888.0,906.0,911.0,942.0,950.0,951.0,968.0,998.0,
4.0,43.0,80.0,110.0,112.0,132.0,163.0,254.0,289.0,301.0,320.0,323.0,401.0,422.0,423.0,482.0,521.0,523.0,528.0,533.0,546.0,554.0,557.0,558.0,559.0,561.0,561.0,577.0,583.0,586.0,596.0,604.0,607.0,609.0,624.0,657.0,659.0,666.0,666.0,666.0,772.0,813.0,815.0,816.0,821.0,822.0,827.0,847.0,852.0,887.0,928.0,943.0,952.0,953.0,960.0,965.0,991.0,998.0,
12.0,27.0,57.0,71.0,86.0,124.0,147.0,167.0,233.0,247.0,404.0,411.0,441.0,444.0,449.0,504.0,518.0,561.0,566.0,580.0,583.0,584.0,585.0,600.0,637.0,674.0,687.0,800.0,828.0,847.0,878.0,940.0,987.0,996.0,998.0,
12.0,17.0,18.0,60.0,104.0,122.0,140.0,176.0,236.0,267.0,274.0,330.0,370.0,411.0,414.0,427.0,442.0,449.0,450.0,480.0,484.0,546.0,548.0,623.0,635.0,643.0,654.0,673.0,792.0,897.0,915.0,963.0,976.0,984.0,
14.0,22.0,49.0,54.0,69.0,106.0,114.0,158.0,179.0,227.0,262.0,287.0,292.0,309.0,323.0,331.0,362.0,384.0,408.0,425.0,473.0,551.0,585.0,621.0,633.0,655.0,689.0,702.0,709.0,768.0,790.0,845.0,865.0,920.0,949.0,985.0,986.0,986.0,991.0,
33.0,94.0,113.0,116.0,168.0,177.0,222.0,239.0,246.0,316.0,354.0,381.0,381.0,382.0,406.0,427.0,441.0,479.0,539.0,548.0,583.0,584.0,618.0,638.0,708.0,722.0,724.0,745.0,820.0,860.0,869.0,934.0,964.0,976.0,988.0,
16.0,22.0,77.0,87.0,161.0,172.0,197.0,206.0,225.0,267.0,283.0,293.0,332.0,379.0,388.0,418.0,452.0,462.0,474.0,491.0,519.0,611.0,657.0,727.0,750.0,787.0,832.0,893.0,921.0,921.0,942.0,945.0,946.0,954.0,997.0,999.0,
58.0,97.0,173.0,219.0,225.0,232.0,244.0,246.0,247.0,249.0,269.0,281.0,338.0,341.0,360.0,383.0,449.0,450.0,472.0,475.0,499.0,511.0,517.0,522.0,532.0,533.0,570.0,581.0,595.0,596.0,616.0,618.0,650.0,652.0,669.0,681.0,699.0,710.0,713.0,718.0,771.0,773.0,779.0,823.0,839.0,848.0,877.0,934.0,935.0,949.0,992.0,
23.0,41.0,45.0,56.0,71.0,74.0,83.0,137.0,154.0,176.0,236.0,280.0,289.0,312.0,316.0,339.0,344.0,347.0,349.0,393.0,398.0,412.0,459.0,480.0,484.0,513.0,526.0,529.0,534.0,537.0,541.0,542.0,545.0,568.0,569.0,569.0,569.0,574.0,576.0,577.0,580.0,599.0,612.0,613.0,614.0,621.0,624.0,626.0,647.0,650.0,655.0,667.0,670.0,682.0,685.0,686.0,689.0,697.0,702.0,706.0,712.0,722.0,734.0,760.0,779.0,785.0,786.0,815.0,829.0,842.0,848.0,857.0,860.0,864.0,867.0,877.0,896.0,898.0,905.0,929.0,930.0,934.0,959.0,960.0,990.0,
6.0,35.0,69.0,94.0,110.0,112.0,115.0,122.0,128.0,167.0,229.0,238.0,241.0,305.0,306.0,321.0,326.0,348.0,449.0,462.0,481.0,484.0,514.0,538.0,542.0,543.0,548.0,566.0,567.0,573.0,580.0,582.0,586.0,592.0,598.0,611.0,615.0,617.0,618.0,619.0,624.0,631.0,641.0,656.0,660.0,661.0,681.0,686.0,688.0,696.0,697.0,710.0,758.0,766.0,792.0,837.0,852.0,863.0,872.0,872.0,910.0,912.0,918.0,918.0,925.0,962.0,969.0,975.0,984.0,993.0,
50.0,58.0,67.0,80.0,90.0,98.0,99.0,119.0,154.0,159.0,181.0,213.0,280.0,281.0,287.0,342.0,373.0,432.0,442.0,445.0,454.0,462.0,464.0,476.0,479.0,501.0,515.0,529.0,531.0,535.0,537.0,539.0,542.0,543.0,551.0,554.0,555.0,574.0,583.0,612.0,623.0,627.0,648.0,657.0,670.0,709.0,714.0,751.0,758.0,763.0,772.0,797.0,800.0,820.0,823.0,830.0,841.0,856.0,878.0,892.0,898.0,927.0,927.0,934.0,936.0,963.0,977.0,983.0,
76.0,118.0,122.0,130.0,177.0,187.0,255.0,272.0,272.0,309.0,310.0,326.0,343.0,384.0,398.0,421.0,478.0,494.0,507.0,525.0,529.0,550.0,551.0,554.0,556.0,556.0,560.0,569.0,585.0,587.0,588.0,591.0,596.0,603.0,620.0,631.0,650.0,670.0,673.0,674.0,682.0,695.0,739.0,788.0,812.0,829.0,871.0,874.0,913.0,922.0,926.0,928.0,931.0,994.0,
187.0,225.0,248.0,256.0,274.0,280.0,289.0,294.0,335.0,365.0,373.0,391.0,412.0,438.0,457.0,458.0,470.0,488.0,548.0,709.0,742.0,952.0,967.0,
21.0,42.0,111.0,138.0,162.0,163.0,198.0,217.0,225.0,291.0,337.0,341.0,392.0,422.0,426.0,497.0,530.0,541.0,561.0,568.0,655.0,670.0,732.0,800.0,826.0,834.0,902.0,961.0,962.0,971.0,
47.0,125.0,150.0,199.0,218.0,245.0,249.0,284.0,288.0,324.0,334.0,385.0,395.0,438.0,445.0,455.0,528.0,531.0,553.0,560.0,584.0,584.0,623.0,654.0,690.0,720.0,729.0,766.0,777.0,789.0,802.0,825.0,887.0,897.0,911.0,931.0,
56.0,63.0,77.0,82.0,133.0,158.0,185.0,240.0,253.0,267.0,309.0,359.0,393.0,399.0,402.0,442.0,449.0,524.0,548.0,570.0,599.0,618.0,685.0,701.0,719.0,750.0,806.0,810.0,817.0,877.0,971.0,
13.0,19.0,72.0,155.0,187.0,188.0,188.0,192.0,193.0,220.0,233.0,237.0,238.0,241.0,275.0,319.0,330.0,398.0,424.0,440.0,483.0,511.0,547.0,561.0,578.0,639.0,644.0,693.0,703.0,764.0,765.0,766.0,802.0,803.0,855.0,905.0,918.0,962.0,978.0,999.0,
6.0,24.0,85.0,98.0,116.0,119.0,131.0,131.0,246.0,265.0,272.0,291.0,319.0,363.0,421.0,462.0,467.0,469.0,478.0,490.0,567.0,569.0,583.0,661.0,702.0,783.0,814.0,821.0,833.0,835.0,905.0,935.0,936.0,996.0,
26.0,28.0,149.0,183.0,184.0,199.0,270.0,273.0,287.0,289.0,302.0,345.0,367.0,391.0,414.0,435.0,460.0,468.0,486.0,517.0,531.0,531.0,544.0,583.0,641.0,652.0,664.0,703.0,752.0,763.0,778.0,788.0,797.0,829.0,834.0,908.0,951.0,
14.0,24.0,31.0,69.0,92.0,121.0,157.0,195.0,267.0,284.0,317.0,342.0,370.0,403.0,407.0,478.0,499.0,508.0,521.0,523.0,540.0,545.0,558.0,560.0,563.0,582.0,607.0,614.0,646.0,662.0,704.0,727.0,749.0,768.0,832.0,845.0,872.0,896.0,899.0,934.0,938.0,
27.0,30.0,33.0,84.0,116.0,139.0,175.0,177.0,213.0,214.0,217.0,226.0,238.0,246.0,315.0,317.0,400.0,408.0,496.0,526.0,620.0,688.0,702.0,753.0,800.0,810.0,836.0,839.0,862.0,885.0,895.0,980.0,987.0,
49.0,165.0,170.0,175.0,176.0,188.0,189.0,198.0,238.0,252.0,256.0,268.0,277.0,328.0,337.0,342.0,359.0,387.0,419.0,446.0,486.0,490.0,683.0,697.0,701.0,748.0,801.0,867.0,886.0,901.0,952.0,
20.0,24.0,47.0,57.0,62.0,78.0,151.0,185.0,200.0,202.0,218.0,248.0,259.0,281.0,333.0,345.0,358.0,384.0,474.0,512.0,577.0,580.0,623.0,626.0,647.0,654.0,674.0,679.0,685.0,698.0,775.0,864.0,919.0,922.0,952.0,994.0,
22.0,29.0,53.0,66.0,103.0,112.0,124.0,191.0,215.0,216.0,224.0,284.0,309.0,310.0,325.0,371.0,391.0,401.0,472.0,472.0,479.0,499.0,513.0,561.0,569.0,578.0,606.0,627.0,658.0,689.0,755.0,804.0,841.0,857.0,865.0,866.0,891.0,911.0,944.0,964.0,994.0,
20.0,31.0,52.0,87.0,114.0,195.0,226.0,228.0,229.0,314.0,327.0,348.0,348.0,358.0,377.0,447.0,481.0,487.0,508.0,523.0,530.0,540.0,549.0,587.0,590.0,604.0,606.0,646.0,724.0,727.0,779.0,826.0,854.0,928.0,960.0,
3.0,62.0,66.0,67.0,90.0,90.0,118.0,132.0,142.0,148.0,158.0,187.0,192.0,220.0,309.0,378.0,418.0,462.0,466.0,501.0,517.0,532.0,533.0,574.0,631.0,662.0,664.0,680.0,699.0,699.0,762.0,774.0,801.0,869.0,869.0,888.0,915.0,945.0,951.0,960.0,983.0,
23.0,53.0,56.0,106.0,107.0,168.0,181.0,184.0,201.0,229.0,257.0,261.0,263.0,319.0,338.0,345.0,399.0,424.0,501.0,504.0,529.0,538.0,543.0,549.0,599.0,644.0,648.0,737.0,785.0,801.0,807.0,807.0,813.0,822.0,854.0,881.0,908.0,912.0,915.0,932.0,958.0,
60.0,69.0,71.0,94.0,102.0,121.0,151.0,196.0,198.0,208.0,264.0,357.0,379.0,392.0,474.0,508.0,524.0,533.0,553.0,567.0,591.0,594.0,652.0,662.0,679.0,748.0,809.0,811.0,831.0,837.0,847.0,849.0,873.0,917.0,968.0,
5.0,13.0,14.0,96.0,182.0,184.0,190.0,211.0,223.0,242.0,245.0,303.0,307.0,308.0,325.0,342.0,351.0,364.0,410.0,412.0,438.0,473.0,501.0,517.0,558.0,640.0,704.0,719.0,870.0,877.0,903.0,922.0,945.0,949.0,966.0,987.0,
14.0,44.0,48.0,82.0,89.0,97.0,200.0,266.0,268.0,284.0,352.0,355.0,398.0,416.0,426.0,443.0,452.0,454.0,471.0,517.0,533.0,589.0,690.0,701.0,736.0,738.0,808.0,809.0,845.0,907.0,944.0,973.0,
8.0,9.0,30.0,89.0,92.0,119.0,124.0,192.0,196.0,211.0,243.0,243.0,335.0,339.0,415.0,428.0,472.0,500.0,502.0,532.0,538.0,544.0,565.0,572.0,573.0,605.0,616.0,619.0,661.0,744.0,760.0,780.0,784.0,808.0,858.0,896.0,923.0,937.0,983.0,997.0,
20.0,129.0,170.0,175.0,178.0,187.0,233.0,234.0,285.0,286.0,305.0,349.0,355.0,366.0,372.0,389.0,395.0,474.0,526.0,701.0,735.0,779.0,783.0,783.0,799.0,824.0,842.0,884.0,884.0,943.0,965.0,
19.0,46.0,53.0,56.0,67.0,83.0,106.0,108.0,132.0,138.0,142.0,142.0,161.0,227.0,228.0,252.0,252.0,276.0,302.0,351.0,390.0,446.0,450.0,498.0,505.0,540.0,559.0,567.0,580.0,605.0,617.0,622.0,635.0,649.0,671.0,672.0,681.0,692.0,703.0,746.0,747.0,760.0,768.0,771.0,772.0,774.0,894.0,895.0,928.0,961.0,970.0,
20.0,77.0,88.0,114.0,150.0,183.0,186.0,192.0,221.0,221.0,281.0,282.0,313.0,354.0,365.0,385.0,396.0,399.0,400.0,419.0,442.0,510.0,520.0,529.0,590.0,590.0,609.0,619.0,625.0,633.0,654.0,742.0,761.0,796.0,808.0,859.0,866.0,873.0,893.0,905.0,925.0,997.0,
