27.0,64.0,164.0,203.0,268.0,307.0,351.0,355.0,380.0,380.0,383.0,400.0,419.0,469.0,494.0,512.0,523.0,530.0,582.0,607.0,622.0,647.0,655.0,722.0,837.0,839.0,848.0,854.0,860.0,872.0,918.0,951.0,
23.0,30.0,174.0,188.0,211.0,280.0,313.0,339.0,361.0,368.0,420.0,432.0,452.0,460.0,469.0,474.0,515.0,517.0,520.0,523.0,534.0,571.0,578.0,580.0,593.0,618.0,658.0,695.0,703.0,711.0,771.0,792.0,816.0,842.0,844.0,859.0,892.0,916.0,991.0,
15.0,65.0,71.0,157.0,161.0,213.0,239.0,246.0,280.0,305.0,309.0,378.0,383.0,391.0,434.0,445.0,453.0,470.0,481.0,482.0,514.0,528.0,535.0,540.0,601.0,603.0,654.0,755.0,782.0,804.0,850.0,869.0,
12.0,33.0,37.0,41.0,61.0,74.0,118.0,121.0,158.0,245.0,263.0,298.0,321.0,355.0,371.0,455.0,500.0,536.0,549.0,578.0,641.0,643.0,654.0,686.0,784.0,817.0,835.0,855.0,857.0,862.0,887.0,941.0,974.0,992.0,
5.0,15.0,30.0,59.0,204.0,213.0,236.0,243.0,271.0,289.0,304.0,307.0,348.0,353.0,359.0,375.0,413.0,469.0,515.0,521.0,577.0,582.0,592.0,614.0,640.0,678.0,686.0,709.0,725.0,769.0,775.0,813.0,957.0,
7.0,36.0,110.0,257.0,322.0,324.0,370.0,396.0,398.0,452.0,487.0,540.0,569.0,619.0,625.0,632.0,642.0,659.0,692.0,695.0,697.0,704.0,709.0,735.0,778.0,779.0,875.0,894.0,902.0,
24.0,142.0,147.0,222.0,236.0,248.0,277.0,288.0,292.0,293.0,327.0,358.0,372.0,387.0,391.0,442.0,448.0,455.0,461.0,478.0,507.0,533.0,555.0,592.0,612.0,630.0,676.0,701.0,705.0,749.0,820.0,845.0,850.0,863.0,954.0,997.0,
23.0,44.0,44.0,74.0,147.0,150.0,185.0,198.0,236.0,236.0,276.0,301.0,362.0,364.0,381.0,438.0,449.0,471.0,471.0,484.0,551.0,576.0,611.0,620.0,676.0,733.0,738.0,743.0,745.0,776.0,812.0,827.0,842.0,869.0,869.0,932.0,939.0,971.0,
38.0,80.0,80.0,86.0,165.0,184.0,215.0,434.0,510.0,535.0,578.0,617.0,624.0,641.0,665.0,676.0,721.0,757.0,791.0,842.0,850.0,854.0,863.0,916.0,945.0,979.0,988.0,
6.0,10.0,26.0,39.0,53.0,61.0,156.0,167.0,175.0,188.0,224.0,224.0,224.0,230.0,234.0,263.0,287.0,323.0,325.0,344.0,344.0,358.0,411.0,415.0,420.0,466.0,506.0,518.0,624.0,638.0,644.0,654.0,692.0,705.0,712.0,779.0,793.0,809.0,924.0,945.0,984.0,991.0,
49.0,56.0,83.0,130.0,261.0,275.0,314.0,370.0,410.0,411.0,430.0,508.0,518.0,526.0,558.0,587.0,613.0,625.0,641.0,666.0,799.0,802.0,806.0,842.0,853.0,924.0,946.0,964.0,991.0,994.0,999.0,
9.0,66.0,76.0,77.0,81.0,86.0,155.0,170.0,193.0,263.0,302.0,311.0,319.0,348.0,393.0,425.0,438.0,502.0,514.0,516.0,540.0,548.0,566.0,585.0,642.0,706.0,727.0,749.0,752.0,760.0,769.0,797.0,853.0,872.0,922.0,934.0,940.0,952.0,959.0,975.0,995.0,998.0,
10.0,56.0,96.0,109.0,151.0,154.0,184.0,199.0,240.0,261.0,264.0,276.0,280.0,307.0,313.0,317.0,354.0,361.0,378.0,412.0,448.0,483.0,530.0,541.0,556.0,761.0,761.0,807.0,809.0,830.0,863.0,876.0,883.0,909.0,925.0,
140.0,192.0,205.0,241.0,325.0,338.0,358.0,378.0,417.0,449.0,463.0,565.0,570.0,573.0,578.0,657.0,701.0,768.0,839.0,863.0,871.0,936.0,949.0,
11.0,12.0,18.0,39.0,56.0,84.0,115.0,133.0,136.0,139.0,150.0,163.0,174.0,178.0,181.0,204.0,279.0,292.0,304.0,362.0,399.0,406.0,473.0,494.0,522.0,541.0,591.0,606.0,607.0,638.0,660.0,665.0,670.0,680.0,707.0,800.0,916.0,938.0,953.0,989.0,
7.0,81.0,111.0,152.0,180.0,187.0,212.0,284.0,342.0,363.0,408.0,453.0,462.0,499.0,523.0,535.0,537.0,539.0,582.0,594.0,654.0,677.0,720.0,737.0,773.0,827.0,884.0,898.0,
16.0,21.0,27.0,83.0,127.0,144.0,164.0,187.0,234.0,260.0,278.0,312.0,376.0,378.0,387.0,387.0,390.0,394.0,417.0,430.0,442.0,473.0,517.0,517.0,519.0,521.0,563.0,577.0,671.0,687.0,709.0,880.0,924.0,925.0,947.0,990.0,
29.0,93.0,94.0,125.0,155.0,164.0,176.0,195.0,282.0,290.0,290.0,326.0,399.0,400.0,438.0,448.0,453.0,461.0,479.0,493.0,519.0,531.0,558.0,619.0,626.0,633.0,672.0,712.0,745.0,747.0,747.0,750.0,754.0,759.0,860.0,922.0,941.0,958.0,987.0,
2.0,8.0,40.0,53.0,122.0,122.0,151.0,287.0,292.0,297.0,336.0,337.0,338.0,343.0,356.0,372.0,397.0,422.0,423.0,456.0,462.0,469.0,483.0,508.0,523.0,559.0,589.0,600.0,692.0,696.0,733.0,733.0,752.0,773.0,831.0,832.0,886.0,912.0,942.0,943.0,
22.0,85.0,90.0,133.0,249.0,258.0,279.0,282.0,297.0,348.0,401.0,408.0,428.0,428.0,469.0,486.0,549.0,555.0,593.0,597.0,651.0,671.0,709.0,711.0,762.0,796.0,822.0,900.0,901.0,907.0,916.0,934.0,949.0,959.0,
20.0,46.0,73.0,87.0,136.0,145.0,176.0,193.0,203.0,254.0,308.0,315.0,330.0,344.0,355.0,371.0,382.0,424.0,464.0,475.0,503.0,547.0,552.0,553.0,595.0,603.0,613.0,707.0,711.0,742.0,768.0,778.0,794.0,799.0,843.0,863.0,867.0,889.0,921.0,
2.0,24.0,61.0,66.0,126.0,155.0,241.0,260.0,273.0,284.0,286.0,288.0,334.0,368.0,378.0,412.0,424.0,476.0,518.0,519.0,521.0,533.0,538.0,544.0,602.0,652.0,683.0,694.0,775.0,780.0,795.0,808.0,816.0,844.0,866.0,881.0,885.0,912.0,930.0,959.0,979.0,
50.0,190.0,192.0,195.0,225.0,252.0,256.0,260.0,303.0,311.0,384.0,441.0,461.0,574.0,592.0,596.0,634.0,652.0,703.0,712.0,725.0,740.0,747.0,766.0,773.0,796.0,836.0,867.0,877.0,892.0,893.0,948.0,950.0,965.0,982.0,993.0,995.0,
3.0,6.0,106.0,142.0,220.0,228.0,275.0,294.0,357.0,379.0,403.0,411.0,413.0,460.0,497.0,507.0,524.0,525.0,552.0,556.0,614.0,675.0,721.0,722.0,924.0,955.0,996.0,
50.0,61.0,92.0,92.0,96.0,120.0,158.0,170.0,176.0,221.0,300.0,350.0,368.0,401.0,406.0,410.0,433.0,447.0,451.0,468.0,473.0,544.0,583.0,584.0,591.0,621.0,622.0,643.0,644.0,680.0,685.0,687.0,693.0,707.0,733.0,794.0,795.0,813.0,856.0,865.0,877.0,878.0,889.0,889.0,964.0,993.0,
20.0,55.0,106.0,144.0,151.0,158.0,176.0,209.0,249.0,284.0,297.0,308.0,317.0,402.0,422.0,437.0,441.0,472.0,519.0,524.0,534.0,535.0,544.0,547.0,549.0,551.0,563.0,566.0,566.0,577.0,579.0,586.0,620.0,622.0,634.0,671.0,671.0,711.0,727.0,746.0,753.0,757.0,768.0,778.0,812.0,825.0,839.0,845.0,887.0,895.0,897.0,907.0,921.0,925.0,933.0,946.0,946.0,961.0,986.0,992.0,1000.0,
16.0,27.0,59.0,84.0,124.0,162.0,169.0,201.0,286.0,322.0,326.0,340.0,349.0,350.0,428.0,431.0,432.0,446.0,520.0,520.0,541.0,550.0,574.0,578.0,580.0,584.0,614.0,647.0,655.0,669.0,699.0,736.0,752.0,790.0,798.0,819.0,819.0,823.0,826.0,855.0,864.0,877.0,915.0,935.0,958.0,963.0,994.0,
28.0,40.0,67.0,72.0,168.0,201.0,203.0,204.0,205.0,234.0,262.0,301.0,301.0,303.0,327.0,366.0,380.0,382.0,402.0,418.0,436.0,487.0,505.0,516.0,551.0,575.0,597.0,629.0,639.0,646.0,655.0,703.0,706.0,732.0,748.0,802.0,805.0,834.0,864.0,871.0,909.0,970.0,991.0,
99.0,103.0,134.0,152.0,169.0,185.0,254.0,386.0,407.0,423.0,455.0,455.0,478.0,509.0,528.0,569.0,571.0,586.0,592.0,609.0,682.0,712.0,737.0,792.0,793.0,833.0,844.0,869.0,922.0,952.0,977.0,
46.0,78.0,89.0,186.0,214.0,230.0,234.0,320.0,445.0,471.0,511.0,514.0,539.0,566.0,580.0,586.0,597.0,613.0,627.0,665.0,679.0,690.0,736.0,741.0,778.0,789.0,790.0,832.0,889.0,895.0,923.0,924.0,927.0,935.0,947.0,993.0,
49.0,75.0,91.0,117.0,146.0,157.0,174.0,202.0,202.0,208.0,251.0,297.0,350.0,350.0,353.0,373.0,374.0,384.0,404.0,419.0,445.0,497.0,502.0,602.0,623.0,635.0,691.0,694.0,705.0,815.0,868.0,879.0,888.0,895.0,971.0,977.0,
166.0,192.0,218.0,223.0,268.0,287.0,293.0,368.0,406.0,422.0,431.0,502.0,504.0,524.0,559.0,624.0,634.0,666.0,668.0,713.0,721.0,773.0,776.0,803.0,806.0,846.0,856.0,890.0,897.0,906.0,943.0,964.0,971.0,975.0,
22.0,24.0,45.0,57.0,111.0,113.0,128.0,175.0,210.0,217.0,254.0,324.0,355.0,379.0,393.0,458.0,517.0,523.0,556.0,567.0,584.0,598.0,600.0,634.0,804.0,816.0,888.0,972.0,
11.0,28.0,78.0,80.0,160.0,229.0,239.0,251.0,293.0,312.0,325.0,328.0,334.0,373.0,388.0,395.0,416.0,418.0,429.0,447.0,447.0,449.0,524.0,531.0,533.0,534.0,542.0,557.0,569.0,577.0,581.0,582.0,587.0,589.0,590.0,598.0,602.0,625.0,627.0,640.0,647.0,674.0,717.0,788.0,814.0,850.0,864.0,867.0,899.0,901.0,903.0,907.0,925.0,926.0,991.0,
31.0,41.0,43.0,123.0,125.0,144.0,172.0,207.0,259.0,312.0,354.0,367.0,414.0,415.0,454.0,462.0,493.0,497.0,516.0,519.0,520.0,524.0,533.0,540.0,545.0,545.0,555.0,557.0,573.0,575.0,586.0,589.0,597.0,601.0,606.0,616.0,623.0,625.0,642.0,647.0,669.0,673.0,674.0,676.0,696.0,702.0,716.0,728.0,753.0,760.0,809.0,814.0,864.0,875.0,881.0,884.0,895.0,897.0,903.0,934.0,937.0,958.0,963.0,989.0,
14.0,23.0,23.0,79.0,95.0,100.0,108.0,163.0,199.0,205.0,260.0,262.0,280.0,308.0,364.0,434.0,469.0,470.0,474.0,479.0,504.0,537.0,540.0,541.0,546.0,546.0,548.0,556.0,557.0,568.0,570.0,573.0,575.0,576.0,583.0,589.0,592.0,610.0,617.0,627.0,641.0,674.0,684.0,695.0,706.0,728.0,734.0,736.0,741.0,742.0,746.0,784.0,796.0,798.0,824.0,825.0,868.0,868.0,878.0,879.0,894.0,902.0,921.0,935.0,958.0,966.0,
12.0,35.0,78.0,170.0,213.0,233.0,281.0,306.0,326.0,330.0,349.0,394.0,401.0,405.0,420.0,472.0,529.0,534.0,535.0,537.0,537.0,538.0,538.0,538.0,543.0,545.0,546.0,551.0,551.0,562.0,564.0,571.0,603.0,609.0,623.0,641.0,646.0,646.0,660.0,663.0,689.0,696.0,719.0,724.0,733.0,756.0,758.0,801.0,806.0,825.0,842.0,842.0,849.0,864.0,888.0,911.0,939.0,965.0,972.0,978.0,984.0,
21.0,77.0,78.0,127.0,148.0,178.0,193.0,196.0,197.0,219.0,300.0,309.0,338.0,348.0,371.0,454.0,477.0,510.0,512.0,530.0,531.0,536.0,542.0,542.0,544.0,546.0,567.0,573.0,601.0,605.0,608.0,614.0,615.0,646.0,653.0,658.0,664.0,679.0,691.0,715.0,762.0,763.0,767.0,771.0,785.0,791.0,799.0,836.0,871.0,876.0,879.0,894.0,899.0,903.0,905.0,907.0,945.0,956.0,963.0,981.0,993.0,
5.0,45.0,83.0,94.0,111.0,114.0,144.0,220.0,236.0,239.0,242.0,367.0,373.0,377.0,428.0,453.0,501.0,526.0,532.0,535.0,537.0,556.0,618.0,677.0,799.0,836.0,881.0,905.0,925.0,941.0,994.0,
39.0,58.0,64.0,155.0,164.0,174.0,193.0,255.0,270.0,273.0,290.0,342.0,363.0,409.0,423.0,447.0,456.0,461.0,461.0,476.0,495.0,519.0,521.0,525.0,539.0,553.0,557.0,645.0,700.0,707.0,724.0,740.0,803.0,820.0,923.0,925.0,959.0,
124.0,147.0,149.0,151.0,176.0,187.0,198.0,256.0,307.0,356.0,383.0,397.0,414.0,463.0,506.0,513.0,546.0,548.0,598.0,645.0,664.0,675.0,681.0,729.0,767.0,768.0,815.0,816.0,834.0,845.0,861.0,877.0,916.0,930.0,958.0,981.0,986.0,
94.0,108.0,131.0,169.0,169.0,193.0,230.0,246.0,263.0,272.0,277.0,288.0,312.0,314.0,424.0,431.0,473.0,506.0,519.0,602.0,649.0,706.0,740.0,789.0,900.0,920.0,988.0,
26.0,26.0,33.0,101.0,162.0,196.0,212.0,215.0,260.0,279.0,279.0,302.0,371.0,371.0,444.0,544.0,562.0,565.0,574.0,580.0,581.0,611.0,646.0,678.0,678.0,708.0,752.0,753.0,802.0,807.0,815.0,821.0,877.0,911.0,921.0,925.0,926.0,958.0,960.0,
60.0,70.0,74.0,148.0,150.0,161.0,171.0,173.0,222.0,224.0,248.0,255.0,263.0,291.0,292.0,301.0,311.0,374.0,394.0,417.0,420.0,421.0,425.0,469.0,492.0,533.0,536.0,538.0,548.0,549.0,564.0,564.0,572.0,576.0,579.0,581.0,591.0,616.0,618.0,618.0,620.0,621.0,624.0,630.0,630.0,632.0,636.0,647.0,651.0,654.0,671.0,683.0,695.0,708.0,710.0,712.0,714.0,714.0,746.0,754.0,775.0,790.0,823.0,831.0,842.0,842.0,860.0,861.0,874.0,888.0,888.0,899.0,901.0,901.0,918.0,933.0,938.0,958.0,971.0,991.0,995.0,
71.0,80.0,98.0,113.0,177.0,191.0,195.0,223.0,246.0,280.0,386.0,403.0,410.0,450.0,485.0,505.0,531.0,533.0,536.0,539.0,548.0,549.0,553.0,554.0,559.0,563.0,569.0,569.0,584.0,598.0,607.0,627.0,636.0,648.0,654.0,658.0,670.0,672.0,674.0,676.0,678.0,692.0,698.0,734.0,744.0,753.0,792.0,803.0,808.0,812.0,826.0,830.0,837.0,839.0,882.0,888.0,915.0,926.0,934.0,951.0,970.0,973.0,976.0,987.0,
10.0,33.0,39.0,92.0,105.0,134.0,137.0,166.0,177.0,235.0,247.0,256.0,267.0,300.0,365.0,378.0,380.0,443.0,486.0,492.0,513.0,527.0,538.0,550.0,560.0,560.0,592.0,599.0,600.0,601.0,603.0,639.0,646.0,647.0,651.0,661.0,668.0,674.0,681.0,683.0,684.0,686.0,693.0,697.0,698.0,702.0,711.0,723.0,732.0,749.0,756.0,774.0,776.0,803.0,822.0,843.0,888.0,888.0,945.0,964.0,967.0,998.0,
34.0,34.0,68.0,95.0,112.0,123.0,191.0,230.0,239.0,276.0,281.0,325.0,339.0,358.0,362.0,366.0,394.0,447.0,478.0,505.0,524.0,540.0,555.0,557.0,562.0,573.0,590.0,591.0,596.0,612.0,616.0,617.0,623.0,673.0,676.0,679.0,718.0,736.0,779.0,801.0,817.0,834.0,840.0,899.0,912.0,913.0,924.0,931.0,944.0,947.0,981.0,
22.0,48.0,233.0,233.0,239.0,250.0,270.0,293.0,319.0,380.0,402.0,407.0,452.0,452.0,457.0,472.0,513.0,519.0,521.0,522.0,523.0,534.0,537.0,543.0,552.0,552.0,559.0,562.0,572.0,572.0,596.0,600.0,603.0,619.0,628.0,634.0,643.0,646.0,673.0,690.0,703.0,707.0,718.0,735.0,743.0,754.0,769.0,800.0,816.0,851.0,876.0,878.0,888.0,888.0,920.0,942.0,961.0,991.0,994.0,996.0,
75.0,102.0,164.0,251.0,322.0,327.0,406.0,426.0,477.0,492.0,498.0,513.0,524.0,530.0,532.0,535.0,551.0,560.0,567.0,570.0,572.0,587.0,588.0,589.0,595.0,600.0,604.0,611.0,624.0,672.0,697.0,720.0,744.0,757.0,759.0,800.0,851.0,914.0,918.0,987.0,998.0,
73.0,86.0,172.0,200.0,270.0,277.0,310.0,350.0,353.0,357.0,359.0,496.0,516.0,541.0,579.0,589.0,635.0,648.0,654.0,660.0,674.0,752.0,757.0,809.0,811.0,834.0,845.0,911.0,935.0,942.0,979.0,999.0,
23.0,89.0,119.0,167.0,196.0,236.0,243.0,266.0,291.0,302.0,318.0,351.0,354.0,357.0,369.0,373.0,380.0,390.0,420.0,435.0,561.0,561.0,631.0,633.0,637.0,702.0,725.0,756.0,842.0,850.0,902.0,908.0,928.0,941.0,1000.0,
49.0,91.0,122.0,153.0,193.0,210.0,232.0,251.0,253.0,253.0,255.0,320.0,338.0,383.0,419.0,444.0,468.0,480.0,567.0,581.0,590.0,598.0,605.0,671.0,681.0,718.0,718.0,758.0,785.0,795.0,800.0,851.0,899.0,903.0,
14.0,108.0,148.0,171.0,202.0,239.0,346.0,391.0,430.0,440.0,448.0,464.0,470.0,525.0,531.0,541.0,542.0,551.0,563.0,564.0,565.0,565.0,578.0,584.0,591.0,591.0,596.0,597.0,604.0,606.0,617.0,670.0,689.0,764.0,773.0,777.0,783.0,809.0,810.0,848.0,901.0,924.0,926.0,940.0,946.0,962.0,963.0,979.0,982.0,990.0,999.0,
66.0,74.0,75.0,79.0,81.0,122.0,169.0,189.0,203.0,207.0,232.0,250.0,284.0,323.0,378.0,380.0,383.0,388.0,410.0,413.0,431.0,433.0,438.0,446.0,484.0,496.0,504.0,516.0,523.0,529.0,531.0,535.0,536.0,538.0,555.0,557.0,573.0,576.0,578.0,581.0,584.0,588.0,589.0,591.0,591.0,598.0,606.0,613.0,620.0,621.0,623.0,641.0,647.0,648.0,650.0,651.0,658.0,674.0,677.0,696.0,699.0,715.0,718.0,730.0,759.0,760.0,776.0,787.0,810.0,811.0,819.0,827.0,832.0,836.0,850.0,865.0,881.0,898.0,900.0,939.0,961.0,985.0,
26.0,40.0,73.0,74.0,119.0,139.0,191.0,208.0,220.0,226.0,239.0,284.0,286.0,311.0,313.0,318.0,409.0,460.0,483.0,516.0,517.0,525.0,534.0,535.0,542.0,542.0,542.0,550.0,550.0,550.0,555.0,556.0,557.0,560.0,562.0,573.0,575.0,575.0,577.0,581.0,582.0,585.0,593.0,596.0,606.0,617.0,625.0,646.0,661.0,665.0,670.0,753.0,784.0,788.0,805.0,807.0,822.0,828.0,856.0,860.0,890.0,897.0,898.0,904.0,915.0,935.0,950.0,955.0,971.0,
23.0,58.0,76.0,79.0,89.0,97.0,148.0,187.0,242.0,251.0,260.0,307.0,311.0,386.0,387.0,412.0,413.0,428.0,462.0,476.0,515.0,529.0,533.0,535.0,539.0,540.0,545.0,545.0,548.0,548.0,561.0,564.0,565.0,567.0,567.0,587.0,590.0,590.0,593.0,610.0,615.0,628.0,629.0,641.0,664.0,671.0,691.0,696.0,719.0,733.0,740.0,753.0,786.0,809.0,845.0,856.0,874.0,878.0,887.0,888.0,934.0,936.0,943.0,946.0,956.0,967.0,978.0,
42.0,60.0,69.0,190.0,199.0,217.0,244.0,281.0,294.0,330.0,356.0,403.0,432.0,445.0,448.0,448.0,470.0,475.0,477.0,481.0,529.0,541.0,560.0,570.0,576.0,584.0,592.0,597.0,603.0,604.0,606.0,639.0,657.0,657.0,659.0,664.0,686.0,710.0,722.0,726.0,727.0,735.0,737.0,761.0,777.0,778.0,781.0,783.0,787.0,810.0,830.0,837.0,870.0,875.0,928.0,928.0,964.0,985.0,996.0,
23.0,25.0,53.0,61.0,70.0,70.0,92.0,197.0,199.0,340.0,379.0,385.0,428.0,436.0,455.0,509.0,521.0,521.0,525.0,543.0,562.0,563.0,564.0,564.0,570.0,571.0,585.0,594.0,597.0,609.0,617.0,622.0,626.0,634.0,666.0,685.0,699.0,702.0,712.0,715.0,715.0,716.0,724.0,726.0,746.0,764.0,778.0,806.0,816.0,870.0,872.0,878.0,882.0,899.0,913.0,960.0,990.0,996.0,
47.0,68.0,143.0,159.0,187.0,201.0,251.0,324.0,348.0,370.0,422.0,503.0,505.0,513.0,519.0,526.0,531.0,532.0,539.0,553.0,583.0,587.0,612.0,613.0,615.0,622.0,626.0,633.0,643.0,644.0,646.0,704.0,705.0,710.0,717.0,728.0,741.0,743.0,758.0,779.0,793.0,794.0,834.0,868.0,885.0,891.0,896.0,911.0,949.0,963.0,977.0,997.0,
3.0,41.0,57.0,62.0,99.0,150.0,153.0,201.0,269.0,287.0,329.0,435.0,460.0,473.0,539.0,607.0,678.0,782.0,795.0,827.0,846.0,898.0,973.0,977.0,981.0,986.0,992.0,
3.0,36.0,64.0,67.0,122.0,163.0,164.0,172.0,183.0,205.0,206.0,228.0,246.0,287.0,325.0,361.0,403.0,459.0,466.0,477.0,530.0,690.0,707.0,715.0,759.0,829.0,887.0,894.0,974.0,997.0,
3.0,72.0,101.0,117.0,129.0,141.0,151.0,162.0,192.0,194.0,245.0,251.0,268.0,270.0,279.0,281.0,326.0,372.0,438.0,481.0,530.0,532.0,539.0,561.0,581.0,604.0,624.0,638.0,691.0,734.0,740.0,741.0,768.0,779.0,782.0,794.0,823.0,903.0,961.0,975.0,997.0,
42.0,57.0,112.0,139.0,162.0,171.0,173.0,263.0,292.0,307.0,371.0,428.0,432.0,466.0,514.0,520.0,524.0,564.0,581.0,591.0,598.0,619.0,633.0,657.0,661.0,667.0,722.0,735.0,748.0,782.0,817.0,828.0,836.0,839.0,840.0,873.0,882.0,894.0,921.0,924.0,941.0,966.0,974.0,982.0,989.0,
3.0,11.0,16.0,16.0,25.0,100.0,104.0,175.0,191.0,210.0,220.0,233.0,256.0,282.0,317.0,327.0,364.0,445.0,484.0,506.0,523.0,523.0,534.0,536.0,545.0,547.0,551.0,551.0,553.0,555.0,564.0,573.0,587.0,595.0,607.0,611.0,613.0,616.0,619.0,624.0,635.0,638.0,639.0,641.0,643.0,656.0,663.0,678.0,680.0,686.0,689.0,695.0,696.0,697.0,701.0,706.0,728.0,741.0,743.0,745.0,751.0,753.0,753.0,762.0,773.0,780.0,830.0,845.0,886.0,933.0,970.0,972.0,982.0,
28.0,32.0,39.0,71.0,78.0,95.0,125.0,154.0,169.0,172.0,203.0,207.0,256.0,276.0,300.0,333.0,336.0,343.0,360.0,399.0,407.0,481.0,483.0,490.0,519.0,521.0,523.0,529.0,530.0,535.0,535.0,536.0,542.0,548.0,552.0,553.0,562.0,567.0,569.0,573.0,574.0,586.0,596.0,600.0,600.0,603.0,611.0,619.0,619.0,621.0,628.0,634.0,635.0,637.0,641.0,642.0,643.0,643.0,652.0,684.0,708.0,709.0,710.0,718.0,719.0,719.0,723.0,726.0,729.0,732.0,740.0,756.0,786.0,789.0,794.0,801.0,812.0,815.0,834.0,854.0,881.0,913.0,920.0,924.0,948.0,
25.0,123.0,130.0,157.0,162.0,166.0,198.0,225.0,245.0,290.0,297.0,398.0,429.0,455.0,469.0,474.0,516.0,532.0,540.0,541.0,542.0,542.0,546.0,548.0,549.0,553.0,559.0,560.0,567.0,573.0,578.0,579.0,582.0,584.0,586.0,588.0,590.0,591.0,598.0,600.0,603.0,617.0,622.0,626.0,639.0,645.0,659.0,676.0,679.0,680.0,685.0,687.0,707.0,721.0,731.0,744.0,746.0,765.0,778.0,802.0,828.0,837.0,849.0,865.0,877.0,885.0,893.0,937.0,943.0,976.0,
35.0,76.0,78.0,91.0,139.0,157.0,189.0,223.0,233.0,268.0,281.0,298.0,303.0,311.0,315.0,362.0,365.0,373.0,415.0,420.0,461.0,493.0,506.0,520.0,523.0,525.0,530.0,531.0,532.0,538.0,539.0,541.0,545.0,548.0,549.0,551.0,561.0,564.0,571.0,574.0,578.0,579.0,580.0,580.0,581.0,582.0,584.0,596.0,596.0,607.0,610.0,626.0,658.0,687.0,689.0,714.0,720.0,725.0,725.0,726.0,753.0,768.0,790.0,792.0,796.0,802.0,820.0,829.0,851.0,870.0,883.0,921.0,923.0,926.0,942.0,977.0,984.0,987.0,
30.0,44.0,73.0,74.0,98.0,109.0,140.0,171.0,197.0,210.0,269.0,306.0,355.0,358.0,389.0,408.0,443.0,474.0,497.0,503.0,522.0,525.0,528.0,529.0,531.0,532.0,532.0,534.0,535.0,546.0,549.0,553.0,560.0,563.0,569.0,576.0,577.0,584.0,591.0,596.0,600.0,601.0,602.0,617.0,624.0,635.0,639.0,660.0,662.0,670.0,673.0,676.0,691.0,695.0,701.0,711.0,741.0,743.0,746.0,762.0,783.0,790.0,791.0,817.0,828.0,847.0,879.0,901.0,906.0,911.0,927.0,938.0,939.0,966.0,967.0,974.0,990.0,993.0,
34.0,34.0,65.0,93.0,127.0,133.0,192.0,198.0,204.0,243.0,273.0,429.0,430.0,436.0,442.0,445.0,457.0,502.0,509.0,533.0,548.0,565.0,576.0,595.0,615.0,644.0,646.0,691.0,707.0,832.0,841.0,858.0,867.0,876.0,901.0,904.0,922.0,936.0,978.0,993.0,
6.0,37.0,46.0,86.0,105.0,135.0,143.0,157.0,175.0,197.0,198.0,203.0,278.0,313.0,315.0,321.0,344.0,358.0,366.0,395.0,403.0,442.0,463.0,468.0,491.0,516.0,658.0,672.0,711.0,769.0,894.0,948.0,953.0,973.0,
13.0,37.0,84.0,100.0,161.0,161.0,162.0,174.0,183.0,185.0,187.0,201.0,206.0,304.0,323.0,395.0,400.0,421.0,441.0,495.0,518.0,549.0,619.0,627.0,632.0,633.0,692.0,746.0,749.0,751.0,845.0,851.0,854.0,883.0,918.0,945.0,
10.0,141.0,167.0,193.0,208.0,216.0,234.0,303.0,338.0,385.0,391.0,450.0,474.0,505.0,533.0,562.0,602.0,682.0,704.0,806.0,837.0,851.0,860.0,882.0,892.0,927.0,941.0,972.0,999.0,
37.0,69.0,96.0,103.0,104.0,201.0,247.0,252.0,254.0,257.0,268.0,348.0,364.0,374.0,408.0,415.0,452.0,457.0,520.0,581.0,623.0,855.0,938.0,978.0,991.0,
34.0,35.0,135.0,164.0,177.0,188.0,194.0,213.0,218.0,234.0,237.0,278.0,320.0,332.0,352.0,354.0,356.0,359.0,441.0,446.0,459.0,467.0,527.0,545.0,548.0,552.0,561.0,576.0,588.0,600.0,602.0,605.0,621.0,626.0,628.0,634.0,646.0,647.0,679.0,688.0,692.0,697.0,700.0,716.0,718.0,738.0,738.0,753.0,769.0,811.0,811.0,844.0,845.0,864.0,876.0,879.0,909.0,911.0,924.0,926.0,927.0,938.0,968.0,981.0,999.0,
20.0,48.0,56.0,124.0,202.0,202.0,237.0,246.0,313.0,328.0,337.0,398.0,402.0,425.0,485.0,499.0,521.0,531.0,537.0,545.0,546.0,552.0,562.0,565.0,569.0,585.0,593.0,605.0,611.0,616.0,618.0,619.0,622.0,623.0,628.0,652.0,656.0,662.0,664.0,669.0,677.0,690.0,698.0,735.0,748.0,750.0,777.0,792.0,851.0,862.0,878.0,880.0,886.0,896.0,902.0,922.0,934.0,936.0,936.0,945.0,964.0,977.0,986.0,987.0,988.0,
17.0,28.0,154.0,193.0,201.0,216.0,219.0,225.0,230.0,244.0,290.0,339.0,344.0,401.0,411.0,431.0,443.0,446.0,456.0,537.0,541.0,548.0,556.0,558.0,560.0,567.0,580.0,581.0,583.0,595.0,600.0,614.0,624.0,645.0,654.0,660.0,662.0,680.0,681.0,685.0,697.0,698.0,700.0,730.0,743.0,747.0,790.0,812.0,833.0,855.0,857.0,886.0,892.0,898.0,948.0,970.0,979.0,983.0,985.0,
36.0,71.0,74.0,77.0,105.0,169.0,240.0,253.0,307.0,315.0,334.0,376.0,387.0,395.0,400.0,444.0,515.0,521.0,526.0,537.0,543.0,544.0,555.0,555.0,573.0,585.0,586.0,596.0,608.0,609.0,613.0,638.0,656.0,659.0,677.0,688.0,688.0,715.0,724.0,727.0,727.0,731.0,732.0,734.0,742.0,757.0,782.0,803.0,826.0,829.0,854.0,856.0,905.0,911.0,918.0,931.0,933.0,940.0,943.0,946.0,958.0,959.0,993.0,
8.0,80.0,81.0,89.0,105.0,112.0,142.0,164.0,193.0,246.0,273.0,287.0,315.0,316.0,338.0,342.0,348.0,353.0,486.0,497.0,521.0,546.0,548.0,550.0,551.0,555.0,577.0,587.0,602.0,619.0,628.0,661.0,701.0,737.0,763.0,776.0,779.0,789.0,790.0,850.0,868.0,887.0,895.0,919.0,931.0,947.0,949.0,960.0,982.0,986.0,
39.0,46.0,80.0,160.0,179.0,193.0,280.0,298.0,299.0,315.0,333.0,411.0,459.0,498.0,510.0,511.0,528.0,545.0,565.0,578.0,716.0,731.0,786.0,937.0,946.0,977.0,
9.0,29.0,102.0,173.0,205.0,412.0,473.0,577.0,590.0,597.0,651.0,656.0,659.0,752.0,772.0,775.0,828.0,881.0,913.0,982.0,1000.0,
5.0,13.0,44.0,97.0,137.0,160.0,163.0,259.0,321.0,344.0,372.0,392.0,402.0,424.0,425.0,446.0,478.0,504.0,530.0,570.0,631.0,657.0,662.0,668.0,693.0,706.0,714.0,779.0,781.0,848.0,905.0,914.0,916.0,984.0,
14.0,30.0,65.0,115.0,127.0,164.0,253.0,257.0,300.0,311.0,367.0,447.0,454.0,473.0,510.0,528.0,533.0,547.0,573.0,591.0,626.0,645.0,670.0,682.0,707.0,729.0,745.0,745.0,758.0,796.0,808.0,818.0,876.0,882.0,888.0,904.0,945.0,984.0,997.0,
22.0,32.0,44.0,77.0,131.0,131.0,138.0,145.0,147.0,171.0,175.0,178.0,205.0,272.0,321.0,327.0,346.0,392.0,394.0,428.0,431.0,440.0,486.0,533.0,604.0,628.0,653.0,658.0,720.0,819.0,858.0,870.0,899.0,901.0,931.0,946.0,956.0,991.0,
32.0,37.0,70.0,93.0,113.0,120.0,136.0,150.0,235.0,287.0,298.0,306.0,365.0,378.0,381.0,396.0,403.0,412.0,414.0,475.0,478.0,495.0,510.0,545.0,569.0,586.0,605.0,607.0,611.0,654.0,656.0,669.0,689.0,700.0,763.0,807.0,812.0,817.0,820.0,834.0,857.0,920.0,960.0,
4.0,22.0,50.0,77.0,81.0,169.0,316.0,317.0,351.0,354.0,366.0,468.0,514.0,518.0,526.0,526.0,536.0,538.0,541.0,553.0,557.0,557.0,561.0,566.0,577.0,578.0,586.0,587.0,587.0,609.0,631.0,634.0,653.0,659.0,695.0,707.0,714.0,793.0,793.0,800.0,824.0,847.0,852.0,866.0,871.0,915.0,933.0,944.0,955.0,963.0,973.0,
26.0,78.0,96.0,104.0,105.0,181.0,248.0,267.0,287.0,320.0,323.0,326.0,344.0,349.0,355.0,417.0,430.0,437.0,482.0,490.0,511.0,514.0,517.0,520.0,531.0,531.0,534.0,539.0,545.0,560.0,575.0,578.0,588.0,590.0,593.0,600.0,607.0,626.0,632.0,638.0,644.0,662.0,699.0,700.0,758.0,759.0,788.0,788.0,809.0,819.0,824.0,869.0,879.0,893.0,898.0,900.0,934.0,946.0,956.0,983.0,
30.0,34.0,39.0,72.0,128.0,169.0,177.0,198.0,293.0,306.0,306.0,312.0,377.0,399.0,449.0,459.0,459.0,460.0,466.0,486.0,515.0,519.0,528.0,533.0,535.0,538.0,539.0,543.0,545.0,573.0,583.0,589.0,610.0,610.0,654.0,659.0,663.0,680.0,807.0,813.0,814.0,832.0,862.0,864.0,875.0,875.0,911.0,914.0,932.0,954.0,958.0,971.0,
7.0,25.0,42.0,50.0,92.0,102.0,125.0,128.0,135.0,162.0,178.0,184.0,200.0,208.0,271.0,281.0,310.0,341.0,373.0,374.0,443.0,508.0,544.0,559.0,623.0,689.0,739.0,756.0,823.0,859.0,919.0,923.0,
22.0,136.0,190.0,197.0,244.0,245.0,260.0,268.0,270.0,298.0,302.0,316.0,334.0,371.0,393.0,413.0,428.0,460.0,484.0,511.0,525.0,545.0,621.0,637.0,639.0,741.0,759.0,787.0,895.0,898.0,903.0,999.0,
16.0,39.0,40.0,45.0,103.0,117.0,123.0,161.0,194.0,212.0,226.0,238.0,278.0,306.0,311.0,328.0,328.0,347.0,357.0,430.0,491.0,588.0,604.0,611.0,628.0,647.0,665.0,748.0,763.0,797.0,857.0,
46.0,66.0,72.0,93.0,167.0,185.0,215.0,257.0,294.0,307.0,310.0,312.0,316.0,377.0,399.0,436.0,491.0,498.0,532.0,533.0,545.0,550.0,561.0,583.0,602.0,602.0,630.0,656.0,667.0,723.0,736.0,751.0,751.0,803.0,823.0,843.0,894.0,933.0,967.0,969.0,981.0,
24.0,84.0,95.0,100.0,143.0,150.0,177.0,202.0,246.0,269.0,277.0,297.0,300.0,344.0,417.0,451.0,458.0,498.0,509.0,536.0,585.0,588.0,598.0,610.0,637.0,645.0,685.0,690.0,705.0,758.0,770.0,804.0,840.0,871.0,878.0,891.0,902.0,904.0,911.0,940.0,940.0,969.0,989.0,992.0,
42.0,45.0,48.0,91.0,148.0,187.0,188.0,189.0,241.0,298.0,367.0,432.0,435.0,439.0,468.0,470.0,476.0,546.0,583.0,651.0,666.0,734.0,748.0,776.0,820.0,822.0,824.0,840.0,903.0,956.0,
39.0,67.0,102.0,106.0,141.0,172.0,208.0,272.0,353.0,400.0,468.0,494.0,525.0,543.0,548.0,560.0,601.0,670.0,819.0,861.0,887.0,909.0,944.0,982.0,999.0,
23.0,105.0,109.0,215.0,244.0,251.0,266.0,294.0,311.0,346.0,353.0,435.0,463.0,487.0,503.0,532.0,533.0,537.0,627.0,627.0,647.0,657.0,718.0,778.0,792.0,847.0,901.0,
16.0,167.0,173.0,313.0,339.0,416.0,437.0,533.0,560.0,560.0,616.0,665.0,693.0,740.0,762.0,876.0,882.0,944.0,
48.0,54.0,73.0,77.0,89.0,104.0,112.0,185.0,191.0,201.0,344.0,359.0,404.0,439.0,448.0,481.0,507.0,525.0,536.0,696.0,749.0,799.0,932.0,947.0,974.0,990.0,
7.0,26.0,73.0,145.0,151.0,158.0,176.0,186.0,213.0,231.0,239.0,266.0,327.0,336.0,361.0,399.0,448.0,568.0,619.0,688.0,716.0,727.0,749.0,817.0,822.0,862.0,886.0,925.0,950.0,984.0,987.0,
14.0,81.0,119.0,126.0,154.0,168.0,213.0,281.0,298.0,304.0,310.0,368.0,393.0,397.0,461.0,509.0,575.0,642.0,665.0,674.0,675.0,677.0,679.0,691.0,699.0,734.0,819.0,820.0,837.0,944.0,976.0,
9.0,10.0,29.0,34.0,47.0,53.0,56.0,62.0,88.0,106.0,134.0,136.0,147.0,190.0,227.0,234.0,243.0,256.0,277.0,288.0,317.0,335.0,351.0,393.0,464.0,472.0,494.0,500.0,505.0,520.0,526.0,552.0,580.0,665.0,689.0,701.0,745.0,778.0,871.0,877.0,918.0,926.0,927.0,953.0,972.0,983.0,
