3.0,75.0,106.0,111.0,135.0,148.0,196.0,251.0,254.0,284.0,307.0,322.0,322.0,345.0,357.0,360.0,403.0,413.0,434.0,444.0,455.0,469.0,484.0,485.0,492.0,522.0,524.0,528.0,532.0,569.0,589.0,610.0,618.0,622.0,639.0,711.0,732.0,738.0,761.0,792.0,815.0,829.0,837.0,852.0,867.0,911.0,969.0,983.0,
12.0,41.0,51.0,96.0,99.0,108.0,162.0,168.0,183.0,243.0,245.0,256.0,268.0,404.0,405.0,413.0,486.0,500.0,502.0,538.0,552.0,569.0,616.0,727.0,752.0,754.0,783.0,792.0,805.0,825.0,832.0,840.0,841.0,892.0,908.0,946.0,956.0,982.0,
67.0,89.0,103.0,132.0,138.0,156.0,163.0,206.0,264.0,269.0,307.0,308.0,310.0,314.0,326.0,357.0,368.0,423.0,471.0,498.0,559.0,691.0,721.0,745.0,754.0,761.0,795.0,826.0,827.0,837.0,848.0,851.0,874.0,926.0,930.0,967.0,980.0,999.0,
4.0,49.0,64.0,89.0,98.0,147.0,204.0,214.0,258.0,271.0,329.0,342.0,371.0,460.0,464.0,476.0,490.0,507.0,523.0,527.0,540.0,547.0,552.0,600.0,631.0,653.0,672.0,681.0,716.0,723.0,732.0,740.0,755.0,776.0,808.0,812.0,813.0,824.0,855.0,869.0,872.0,924.0,948.0,
3.0,51.0,130.0,147.0,164.0,195.0,328.0,335.0,340.0,346.0,454.0,474.0,474.0,492.0,500.0,540.0,572.0,650.0,705.0,801.0,807.0,843.0,949.0,965.0,
23.0,46.0,73.0,75.0,84.0,97.0,148.0,214.0,214.0,242.0,286.0,292.0,361.0,366.0,457.0,462.0,485.0,503.0,606.0,620.0,643.0,655.0,688.0,700.0,754.0,754.0,778.0,811.0,815.0,842.0,843.0,870.0,907.0,939.0,
3.0,14.0,73.0,76.0,85.0,111.0,126.0,183.0,225.0,235.0,280.0,296.0,300.0,351.0,390.0,390.0,394.0,410.0,436.0,454.0,462.0,482.0,502.0,656.0,712.0,757.0,776.0,779.0,868.0,869.0,870.0,890.0,915.0,949.0,969.0,988.0,989.0,
13.0,71.0,78.0,87.0,122.0,125.0,140.0,182.0,188.0,191.0,270.0,304.0,323.0,389.0,443.0,464.0,507.0,523.0,539.0,595.0,624.0,647.0,731.0,738.0,761.0,792.0,804.0,815.0,824.0,825.0,830.0,834.0,842.0,914.0,916.0,930.0,958.0,971.0,976.0,984.0,992.0,
7.0,32.0,115.0,122.0,143.0,162.0,173.0,199.0,207.0,208.0,210.0,231.0,238.0,264.0,289.0,342.0,364.0,367.0,388.0,450.0,500.0,506.0,602.0,620.0,660.0,664.0,681.0,690.0,694.0,734.0,761.0,799.0,823.0,845.0,907.0,912.0,993.0,997.0,
33.0,50.0,122.0,143.0,150.0,159.0,167.0,177.0,220.0,244.0,288.0,294.0,302.0,314.0,364.0,416.0,419.0,527.0,541.0,581.0,608.0,612.0,641.0,690.0,715.0,737.0,748.0,752.0,757.0,833.0,839.0,874.0,882.0,928.0,941.0,984.0,990.0,
4.0,25.0,27.0,144.0,158.0,171.0,173.0,213.0,230.0,248.0,340.0,351.0,355.0,377.0,404.0,447.0,452.0,512.0,545.0,569.0,656.0,664.0,671.0,783.0,797.0,815.0,821.0,851.0,857.0,858.0,888.0,910.0,977.0,981.0,
37.0,53.0,95.0,125.0,165.0,220.0,227.0,231.0,237.0,287.0,298.0,320.0,322.0,432.0,456.0,488.0,498.0,508.0,514.0,531.0,552.0,557.0,558.0,575.0,611.0,612.0,663.0,666.0,702.0,705.0,713.0,742.0,790.0,802.0,820.0,836.0,843.0,893.0,948.0,952.0,964.0,970.0,978.0,
8.0,22.0,29.0,38.0,65.0,87.0,93.0,113.0,162.0,172.0,204.0,246.0,248.0,248.0,263.0,271.0,295.0,333.0,371.0,374.0,394.0,406.0,418.0,419.0,423.0,531.0,552.0,569.0,591.0,603.0,641.0,649.0,742.0,820.0,838.0,906.0,914.0,930.0,961.0,
70.0,113.0,144.0,176.0,190.0,232.0,245.0,262.0,347.0,403.0,425.0,472.0,514.0,541.0,560.0,582.0,599.0,623.0,671.0,704.0,742.0,763.0,804.0,809.0,876.0,882.0,983.0,993.0,
8.0,22.0,28.0,50.0,115.0,116.0,120.0,157.0,171.0,184.0,207.0,212.0,235.0,254.0,268.0,269.0,324.0,343.0,360.0,371.0,396.0,399.0,449.0,475.0,495.0,515.0,543.0,571.0,620.0,621.0,661.0,663.0,675.0,678.0,707.0,722.0,749.0,757.0,836.0,848.0,860.0,864.0,873.0,890.0,951.0,982.0,
24.0,56.0,68.0,96.0,185.0,219.0,246.0,308.0,312.0,342.0,348.0,352.0,385.0,403.0,459.0,474.0,478.0,503.0,518.0,541.0,542.0,552.0,613.0,630.0,659.0,711.0,715.0,773.0,785.0,806.0,946.0,970.0,
50.0,54.0,91.0,117.0,131.0,149.0,223.0,279.0,283.0,305.0,344.0,374.0,375.0,383.0,394.0,395.0,408.0,458.0,581.0,649.0,794.0,831.0,876.0,889.0,907.0,933.0,969.0,
7.0,57.0,73.0,117.0,136.0,190.0,285.0,286.0,325.0,332.0,339.0,473.0,486.0,491.0,519.0,549.0,615.0,615.0,627.0,650.0,674.0,731.0,801.0,807.0,838.0,874.0,946.0,
37.0,66.0,78.0,91.0,119.0,139.0,217.0,249.0,256.0,265.0,284.0,368.0,381.0,406.0,429.0,430.0,500.0,524.0,541.0,571.0,587.0,621.0,633.0,683.0,685.0,806.0,828.0,863.0,868.0,875.0,881.0,896.0,906.0,909.0,918.0,918.0,939.0,
25.0,26.0,113.0,188.0,191.0,200.0,218.0,224.0,285.0,338.0,357.0,397.0,409.0,473.0,515.0,515.0,520.0,542.0,553.0,567.0,627.0,685.0,720.0,762.0,766.0,787.0,810.0,848.0,885.0,911.0,922.0,950.0,963.0,996.0,999.0,
23.0,52.0,137.0,143.0,157.0,173.0,209.0,309.0,327.0,346.0,352.0,397.0,508.0,573.0,584.0,645.0,668.0,757.0,862.0,902.0,962.0,968.0,982.0,
18.0,73.0,106.0,118.0,172.0,228.0,236.0,274.0,281.0,337.0,395.0,442.0,524.0,555.0,557.0,621.0,687.0,692.0,702.0,749.0,755.0,761.0,816.0,818.0,824.0,830.0,869.0,896.0,899.0,937.0,960.0,966.0,
32.0,42.0,50.0,99.0,108.0,112.0,134.0,148.0,169.0,199.0,212.0,267.0,271.0,295.0,304.0,356.0,360.0,367.0,369.0,463.0,494.0,501.0,508.0,514.0,530.0,534.0,546.0,587.0,604.0,664.0,664.0,721.0,866.0,897.0,903.0,971.0,
8.0,30.0,116.0,120.0,156.0,163.0,193.0,212.0,223.0,266.0,280.0,363.0,366.0,414.0,472.0,484.0,512.0,525.0,525.0,563.0,613.0,626.0,639.0,695.0,716.0,941.0,965.0,985.0,
47.0,161.0,167.0,237.0,251.0,263.0,274.0,320.0,389.0,408.0,425.0,428.0,447.0,498.0,533.0,534.0,534.0,540.0,547.0,561.0,563.0,565.0,590.0,612.0,641.0,651.0,657.0,672.0,674.0,694.0,698.0,710.0,718.0,739.0,795.0,944.0,956.0,
5.0,29.0,30.0,70.0,82.0,136.0,152.0,230.0,238.0,240.0,294.0,345.0,350.0,358.0,387.0,420.0,425.0,447.0,451.0,476.0,488.0,517.0,517.0,547.0,550.0,552.0,555.0,567.0,574.0,585.0,605.0,606.0,607.0,631.0,675.0,694.0,705.0,729.0,729.0,750.0,766.0,788.0,829.0,875.0,876.0,926.0,935.0,937.0,964.0,
57.0,63.0,78.0,108.0,182.0,188.0,245.0,318.0,354.0,375.0,476.0,477.0,480.0,484.0,493.0,494.0,495.0,517.0,520.0,525.0,525.0,527.0,549.0,553.0,556.0,562.0,580.0,580.0,583.0,585.0,586.0,589.0,613.0,621.0,634.0,665.0,682.0,686.0,697.0,727.0,732.0,741.0,743.0,748.0,754.0,776.0,795.0,796.0,824.0,825.0,843.0,975.0,977.0,
19.0,68.0,100.0,131.0,181.0,186.0,193.0,235.0,286.0,347.0,393.0,434.0,448.0,546.0,555.0,744.0,790.0,818.0,
13.0,47.0,63.0,103.0,107.0,150.0,159.0,243.0,256.0,277.0,296.0,334.0,338.0,374.0,462.0,500.0,524.0,530.0,535.0,559.0,641.0,652.0,725.0,740.0,785.0,842.0,875.0,893.0,941.0,995.0,
30.0,42.0,61.0,134.0,175.0,190.0,209.0,242.0,331.0,347.0,351.0,366.0,405.0,424.0,444.0,477.0,498.0,514.0,658.0,666.0,732.0,749.0,799.0,817.0,823.0,873.0,940.0,961.0,980.0,990.0,
11.0,29.0,48.0,103.0,119.0,148.0,262.0,280.0,285.0,411.0,433.0,454.0,461.0,461.0,502.0,536.0,548.0,581.0,607.0,608.0,686.0,690.0,720.0,743.0,745.0,803.0,805.0,853.0,877.0,950.0,975.0,983.0,988.0,988.0,
62.0,96.0,164.0,181.0,181.0,196.0,214.0,215.0,244.0,304.0,324.0,332.0,348.0,370.0,449.0,497.0,577.0,600.0,635.0,671.0,744.0,773.0,919.0,927.0,977.0,985.0,
11.0,60.0,81.0,169.0,257.0,347.0,349.0,383.0,400.0,409.0,494.0,495.0,533.0,576.0,578.0,698.0,702.0,747.0,758.0,773.0,788.0,794.0,909.0,990.0,
131.0,156.0,163.0,232.0,266.0,276.0,280.0,298.0,302.0,305.0,420.0,427.0,428.0,476.0,532.0,538.0,547.0,550.0,560.0,560.0,561.0,562.0,572.0,590.0,592.0,595.0,599.0,605.0,609.0,625.0,629.0,639.0,643.0,650.0,655.0,672.0,681.0,699.0,708.0,709.0,727.0,730.0,747.0,753.0,760.0,771.0,795.0,807.0,810.0,818.0,852.0,889.0,899.0,914.0,914.0,951.0,961.0,963.0,965.0,966.0,986.0,990.0,990.0,
43.0,90.0,115.0,138.0,148.0,162.0,165.0,186.0,235.0,296.0,302.0,323.0,339.0,345.0,388.0,390.0,402.0,405.0,470.0,483.0,490.0,493.0,509.0,514.0,517.0,522.0,524.0,527.0,532.0,534.0,541.0,549.0,552.0,556.0,558.0,560.0,561.0,571.0,572.0,572.0,576.0,589.0,591.0,599.0,600.0,601.0,603.0,606.0,611.0,625.0,626.0,632.0,634.0,655.0,671.0,687.0,692.0,702.0,702.0,704.0,720.0,721.0,729.0,749.0,771.0,775.0,780.0,788.0,788.0,816.0,841.0,843.0,861.0,874.0,882.0,889.0,893.0,898.0,903.0,916.0,921.0,927.0,930.0,931.0,941.0,951.0,965.0,971.0,
54.0,107.0,143.0,154.0,165.0,201.0,247.0,269.0,280.0,284.0,290.0,319.0,342.0,358.0,410.0,425.0,453.0,487.0,510.0,512.0,515.0,516.0,531.0,534.0,535.0,535.0,538.0,540.0,540.0,543.0,545.0,549.0,549.0,550.0,550.0,563.0,567.0,578.0,579.0,582.0,588.0,595.0,596.0,596.0,601.0,604.0,606.0,629.0,638.0,652.0,659.0,661.0,692.0,703.0,732.0,740.0,742.0,758.0,766.0,771.0,806.0,814.0,831.0,861.0,889.0,891.0,898.0,899.0,935.0,945.0,967.0,
13.0,40.0,88.0,103.0,112.0,113.0,165.0,187.0,188.0,216.0,225.0,257.0,317.0,394.0,426.0,464.0,465.0,478.0,484.0,488.0,514.0,527.0,533.0,536.0,536.0,540.0,541.0,545.0,545.0,549.0,559.0,561.0,562.0,562.0,564.0,571.0,578.0,585.0,589.0,589.0,589.0,605.0,609.0,610.0,613.0,614.0,619.0,626.0,628.0,628.0,631.0,634.0,636.0,663.0,664.0,678.0,681.0,698.0,707.0,711.0,713.0,718.0,732.0,741.0,750.0,750.0,790.0,790.0,802.0,809.0,810.0,838.0,842.0,873.0,888.0,895.0,896.0,935.0,946.0,952.0,958.0,978.0,978.0,985.0,993.0,
3.0,22.0,56.0,59.0,69.0,70.0,83.0,83.0,115.0,143.0,149.0,186.0,223.0,238.0,253.0,256.0,257.0,282.0,284.0,296.0,346.0,350.0,394.0,418.0,450.0,491.0,516.0,520.0,522.0,529.0,533.0,536.0,536.0,542.0,544.0,544.0,568.0,573.0,576.0,590.0,598.0,601.0,615.0,636.0,636.0,644.0,657.0,701.0,728.0,752.0,779.0,782.0,793.0,813.0,818.0,863.0,873.0,897.0,906.0,932.0,974.0,
65.0,70.0,119.0,122.0,130.0,146.0,150.0,171.0,191.0,204.0,329.0,379.0,394.0,464.0,475.0,499.0,549.0,555.0,571.0,572.0,703.0,706.0,734.0,918.0,918.0,934.0,973.0,978.0,
3.0,22.0,30.0,33.0,45.0,61.0,106.0,177.0,221.0,227.0,250.0,260.0,262.0,269.0,283.0,376.0,423.0,443.0,460.0,484.0,499.0,505.0,505.0,506.0,511.0,615.0,665.0,676.0,688.0,768.0,769.0,815.0,895.0,902.0,905.0,
5.0,12.0,62.0,172.0,184.0,193.0,262.0,263.0,365.0,372.0,381.0,413.0,435.0,444.0,458.0,472.0,493.0,508.0,527.0,552.0,603.0,606.0,643.0,644.0,656.0,719.0,720.0,756.0,766.0,805.0,823.0,824.0,874.0,881.0,969.0,974.0,
7.0,69.0,82.0,152.0,163.0,206.0,212.0,220.0,228.0,242.0,280.0,352.0,357.0,369.0,371.0,388.0,399.0,432.0,439.0,470.0,550.0,604.0,620.0,624.0,633.0,684.0,711.0,729.0,730.0,731.0,739.0,751.0,764.0,777.0,837.0,841.0,842.0,867.0,900.0,920.0,928.0,931.0,941.0,
12.0,13.0,20.0,29.0,47.0,133.0,159.0,194.0,195.0,232.0,235.0,238.0,283.0,350.0,365.0,415.0,431.0,438.0,477.0,507.0,511.0,525.0,540.0,548.0,559.0,567.0,569.0,572.0,580.0,585.0,590.0,597.0,603.0,616.0,626.0,644.0,718.0,746.0,751.0,752.0,756.0,756.0,765.0,773.0,829.0,876.0,897.0,935.0,945.0,952.0,970.0,972.0,
32.0,80.0,98.0,99.0,112.0,124.0,155.0,169.0,238.0,274.0,298.0,307.0,346.0,377.0,403.0,409.0,456.0,464.0,501.0,527.0,530.0,537.0,537.0,541.0,548.0,548.0,549.0,549.0,551.0,552.0,554.0,567.0,581.0,585.0,600.0,608.0,609.0,614.0,620.0,628.0,632.0,635.0,642.0,642.0,646.0,667.0,671.0,683.0,689.0,691.0,728.0,734.0,744.0,752.0,787.0,808.0,827.0,833.0,848.0,852.0,863.0,869.0,885.0,887.0,906.0,936.0,940.0,946.0,956.0,
49.0,61.0,87.0,103.0,134.0,172.0,173.0,174.0,258.0,302.0,350.0,363.0,533.0,536.0,541.0,543.0,554.0,555.0,566.0,572.0,594.0,596.0,597.0,598.0,614.0,616.0,619.0,623.0,633.0,652.0,659.0,666.0,667.0,668.0,668.0,672.0,685.0,685.0,686.0,692.0,700.0,725.0,744.0,753.0,767.0,777.0,870.0,877.0,957.0,960.0,965.0,968.0,993.0,
37.0,71.0,97.0,107.0,108.0,128.0,199.0,290.0,312.0,387.0,399.0,411.0,508.0,528.0,529.0,543.0,552.0,552.0,558.0,578.0,580.0,581.0,585.0,602.0,608.0,609.0,610.0,621.0,626.0,634.0,644.0,652.0,662.0,683.0,718.0,730.0,739.0,750.0,783.0,819.0,826.0,924.0,929.0,955.0,
19.0,28.0,117.0,138.0,155.0,194.0,255.0,261.0,268.0,298.0,445.0,445.0,502.0,504.0,513.0,521.0,522.0,529.0,533.0,536.0,541.0,546.0,551.0,554.0,555.0,563.0,563.0,563.0,564.0,565.0,567.0,575.0,581.0,585.0,589.0,594.0,594.0,610.0,610.0,623.0,631.0,635.0,642.0,645.0,662.0,672.0,675.0,682.0,703.0,744.0,773.0,822.0,823.0,835.0,845.0,854.0,855.0,861.0,872.0,872.0,881.0,882.0,884.0,904.0,907.0,911.0,977.0,985.0,991.0,
14.0,27.0,83.0,85.0,113.0,168.0,193.0,275.0,311.0,365.0,380.0,404.0,407.0,413.0,427.0,427.0,428.0,458.0,458.0,467.0,523.0,533.0,540.0,543.0,559.0,571.0,588.0,590.0,592.0,592.0,596.0,597.0,604.0,606.0,611.0,651.0,657.0,670.0,684.0,710.0,720.0,760.0,773.0,777.0,804.0,813.0,820.0,827.0,833.0,836.0,844.0,890.0,900.0,906.0,932.0,934.0,935.0,938.0,944.0,952.0,957.0,958.0,980.0,992.0,
5.0,27.0,31.0,98.0,133.0,152.0,177.0,182.0,213.0,228.0,245.0,245.0,249.0,288.0,339.0,344.0,345.0,349.0,398.0,414.0,436.0,464.0,474.0,514.0,537.0,538.0,541.0,552.0,552.0,553.0,565.0,568.0,569.0,574.0,587.0,594.0,626.0,629.0,646.0,706.0,725.0,728.0,742.0,776.0,780.0,808.0,887.0,915.0,920.0,925.0,940.0,945.0,
32.0,58.0,84.0,137.0,140.0,157.0,193.0,264.0,275.0,293.0,388.0,416.0,429.0,435.0,473.0,482.0,496.0,520.0,561.0,659.0,674.0,686.0,704.0,721.0,757.0,845.0,946.0,960.0,
37.0,59.0,63.0,66.0,74.0,76.0,225.0,265.0,290.0,305.0,330.0,340.0,343.0,359.0,377.0,440.0,486.0,489.0,501.0,524.0,526.0,528.0,556.0,578.0,594.0,617.0,634.0,649.0,708.0,718.0,746.0,763.0,828.0,831.0,835.0,853.0,867.0,880.0,880.0,894.0,920.0,
13.0,13.0,37.0,70.0,81.0,109.0,111.0,158.0,210.0,238.0,240.0,270.0,302.0,321.0,329.0,360.0,369.0,401.0,410.0,440.0,464.0,515.0,521.0,535.0,540.0,540.0,589.0,602.0,636.0,673.0,722.0,752.0,768.0,786.0,845.0,908.0,950.0,991.0,
7.0,21.0,28.0,44.0,52.0,78.0,125.0,136.0,177.0,213.0,214.0,240.0,306.0,374.0,393.0,424.0,443.0,471.0,543.0,548.0,548.0,550.0,550.0,552.0,560.0,565.0,570.0,571.0,574.0,577.0,580.0,587.0,590.0,601.0,614.0,652.0,687.0,712.0,720.0,741.0,742.0,753.0,764.0,823.0,828.0,987.0,994.0,
41.0,102.0,133.0,151.0,215.0,250.0,272.0,319.0,321.0,321.0,321.0,349.0,390.0,394.0,403.0,412.0,412.0,454.0,458.0,536.0,542.0,544.0,547.0,551.0,559.0,566.0,569.0,572.0,578.0,580.0,584.0,597.0,602.0,605.0,625.0,631.0,655.0,658.0,666.0,692.0,698.0,713.0,713.0,741.0,788.0,791.0,812.0,822.0,836.0,899.0,904.0,938.0,954.0,992.0,
8.0,43.0,61.0,136.0,148.0,292.0,326.0,347.0,355.0,378.0,382.0,391.0,435.0,519.0,524.0,538.0,545.0,548.0,552.0,560.0,560.0,565.0,567.0,569.0,570.0,585.0,594.0,599.0,607.0,622.0,642.0,642.0,648.0,651.0,663.0,672.0,677.0,697.0,712.0,731.0,735.0,771.0,773.0,779.0,811.0,842.0,878.0,897.0,916.0,963.0,
6.0,32.0,33.0,58.0,61.0,72.0,142.0,202.0,234.0,262.0,262.0,277.0,283.0,291.0,307.0,334.0,343.0,353.0,355.0,415.0,449.0,450.0,500.0,513.0,516.0,522.0,523.0,534.0,548.0,550.0,553.0,563.0,567.0,577.0,580.0,581.0,583.0,583.0,590.0,593.0,597.0,622.0,635.0,662.0,667.0,670.0,699.0,722.0,790.0,792.0,794.0,799.0,851.0,872.0,881.0,902.0,917.0,922.0,936.0,
7.0,14.0,18.0,25.0,53.0,150.0,162.0,165.0,194.0,201.0,207.0,269.0,291.0,292.0,304.0,308.0,309.0,367.0,373.0,389.0,399.0,402.0,436.0,445.0,457.0,502.0,512.0,518.0,521.0,536.0,543.0,546.0,558.0,560.0,569.0,574.0,578.0,579.0,590.0,594.0,600.0,607.0,609.0,619.0,633.0,648.0,680.0,691.0,704.0,708.0,708.0,719.0,739.0,776.0,801.0,802.0,831.0,863.0,879.0,897.0,902.0,908.0,909.0,938.0,956.0,986.0,
34.0,35.0,40.0,80.0,119.0,138.0,197.0,202.0,212.0,245.0,251.0,459.0,521.0,530.0,532.0,535.0,538.0,541.0,545.0,545.0,548.0,551.0,553.0,553.0,555.0,564.0,569.0,572.0,574.0,591.0,594.0,595.0,600.0,602.0,606.0,611.0,611.0,653.0,654.0,661.0,666.0,668.0,684.0,688.0,690.0,692.0,710.0,719.0,728.0,741.0,747.0,795.0,812.0,818.0,829.0,834.0,866.0,883.0,916.0,918.0,921.0,928.0,938.0,949.0,957.0,965.0,968.0,970.0,991.0,
28.0,38.0,62.0,63.0,89.0,98.0,119.0,180.0,213.0,214.0,222.0,254.0,254.0,364.0,366.0,405.0,435.0,489.0,513.0,521.0,530.0,531.0,541.0,542.0,543.0,548.0,550.0,558.0,564.0,569.0,574.0,577.0,580.0,594.0,604.0,611.0,613.0,625.0,630.0,631.0,675.0,740.0,776.0,807.0,812.0,813.0,839.0,855.0,875.0,912.0,932.0,945.0,948.0,968.0,
4.0,29.0,37.0,55.0,126.0,127.0,151.0,185.0,234.0,258.0,266.0,289.0,327.0,379.0,404.0,430.0,438.0,501.0,507.0,528.0,528.0,537.0,542.0,627.0,635.0,652.0,740.0,852.0,901.0,917.0,921.0,954.0,983.0,
7.0,10.0,14.0,15.0,58.0,90.0,230.0,240.0,301.0,316.0,338.0,403.0,422.0,435.0,453.0,459.0,468.0,483.0,495.0,556.0,601.0,629.0,683.0,689.0,690.0,705.0,722.0,755.0,762.0,855.0,868.0,893.0,939.0,940.0,946.0,991.0,995.0,
10.0,64.0,77.0,84.0,107.0,148.0,202.0,206.0,210.0,227.0,246.0,254.0,283.0,303.0,369.0,391.0,419.0,460.0,490.0,516.0,527.0,532.0,545.0,549.0,632.0,781.0,790.0,831.0,878.0,904.0,938.0,948.0,
42.0,53.0,107.0,112.0,140.0,166.0,191.0,209.0,256.0,269.0,282.0,297.0,308.0,327.0,338.0,405.0,413.0,420.0,455.0,466.0,490.0,506.0,519.0,538.0,539.0,543.0,546.0,546.0,561.0,568.0,571.0,580.0,593.0,594.0,596.0,617.0,644.0,651.0,678.0,746.0,799.0,837.0,846.0,853.0,881.0,903.0,924.0,925.0,926.0,
48.0,67.0,96.0,143.0,145.0,151.0,168.0,185.0,189.0,199.0,207.0,242.0,279.0,286.0,301.0,308.0,311.0,316.0,355.0,373.0,461.0,485.0,488.0,518.0,526.0,532.0,537.0,539.0,540.0,540.0,544.0,547.0,549.0,550.0,553.0,554.0,555.0,556.0,559.0,559.0,561.0,568.0,570.0,577.0,580.0,583.0,584.0,588.0,591.0,598.0,602.0,607.0,608.0,608.0,612.0,616.0,645.0,647.0,650.0,668.0,670.0,674.0,683.0,715.0,730.0,742.0,746.0,751.0,751.0,756.0,782.0,784.0,832.0,832.0,847.0,869.0,896.0,902.0,933.0,943.0,956.0,972.0,988.0,993.0,
13.0,16.0,52.0,98.0,133.0,192.0,207.0,224.0,295.0,315.0,372.0,405.0,431.0,448.0,454.0,509.0,522.0,530.0,539.0,539.0,542.0,543.0,553.0,557.0,561.0,565.0,568.0,589.0,593.0,604.0,608.0,613.0,623.0,624.0,624.0,649.0,653.0,666.0,676.0,686.0,688.0,693.0,702.0,724.0,751.0,760.0,767.0,778.0,792.0,813.0,834.0,862.0,900.0,904.0,905.0,906.0,911.0,941.0,981.0,
15.0,16.0,19.0,19.0,140.0,151.0,198.0,236.0,301.0,303.0,333.0,361.0,366.0,424.0,445.0,504.0,520.0,531.0,534.0,535.0,537.0,539.0,548.0,549.0,559.0,561.0,563.0,566.0,567.0,576.0,576.0,577.0,581.0,590.0,591.0,594.0,598.0,635.0,658.0,689.0,697.0,706.0,728.0,738.0,738.0,745.0,753.0,760.0,761.0,762.0,786.0,798.0,862.0,875.0,888.0,910.0,937.0,939.0,943.0,960.0,984.0,
48.0,58.0,107.0,138.0,139.0,207.0,235.0,339.0,355.0,437.0,461.0,487.0,512.0,516.0,526.0,536.0,548.0,560.0,563.0,566.0,570.0,588.0,594.0,598.0,606.0,613.0,622.0,629.0,650.0,657.0,669.0,671.0,698.0,718.0,720.0,724.0,724.0,725.0,726.0,768.0,814.0,855.0,858.0,867.0,894.0,898.0,944.0,983.0,983.0,988.0,
51.0,77.0,100.0,107.0,115.0,132.0,144.0,174.0,199.0,217.0,218.0,239.0,263.0,309.0,321.0,322.0,346.0,349.0,358.0,359.0,360.0,375.0,443.0,461.0,478.0,496.0,501.0,516.0,517.0,527.0,532.0,541.0,542.0,544.0,549.0,558.0,563.0,571.0,580.0,580.0,583.0,590.0,590.0,602.0,616.0,622.0,626.0,630.0,631.0,635.0,658.0,667.0,669.0,670.0,681.0,688.0,727.0,740.0,740.0,747.0,752.0,774.0,776.0,781.0,787.0,794.0,825.0,827.0,839.0,907.0,939.0,973.0,976.0,977.0,991.0,996.0,
59.0,119.0,120.0,127.0,160.0,193.0,204.0,226.0,274.0,279.0,295.0,345.0,402.0,408.0,420.0,484.0,511.0,512.0,530.0,539.0,543.0,547.0,577.0,596.0,600.0,620.0,620.0,634.0,643.0,657.0,660.0,677.0,715.0,718.0,752.0,754.0,799.0,834.0,841.0,870.0,891.0,901.0,916.0,922.0,956.0,965.0,976.0,
28.0,30.0,35.0,37.0,45.0,73.0,98.0,110.0,110.0,127.0,171.0,187.0,246.0,254.0,260.0,291.0,314.0,332.0,418.0,427.0,452.0,458.0,481.0,497.0,555.0,589.0,601.0,609.0,713.0,740.0,798.0,812.0,822.0,872.0,894.0,955.0,
49.0,67.0,87.0,99.0,142.0,159.0,164.0,182.0,202.0,209.0,225.0,270.0,294.0,306.0,342.0,359.0,360.0,371.0,379.0,425.0,431.0,472.0,503.0,556.0,636.0,667.0,734.0,760.0,870.0,883.0,892.0,912.0,912.0,932.0,959.0,981.0,
33.0,126.0,154.0,197.0,208.0,215.0,218.0,226.0,227.0,256.0,275.0,276.0,339.0,358.0,411.0,421.0,433.0,512.0,522.0,525.0,535.0,566.0,591.0,613.0,622.0,694.0,729.0,739.0,755.0,813.0,854.0,864.0,898.0,988.0,
12.0,32.0,42.0,59.0,73.0,120.0,134.0,174.0,254.0,257.0,273.0,276.0,305.0,336.0,337.0,350.0,359.0,363.0,393.0,397.0,402.0,480.0,481.0,495.0,526.0,531.0,567.0,575.0,643.0,782.0,810.0,812.0,870.0,956.0,961.0,984.0,
127.0,132.0,150.0,173.0,220.0,264.0,390.0,402.0,406.0,454.0,465.0,465.0,472.0,531.0,535.0,538.0,541.0,541.0,551.0,573.0,574.0,579.0,581.0,604.0,608.0,614.0,617.0,623.0,633.0,639.0,648.0,672.0,675.0,680.0,713.0,714.0,715.0,755.0,793.0,793.0,816.0,817.0,823.0,824.0,824.0,826.0,833.0,867.0,895.0,909.0,918.0,928.0,950.0,953.0,957.0,959.0,964.0,977.0,
15.0,22.0,126.0,147.0,186.0,189.0,198.0,204.0,234.0,288.0,303.0,312.0,343.0,366.0,373.0,404.0,413.0,524.0,528.0,530.0,532.0,533.0,537.0,538.0,541.0,549.0,549.0,551.0,570.0,576.0,592.0,594.0,598.0,613.0,625.0,649.0,656.0,658.0,664.0,666.0,669.0,675.0,678.0,680.0,706.0,721.0,730.0,736.0,771.0,796.0,799.0,817.0,838.0,849.0,852.0,865.0,888.0,890.0,916.0,917.0,974.0,979.0,988.0,993.0,997.0,
16.0,139.0,146.0,246.0,265.0,275.0,276.0,287.0,313.0,348.0,348.0,366.0,393.0,431.0,438.0,460.0,462.0,483.0,499.0,501.0,514.0,522.0,525.0,528.0,533.0,533.0,540.0,540.0,541.0,542.0,544.0,544.0,548.0,548.0,556.0,556.0,565.0,566.0,567.0,571.0,572.0,579.0,580.0,589.0,593.0,603.0,609.0,615.0,620.0,625.0,628.0,641.0,644.0,649.0,653.0,654.0,667.0,674.0,681.0,685.0,687.0,687.0,689.0,713.0,721.0,723.0,728.0,732.0,754.0,785.0,796.0,797.0,833.0,842.0,853.0,858.0,868.0,868.0,922.0,937.0,940.0,941.0,944.0,947.0,958.0,965.0,986.0,992.0,
30.0,31.0,39.0,146.0,197.0,209.0,215.0,218.0,222.0,288.0,294.0,295.0,313.0,378.0,468.0,489.0,491.0,498.0,513.0,514.0,522.0,524.0,527.0,535.0,536.0,536.0,541.0,542.0,545.0,560.0,563.0,566.0,568.0,571.0,573.0,577.0,577.0,578.0,579.0,585.0,593.0,598.0,600.0,610.0,610.0,636.0,638.0,681.0,685.0,689.0,693.0,722.0,733.0,748.0,768.0,799.0,806.0,815.0,816.0,852.0,869.0,889.0,912.0,938.0,948.0,949.0,963.0,974.0,995.0,
6.0,9.0,124.0,161.0,219.0,252.0,298.0,323.0,326.0,486.0,532.0,534.0,538.0,544.0,545.0,547.0,558.0,559.0,562.0,591.0,591.0,600.0,612.0,614.0,618.0,626.0,636.0,651.0,651.0,657.0,660.0,695.0,706.0,716.0,717.0,720.0,745.0,752.0,772.0,774.0,792.0,810.0,827.0,842.0,853.0,862.0,874.0,877.0,879.0,889.0,895.0,924.0,928.0,933.0,948.0,958.0,961.0,970.0,976.0,
8.0,35.0,71.0,100.0,142.0,157.0,334.0,338.0,393.0,415.0,448.0,527.0,637.0,638.0,661.0,694.0,717.0,733.0,770.0,842.0,853.0,884.0,902.0,956.0,971.0,985.0,990.0,
20.0,26.0,39.0,51.0,69.0,71.0,118.0,128.0,128.0,134.0,216.0,299.0,348.0,353.0,373.0,387.0,413.0,414.0,426.0,427.0,478.0,546.0,594.0,610.0,621.0,639.0,639.0,642.0,684.0,723.0,737.0,764.0,839.0,882.0,908.0,945.0,
36.0,43.0,73.0,77.0,90.0,90.0,103.0,105.0,137.0,163.0,164.0,181.0,217.0,246.0,268.0,293.0,299.0,330.0,331.0,334.0,345.0,350.0,361.0,381.0,384.0,396.0,439.0,462.0,528.0,530.0,596.0,655.0,658.0,662.0,664.0,686.0,694.0,741.0,756.0,771.0,783.0,789.0,812.0,824.0,874.0,881.0,887.0,920.0,940.0,966.0,984.0,989.0,990.0,
32.0,42.0,61.0,96.0,112.0,115.0,156.0,165.0,213.0,224.0,237.0,277.0,311.0,318.0,376.0,397.0,408.0,461.0,468.0,489.0,507.0,540.0,560.0,591.0,701.0,735.0,738.0,748.0,753.0,761.0,795.0,799.0,806.0,814.0,836.0,855.0,882.0,911.0,934.0,965.0,985.0,
4.0,62.0,98.0,157.0,162.0,196.0,199.0,228.0,253.0,262.0,265.0,347.0,376.0,409.0,442.0,467.0,546.0,565.0,599.0,665.0,690.0,723.0,752.0,825.0,836.0,878.0,907.0,912.0,953.0,964.0,
14.0,49.0,59.0,105.0,121.0,189.0,199.0,199.0,291.0,307.0,336.0,343.0,348.0,373.0,418.0,502.0,566.0,581.0,583.0,594.0,598.0,670.0,674.0,701.0,728.0,786.0,832.0,877.0,904.0,910.0,988.0,998.0,
3.0,13.0,33.0,52.0,79.0,115.0,155.0,205.0,240.0,321.0,322.0,333.0,375.0,398.0,399.0,405.0,416.0,428.0,429.0,456.0,462.0,497.0,527.0,529.0,529.0,534.0,535.0,574.0,583.0,598.0,628.0,651.0,705.0,729.0,776.0,793.0,793.0,798.0,808.0,885.0,901.0,929.0,978.0,1000.0,
18.0,29.0,38.0,81.0,84.0,122.0,150.0,175.0,179.0,188.0,255.0,293.0,367.0,424.0,519.0,535.0,541.0,554.0,554.0,556.0,581.0,600.0,601.0,632.0,635.0,655.0,657.0,661.0,684.0,687.0,697.0,702.0,708.0,719.0,786.0,830.0,837.0,865.0,883.0,902.0,914.0,933.0,984.0,987.0,993.0,
29.0,47.0,53.0,159.0,199.0,218.0,219.0,254.0,262.0,265.0,376.0,423.0,485.0,494.0,501.0,508.0,533.0,543.0,553.0,565.0,569.0,573.0,578.0,604.0,622.0,651.0,659.0,675.0,696.0,738.0,760.0,780.0,804.0,844.0,848.0,863.0,869.0,885.0,893.0,899.0,944.0,957.0,978.0,
32.0,46.0,145.0,195.0,227.0,240.0,253.0,259.0,271.0,349.0,355.0,435.0,482.0,493.0,552.0,559.0,621.0,711.0,744.0,791.0,830.0,855.0,891.0,930.0,965.0,
4.0,21.0,47.0,100.0,105.0,139.0,183.0,262.0,264.0,269.0,275.0,292.0,311.0,323.0,372.0,388.0,419.0,425.0,470.0,480.0,491.0,517.0,520.0,539.0,544.0,570.0,681.0,742.0,764.0,765.0,779.0,798.0,812.0,936.0,980.0,
7.0,31.0,60.0,84.0,134.0,159.0,220.0,246.0,255.0,278.0,292.0,319.0,360.0,370.0,413.0,417.0,450.0,488.0,546.0,549.0,566.0,582.0,631.0,639.0,647.0,662.0,693.0,735.0,793.0,800.0,833.0,849.0,868.0,979.0,996.0,
5.0,29.0,84.0,124.0,127.0,278.0,303.0,325.0,352.0,363.0,457.0,458.0,480.0,503.0,559.0,570.0,583.0,628.0,711.0,721.0,722.0,764.0,785.0,798.0,805.0,830.0,848.0,866.0,906.0,906.0,934.0,969.0,969.0,971.0,
31.0,73.0,97.0,115.0,178.0,233.0,281.0,319.0,348.0,402.0,501.0,519.0,547.0,550.0,570.0,584.0,632.0,649.0,682.0,803.0,803.0,809.0,822.0,831.0,858.0,877.0,886.0,893.0,901.0,902.0,988.0,
18.0,71.0,262.0,285.0,294.0,340.0,351.0,384.0,424.0,442.0,454.0,454.0,471.0,477.0,512.0,548.0,559.0,575.0,582.0,585.0,592.0,597.0,602.0,602.0,612.0,646.0,681.0,685.0,688.0,710.0,724.0,751.0,758.0,766.0,811.0,833.0,847.0,857.0,881.0,893.0,916.0,924.0,988.0,990.0,
13.0,46.0,120.0,129.0,158.0,165.0,192.0,217.0,221.0,228.0,271.0,271.0,281.0,308.0,354.0,362.0,432.0,445.0,453.0,507.0,538.0,546.0,637.0,686.0,698.0,699.0,927.0,
79.0,129.0,131.0,194.0,237.0,242.0,260.0,319.0,323.0,326.0,337.0,341.0,344.0,384.0,386.0,403.0,417.0,424.0,431.0,448.0,458.0,506.0,606.0,695.0,734.0,752.0,889.0,925.0,948.0,948.0,983.0,
21.0,55.0,55.0,58.0,66.0,181.0,260.0,271.0,309.0,317.0,355.0,357.0,418.0,451.0,480.0,494.0,601.0,619.0,706.0,728.0,777.0,785.0,859.0,883.0,931.0,946.0,947.0,968.0,
9.0,9.0,27.0,85.0,110.0,129.0,150.0,162.0,181.0,183.0,243.0,269.0,273.0,330.0,384.0,452.0,455.0,524.0,625.0,627.0,635.0,650.0,712.0,717.0,721.0,776.0,829.0,848.0,852.0,855.0,888.0,911.0,970.0,976.0,987.0,
41.0,58.0,112.0,115.0,119.0,139.0,176.0,181.0,213.0,214.0,228.0,235.0,242.0,242.0,284.0,293.0,309.0,344.0,347.0,354.0,366.0,368.0,386.0,399.0,403.0,405.0,419.0,469.0,558.0,595.0,703.0,728.0,743.0,802.0,804.0,818.0,821.0,868.0,872.0,874.0,923.0,991.0,
19.0,48.0,54.0,115.0,141.0,158.0,187.0,214.0,220.0,229.0,244.0,287.0,296.0,313.0,396.0,413.0,459.0,506.0,516.0,540.0,541.0,569.0,588.0,602.0,629.0,683.0,698.0,732.0,733.0,752.0,764.0,799.0,804.0,915.0,925.0,941.0,974.0,994.0,998.0,
39.0,76.0,90.0,105.0,130.0,161.0,172.0,178.0,180.0,190.0,244.0,260.0,263.0,285.0,316.0,376.0,379.0,395.0,422.0,454.0,475.0,518.0,519.0,532.0,563.0,569.0,606.0,619.0,638.0,663.0,670.0,688.0,689.0,710.0,761.0,809.0,838.0,862.0,911.0,916.0,958.0,
