45.0,56.0,127.0,165.0,173.0,186.0,206.0,218.0,230.0,255.0,327.0,343.0,396.0,426.0,434.0,461.0,479.0,491.0,507.0,527.0,541.0,557.0,576.0,649.0,708.0,710.0,733.0,795.0,888.0,967.0,996.0,
29.0,41.0,88.0,89.0,98.0,130.0,152.0,153.0,193.0,257.0,300.0,348.0,421.0,477.0,487.0,522.0,522.0,568.0,605.0,630.0,638.0,651.0,672.0,696.0,735.0,750.0,762.0,808.0,812.0,841.0,843.0,881.0,892.0,898.0,915.0,917.0,922.0,971.0,987.0,
13.0,43.0,87.0,96.0,220.0,241.0,264.0,295.0,304.0,311.0,361.0,406.0,409.0,419.0,512.0,535.0,542.0,594.0,605.0,664.0,709.0,717.0,810.0,825.0,857.0,872.0,886.0,887.0,900.0,924.0,930.0,981.0,990.0,
42.0,43.0,53.0,81.0,110.0,118.0,120.0,169.0,224.0,268.0,302.0,304.0,335.0,342.0,357.0,370.0,395.0,411.0,422.0,436.0,454.0,457.0,516.0,531.0,537.0,540.0,544.0,547.0,558.0,572.0,576.0,647.0,651.0,663.0,674.0,676.0,718.0,751.0,773.0,792.0,807.0,822.0,841.0,885.0,918.0,950.0,995.0,
46.0,69.0,112.0,152.0,170.0,200.0,212.0,245.0,260.0,275.0,295.0,340.0,343.0,375.0,417.0,419.0,424.0,429.0,441.0,496.0,504.0,531.0,553.0,563.0,599.0,650.0,650.0,654.0,657.0,665.0,740.0,755.0,785.0,804.0,812.0,865.0,877.0,889.0,915.0,923.0,931.0,961.0,996.0,996.0,
5.0,45.0,60.0,97.0,108.0,113.0,144.0,174.0,231.0,256.0,262.0,341.0,371.0,382.0,421.0,423.0,467.0,594.0,707.0,710.0,715.0,738.0,744.0,753.0,757.0,821.0,848.0,873.0,904.0,923.0,927.0,942.0,946.0,955.0,972.0,994.0,
52.0,101.0,111.0,120.0,123.0,177.0,192.0,217.0,231.0,243.0,287.0,326.0,417.0,421.0,479.0,527.0,531.0,588.0,595.0,630.0,649.0,664.0,664.0,677.0,707.0,728.0,736.0,739.0,743.0,771.0,772.0,789.0,793.0,800.0,802.0,823.0,824.0,868.0,876.0,907.0,940.0,980.0,
31.0,51.0,54.0,92.0,130.0,157.0,175.0,198.0,200.0,201.0,280.0,284.0,295.0,308.0,335.0,374.0,435.0,454.0,460.0,473.0,484.0,497.0,518.0,579.0,588.0,590.0,595.0,602.0,610.0,619.0,667.0,681.0,716.0,757.0,782.0,795.0,848.0,863.0,869.0,887.0,920.0,957.0,967.0,
29.0,42.0,65.0,83.0,188.0,247.0,250.0,428.0,429.0,439.0,450.0,454.0,487.0,533.0,537.0,582.0,599.0,613.0,625.0,631.0,633.0,646.0,646.0,661.0,707.0,727.0,744.0,758.0,772.0,782.0,793.0,804.0,859.0,886.0,886.0,894.0,941.0,942.0,994.0,
33.0,99.0,123.0,176.0,193.0,202.0,224.0,274.0,274.0,285.0,301.0,315.0,339.0,344.0,417.0,425.0,429.0,430.0,472.0,473.0,486.0,510.0,523.0,540.0,544.0,545.0,591.0,641.0,676.0,705.0,721.0,737.0,738.0,817.0,833.0,837.0,845.0,875.0,877.0,899.0,902.0,904.0,910.0,987.0,
19.0,48.0,98.0,118.0,158.0,159.0,169.0,179.0,238.0,256.0,257.0,300.0,326.0,348.0,380.0,422.0,467.0,481.0,541.0,546.0,588.0,671.0,678.0,712.0,729.0,748.0,759.0,769.0,807.0,831.0,889.0,912.0,960.0,965.0,980.0,
21.0,25.0,95.0,100.0,116.0,146.0,194.0,199.0,231.0,251.0,271.0,305.0,356.0,372.0,373.0,398.0,562.0,566.0,587.0,600.0,647.0,674.0,675.0,700.0,821.0,878.0,878.0,927.0,932.0,941.0,991.0,994.0,
2.0,5.0,16.0,48.0,78.0,94.0,107.0,120.0,173.0,173.0,216.0,232.0,233.0,288.0,348.0,368.0,390.0,391.0,394.0,402.0,467.0,474.0,515.0,517.0,557.0,601.0,624.0,664.0,708.0,713.0,719.0,753.0,776.0,782.0,786.0,818.0,825.0,848.0,872.0,874.0,879.0,888.0,939.0,947.0,987.0,
16.0,100.0,133.0,134.0,166.0,196.0,202.0,232.0,271.0,309.0,579.0,729.0,743.0,777.0,785.0,826.0,836.0,856.0,857.0,886.0,928.0,932.0,945.0,951.0,983.0,
9.0,35.0,47.0,93.0,107.0,109.0,125.0,150.0,156.0,185.0,267.0,275.0,275.0,310.0,453.0,463.0,493.0,889.0,929.0,934.0,936.0,936.0,939.0,
80.0,81.0,87.0,190.0,198.0,207.0,230.0,241.0,246.0,264.0,271.0,313.0,473.0,479.0,800.0,855.0,986.0,987.0,
93.0,116.0,164.0,175.0,223.0,251.0,258.0,321.0,346.0,372.0,374.0,376.0,419.0,424.0,424.0,436.0,454.0,481.0,688.0,730.0,904.0,942.0,973.0,983.0,
147.0,170.0,185.0,214.0,219.0,227.0,234.0,282.0,313.0,339.0,351.0,410.0,428.0,432.0,433.0,509.0,590.0,630.0,712.0,717.0,729.0,784.0,861.0,955.0,957.0,969.0,979.0,994.0,1000.0,
22.0,53.0,56.0,88.0,94.0,135.0,139.0,236.0,238.0,272.0,284.0,334.0,345.0,345.0,347.0,351.0,354.0,369.0,375.0,375.0,393.0,483.0,501.0,508.0,512.0,513.0,516.0,584.0,604.0,652.0,714.0,728.0,738.0,785.0,788.0,799.0,833.0,852.0,875.0,886.0,903.0,910.0,925.0,932.0,956.0,970.0,988.0,
21.0,22.0,31.0,44.0,46.0,49.0,113.0,161.0,184.0,198.0,222.0,222.0,300.0,513.0,555.0,578.0,607.0,613.0,657.0,660.0,696.0,714.0,741.0,749.0,789.0,790.0,812.0,844.0,851.0,897.0,923.0,930.0,931.0,934.0,940.0,
31.0,46.0,68.0,80.0,89.0,129.0,158.0,197.0,222.0,303.0,331.0,352.0,355.0,365.0,462.0,473.0,481.0,484.0,551.0,579.0,588.0,614.0,620.0,621.0,626.0,631.0,631.0,690.0,690.0,696.0,756.0,821.0,832.0,834.0,861.0,878.0,
28.0,32.0,172.0,174.0,181.0,228.0,290.0,303.0,311.0,314.0,331.0,388.0,401.0,422.0,448.0,488.0,557.0,606.0,609.0,669.0,671.0,677.0,702.0,702.0,722.0,743.0,772.0,794.0,803.0,806.0,935.0,941.0,959.0,964.0,977.0,991.0,996.0,
103.0,110.0,127.0,128.0,147.0,180.0,198.0,229.0,260.0,299.0,300.0,304.0,329.0,345.0,398.0,416.0,474.0,474.0,481.0,505.0,709.0,759.0,845.0,871.0,872.0,948.0,964.0,
60.0,72.0,81.0,94.0,160.0,196.0,210.0,268.0,288.0,324.0,335.0,346.0,355.0,363.0,372.0,434.0,487.0,492.0,495.0,
21.0,33.0,45.0,57.0,85.0,90.0,99.0,109.0,127.0,132.0,138.0,140.0,144.0,146.0,157.0,167.0,194.0,259.0,327.0,375.0,383.0,473.0,
19.0,21.0,21.0,107.0,117.0,134.0,161.0,195.0,204.0,240.0,363.0,386.0,402.0,423.0,497.0,
9.0,41.0,144.0,217.0,256.0,300.0,380.0,404.0,408.0,413.0,417.0,
7.0,20.0,21.0,35.0,36.0,67.0,81.0,83.0,126.0,153.0,212.0,281.0,292.0,309.0,323.0,350.0,397.0,404.0,458.0,480.0,492.0,498.0,
5.0,23.0,95.0,111.0,135.0,172.0,181.0,195.0,198.0,209.0,232.0,262.0,269.0,350.0,364.0,364.0,375.0,429.0,435.0,461.0,475.0,499.0,499.0,501.0,713.0,763.0,782.0,789.0,808.0,872.0,878.0,932.0,932.0,981.0,992.0,
55.0,93.0,137.0,164.0,168.0,198.0,202.0,255.0,302.0,313.0,330.0,389.0,396.0,426.0,434.0,518.0,604.0,614.0,625.0,636.0,638.0,689.0,691.0,704.0,709.0,716.0,720.0,732.0,760.0,769.0,813.0,819.0,830.0,841.0,842.0,875.0,881.0,885.0,895.0,903.0,914.0,959.0,991.0,999.0,
61.0,132.0,142.0,147.0,149.0,156.0,199.0,202.0,319.0,391.0,393.0,395.0,411.0,438.0,444.0,457.0,508.0,547.0,596.0,630.0,649.0,656.0,666.0,686.0,692.0,695.0,749.0,769.0,785.0,838.0,890.0,927.0,942.0,952.0,980.0,
4.0,26.0,41.0,44.0,71.0,176.0,177.0,222.0,259.0,274.0,295.0,332.0,351.0,398.0,410.0,432.0,442.0,449.0,477.0,630.0,658.0,662.0,733.0,741.0,752.0,758.0,782.0,786.0,789.0,869.0,873.0,879.0,
14.0,24.0,43.0,79.0,93.0,94.0,122.0,148.0,179.0,248.0,296.0,358.0,365.0,373.0,373.0,391.0,444.0,463.0,474.0,511.0,
29.0,32.0,73.0,85.0,91.0,92.0,122.0,133.0,147.0,153.0,164.0,191.0,193.0,211.0,212.0,243.0,248.0,259.0,353.0,365.0,374.0,389.0,458.0,898.0,
94.0,105.0,127.0,146.0,174.0,212.0,288.0,301.0,335.0,340.0,387.0,388.0,398.0,407.0,407.0,417.0,421.0,453.0,469.0,476.0,483.0,808.0,810.0,949.0,954.0,958.0,963.0,
83.0,145.0,146.0,154.0,187.0,195.0,200.0,311.0,311.0,334.0,339.0,377.0,396.0,426.0,470.0,490.0,807.0,839.0,894.0,939.0,995.0,
27.0,32.0,57.0,78.0,81.0,99.0,127.0,137.0,143.0,175.0,283.0,288.0,303.0,330.0,369.0,405.0,446.0,490.0,493.0,831.0,956.0,
15.0,50.0,87.0,137.0,138.0,170.0,243.0,277.0,301.0,307.0,323.0,388.0,468.0,469.0,497.0,783.0,
23.0,52.0,54.0,78.0,88.0,90.0,97.0,107.0,169.0,185.0,247.0,249.0,288.0,293.0,302.0,313.0,337.0,400.0,454.0,504.0,
22.0,36.0,74.0,75.0,83.0,87.0,124.0,130.0,132.0,170.0,195.0,230.0,293.0,305.0,323.0,331.0,340.0,395.0,402.0,412.0,420.0,423.0,455.0,455.0,473.0,484.0,500.0,507.0,509.0,596.0,630.0,646.0,690.0,704.0,729.0,762.0,809.0,831.0,857.0,881.0,897.0,903.0,921.0,945.0,960.0,977.0,
5.0,34.0,39.0,72.0,95.0,118.0,120.0,157.0,190.0,195.0,238.0,263.0,300.0,385.0,424.0,495.0,499.0,529.0,580.0,596.0,603.0,605.0,615.0,617.0,697.0,739.0,778.0,796.0,800.0,800.0,812.0,863.0,887.0,907.0,922.0,923.0,925.0,979.0,988.0,
27.0,108.0,119.0,127.0,128.0,134.0,150.0,170.0,172.0,229.0,284.0,288.0,332.0,401.0,411.0,419.0,427.0,464.0,509.0,759.0,773.0,795.0,866.0,
40.0,76.0,124.0,146.0,165.0,208.0,272.0,290.0,318.0,394.0,422.0,446.0,455.0,473.0,484.0,
40.0,43.0,55.0,72.0,127.0,156.0,217.0,235.0,238.0,337.0,354.0,357.0,365.0,369.0,404.0,452.0,455.0,458.0,459.0,473.0,475.0,848.0,
46.0,53.0,82.0,99.0,150.0,198.0,207.0,211.0,249.0,299.0,410.0,419.0,420.0,438.0,467.0,876.0,898.0,
6.0,19.0,30.0,126.0,131.0,144.0,163.0,174.0,190.0,208.0,249.0,264.0,396.0,450.0,507.0,794.0,986.0,
6.0,8.0,33.0,69.0,73.0,88.0,142.0,182.0,189.0,207.0,217.0,229.0,245.0,263.0,279.0,313.0,316.0,331.0,332.0,366.0,371.0,392.0,467.0,496.0,835.0,974.0,
63.0,90.0,90.0,160.0,231.0,280.0,295.0,296.0,302.0,322.0,328.0,415.0,459.0,489.0,502.0,781.0,823.0,892.0,896.0,
21.0,57.0,129.0,137.0,190.0,198.0,211.0,212.0,216.0,232.0,327.0,330.0,339.0,391.0,401.0,407.0,472.0,475.0,503.0,505.0,
2.0,73.0,122.0,147.0,173.0,193.0,197.0,199.0,214.0,223.0,325.0,340.0,354.0,357.0,387.0,407.0,411.0,451.0,489.0,501.0,787.0,796.0,839.0,870.0,892.0,941.0,949.0,
66.0,83.0,96.0,104.0,146.0,167.0,172.0,183.0,193.0,199.0,204.0,218.0,253.0,267.0,294.0,299.0,316.0,334.0,351.0,402.0,491.0,509.0,549.0,551.0,563.0,584.0,599.0,619.0,619.0,620.0,659.0,665.0,721.0,726.0,737.0,754.0,756.0,800.0,823.0,848.0,877.0,882.0,885.0,896.0,949.0,965.0,989.0,995.0,
4.0,7.0,10.0,11.0,32.0,53.0,72.0,73.0,102.0,277.0,308.0,358.0,431.0,447.0,460.0,473.0,481.0,490.0,916.0,
6.0,16.0,40.0,71.0,152.0,159.0,175.0,203.0,209.0,222.0,282.0,296.0,338.0,349.0,376.0,392.0,420.0,437.0,
2.0,54.0,117.0,132.0,135.0,169.0,169.0,182.0,210.0,225.0,238.0,255.0,265.0,294.0,341.0,346.0,356.0,382.0,388.0,424.0,433.0,447.0,453.0,476.0,511.0,890.0,893.0,915.0,
43.0,65.0,173.0,180.0,195.0,197.0,204.0,211.0,213.0,243.0,255.0,318.0,400.0,407.0,417.0,418.0,423.0,442.0,444.0,489.0,493.0,497.0,776.0,825.0,936.0,939.0,947.0,963.0,
38.0,47.0,89.0,107.0,115.0,181.0,239.0,287.0,333.0,359.0,365.0,396.0,436.0,457.0,842.0,945.0,
33.0,44.0,88.0,158.0,175.0,193.0,224.0,258.0,304.0,320.0,345.0,431.0,443.0,481.0,716.0,781.0,937.0,951.0,
32.0,89.0,93.0,132.0,140.0,160.0,178.0,190.0,327.0,336.0,344.0,497.0,775.0,789.0,877.0,921.0,
15.0,17.0,31.0,43.0,123.0,142.0,157.0,181.0,228.0,269.0,273.0,273.0,282.0,336.0,340.0,382.0,395.0,432.0,457.0,
4.0,6.0,24.0,25.0,31.0,32.0,34.0,67.0,89.0,105.0,125.0,174.0,196.0,197.0,224.0,239.0,253.0,261.0,283.0,300.0,315.0,327.0,329.0,418.0,425.0,451.0,
2.0,2.0,4.0,54.0,88.0,92.0,231.0,273.0,331.0,346.0,404.0,415.0,422.0,424.0,436.0,454.0,457.0,503.0,551.0,557.0,637.0,706.0,877.0,880.0,885.0,
28.0,36.0,44.0,59.0,76.0,109.0,147.0,158.0,187.0,224.0,228.0,281.0,327.0,386.0,391.0,435.0,455.0,499.0,504.0,808.0,813.0,829.0,833.0,938.0,985.0,
3.0,31.0,67.0,70.0,126.0,136.0,162.0,171.0,175.0,191.0,241.0,264.0,269.0,327.0,336.0,378.0,387.0,403.0,412.0,418.0,423.0,451.0,460.0,465.0,483.0,486.0,
20.0,49.0,60.0,109.0,136.0,195.0,221.0,345.0,348.0,353.0,405.0,419.0,432.0,452.0,505.0,783.0,847.0,
8.0,112.0,122.0,123.0,156.0,161.0,167.0,203.0,211.0,326.0,332.0,344.0,436.0,442.0,749.0,842.0,844.0,856.0,945.0,954.0,961.0,
42.0,47.0,99.0,111.0,177.0,211.0,226.0,281.0,299.0,307.0,342.0,446.0,459.0,464.0,918.0,935.0,964.0,
19.0,39.0,84.0,104.0,105.0,112.0,154.0,195.0,201.0,230.0,298.0,303.0,371.0,415.0,434.0,451.0,476.0,506.0,737.0,900.0,925.0,935.0,953.0,974.0,
15.0,23.0,38.0,43.0,64.0,78.0,196.0,201.0,204.0,240.0,292.0,296.0,335.0,396.0,443.0,444.0,445.0,464.0,474.0,479.0,493.0,829.0,
16.0,51.0,52.0,76.0,105.0,124.0,167.0,215.0,216.0,218.0,224.0,283.0,283.0,327.0,350.0,375.0,395.0,402.0,425.0,483.0,487.0,
48.0,93.0,119.0,175.0,181.0,196.0,205.0,320.0,348.0,372.0,385.0,396.0,400.0,417.0,425.0,425.0,428.0,429.0,443.0,450.0,473.0,489.0,730.0,827.0,870.0,999.0,
24.0,40.0,56.0,83.0,146.0,210.0,217.0,225.0,229.0,315.0,340.0,505.0,534.0,540.0,544.0,607.0,615.0,624.0,629.0,633.0,652.0,653.0,654.0,672.0,681.0,697.0,702.0,715.0,755.0,763.0,805.0,864.0,958.0,959.0,962.0,971.0,980.0,
89.0,111.0,175.0,197.0,217.0,328.0,329.0,361.0,371.0,402.0,412.0,412.0,432.0,488.0,630.0,635.0,690.0,702.0,716.0,721.0,731.0,796.0,799.0,821.0,838.0,904.0,920.0,958.0,963.0,
5.0,9.0,13.0,71.0,73.0,82.0,89.0,116.0,125.0,168.0,207.0,224.0,230.0,246.0,267.0,283.0,316.0,319.0,325.0,328.0,341.0,350.0,351.0,425.0,435.0,448.0,456.0,489.0,502.0,
4.0,38.0,53.0,115.0,130.0,171.0,214.0,282.0,298.0,346.0,372.0,405.0,406.0,419.0,424.0,425.0,441.0,476.0,499.0,500.0,805.0,873.0,
27.0,33.0,37.0,38.0,75.0,95.0,121.0,131.0,134.0,152.0,155.0,173.0,173.0,190.0,190.0,212.0,231.0,285.0,286.0,300.0,336.0,338.0,389.0,399.0,431.0,474.0,486.0,499.0,503.0,790.0,803.0,806.0,884.0,955.0,998.0,
18.0,25.0,62.0,109.0,124.0,187.0,266.0,269.0,275.0,354.0,357.0,359.0,367.0,397.0,408.0,428.0,440.0,442.0,481.0,827.0,848.0,906.0,943.0,979.0,
7.0,43.0,43.0,59.0,70.0,106.0,176.0,181.0,182.0,184.0,188.0,217.0,239.0,242.0,258.0,295.0,343.0,384.0,412.0,416.0,880.0,883.0,895.0,913.0,952.0,981.0,981.0,
22.0,24.0,35.0,72.0,81.0,107.0,117.0,125.0,191.0,215.0,254.0,313.0,329.0,374.0,399.0,438.0,496.0,824.0,827.0,
6.0,22.0,26.0,44.0,126.0,129.0,145.0,157.0,175.0,179.0,181.0,243.0,257.0,324.0,407.0,422.0,477.0,484.0,
10.0,24.0,31.0,51.0,56.0,60.0,80.0,87.0,102.0,116.0,119.0,159.0,189.0,216.0,256.0,271.0,314.0,332.0,366.0,372.0,384.0,429.0,430.0,436.0,449.0,468.0,471.0,489.0,499.0,605.0,637.0,656.0,687.0,747.0,750.0,774.0,785.0,810.0,828.0,839.0,871.0,939.0,941.0,959.0,985.0,992.0,
22.0,38.0,44.0,49.0,90.0,145.0,164.0,230.0,251.0,260.0,330.0,353.0,418.0,510.0,518.0,552.0,588.0,623.0,633.0,666.0,678.0,706.0,748.0,777.0,790.0,810.0,813.0,814.0,824.0,880.0,909.0,916.0,917.0,974.0,
40.0,47.0,96.0,98.0,112.0,138.0,154.0,155.0,240.0,270.0,280.0,331.0,338.0,360.0,362.0,371.0,402.0,431.0,439.0,481.0,485.0,504.0,578.0,581.0,584.0,595.0,602.0,621.0,651.0,684.0,719.0,726.0,731.0,748.0,761.0,783.0,784.0,808.0,808.0,871.0,901.0,902.0,921.0,928.0,946.0,
23.0,88.0,95.0,107.0,148.0,183.0,237.0,240.0,276.0,343.0,400.0,410.0,427.0,444.0,453.0,473.0,685.0,694.0,710.0,846.0,906.0,912.0,984.0,987.0,994.0,
17.0,53.0,78.0,80.0,98.0,123.0,164.0,171.0,210.0,229.0,241.0,244.0,290.0,310.0,332.0,344.0,357.0,383.0,393.0,400.0,477.0,481.0,493.0,
23.0,35.0,45.0,81.0,108.0,170.0,205.0,226.0,237.0,240.0,250.0,277.0,283.0,307.0,341.0,428.0,438.0,473.0,963.0,
29.0,62.0,95.0,120.0,148.0,151.0,185.0,224.0,230.0,254.0,265.0,302.0,349.0,391.0,392.0,448.0,469.0,479.0,481.0,496.0,
32.0,42.0,51.0,61.0,109.0,181.0,212.0,261.0,275.0,289.0,295.0,329.0,338.0,393.0,408.0,418.0,442.0,467.0,488.0,
4.0,51.0,56.0,74.0,113.0,127.0,157.0,229.0,241.0,249.0,253.0,339.0,378.0,395.0,406.0,430.0,456.0,
7.0,20.0,100.0,106.0,118.0,128.0,162.0,206.0,206.0,237.0,245.0,312.0,314.0,322.0,400.0,410.0,470.0,473.0,494.0,499.0,513.0,746.0,794.0,811.0,823.0,862.0,888.0,891.0,893.0,936.0,
8.0,17.0,37.0,89.0,103.0,114.0,186.0,192.0,216.0,219.0,221.0,239.0,282.0,300.0,306.0,354.0,372.0,377.0,439.0,461.0,488.0,496.0,505.0,515.0,519.0,578.0,597.0,639.0,640.0,660.0,664.0,666.0,670.0,695.0,706.0,745.0,752.0,809.0,836.0,857.0,888.0,936.0,947.0,990.0,
59.0,64.0,138.0,157.0,208.0,224.0,257.0,263.0,295.0,384.0,385.0,434.0,445.0,513.0,519.0,554.0,606.0,635.0,641.0,651.0,666.0,669.0,682.0,738.0,784.0,802.0,841.0,854.0,895.0,945.0,959.0,975.0,
3.0,7.0,31.0,62.0,77.0,82.0,123.0,126.0,136.0,167.0,198.0,205.0,216.0,243.0,267.0,287.0,297.0,301.0,302.0,325.0,362.0,496.0,503.0,529.0,543.0,561.0,620.0,634.0,668.0,712.0,713.0,720.0,752.0,761.0,776.0,804.0,845.0,845.0,860.0,907.0,960.0,980.0,998.0,
32.0,64.0,66.0,136.0,174.0,281.0,312.0,325.0,340.0,341.0,384.0,400.0,406.0,410.0,430.0,448.0,508.0,558.0,608.0,610.0,627.0,633.0,645.0,665.0,680.0,693.0,698.0,702.0,763.0,796.0,816.0,830.0,830.0,861.0,870.0,897.0,905.0,918.0,
21.0,25.0,45.0,54.0,123.0,185.0,185.0,237.0,271.0,281.0,311.0,339.0,345.0,357.0,394.0,397.0,437.0,497.0,580.0,591.0,658.0,660.0,724.0,734.0,748.0,786.0,837.0,887.0,890.0,913.0,931.0,938.0,946.0,949.0,956.0,
4.0,28.0,125.0,144.0,146.0,166.0,211.0,213.0,278.0,284.0,302.0,314.0,325.0,341.0,342.0,345.0,349.0,367.0,406.0,472.0,488.0,511.0,751.0,795.0,881.0,910.0,935.0,
8.0,17.0,58.0,99.0,138.0,163.0,167.0,209.0,276.0,306.0,352.0,361.0,380.0,398.0,416.0,433.0,448.0,455.0,460.0,482.0,485.0,491.0,786.0,955.0,
2.0,64.0,81.0,86.0,104.0,116.0,121.0,125.0,128.0,147.0,185.0,188.0,222.0,240.0,257.0,318.0,326.0,345.0,368.0,391.0,395.0,400.0,414.0,429.0,468.0,500.0,801.0,809.0,837.0,856.0,910.0,913.0,988.0,
41.0,88.0,90.0,134.0,156.0,207.0,225.0,293.0,377.0,392.0,411.0,439.0,475.0,486.0,498.0,603.0,618.0,664.0,665.0,716.0,722.0,765.0,801.0,834.0,837.0,851.0,860.0,867.0,989.0,1000.0,
65.0,73.0,114.0,155.0,186.0,189.0,233.0,241.0,252.0,257.0,277.0,288.0,289.0,289.0,316.0,341.0,372.0,407.0,435.0,442.0,448.0,474.0,477.0,479.0,480.0,486.0,495.0,546.0,562.0,571.0,613.0,617.0,618.0,623.0,630.0,643.0,667.0,668.0,678.0,699.0,715.0,727.0,761.0,801.0,810.0,822.0,831.0,832.0,852.0,854.0,860.0,898.0,925.0,958.0,
9.0,23.0,30.0,36.0,36.0,86.0,93.0,94.0,113.0,158.0,175.0,235.0,252.0,308.0,324.0,418.0,449.0,463.0,499.0,535.0,537.0,593.0,596.0,637.0,648.0,660.0,664.0,669.0,724.0,772.0,794.0,804.0,820.0,845.0,876.0,914.0,946.0,967.0,993.0,
