9.0,68.0,76.0,77.0,95.0,110.0,164.0,172.0,200.0,237.0,247.0,253.0,265.0,296.0,303.0,361.0,411.0,412.0,421.0,457.0,468.0,476.0,478.0,512.0,561.0,589.0,598.0,605.0,622.0,627.0,631.0,632.0,662.0,708.0,731.0,782.0,790.0,826.0,853.0,887.0,908.0,911.0,920.0,939.0,959.0,961.0,973.0,989.0,
36.0,67.0,78.0,90.0,100.0,107.0,175.0,191.0,205.0,215.0,224.0,262.0,273.0,277.0,277.0,322.0,325.0,355.0,371.0,411.0,415.0,417.0,447.0,449.0,469.0,539.0,558.0,568.0,587.0,609.0,622.0,630.0,639.0,664.0,709.0,722.0,770.0,804.0,826.0,881.0,887.0,947.0,963.0,964.0,973.0,991.0,
8.0,13.0,35.0,50.0,74.0,79.0,97.0,118.0,183.0,184.0,222.0,226.0,235.0,254.0,339.0,360.0,365.0,377.0,381.0,389.0,412.0,484.0,506.0,510.0,587.0,587.0,608.0,628.0,646.0,663.0,680.0,697.0,703.0,744.0,757.0,764.0,836.0,838.0,910.0,953.0,1000.0,
21.0,91.0,120.0,129.0,131.0,135.0,152.0,221.0,260.0,272.0,280.0,299.0,313.0,373.0,380.0,389.0,394.0,414.0,435.0,476.0,490.0,511.0,526.0,540.0,545.0,666.0,676.0,730.0,766.0,787.0,807.0,808.0,809.0,818.0,824.0,827.0,855.0,869.0,911.0,917.0,920.0,927.0,952.0,963.0,
3.0,25.0,59.0,118.0,138.0,146.0,211.0,211.0,214.0,217.0,240.0,252.0,269.0,280.0,376.0,436.0,549.0,552.0,616.0,632.0,667.0,676.0,684.0,685.0,694.0,695.0,754.0,764.0,784.0,800.0,826.0,832.0,836.0,862.0,868.0,900.0,903.0,986.0,992.0,992.0,
50.0,62.0,118.0,147.0,197.0,226.0,258.0,270.0,294.0,322.0,339.0,339.0,377.0,380.0,429.0,441.0,607.0,675.0,715.0,739.0,744.0,780.0,792.0,803.0,863.0,864.0,897.0,903.0,915.0,965.0,
24.0,83.0,158.0,177.0,207.0,210.0,224.0,260.0,269.0,346.0,363.0,368.0,373.0,380.0,441.0,518.0,543.0,579.0,668.0,687.0,697.0,723.0,734.0,819.0,871.0,917.0,929.0,930.0,937.0,946.0,953.0,979.0,983.0,999.0,
27.0,36.0,55.0,55.0,62.0,78.0,143.0,182.0,184.0,192.0,200.0,221.0,264.0,291.0,322.0,410.0,450.0,451.0,453.0,480.0,481.0,486.0,515.0,565.0,574.0,595.0,664.0,696.0,714.0,729.0,761.0,775.0,791.0,838.0,845.0,855.0,866.0,920.0,924.0,
38.0,120.0,150.0,161.0,213.0,222.0,259.0,292.0,302.0,373.0,388.0,407.0,420.0,485.0,509.0,537.0,587.0,682.0,689.0,690.0,742.0,806.0,854.0,876.0,940.0,953.0,965.0,975.0,
8.0,28.0,120.0,128.0,161.0,170.0,211.0,227.0,230.0,248.0,313.0,333.0,334.0,419.0,426.0,435.0,446.0,454.0,460.0,474.0,482.0,549.0,565.0,567.0,571.0,586.0,612.0,650.0,670.0,686.0,690.0,703.0,704.0,732.0,886.0,897.0,909.0,910.0,924.0,932.0,945.0,982.0,988.0,997.0,
16.0,23.0,40.0,45.0,45.0,52.0,54.0,94.0,106.0,126.0,151.0,160.0,198.0,309.0,326.0,337.0,352.0,356.0,365.0,367.0,434.0,445.0,450.0,451.0,494.0,504.0,600.0,635.0,681.0,694.0,713.0,745.0,763.0,830.0,832.0,842.0,851.0,852.0,879.0,981.0,990.0,
77.0,93.0,96.0,101.0,111.0,135.0,149.0,218.0,222.0,226.0,243.0,247.0,257.0,258.0,274.0,298.0,357.0,364.0,364.0,374.0,404.0,437.0,446.0,454.0,492.0,528.0,563.0,567.0,582.0,664.0,673.0,681.0,684.0,753.0,764.0,830.0,928.0,953.0,954.0,968.0,976.0,
9.0,11.0,18.0,18.0,28.0,39.0,85.0,120.0,149.0,162.0,189.0,193.0,210.0,217.0,220.0,243.0,249.0,262.0,336.0,338.0,386.0,392.0,395.0,397.0,405.0,423.0,451.0,454.0,459.0,572.0,597.0,599.0,639.0,756.0,775.0,780.0,784.0,787.0,813.0,856.0,926.0,
27.0,105.0,112.0,124.0,132.0,145.0,155.0,176.0,192.0,201.0,266.0,266.0,312.0,318.0,329.0,332.0,334.0,369.0,408.0,425.0,567.0,568.0,575.0,626.0,664.0,715.0,726.0,727.0,762.0,899.0,909.0,943.0,962.0,975.0,
2.0,5.0,10.0,93.0,120.0,240.0,283.0,283.0,290.0,318.0,325.0,334.0,362.0,428.0,429.0,446.0,471.0,552.0,593.0,601.0,647.0,662.0,665.0,684.0,695.0,734.0,752.0,763.0,799.0,866.0,874.0,886.0,930.0,931.0,
3.0,23.0,38.0,75.0,90.0,126.0,154.0,185.0,223.0,227.0,229.0,233.0,243.0,255.0,264.0,290.0,365.0,367.0,382.0,406.0,437.0,443.0,452.0,476.0,483.0,539.0,548.0,597.0,616.0,648.0,697.0,701.0,707.0,710.0,731.0,759.0,781.0,824.0,842.0,845.0,879.0,892.0,894.0,896.0,911.0,971.0,992.0,
9.0,32.0,45.0,61.0,93.0,148.0,221.0,243.0,300.0,313.0,317.0,342.0,356.0,358.0,390.0,409.0,433.0,438.0,440.0,469.0,481.0,482.0,491.0,512.0,543.0,561.0,562.0,598.0,602.0,628.0,807.0,834.0,868.0,957.0,
19.0,29.0,30.0,56.0,61.0,100.0,123.0,137.0,158.0,198.0,246.0,261.0,271.0,335.0,429.0,452.0,495.0,512.0,519.0,589.0,614.0,620.0,654.0,664.0,731.0,734.0,775.0,778.0,812.0,828.0,862.0,865.0,896.0,903.0,911.0,919.0,930.0,942.0,997.0,
34.0,50.0,193.0,265.0,299.0,364.0,377.0,427.0,442.0,507.0,524.0,554.0,572.0,573.0,611.0,611.0,619.0,664.0,724.0,753.0,765.0,851.0,861.0,863.0,885.0,886.0,924.0,932.0,948.0,952.0,963.0,976.0,981.0,994.0,996.0,
78.0,81.0,155.0,163.0,245.0,264.0,317.0,322.0,375.0,384.0,464.0,479.0,506.0,548.0,572.0,625.0,635.0,655.0,657.0,665.0,665.0,677.0,686.0,747.0,778.0,790.0,824.0,838.0,841.0,866.0,869.0,879.0,890.0,900.0,907.0,909.0,923.0,931.0,951.0,956.0,
23.0,102.0,133.0,142.0,160.0,188.0,189.0,258.0,327.0,335.0,346.0,355.0,390.0,497.0,599.0,651.0,651.0,670.0,782.0,789.0,804.0,814.0,831.0,866.0,877.0,889.0,906.0,910.0,935.0,974.0,
53.0,136.0,146.0,203.0,237.0,243.0,243.0,288.0,304.0,305.0,347.0,385.0,398.0,480.0,491.0,492.0,533.0,558.0,560.0,595.0,598.0,599.0,604.0,612.0,634.0,676.0,740.0,755.0,756.0,784.0,848.0,902.0,964.0,972.0,986.0,
9.0,17.0,106.0,123.0,125.0,160.0,263.0,277.0,353.0,433.0,470.0,511.0,532.0,559.0,592.0,610.0,698.0,749.0,763.0,767.0,785.0,793.0,799.0,830.0,836.0,843.0,848.0,913.0,999.0,
10.0,81.0,104.0,115.0,150.0,164.0,177.0,204.0,230.0,238.0,262.0,271.0,297.0,341.0,420.0,438.0,456.0,460.0,473.0,544.0,550.0,552.0,562.0,571.0,597.0,626.0,654.0,666.0,713.0,790.0,795.0,800.0,816.0,839.0,879.0,893.0,936.0,
9.0,45.0,49.0,52.0,69.0,148.0,153.0,160.0,164.0,174.0,194.0,218.0,244.0,260.0,289.0,296.0,306.0,336.0,376.0,381.0,403.0,413.0,454.0,469.0,551.0,577.0,591.0,595.0,597.0,630.0,708.0,712.0,718.0,720.0,770.0,808.0,824.0,869.0,871.0,921.0,
131.0,149.0,206.0,223.0,226.0,230.0,237.0,239.0,255.0,270.0,271.0,321.0,327.0,327.0,363.0,390.0,396.0,420.0,462.0,504.0,514.0,520.0,572.0,600.0,649.0,655.0,677.0,689.0,764.0,796.0,836.0,837.0,889.0,940.0,981.0,
20.0,57.0,63.0,77.0,81.0,148.0,154.0,157.0,164.0,211.0,225.0,234.0,236.0,263.0,359.0,360.0,360.0,367.0,411.0,422.0,448.0,452.0,459.0,468.0,575.0,603.0,606.0,638.0,657.0,675.0,688.0,707.0,783.0,787.0,837.0,847.0,877.0,887.0,966.0,980.0,
12.0,21.0,52.0,60.0,167.0,170.0,170.0,177.0,197.0,232.0,345.0,381.0,397.0,407.0,411.0,411.0,444.0,465.0,487.0,512.0,551.0,610.0,670.0,736.0,759.0,769.0,779.0,798.0,815.0,817.0,818.0,832.0,842.0,964.0,
28.0,53.0,122.0,128.0,168.0,180.0,190.0,224.0,230.0,249.0,256.0,319.0,343.0,363.0,366.0,371.0,385.0,397.0,403.0,403.0,451.0,492.0,493.0,517.0,525.0,535.0,537.0,543.0,551.0,566.0,570.0,584.0,605.0,611.0,635.0,680.0,693.0,736.0,738.0,750.0,758.0,770.0,773.0,777.0,817.0,839.0,897.0,908.0,944.0,968.0,989.0,
53.0,60.0,70.0,88.0,94.0,118.0,133.0,142.0,168.0,226.0,243.0,250.0,257.0,286.0,289.0,320.0,354.0,370.0,409.0,494.0,524.0,531.0,561.0,596.0,600.0,607.0,644.0,682.0,692.0,693.0,756.0,764.0,772.0,774.0,790.0,793.0,829.0,847.0,856.0,863.0,899.0,972.0,976.0,998.0,
23.0,56.0,75.0,133.0,153.0,164.0,178.0,187.0,196.0,244.0,304.0,315.0,402.0,412.0,417.0,424.0,425.0,459.0,475.0,494.0,500.0,504.0,508.0,525.0,529.0,545.0,605.0,626.0,630.0,636.0,648.0,656.0,729.0,754.0,820.0,861.0,880.0,960.0,972.0,979.0,
26.0,57.0,60.0,66.0,73.0,91.0,105.0,136.0,154.0,162.0,182.0,191.0,257.0,266.0,316.0,326.0,339.0,351.0,363.0,470.0,485.0,485.0,495.0,510.0,577.0,669.0,679.0,715.0,721.0,726.0,759.0,821.0,924.0,924.0,931.0,963.0,980.0,
27.0,64.0,80.0,92.0,107.0,112.0,204.0,207.0,314.0,324.0,346.0,368.0,376.0,434.0,486.0,512.0,542.0,559.0,564.0,607.0,627.0,644.0,744.0,746.0,818.0,861.0,905.0,939.0,950.0,958.0,989.0,
4.0,11.0,44.0,48.0,61.0,73.0,106.0,178.0,189.0,232.0,255.0,269.0,327.0,389.0,400.0,411.0,507.0,513.0,544.0,580.0,684.0,726.0,801.0,806.0,815.0,838.0,840.0,923.0,940.0,965.0,977.0,
197.0,249.0,256.0,287.0,298.0,314.0,319.0,319.0,323.0,350.0,352.0,405.0,413.0,459.0,466.0,492.0,509.0,543.0,557.0,562.0,660.0,670.0,694.0,791.0,802.0,854.0,880.0,906.0,958.0,990.0,999.0,
6.0,62.0,74.0,135.0,159.0,166.0,282.0,324.0,378.0,438.0,449.0,457.0,464.0,469.0,485.0,495.0,524.0,529.0,537.0,541.0,556.0,559.0,581.0,600.0,616.0,702.0,721.0,749.0,764.0,788.0,804.0,828.0,864.0,877.0,891.0,967.0,985.0,
64.0,71.0,118.0,127.0,197.0,220.0,225.0,264.0,287.0,292.0,293.0,373.0,388.0,428.0,469.0,482.0,484.0,516.0,539.0,542.0,562.0,565.0,605.0,634.0,794.0,815.0,819.0,827.0,841.0,847.0,865.0,865.0,882.0,920.0,927.0,970.0,994.0,
28.0,55.0,90.0,96.0,111.0,183.0,184.0,271.0,316.0,332.0,336.0,348.0,369.0,378.0,381.0,414.0,477.0,500.0,529.0,591.0,604.0,608.0,612.0,612.0,710.0,790.0,803.0,835.0,846.0,865.0,886.0,892.0,915.0,926.0,969.0,972.0,
15.0,34.0,112.0,127.0,251.0,293.0,378.0,406.0,407.0,416.0,416.0,432.0,500.0,504.0,524.0,592.0,605.0,632.0,669.0,700.0,736.0,738.0,751.0,837.0,841.0,846.0,847.0,869.0,877.0,898.0,901.0,923.0,993.0,996.0,996.0,
25.0,37.0,45.0,49.0,108.0,123.0,155.0,183.0,183.0,228.0,249.0,264.0,316.0,316.0,321.0,412.0,449.0,467.0,479.0,520.0,529.0,554.0,555.0,563.0,610.0,783.0,790.0,804.0,853.0,862.0,899.0,899.0,917.0,988.0,
16.0,60.0,111.0,112.0,127.0,135.0,192.0,203.0,247.0,268.0,275.0,304.0,305.0,332.0,353.0,401.0,407.0,410.0,438.0,476.0,487.0,490.0,494.0,571.0,571.0,581.0,615.0,633.0,649.0,667.0,705.0,713.0,743.0,748.0,779.0,794.0,805.0,805.0,825.0,833.0,921.0,967.0,
6.0,18.0,46.0,64.0,98.0,143.0,159.0,169.0,170.0,255.0,255.0,278.0,286.0,353.0,449.0,471.0,478.0,566.0,587.0,592.0,630.0,635.0,686.0,709.0,735.0,752.0,770.0,860.0,886.0,904.0,908.0,
10.0,21.0,155.0,162.0,168.0,225.0,229.0,239.0,285.0,312.0,334.0,354.0,378.0,383.0,417.0,460.0,555.0,562.0,677.0,685.0,723.0,817.0,829.0,878.0,922.0,925.0,
38.0,83.0,96.0,142.0,142.0,276.0,331.0,356.0,371.0,417.0,436.0,441.0,444.0,455.0,495.0,537.0,591.0,648.0,698.0,788.0,824.0,958.0,
27.0,31.0,45.0,74.0,148.0,152.0,207.0,340.0,341.0,365.0,404.0,412.0,435.0,436.0,441.0,472.0,479.0,492.0,518.0,521.0,526.0,529.0,530.0,537.0,540.0,555.0,560.0,567.0,574.0,579.0,583.0,589.0,590.0,599.0,615.0,624.0,624.0,626.0,637.0,638.0,640.0,648.0,665.0,704.0,715.0,721.0,726.0,747.0,755.0,763.0,773.0,775.0,783.0,786.0,786.0,789.0,816.0,823.0,835.0,836.0,840.0,852.0,853.0,911.0,924.0,930.0,932.0,940.0,941.0,948.0,951.0,968.0,989.0,997.0,
15.0,22.0,125.0,129.0,179.0,181.0,190.0,207.0,306.0,323.0,347.0,347.0,362.0,379.0,457.0,460.0,463.0,472.0,490.0,495.0,536.0,536.0,540.0,549.0,551.0,556.0,557.0,561.0,564.0,575.0,577.0,577.0,579.0,581.0,600.0,601.0,602.0,610.0,622.0,624.0,646.0,658.0,665.0,669.0,691.0,694.0,706.0,707.0,709.0,713.0,735.0,742.0,744.0,752.0,770.0,771.0,781.0,845.0,851.0,851.0,853.0,856.0,867.0,880.0,881.0,892.0,896.0,904.0,905.0,940.0,956.0,992.0,992.0,994.0,
47.0,94.0,119.0,121.0,122.0,133.0,186.0,217.0,235.0,248.0,266.0,345.0,377.0,411.0,480.0,495.0,516.0,517.0,522.0,523.0,532.0,537.0,540.0,546.0,554.0,558.0,560.0,566.0,576.0,587.0,594.0,605.0,610.0,614.0,615.0,623.0,629.0,638.0,659.0,668.0,691.0,709.0,723.0,737.0,742.0,750.0,761.0,811.0,815.0,852.0,864.0,902.0,916.0,918.0,945.0,946.0,951.0,966.0,
16.0,29.0,88.0,88.0,114.0,115.0,182.0,194.0,208.0,294.0,298.0,314.0,332.0,361.0,393.0,438.0,502.0,513.0,538.0,553.0,575.0,578.0,615.0,633.0,665.0,666.0,704.0,756.0,792.0,810.0,823.0,837.0,839.0,874.0,892.0,901.0,938.0,946.0,983.0,994.0,
13.0,47.0,51.0,67.0,164.0,262.0,264.0,265.0,269.0,296.0,304.0,321.0,344.0,365.0,382.0,423.0,442.0,537.0,547.0,569.0,585.0,646.0,715.0,739.0,749.0,779.0,798.0,835.0,888.0,955.0,960.0,988.0,994.0,
24.0,46.0,182.0,186.0,198.0,241.0,246.0,306.0,370.0,417.0,419.0,422.0,433.0,445.0,454.0,455.0,457.0,458.0,549.0,576.0,585.0,604.0,665.0,668.0,683.0,693.0,695.0,710.0,720.0,725.0,746.0,759.0,763.0,779.0,794.0,805.0,943.0,982.0,
72.0,124.0,160.0,197.0,251.0,255.0,259.0,276.0,317.0,332.0,332.0,336.0,350.0,382.0,410.0,422.0,423.0,433.0,441.0,524.0,617.0,632.0,663.0,677.0,722.0,772.0,800.0,822.0,872.0,913.0,913.0,916.0,952.0,974.0,
39.0,49.0,64.0,65.0,74.0,135.0,144.0,164.0,165.0,169.0,171.0,199.0,213.0,216.0,251.0,267.0,268.0,281.0,345.0,356.0,421.0,459.0,486.0,493.0,498.0,583.0,583.0,599.0,632.0,669.0,702.0,736.0,741.0,782.0,793.0,814.0,837.0,866.0,873.0,925.0,930.0,943.0,965.0,976.0,
9.0,19.0,24.0,33.0,82.0,99.0,119.0,130.0,138.0,143.0,154.0,166.0,184.0,204.0,205.0,215.0,286.0,303.0,312.0,338.0,394.0,423.0,428.0,435.0,454.0,489.0,490.0,527.0,536.0,541.0,544.0,570.0,574.0,635.0,707.0,844.0,847.0,860.0,864.0,925.0,941.0,950.0,985.0,
8.0,137.0,215.0,235.0,260.0,281.0,302.0,303.0,336.0,354.0,368.0,400.0,407.0,439.0,455.0,503.0,505.0,510.0,512.0,536.0,555.0,566.0,584.0,626.0,655.0,717.0,774.0,839.0,907.0,986.0,
56.0,62.0,98.0,174.0,213.0,214.0,274.0,336.0,355.0,525.0,532.0,533.0,534.0,536.0,538.0,545.0,549.0,553.0,561.0,562.0,569.0,571.0,571.0,574.0,595.0,598.0,618.0,637.0,647.0,649.0,655.0,656.0,679.0,687.0,693.0,702.0,706.0,712.0,740.0,757.0,794.0,825.0,830.0,836.0,868.0,870.0,880.0,910.0,910.0,918.0,949.0,951.0,962.0,971.0,972.0,
22.0,27.0,45.0,48.0,103.0,106.0,199.0,220.0,231.0,259.0,358.0,396.0,397.0,443.0,446.0,470.0,475.0,517.0,518.0,522.0,530.0,534.0,536.0,544.0,546.0,551.0,557.0,557.0,565.0,566.0,568.0,570.0,570.0,584.0,587.0,605.0,608.0,612.0,625.0,626.0,627.0,641.0,641.0,642.0,643.0,646.0,650.0,651.0,660.0,665.0,675.0,694.0,695.0,715.0,736.0,764.0,766.0,772.0,784.0,796.0,818.0,868.0,887.0,909.0,938.0,945.0,962.0,964.0,
28.0,60.0,68.0,89.0,152.0,168.0,170.0,271.0,283.0,359.0,431.0,482.0,501.0,512.0,526.0,527.0,528.0,536.0,536.0,538.0,545.0,552.0,560.0,566.0,568.0,571.0,583.0,588.0,608.0,616.0,616.0,619.0,627.0,633.0,652.0,655.0,659.0,664.0,667.0,694.0,721.0,737.0,739.0,751.0,755.0,763.0,776.0,776.0,820.0,827.0,845.0,868.0,869.0,889.0,889.0,895.0,908.0,956.0,963.0,966.0,985.0,
2.0,47.0,47.0,88.0,205.0,234.0,245.0,281.0,284.0,295.0,300.0,319.0,336.0,339.0,345.0,368.0,406.0,441.0,473.0,479.0,568.0,583.0,597.0,605.0,620.0,717.0,732.0,761.0,802.0,829.0,840.0,913.0,964.0,968.0,
25.0,29.0,42.0,61.0,106.0,158.0,158.0,170.0,178.0,263.0,318.0,330.0,430.0,448.0,450.0,463.0,497.0,500.0,533.0,547.0,716.0,717.0,739.0,766.0,803.0,852.0,853.0,915.0,938.0,957.0,978.0,981.0,
27.0,36.0,67.0,74.0,75.0,75.0,92.0,119.0,124.0,160.0,169.0,178.0,210.0,236.0,280.0,322.0,329.0,503.0,561.0,569.0,601.0,645.0,652.0,715.0,730.0,735.0,821.0,825.0,827.0,856.0,883.0,903.0,941.0,953.0,988.0,995.0,997.0,
10.0,31.0,80.0,94.0,167.0,177.0,178.0,179.0,229.0,234.0,258.0,299.0,309.0,357.0,366.0,383.0,401.0,454.0,483.0,502.0,512.0,521.0,524.0,538.0,636.0,640.0,660.0,676.0,687.0,699.0,717.0,777.0,788.0,788.0,793.0,856.0,915.0,924.0,932.0,940.0,968.0,
2.0,8.0,32.0,39.0,57.0,88.0,93.0,95.0,116.0,174.0,177.0,194.0,199.0,202.0,222.0,227.0,262.0,281.0,283.0,310.0,326.0,366.0,377.0,415.0,473.0,507.0,640.0,678.0,684.0,688.0,688.0,701.0,751.0,776.0,782.0,797.0,805.0,821.0,827.0,837.0,844.0,883.0,984.0,988.0,
29.0,39.0,40.0,105.0,126.0,136.0,145.0,148.0,177.0,205.0,275.0,331.0,333.0,355.0,375.0,388.0,389.0,389.0,395.0,431.0,445.0,525.0,617.0,624.0,637.0,659.0,708.0,713.0,734.0,749.0,759.0,799.0,821.0,831.0,870.0,893.0,895.0,
8.0,40.0,57.0,104.0,110.0,120.0,141.0,143.0,160.0,170.0,175.0,278.0,292.0,315.0,354.0,355.0,377.0,379.0,444.0,480.0,486.0,492.0,495.0,501.0,509.0,534.0,543.0,566.0,612.0,645.0,654.0,656.0,680.0,682.0,695.0,711.0,727.0,842.0,861.0,878.0,889.0,909.0,916.0,934.0,961.0,
18.0,18.0,171.0,190.0,218.0,267.0,323.0,346.0,349.0,353.0,356.0,372.0,376.0,420.0,431.0,452.0,488.0,498.0,524.0,530.0,534.0,536.0,538.0,538.0,538.0,538.0,542.0,553.0,555.0,563.0,564.0,568.0,571.0,580.0,581.0,597.0,603.0,634.0,654.0,668.0,669.0,671.0,672.0,674.0,689.0,691.0,726.0,730.0,740.0,745.0,796.0,839.0,869.0,880.0,887.0,899.0,902.0,902.0,913.0,913.0,933.0,941.0,941.0,944.0,951.0,960.0,991.0,
3.0,104.0,120.0,124.0,126.0,129.0,145.0,149.0,150.0,156.0,216.0,242.0,246.0,258.0,260.0,271.0,319.0,332.0,392.0,423.0,526.0,527.0,528.0,536.0,536.0,539.0,541.0,553.0,559.0,560.0,563.0,564.0,566.0,566.0,571.0,576.0,576.0,582.0,591.0,594.0,605.0,607.0,617.0,629.0,653.0,654.0,668.0,680.0,683.0,692.0,714.0,798.0,827.0,832.0,835.0,840.0,841.0,846.0,900.0,908.0,915.0,918.0,931.0,942.0,945.0,957.0,958.0,970.0,979.0,991.0,992.0,
25.0,40.0,44.0,50.0,255.0,293.0,294.0,307.0,383.0,427.0,429.0,447.0,459.0,466.0,508.0,523.0,524.0,537.0,549.0,557.0,557.0,559.0,561.0,568.0,580.0,588.0,591.0,617.0,622.0,639.0,648.0,650.0,667.0,682.0,698.0,699.0,702.0,716.0,727.0,728.0,737.0,738.0,747.0,786.0,802.0,805.0,809.0,815.0,882.0,888.0,890.0,916.0,946.0,947.0,954.0,
33.0,75.0,85.0,105.0,132.0,133.0,141.0,141.0,171.0,175.0,198.0,301.0,316.0,342.0,399.0,422.0,463.0,492.0,520.0,526.0,528.0,562.0,596.0,621.0,644.0,665.0,669.0,697.0,727.0,812.0,824.0,963.0,994.0,
11.0,26.0,52.0,61.0,101.0,157.0,159.0,191.0,192.0,257.0,265.0,290.0,321.0,377.0,457.0,466.0,506.0,518.0,519.0,526.0,529.0,541.0,547.0,605.0,606.0,631.0,633.0,721.0,764.0,847.0,887.0,888.0,891.0,891.0,970.0,975.0,987.0,
17.0,56.0,73.0,78.0,83.0,142.0,151.0,182.0,189.0,201.0,218.0,234.0,238.0,265.0,368.0,379.0,391.0,426.0,442.0,461.0,470.0,494.0,496.0,506.0,519.0,535.0,548.0,562.0,594.0,601.0,661.0,663.0,707.0,724.0,821.0,831.0,861.0,923.0,958.0,999.0,
24.0,177.0,216.0,272.0,304.0,335.0,380.0,392.0,415.0,427.0,498.0,509.0,510.0,512.0,541.0,595.0,601.0,604.0,608.0,614.0,636.0,646.0,676.0,688.0,729.0,758.0,767.0,767.0,776.0,814.0,826.0,887.0,913.0,923.0,974.0,995.0,
51.0,72.0,121.0,136.0,145.0,155.0,164.0,224.0,253.0,309.0,320.0,362.0,425.0,457.0,521.0,539.0,540.0,545.0,590.0,618.0,696.0,701.0,736.0,762.0,778.0,827.0,843.0,867.0,890.0,918.0,919.0,920.0,964.0,974.0,977.0,
26.0,126.0,159.0,198.0,206.0,212.0,219.0,237.0,272.0,288.0,312.0,340.0,358.0,381.0,386.0,387.0,414.0,458.0,459.0,467.0,500.0,509.0,526.0,527.0,537.0,573.0,602.0,621.0,752.0,763.0,795.0,821.0,868.0,872.0,914.0,930.0,
14.0,44.0,51.0,66.0,150.0,194.0,195.0,253.0,260.0,277.0,321.0,330.0,331.0,332.0,332.0,337.0,374.0,386.0,452.0,491.0,497.0,518.0,590.0,600.0,614.0,622.0,707.0,744.0,774.0,777.0,789.0,791.0,915.0,967.0,
11.0,60.0,72.0,75.0,118.0,118.0,122.0,125.0,130.0,131.0,146.0,243.0,263.0,267.0,287.0,304.0,307.0,358.0,360.0,372.0,377.0,408.0,466.0,538.0,545.0,575.0,601.0,601.0,626.0,647.0,691.0,738.0,769.0,775.0,840.0,842.0,884.0,973.0,
31.0,74.0,95.0,116.0,129.0,146.0,149.0,155.0,162.0,187.0,195.0,235.0,250.0,255.0,267.0,284.0,313.0,325.0,327.0,328.0,333.0,373.0,394.0,408.0,429.0,474.0,544.0,584.0,606.0,642.0,677.0,694.0,721.0,725.0,754.0,764.0,791.0,817.0,849.0,892.0,923.0,968.0,981.0,985.0,
7.0,23.0,28.0,30.0,35.0,51.0,59.0,180.0,243.0,259.0,264.0,266.0,284.0,290.0,318.0,369.0,399.0,416.0,423.0,480.0,521.0,530.0,545.0,570.0,573.0,620.0,631.0,634.0,666.0,739.0,742.0,759.0,761.0,771.0,782.0,887.0,929.0,931.0,941.0,
12.0,26.0,29.0,31.0,31.0,31.0,46.0,134.0,137.0,204.0,215.0,235.0,274.0,308.0,321.0,330.0,342.0,348.0,361.0,363.0,391.0,403.0,407.0,412.0,419.0,452.0,463.0,494.0,552.0,553.0,593.0,622.0,624.0,650.0,702.0,748.0,806.0,817.0,819.0,835.0,887.0,904.0,908.0,985.0,
69.0,95.0,99.0,101.0,106.0,110.0,169.0,190.0,203.0,224.0,265.0,287.0,291.0,291.0,366.0,397.0,401.0,418.0,494.0,498.0,515.0,516.0,521.0,521.0,526.0,546.0,553.0,565.0,627.0,653.0,653.0,768.0,818.0,825.0,962.0,964.0,981.0,
20.0,26.0,26.0,27.0,58.0,113.0,124.0,146.0,157.0,173.0,178.0,190.0,203.0,204.0,213.0,275.0,304.0,344.0,351.0,386.0,394.0,399.0,399.0,523.0,561.0,582.0,613.0,651.0,669.0,669.0,673.0,685.0,695.0,790.0,805.0,849.0,863.0,907.0,935.0,967.0,993.0,
10.0,27.0,70.0,204.0,314.0,378.0,383.0,392.0,401.0,462.0,476.0,483.0,489.0,497.0,503.0,563.0,569.0,569.0,586.0,650.0,710.0,725.0,767.0,768.0,787.0,832.0,865.0,882.0,980.0,
41.0,41.0,79.0,168.0,246.0,253.0,285.0,306.0,318.0,347.0,358.0,378.0,430.0,451.0,485.0,550.0,615.0,627.0,674.0,698.0,716.0,755.0,773.0,816.0,829.0,853.0,858.0,885.0,886.0,937.0,974.0,976.0,980.0,992.0,995.0,
11.0,41.0,41.0,110.0,138.0,178.0,221.0,237.0,253.0,262.0,317.0,346.0,350.0,366.0,376.0,387.0,407.0,429.0,500.0,520.0,537.0,550.0,557.0,557.0,570.0,720.0,743.0,755.0,758.0,810.0,817.0,839.0,853.0,861.0,880.0,925.0,927.0,994.0,
16.0,41.0,63.0,73.0,80.0,82.0,132.0,282.0,293.0,295.0,335.0,344.0,423.0,467.0,510.0,543.0,561.0,595.0,667.0,725.0,728.0,755.0,796.0,866.0,906.0,933.0,978.0,988.0,
42.0,70.0,70.0,190.0,217.0,305.0,324.0,369.0,401.0,471.0,476.0,505.0,587.0,630.0,635.0,651.0,655.0,683.0,703.0,750.0,769.0,852.0,910.0,935.0,956.0,989.0,998.0,
51.0,61.0,73.0,153.0,158.0,158.0,176.0,210.0,245.0,280.0,302.0,310.0,338.0,399.0,420.0,437.0,445.0,499.0,544.0,548.0,600.0,621.0,629.0,640.0,641.0,646.0,722.0,743.0,746.0,766.0,772.0,772.0,786.0,790.0,806.0,874.0,879.0,883.0,930.0,997.0,
46.0,53.0,88.0,114.0,127.0,150.0,158.0,170.0,173.0,191.0,219.0,250.0,311.0,337.0,347.0,356.0,483.0,518.0,602.0,603.0,623.0,673.0,704.0,731.0,731.0,736.0,785.0,791.0,819.0,820.0,844.0,849.0,873.0,906.0,964.0,
38.0,49.0,81.0,82.0,92.0,146.0,149.0,163.0,174.0,197.0,240.0,258.0,277.0,354.0,375.0,378.0,388.0,394.0,406.0,458.0,461.0,463.0,487.0,526.0,532.0,542.0,545.0,692.0,755.0,790.0,794.0,848.0,945.0,977.0,982.0,
112.0,155.0,165.0,169.0,175.0,266.0,266.0,423.0,433.0,440.0,444.0,471.0,473.0,492.0,503.0,506.0,543.0,546.0,577.0,601.0,616.0,651.0,659.0,720.0,823.0,824.0,849.0,853.0,864.0,876.0,903.0,915.0,933.0,965.0,982.0,
21.0,43.0,129.0,213.0,221.0,222.0,227.0,228.0,232.0,268.0,303.0,307.0,311.0,342.0,382.0,400.0,402.0,403.0,414.0,439.0,479.0,517.0,548.0,627.0,627.0,744.0,755.0,761.0,763.0,781.0,783.0,802.0,803.0,812.0,821.0,832.0,856.0,877.0,978.0,980.0,981.0,984.0,994.0,
6.0,6.0,33.0,109.0,169.0,204.0,250.0,254.0,336.0,475.0,506.0,510.0,538.0,548.0,583.0,593.0,604.0,631.0,639.0,640.0,654.0,678.0,685.0,692.0,701.0,749.0,818.0,822.0,852.0,914.0,959.0,972.0,
26.0,46.0,61.0,95.0,99.0,159.0,198.0,264.0,268.0,284.0,285.0,301.0,325.0,362.0,372.0,397.0,404.0,436.0,455.0,474.0,493.0,551.0,598.0,625.0,643.0,654.0,713.0,747.0,751.0,772.0,804.0,826.0,840.0,847.0,985.0,988.0,
44.0,114.0,115.0,213.0,240.0,265.0,265.0,284.0,294.0,334.0,380.0,459.0,493.0,540.0,545.0,553.0,570.0,576.0,591.0,600.0,666.0,670.0,676.0,709.0,711.0,783.0,805.0,843.0,905.0,907.0,920.0,939.0,968.0,
37.0,66.0,186.0,200.0,246.0,260.0,275.0,285.0,317.0,335.0,339.0,371.0,402.0,434.0,447.0,460.0,483.0,541.0,563.0,574.0,617.0,621.0,625.0,636.0,646.0,709.0,714.0,787.0,850.0,870.0,957.0,964.0,
31.0,101.0,162.0,207.0,211.0,229.0,244.0,248.0,256.0,301.0,336.0,350.0,367.0,423.0,427.0,429.0,511.0,539.0,592.0,604.0,608.0,613.0,615.0,637.0,722.0,771.0,779.0,803.0,835.0,839.0,851.0,894.0,897.0,930.0,961.0,963.0,987.0,991.0,
4.0,15.0,23.0,84.0,93.0,260.0,266.0,272.0,298.0,327.0,339.0,373.0,410.0,469.0,514.0,522.0,533.0,551.0,583.0,609.0,619.0,621.0,692.0,704.0,717.0,761.0,789.0,831.0,899.0,901.0,947.0,952.0,969.0,
26.0,45.0,51.0,68.0,72.0,125.0,137.0,145.0,162.0,165.0,180.0,187.0,231.0,232.0,291.0,296.0,320.0,328.0,371.0,372.0,375.0,376.0,515.0,517.0,534.0,543.0,589.0,592.0,614.0,627.0,652.0,691.0,758.0,770.0,811.0,812.0,814.0,823.0,853.0,883.0,933.0,935.0,972.0,
19.0,28.0,35.0,66.0,115.0,124.0,140.0,207.0,211.0,329.0,332.0,346.0,353.0,409.0,414.0,426.0,596.0,602.0,613.0,630.0,658.0,686.0,712.0,716.0,717.0,757.0,782.0,786.0,796.0,811.0,818.0,822.0,823.0,823.0,846.0,878.0,879.0,880.0,913.0,939.0,943.0,958.0,993.0,994.0,1000.0,
7.0,18.0,28.0,48.0,69.0,89.0,119.0,125.0,144.0,154.0,171.0,209.0,221.0,235.0,246.0,249.0,256.0,261.0,300.0,323.0,387.0,466.0,533.0,554.0,580.0,597.0,608.0,609.0,692.0,702.0,717.0,804.0,818.0,866.0,867.0,890.0,948.0,950.0,954.0,956.0,
19.0,64.0,86.0,187.0,199.0,240.0,255.0,276.0,297.0,310.0,354.0,368.0,499.0,506.0,538.0,539.0,564.0,567.0,578.0,609.0,610.0,807.0,857.0,862.0,866.0,892.0,914.0,948.0,
