17.0,21.0,23.0,31.0,75.0,108.0,161.0,162.0,167.0,202.0,206.0,214.0,314.0,337.0,367.0,415.0,449.0,461.0,493.0,502.0,557.0,564.0,573.0,606.0,622.0,658.0,662.0,664.0,671.0,710.0,789.0,805.0,815.0,836.0,851.0,933.0,954.0,975.0,
5.0,35.0,56.0,105.0,179.0,199.0,237.0,249.0,256.0,325.0,340.0,384.0,397.0,430.0,454.0,521.0,545.0,549.0,577.0,618.0,696.0,738.0,758.0,769.0,853.0,909.0,941.0,953.0,987.0,
69.0,79.0,87.0,186.0,195.0,201.0,209.0,217.0,223.0,282.0,298.0,300.0,304.0,317.0,356.0,379.0,392.0,415.0,416.0,423.0,461.0,501.0,514.0,539.0,559.0,575.0,579.0,584.0,592.0,597.0,600.0,614.0,626.0,665.0,668.0,745.0,775.0,812.0,850.0,865.0,881.0,928.0,929.0,961.0,965.0,994.0,
63.0,140.0,181.0,217.0,219.0,236.0,326.0,352.0,370.0,402.0,414.0,464.0,516.0,553.0,625.0,708.0,728.0,729.0,756.0,781.0,784.0,786.0,805.0,868.0,884.0,886.0,947.0,
15.0,29.0,92.0,152.0,197.0,200.0,229.0,253.0,254.0,255.0,275.0,315.0,349.0,388.0,424.0,429.0,504.0,573.0,588.0,599.0,621.0,644.0,645.0,700.0,701.0,781.0,785.0,788.0,789.0,858.0,863.0,888.0,935.0,938.0,981.0,
80.0,100.0,125.0,129.0,162.0,164.0,165.0,184.0,184.0,193.0,220.0,236.0,279.0,300.0,324.0,325.0,411.0,432.0,432.0,442.0,464.0,474.0,483.0,496.0,536.0,583.0,608.0,608.0,642.0,694.0,718.0,797.0,804.0,821.0,824.0,835.0,859.0,863.0,880.0,932.0,936.0,976.0,985.0,
71.0,82.0,142.0,193.0,255.0,315.0,319.0,325.0,339.0,355.0,369.0,399.0,399.0,412.0,412.0,413.0,511.0,535.0,572.0,596.0,610.0,643.0,655.0,668.0,705.0,735.0,761.0,766.0,768.0,770.0,783.0,798.0,876.0,878.0,892.0,896.0,912.0,936.0,939.0,978.0,
9.0,25.0,75.0,82.0,110.0,121.0,125.0,135.0,208.0,262.0,264.0,308.0,315.0,340.0,343.0,349.0,379.0,419.0,484.0,538.0,544.0,549.0,551.0,555.0,595.0,601.0,663.0,678.0,713.0,720.0,818.0,841.0,854.0,887.0,903.0,906.0,922.0,954.0,
14.0,22.0,25.0,33.0,64.0,77.0,98.0,102.0,104.0,107.0,107.0,148.0,155.0,269.0,279.0,280.0,283.0,298.0,325.0,383.0,431.0,463.0,475.0,563.0,581.0,592.0,603.0,606.0,643.0,659.0,668.0,671.0,671.0,702.0,792.0,864.0,927.0,929.0,
85.0,108.0,111.0,136.0,156.0,174.0,243.0,244.0,276.0,325.0,330.0,379.0,401.0,410.0,474.0,523.0,536.0,572.0,588.0,609.0,616.0,622.0,623.0,712.0,743.0,770.0,845.0,855.0,876.0,880.0,898.0,909.0,984.0,987.0,
51.0,92.0,101.0,124.0,141.0,150.0,234.0,288.0,322.0,334.0,363.0,381.0,393.0,462.0,467.0,471.0,498.0,521.0,583.0,584.0,642.0,662.0,683.0,703.0,738.0,747.0,766.0,798.0,824.0,837.0,885.0,912.0,933.0,940.0,940.0,948.0,984.0,
7.0,10.0,11.0,42.0,88.0,129.0,132.0,159.0,169.0,178.0,182.0,188.0,197.0,217.0,284.0,296.0,401.0,446.0,452.0,469.0,495.0,500.0,502.0,527.0,529.0,680.0,687.0,702.0,773.0,785.0,813.0,818.0,824.0,853.0,855.0,919.0,942.0,962.0,973.0,977.0,
10.0,36.0,49.0,51.0,51.0,60.0,121.0,134.0,185.0,237.0,246.0,270.0,314.0,379.0,404.0,425.0,442.0,442.0,448.0,452.0,470.0,538.0,542.0,588.0,622.0,631.0,686.0,693.0,697.0,730.0,857.0,894.0,954.0,
4.0,104.0,185.0,205.0,222.0,243.0,299.0,310.0,326.0,337.0,346.0,354.0,394.0,445.0,495.0,525.0,541.0,544.0,556.0,560.0,567.0,572.0,594.0,636.0,658.0,750.0,824.0,828.0,896.0,904.0,914.0,
9.0,21.0,38.0,42.0,50.0,76.0,77.0,102.0,136.0,165.0,165.0,171.0,242.0,273.0,275.0,340.0,363.0,365.0,405.0,466.0,468.0,501.0,508.0,513.0,527.0,547.0,594.0,658.0,680.0,690.0,712.0,716.0,765.0,817.0,844.0,869.0,922.0,922.0,922.0,937.0,941.0,988.0,995.0,997.0,
40.0,67.0,78.0,123.0,163.0,260.0,279.0,315.0,316.0,330.0,357.0,383.0,441.0,458.0,472.0,490.0,501.0,525.0,529.0,617.0,621.0,691.0,815.0,831.0,833.0,860.0,939.0,943.0,979.0,989.0,
64.0,84.0,96.0,97.0,133.0,139.0,142.0,185.0,192.0,194.0,198.0,232.0,289.0,299.0,384.0,412.0,426.0,477.0,493.0,515.0,516.0,523.0,556.0,559.0,617.0,624.0,648.0,690.0,697.0,700.0,713.0,732.0,751.0,753.0,772.0,800.0,829.0,863.0,897.0,901.0,968.0,975.0,980.0,994.0,
20.0,133.0,145.0,151.0,167.0,181.0,229.0,253.0,270.0,270.0,411.0,459.0,497.0,498.0,503.0,507.0,563.0,565.0,613.0,633.0,649.0,652.0,689.0,731.0,739.0,745.0,769.0,803.0,804.0,886.0,890.0,905.0,929.0,985.0,
8.0,70.0,74.0,102.0,104.0,201.0,208.0,287.0,289.0,329.0,334.0,349.0,363.0,380.0,406.0,429.0,458.0,483.0,559.0,570.0,571.0,596.0,615.0,617.0,651.0,700.0,701.0,724.0,741.0,779.0,789.0,796.0,818.0,838.0,845.0,857.0,865.0,866.0,916.0,927.0,929.0,950.0,969.0,974.0,986.0,
21.0,157.0,168.0,204.0,216.0,269.0,275.0,353.0,363.0,382.0,390.0,400.0,424.0,444.0,447.0,548.0,595.0,611.0,633.0,639.0,677.0,678.0,707.0,794.0,835.0,836.0,844.0,850.0,856.0,856.0,860.0,880.0,909.0,945.0,985.0,
12.0,45.0,71.0,101.0,107.0,112.0,114.0,124.0,128.0,184.0,188.0,202.0,259.0,303.0,304.0,341.0,410.0,493.0,548.0,552.0,562.0,583.0,588.0,590.0,632.0,645.0,647.0,734.0,760.0,803.0,805.0,824.0,845.0,852.0,890.0,994.0,996.0,996.0,
42.0,97.0,102.0,172.0,178.0,185.0,230.0,241.0,242.0,246.0,253.0,289.0,298.0,306.0,360.0,387.0,394.0,484.0,488.0,515.0,527.0,546.0,551.0,567.0,575.0,586.0,590.0,612.0,626.0,649.0,669.0,678.0,687.0,726.0,737.0,757.0,861.0,913.0,930.0,970.0,976.0,988.0,999.0,1000.0,
58.0,80.0,139.0,165.0,169.0,175.0,184.0,194.0,246.0,360.0,410.0,421.0,441.0,460.0,560.0,566.0,633.0,634.0,707.0,726.0,730.0,730.0,797.0,825.0,828.0,845.0,865.0,923.0,
28.0,38.0,48.0,54.0,57.0,60.0,63.0,86.0,87.0,92.0,148.0,180.0,250.0,251.0,267.0,298.0,374.0,390.0,432.0,503.0,551.0,554.0,727.0,764.0,768.0,770.0,809.0,850.0,889.0,890.0,930.0,954.0,970.0,
33.0,136.0,187.0,236.0,293.0,294.0,327.0,336.0,375.0,410.0,410.0,447.0,456.0,462.0,488.0,499.0,512.0,558.0,604.0,607.0,611.0,618.0,639.0,648.0,786.0,801.0,852.0,913.0,987.0,990.0,999.0,
4.0,83.0,86.0,105.0,158.0,228.0,235.0,235.0,239.0,247.0,248.0,257.0,270.0,332.0,333.0,336.0,439.0,507.0,538.0,545.0,561.0,569.0,599.0,609.0,716.0,718.0,800.0,847.0,893.0,899.0,954.0,961.0,963.0,965.0,967.0,997.0,
21.0,82.0,113.0,118.0,145.0,202.0,221.0,259.0,312.0,319.0,357.0,375.0,403.0,413.0,421.0,454.0,475.0,489.0,504.0,608.0,641.0,649.0,652.0,675.0,695.0,700.0,805.0,823.0,859.0,867.0,928.0,
20.0,27.0,45.0,93.0,108.0,110.0,126.0,158.0,175.0,209.0,215.0,217.0,276.0,315.0,322.0,322.0,350.0,374.0,412.0,454.0,478.0,483.0,506.0,649.0,655.0,668.0,682.0,685.0,838.0,846.0,896.0,906.0,931.0,996.0,
34.0,60.0,85.0,124.0,172.0,184.0,227.0,239.0,267.0,290.0,313.0,326.0,419.0,440.0,446.0,480.0,498.0,509.0,565.0,618.0,636.0,639.0,674.0,704.0,723.0,730.0,734.0,738.0,745.0,747.0,754.0,756.0,759.0,766.0,775.0,778.0,803.0,810.0,840.0,847.0,848.0,864.0,888.0,919.0,966.0,968.0,
7.0,9.0,30.0,32.0,95.0,118.0,133.0,153.0,192.0,193.0,207.0,228.0,241.0,255.0,281.0,303.0,308.0,389.0,442.0,450.0,454.0,543.0,551.0,554.0,557.0,651.0,654.0,664.0,696.0,725.0,730.0,748.0,788.0,854.0,883.0,916.0,919.0,976.0,983.0,998.0,
42.0,46.0,55.0,95.0,101.0,136.0,182.0,244.0,272.0,277.0,282.0,296.0,303.0,308.0,316.0,332.0,361.0,481.0,501.0,511.0,523.0,529.0,531.0,546.0,554.0,583.0,597.0,602.0,630.0,674.0,728.0,776.0,782.0,797.0,801.0,835.0,865.0,883.0,914.0,941.0,962.0,966.0,
102.0,119.0,125.0,131.0,154.0,167.0,167.0,248.0,274.0,281.0,289.0,405.0,456.0,480.0,499.0,515.0,555.0,567.0,608.0,689.0,730.0,773.0,810.0,826.0,925.0,987.0,999.0,
12.0,19.0,68.0,250.0,258.0,280.0,309.0,312.0,320.0,365.0,387.0,395.0,462.0,530.0,533.0,557.0,565.0,597.0,599.0,615.0,625.0,679.0,723.0,757.0,769.0,807.0,809.0,811.0,840.0,862.0,874.0,891.0,900.0,928.0,951.0,
5.0,14.0,109.0,130.0,151.0,152.0,161.0,162.0,179.0,182.0,202.0,246.0,303.0,358.0,381.0,388.0,391.0,402.0,498.0,534.0,539.0,551.0,568.0,596.0,664.0,676.0,686.0,728.0,731.0,738.0,764.0,786.0,824.0,825.0,874.0,885.0,893.0,899.0,904.0,922.0,924.0,998.0,999.0,
11.0,18.0,34.0,66.0,158.0,245.0,255.0,262.0,286.0,377.0,377.0,424.0,442.0,479.0,537.0,540.0,590.0,596.0,618.0,657.0,666.0,677.0,688.0,768.0,808.0,903.0,933.0,940.0,965.0,
45.0,51.0,56.0,58.0,88.0,94.0,100.0,102.0,104.0,165.0,193.0,222.0,234.0,275.0,282.0,283.0,309.0,341.0,365.0,370.0,382.0,440.0,455.0,493.0,512.0,514.0,520.0,527.0,564.0,572.0,617.0,622.0,623.0,661.0,674.0,690.0,695.0,703.0,704.0,707.0,728.0,732.0,740.0,778.0,793.0,800.0,872.0,921.0,932.0,948.0,963.0,977.0,994.0,
19.0,23.0,25.0,81.0,96.0,111.0,133.0,157.0,215.0,235.0,238.0,291.0,331.0,371.0,404.0,440.0,452.0,466.0,469.0,501.0,506.0,538.0,551.0,587.0,588.0,653.0,669.0,696.0,730.0,758.0,761.0,803.0,880.0,886.0,910.0,935.0,960.0,961.0,
9.0,32.0,65.0,120.0,155.0,160.0,170.0,174.0,180.0,221.0,225.0,255.0,280.0,296.0,313.0,409.0,462.0,554.0,563.0,611.0,622.0,686.0,723.0,728.0,742.0,803.0,864.0,871.0,950.0,
4.0,33.0,44.0,70.0,84.0,162.0,220.0,299.0,377.0,398.0,405.0,495.0,526.0,553.0,603.0,616.0,627.0,632.0,652.0,656.0,656.0,746.0,757.0,774.0,898.0,973.0,978.0,991.0,
37.0,42.0,43.0,44.0,58.0,72.0,83.0,103.0,109.0,112.0,146.0,171.0,223.0,238.0,246.0,248.0,293.0,326.0,331.0,334.0,356.0,406.0,415.0,427.0,485.0,568.0,575.0,611.0,629.0,651.0,672.0,697.0,704.0,722.0,843.0,873.0,912.0,917.0,936.0,990.0,
12.0,56.0,69.0,119.0,131.0,155.0,176.0,201.0,203.0,208.0,219.0,230.0,249.0,249.0,266.0,325.0,326.0,327.0,330.0,370.0,410.0,443.0,500.0,511.0,585.0,608.0,622.0,648.0,692.0,692.0,698.0,699.0,792.0,860.0,886.0,894.0,903.0,954.0,997.0,998.0,
43.0,45.0,90.0,113.0,152.0,157.0,230.0,343.0,351.0,354.0,355.0,402.0,416.0,433.0,441.0,474.0,475.0,522.0,537.0,552.0,632.0,646.0,668.0,694.0,759.0,760.0,778.0,800.0,878.0,896.0,
21.0,49.0,229.0,232.0,247.0,355.0,400.0,417.0,417.0,440.0,447.0,460.0,468.0,580.0,685.0,702.0,720.0,788.0,857.0,866.0,873.0,
2.0,3.0,43.0,128.0,132.0,143.0,184.0,192.0,372.0,379.0,380.0,380.0,416.0,428.0,459.0,544.0,546.0,552.0,552.0,674.0,718.0,719.0,852.0,923.0,950.0,971.0,
6.0,49.0,84.0,104.0,180.0,181.0,205.0,211.0,246.0,281.0,287.0,293.0,302.0,315.0,322.0,329.0,366.0,395.0,446.0,477.0,488.0,528.0,540.0,542.0,547.0,559.0,561.0,564.0,565.0,571.0,573.0,577.0,588.0,595.0,605.0,625.0,626.0,630.0,643.0,644.0,655.0,661.0,680.0,681.0,682.0,688.0,691.0,693.0,702.0,714.0,721.0,731.0,738.0,769.0,805.0,831.0,835.0,839.0,847.0,862.0,937.0,943.0,967.0,990.0,
21.0,33.0,51.0,149.0,273.0,280.0,328.0,331.0,335.0,352.0,394.0,432.0,439.0,478.0,491.0,492.0,496.0,515.0,524.0,537.0,539.0,548.0,549.0,550.0,560.0,561.0,565.0,567.0,573.0,576.0,577.0,581.0,582.0,582.0,605.0,606.0,610.0,611.0,631.0,633.0,634.0,643.0,644.0,660.0,664.0,666.0,677.0,688.0,698.0,730.0,734.0,741.0,741.0,769.0,778.0,780.0,783.0,786.0,790.0,792.0,842.0,845.0,870.0,881.0,882.0,912.0,921.0,946.0,951.0,956.0,964.0,
33.0,61.0,68.0,125.0,158.0,176.0,177.0,209.0,225.0,270.0,281.0,325.0,326.0,334.0,384.0,388.0,389.0,433.0,481.0,510.0,535.0,539.0,540.0,545.0,552.0,573.0,574.0,607.0,607.0,616.0,626.0,639.0,639.0,656.0,657.0,668.0,676.0,685.0,704.0,704.0,704.0,707.0,721.0,741.0,763.0,776.0,827.0,829.0,830.0,866.0,911.0,914.0,938.0,973.0,975.0,977.0,978.0,984.0,
21.0,83.0,93.0,189.0,198.0,248.0,278.0,306.0,317.0,328.0,371.0,379.0,383.0,425.0,439.0,486.0,577.0,584.0,689.0,866.0,875.0,901.0,
14.0,57.0,62.0,69.0,70.0,75.0,78.0,118.0,128.0,135.0,192.0,202.0,215.0,226.0,237.0,240.0,251.0,291.0,311.0,354.0,365.0,369.0,432.0,457.0,461.0,503.0,526.0,579.0,639.0,681.0,696.0,719.0,730.0,825.0,836.0,863.0,928.0,964.0,972.0,
13.0,34.0,35.0,52.0,107.0,129.0,135.0,201.0,208.0,245.0,251.0,277.0,327.0,354.0,359.0,371.0,387.0,434.0,494.0,511.0,531.0,541.0,553.0,557.0,590.0,674.0,786.0,817.0,964.0,978.0,995.0,997.0,
14.0,17.0,29.0,102.0,173.0,176.0,191.0,192.0,248.0,250.0,256.0,275.0,291.0,294.0,312.0,322.0,325.0,336.0,353.0,394.0,400.0,412.0,430.0,481.0,504.0,533.0,623.0,628.0,637.0,655.0,754.0,791.0,863.0,889.0,960.0,963.0,963.0,969.0,975.0,983.0,
92.0,170.0,180.0,244.0,254.0,281.0,476.0,494.0,498.0,508.0,565.0,672.0,704.0,714.0,750.0,751.0,776.0,809.0,831.0,832.0,863.0,864.0,911.0,
14.0,90.0,106.0,115.0,143.0,160.0,172.0,190.0,209.0,211.0,227.0,252.0,336.0,360.0,387.0,403.0,404.0,475.0,521.0,536.0,609.0,633.0,642.0,679.0,726.0,751.0,833.0,847.0,903.0,914.0,922.0,
4.0,20.0,55.0,55.0,86.0,124.0,144.0,163.0,172.0,173.0,292.0,359.0,372.0,417.0,434.0,440.0,486.0,503.0,522.0,525.0,539.0,539.0,581.0,581.0,592.0,687.0,720.0,721.0,721.0,731.0,771.0,794.0,848.0,863.0,905.0,912.0,965.0,
17.0,53.0,78.0,79.0,86.0,98.0,148.0,169.0,267.0,288.0,342.0,358.0,382.0,391.0,439.0,473.0,476.0,489.0,489.0,517.0,528.0,534.0,537.0,539.0,542.0,543.0,543.0,544.0,544.0,548.0,548.0,551.0,553.0,556.0,560.0,564.0,576.0,598.0,603.0,604.0,607.0,613.0,629.0,629.0,637.0,646.0,649.0,687.0,694.0,706.0,720.0,721.0,730.0,740.0,757.0,764.0,772.0,778.0,783.0,795.0,825.0,847.0,850.0,850.0,867.0,888.0,899.0,910.0,926.0,931.0,936.0,944.0,950.0,982.0,997.0,
51.0,66.0,74.0,76.0,82.0,120.0,137.0,148.0,151.0,194.0,211.0,225.0,235.0,235.0,276.0,280.0,316.0,354.0,372.0,385.0,446.0,518.0,529.0,529.0,535.0,536.0,536.0,543.0,545.0,551.0,553.0,554.0,555.0,558.0,565.0,568.0,571.0,571.0,578.0,582.0,592.0,595.0,601.0,609.0,613.0,613.0,635.0,642.0,657.0,658.0,659.0,663.0,663.0,703.0,705.0,709.0,726.0,730.0,754.0,761.0,771.0,781.0,802.0,810.0,823.0,825.0,847.0,849.0,862.0,911.0,967.0,970.0,975.0,981.0,999.0,
26.0,46.0,67.0,105.0,114.0,117.0,142.0,188.0,215.0,236.0,300.0,309.0,341.0,349.0,366.0,369.0,372.0,387.0,388.0,412.0,422.0,438.0,443.0,453.0,473.0,526.0,528.0,532.0,546.0,553.0,563.0,565.0,567.0,571.0,598.0,606.0,610.0,614.0,629.0,634.0,637.0,646.0,648.0,650.0,660.0,671.0,679.0,684.0,698.0,704.0,717.0,723.0,723.0,732.0,737.0,751.0,757.0,770.0,771.0,772.0,773.0,775.0,795.0,798.0,800.0,814.0,839.0,850.0,851.0,867.0,875.0,891.0,894.0,897.0,904.0,913.0,916.0,922.0,931.0,960.0,981.0,994.0,994.0,
11.0,37.0,68.0,124.0,137.0,177.0,178.0,243.0,248.0,253.0,298.0,326.0,345.0,384.0,459.0,504.0,539.0,560.0,565.0,568.0,572.0,575.0,599.0,604.0,652.0,676.0,723.0,759.0,762.0,776.0,777.0,780.0,781.0,821.0,849.0,862.0,870.0,904.0,905.0,948.0,
27.0,71.0,77.0,138.0,138.0,150.0,169.0,181.0,204.0,216.0,221.0,235.0,306.0,332.0,358.0,379.0,427.0,493.0,503.0,521.0,523.0,572.0,586.0,589.0,633.0,666.0,669.0,672.0,695.0,707.0,769.0,801.0,839.0,854.0,871.0,882.0,882.0,945.0,948.0,968.0,982.0,
20.0,24.0,32.0,82.0,83.0,87.0,93.0,102.0,140.0,144.0,156.0,166.0,212.0,237.0,256.0,262.0,326.0,345.0,348.0,377.0,403.0,446.0,447.0,465.0,480.0,487.0,513.0,523.0,550.0,566.0,596.0,596.0,616.0,622.0,694.0,749.0,758.0,786.0,791.0,825.0,825.0,832.0,857.0,862.0,878.0,897.0,967.0,996.0,
32.0,64.0,160.0,170.0,179.0,185.0,233.0,256.0,270.0,301.0,303.0,315.0,341.0,342.0,370.0,423.0,426.0,451.0,451.0,468.0,470.0,491.0,496.0,525.0,533.0,583.0,630.0,636.0,640.0,664.0,712.0,788.0,801.0,804.0,826.0,839.0,856.0,874.0,874.0,915.0,947.0,960.0,
21.0,23.0,127.0,128.0,133.0,160.0,172.0,182.0,203.0,223.0,276.0,311.0,317.0,422.0,424.0,436.0,469.0,533.0,538.0,616.0,677.0,677.0,683.0,731.0,743.0,787.0,818.0,830.0,875.0,903.0,945.0,950.0,
28.0,123.0,128.0,141.0,196.0,216.0,237.0,241.0,251.0,278.0,281.0,306.0,346.0,355.0,381.0,383.0,416.0,425.0,470.0,488.0,533.0,552.0,568.0,571.0,583.0,594.0,599.0,640.0,654.0,684.0,687.0,691.0,742.0,751.0,762.0,765.0,814.0,817.0,863.0,924.0,929.0,936.0,949.0,968.0,
20.0,42.0,50.0,96.0,134.0,176.0,187.0,256.0,303.0,316.0,339.0,347.0,351.0,355.0,379.0,417.0,440.0,467.0,495.0,529.0,536.0,584.0,620.0,633.0,669.0,727.0,748.0,769.0,820.0,841.0,842.0,951.0,991.0,996.0,
47.0,87.0,127.0,157.0,183.0,220.0,252.0,316.0,366.0,370.0,414.0,414.0,419.0,424.0,431.0,472.0,517.0,526.0,526.0,531.0,535.0,543.0,547.0,563.0,569.0,577.0,577.0,582.0,594.0,608.0,611.0,625.0,634.0,638.0,646.0,654.0,670.0,704.0,726.0,761.0,779.0,814.0,816.0,833.0,852.0,889.0,913.0,932.0,935.0,980.0,987.0,995.0,998.0,
88.0,112.0,131.0,137.0,222.0,250.0,253.0,270.0,278.0,300.0,315.0,319.0,322.0,326.0,341.0,354.0,386.0,393.0,416.0,417.0,436.0,457.0,513.0,525.0,526.0,532.0,533.0,534.0,544.0,548.0,553.0,556.0,558.0,570.0,574.0,574.0,585.0,586.0,593.0,599.0,601.0,608.0,633.0,634.0,635.0,644.0,660.0,667.0,691.0,712.0,718.0,740.0,741.0,757.0,773.0,787.0,804.0,816.0,839.0,861.0,862.0,867.0,872.0,876.0,877.0,886.0,900.0,931.0,938.0,958.0,975.0,980.0,
8.0,25.0,80.0,93.0,121.0,151.0,156.0,165.0,183.0,225.0,227.0,231.0,238.0,242.0,250.0,271.0,297.0,337.0,356.0,421.0,428.0,428.0,431.0,457.0,516.0,518.0,525.0,543.0,546.0,556.0,558.0,567.0,575.0,599.0,603.0,613.0,616.0,650.0,663.0,666.0,686.0,691.0,706.0,720.0,739.0,756.0,766.0,767.0,780.0,789.0,798.0,818.0,885.0,887.0,891.0,895.0,925.0,926.0,930.0,934.0,941.0,942.0,945.0,951.0,957.0,957.0,968.0,984.0,988.0,
19.0,24.0,34.0,46.0,60.0,71.0,83.0,90.0,121.0,174.0,185.0,221.0,239.0,246.0,255.0,270.0,289.0,302.0,307.0,334.0,341.0,363.0,396.0,413.0,414.0,430.0,450.0,451.0,462.0,527.0,552.0,557.0,573.0,615.0,679.0,691.0,706.0,719.0,773.0,808.0,816.0,843.0,906.0,955.0,
45.0,60.0,75.0,103.0,146.0,184.0,231.0,253.0,265.0,266.0,278.0,315.0,346.0,384.0,398.0,437.0,504.0,516.0,543.0,590.0,627.0,652.0,662.0,704.0,711.0,716.0,730.0,748.0,774.0,781.0,801.0,893.0,918.0,964.0,998.0,
15.0,22.0,71.0,74.0,87.0,111.0,120.0,157.0,164.0,180.0,214.0,246.0,280.0,283.0,287.0,290.0,302.0,338.0,366.0,380.0,422.0,554.0,570.0,583.0,586.0,590.0,608.0,672.0,687.0,714.0,718.0,733.0,737.0,815.0,823.0,928.0,932.0,956.0,
10.0,18.0,56.0,87.0,167.0,190.0,197.0,198.0,238.0,251.0,267.0,284.0,310.0,319.0,348.0,349.0,502.0,523.0,533.0,583.0,609.0,633.0,704.0,704.0,736.0,737.0,765.0,806.0,811.0,850.0,864.0,919.0,973.0,989.0,994.0,
45.0,73.0,101.0,177.0,184.0,218.0,220.0,222.0,262.0,271.0,287.0,305.0,344.0,362.0,371.0,375.0,395.0,405.0,434.0,463.0,472.0,479.0,521.0,536.0,544.0,548.0,605.0,688.0,753.0,775.0,783.0,791.0,819.0,832.0,850.0,877.0,885.0,887.0,893.0,897.0,915.0,920.0,955.0,957.0,970.0,981.0,986.0,
6.0,14.0,18.0,26.0,29.0,114.0,170.0,178.0,201.0,217.0,224.0,240.0,252.0,325.0,366.0,397.0,442.0,463.0,469.0,496.0,535.0,560.0,594.0,627.0,633.0,674.0,793.0,803.0,808.0,830.0,903.0,918.0,918.0,951.0,
9.0,41.0,79.0,89.0,153.0,154.0,182.0,223.0,228.0,235.0,272.0,279.0,296.0,351.0,387.0,490.0,581.0,601.0,617.0,661.0,697.0,738.0,739.0,740.0,956.0,986.0,
7.0,17.0,20.0,24.0,31.0,32.0,60.0,64.0,111.0,120.0,122.0,122.0,130.0,223.0,226.0,226.0,238.0,251.0,276.0,282.0,286.0,297.0,298.0,316.0,358.0,514.0,519.0,535.0,538.0,595.0,682.0,712.0,728.0,796.0,809.0,814.0,844.0,855.0,872.0,893.0,903.0,948.0,964.0,967.0,
20.0,33.0,49.0,118.0,175.0,238.0,242.0,254.0,258.0,281.0,284.0,296.0,331.0,392.0,393.0,399.0,409.0,414.0,434.0,450.0,518.0,520.0,537.0,537.0,659.0,701.0,704.0,755.0,811.0,812.0,830.0,830.0,834.0,861.0,889.0,906.0,908.0,950.0,950.0,
4.0,25.0,39.0,44.0,105.0,130.0,137.0,153.0,198.0,202.0,264.0,278.0,313.0,314.0,329.0,399.0,407.0,480.0,485.0,525.0,527.0,530.0,588.0,619.0,667.0,677.0,729.0,742.0,753.0,777.0,795.0,825.0,836.0,886.0,998.0,
26.0,54.0,75.0,92.0,130.0,225.0,274.0,275.0,304.0,339.0,366.0,405.0,425.0,430.0,440.0,486.0,501.0,522.0,530.0,539.0,545.0,549.0,578.0,614.0,651.0,704.0,716.0,737.0,749.0,764.0,846.0,866.0,871.0,904.0,977.0,988.0,
14.0,17.0,38.0,67.0,79.0,116.0,123.0,128.0,143.0,148.0,165.0,197.0,207.0,223.0,262.0,263.0,269.0,275.0,431.0,444.0,541.0,554.0,591.0,610.0,643.0,703.0,710.0,710.0,713.0,714.0,731.0,765.0,832.0,873.0,884.0,915.0,937.0,946.0,967.0,969.0,978.0,992.0,
48.0,105.0,108.0,122.0,127.0,137.0,154.0,183.0,204.0,212.0,228.0,245.0,268.0,284.0,298.0,326.0,364.0,411.0,527.0,546.0,558.0,558.0,574.0,583.0,587.0,618.0,733.0,768.0,772.0,805.0,812.0,838.0,868.0,874.0,901.0,936.0,945.0,957.0,971.0,973.0,
36.0,57.0,109.0,111.0,151.0,154.0,165.0,180.0,218.0,347.0,364.0,403.0,421.0,434.0,454.0,521.0,530.0,567.0,593.0,631.0,641.0,650.0,710.0,729.0,795.0,843.0,873.0,888.0,940.0,954.0,955.0,980.0,
13.0,18.0,67.0,74.0,89.0,115.0,170.0,181.0,186.0,190.0,222.0,233.0,236.0,244.0,260.0,303.0,322.0,326.0,345.0,348.0,377.0,410.0,429.0,445.0,488.0,509.0,522.0,591.0,624.0,702.0,753.0,775.0,789.0,795.0,865.0,894.0,983.0,996.0,
38.0,64.0,101.0,117.0,166.0,178.0,193.0,216.0,217.0,233.0,234.0,242.0,374.0,394.0,395.0,491.0,582.0,599.0,641.0,686.0,737.0,794.0,832.0,845.0,885.0,969.0,993.0,
7.0,15.0,65.0,70.0,116.0,148.0,165.0,192.0,302.0,319.0,349.0,353.0,410.0,487.0,521.0,564.0,636.0,685.0,690.0,703.0,797.0,853.0,872.0,883.0,908.0,918.0,920.0,993.0,
70.0,74.0,84.0,97.0,119.0,125.0,141.0,145.0,146.0,152.0,194.0,208.0,209.0,236.0,244.0,246.0,262.0,329.0,363.0,366.0,377.0,396.0,439.0,443.0,478.0,490.0,499.0,501.0,560.0,567.0,572.0,580.0,625.0,657.0,688.0,694.0,727.0,737.0,743.0,770.0,798.0,858.0,882.0,907.0,909.0,911.0,947.0,963.0,
8.0,122.0,125.0,131.0,186.0,200.0,224.0,235.0,236.0,242.0,258.0,282.0,288.0,303.0,319.0,361.0,362.0,369.0,383.0,465.0,476.0,490.0,520.0,527.0,580.0,584.0,600.0,617.0,674.0,684.0,703.0,794.0,826.0,828.0,965.0,
14.0,70.0,71.0,83.0,141.0,267.0,332.0,389.0,433.0,460.0,472.0,485.0,512.0,535.0,587.0,667.0,677.0,693.0,717.0,717.0,721.0,759.0,806.0,813.0,878.0,894.0,917.0,
3.0,24.0,79.0,115.0,206.0,214.0,231.0,325.0,382.0,388.0,396.0,453.0,468.0,476.0,500.0,553.0,560.0,560.0,570.0,607.0,624.0,624.0,631.0,639.0,666.0,668.0,673.0,683.0,708.0,713.0,744.0,746.0,749.0,779.0,787.0,807.0,852.0,883.0,894.0,989.0,
2.0,14.0,34.0,91.0,135.0,173.0,190.0,204.0,233.0,251.0,269.0,281.0,292.0,306.0,327.0,329.0,362.0,389.0,428.0,435.0,510.0,536.0,563.0,754.0,778.0,864.0,869.0,875.0,964.0,966.0,971.0,985.0,986.0,
23.0,55.0,129.0,169.0,175.0,205.0,271.0,300.0,361.0,493.0,536.0,554.0,629.0,634.0,635.0,758.0,762.0,781.0,849.0,873.0,898.0,900.0,918.0,982.0,
9.0,9.0,138.0,156.0,189.0,208.0,263.0,276.0,300.0,384.0,389.0,437.0,442.0,471.0,481.0,510.0,526.0,565.0,620.0,726.0,757.0,761.0,783.0,796.0,820.0,829.0,831.0,831.0,846.0,950.0,956.0,960.0,972.0,981.0,991.0,
83.0,93.0,102.0,128.0,138.0,174.0,195.0,218.0,244.0,248.0,283.0,312.0,329.0,405.0,420.0,431.0,442.0,442.0,444.0,449.0,541.0,544.0,550.0,668.0,680.0,712.0,745.0,749.0,785.0,801.0,841.0,889.0,903.0,970.0,977.0,
14.0,18.0,43.0,47.0,72.0,87.0,122.0,161.0,207.0,272.0,296.0,342.0,357.0,441.0,484.0,499.0,506.0,529.0,590.0,611.0,621.0,653.0,676.0,725.0,735.0,779.0,817.0,883.0,892.0,902.0,932.0,935.0,971.0,988.0,
57.0,142.0,217.0,224.0,278.0,280.0,392.0,410.0,418.0,428.0,486.0,487.0,529.0,543.0,569.0,573.0,674.0,757.0,804.0,813.0,824.0,830.0,841.0,878.0,878.0,881.0,904.0,915.0,955.0,979.0,
56.0,98.0,115.0,146.0,188.0,210.0,229.0,236.0,272.0,278.0,287.0,313.0,346.0,368.0,400.0,405.0,424.0,611.0,670.0,671.0,692.0,694.0,806.0,818.0,847.0,858.0,867.0,872.0,937.0,994.0,
91.0,105.0,114.0,126.0,128.0,143.0,217.0,259.0,264.0,287.0,307.0,397.0,403.0,422.0,431.0,468.0,501.0,515.0,532.0,539.0,552.0,553.0,608.0,643.0,736.0,737.0,759.0,802.0,806.0,825.0,844.0,848.0,888.0,915.0,961.0,
37.0,70.0,94.0,141.0,160.0,161.0,172.0,177.0,202.0,216.0,217.0,315.0,340.0,356.0,379.0,402.0,425.0,430.0,431.0,444.0,446.0,448.0,454.0,463.0,485.0,493.0,494.0,521.0,560.0,573.0,620.0,665.0,679.0,686.0,710.0,710.0,763.0,772.0,905.0,971.0,985.0,994.0,
53.0,112.0,129.0,332.0,399.0,414.0,427.0,449.0,517.0,536.0,603.0,625.0,630.0,640.0,643.0,741.0,768.0,802.0,825.0,888.0,912.0,918.0,961.0,990.0,994.0,
62.0,76.0,98.0,103.0,110.0,135.0,162.0,181.0,182.0,192.0,344.0,353.0,405.0,406.0,434.0,565.0,586.0,634.0,636.0,640.0,664.0,677.0,705.0,705.0,719.0,742.0,749.0,751.0,789.0,791.0,993.0,
5.0,14.0,55.0,58.0,97.0,109.0,110.0,111.0,140.0,144.0,164.0,166.0,182.0,184.0,191.0,246.0,262.0,275.0,303.0,397.0,463.0,494.0,506.0,526.0,682.0,727.0,740.0,755.0,771.0,789.0,807.0,859.0,865.0,866.0,866.0,875.0,907.0,912.0,
