16.0,37.0,72.0,103.0,128.0,132.0,212.0,222.0,223.0,239.0,251.0,314.0,342.0,397.0,422.0,433.0,542.0,590.0,590.0,607.0,622.0,710.0,746.0,787.0,795.0,803.0,811.0,827.0,830.0,864.0,912.0,917.0,918.0,919.0,939.0,977.0,993.0,
29.0,47.0,104.0,169.0,170.0,181.0,201.0,208.0,287.0,308.0,316.0,352.0,361.0,387.0,406.0,428.0,459.0,470.0,545.0,547.0,552.0,563.0,581.0,584.0,663.0,698.0,706.0,709.0,714.0,739.0,836.0,859.0,875.0,879.0,913.0,999.0,
7.0,34.0,73.0,94.0,94.0,98.0,112.0,121.0,123.0,133.0,143.0,157.0,173.0,198.0,202.0,220.0,248.0,278.0,315.0,354.0,359.0,379.0,417.0,419.0,430.0,501.0,526.0,548.0,602.0,609.0,628.0,628.0,643.0,671.0,688.0,690.0,719.0,793.0,795.0,802.0,812.0,840.0,950.0,975.0,
14.0,16.0,32.0,66.0,86.0,178.0,202.0,249.0,336.0,339.0,345.0,374.0,382.0,383.0,393.0,410.0,414.0,468.0,509.0,529.0,565.0,605.0,628.0,640.0,701.0,724.0,743.0,758.0,779.0,796.0,865.0,868.0,870.0,900.0,993.0,
14.0,32.0,44.0,45.0,54.0,112.0,143.0,166.0,181.0,185.0,185.0,208.0,225.0,248.0,276.0,284.0,298.0,303.0,323.0,328.0,338.0,343.0,346.0,359.0,387.0,403.0,421.0,480.0,505.0,523.0,566.0,569.0,571.0,577.0,585.0,664.0,669.0,705.0,730.0,741.0,751.0,774.0,797.0,877.0,886.0,917.0,992.0,
26.0,45.0,133.0,155.0,155.0,168.0,190.0,218.0,222.0,271.0,320.0,323.0,332.0,353.0,355.0,378.0,502.0,517.0,518.0,531.0,562.0,631.0,724.0,730.0,773.0,823.0,847.0,854.0,977.0,
19.0,39.0,40.0,67.0,72.0,97.0,101.0,144.0,156.0,209.0,214.0,216.0,229.0,285.0,309.0,356.0,394.0,428.0,450.0,524.0,565.0,595.0,663.0,850.0,856.0,883.0,888.0,908.0,911.0,914.0,932.0,933.0,982.0,
3.0,6.0,25.0,68.0,100.0,162.0,169.0,187.0,189.0,307.0,340.0,350.0,351.0,385.0,393.0,396.0,413.0,436.0,458.0,465.0,505.0,510.0,522.0,547.0,558.0,565.0,662.0,714.0,754.0,788.0,845.0,852.0,916.0,918.0,934.0,
96.0,160.0,160.0,223.0,227.0,250.0,299.0,370.0,392.0,409.0,419.0,505.0,512.0,521.0,527.0,530.0,542.0,627.0,631.0,640.0,648.0,659.0,707.0,717.0,723.0,743.0,774.0,788.0,804.0,808.0,818.0,853.0,903.0,929.0,938.0,957.0,962.0,981.0,995.0,
14.0,63.0,80.0,110.0,133.0,154.0,174.0,182.0,235.0,265.0,276.0,280.0,303.0,306.0,338.0,362.0,365.0,367.0,372.0,397.0,438.0,453.0,570.0,611.0,633.0,641.0,677.0,682.0,704.0,752.0,776.0,859.0,865.0,890.0,902.0,909.0,925.0,981.0,
23.0,38.0,63.0,90.0,150.0,151.0,202.0,228.0,258.0,276.0,279.0,292.0,324.0,337.0,341.0,349.0,462.0,479.0,572.0,579.0,591.0,599.0,624.0,643.0,652.0,669.0,686.0,704.0,719.0,742.0,754.0,765.0,768.0,782.0,899.0,936.0,951.0,
2.0,8.0,40.0,67.0,79.0,89.0,133.0,133.0,154.0,186.0,194.0,215.0,235.0,309.0,337.0,401.0,422.0,443.0,468.0,498.0,552.0,582.0,599.0,629.0,633.0,641.0,689.0,717.0,729.0,784.0,791.0,816.0,883.0,886.0,937.0,971.0,980.0,992.0,
21.0,62.0,75.0,84.0,100.0,102.0,146.0,200.0,207.0,232.0,242.0,272.0,280.0,284.0,325.0,410.0,427.0,439.0,543.0,597.0,622.0,671.0,841.0,869.0,877.0,
64.0,158.0,171.0,194.0,223.0,226.0,241.0,275.0,281.0,282.0,294.0,306.0,308.0,311.0,354.0,374.0,420.0,433.0,438.0,452.0,469.0,503.0,519.0,532.0,549.0,555.0,563.0,570.0,599.0,601.0,604.0,612.0,623.0,630.0,667.0,686.0,690.0,697.0,779.0,830.0,847.0,848.0,851.0,882.0,931.0,974.0,
28.0,106.0,124.0,128.0,169.0,170.0,170.0,194.0,247.0,258.0,293.0,295.0,327.0,376.0,379.0,392.0,397.0,401.0,420.0,434.0,464.0,511.0,516.0,526.0,548.0,549.0,592.0,593.0,598.0,600.0,603.0,609.0,610.0,622.0,638.0,640.0,647.0,650.0,664.0,679.0,697.0,742.0,762.0,779.0,781.0,796.0,811.0,819.0,830.0,835.0,857.0,880.0,881.0,888.0,914.0,920.0,945.0,946.0,947.0,959.0,
17.0,25.0,55.0,65.0,95.0,100.0,108.0,110.0,148.0,167.0,200.0,225.0,226.0,248.0,268.0,309.0,322.0,331.0,342.0,351.0,392.0,426.0,427.0,428.0,461.0,478.0,490.0,492.0,524.0,530.0,537.0,552.0,566.0,572.0,585.0,596.0,597.0,599.0,616.0,626.0,628.0,632.0,642.0,648.0,656.0,673.0,673.0,674.0,674.0,711.0,734.0,737.0,765.0,783.0,787.0,791.0,803.0,808.0,808.0,810.0,824.0,839.0,853.0,855.0,856.0,870.0,872.0,883.0,887.0,887.0,903.0,916.0,919.0,
98.0,170.0,179.0,212.0,268.0,281.0,285.0,301.0,329.0,364.0,466.0,476.0,504.0,517.0,532.0,533.0,534.0,536.0,538.0,541.0,547.0,562.0,583.0,607.0,608.0,612.0,622.0,646.0,686.0,701.0,733.0,740.0,766.0,806.0,825.0,843.0,856.0,858.0,864.0,872.0,919.0,922.0,930.0,938.0,939.0,966.0,979.0,995.0,997.0,1000.0,
16.0,52.0,52.0,67.0,83.0,103.0,176.0,176.0,193.0,195.0,212.0,218.0,245.0,300.0,359.0,385.0,386.0,387.0,388.0,417.0,418.0,434.0,466.0,494.0,516.0,518.0,525.0,531.0,536.0,544.0,556.0,557.0,557.0,561.0,587.0,591.0,607.0,639.0,644.0,720.0,726.0,756.0,759.0,801.0,829.0,853.0,869.0,915.0,967.0,977.0,987.0,990.0,992.0,996.0,
2.0,8.0,40.0,80.0,104.0,171.0,243.0,317.0,328.0,456.0,464.0,505.0,508.0,517.0,517.0,532.0,547.0,605.0,624.0,637.0,654.0,672.0,688.0,783.0,789.0,805.0,890.0,893.0,922.0,
124.0,216.0,222.0,223.0,258.0,259.0,369.0,374.0,376.0,377.0,381.0,409.0,425.0,459.0,506.0,508.0,541.0,553.0,554.0,593.0,595.0,614.0,697.0,711.0,774.0,780.0,781.0,803.0,838.0,870.0,890.0,909.0,963.0,965.0,966.0,967.0,983.0,999.0,
13.0,38.0,124.0,175.0,180.0,190.0,225.0,231.0,237.0,269.0,288.0,387.0,449.0,453.0,466.0,525.0,532.0,541.0,566.0,583.0,597.0,617.0,679.0,735.0,754.0,770.0,788.0,822.0,873.0,888.0,896.0,922.0,922.0,939.0,939.0,
6.0,19.0,137.0,193.0,198.0,227.0,230.0,285.0,298.0,315.0,318.0,386.0,449.0,466.0,485.0,513.0,676.0,709.0,809.0,940.0,
45.0,65.0,72.0,308.0,311.0,349.0,373.0,407.0,503.0,509.0,518.0,519.0,520.0,525.0,530.0,532.0,537.0,537.0,546.0,548.0,549.0,551.0,556.0,559.0,562.0,578.0,583.0,595.0,604.0,633.0,659.0,671.0,689.0,696.0,702.0,713.0,737.0,747.0,812.0,841.0,847.0,850.0,879.0,880.0,944.0,962.0,
7.0,43.0,182.0,185.0,187.0,189.0,189.0,294.0,323.0,361.0,412.0,428.0,460.0,480.0,486.0,518.0,525.0,526.0,530.0,542.0,549.0,553.0,558.0,559.0,565.0,567.0,568.0,568.0,570.0,586.0,586.0,595.0,604.0,604.0,610.0,612.0,624.0,625.0,626.0,655.0,661.0,661.0,666.0,682.0,682.0,696.0,706.0,706.0,727.0,734.0,760.0,763.0,763.0,772.0,792.0,811.0,812.0,819.0,837.0,841.0,849.0,849.0,851.0,851.0,862.0,914.0,922.0,977.0,
48.0,105.0,185.0,206.0,219.0,224.0,245.0,266.0,301.0,517.0,522.0,524.0,530.0,535.0,537.0,540.0,543.0,549.0,550.0,552.0,552.0,554.0,555.0,559.0,574.0,583.0,599.0,622.0,623.0,633.0,657.0,668.0,677.0,687.0,690.0,733.0,751.0,756.0,761.0,795.0,823.0,882.0,883.0,893.0,895.0,913.0,919.0,922.0,939.0,961.0,969.0,984.0,
39.0,97.0,99.0,143.0,155.0,202.0,230.0,247.0,278.0,328.0,393.0,401.0,516.0,521.0,522.0,527.0,539.0,543.0,544.0,547.0,551.0,570.0,571.0,573.0,588.0,594.0,602.0,605.0,608.0,629.0,631.0,633.0,640.0,650.0,658.0,691.0,692.0,710.0,714.0,745.0,771.0,795.0,820.0,825.0,849.0,855.0,906.0,916.0,970.0,975.0,980.0,981.0,985.0,990.0,994.0,
15.0,24.0,58.0,69.0,99.0,109.0,112.0,123.0,145.0,149.0,161.0,204.0,241.0,251.0,274.0,315.0,329.0,352.0,381.0,400.0,410.0,422.0,428.0,450.0,500.0,513.0,525.0,529.0,542.0,545.0,547.0,552.0,560.0,598.0,602.0,603.0,608.0,618.0,626.0,626.0,660.0,673.0,677.0,692.0,694.0,716.0,738.0,756.0,760.0,767.0,772.0,806.0,821.0,835.0,855.0,859.0,880.0,888.0,892.0,894.0,908.0,909.0,921.0,941.0,946.0,955.0,971.0,992.0,
26.0,34.0,36.0,118.0,180.0,192.0,208.0,222.0,249.0,293.0,328.0,338.0,347.0,391.0,436.0,446.0,495.0,529.0,536.0,539.0,541.0,544.0,558.0,572.0,578.0,582.0,598.0,599.0,602.0,607.0,610.0,622.0,632.0,636.0,670.0,683.0,705.0,706.0,738.0,773.0,781.0,817.0,868.0,889.0,900.0,903.0,909.0,919.0,928.0,935.0,941.0,943.0,990.0,1000.0,
4.0,44.0,53.0,68.0,81.0,100.0,216.0,279.0,293.0,301.0,311.0,317.0,422.0,424.0,452.0,518.0,535.0,546.0,551.0,565.0,576.0,577.0,579.0,580.0,586.0,591.0,624.0,625.0,629.0,632.0,639.0,656.0,722.0,749.0,821.0,822.0,833.0,882.0,903.0,905.0,911.0,923.0,936.0,970.0,977.0,979.0,983.0,988.0,
54.0,91.0,105.0,108.0,195.0,206.0,238.0,239.0,297.0,322.0,337.0,346.0,353.0,367.0,378.0,379.0,382.0,407.0,423.0,432.0,461.0,546.0,599.0,631.0,648.0,685.0,688.0,693.0,714.0,769.0,787.0,792.0,792.0,798.0,824.0,831.0,841.0,856.0,867.0,890.0,891.0,893.0,896.0,930.0,
16.0,20.0,38.0,103.0,131.0,185.0,209.0,283.0,302.0,357.0,397.0,519.0,551.0,553.0,558.0,591.0,646.0,710.0,720.0,916.0,978.0,
8.0,11.0,12.0,49.0,60.0,123.0,130.0,216.0,233.0,237.0,253.0,275.0,282.0,342.0,352.0,353.0,360.0,401.0,403.0,426.0,454.0,463.0,495.0,509.0,524.0,537.0,563.0,565.0,589.0,622.0,651.0,660.0,664.0,743.0,748.0,776.0,801.0,837.0,843.0,892.0,911.0,
28.0,47.0,70.0,83.0,206.0,267.0,271.0,274.0,290.0,373.0,397.0,415.0,415.0,446.0,451.0,466.0,466.0,478.0,490.0,526.0,539.0,546.0,548.0,548.0,548.0,552.0,564.0,566.0,569.0,581.0,583.0,584.0,584.0,587.0,588.0,590.0,591.0,591.0,604.0,624.0,646.0,649.0,652.0,675.0,699.0,728.0,737.0,749.0,752.0,758.0,761.0,768.0,778.0,791.0,793.0,810.0,815.0,816.0,834.0,836.0,854.0,855.0,876.0,889.0,915.0,919.0,927.0,933.0,939.0,943.0,947.0,962.0,973.0,974.0,989.0,996.0,
7.0,15.0,48.0,59.0,90.0,138.0,149.0,172.0,177.0,197.0,218.0,233.0,236.0,248.0,262.0,296.0,349.0,444.0,490.0,495.0,502.0,507.0,512.0,519.0,521.0,523.0,523.0,524.0,526.0,535.0,536.0,547.0,552.0,559.0,564.0,570.0,575.0,594.0,598.0,609.0,618.0,619.0,620.0,621.0,646.0,646.0,651.0,658.0,672.0,680.0,684.0,700.0,701.0,738.0,748.0,750.0,752.0,801.0,828.0,830.0,848.0,850.0,871.0,873.0,931.0,938.0,942.0,948.0,983.0,
11.0,28.0,37.0,65.0,81.0,81.0,160.0,167.0,195.0,196.0,243.0,293.0,301.0,334.0,392.0,396.0,434.0,441.0,482.0,504.0,517.0,523.0,530.0,533.0,533.0,537.0,542.0,547.0,550.0,561.0,566.0,583.0,594.0,599.0,607.0,612.0,613.0,614.0,620.0,623.0,646.0,658.0,660.0,664.0,668.0,683.0,691.0,702.0,732.0,736.0,746.0,759.0,764.0,766.0,769.0,771.0,772.0,799.0,817.0,824.0,839.0,852.0,852.0,862.0,874.0,889.0,891.0,894.0,903.0,919.0,934.0,949.0,968.0,974.0,980.0,983.0,997.0,
59.0,66.0,92.0,93.0,202.0,217.0,235.0,312.0,340.0,354.0,390.0,406.0,420.0,433.0,440.0,443.0,488.0,499.0,515.0,519.0,525.0,526.0,526.0,528.0,536.0,542.0,543.0,544.0,560.0,561.0,561.0,562.0,570.0,576.0,577.0,577.0,613.0,624.0,627.0,639.0,639.0,677.0,677.0,705.0,722.0,724.0,741.0,749.0,756.0,782.0,792.0,798.0,804.0,823.0,838.0,844.0,869.0,872.0,874.0,900.0,912.0,921.0,929.0,938.0,940.0,945.0,
3.0,24.0,61.0,87.0,98.0,193.0,206.0,227.0,264.0,336.0,347.0,392.0,395.0,421.0,437.0,513.0,519.0,529.0,530.0,532.0,532.0,553.0,559.0,561.0,572.0,572.0,582.0,583.0,591.0,597.0,598.0,604.0,604.0,606.0,623.0,625.0,629.0,663.0,670.0,671.0,699.0,720.0,740.0,741.0,746.0,748.0,751.0,756.0,767.0,812.0,827.0,862.0,871.0,895.0,909.0,935.0,935.0,955.0,994.0,
68.0,109.0,139.0,235.0,252.0,267.0,286.0,294.0,314.0,345.0,468.0,479.0,486.0,517.0,521.0,532.0,535.0,536.0,549.0,552.0,554.0,555.0,557.0,570.0,583.0,590.0,595.0,601.0,604.0,605.0,627.0,652.0,658.0,682.0,683.0,691.0,703.0,713.0,754.0,757.0,764.0,764.0,766.0,781.0,811.0,826.0,830.0,837.0,879.0,881.0,891.0,892.0,893.0,931.0,944.0,950.0,973.0,975.0,976.0,
8.0,54.0,60.0,70.0,72.0,87.0,120.0,120.0,130.0,139.0,148.0,176.0,182.0,210.0,261.0,279.0,327.0,376.0,389.0,396.0,398.0,503.0,530.0,531.0,548.0,554.0,557.0,563.0,570.0,576.0,592.0,593.0,593.0,596.0,600.0,612.0,616.0,632.0,633.0,634.0,639.0,662.0,664.0,671.0,693.0,739.0,746.0,757.0,766.0,768.0,778.0,788.0,801.0,822.0,827.0,831.0,833.0,907.0,917.0,930.0,936.0,938.0,945.0,957.0,965.0,
31.0,33.0,45.0,46.0,80.0,88.0,92.0,138.0,163.0,170.0,171.0,193.0,281.0,324.0,416.0,417.0,454.0,483.0,548.0,563.0,576.0,594.0,598.0,599.0,605.0,663.0,689.0,696.0,701.0,733.0,748.0,783.0,840.0,843.0,847.0,900.0,902.0,905.0,928.0,933.0,945.0,984.0,
20.0,32.0,72.0,101.0,193.0,223.0,231.0,289.0,338.0,345.0,347.0,409.0,409.0,411.0,443.0,446.0,465.0,470.0,491.0,504.0,507.0,511.0,531.0,544.0,567.0,627.0,751.0,777.0,812.0,933.0,949.0,964.0,970.0,
16.0,33.0,167.0,182.0,262.0,335.0,369.0,383.0,392.0,396.0,399.0,422.0,428.0,443.0,449.0,457.0,463.0,472.0,495.0,532.0,536.0,536.0,541.0,567.0,567.0,573.0,588.0,592.0,602.0,608.0,610.0,639.0,641.0,652.0,674.0,690.0,697.0,701.0,701.0,706.0,725.0,736.0,786.0,791.0,803.0,820.0,856.0,869.0,873.0,881.0,889.0,898.0,907.0,913.0,930.0,930.0,943.0,955.0,974.0,983.0,987.0,991.0,992.0,
45.0,56.0,74.0,97.0,103.0,103.0,145.0,165.0,174.0,202.0,206.0,215.0,264.0,275.0,293.0,361.0,389.0,393.0,433.0,440.0,445.0,480.0,516.0,516.0,530.0,530.0,532.0,532.0,535.0,538.0,540.0,543.0,544.0,546.0,567.0,569.0,571.0,580.0,593.0,606.0,607.0,609.0,611.0,615.0,623.0,626.0,626.0,642.0,644.0,654.0,665.0,667.0,674.0,682.0,685.0,688.0,693.0,700.0,700.0,705.0,706.0,734.0,749.0,758.0,813.0,823.0,839.0,860.0,887.0,913.0,931.0,934.0,960.0,992.0,994.0,994.0,
18.0,23.0,38.0,68.0,174.0,205.0,251.0,251.0,294.0,311.0,354.0,388.0,453.0,458.0,513.0,518.0,523.0,527.0,528.0,529.0,532.0,564.0,576.0,603.0,606.0,623.0,626.0,633.0,659.0,663.0,673.0,699.0,716.0,744.0,749.0,769.0,770.0,776.0,778.0,797.0,823.0,878.0,907.0,936.0,942.0,957.0,963.0,972.0,
3.0,47.0,48.0,60.0,84.0,90.0,114.0,162.0,184.0,233.0,240.0,253.0,276.0,277.0,284.0,325.0,338.0,396.0,403.0,415.0,422.0,429.0,430.0,452.0,480.0,484.0,484.0,495.0,501.0,535.0,541.0,548.0,548.0,557.0,557.0,560.0,566.0,569.0,571.0,577.0,581.0,581.0,582.0,586.0,621.0,654.0,660.0,683.0,684.0,684.0,689.0,712.0,716.0,737.0,757.0,765.0,821.0,870.0,887.0,893.0,906.0,969.0,973.0,984.0,
33.0,33.0,105.0,172.0,181.0,185.0,186.0,233.0,314.0,345.0,345.0,395.0,407.0,519.0,520.0,523.0,524.0,526.0,529.0,535.0,542.0,544.0,545.0,555.0,556.0,563.0,564.0,565.0,567.0,572.0,576.0,578.0,583.0,593.0,597.0,599.0,601.0,602.0,608.0,613.0,621.0,625.0,628.0,639.0,659.0,669.0,675.0,706.0,720.0,754.0,765.0,772.0,773.0,808.0,871.0,915.0,962.0,967.0,
12.0,21.0,45.0,112.0,163.0,183.0,206.0,232.0,235.0,242.0,245.0,280.0,323.0,355.0,406.0,426.0,429.0,516.0,521.0,526.0,527.0,529.0,530.0,532.0,539.0,561.0,567.0,587.0,596.0,596.0,606.0,607.0,607.0,623.0,647.0,654.0,659.0,739.0,748.0,751.0,768.0,786.0,798.0,821.0,845.0,849.0,886.0,896.0,942.0,950.0,961.0,974.0,993.0,
104.0,112.0,134.0,228.0,269.0,276.0,330.0,342.0,408.0,458.0,459.0,474.0,514.0,517.0,519.0,524.0,527.0,528.0,529.0,540.0,546.0,551.0,557.0,566.0,569.0,579.0,587.0,589.0,594.0,601.0,616.0,622.0,624.0,633.0,634.0,650.0,651.0,666.0,679.0,731.0,751.0,755.0,792.0,804.0,809.0,814.0,834.0,834.0,875.0,892.0,896.0,907.0,912.0,912.0,912.0,916.0,963.0,970.0,977.0,994.0,
10.0,55.0,133.0,174.0,206.0,206.0,283.0,287.0,344.0,385.0,388.0,391.0,442.0,454.0,496.0,519.0,523.0,552.0,554.0,558.0,583.0,585.0,593.0,615.0,624.0,631.0,638.0,641.0,646.0,665.0,671.0,671.0,699.0,721.0,724.0,754.0,760.0,762.0,767.0,771.0,771.0,806.0,809.0,829.0,834.0,845.0,850.0,873.0,873.0,875.0,881.0,899.0,920.0,931.0,932.0,938.0,943.0,951.0,954.0,967.0,982.0,996.0,
10.0,26.0,96.0,100.0,117.0,139.0,141.0,158.0,186.0,197.0,213.0,242.0,251.0,252.0,263.0,302.0,304.0,305.0,362.0,444.0,482.0,492.0,525.0,530.0,538.0,547.0,551.0,556.0,559.0,566.0,567.0,568.0,572.0,593.0,622.0,623.0,627.0,634.0,643.0,663.0,670.0,670.0,675.0,691.0,735.0,744.0,752.0,754.0,757.0,758.0,771.0,776.0,798.0,799.0,823.0,827.0,831.0,844.0,847.0,873.0,914.0,916.0,946.0,950.0,971.0,1000.0,1000.0,
10.0,11.0,41.0,94.0,102.0,116.0,120.0,153.0,156.0,172.0,196.0,206.0,213.0,222.0,233.0,349.0,386.0,407.0,471.0,519.0,547.0,566.0,592.0,635.0,672.0,728.0,821.0,863.0,878.0,976.0,987.0,
6.0,38.0,44.0,78.0,150.0,166.0,188.0,190.0,194.0,230.0,247.0,276.0,306.0,330.0,338.0,399.0,455.0,458.0,463.0,484.0,505.0,525.0,527.0,530.0,531.0,533.0,534.0,537.0,542.0,552.0,558.0,566.0,570.0,572.0,576.0,582.0,583.0,584.0,585.0,597.0,599.0,604.0,606.0,606.0,610.0,614.0,615.0,616.0,621.0,621.0,631.0,645.0,659.0,668.0,697.0,706.0,727.0,756.0,760.0,763.0,765.0,769.0,773.0,780.0,792.0,809.0,811.0,839.0,847.0,884.0,887.0,902.0,904.0,906.0,915.0,937.0,955.0,957.0,994.0,
26.0,57.0,71.0,105.0,160.0,242.0,318.0,372.0,388.0,427.0,427.0,431.0,438.0,443.0,447.0,455.0,506.0,522.0,526.0,530.0,536.0,539.0,543.0,543.0,557.0,576.0,600.0,606.0,609.0,628.0,654.0,655.0,667.0,670.0,682.0,686.0,691.0,691.0,713.0,739.0,777.0,791.0,840.0,848.0,849.0,871.0,893.0,902.0,940.0,946.0,953.0,964.0,971.0,976.0,
53.0,78.0,87.0,195.0,246.0,300.0,323.0,334.0,354.0,381.0,418.0,447.0,483.0,488.0,510.0,515.0,519.0,519.0,525.0,525.0,527.0,529.0,529.0,531.0,538.0,544.0,546.0,551.0,560.0,564.0,572.0,581.0,586.0,594.0,595.0,602.0,609.0,610.0,620.0,621.0,621.0,633.0,647.0,731.0,741.0,765.0,766.0,769.0,824.0,850.0,854.0,854.0,858.0,869.0,881.0,896.0,913.0,927.0,953.0,963.0,968.0,969.0,996.0,
14.0,16.0,22.0,139.0,160.0,190.0,200.0,263.0,274.0,304.0,328.0,346.0,420.0,424.0,428.0,487.0,509.0,522.0,527.0,529.0,534.0,535.0,543.0,544.0,548.0,550.0,559.0,561.0,568.0,574.0,582.0,589.0,592.0,592.0,593.0,599.0,613.0,614.0,617.0,628.0,653.0,670.0,684.0,707.0,712.0,730.0,736.0,773.0,782.0,786.0,796.0,806.0,813.0,833.0,836.0,856.0,887.0,890.0,894.0,895.0,905.0,908.0,917.0,919.0,950.0,953.0,981.0,
63.0,75.0,153.0,158.0,185.0,187.0,214.0,214.0,226.0,269.0,299.0,302.0,336.0,367.0,370.0,393.0,409.0,466.0,479.0,507.0,510.0,513.0,517.0,522.0,538.0,542.0,551.0,553.0,559.0,579.0,582.0,584.0,620.0,640.0,650.0,652.0,653.0,656.0,659.0,662.0,663.0,663.0,667.0,674.0,683.0,703.0,725.0,732.0,747.0,751.0,756.0,758.0,774.0,788.0,793.0,805.0,826.0,829.0,829.0,834.0,836.0,862.0,870.0,872.0,878.0,894.0,908.0,955.0,957.0,962.0,965.0,
11.0,124.0,149.0,193.0,216.0,223.0,230.0,268.0,332.0,332.0,346.0,352.0,355.0,370.0,422.0,438.0,503.0,506.0,512.0,522.0,530.0,530.0,532.0,541.0,551.0,553.0,556.0,570.0,575.0,604.0,609.0,616.0,623.0,627.0,637.0,646.0,679.0,706.0,707.0,712.0,712.0,717.0,738.0,778.0,792.0,813.0,845.0,851.0,886.0,918.0,926.0,930.0,930.0,975.0,990.0,
59.0,79.0,82.0,96.0,117.0,147.0,156.0,239.0,305.0,436.0,464.0,482.0,521.0,523.0,527.0,530.0,533.0,537.0,541.0,546.0,547.0,556.0,564.0,570.0,574.0,575.0,578.0,581.0,588.0,591.0,599.0,626.0,642.0,651.0,664.0,671.0,675.0,681.0,737.0,741.0,744.0,758.0,764.0,770.0,796.0,822.0,836.0,846.0,870.0,871.0,876.0,879.0,885.0,890.0,893.0,966.0,990.0,991.0,1000.0,1000.0,
13.0,42.0,58.0,59.0,63.0,109.0,135.0,195.0,195.0,196.0,232.0,239.0,263.0,275.0,286.0,303.0,317.0,332.0,357.0,360.0,412.0,421.0,498.0,501.0,504.0,510.0,513.0,518.0,528.0,534.0,535.0,538.0,541.0,546.0,548.0,559.0,559.0,560.0,561.0,562.0,563.0,570.0,573.0,581.0,581.0,592.0,593.0,594.0,595.0,602.0,603.0,605.0,620.0,644.0,655.0,681.0,693.0,701.0,742.0,753.0,755.0,798.0,801.0,826.0,856.0,859.0,874.0,899.0,929.0,930.0,932.0,949.0,960.0,985.0,
38.0,40.0,101.0,115.0,144.0,163.0,189.0,209.0,250.0,255.0,269.0,270.0,283.0,294.0,373.0,382.0,386.0,407.0,419.0,436.0,441.0,464.0,476.0,493.0,509.0,520.0,522.0,541.0,543.0,548.0,551.0,558.0,562.0,566.0,573.0,575.0,582.0,583.0,584.0,590.0,593.0,593.0,637.0,639.0,649.0,650.0,660.0,668.0,708.0,738.0,761.0,762.0,763.0,776.0,780.0,811.0,816.0,831.0,838.0,863.0,864.0,873.0,882.0,893.0,901.0,913.0,919.0,926.0,929.0,961.0,980.0,992.0,997.0,
34.0,43.0,51.0,85.0,120.0,145.0,176.0,178.0,184.0,208.0,211.0,228.0,254.0,263.0,271.0,292.0,303.0,360.0,369.0,381.0,384.0,391.0,439.0,445.0,450.0,451.0,493.0,498.0,539.0,542.0,584.0,617.0,648.0,679.0,742.0,905.0,927.0,943.0,991.0,
2.0,9.0,24.0,38.0,39.0,75.0,87.0,262.0,283.0,327.0,377.0,389.0,461.0,499.0,558.0,558.0,560.0,564.0,568.0,568.0,571.0,571.0,573.0,577.0,582.0,611.0,615.0,630.0,663.0,674.0,687.0,690.0,755.0,772.0,790.0,798.0,804.0,805.0,823.0,836.0,860.0,861.0,903.0,945.0,962.0,966.0,968.0,969.0,978.0,981.0,992.0,
39.0,85.0,111.0,195.0,198.0,202.0,202.0,241.0,298.0,396.0,406.0,434.0,437.0,449.0,490.0,510.0,513.0,519.0,519.0,524.0,533.0,534.0,538.0,544.0,550.0,553.0,556.0,558.0,559.0,571.0,576.0,583.0,600.0,601.0,607.0,612.0,618.0,620.0,625.0,633.0,638.0,650.0,659.0,682.0,689.0,743.0,749.0,778.0,787.0,830.0,835.0,891.0,911.0,913.0,921.0,942.0,947.0,952.0,952.0,955.0,955.0,958.0,963.0,969.0,978.0,996.0,1000.0,
18.0,44.0,56.0,67.0,91.0,99.0,151.0,162.0,188.0,222.0,277.0,336.0,356.0,432.0,484.0,486.0,499.0,501.0,526.0,527.0,537.0,540.0,542.0,547.0,547.0,554.0,555.0,555.0,569.0,572.0,574.0,585.0,593.0,597.0,598.0,599.0,609.0,610.0,615.0,620.0,624.0,625.0,657.0,659.0,668.0,682.0,694.0,698.0,720.0,723.0,732.0,775.0,778.0,790.0,808.0,814.0,828.0,844.0,868.0,889.0,925.0,947.0,971.0,980.0,993.0,998.0,
37.0,59.0,260.0,287.0,292.0,296.0,322.0,341.0,344.0,348.0,365.0,388.0,397.0,415.0,418.0,443.0,508.0,511.0,514.0,514.0,519.0,535.0,535.0,537.0,538.0,541.0,546.0,551.0,552.0,555.0,561.0,564.0,568.0,573.0,574.0,588.0,594.0,598.0,613.0,616.0,624.0,631.0,632.0,634.0,640.0,657.0,658.0,660.0,666.0,680.0,683.0,695.0,698.0,702.0,719.0,720.0,730.0,770.0,799.0,801.0,807.0,824.0,830.0,836.0,849.0,862.0,878.0,904.0,926.0,933.0,938.0,942.0,944.0,955.0,959.0,
16.0,23.0,38.0,49.0,145.0,176.0,230.0,240.0,281.0,352.0,395.0,441.0,443.0,521.0,529.0,533.0,539.0,573.0,576.0,578.0,582.0,582.0,592.0,602.0,605.0,615.0,622.0,633.0,659.0,668.0,671.0,675.0,701.0,705.0,791.0,793.0,799.0,803.0,880.0,920.0,934.0,971.0,972.0,974.0,988.0,998.0,
3.0,38.0,48.0,49.0,51.0,87.0,131.0,136.0,142.0,168.0,188.0,206.0,237.0,249.0,251.0,314.0,323.0,329.0,363.0,393.0,400.0,410.0,474.0,518.0,522.0,524.0,528.0,538.0,542.0,544.0,556.0,559.0,559.0,563.0,567.0,572.0,582.0,589.0,594.0,608.0,616.0,627.0,628.0,637.0,653.0,663.0,670.0,680.0,684.0,702.0,713.0,713.0,716.0,737.0,763.0,776.0,839.0,888.0,897.0,923.0,930.0,938.0,953.0,955.0,980.0,983.0,
10.0,100.0,104.0,148.0,173.0,177.0,193.0,219.0,222.0,244.0,250.0,258.0,316.0,342.0,342.0,368.0,375.0,388.0,397.0,418.0,430.0,430.0,485.0,507.0,521.0,523.0,535.0,537.0,540.0,544.0,550.0,555.0,560.0,561.0,588.0,593.0,598.0,599.0,635.0,652.0,658.0,680.0,689.0,702.0,707.0,716.0,751.0,766.0,769.0,784.0,788.0,804.0,810.0,815.0,817.0,826.0,839.0,842.0,868.0,906.0,921.0,956.0,958.0,973.0,
28.0,73.0,91.0,116.0,125.0,192.0,220.0,254.0,272.0,346.0,378.0,431.0,448.0,475.0,499.0,512.0,512.0,522.0,524.0,531.0,534.0,546.0,566.0,568.0,574.0,577.0,582.0,596.0,599.0,614.0,647.0,649.0,656.0,694.0,694.0,698.0,710.0,717.0,732.0,738.0,741.0,757.0,788.0,795.0,796.0,797.0,798.0,820.0,825.0,826.0,843.0,844.0,846.0,848.0,850.0,874.0,879.0,883.0,923.0,927.0,937.0,941.0,
32.0,69.0,110.0,124.0,201.0,273.0,354.0,355.0,382.0,436.0,488.0,501.0,507.0,518.0,530.0,544.0,558.0,564.0,567.0,573.0,595.0,595.0,598.0,606.0,607.0,619.0,626.0,639.0,651.0,661.0,661.0,689.0,703.0,722.0,741.0,745.0,750.0,800.0,819.0,822.0,854.0,865.0,870.0,906.0,960.0,967.0,995.0,
6.0,22.0,28.0,39.0,50.0,118.0,160.0,176.0,180.0,184.0,199.0,244.0,255.0,303.0,321.0,331.0,364.0,428.0,460.0,491.0,524.0,551.0,570.0,593.0,599.0,601.0,697.0,765.0,830.0,894.0,914.0,966.0,
13.0,24.0,61.0,74.0,97.0,100.0,123.0,130.0,171.0,248.0,310.0,348.0,373.0,387.0,404.0,451.0,463.0,464.0,469.0,470.0,497.0,543.0,544.0,549.0,578.0,587.0,602.0,643.0,645.0,723.0,746.0,805.0,829.0,845.0,900.0,900.0,966.0,977.0,
28.0,29.0,97.0,131.0,170.0,188.0,189.0,192.0,194.0,241.0,244.0,264.0,276.0,315.0,326.0,339.0,352.0,369.0,393.0,396.0,421.0,445.0,449.0,451.0,453.0,516.0,516.0,523.0,524.0,524.0,528.0,538.0,553.0,554.0,568.0,568.0,580.0,585.0,585.0,591.0,597.0,600.0,604.0,614.0,625.0,626.0,631.0,638.0,650.0,653.0,653.0,653.0,660.0,671.0,696.0,696.0,697.0,716.0,716.0,723.0,728.0,733.0,741.0,746.0,767.0,770.0,774.0,778.0,795.0,799.0,826.0,826.0,838.0,840.0,862.0,866.0,872.0,873.0,919.0,953.0,
38.0,67.0,78.0,78.0,113.0,127.0,275.0,291.0,348.0,354.0,355.0,372.0,397.0,458.0,483.0,513.0,538.0,541.0,547.0,549.0,556.0,561.0,575.0,582.0,600.0,602.0,602.0,608.0,617.0,620.0,620.0,623.0,624.0,644.0,669.0,687.0,702.0,709.0,717.0,724.0,730.0,741.0,817.0,826.0,862.0,864.0,896.0,923.0,938.0,950.0,961.0,977.0,981.0,
17.0,48.0,74.0,89.0,170.0,172.0,177.0,177.0,190.0,249.0,262.0,263.0,268.0,286.0,318.0,321.0,370.0,373.0,410.0,515.0,523.0,531.0,532.0,536.0,539.0,545.0,546.0,547.0,547.0,548.0,549.0,552.0,554.0,558.0,563.0,564.0,571.0,573.0,577.0,597.0,621.0,621.0,626.0,627.0,629.0,645.0,653.0,658.0,660.0,665.0,668.0,705.0,712.0,716.0,717.0,717.0,734.0,751.0,752.0,782.0,786.0,822.0,864.0,872.0,880.0,928.0,950.0,962.0,971.0,976.0,
127.0,148.0,171.0,193.0,193.0,206.0,207.0,267.0,278.0,283.0,287.0,299.0,400.0,409.0,457.0,459.0,495.0,524.0,530.0,545.0,552.0,556.0,558.0,559.0,575.0,577.0,583.0,597.0,607.0,616.0,617.0,628.0,677.0,691.0,696.0,710.0,714.0,715.0,731.0,739.0,740.0,787.0,789.0,827.0,834.0,858.0,886.0,897.0,905.0,914.0,932.0,933.0,959.0,
43.0,59.0,86.0,102.0,106.0,110.0,112.0,116.0,148.0,150.0,154.0,165.0,215.0,219.0,237.0,242.0,265.0,282.0,337.0,362.0,367.0,378.0,458.0,519.0,526.0,528.0,537.0,538.0,540.0,540.0,542.0,550.0,552.0,557.0,557.0,567.0,593.0,593.0,596.0,619.0,620.0,621.0,627.0,647.0,664.0,676.0,684.0,693.0,694.0,705.0,721.0,737.0,739.0,743.0,746.0,761.0,772.0,787.0,801.0,822.0,848.0,882.0,942.0,949.0,961.0,973.0,980.0,980.0,983.0,
28.0,56.0,118.0,121.0,136.0,165.0,171.0,214.0,251.0,256.0,271.0,287.0,300.0,308.0,329.0,366.0,412.0,422.0,495.0,524.0,529.0,532.0,533.0,535.0,537.0,540.0,541.0,546.0,548.0,571.0,575.0,578.0,581.0,584.0,603.0,634.0,647.0,652.0,655.0,656.0,658.0,660.0,709.0,711.0,716.0,744.0,771.0,785.0,817.0,823.0,826.0,885.0,887.0,900.0,928.0,938.0,952.0,953.0,963.0,963.0,996.0,
67.0,78.0,141.0,156.0,169.0,221.0,281.0,305.0,317.0,328.0,359.0,360.0,369.0,382.0,387.0,423.0,465.0,472.0,483.0,483.0,503.0,516.0,521.0,536.0,540.0,543.0,545.0,550.0,556.0,557.0,560.0,563.0,565.0,575.0,576.0,580.0,582.0,590.0,604.0,612.0,619.0,620.0,622.0,622.0,623.0,626.0,633.0,639.0,644.0,655.0,655.0,659.0,669.0,671.0,672.0,673.0,681.0,685.0,695.0,728.0,736.0,750.0,758.0,760.0,795.0,798.0,807.0,831.0,831.0,870.0,881.0,899.0,909.0,917.0,940.0,942.0,947.0,954.0,968.0,980.0,
2.0,34.0,36.0,51.0,57.0,72.0,76.0,85.0,100.0,365.0,382.0,405.0,453.0,454.0,499.0,544.0,555.0,561.0,574.0,587.0,669.0,680.0,683.0,685.0,691.0,696.0,720.0,727.0,733.0,734.0,744.0,812.0,837.0,837.0,866.0,871.0,887.0,890.0,912.0,929.0,960.0,978.0,983.0,
16.0,18.0,23.0,23.0,23.0,39.0,48.0,50.0,58.0,80.0,97.0,186.0,223.0,230.0,249.0,287.0,320.0,349.0,357.0,363.0,390.0,402.0,431.0,471.0,480.0,485.0,618.0,660.0,684.0,708.0,721.0,740.0,766.0,793.0,860.0,881.0,915.0,978.0,997.0,
9.0,30.0,120.0,121.0,131.0,131.0,132.0,194.0,218.0,257.0,257.0,291.0,295.0,299.0,315.0,325.0,332.0,335.0,400.0,503.0,592.0,600.0,632.0,639.0,662.0,685.0,817.0,834.0,864.0,941.0,969.0,975.0,995.0,
22.0,31.0,162.0,199.0,214.0,295.0,317.0,334.0,376.0,436.0,439.0,481.0,521.0,521.0,527.0,532.0,537.0,542.0,557.0,571.0,577.0,599.0,627.0,642.0,642.0,645.0,653.0,681.0,701.0,728.0,756.0,762.0,833.0,863.0,868.0,870.0,874.0,887.0,893.0,905.0,938.0,994.0,
2.0,27.0,34.0,62.0,94.0,108.0,156.0,181.0,295.0,310.0,376.0,405.0,422.0,441.0,457.0,523.0,525.0,528.0,536.0,537.0,538.0,539.0,541.0,548.0,549.0,552.0,558.0,565.0,565.0,566.0,568.0,581.0,582.0,588.0,591.0,591.0,593.0,594.0,595.0,609.0,611.0,615.0,622.0,626.0,635.0,636.0,646.0,660.0,677.0,701.0,706.0,706.0,718.0,728.0,729.0,758.0,778.0,786.0,792.0,798.0,806.0,813.0,822.0,826.0,847.0,850.0,895.0,914.0,920.0,955.0,974.0,980.0,989.0,990.0,
34.0,38.0,81.0,82.0,90.0,134.0,156.0,171.0,172.0,173.0,183.0,187.0,197.0,203.0,204.0,251.0,302.0,310.0,357.0,397.0,415.0,417.0,468.0,536.0,537.0,539.0,539.0,542.0,548.0,550.0,552.0,553.0,554.0,560.0,562.0,565.0,566.0,581.0,582.0,584.0,603.0,640.0,641.0,654.0,655.0,657.0,668.0,671.0,685.0,688.0,698.0,731.0,767.0,821.0,831.0,835.0,846.0,862.0,865.0,869.0,877.0,882.0,921.0,932.0,948.0,951.0,952.0,973.0,998.0,999.0,
20.0,25.0,42.0,49.0,71.0,78.0,106.0,200.0,200.0,279.0,310.0,344.0,345.0,359.0,365.0,369.0,370.0,399.0,400.0,402.0,419.0,442.0,502.0,506.0,518.0,525.0,530.0,531.0,532.0,541.0,541.0,546.0,550.0,555.0,555.0,557.0,558.0,559.0,563.0,564.0,568.0,570.0,570.0,578.0,581.0,592.0,601.0,613.0,613.0,623.0,632.0,641.0,647.0,650.0,659.0,665.0,668.0,671.0,693.0,710.0,728.0,729.0,739.0,757.0,761.0,786.0,800.0,821.0,858.0,871.0,878.0,895.0,922.0,931.0,941.0,947.0,971.0,999.0,
47.0,79.0,196.0,199.0,238.0,247.0,269.0,300.0,312.0,312.0,332.0,371.0,371.0,389.0,407.0,499.0,502.0,519.0,520.0,527.0,535.0,537.0,564.0,565.0,568.0,569.0,570.0,572.0,572.0,596.0,610.0,612.0,613.0,617.0,620.0,624.0,647.0,676.0,692.0,701.0,711.0,739.0,742.0,749.0,778.0,778.0,813.0,837.0,853.0,874.0,899.0,911.0,930.0,932.0,969.0,988.0,
6.0,6.0,33.0,62.0,116.0,171.0,208.0,231.0,265.0,271.0,276.0,341.0,389.0,392.0,452.0,500.0,523.0,528.0,530.0,531.0,538.0,540.0,540.0,540.0,552.0,558.0,563.0,564.0,564.0,567.0,573.0,577.0,582.0,585.0,587.0,590.0,618.0,643.0,652.0,661.0,668.0,689.0,693.0,721.0,735.0,739.0,760.0,764.0,765.0,785.0,787.0,799.0,803.0,806.0,808.0,813.0,818.0,834.0,836.0,850.0,852.0,865.0,886.0,887.0,889.0,896.0,915.0,920.0,
37.0,71.0,84.0,102.0,106.0,177.0,180.0,182.0,231.0,232.0,234.0,281.0,309.0,313.0,325.0,372.0,393.0,408.0,414.0,418.0,511.0,527.0,532.0,535.0,537.0,541.0,552.0,555.0,559.0,560.0,575.0,575.0,579.0,581.0,587.0,589.0,598.0,621.0,632.0,640.0,656.0,666.0,682.0,683.0,705.0,728.0,739.0,751.0,752.0,759.0,769.0,823.0,866.0,892.0,901.0,925.0,939.0,943.0,963.0,
121.0,134.0,184.0,204.0,208.0,219.0,279.0,287.0,301.0,311.0,329.0,337.0,370.0,435.0,477.0,510.0,524.0,544.0,549.0,587.0,589.0,602.0,692.0,734.0,734.0,736.0,908.0,949.0,
42.0,95.0,98.0,138.0,198.0,253.0,257.0,258.0,263.0,272.0,286.0,314.0,320.0,320.0,323.0,338.0,338.0,347.0,363.0,396.0,398.0,409.0,413.0,439.0,449.0,453.0,477.0,495.0,527.0,531.0,549.0,558.0,586.0,636.0,694.0,725.0,755.0,841.0,886.0,906.0,
135.0,233.0,362.0,418.0,468.0,501.0,505.0,534.0,563.0,599.0,618.0,638.0,644.0,655.0,707.0,755.0,780.0,796.0,803.0,828.0,832.0,867.0,870.0,987.0,
37.0,50.0,85.0,93.0,98.0,98.0,109.0,129.0,262.0,295.0,297.0,312.0,325.0,361.0,364.0,366.0,392.0,425.0,435.0,450.0,453.0,460.0,476.0,482.0,493.0,584.0,596.0,722.0,754.0,889.0,950.0,964.0,
53.0,98.0,101.0,111.0,159.0,210.0,223.0,265.0,272.0,279.0,298.0,303.0,319.0,325.0,334.0,346.0,351.0,409.0,426.0,489.0,490.0,492.0,524.0,538.0,539.0,621.0,624.0,629.0,674.0,719.0,734.0,801.0,845.0,870.0,912.0,922.0,943.0,
5.0,10.0,17.0,73.0,137.0,159.0,169.0,195.0,213.0,223.0,232.0,232.0,240.0,243.0,245.0,245.0,268.0,346.0,353.0,358.0,363.0,370.0,382.0,398.0,419.0,433.0,446.0,449.0,506.0,514.0,532.0,539.0,541.0,546.0,549.0,554.0,560.0,572.0,590.0,597.0,609.0,626.0,629.0,629.0,632.0,638.0,638.0,639.0,646.0,655.0,663.0,673.0,691.0,724.0,731.0,752.0,758.0,778.0,786.0,786.0,798.0,823.0,845.0,863.0,911.0,927.0,930.0,930.0,933.0,937.0,948.0,
4.0,26.0,58.0,65.0,67.0,68.0,118.0,183.0,188.0,227.0,233.0,294.0,336.0,348.0,373.0,381.0,409.0,424.0,462.0,467.0,494.0,500.0,515.0,526.0,528.0,531.0,534.0,538.0,543.0,544.0,544.0,548.0,553.0,574.0,579.0,583.0,587.0,601.0,605.0,608.0,609.0,621.0,661.0,664.0,672.0,675.0,677.0,691.0,694.0,706.0,742.0,745.0,765.0,766.0,766.0,772.0,780.0,785.0,787.0,804.0,807.0,812.0,828.0,932.0,966.0,
16.0,19.0,20.0,52.0,116.0,163.0,203.0,217.0,274.0,327.0,352.0,369.0,394.0,422.0,514.0,516.0,530.0,530.0,536.0,541.0,553.0,553.0,558.0,561.0,561.0,568.0,571.0,574.0,586.0,586.0,592.0,602.0,607.0,611.0,615.0,621.0,626.0,651.0,682.0,686.0,692.0,719.0,723.0,725.0,740.0,752.0,752.0,756.0,765.0,787.0,789.0,798.0,812.0,828.0,872.0,898.0,928.0,931.0,933.0,955.0,977.0,985.0,998.0,
96.0,96.0,118.0,187.0,205.0,248.0,258.0,266.0,279.0,311.0,359.0,425.0,460.0,474.0,478.0,506.0,525.0,535.0,539.0,557.0,564.0,565.0,566.0,588.0,613.0,619.0,622.0,669.0,674.0,679.0,731.0,736.0,785.0,795.0,808.0,850.0,857.0,897.0,916.0,916.0,991.0,
60.0,85.0,112.0,178.0,194.0,201.0,220.0,222.0,236.0,312.0,391.0,427.0,479.0,505.0,518.0,543.0,555.0,568.0,587.0,606.0,698.0,745.0,767.0,787.0,811.0,881.0,935.0,
11.0,19.0,30.0,30.0,96.0,96.0,242.0,296.0,309.0,326.0,342.0,364.0,369.0,379.0,503.0,516.0,532.0,575.0,582.0,599.0,606.0,640.0,678.0,694.0,722.0,742.0,794.0,807.0,832.0,861.0,965.0,975.0,
