31.0,48.0,90.0,92.0,192.0,195.0,206.0,239.0,270.0,277.0,322.0,337.0,343.0,345.0,354.0,384.0,391.0,417.0,420.0,431.0,547.0,553.0,612.0,671.0,695.0,727.0,785.0,883.0,937.0,958.0,987.0,
11.0,14.0,22.0,33.0,50.0,140.0,161.0,183.0,220.0,226.0,258.0,261.0,369.0,373.0,382.0,449.0,459.0,461.0,492.0,528.0,597.0,621.0,632.0,641.0,671.0,684.0,727.0,767.0,804.0,824.0,831.0,832.0,888.0,911.0,944.0,
49.0,80.0,95.0,145.0,150.0,197.0,212.0,257.0,291.0,429.0,437.0,480.0,554.0,584.0,596.0,622.0,623.0,639.0,641.0,645.0,649.0,705.0,713.0,754.0,785.0,794.0,797.0,797.0,811.0,826.0,843.0,880.0,893.0,896.0,961.0,
46.0,46.0,55.0,76.0,79.0,82.0,90.0,99.0,99.0,106.0,117.0,141.0,155.0,172.0,176.0,179.0,268.0,333.0,337.0,384.0,400.0,432.0,484.0,497.0,522.0,581.0,605.0,612.0,645.0,724.0,758.0,770.0,771.0,783.0,796.0,797.0,851.0,858.0,864.0,886.0,899.0,912.0,917.0,943.0,948.0,968.0,971.0,998.0,
43.0,69.0,81.0,98.0,139.0,143.0,186.0,201.0,247.0,291.0,292.0,293.0,312.0,317.0,350.0,362.0,369.0,376.0,384.0,456.0,459.0,467.0,536.0,560.0,688.0,704.0,831.0,853.0,891.0,977.0,980.0,
2.0,58.0,63.0,75.0,119.0,123.0,136.0,160.0,174.0,219.0,232.0,235.0,239.0,323.0,325.0,327.0,465.0,467.0,543.0,567.0,587.0,617.0,641.0,696.0,705.0,722.0,731.0,880.0,886.0,920.0,940.0,966.0,973.0,982.0,1000.0,
5.0,63.0,103.0,191.0,316.0,343.0,404.0,407.0,494.0,496.0,522.0,612.0,615.0,630.0,646.0,656.0,721.0,737.0,742.0,787.0,799.0,821.0,823.0,829.0,830.0,877.0,919.0,922.0,
10.0,16.0,42.0,57.0,83.0,122.0,146.0,151.0,240.0,250.0,299.0,325.0,378.0,381.0,382.0,392.0,398.0,412.0,437.0,524.0,524.0,556.0,559.0,566.0,644.0,658.0,672.0,701.0,709.0,719.0,792.0,864.0,899.0,905.0,955.0,964.0,971.0,981.0,
12.0,12.0,27.0,56.0,69.0,79.0,91.0,101.0,105.0,124.0,156.0,255.0,259.0,283.0,342.0,352.0,416.0,468.0,469.0,473.0,515.0,549.0,573.0,624.0,638.0,641.0,644.0,662.0,673.0,723.0,754.0,834.0,839.0,855.0,900.0,982.0,
10.0,24.0,53.0,150.0,259.0,265.0,304.0,309.0,374.0,431.0,464.0,503.0,512.0,538.0,541.0,710.0,879.0,887.0,900.0,921.0,955.0,978.0,
5.0,53.0,58.0,62.0,110.0,145.0,155.0,164.0,170.0,181.0,216.0,241.0,314.0,391.0,476.0,509.0,522.0,522.0,573.0,600.0,621.0,633.0,636.0,640.0,650.0,671.0,672.0,691.0,701.0,701.0,705.0,714.0,718.0,751.0,753.0,755.0,757.0,814.0,818.0,836.0,840.0,845.0,878.0,886.0,944.0,
2.0,19.0,60.0,62.0,81.0,113.0,125.0,143.0,149.0,150.0,170.0,174.0,199.0,220.0,227.0,242.0,260.0,261.0,267.0,273.0,301.0,331.0,345.0,380.0,384.0,452.0,469.0,471.0,477.0,493.0,499.0,527.0,593.0,594.0,615.0,630.0,648.0,653.0,673.0,688.0,692.0,715.0,791.0,803.0,812.0,819.0,864.0,876.0,885.0,894.0,895.0,895.0,899.0,924.0,939.0,940.0,955.0,956.0,993.0,
19.0,23.0,54.0,120.0,125.0,130.0,149.0,165.0,182.0,191.0,244.0,331.0,346.0,357.0,369.0,399.0,417.0,494.0,526.0,531.0,552.0,562.0,571.0,629.0,659.0,676.0,714.0,771.0,784.0,815.0,879.0,887.0,896.0,944.0,
5.0,20.0,59.0,59.0,72.0,81.0,132.0,145.0,146.0,146.0,178.0,179.0,198.0,203.0,257.0,286.0,306.0,332.0,349.0,438.0,494.0,514.0,515.0,551.0,560.0,654.0,676.0,677.0,760.0,775.0,776.0,833.0,883.0,884.0,891.0,903.0,925.0,942.0,959.0,986.0,
4.0,9.0,25.0,44.0,115.0,118.0,130.0,212.0,230.0,237.0,256.0,329.0,370.0,413.0,446.0,454.0,577.0,577.0,597.0,727.0,755.0,758.0,762.0,799.0,805.0,819.0,841.0,842.0,869.0,894.0,937.0,965.0,978.0,
6.0,15.0,39.0,70.0,71.0,72.0,83.0,106.0,118.0,123.0,138.0,162.0,183.0,241.0,250.0,256.0,263.0,298.0,335.0,418.0,426.0,490.0,494.0,506.0,571.0,599.0,661.0,714.0,771.0,787.0,793.0,809.0,818.0,835.0,863.0,888.0,889.0,909.0,918.0,925.0,933.0,940.0,989.0,
31.0,35.0,63.0,125.0,142.0,159.0,193.0,219.0,245.0,258.0,283.0,298.0,357.0,366.0,378.0,408.0,410.0,429.0,435.0,436.0,468.0,500.0,503.0,520.0,526.0,587.0,627.0,636.0,649.0,657.0,678.0,758.0,782.0,820.0,875.0,900.0,904.0,907.0,923.0,984.0,
17.0,19.0,22.0,82.0,103.0,190.0,194.0,206.0,258.0,304.0,321.0,384.0,406.0,461.0,504.0,532.0,601.0,604.0,612.0,625.0,659.0,676.0,685.0,690.0,695.0,702.0,720.0,720.0,730.0,783.0,808.0,825.0,855.0,934.0,962.0,974.0,
18.0,20.0,35.0,69.0,94.0,101.0,151.0,206.0,240.0,261.0,271.0,272.0,280.0,308.0,343.0,376.0,418.0,421.0,459.0,481.0,483.0,488.0,521.0,525.0,605.0,643.0,665.0,666.0,777.0,827.0,853.0,894.0,912.0,
10.0,13.0,21.0,28.0,32.0,46.0,200.0,396.0,430.0,467.0,476.0,520.0,530.0,564.0,586.0,610.0,647.0,677.0,683.0,725.0,770.0,776.0,782.0,841.0,855.0,862.0,883.0,887.0,888.0,899.0,945.0,951.0,960.0,974.0,981.0,
37.0,75.0,121.0,136.0,140.0,191.0,194.0,194.0,247.0,263.0,269.0,309.0,336.0,353.0,394.0,509.0,512.0,595.0,619.0,624.0,650.0,658.0,660.0,666.0,670.0,695.0,697.0,784.0,792.0,807.0,828.0,835.0,860.0,928.0,936.0,944.0,949.0,956.0,971.0,995.0,
18.0,35.0,40.0,57.0,104.0,122.0,129.0,146.0,253.0,275.0,309.0,314.0,347.0,348.0,352.0,374.0,454.0,500.0,508.0,510.0,530.0,531.0,539.0,580.0,601.0,607.0,655.0,661.0,685.0,741.0,762.0,819.0,820.0,825.0,838.0,851.0,897.0,900.0,920.0,936.0,976.0,
3.0,8.0,14.0,27.0,140.0,148.0,236.0,266.0,267.0,274.0,317.0,360.0,421.0,438.0,506.0,532.0,570.0,613.0,681.0,693.0,716.0,756.0,796.0,808.0,810.0,880.0,
19.0,29.0,37.0,91.0,110.0,130.0,177.0,284.0,288.0,312.0,386.0,449.0,454.0,493.0,520.0,522.0,531.0,550.0,635.0,648.0,661.0,708.0,729.0,732.0,749.0,823.0,858.0,888.0,951.0,980.0,
16.0,34.0,42.0,84.0,136.0,153.0,220.0,220.0,283.0,292.0,305.0,360.0,374.0,420.0,433.0,443.0,447.0,468.0,531.0,550.0,551.0,602.0,708.0,743.0,757.0,783.0,831.0,839.0,871.0,892.0,919.0,947.0,960.0,964.0,972.0,
22.0,35.0,87.0,96.0,108.0,108.0,215.0,245.0,332.0,334.0,376.0,448.0,480.0,487.0,488.0,528.0,530.0,534.0,536.0,557.0,575.0,635.0,662.0,701.0,733.0,767.0,776.0,826.0,839.0,867.0,923.0,984.0,992.0,
27.0,130.0,211.0,218.0,291.0,292.0,305.0,370.0,372.0,392.0,417.0,420.0,424.0,429.0,431.0,447.0,483.0,488.0,498.0,513.0,586.0,615.0,616.0,621.0,624.0,645.0,672.0,684.0,728.0,809.0,825.0,827.0,828.0,831.0,842.0,853.0,927.0,931.0,980.0,993.0,
7.0,23.0,66.0,78.0,82.0,137.0,138.0,154.0,259.0,262.0,301.0,370.0,380.0,442.0,447.0,468.0,487.0,537.0,549.0,573.0,575.0,605.0,607.0,688.0,746.0,775.0,780.0,788.0,790.0,800.0,876.0,883.0,894.0,940.0,987.0,
13.0,25.0,75.0,161.0,194.0,201.0,234.0,249.0,270.0,277.0,306.0,322.0,364.0,390.0,477.0,557.0,587.0,596.0,608.0,642.0,687.0,699.0,722.0,806.0,814.0,830.0,836.0,856.0,890.0,901.0,920.0,941.0,952.0,
7.0,66.0,139.0,182.0,192.0,203.0,217.0,230.0,231.0,240.0,270.0,272.0,294.0,306.0,319.0,322.0,369.0,370.0,502.0,575.0,601.0,606.0,649.0,651.0,677.0,677.0,687.0,728.0,773.0,776.0,799.0,848.0,895.0,924.0,986.0,989.0,991.0,
26.0,65.0,75.0,92.0,97.0,118.0,123.0,127.0,233.0,269.0,270.0,275.0,334.0,379.0,393.0,398.0,467.0,549.0,638.0,658.0,684.0,690.0,692.0,709.0,764.0,786.0,818.0,893.0,978.0,
9.0,21.0,56.0,83.0,107.0,114.0,125.0,183.0,192.0,192.0,205.0,294.0,332.0,344.0,381.0,425.0,439.0,458.0,537.0,600.0,612.0,622.0,622.0,656.0,671.0,674.0,703.0,704.0,742.0,779.0,812.0,822.0,852.0,872.0,947.0,948.0,988.0,
3.0,66.0,92.0,170.0,227.0,232.0,233.0,234.0,244.0,302.0,318.0,481.0,482.0,522.0,546.0,595.0,598.0,612.0,641.0,661.0,667.0,682.0,796.0,801.0,823.0,855.0,880.0,924.0,957.0,977.0,
9.0,54.0,61.0,103.0,119.0,128.0,182.0,216.0,287.0,317.0,334.0,421.0,448.0,488.0,491.0,494.0,505.0,531.0,536.0,545.0,558.0,578.0,584.0,675.0,682.0,685.0,701.0,706.0,718.0,767.0,830.0,851.0,936.0,957.0,988.0,990.0,
121.0,124.0,140.0,158.0,229.0,298.0,416.0,479.0,481.0,490.0,523.0,524.0,563.0,565.0,574.0,699.0,715.0,775.0,781.0,804.0,811.0,814.0,821.0,832.0,833.0,861.0,875.0,876.0,906.0,907.0,942.0,947.0,995.0,998.0,
51.0,98.0,147.0,230.0,243.0,266.0,274.0,383.0,409.0,473.0,475.0,508.0,508.0,531.0,534.0,585.0,587.0,595.0,663.0,666.0,673.0,816.0,854.0,875.0,886.0,902.0,937.0,954.0,965.0,
44.0,58.0,66.0,68.0,70.0,76.0,88.0,92.0,107.0,117.0,119.0,137.0,237.0,246.0,336.0,337.0,394.0,401.0,413.0,435.0,498.0,565.0,616.0,672.0,697.0,704.0,706.0,837.0,866.0,870.0,876.0,915.0,924.0,950.0,957.0,971.0,982.0,
13.0,46.0,53.0,62.0,148.0,266.0,278.0,383.0,405.0,441.0,445.0,461.0,537.0,557.0,584.0,598.0,618.0,630.0,652.0,710.0,739.0,740.0,742.0,758.0,794.0,860.0,863.0,884.0,946.0,956.0,
18.0,83.0,86.0,98.0,119.0,127.0,153.0,172.0,175.0,230.0,268.0,281.0,281.0,336.0,342.0,343.0,360.0,393.0,398.0,423.0,437.0,444.0,444.0,458.0,479.0,510.0,550.0,552.0,555.0,576.0,587.0,648.0,661.0,672.0,687.0,711.0,748.0,780.0,787.0,804.0,810.0,829.0,838.0,856.0,871.0,928.0,966.0,980.0,991.0,
23.0,57.0,60.0,71.0,100.0,112.0,126.0,200.0,236.0,245.0,262.0,266.0,335.0,344.0,345.0,348.0,361.0,411.0,423.0,475.0,485.0,496.0,517.0,527.0,591.0,602.0,613.0,656.0,684.0,715.0,733.0,737.0,742.0,750.0,756.0,798.0,834.0,856.0,860.0,877.0,974.0,985.0,
55.0,63.0,78.0,95.0,108.0,112.0,137.0,173.0,177.0,227.0,238.0,309.0,310.0,324.0,354.0,377.0,426.0,434.0,438.0,438.0,456.0,461.0,474.0,475.0,476.0,496.0,524.0,566.0,569.0,610.0,620.0,621.0,697.0,734.0,738.0,742.0,743.0,770.0,789.0,794.0,821.0,868.0,877.0,930.0,976.0,977.0,999.0,
8.0,20.0,40.0,45.0,57.0,91.0,110.0,152.0,196.0,207.0,241.0,252.0,256.0,288.0,298.0,321.0,351.0,352.0,369.0,409.0,434.0,501.0,538.0,545.0,569.0,609.0,635.0,690.0,723.0,806.0,808.0,833.0,840.0,897.0,907.0,913.0,918.0,993.0,
31.0,101.0,113.0,185.0,205.0,272.0,310.0,326.0,338.0,393.0,420.0,421.0,430.0,431.0,433.0,435.0,471.0,490.0,514.0,529.0,551.0,560.0,566.0,573.0,579.0,636.0,643.0,643.0,664.0,670.0,688.0,714.0,726.0,736.0,770.0,830.0,887.0,928.0,943.0,943.0,995.0,
36.0,43.0,173.0,173.0,197.0,211.0,268.0,272.0,287.0,298.0,341.0,388.0,400.0,425.0,470.0,518.0,532.0,577.0,632.0,643.0,645.0,685.0,687.0,714.0,721.0,745.0,755.0,769.0,777.0,790.0,820.0,822.0,838.0,852.0,881.0,894.0,924.0,945.0,952.0,967.0,997.0,
63.0,181.0,236.0,262.0,315.0,389.0,408.0,450.0,463.0,529.0,570.0,596.0,609.0,615.0,663.0,695.0,723.0,723.0,729.0,755.0,766.0,786.0,882.0,892.0,899.0,907.0,913.0,915.0,919.0,930.0,960.0,971.0,
12.0,25.0,43.0,81.0,89.0,126.0,156.0,222.0,225.0,244.0,262.0,326.0,378.0,389.0,390.0,391.0,438.0,454.0,474.0,604.0,680.0,711.0,721.0,854.0,868.0,882.0,909.0,929.0,939.0,961.0,
22.0,55.0,119.0,138.0,159.0,176.0,251.0,265.0,284.0,292.0,383.0,390.0,396.0,406.0,413.0,434.0,445.0,475.0,509.0,519.0,578.0,627.0,644.0,651.0,656.0,660.0,742.0,791.0,800.0,907.0,912.0,925.0,955.0,971.0,978.0,984.0,986.0,
4.0,51.0,90.0,110.0,166.0,194.0,248.0,279.0,313.0,342.0,351.0,360.0,373.0,396.0,404.0,452.0,492.0,536.0,578.0,588.0,589.0,590.0,608.0,657.0,677.0,730.0,744.0,744.0,761.0,776.0,782.0,823.0,838.0,848.0,876.0,909.0,932.0,960.0,980.0,
63.0,109.0,118.0,132.0,132.0,192.0,227.0,257.0,268.0,291.0,306.0,322.0,404.0,415.0,472.0,478.0,510.0,538.0,545.0,551.0,570.0,588.0,601.0,615.0,638.0,662.0,699.0,710.0,710.0,816.0,822.0,843.0,898.0,917.0,924.0,990.0,
68.0,68.0,102.0,130.0,137.0,153.0,222.0,286.0,305.0,308.0,317.0,343.0,356.0,383.0,398.0,406.0,424.0,435.0,442.0,490.0,502.0,540.0,564.0,605.0,650.0,664.0,697.0,711.0,716.0,855.0,868.0,877.0,917.0,921.0,941.0,959.0,
6.0,33.0,55.0,58.0,68.0,69.0,75.0,104.0,234.0,281.0,310.0,339.0,349.0,349.0,361.0,379.0,384.0,410.0,440.0,459.0,504.0,506.0,540.0,546.0,567.0,570.0,577.0,587.0,596.0,656.0,665.0,693.0,697.0,729.0,759.0,762.0,781.0,827.0,837.0,861.0,
22.0,29.0,46.0,68.0,83.0,95.0,107.0,128.0,134.0,169.0,201.0,218.0,284.0,298.0,322.0,340.0,341.0,385.0,398.0,406.0,415.0,436.0,446.0,455.0,509.0,510.0,538.0,607.0,607.0,611.0,622.0,642.0,660.0,668.0,675.0,679.0,748.0,774.0,804.0,873.0,877.0,896.0,899.0,920.0,
11.0,62.0,70.0,101.0,105.0,114.0,119.0,141.0,141.0,150.0,229.0,252.0,315.0,321.0,324.0,386.0,401.0,480.0,531.0,656.0,720.0,735.0,746.0,750.0,812.0,824.0,913.0,944.0,997.0,999.0,
62.0,83.0,91.0,107.0,125.0,172.0,173.0,233.0,246.0,274.0,280.0,311.0,369.0,397.0,440.0,545.0,554.0,561.0,566.0,575.0,611.0,632.0,684.0,724.0,729.0,734.0,753.0,848.0,891.0,897.0,931.0,
27.0,39.0,135.0,197.0,206.0,240.0,246.0,280.0,293.0,312.0,339.0,339.0,440.0,454.0,473.0,484.0,510.0,512.0,636.0,659.0,706.0,716.0,735.0,810.0,881.0,900.0,933.0,948.0,952.0,992.0,
49.0,111.0,123.0,125.0,153.0,180.0,256.0,299.0,363.0,447.0,474.0,
6.0,14.0,38.0,42.0,52.0,85.0,113.0,143.0,149.0,204.0,248.0,262.0,269.0,297.0,319.0,323.0,377.0,390.0,486.0,524.0,639.0,679.0,694.0,711.0,928.0,983.0,997.0,
32.0,41.0,114.0,119.0,123.0,128.0,132.0,141.0,255.0,277.0,356.0,367.0,441.0,466.0,480.0,493.0,529.0,540.0,563.0,586.0,591.0,599.0,617.0,648.0,686.0,692.0,759.0,779.0,897.0,916.0,942.0,947.0,978.0,981.0,
13.0,14.0,43.0,92.0,137.0,161.0,176.0,245.0,278.0,340.0,371.0,371.0,396.0,413.0,424.0,475.0,577.0,581.0,613.0,632.0,672.0,700.0,754.0,770.0,795.0,828.0,832.0,850.0,885.0,895.0,913.0,922.0,927.0,939.0,945.0,968.0,970.0,979.0,984.0,
28.0,50.0,90.0,121.0,124.0,148.0,185.0,199.0,205.0,207.0,330.0,338.0,390.0,448.0,506.0,506.0,543.0,567.0,583.0,601.0,617.0,636.0,674.0,696.0,735.0,786.0,812.0,897.0,937.0,
42.0,74.0,75.0,130.0,180.0,200.0,218.0,272.0,279.0,296.0,298.0,315.0,329.0,347.0,361.0,404.0,430.0,525.0,557.0,575.0,600.0,615.0,636.0,664.0,701.0,706.0,706.0,709.0,730.0,828.0,847.0,865.0,888.0,915.0,923.0,939.0,951.0,956.0,
6.0,7.0,74.0,93.0,147.0,156.0,165.0,259.0,271.0,343.0,386.0,438.0,456.0,488.0,492.0,496.0,558.0,562.0,584.0,665.0,688.0,720.0,722.0,729.0,753.0,753.0,853.0,943.0,961.0,990.0,996.0,
48.0,71.0,106.0,110.0,149.0,160.0,175.0,187.0,192.0,213.0,241.0,247.0,253.0,295.0,299.0,300.0,362.0,433.0,441.0,444.0,507.0,511.0,524.0,527.0,543.0,565.0,624.0,675.0,689.0,703.0,718.0,719.0,735.0,759.0,808.0,820.0,863.0,867.0,869.0,870.0,935.0,963.0,
9.0,42.0,255.0,269.0,292.0,331.0,359.0,411.0,443.0,448.0,455.0,460.0,461.0,472.0,503.0,507.0,516.0,525.0,586.0,618.0,639.0,682.0,711.0,733.0,751.0,755.0,759.0,763.0,780.0,782.0,800.0,848.0,849.0,916.0,924.0,949.0,950.0,959.0,966.0,
23.0,37.0,51.0,78.0,99.0,167.0,212.0,222.0,259.0,260.0,285.0,377.0,397.0,426.0,473.0,514.0,538.0,564.0,622.0,639.0,642.0,693.0,755.0,763.0,820.0,840.0,875.0,901.0,966.0,967.0,
9.0,12.0,45.0,64.0,106.0,114.0,157.0,177.0,186.0,199.0,207.0,222.0,225.0,243.0,249.0,266.0,266.0,268.0,291.0,296.0,299.0,311.0,334.0,348.0,390.0,424.0,473.0,474.0,494.0,624.0,641.0,681.0,698.0,698.0,769.0,779.0,795.0,844.0,848.0,856.0,882.0,894.0,940.0,944.0,974.0,
6.0,18.0,74.0,87.0,180.0,191.0,193.0,203.0,226.0,231.0,262.0,299.0,318.0,326.0,335.0,371.0,375.0,450.0,481.0,510.0,541.0,558.0,564.0,568.0,613.0,628.0,629.0,631.0,691.0,696.0,705.0,741.0,799.0,810.0,865.0,869.0,881.0,898.0,900.0,910.0,927.0,935.0,936.0,964.0,
23.0,37.0,41.0,64.0,76.0,80.0,91.0,95.0,126.0,140.0,142.0,152.0,153.0,167.0,227.0,230.0,244.0,302.0,346.0,369.0,379.0,409.0,425.0,494.0,535.0,594.0,600.0,612.0,614.0,616.0,626.0,646.0,656.0,663.0,665.0,756.0,758.0,791.0,843.0,874.0,893.0,942.0,947.0,952.0,
17.0,28.0,35.0,53.0,74.0,112.0,114.0,178.0,223.0,271.0,276.0,281.0,291.0,296.0,430.0,454.0,496.0,535.0,571.0,603.0,611.0,614.0,641.0,666.0,684.0,721.0,728.0,728.0,733.0,794.0,802.0,855.0,868.0,889.0,927.0,
47.0,47.0,49.0,72.0,154.0,221.0,243.0,259.0,276.0,289.0,302.0,356.0,380.0,401.0,505.0,567.0,572.0,602.0,696.0,706.0,712.0,722.0,802.0,803.0,819.0,824.0,841.0,846.0,870.0,889.0,894.0,977.0,993.0,
3.0,45.0,51.0,64.0,107.0,108.0,140.0,152.0,212.0,234.0,248.0,263.0,277.0,287.0,299.0,321.0,332.0,352.0,358.0,364.0,384.0,392.0,436.0,447.0,449.0,464.0,508.0,510.0,531.0,536.0,620.0,631.0,678.0,700.0,728.0,760.0,765.0,826.0,826.0,850.0,876.0,895.0,902.0,925.0,933.0,939.0,960.0,969.0,975.0,
24.0,27.0,87.0,100.0,106.0,122.0,144.0,215.0,224.0,237.0,270.0,283.0,284.0,284.0,287.0,363.0,372.0,402.0,418.0,434.0,496.0,571.0,591.0,593.0,643.0,645.0,740.0,763.0,800.0,820.0,821.0,822.0,827.0,877.0,880.0,884.0,897.0,911.0,915.0,941.0,954.0,959.0,960.0,964.0,984.0,987.0,1000.0,
4.0,6.0,12.0,13.0,27.0,131.0,135.0,293.0,349.0,389.0,433.0,441.0,497.0,509.0,522.0,548.0,566.0,567.0,572.0,676.0,685.0,704.0,708.0,719.0,730.0,753.0,777.0,791.0,811.0,826.0,829.0,928.0,974.0,
3.0,12.0,18.0,48.0,64.0,66.0,66.0,69.0,116.0,123.0,125.0,192.0,202.0,208.0,236.0,250.0,283.0,302.0,304.0,379.0,421.0,430.0,492.0,495.0,547.0,566.0,569.0,575.0,620.0,637.0,647.0,653.0,667.0,673.0,685.0,747.0,756.0,879.0,887.0,909.0,915.0,920.0,
12.0,46.0,67.0,95.0,115.0,115.0,155.0,216.0,240.0,254.0,268.0,274.0,326.0,331.0,373.0,400.0,422.0,436.0,469.0,473.0,484.0,484.0,493.0,503.0,505.0,534.0,541.0,554.0,561.0,563.0,639.0,650.0,675.0,775.0,794.0,808.0,835.0,848.0,855.0,878.0,921.0,951.0,967.0,972.0,986.0,
6.0,21.0,36.0,41.0,166.0,187.0,190.0,260.0,315.0,352.0,389.0,398.0,412.0,423.0,429.0,447.0,493.0,508.0,535.0,553.0,558.0,607.0,623.0,628.0,647.0,664.0,680.0,685.0,703.0,707.0,739.0,739.0,740.0,822.0,831.0,857.0,858.0,919.0,927.0,989.0,990.0,
5.0,47.0,79.0,86.0,97.0,110.0,129.0,149.0,177.0,217.0,259.0,261.0,356.0,391.0,433.0,453.0,493.0,504.0,506.0,512.0,537.0,542.0,561.0,562.0,586.0,593.0,609.0,640.0,688.0,690.0,701.0,738.0,764.0,769.0,789.0,827.0,857.0,864.0,878.0,883.0,894.0,910.0,911.0,915.0,970.0,
2.0,35.0,55.0,57.0,133.0,219.0,230.0,324.0,324.0,347.0,440.0,467.0,471.0,510.0,560.0,604.0,609.0,653.0,668.0,678.0,775.0,782.0,786.0,786.0,794.0,840.0,857.0,863.0,870.0,877.0,896.0,906.0,956.0,985.0,990.0,996.0,
26.0,52.0,58.0,115.0,115.0,137.0,177.0,191.0,192.0,196.0,196.0,210.0,234.0,272.0,288.0,288.0,333.0,334.0,334.0,346.0,349.0,385.0,403.0,410.0,432.0,446.0,483.0,509.0,513.0,553.0,569.0,576.0,603.0,603.0,612.0,612.0,679.0,683.0,684.0,700.0,702.0,780.0,781.0,786.0,845.0,956.0,
27.0,30.0,40.0,64.0,66.0,78.0,92.0,102.0,103.0,130.0,150.0,179.0,196.0,259.0,270.0,297.0,323.0,392.0,418.0,420.0,438.0,459.0,485.0,520.0,525.0,532.0,556.0,568.0,581.0,600.0,664.0,691.0,696.0,697.0,711.0,722.0,855.0,902.0,956.0,964.0,965.0,
30.0,44.0,72.0,141.0,226.0,262.0,327.0,364.0,364.0,516.0,536.0,572.0,573.0,594.0,660.0,666.0,754.0,782.0,808.0,817.0,842.0,876.0,885.0,887.0,916.0,961.0,991.0,991.0,
91.0,104.0,105.0,109.0,117.0,136.0,136.0,148.0,238.0,251.0,314.0,315.0,323.0,325.0,355.0,362.0,380.0,385.0,459.0,472.0,542.0,550.0,562.0,600.0,603.0,665.0,692.0,695.0,740.0,748.0,757.0,778.0,787.0,796.0,820.0,827.0,835.0,906.0,977.0,982.0,988.0,
35.0,138.0,146.0,241.0,269.0,338.0,350.0,375.0,408.0,426.0,462.0,484.0,493.0,522.0,555.0,563.0,627.0,630.0,643.0,665.0,671.0,675.0,700.0,714.0,720.0,729.0,777.0,835.0,854.0,869.0,870.0,887.0,895.0,897.0,897.0,901.0,954.0,970.0,976.0,
31.0,51.0,61.0,75.0,135.0,159.0,190.0,196.0,208.0,241.0,259.0,268.0,306.0,331.0,355.0,390.0,391.0,466.0,490.0,515.0,532.0,535.0,549.0,589.0,606.0,615.0,624.0,629.0,650.0,652.0,655.0,672.0,691.0,700.0,749.0,749.0,794.0,800.0,857.0,867.0,889.0,930.0,949.0,989.0,997.0,1000.0,
20.0,75.0,114.0,129.0,147.0,162.0,166.0,194.0,204.0,207.0,262.0,317.0,346.0,381.0,464.0,481.0,486.0,522.0,581.0,603.0,613.0,629.0,649.0,654.0,668.0,715.0,731.0,745.0,845.0,859.0,869.0,874.0,897.0,979.0,
16.0,28.0,57.0,67.0,101.0,123.0,132.0,282.0,302.0,338.0,433.0,438.0,496.0,524.0,529.0,547.0,554.0,585.0,602.0,604.0,774.0,778.0,870.0,895.0,897.0,974.0,1000.0,
13.0,41.0,62.0,68.0,74.0,82.0,99.0,125.0,168.0,176.0,186.0,223.0,229.0,335.0,348.0,391.0,407.0,408.0,419.0,497.0,560.0,611.0,639.0,658.0,666.0,702.0,754.0,768.0,778.0,889.0,893.0,895.0,899.0,905.0,913.0,923.0,990.0,
75.0,84.0,145.0,151.0,156.0,159.0,181.0,226.0,243.0,258.0,290.0,367.0,377.0,383.0,419.0,435.0,494.0,540.0,562.0,576.0,596.0,621.0,644.0,672.0,678.0,682.0,685.0,733.0,734.0,788.0,789.0,846.0,846.0,876.0,878.0,895.0,905.0,926.0,956.0,991.0,997.0,
5.0,68.0,71.0,83.0,96.0,161.0,166.0,171.0,176.0,190.0,256.0,274.0,299.0,446.0,447.0,474.0,505.0,515.0,525.0,559.0,567.0,572.0,591.0,619.0,627.0,726.0,764.0,787.0,824.0,826.0,884.0,900.0,914.0,976.0,1000.0,
13.0,35.0,139.0,163.0,226.0,268.0,268.0,320.0,321.0,336.0,362.0,371.0,387.0,414.0,428.0,440.0,476.0,537.0,542.0,548.0,549.0,553.0,591.0,609.0,618.0,636.0,638.0,679.0,766.0,784.0,852.0,911.0,958.0,975.0,
26.0,89.0,110.0,113.0,174.0,187.0,254.0,258.0,282.0,304.0,340.0,369.0,372.0,393.0,414.0,422.0,432.0,450.0,547.0,553.0,557.0,591.0,594.0,603.0,604.0,631.0,640.0,644.0,773.0,785.0,811.0,813.0,841.0,845.0,877.0,895.0,898.0,921.0,959.0,
28.0,92.0,121.0,143.0,150.0,165.0,167.0,193.0,258.0,292.0,321.0,338.0,430.0,462.0,506.0,520.0,534.0,564.0,565.0,581.0,627.0,665.0,690.0,699.0,712.0,737.0,741.0,743.0,771.0,783.0,842.0,879.0,891.0,921.0,989.0,994.0,996.0,
9.0,80.0,86.0,106.0,127.0,145.0,155.0,224.0,233.0,244.0,274.0,318.0,318.0,319.0,337.0,375.0,425.0,465.0,484.0,499.0,536.0,563.0,658.0,664.0,665.0,758.0,829.0,853.0,859.0,868.0,872.0,885.0,885.0,941.0,
7.0,54.0,103.0,135.0,152.0,172.0,236.0,289.0,330.0,358.0,417.0,433.0,511.0,547.0,575.0,585.0,609.0,617.0,620.0,644.0,675.0,718.0,721.0,780.0,800.0,820.0,822.0,863.0,960.0,972.0,976.0,
6.0,22.0,35.0,46.0,59.0,81.0,83.0,111.0,154.0,169.0,170.0,173.0,194.0,310.0,312.0,318.0,322.0,322.0,393.0,449.0,457.0,510.0,555.0,574.0,715.0,741.0,757.0,802.0,882.0,887.0,909.0,925.0,959.0,962.0,970.0,
72.0,97.0,180.0,185.0,189.0,192.0,206.0,232.0,246.0,294.0,294.0,398.0,467.0,475.0,482.0,486.0,531.0,579.0,593.0,610.0,637.0,675.0,702.0,724.0,736.0,750.0,758.0,761.0,819.0,825.0,838.0,849.0,849.0,853.0,858.0,881.0,883.0,894.0,929.0,941.0,955.0,978.0,986.0,
19.0,61.0,61.0,94.0,136.0,166.0,177.0,216.0,221.0,223.0,236.0,266.0,286.0,289.0,330.0,400.0,430.0,433.0,434.0,441.0,451.0,473.0,482.0,486.0,504.0,559.0,565.0,612.0,626.0,692.0,708.0,758.0,854.0,857.0,860.0,882.0,890.0,906.0,920.0,929.0,962.0,967.0,968.0,
9.0,29.0,90.0,105.0,147.0,210.0,265.0,362.0,368.0,382.0,425.0,535.0,584.0,585.0,660.0,715.0,738.0,779.0,780.0,783.0,849.0,862.0,947.0,
2.0,15.0,29.0,30.0,31.0,87.0,110.0,271.0,278.0,296.0,311.0,374.0,390.0,426.0,454.0,456.0,458.0,475.0,523.0,543.0,559.0,623.0,629.0,682.0,764.0,767.0,772.0,880.0,882.0,893.0,901.0,902.0,902.0,938.0,962.0,967.0,
89.0,154.0,164.0,194.0,224.0,308.0,372.0,377.0,426.0,461.0,514.0,599.0,638.0,693.0,718.0,748.0,795.0,811.0,827.0,852.0,864.0,926.0,935.0,
