33.0,45.0,57.0,73.0,95.0,101.0,161.0,165.0,212.0,241.0,284.0,296.0,344.0,363.0,368.0,390.0,393.0,587.0,598.0,624.0,628.0,637.0,646.0,652.0,666.0,671.0,810.0,879.0,918.0,928.0,996.0,
9.0,9.0,28.0,44.0,65.0,73.0,131.0,145.0,161.0,166.0,177.0,189.0,203.0,206.0,222.0,242.0,285.0,418.0,432.0,437.0,439.0,445.0,568.0,581.0,592.0,633.0,658.0,670.0,691.0,702.0,745.0,857.0,868.0,924.0,
22.0,43.0,52.0,140.0,151.0,153.0,180.0,228.0,285.0,357.0,383.0,433.0,554.0,568.0,590.0,592.0,745.0,753.0,896.0,897.0,897.0,938.0,948.0,950.0,
32.0,80.0,92.0,142.0,164.0,174.0,179.0,180.0,185.0,214.0,222.0,247.0,268.0,297.0,314.0,375.0,550.0,615.0,642.0,649.0,689.0,703.0,704.0,755.0,760.0,774.0,788.0,816.0,863.0,875.0,903.0,963.0,999.0,
5.0,19.0,19.0,155.0,242.0,255.0,256.0,257.0,263.0,287.0,293.0,298.0,310.0,341.0,345.0,354.0,414.0,414.0,421.0,427.0,442.0,463.0,563.0,620.0,661.0,675.0,708.0,755.0,796.0,837.0,842.0,874.0,887.0,908.0,914.0,921.0,
10.0,31.0,40.0,40.0,42.0,47.0,54.0,81.0,104.0,115.0,145.0,223.0,224.0,239.0,246.0,278.0,310.0,350.0,392.0,412.0,420.0,423.0,506.0,535.0,537.0,556.0,567.0,570.0,605.0,612.0,671.0,710.0,877.0,923.0,946.0,980.0,
54.0,64.0,69.0,144.0,257.0,310.0,348.0,377.0,381.0,388.0,397.0,478.0,502.0,538.0,577.0,585.0,585.0,622.0,671.0,710.0,715.0,720.0,723.0,788.0,839.0,848.0,858.0,880.0,978.0,987.0,
23.0,73.0,100.0,112.0,175.0,223.0,297.0,312.0,341.0,445.0,449.0,503.0,522.0,546.0,581.0,584.0,631.0,644.0,682.0,732.0,794.0,813.0,813.0,819.0,847.0,853.0,873.0,929.0,931.0,936.0,938.0,969.0,975.0,
49.0,67.0,73.0,77.0,77.0,85.0,106.0,134.0,144.0,146.0,221.0,268.0,276.0,293.0,297.0,337.0,344.0,352.0,380.0,388.0,391.0,394.0,429.0,435.0,474.0,478.0,498.0,545.0,635.0,678.0,729.0,762.0,762.0,779.0,789.0,824.0,828.0,840.0,843.0,868.0,929.0,930.0,934.0,935.0,942.0,948.0,985.0,993.0,
11.0,137.0,163.0,187.0,193.0,215.0,232.0,240.0,244.0,251.0,283.0,365.0,368.0,375.0,427.0,434.0,494.0,548.0,586.0,640.0,662.0,700.0,703.0,744.0,748.0,773.0,778.0,798.0,802.0,837.0,873.0,901.0,920.0,957.0,968.0,980.0,983.0,998.0,
7.0,30.0,36.0,49.0,78.0,105.0,206.0,213.0,242.0,265.0,295.0,325.0,353.0,386.0,402.0,480.0,528.0,612.0,630.0,635.0,646.0,662.0,714.0,715.0,723.0,736.0,802.0,843.0,886.0,923.0,931.0,994.0,999.0,
30.0,35.0,115.0,135.0,196.0,244.0,317.0,365.0,376.0,386.0,453.0,481.0,493.0,552.0,566.0,579.0,603.0,659.0,721.0,728.0,755.0,771.0,790.0,842.0,865.0,880.0,895.0,977.0,
5.0,92.0,99.0,113.0,150.0,185.0,190.0,227.0,242.0,244.0,261.0,272.0,346.0,378.0,394.0,396.0,506.0,508.0,510.0,530.0,540.0,546.0,548.0,577.0,577.0,585.0,601.0,633.0,634.0,639.0,651.0,659.0,666.0,670.0,670.0,681.0,705.0,711.0,762.0,784.0,795.0,809.0,817.0,818.0,867.0,877.0,883.0,912.0,
22.0,23.0,25.0,35.0,99.0,125.0,150.0,246.0,306.0,326.0,331.0,332.0,373.0,376.0,403.0,478.0,493.0,495.0,544.0,552.0,589.0,594.0,599.0,632.0,677.0,713.0,732.0,741.0,772.0,833.0,837.0,853.0,866.0,867.0,882.0,941.0,950.0,974.0,992.0,
27.0,29.0,39.0,55.0,61.0,67.0,102.0,112.0,126.0,142.0,156.0,209.0,245.0,247.0,258.0,262.0,282.0,297.0,327.0,352.0,444.0,465.0,466.0,502.0,513.0,631.0,632.0,663.0,691.0,701.0,711.0,716.0,770.0,808.0,875.0,911.0,988.0,
20.0,41.0,57.0,100.0,140.0,215.0,216.0,301.0,333.0,347.0,351.0,358.0,408.0,456.0,464.0,518.0,572.0,618.0,691.0,776.0,872.0,914.0,931.0,981.0,
20.0,112.0,123.0,123.0,134.0,174.0,206.0,228.0,235.0,242.0,281.0,307.0,308.0,355.0,366.0,371.0,389.0,411.0,449.0,477.0,507.0,520.0,531.0,535.0,563.0,572.0,760.0,870.0,871.0,889.0,918.0,938.0,970.0,
44.0,121.0,220.0,244.0,245.0,248.0,258.0,260.0,262.0,270.0,297.0,311.0,330.0,393.0,412.0,422.0,487.0,560.0,621.0,644.0,743.0,770.0,825.0,880.0,903.0,939.0,966.0,
48.0,89.0,140.0,141.0,149.0,149.0,164.0,170.0,183.0,187.0,227.0,253.0,255.0,339.0,353.0,356.0,378.0,380.0,401.0,419.0,456.0,469.0,469.0,561.0,578.0,589.0,593.0,621.0,639.0,645.0,662.0,725.0,778.0,830.0,832.0,874.0,880.0,939.0,943.0,991.0,
15.0,47.0,72.0,93.0,100.0,104.0,141.0,169.0,177.0,187.0,188.0,201.0,227.0,228.0,244.0,288.0,309.0,367.0,375.0,397.0,438.0,488.0,513.0,529.0,541.0,560.0,600.0,615.0,624.0,627.0,647.0,717.0,840.0,868.0,869.0,897.0,994.0,
15.0,46.0,52.0,52.0,82.0,110.0,158.0,172.0,205.0,272.0,318.0,320.0,335.0,374.0,379.0,386.0,386.0,428.0,449.0,456.0,484.0,512.0,543.0,543.0,544.0,554.0,588.0,591.0,614.0,645.0,657.0,680.0,692.0,732.0,745.0,777.0,844.0,858.0,931.0,965.0,
44.0,74.0,83.0,105.0,126.0,143.0,185.0,335.0,337.0,367.0,391.0,485.0,513.0,534.0,541.0,542.0,556.0,574.0,576.0,606.0,640.0,660.0,710.0,722.0,750.0,753.0,842.0,858.0,860.0,898.0,935.0,940.0,960.0,968.0,976.0,978.0,996.0,999.0,
109.0,119.0,128.0,235.0,299.0,300.0,377.0,390.0,435.0,517.0,520.0,571.0,576.0,592.0,662.0,670.0,675.0,744.0,766.0,821.0,878.0,902.0,910.0,952.0,973.0,994.0,
84.0,129.0,156.0,172.0,181.0,182.0,226.0,237.0,260.0,292.0,355.0,420.0,480.0,507.0,560.0,580.0,598.0,609.0,625.0,729.0,730.0,762.0,774.0,781.0,794.0,869.0,894.0,934.0,957.0,959.0,967.0,970.0,
49.0,120.0,129.0,157.0,200.0,226.0,250.0,277.0,284.0,316.0,350.0,351.0,353.0,355.0,369.0,376.0,389.0,403.0,484.0,521.0,553.0,554.0,561.0,566.0,586.0,590.0,595.0,599.0,622.0,638.0,639.0,767.0,785.0,810.0,850.0,855.0,874.0,878.0,957.0,
29.0,30.0,68.0,90.0,135.0,172.0,204.0,239.0,257.0,342.0,371.0,383.0,416.0,436.0,443.0,535.0,599.0,608.0,674.0,710.0,762.0,826.0,845.0,846.0,846.0,877.0,881.0,913.0,928.0,936.0,997.0,
45.0,96.0,107.0,171.0,194.0,204.0,256.0,343.0,430.0,453.0,473.0,648.0,660.0,707.0,804.0,818.0,829.0,860.0,872.0,936.0,938.0,
23.0,27.0,34.0,134.0,149.0,199.0,249.0,250.0,250.0,256.0,269.0,328.0,406.0,422.0,513.0,531.0,532.0,581.0,598.0,634.0,672.0,693.0,694.0,712.0,726.0,733.0,753.0,768.0,849.0,915.0,944.0,952.0,988.0,
12.0,32.0,67.0,90.0,97.0,194.0,231.0,279.0,281.0,284.0,288.0,299.0,339.0,348.0,359.0,391.0,453.0,458.0,494.0,545.0,568.0,701.0,710.0,737.0,750.0,760.0,819.0,851.0,885.0,906.0,934.0,942.0,944.0,989.0,992.0,
6.0,42.0,42.0,56.0,67.0,68.0,109.0,133.0,154.0,200.0,207.0,211.0,219.0,282.0,296.0,329.0,330.0,373.0,377.0,408.0,427.0,479.0,491.0,520.0,520.0,532.0,554.0,589.0,590.0,601.0,604.0,622.0,629.0,651.0,716.0,756.0,837.0,852.0,874.0,926.0,978.0,986.0,
7.0,60.0,60.0,69.0,74.0,160.0,314.0,367.0,402.0,428.0,430.0,431.0,445.0,447.0,457.0,514.0,543.0,544.0,565.0,565.0,584.0,670.0,699.0,702.0,703.0,722.0,737.0,742.0,764.0,787.0,794.0,814.0,829.0,852.0,854.0,868.0,885.0,892.0,971.0,
40.0,42.0,74.0,84.0,112.0,132.0,168.0,178.0,179.0,215.0,275.0,299.0,319.0,332.0,337.0,341.0,341.0,385.0,452.0,461.0,481.0,525.0,577.0,591.0,621.0,671.0,774.0,818.0,835.0,857.0,892.0,907.0,937.0,949.0,
4.0,59.0,63.0,111.0,114.0,118.0,150.0,214.0,251.0,281.0,285.0,394.0,409.0,410.0,412.0,415.0,435.0,441.0,465.0,495.0,515.0,516.0,589.0,604.0,628.0,693.0,700.0,711.0,731.0,745.0,762.0,784.0,802.0,813.0,874.0,877.0,901.0,903.0,909.0,956.0,977.0,977.0,
69.0,101.0,125.0,133.0,222.0,239.0,297.0,322.0,362.0,445.0,452.0,455.0,473.0,482.0,540.0,630.0,672.0,700.0,715.0,719.0,733.0,771.0,786.0,792.0,849.0,884.0,893.0,900.0,912.0,929.0,941.0,991.0,998.0,1000.0,
66.0,85.0,97.0,113.0,125.0,131.0,171.0,173.0,197.0,219.0,238.0,243.0,252.0,255.0,280.0,285.0,296.0,376.0,423.0,439.0,444.0,454.0,478.0,483.0,490.0,501.0,540.0,552.0,592.0,622.0,630.0,644.0,669.0,692.0,752.0,799.0,859.0,881.0,897.0,917.0,939.0,948.0,
15.0,97.0,192.0,192.0,239.0,244.0,249.0,272.0,298.0,358.0,358.0,377.0,411.0,452.0,522.0,529.0,535.0,542.0,542.0,620.0,682.0,724.0,819.0,840.0,862.0,870.0,880.0,958.0,984.0,
20.0,79.0,110.0,140.0,173.0,276.0,279.0,291.0,349.0,351.0,397.0,463.0,482.0,581.0,592.0,608.0,628.0,647.0,695.0,708.0,803.0,807.0,811.0,834.0,834.0,848.0,858.0,859.0,868.0,879.0,
60.0,73.0,121.0,160.0,190.0,203.0,295.0,301.0,378.0,443.0,476.0,509.0,510.0,514.0,522.0,534.0,588.0,634.0,639.0,649.0,683.0,696.0,701.0,808.0,821.0,833.0,837.0,852.0,861.0,872.0,889.0,917.0,920.0,994.0,
27.0,44.0,55.0,57.0,87.0,89.0,90.0,92.0,97.0,106.0,196.0,199.0,254.0,271.0,289.0,363.0,372.0,440.0,458.0,464.0,465.0,606.0,609.0,617.0,634.0,696.0,712.0,803.0,814.0,831.0,837.0,866.0,867.0,872.0,973.0,982.0,983.0,
39.0,78.0,82.0,99.0,104.0,105.0,119.0,150.0,168.0,184.0,187.0,200.0,204.0,217.0,266.0,337.0,342.0,364.0,396.0,401.0,421.0,433.0,443.0,455.0,465.0,469.0,493.0,526.0,546.0,548.0,611.0,649.0,674.0,678.0,680.0,689.0,690.0,716.0,739.0,769.0,792.0,866.0,876.0,885.0,921.0,938.0,951.0,952.0,
17.0,190.0,236.0,241.0,258.0,262.0,305.0,344.0,372.0,394.0,399.0,399.0,403.0,424.0,492.0,501.0,594.0,599.0,639.0,655.0,699.0,703.0,713.0,724.0,781.0,783.0,784.0,899.0,914.0,939.0,960.0,990.0,994.0,
3.0,23.0,62.0,114.0,302.0,310.0,351.0,405.0,406.0,408.0,430.0,459.0,468.0,476.0,482.0,483.0,486.0,496.0,510.0,517.0,520.0,605.0,612.0,636.0,683.0,694.0,720.0,737.0,764.0,795.0,958.0,977.0,989.0,
4.0,17.0,178.0,185.0,189.0,229.0,236.0,311.0,319.0,335.0,380.0,416.0,455.0,457.0,471.0,478.0,490.0,509.0,512.0,611.0,624.0,634.0,638.0,666.0,697.0,775.0,784.0,846.0,896.0,908.0,909.0,930.0,938.0,954.0,987.0,992.0,999.0,
42.0,87.0,128.0,139.0,139.0,146.0,195.0,214.0,215.0,227.0,261.0,332.0,373.0,412.0,465.0,468.0,472.0,496.0,540.0,579.0,589.0,603.0,632.0,646.0,667.0,681.0,744.0,767.0,778.0,876.0,878.0,889.0,891.0,918.0,925.0,929.0,933.0,944.0,963.0,967.0,996.0,
21.0,31.0,56.0,73.0,107.0,123.0,151.0,167.0,178.0,181.0,211.0,222.0,312.0,325.0,328.0,354.0,358.0,388.0,400.0,445.0,544.0,562.0,570.0,572.0,580.0,701.0,727.0,727.0,735.0,754.0,837.0,890.0,929.0,942.0,980.0,988.0,996.0,
10.0,40.0,60.0,87.0,108.0,136.0,147.0,178.0,180.0,245.0,249.0,277.0,282.0,371.0,444.0,457.0,502.0,507.0,521.0,522.0,530.0,532.0,546.0,556.0,563.0,609.0,641.0,696.0,709.0,729.0,761.0,782.0,829.0,843.0,851.0,866.0,868.0,893.0,914.0,945.0,
3.0,51.0,162.0,162.0,178.0,210.0,218.0,285.0,290.0,297.0,323.0,404.0,407.0,419.0,420.0,429.0,445.0,451.0,465.0,522.0,654.0,655.0,694.0,791.0,796.0,850.0,936.0,937.0,
7.0,10.0,11.0,23.0,30.0,39.0,46.0,56.0,104.0,124.0,126.0,135.0,143.0,146.0,152.0,216.0,221.0,232.0,236.0,312.0,327.0,372.0,378.0,454.0,465.0,477.0,538.0,544.0,561.0,564.0,567.0,579.0,585.0,585.0,605.0,617.0,634.0,638.0,659.0,665.0,741.0,764.0,765.0,788.0,806.0,846.0,909.0,916.0,958.0,975.0,
44.0,99.0,169.0,179.0,234.0,293.0,312.0,404.0,440.0,501.0,509.0,528.0,660.0,735.0,743.0,777.0,825.0,834.0,872.0,916.0,939.0,
10.0,69.0,100.0,152.0,161.0,175.0,261.0,315.0,321.0,385.0,421.0,435.0,448.0,476.0,498.0,498.0,504.0,523.0,531.0,535.0,537.0,551.0,552.0,552.0,672.0,700.0,720.0,751.0,754.0,772.0,803.0,815.0,882.0,888.0,909.0,
29.0,60.0,82.0,115.0,148.0,158.0,170.0,188.0,190.0,276.0,311.0,317.0,327.0,335.0,342.0,475.0,482.0,484.0,488.0,520.0,594.0,603.0,634.0,654.0,656.0,754.0,800.0,817.0,828.0,838.0,887.0,894.0,906.0,912.0,952.0,955.0,972.0,994.0,
29.0,55.0,59.0,62.0,109.0,168.0,175.0,180.0,194.0,206.0,249.0,279.0,352.0,361.0,368.0,381.0,388.0,433.0,435.0,462.0,470.0,503.0,508.0,515.0,597.0,632.0,633.0,638.0,644.0,659.0,661.0,686.0,718.0,751.0,780.0,780.0,864.0,869.0,890.0,978.0,985.0,
17.0,25.0,44.0,68.0,266.0,291.0,332.0,382.0,403.0,442.0,521.0,521.0,542.0,625.0,636.0,641.0,661.0,805.0,806.0,856.0,966.0,977.0,
29.0,35.0,147.0,171.0,171.0,207.0,222.0,258.0,258.0,276.0,278.0,279.0,324.0,327.0,365.0,393.0,397.0,430.0,701.0,728.0,742.0,790.0,814.0,820.0,909.0,958.0,971.0,972.0,990.0,999.0,
41.0,45.0,48.0,157.0,179.0,190.0,227.0,254.0,263.0,274.0,292.0,294.0,327.0,328.0,346.0,349.0,360.0,452.0,493.0,500.0,504.0,534.0,553.0,556.0,581.0,601.0,628.0,643.0,644.0,665.0,697.0,720.0,780.0,798.0,801.0,879.0,974.0,981.0,981.0,994.0,
3.0,71.0,97.0,142.0,155.0,197.0,231.0,250.0,264.0,292.0,295.0,319.0,321.0,368.0,391.0,409.0,480.0,535.0,537.0,538.0,538.0,540.0,540.0,541.0,542.0,543.0,544.0,551.0,552.0,553.0,554.0,565.0,565.0,572.0,592.0,593.0,597.0,598.0,607.0,609.0,617.0,619.0,619.0,621.0,621.0,627.0,627.0,636.0,665.0,680.0,685.0,690.0,691.0,694.0,715.0,726.0,730.0,757.0,765.0,767.0,769.0,793.0,819.0,823.0,826.0,838.0,838.0,841.0,873.0,878.0,880.0,889.0,905.0,908.0,922.0,925.0,929.0,937.0,954.0,956.0,957.0,971.0,982.0,988.0,989.0,
24.0,37.0,132.0,195.0,222.0,224.0,241.0,250.0,282.0,296.0,345.0,369.0,376.0,399.0,405.0,420.0,434.0,435.0,442.0,455.0,490.0,521.0,538.0,540.0,552.0,558.0,565.0,573.0,573.0,584.0,608.0,616.0,626.0,655.0,659.0,664.0,673.0,683.0,686.0,713.0,715.0,742.0,765.0,767.0,784.0,797.0,826.0,850.0,905.0,940.0,944.0,
10.0,34.0,35.0,38.0,63.0,68.0,93.0,95.0,142.0,178.0,181.0,229.0,233.0,270.0,350.0,359.0,380.0,432.0,433.0,438.0,446.0,473.0,491.0,491.0,492.0,496.0,502.0,528.0,781.0,837.0,843.0,844.0,859.0,868.0,932.0,952.0,954.0,
13.0,34.0,49.0,57.0,69.0,75.0,177.0,178.0,196.0,215.0,235.0,237.0,263.0,263.0,290.0,319.0,326.0,334.0,347.0,387.0,440.0,479.0,514.0,554.0,569.0,576.0,588.0,602.0,628.0,632.0,683.0,688.0,717.0,751.0,779.0,805.0,809.0,811.0,820.0,845.0,848.0,883.0,901.0,953.0,979.0,999.0,
63.0,79.0,108.0,134.0,179.0,227.0,248.0,308.0,337.0,384.0,385.0,396.0,475.0,487.0,499.0,503.0,511.0,515.0,542.0,559.0,581.0,597.0,613.0,626.0,685.0,693.0,712.0,721.0,723.0,749.0,774.0,781.0,791.0,811.0,877.0,878.0,893.0,995.0,
13.0,26.0,37.0,39.0,52.0,56.0,86.0,93.0,119.0,120.0,125.0,130.0,165.0,178.0,223.0,245.0,273.0,339.0,370.0,372.0,423.0,429.0,467.0,516.0,592.0,641.0,648.0,747.0,857.0,871.0,876.0,886.0,887.0,976.0,999.0,
45.0,61.0,105.0,142.0,150.0,167.0,245.0,253.0,269.0,274.0,315.0,355.0,402.0,424.0,435.0,461.0,479.0,539.0,564.0,608.0,620.0,628.0,682.0,765.0,783.0,805.0,809.0,861.0,887.0,908.0,930.0,
21.0,54.0,79.0,83.0,83.0,122.0,166.0,190.0,366.0,380.0,389.0,396.0,493.0,523.0,535.0,552.0,570.0,591.0,595.0,612.0,620.0,673.0,675.0,683.0,730.0,737.0,745.0,760.0,799.0,805.0,817.0,823.0,830.0,845.0,855.0,878.0,896.0,906.0,909.0,917.0,944.0,
2.0,11.0,22.0,44.0,51.0,52.0,58.0,75.0,143.0,196.0,230.0,233.0,234.0,236.0,250.0,307.0,312.0,323.0,361.0,501.0,508.0,522.0,547.0,600.0,629.0,738.0,768.0,820.0,832.0,866.0,900.0,908.0,
6.0,14.0,144.0,165.0,227.0,281.0,331.0,338.0,357.0,367.0,378.0,411.0,456.0,533.0,552.0,590.0,590.0,592.0,599.0,612.0,736.0,757.0,800.0,845.0,870.0,880.0,
16.0,67.0,88.0,132.0,143.0,175.0,210.0,230.0,243.0,276.0,284.0,326.0,417.0,471.0,483.0,492.0,496.0,522.0,525.0,595.0,617.0,622.0,637.0,665.0,678.0,740.0,758.0,759.0,832.0,861.0,908.0,928.0,998.0,
102.0,111.0,121.0,215.0,312.0,329.0,364.0,372.0,387.0,419.0,421.0,432.0,443.0,445.0,490.0,506.0,522.0,610.0,616.0,640.0,658.0,718.0,727.0,733.0,733.0,755.0,769.0,826.0,844.0,846.0,912.0,926.0,
6.0,10.0,13.0,112.0,158.0,182.0,233.0,277.0,331.0,355.0,424.0,458.0,472.0,526.0,540.0,553.0,635.0,646.0,672.0,676.0,703.0,709.0,725.0,810.0,816.0,830.0,850.0,886.0,887.0,995.0,
28.0,44.0,84.0,84.0,107.0,153.0,218.0,220.0,224.0,240.0,260.0,291.0,329.0,360.0,386.0,462.0,465.0,470.0,494.0,507.0,541.0,583.0,587.0,591.0,618.0,643.0,707.0,723.0,751.0,764.0,797.0,816.0,819.0,833.0,859.0,866.0,894.0,966.0,984.0,
25.0,135.0,160.0,167.0,190.0,198.0,255.0,263.0,287.0,318.0,343.0,373.0,386.0,416.0,456.0,513.0,523.0,548.0,549.0,564.0,593.0,603.0,685.0,691.0,734.0,751.0,772.0,776.0,809.0,809.0,827.0,864.0,902.0,946.0,
31.0,55.0,61.0,177.0,190.0,258.0,271.0,276.0,280.0,326.0,358.0,380.0,397.0,408.0,471.0,476.0,486.0,499.0,511.0,552.0,565.0,577.0,610.0,647.0,710.0,730.0,744.0,794.0,852.0,873.0,895.0,931.0,939.0,950.0,971.0,992.0,993.0,
9.0,13.0,44.0,105.0,145.0,157.0,171.0,200.0,206.0,210.0,215.0,234.0,249.0,265.0,275.0,282.0,291.0,308.0,309.0,374.0,389.0,419.0,425.0,435.0,436.0,441.0,454.0,464.0,542.0,613.0,618.0,623.0,627.0,640.0,704.0,726.0,791.0,792.0,810.0,818.0,826.0,866.0,876.0,921.0,924.0,941.0,960.0,979.0,991.0,997.0,
23.0,52.0,96.0,102.0,102.0,137.0,214.0,254.0,267.0,327.0,329.0,333.0,346.0,372.0,447.0,473.0,480.0,484.0,487.0,488.0,525.0,568.0,589.0,654.0,657.0,734.0,734.0,780.0,783.0,785.0,807.0,859.0,934.0,947.0,947.0,949.0,965.0,979.0,994.0,
15.0,22.0,29.0,71.0,78.0,179.0,186.0,292.0,333.0,360.0,386.0,432.0,454.0,464.0,510.0,542.0,543.0,547.0,551.0,612.0,621.0,636.0,645.0,652.0,718.0,719.0,727.0,728.0,753.0,782.0,871.0,920.0,959.0,997.0,
8.0,60.0,169.0,193.0,197.0,213.0,249.0,258.0,269.0,273.0,299.0,301.0,318.0,369.0,384.0,423.0,480.0,576.0,579.0,618.0,630.0,633.0,642.0,660.0,669.0,722.0,744.0,750.0,753.0,785.0,790.0,846.0,960.0,
22.0,34.0,58.0,102.0,131.0,133.0,170.0,248.0,250.0,254.0,289.0,303.0,351.0,356.0,370.0,391.0,456.0,475.0,476.0,495.0,525.0,563.0,578.0,585.0,604.0,622.0,690.0,721.0,722.0,729.0,760.0,763.0,808.0,835.0,850.0,876.0,911.0,913.0,924.0,931.0,954.0,981.0,
30.0,105.0,132.0,190.0,258.0,288.0,343.0,390.0,398.0,401.0,445.0,451.0,499.0,531.0,531.0,532.0,571.0,573.0,575.0,585.0,635.0,638.0,653.0,663.0,667.0,684.0,726.0,827.0,854.0,856.0,868.0,873.0,890.0,954.0,954.0,966.0,
15.0,36.0,69.0,75.0,110.0,134.0,164.0,218.0,220.0,252.0,257.0,265.0,271.0,279.0,279.0,281.0,291.0,296.0,348.0,376.0,378.0,428.0,438.0,442.0,451.0,468.0,487.0,518.0,570.0,599.0,653.0,658.0,669.0,686.0,724.0,788.0,796.0,837.0,844.0,870.0,921.0,926.0,957.0,
47.0,117.0,130.0,157.0,161.0,202.0,258.0,279.0,307.0,332.0,351.0,359.0,359.0,383.0,471.0,477.0,500.0,551.0,578.0,589.0,597.0,633.0,646.0,677.0,693.0,701.0,706.0,714.0,763.0,822.0,830.0,830.0,900.0,918.0,937.0,959.0,977.0,979.0,
3.0,41.0,55.0,67.0,128.0,138.0,180.0,180.0,189.0,217.0,235.0,246.0,251.0,267.0,343.0,374.0,391.0,498.0,500.0,520.0,543.0,555.0,605.0,609.0,657.0,660.0,689.0,698.0,708.0,764.0,781.0,781.0,790.0,817.0,822.0,857.0,866.0,871.0,980.0,991.0,
18.0,24.0,44.0,63.0,182.0,277.0,280.0,286.0,297.0,303.0,303.0,354.0,396.0,434.0,518.0,555.0,568.0,582.0,598.0,628.0,644.0,668.0,677.0,730.0,736.0,760.0,891.0,903.0,946.0,
8.0,12.0,52.0,193.0,222.0,226.0,319.0,345.0,371.0,391.0,396.0,407.0,455.0,469.0,492.0,494.0,530.0,567.0,583.0,626.0,638.0,680.0,688.0,695.0,729.0,760.0,762.0,770.0,771.0,805.0,831.0,836.0,853.0,915.0,925.0,997.0,
141.0,171.0,172.0,215.0,219.0,260.0,320.0,324.0,325.0,333.0,399.0,412.0,415.0,439.0,443.0,446.0,476.0,508.0,561.0,567.0,596.0,623.0,656.0,677.0,710.0,795.0,820.0,864.0,890.0,898.0,970.0,972.0,
82.0,96.0,212.0,239.0,267.0,277.0,311.0,317.0,326.0,355.0,374.0,374.0,379.0,453.0,457.0,494.0,561.0,598.0,677.0,679.0,765.0,769.0,789.0,870.0,873.0,882.0,945.0,953.0,997.0,
35.0,69.0,94.0,108.0,143.0,166.0,217.0,225.0,280.0,390.0,395.0,441.0,445.0,455.0,458.0,493.0,503.0,549.0,580.0,590.0,627.0,705.0,721.0,771.0,802.0,814.0,875.0,887.0,907.0,934.0,975.0,987.0,
5.0,68.0,84.0,103.0,156.0,161.0,167.0,171.0,197.0,216.0,237.0,239.0,246.0,258.0,292.0,302.0,303.0,344.0,401.0,431.0,436.0,483.0,518.0,531.0,554.0,579.0,596.0,661.0,697.0,710.0,766.0,862.0,875.0,884.0,914.0,926.0,931.0,952.0,963.0,979.0,
62.0,81.0,83.0,99.0,102.0,115.0,133.0,134.0,153.0,180.0,186.0,201.0,205.0,246.0,255.0,283.0,298.0,304.0,309.0,371.0,378.0,393.0,516.0,543.0,588.0,647.0,680.0,689.0,755.0,782.0,802.0,807.0,830.0,837.0,855.0,861.0,895.0,929.0,970.0,997.0,
57.0,66.0,95.0,163.0,169.0,208.0,314.0,338.0,341.0,359.0,361.0,381.0,399.0,429.0,470.0,488.0,533.0,554.0,573.0,584.0,616.0,617.0,619.0,648.0,650.0,670.0,727.0,748.0,757.0,863.0,882.0,884.0,905.0,936.0,956.0,1000.0,
38.0,102.0,118.0,132.0,283.0,292.0,305.0,305.0,347.0,381.0,395.0,395.0,408.0,410.0,426.0,456.0,504.0,505.0,526.0,547.0,551.0,573.0,627.0,638.0,702.0,727.0,746.0,802.0,808.0,815.0,825.0,827.0,846.0,883.0,903.0,916.0,917.0,921.0,925.0,953.0,958.0,
37.0,43.0,56.0,79.0,83.0,106.0,117.0,155.0,166.0,173.0,208.0,235.0,289.0,347.0,354.0,361.0,386.0,389.0,399.0,443.0,460.0,467.0,468.0,484.0,510.0,531.0,537.0,543.0,556.0,560.0,572.0,574.0,580.0,597.0,616.0,634.0,666.0,687.0,708.0,711.0,744.0,765.0,779.0,823.0,865.0,901.0,934.0,997.0,
19.0,37.0,40.0,44.0,66.0,78.0,84.0,104.0,138.0,138.0,161.0,213.0,233.0,238.0,251.0,375.0,379.0,388.0,392.0,432.0,471.0,479.0,502.0,523.0,560.0,581.0,593.0,637.0,665.0,679.0,698.0,720.0,732.0,739.0,754.0,779.0,808.0,840.0,865.0,875.0,896.0,901.0,901.0,915.0,918.0,960.0,983.0,
18.0,21.0,29.0,37.0,38.0,54.0,88.0,91.0,102.0,108.0,138.0,140.0,161.0,180.0,194.0,201.0,209.0,230.0,237.0,260.0,266.0,273.0,275.0,283.0,324.0,364.0,392.0,414.0,447.0,448.0,453.0,491.0,500.0,522.0,614.0,620.0,644.0,650.0,682.0,682.0,693.0,705.0,712.0,739.0,762.0,776.0,878.0,891.0,906.0,973.0,989.0,
12.0,20.0,39.0,56.0,63.0,97.0,139.0,143.0,164.0,307.0,379.0,391.0,403.0,409.0,431.0,453.0,455.0,572.0,578.0,619.0,620.0,652.0,693.0,718.0,724.0,736.0,764.0,766.0,776.0,819.0,828.0,831.0,838.0,895.0,916.0,931.0,949.0,950.0,959.0,961.0,
27.0,51.0,54.0,79.0,102.0,113.0,139.0,141.0,162.0,188.0,202.0,202.0,227.0,249.0,264.0,299.0,312.0,327.0,333.0,340.0,357.0,391.0,395.0,407.0,413.0,419.0,439.0,470.0,523.0,546.0,554.0,559.0,565.0,576.0,582.0,733.0,761.0,850.0,863.0,876.0,889.0,893.0,898.0,920.0,988.0,988.0,
15.0,47.0,60.0,83.0,185.0,218.0,263.0,280.0,321.0,337.0,344.0,345.0,403.0,425.0,446.0,452.0,460.0,504.0,545.0,564.0,568.0,593.0,593.0,628.0,648.0,708.0,745.0,752.0,827.0,840.0,841.0,898.0,901.0,949.0,950.0,
177.0,181.0,204.0,210.0,254.0,264.0,286.0,286.0,294.0,372.0,402.0,411.0,422.0,522.0,527.0,548.0,554.0,583.0,608.0,623.0,660.0,680.0,720.0,739.0,825.0,905.0,
7.0,17.0,81.0,87.0,93.0,98.0,98.0,123.0,139.0,161.0,202.0,240.0,278.0,286.0,301.0,340.0,410.0,427.0,446.0,503.0,554.0,653.0,674.0,680.0,683.0,829.0,843.0,847.0,864.0,899.0,904.0,926.0,936.0,939.0,956.0,971.0,980.0,989.0,
74.0,104.0,136.0,163.0,167.0,173.0,197.0,264.0,265.0,290.0,339.0,408.0,422.0,425.0,509.0,513.0,534.0,558.0,571.0,598.0,620.0,658.0,676.0,741.0,810.0,813.0,827.0,874.0,907.0,918.0,920.0,955.0,
6.0,23.0,100.0,111.0,149.0,186.0,195.0,211.0,217.0,235.0,239.0,252.0,302.0,344.0,360.0,372.0,373.0,382.0,403.0,404.0,437.0,443.0,450.0,466.0,473.0,499.0,531.0,547.0,641.0,656.0,661.0,676.0,700.0,705.0,731.0,773.0,797.0,825.0,860.0,904.0,912.0,947.0,957.0,969.0,
33.0,106.0,114.0,131.0,134.0,137.0,240.0,257.0,259.0,276.0,299.0,299.0,322.0,349.0,493.0,524.0,575.0,578.0,615.0,623.0,623.0,653.0,655.0,659.0,673.0,712.0,731.0,742.0,742.0,757.0,795.0,828.0,832.0,868.0,
