7.0,32.0,41.0,47.0,50.0,99.0,106.0,111.0,118.0,291.0,396.0,409.0,414.0,535.0,539.0,556.0,565.0,581.0,626.0,663.0,691.0,736.0,759.0,793.0,796.0,808.0,829.0,833.0,888.0,904.0,910.0,911.0,948.0,965.0,985.0,
28.0,88.0,99.0,156.0,180.0,236.0,266.0,314.0,378.0,426.0,450.0,479.0,510.0,571.0,577.0,594.0,640.0,641.0,659.0,669.0,672.0,719.0,761.0,778.0,815.0,831.0,849.0,870.0,878.0,912.0,918.0,940.0,
4.0,42.0,101.0,113.0,134.0,140.0,161.0,161.0,251.0,298.0,308.0,336.0,377.0,390.0,467.0,543.0,549.0,550.0,585.0,600.0,667.0,678.0,695.0,728.0,734.0,773.0,852.0,856.0,858.0,919.0,931.0,936.0,946.0,980.0,983.0,
65.0,81.0,82.0,93.0,151.0,215.0,219.0,299.0,330.0,415.0,426.0,437.0,458.0,509.0,602.0,634.0,651.0,677.0,709.0,712.0,757.0,849.0,866.0,894.0,937.0,965.0,973.0,
10.0,37.0,65.0,81.0,96.0,106.0,117.0,154.0,160.0,174.0,178.0,190.0,225.0,237.0,273.0,289.0,300.0,338.0,341.0,344.0,348.0,357.0,415.0,416.0,416.0,446.0,456.0,469.0,485.0,530.0,637.0,682.0,694.0,712.0,727.0,739.0,786.0,794.0,815.0,825.0,851.0,880.0,887.0,896.0,956.0,
48.0,55.0,74.0,113.0,123.0,153.0,181.0,188.0,199.0,220.0,225.0,256.0,261.0,320.0,378.0,392.0,450.0,477.0,542.0,604.0,610.0,657.0,687.0,715.0,740.0,755.0,816.0,816.0,833.0,869.0,892.0,904.0,906.0,956.0,
21.0,30.0,47.0,51.0,58.0,208.0,235.0,255.0,280.0,321.0,356.0,368.0,418.0,424.0,425.0,452.0,459.0,487.0,513.0,524.0,539.0,550.0,558.0,576.0,628.0,640.0,671.0,743.0,856.0,957.0,960.0,
14.0,30.0,47.0,48.0,112.0,126.0,150.0,194.0,198.0,210.0,226.0,232.0,308.0,367.0,373.0,409.0,415.0,438.0,447.0,460.0,477.0,522.0,535.0,624.0,632.0,654.0,664.0,692.0,699.0,765.0,779.0,820.0,821.0,822.0,849.0,859.0,880.0,904.0,920.0,937.0,951.0,997.0,
31.0,109.0,138.0,170.0,199.0,265.0,275.0,310.0,311.0,373.0,387.0,390.0,402.0,465.0,482.0,490.0,506.0,519.0,586.0,593.0,609.0,731.0,734.0,777.0,797.0,810.0,821.0,889.0,898.0,906.0,941.0,
12.0,51.0,65.0,88.0,112.0,137.0,150.0,182.0,185.0,185.0,186.0,204.0,218.0,264.0,335.0,348.0,349.0,380.0,383.0,393.0,405.0,442.0,455.0,468.0,480.0,487.0,488.0,515.0,629.0,632.0,634.0,674.0,679.0,723.0,747.0,769.0,815.0,825.0,828.0,830.0,837.0,851.0,851.0,856.0,877.0,890.0,904.0,928.0,928.0,928.0,933.0,965.0,968.0,969.0,
10.0,14.0,25.0,50.0,118.0,135.0,162.0,165.0,170.0,183.0,206.0,218.0,255.0,265.0,271.0,311.0,333.0,359.0,363.0,368.0,428.0,442.0,469.0,478.0,488.0,564.0,577.0,590.0,590.0,594.0,598.0,604.0,702.0,708.0,720.0,721.0,784.0,785.0,809.0,812.0,976.0,990.0,996.0,
76.0,115.0,150.0,216.0,241.0,251.0,265.0,300.0,342.0,369.0,383.0,389.0,476.0,562.0,577.0,580.0,605.0,627.0,722.0,814.0,816.0,838.0,894.0,929.0,
6.0,20.0,54.0,82.0,121.0,123.0,173.0,220.0,224.0,246.0,251.0,289.0,348.0,402.0,431.0,465.0,489.0,496.0,516.0,587.0,637.0,664.0,681.0,693.0,698.0,708.0,748.0,757.0,779.0,819.0,832.0,858.0,883.0,896.0,901.0,936.0,
18.0,26.0,44.0,89.0,91.0,92.0,120.0,144.0,220.0,275.0,296.0,305.0,320.0,324.0,423.0,426.0,427.0,435.0,451.0,462.0,467.0,536.0,540.0,567.0,578.0,607.0,608.0,640.0,710.0,728.0,752.0,810.0,830.0,858.0,893.0,911.0,936.0,940.0,945.0,946.0,950.0,
4.0,43.0,109.0,128.0,151.0,152.0,169.0,309.0,374.0,390.0,450.0,455.0,548.0,644.0,646.0,655.0,714.0,715.0,718.0,725.0,827.0,854.0,855.0,878.0,905.0,906.0,930.0,949.0,962.0,964.0,973.0,977.0,
5.0,8.0,20.0,36.0,65.0,72.0,72.0,130.0,140.0,167.0,182.0,187.0,209.0,212.0,214.0,238.0,271.0,299.0,305.0,325.0,332.0,391.0,398.0,408.0,429.0,435.0,440.0,455.0,497.0,504.0,517.0,561.0,621.0,626.0,644.0,690.0,772.0,781.0,809.0,812.0,867.0,872.0,878.0,899.0,925.0,929.0,980.0,981.0,
25.0,76.0,111.0,118.0,119.0,135.0,137.0,146.0,157.0,200.0,215.0,227.0,250.0,259.0,283.0,293.0,304.0,309.0,325.0,345.0,392.0,416.0,421.0,449.0,501.0,506.0,545.0,605.0,617.0,658.0,723.0,726.0,729.0,729.0,740.0,775.0,786.0,796.0,798.0,814.0,815.0,823.0,901.0,932.0,947.0,960.0,999.0,999.0,
56.0,56.0,62.0,102.0,109.0,168.0,171.0,208.0,216.0,223.0,237.0,298.0,303.0,320.0,349.0,394.0,412.0,416.0,436.0,457.0,525.0,542.0,608.0,619.0,688.0,696.0,711.0,713.0,715.0,802.0,818.0,844.0,847.0,854.0,876.0,884.0,913.0,969.0,
23.0,124.0,148.0,155.0,179.0,203.0,344.0,444.0,454.0,500.0,569.0,573.0,592.0,609.0,666.0,687.0,696.0,705.0,708.0,722.0,723.0,750.0,767.0,925.0,975.0,
9.0,37.0,82.0,104.0,167.0,191.0,242.0,262.0,281.0,300.0,307.0,384.0,387.0,423.0,476.0,481.0,484.0,551.0,578.0,606.0,628.0,631.0,695.0,725.0,728.0,772.0,785.0,795.0,819.0,853.0,860.0,860.0,899.0,943.0,
61.0,66.0,105.0,149.0,183.0,188.0,205.0,227.0,244.0,270.0,286.0,304.0,331.0,353.0,359.0,373.0,377.0,479.0,541.0,545.0,611.0,619.0,630.0,633.0,641.0,647.0,669.0,721.0,825.0,863.0,869.0,957.0,964.0,
8.0,50.0,95.0,121.0,125.0,156.0,178.0,255.0,339.0,366.0,399.0,419.0,428.0,535.0,536.0,557.0,608.0,622.0,645.0,659.0,671.0,694.0,745.0,762.0,781.0,782.0,831.0,847.0,890.0,944.0,953.0,
8.0,22.0,26.0,97.0,134.0,184.0,194.0,207.0,218.0,219.0,237.0,242.0,255.0,326.0,338.0,359.0,376.0,396.0,412.0,433.0,443.0,448.0,482.0,487.0,529.0,554.0,609.0,610.0,616.0,627.0,687.0,697.0,707.0,740.0,760.0,780.0,873.0,985.0,
4.0,42.0,61.0,68.0,78.0,125.0,184.0,192.0,215.0,218.0,245.0,250.0,277.0,289.0,327.0,452.0,452.0,458.0,460.0,466.0,472.0,476.0,493.0,508.0,517.0,546.0,583.0,600.0,615.0,702.0,837.0,842.0,874.0,948.0,979.0,
9.0,10.0,22.0,37.0,49.0,69.0,79.0,84.0,113.0,189.0,237.0,258.0,282.0,288.0,366.0,386.0,388.0,420.0,433.0,452.0,455.0,456.0,460.0,473.0,509.0,538.0,548.0,565.0,585.0,607.0,625.0,650.0,657.0,660.0,664.0,686.0,710.0,746.0,759.0,774.0,789.0,802.0,863.0,870.0,905.0,954.0,963.0,
21.0,30.0,43.0,48.0,219.0,241.0,287.0,290.0,332.0,367.0,381.0,396.0,429.0,468.0,510.0,540.0,604.0,616.0,638.0,651.0,656.0,671.0,675.0,754.0,758.0,852.0,874.0,946.0,956.0,964.0,975.0,
7.0,14.0,59.0,62.0,97.0,130.0,194.0,256.0,284.0,315.0,337.0,345.0,362.0,384.0,402.0,456.0,468.0,472.0,473.0,498.0,501.0,527.0,580.0,604.0,615.0,630.0,633.0,679.0,710.0,721.0,731.0,737.0,739.0,745.0,846.0,866.0,866.0,924.0,980.0,
2.0,8.0,12.0,40.0,96.0,104.0,129.0,132.0,148.0,178.0,295.0,316.0,346.0,366.0,410.0,426.0,554.0,598.0,601.0,605.0,606.0,621.0,734.0,747.0,750.0,762.0,766.0,795.0,804.0,837.0,870.0,944.0,945.0,952.0,996.0,
8.0,43.0,86.0,89.0,148.0,153.0,190.0,200.0,209.0,212.0,257.0,260.0,261.0,277.0,290.0,301.0,371.0,401.0,430.0,442.0,442.0,446.0,450.0,469.0,477.0,494.0,527.0,534.0,566.0,581.0,586.0,597.0,654.0,658.0,670.0,689.0,693.0,696.0,701.0,789.0,809.0,811.0,826.0,843.0,852.0,855.0,866.0,924.0,932.0,933.0,964.0,966.0,
21.0,74.0,84.0,91.0,106.0,115.0,135.0,206.0,211.0,218.0,238.0,271.0,354.0,371.0,394.0,400.0,414.0,481.0,481.0,512.0,530.0,590.0,665.0,785.0,819.0,832.0,870.0,877.0,893.0,907.0,908.0,908.0,911.0,914.0,941.0,942.0,
7.0,36.0,91.0,162.0,167.0,230.0,234.0,271.0,275.0,321.0,321.0,360.0,361.0,383.0,440.0,453.0,458.0,481.0,501.0,517.0,523.0,525.0,548.0,554.0,571.0,682.0,755.0,766.0,776.0,791.0,797.0,803.0,810.0,835.0,849.0,900.0,914.0,965.0,
23.0,93.0,116.0,168.0,183.0,186.0,208.0,212.0,218.0,218.0,232.0,248.0,255.0,263.0,287.0,316.0,323.0,330.0,335.0,358.0,359.0,385.0,432.0,451.0,461.0,464.0,465.0,469.0,469.0,479.0,482.0,498.0,506.0,563.0,599.0,634.0,653.0,692.0,693.0,697.0,734.0,787.0,788.0,890.0,903.0,905.0,911.0,926.0,931.0,969.0,977.0,
29.0,45.0,69.0,94.0,154.0,166.0,182.0,194.0,195.0,206.0,275.0,304.0,315.0,364.0,375.0,378.0,389.0,425.0,470.0,503.0,521.0,539.0,541.0,601.0,660.0,664.0,703.0,742.0,744.0,754.0,768.0,770.0,879.0,901.0,947.0,983.0,
50.0,55.0,76.0,91.0,93.0,127.0,153.0,182.0,243.0,252.0,317.0,319.0,321.0,368.0,386.0,416.0,449.0,455.0,488.0,496.0,528.0,538.0,544.0,563.0,563.0,575.0,590.0,596.0,599.0,606.0,611.0,634.0,641.0,669.0,681.0,683.0,747.0,754.0,762.0,813.0,815.0,835.0,860.0,862.0,920.0,942.0,
28.0,52.0,119.0,177.0,231.0,276.0,287.0,305.0,322.0,375.0,376.0,413.0,540.0,572.0,583.0,592.0,601.0,630.0,639.0,649.0,665.0,665.0,694.0,698.0,728.0,756.0,804.0,822.0,831.0,845.0,857.0,875.0,880.0,888.0,907.0,911.0,979.0,
12.0,26.0,30.0,53.0,65.0,142.0,259.0,267.0,322.0,322.0,361.0,365.0,371.0,412.0,427.0,505.0,574.0,575.0,697.0,719.0,725.0,751.0,781.0,909.0,912.0,924.0,996.0,
13.0,30.0,54.0,78.0,83.0,86.0,94.0,100.0,172.0,229.0,280.0,349.0,353.0,370.0,396.0,436.0,440.0,468.0,489.0,503.0,608.0,654.0,662.0,691.0,712.0,805.0,821.0,911.0,925.0,942.0,953.0,965.0,
40.0,60.0,61.0,69.0,153.0,167.0,200.0,219.0,250.0,268.0,277.0,307.0,316.0,318.0,348.0,369.0,420.0,442.0,580.0,650.0,659.0,660.0,689.0,706.0,760.0,781.0,785.0,809.0,856.0,864.0,895.0,935.0,953.0,
30.0,108.0,109.0,122.0,168.0,212.0,247.0,269.0,283.0,318.0,363.0,379.0,426.0,431.0,448.0,448.0,457.0,492.0,496.0,510.0,552.0,584.0,589.0,592.0,619.0,629.0,644.0,654.0,722.0,793.0,807.0,850.0,874.0,882.0,885.0,893.0,908.0,951.0,979.0,987.0,998.0,
31.0,66.0,82.0,142.0,145.0,222.0,228.0,236.0,254.0,262.0,270.0,287.0,295.0,305.0,312.0,316.0,351.0,363.0,366.0,372.0,396.0,407.0,431.0,434.0,440.0,449.0,483.0,502.0,539.0,551.0,602.0,604.0,646.0,756.0,816.0,834.0,839.0,878.0,884.0,920.0,926.0,935.0,935.0,944.0,946.0,953.0,958.0,982.0,983.0,
24.0,38.0,45.0,63.0,73.0,112.0,133.0,196.0,277.0,277.0,291.0,318.0,320.0,331.0,354.0,355.0,381.0,409.0,413.0,418.0,430.0,435.0,445.0,445.0,511.0,555.0,557.0,577.0,597.0,610.0,619.0,680.0,683.0,690.0,712.0,715.0,728.0,730.0,734.0,744.0,746.0,768.0,802.0,831.0,843.0,886.0,892.0,920.0,975.0,991.0,996.0,
45.0,95.0,111.0,128.0,201.0,229.0,239.0,242.0,262.0,279.0,318.0,331.0,356.0,365.0,375.0,383.0,392.0,398.0,398.0,429.0,481.0,492.0,503.0,508.0,519.0,555.0,562.0,562.0,564.0,585.0,616.0,620.0,633.0,645.0,769.0,804.0,877.0,989.0,
49.0,54.0,76.0,97.0,133.0,162.0,185.0,195.0,198.0,210.0,229.0,236.0,248.0,272.0,288.0,296.0,296.0,326.0,327.0,328.0,331.0,364.0,457.0,463.0,478.0,537.0,546.0,577.0,589.0,621.0,689.0,714.0,731.0,802.0,807.0,843.0,882.0,929.0,970.0,989.0,
41.0,75.0,93.0,100.0,123.0,146.0,173.0,196.0,197.0,231.0,309.0,336.0,338.0,342.0,355.0,378.0,398.0,460.0,463.0,468.0,545.0,573.0,586.0,646.0,667.0,772.0,776.0,859.0,863.0,883.0,886.0,894.0,969.0,979.0,
54.0,148.0,149.0,184.0,252.0,258.0,276.0,288.0,331.0,377.0,413.0,427.0,440.0,450.0,489.0,525.0,535.0,594.0,611.0,612.0,613.0,656.0,696.0,743.0,777.0,790.0,936.0,973.0,
38.0,55.0,70.0,88.0,132.0,183.0,204.0,248.0,271.0,351.0,376.0,452.0,466.0,513.0,513.0,516.0,535.0,538.0,541.0,549.0,552.0,555.0,559.0,570.0,574.0,577.0,581.0,583.0,588.0,594.0,602.0,605.0,638.0,698.0,709.0,715.0,722.0,724.0,747.0,785.0,817.0,830.0,852.0,859.0,877.0,888.0,910.0,965.0,987.0,990.0,
15.0,29.0,63.0,74.0,139.0,149.0,151.0,219.0,240.0,269.0,271.0,289.0,317.0,359.0,382.0,448.0,465.0,488.0,508.0,605.0,639.0,680.0,683.0,771.0,783.0,795.0,808.0,848.0,881.0,904.0,915.0,922.0,936.0,989.0,
16.0,17.0,27.0,31.0,50.0,69.0,151.0,202.0,205.0,230.0,253.0,294.0,308.0,367.0,394.0,423.0,434.0,468.0,585.0,619.0,645.0,685.0,698.0,698.0,746.0,767.0,827.0,866.0,922.0,959.0,982.0,984.0,
2.0,22.0,28.0,53.0,106.0,213.0,232.0,252.0,257.0,278.0,286.0,307.0,310.0,323.0,379.0,385.0,393.0,397.0,480.0,525.0,542.0,582.0,584.0,594.0,623.0,628.0,632.0,689.0,720.0,781.0,795.0,799.0,862.0,890.0,899.0,903.0,931.0,971.0,977.0,978.0,
11.0,47.0,60.0,91.0,140.0,179.0,196.0,240.0,253.0,275.0,278.0,338.0,403.0,416.0,428.0,489.0,495.0,505.0,545.0,574.0,592.0,639.0,673.0,717.0,731.0,732.0,756.0,780.0,865.0,894.0,933.0,968.0,
4.0,104.0,108.0,137.0,161.0,168.0,239.0,244.0,270.0,286.0,302.0,373.0,413.0,434.0,461.0,490.0,568.0,576.0,610.0,623.0,623.0,659.0,661.0,673.0,678.0,694.0,703.0,714.0,761.0,772.0,778.0,785.0,795.0,808.0,810.0,829.0,840.0,853.0,905.0,981.0,986.0,992.0,
39.0,54.0,89.0,97.0,161.0,213.0,218.0,246.0,275.0,294.0,352.0,447.0,491.0,516.0,545.0,590.0,599.0,627.0,688.0,734.0,742.0,770.0,810.0,826.0,845.0,854.0,865.0,875.0,879.0,893.0,954.0,961.0,
13.0,37.0,49.0,53.0,70.0,108.0,130.0,139.0,151.0,177.0,216.0,224.0,268.0,280.0,331.0,360.0,362.0,368.0,409.0,461.0,464.0,488.0,494.0,513.0,524.0,531.0,538.0,571.0,597.0,621.0,632.0,712.0,728.0,763.0,793.0,838.0,840.0,851.0,861.0,894.0,913.0,945.0,977.0,980.0,991.0,
48.0,55.0,68.0,128.0,163.0,180.0,195.0,209.0,211.0,212.0,228.0,230.0,265.0,332.0,344.0,375.0,394.0,410.0,442.0,487.0,489.0,497.0,631.0,671.0,678.0,680.0,681.0,696.0,735.0,750.0,830.0,834.0,979.0,989.0,994.0,
23.0,30.0,97.0,105.0,118.0,131.0,251.0,257.0,328.0,340.0,354.0,392.0,397.0,420.0,425.0,466.0,515.0,535.0,541.0,553.0,561.0,585.0,599.0,604.0,643.0,646.0,649.0,649.0,651.0,705.0,713.0,716.0,741.0,799.0,810.0,895.0,930.0,930.0,979.0,980.0,997.0,
22.0,59.0,179.0,218.0,225.0,248.0,254.0,315.0,333.0,343.0,386.0,404.0,447.0,479.0,481.0,505.0,505.0,511.0,512.0,518.0,530.0,531.0,531.0,546.0,550.0,553.0,602.0,605.0,623.0,656.0,671.0,714.0,726.0,732.0,734.0,738.0,739.0,746.0,748.0,748.0,751.0,771.0,774.0,785.0,788.0,790.0,797.0,802.0,811.0,814.0,828.0,834.0,857.0,865.0,868.0,870.0,890.0,894.0,897.0,899.0,914.0,930.0,933.0,937.0,944.0,954.0,967.0,975.0,
76.0,83.0,90.0,102.0,104.0,123.0,189.0,197.0,221.0,257.0,272.0,404.0,404.0,425.0,432.0,446.0,540.0,568.0,569.0,574.0,605.0,613.0,630.0,683.0,730.0,774.0,775.0,819.0,831.0,848.0,855.0,894.0,972.0,975.0,
2.0,15.0,63.0,136.0,152.0,230.0,263.0,281.0,292.0,309.0,316.0,365.0,419.0,539.0,550.0,555.0,729.0,738.0,748.0,817.0,937.0,942.0,944.0,985.0,
30.0,33.0,69.0,119.0,176.0,207.0,294.0,316.0,317.0,343.0,460.0,494.0,501.0,535.0,537.0,565.0,578.0,589.0,603.0,607.0,625.0,639.0,655.0,678.0,694.0,746.0,797.0,828.0,842.0,895.0,918.0,926.0,928.0,940.0,950.0,963.0,965.0,997.0,
47.0,76.0,76.0,112.0,113.0,120.0,167.0,220.0,224.0,291.0,330.0,367.0,403.0,408.0,448.0,475.0,477.0,494.0,525.0,527.0,531.0,570.0,581.0,685.0,722.0,773.0,906.0,937.0,
11.0,52.0,57.0,67.0,106.0,108.0,116.0,118.0,122.0,125.0,157.0,165.0,295.0,297.0,300.0,305.0,307.0,374.0,384.0,388.0,389.0,415.0,445.0,509.0,520.0,522.0,557.0,608.0,647.0,674.0,677.0,679.0,704.0,713.0,716.0,758.0,813.0,841.0,845.0,867.0,904.0,
105.0,140.0,174.0,213.0,214.0,262.0,310.0,328.0,346.0,407.0,441.0,479.0,576.0,589.0,608.0,638.0,642.0,650.0,659.0,680.0,692.0,723.0,724.0,758.0,780.0,797.0,865.0,878.0,903.0,910.0,921.0,988.0,
80.0,87.0,114.0,127.0,130.0,151.0,261.0,272.0,281.0,304.0,323.0,336.0,414.0,453.0,494.0,501.0,542.0,553.0,567.0,601.0,634.0,641.0,737.0,762.0,800.0,862.0,866.0,873.0,879.0,889.0,956.0,961.0,967.0,977.0,
29.0,54.0,65.0,68.0,93.0,105.0,106.0,196.0,228.0,290.0,310.0,377.0,379.0,443.0,510.0,525.0,527.0,552.0,572.0,575.0,598.0,623.0,717.0,724.0,784.0,797.0,804.0,814.0,820.0,826.0,830.0,839.0,847.0,857.0,863.0,874.0,953.0,
29.0,52.0,70.0,189.0,200.0,239.0,243.0,244.0,245.0,249.0,251.0,359.0,382.0,405.0,429.0,446.0,466.0,515.0,536.0,567.0,615.0,638.0,652.0,657.0,698.0,721.0,737.0,745.0,759.0,761.0,809.0,860.0,951.0,954.0,969.0,983.0,996.0,
4.0,12.0,19.0,22.0,103.0,148.0,191.0,191.0,200.0,218.0,281.0,281.0,299.0,324.0,342.0,345.0,403.0,418.0,439.0,448.0,472.0,476.0,525.0,554.0,568.0,587.0,625.0,647.0,648.0,669.0,677.0,684.0,691.0,693.0,701.0,705.0,717.0,718.0,749.0,763.0,782.0,815.0,824.0,833.0,846.0,860.0,892.0,944.0,962.0,990.0,
75.0,98.0,112.0,162.0,216.0,226.0,235.0,322.0,328.0,350.0,429.0,467.0,472.0,494.0,497.0,514.0,539.0,584.0,642.0,680.0,682.0,713.0,736.0,814.0,869.0,875.0,911.0,955.0,
19.0,23.0,39.0,45.0,47.0,72.0,74.0,77.0,226.0,261.0,316.0,329.0,345.0,367.0,389.0,393.0,414.0,434.0,434.0,442.0,472.0,520.0,523.0,563.0,652.0,664.0,670.0,722.0,723.0,769.0,770.0,821.0,843.0,857.0,917.0,925.0,932.0,951.0,978.0,
28.0,36.0,230.0,271.0,287.0,305.0,318.0,326.0,338.0,349.0,414.0,503.0,505.0,524.0,541.0,541.0,545.0,564.0,565.0,571.0,575.0,576.0,600.0,651.0,674.0,676.0,724.0,765.0,802.0,814.0,842.0,906.0,915.0,933.0,935.0,942.0,949.0,974.0,986.0,
49.0,54.0,63.0,96.0,127.0,128.0,144.0,182.0,258.0,287.0,310.0,318.0,333.0,361.0,387.0,406.0,428.0,431.0,437.0,450.0,458.0,470.0,502.0,548.0,636.0,666.0,719.0,725.0,743.0,751.0,759.0,787.0,792.0,793.0,849.0,877.0,964.0,976.0,984.0,
5.0,21.0,41.0,75.0,104.0,139.0,249.0,267.0,363.0,454.0,490.0,497.0,500.0,504.0,507.0,545.0,546.0,600.0,618.0,638.0,672.0,674.0,681.0,686.0,730.0,735.0,770.0,779.0,1000.0,
8.0,31.0,71.0,89.0,113.0,146.0,160.0,169.0,170.0,182.0,193.0,247.0,282.0,334.0,415.0,416.0,424.0,426.0,441.0,460.0,469.0,503.0,535.0,591.0,622.0,640.0,700.0,709.0,731.0,755.0,804.0,818.0,820.0,853.0,859.0,922.0,
35.0,69.0,72.0,78.0,80.0,124.0,139.0,156.0,218.0,228.0,251.0,266.0,273.0,277.0,317.0,338.0,418.0,453.0,497.0,525.0,539.0,615.0,648.0,657.0,660.0,689.0,692.0,692.0,737.0,744.0,745.0,759.0,762.0,765.0,802.0,805.0,812.0,929.0,952.0,956.0,957.0,969.0,971.0,
7.0,9.0,29.0,144.0,165.0,168.0,194.0,236.0,263.0,331.0,336.0,351.0,376.0,388.0,450.0,480.0,540.0,541.0,593.0,616.0,620.0,628.0,632.0,634.0,655.0,760.0,773.0,784.0,832.0,835.0,910.0,925.0,
32.0,35.0,98.0,152.0,178.0,200.0,240.0,257.0,265.0,320.0,360.0,364.0,377.0,414.0,454.0,472.0,502.0,528.0,532.0,602.0,629.0,635.0,741.0,768.0,770.0,771.0,824.0,825.0,884.0,947.0,950.0,981.0,
29.0,32.0,35.0,60.0,261.0,345.0,355.0,369.0,378.0,400.0,410.0,490.0,492.0,503.0,505.0,563.0,576.0,589.0,672.0,702.0,714.0,759.0,821.0,829.0,895.0,897.0,911.0,996.0,
10.0,148.0,171.0,183.0,191.0,223.0,249.0,294.0,393.0,418.0,427.0,448.0,455.0,502.0,508.0,513.0,519.0,542.0,588.0,616.0,626.0,643.0,669.0,673.0,674.0,704.0,732.0,770.0,779.0,813.0,971.0,995.0,
15.0,21.0,24.0,56.0,64.0,94.0,109.0,133.0,169.0,178.0,220.0,223.0,230.0,231.0,243.0,258.0,268.0,274.0,281.0,313.0,327.0,342.0,350.0,352.0,354.0,355.0,367.0,411.0,421.0,483.0,483.0,528.0,574.0,579.0,639.0,653.0,666.0,670.0,739.0,740.0,750.0,789.0,826.0,834.0,899.0,907.0,943.0,
28.0,40.0,48.0,63.0,77.0,84.0,85.0,113.0,160.0,170.0,192.0,207.0,215.0,222.0,249.0,297.0,300.0,343.0,389.0,391.0,409.0,431.0,458.0,548.0,599.0,631.0,637.0,648.0,671.0,675.0,682.0,740.0,788.0,822.0,840.0,861.0,899.0,904.0,923.0,934.0,973.0,995.0,
71.0,86.0,112.0,114.0,117.0,153.0,160.0,181.0,182.0,246.0,256.0,274.0,289.0,310.0,310.0,311.0,335.0,373.0,377.0,400.0,421.0,481.0,506.0,512.0,513.0,546.0,548.0,561.0,590.0,605.0,645.0,651.0,674.0,715.0,719.0,751.0,777.0,783.0,840.0,866.0,906.0,913.0,923.0,950.0,986.0,991.0,
62.0,132.0,145.0,164.0,171.0,274.0,321.0,326.0,366.0,391.0,400.0,546.0,556.0,564.0,586.0,618.0,635.0,684.0,705.0,801.0,811.0,866.0,888.0,898.0,898.0,925.0,944.0,951.0,980.0,993.0,
79.0,92.0,166.0,206.0,239.0,381.0,463.0,485.0,491.0,505.0,548.0,622.0,631.0,633.0,665.0,682.0,686.0,716.0,747.0,774.0,815.0,831.0,868.0,895.0,901.0,911.0,934.0,942.0,946.0,952.0,980.0,995.0,997.0,
55.0,87.0,153.0,155.0,168.0,207.0,215.0,267.0,277.0,289.0,357.0,408.0,456.0,473.0,480.0,550.0,564.0,595.0,614.0,616.0,618.0,622.0,625.0,684.0,739.0,745.0,812.0,836.0,863.0,898.0,920.0,938.0,
10.0,13.0,80.0,97.0,103.0,127.0,132.0,203.0,254.0,261.0,310.0,319.0,358.0,419.0,430.0,471.0,473.0,478.0,478.0,485.0,517.0,583.0,677.0,726.0,755.0,773.0,781.0,897.0,913.0,919.0,
15.0,30.0,33.0,62.0,65.0,94.0,157.0,239.0,268.0,337.0,356.0,390.0,408.0,412.0,436.0,444.0,461.0,482.0,531.0,610.0,687.0,699.0,705.0,726.0,774.0,784.0,841.0,875.0,957.0,959.0,965.0,973.0,
2.0,5.0,7.0,41.0,57.0,60.0,71.0,85.0,85.0,97.0,103.0,104.0,140.0,160.0,173.0,194.0,225.0,237.0,312.0,354.0,354.0,385.0,454.0,456.0,458.0,470.0,478.0,500.0,532.0,580.0,588.0,609.0,620.0,699.0,727.0,728.0,769.0,798.0,800.0,818.0,823.0,868.0,871.0,943.0,998.0,999.0,1000.0,
8.0,45.0,64.0,73.0,74.0,95.0,122.0,166.0,179.0,235.0,245.0,248.0,265.0,303.0,327.0,345.0,358.0,366.0,375.0,385.0,408.0,410.0,514.0,524.0,539.0,548.0,613.0,624.0,637.0,720.0,722.0,765.0,810.0,860.0,860.0,865.0,890.0,912.0,982.0,
5.0,101.0,106.0,119.0,127.0,186.0,198.0,271.0,285.0,296.0,301.0,303.0,321.0,357.0,371.0,375.0,378.0,507.0,518.0,518.0,534.0,555.0,565.0,629.0,632.0,638.0,698.0,764.0,782.0,784.0,801.0,909.0,956.0,964.0,
49.0,51.0,57.0,60.0,66.0,71.0,77.0,80.0,102.0,130.0,137.0,146.0,158.0,171.0,183.0,195.0,262.0,267.0,281.0,339.0,368.0,385.0,392.0,396.0,403.0,442.0,448.0,506.0,517.0,517.0,598.0,602.0,622.0,727.0,733.0,745.0,758.0,815.0,881.0,893.0,962.0,967.0,
37.0,62.0,77.0,106.0,116.0,123.0,153.0,189.0,194.0,194.0,212.0,251.0,271.0,300.0,388.0,423.0,430.0,466.0,496.0,581.0,585.0,587.0,598.0,603.0,638.0,653.0,665.0,688.0,691.0,711.0,729.0,763.0,776.0,860.0,901.0,910.0,958.0,965.0,992.0,
5.0,13.0,19.0,55.0,103.0,185.0,225.0,247.0,248.0,327.0,331.0,350.0,427.0,476.0,502.0,502.0,537.0,552.0,558.0,601.0,604.0,607.0,635.0,637.0,697.0,700.0,713.0,739.0,750.0,752.0,803.0,818.0,902.0,905.0,963.0,975.0,993.0,
79.0,105.0,112.0,161.0,191.0,192.0,262.0,311.0,336.0,349.0,349.0,363.0,366.0,377.0,436.0,467.0,467.0,472.0,480.0,546.0,560.0,561.0,566.0,592.0,668.0,670.0,759.0,764.0,782.0,803.0,875.0,911.0,913.0,942.0,960.0,
41.0,60.0,75.0,91.0,112.0,133.0,152.0,153.0,166.0,179.0,232.0,238.0,248.0,265.0,274.0,294.0,335.0,357.0,371.0,415.0,445.0,453.0,458.0,481.0,490.0,558.0,571.0,684.0,703.0,715.0,725.0,742.0,747.0,781.0,782.0,844.0,888.0,901.0,958.0,962.0,969.0,984.0,
13.0,16.0,57.0,86.0,88.0,95.0,179.0,219.0,262.0,302.0,346.0,390.0,547.0,584.0,660.0,668.0,678.0,685.0,717.0,736.0,773.0,793.0,799.0,830.0,832.0,840.0,851.0,884.0,900.0,968.0,
30.0,44.0,180.0,189.0,258.0,312.0,323.0,324.0,330.0,346.0,357.0,378.0,430.0,432.0,463.0,507.0,536.0,537.0,641.0,652.0,686.0,727.0,744.0,762.0,803.0,820.0,824.0,827.0,880.0,899.0,958.0,969.0,978.0,
19.0,28.0,31.0,54.0,70.0,81.0,94.0,139.0,190.0,199.0,212.0,226.0,234.0,237.0,248.0,253.0,271.0,343.0,343.0,362.0,404.0,424.0,498.0,507.0,547.0,556.0,570.0,591.0,598.0,629.0,643.0,657.0,677.0,743.0,765.0,770.0,831.0,849.0,852.0,855.0,858.0,858.0,887.0,890.0,913.0,916.0,924.0,930.0,994.0,
21.0,23.0,37.0,49.0,60.0,101.0,119.0,121.0,159.0,239.0,254.0,260.0,292.0,316.0,330.0,346.0,374.0,381.0,387.0,409.0,417.0,419.0,420.0,422.0,453.0,482.0,517.0,589.0,654.0,691.0,779.0,820.0,868.0,951.0,
46.0,81.0,93.0,142.0,186.0,207.0,251.0,267.0,279.0,312.0,342.0,345.0,362.0,376.0,383.0,424.0,452.0,461.0,467.0,483.0,489.0,490.0,498.0,610.0,612.0,621.0,642.0,651.0,695.0,716.0,724.0,745.0,753.0,764.0,784.0,786.0,808.0,820.0,844.0,875.0,897.0,978.0,994.0,
7.0,18.0,56.0,86.0,99.0,104.0,133.0,138.0,211.0,250.0,266.0,384.0,421.0,423.0,431.0,436.0,445.0,459.0,472.0,540.0,541.0,572.0,643.0,645.0,683.0,709.0,735.0,789.0,799.0,813.0,857.0,879.0,881.0,906.0,913.0,952.0,966.0,
9.0,68.0,69.0,157.0,167.0,199.0,208.0,232.0,286.0,329.0,337.0,400.0,404.0,440.0,481.0,481.0,495.0,496.0,499.0,506.0,629.0,639.0,709.0,730.0,744.0,747.0,753.0,795.0,809.0,819.0,820.0,858.0,901.0,938.0,959.0,965.0,979.0,990.0,
