23.0,129.0,141.0,148.0,178.0,245.0,294.0,313.0,319.0,402.0,439.0,457.0,473.0,486.0,497.0,538.0,556.0,556.0,580.0,588.0,588.0,660.0,679.0,709.0,718.0,750.0,759.0,772.0,799.0,806.0,810.0,834.0,840.0,873.0,880.0,924.0,
16.0,31.0,35.0,42.0,83.0,89.0,94.0,101.0,168.0,169.0,183.0,197.0,221.0,275.0,277.0,311.0,315.0,332.0,333.0,345.0,371.0,384.0,404.0,427.0,437.0,443.0,483.0,503.0,571.0,629.0,631.0,633.0,635.0,695.0,708.0,844.0,870.0,875.0,940.0,970.0,984.0,987.0,
2.0,19.0,57.0,81.0,96.0,154.0,169.0,174.0,245.0,281.0,290.0,306.0,335.0,341.0,352.0,409.0,448.0,455.0,462.0,470.0,471.0,479.0,492.0,500.0,516.0,521.0,587.0,602.0,602.0,604.0,605.0,612.0,623.0,627.0,628.0,641.0,710.0,720.0,725.0,733.0,744.0,745.0,753.0,765.0,789.0,834.0,859.0,866.0,870.0,876.0,889.0,907.0,945.0,956.0,966.0,974.0,
3.0,28.0,36.0,47.0,92.0,109.0,123.0,162.0,170.0,184.0,187.0,268.0,323.0,324.0,350.0,351.0,365.0,414.0,421.0,424.0,432.0,433.0,436.0,455.0,469.0,472.0,476.0,482.0,484.0,565.0,592.0,610.0,620.0,627.0,639.0,667.0,689.0,720.0,744.0,752.0,778.0,790.0,802.0,818.0,845.0,963.0,
2.0,9.0,10.0,19.0,22.0,49.0,58.0,70.0,86.0,104.0,142.0,176.0,180.0,180.0,189.0,214.0,225.0,281.0,296.0,331.0,336.0,349.0,351.0,395.0,401.0,402.0,431.0,563.0,566.0,624.0,677.0,705.0,727.0,880.0,924.0,965.0,969.0,
38.0,101.0,107.0,119.0,165.0,189.0,232.0,341.0,380.0,392.0,420.0,434.0,455.0,486.0,508.0,529.0,573.0,609.0,619.0,660.0,689.0,758.0,804.0,854.0,875.0,886.0,887.0,931.0,942.0,
9.0,22.0,37.0,75.0,104.0,105.0,119.0,146.0,155.0,201.0,283.0,291.0,324.0,333.0,353.0,363.0,408.0,422.0,429.0,435.0,442.0,454.0,470.0,476.0,540.0,566.0,582.0,614.0,653.0,680.0,684.0,693.0,713.0,741.0,753.0,853.0,879.0,892.0,920.0,
43.0,66.0,74.0,108.0,149.0,157.0,175.0,190.0,198.0,230.0,237.0,284.0,300.0,302.0,321.0,349.0,361.0,376.0,442.0,449.0,454.0,474.0,476.0,488.0,491.0,493.0,596.0,605.0,629.0,665.0,665.0,689.0,738.0,754.0,761.0,782.0,838.0,849.0,850.0,902.0,918.0,919.0,924.0,932.0,942.0,950.0,966.0,968.0,974.0,989.0,
20.0,76.0,90.0,115.0,146.0,172.0,190.0,202.0,207.0,226.0,371.0,379.0,397.0,451.0,459.0,461.0,466.0,509.0,519.0,579.0,635.0,664.0,706.0,805.0,810.0,829.0,841.0,857.0,858.0,862.0,894.0,949.0,
16.0,22.0,66.0,96.0,110.0,111.0,147.0,156.0,182.0,202.0,216.0,284.0,325.0,349.0,374.0,419.0,435.0,451.0,452.0,493.0,508.0,508.0,521.0,528.0,530.0,583.0,594.0,684.0,693.0,772.0,832.0,843.0,859.0,894.0,894.0,905.0,941.0,956.0,979.0,990.0,
3.0,12.0,65.0,76.0,116.0,154.0,167.0,274.0,275.0,280.0,328.0,392.0,405.0,433.0,512.0,542.0,582.0,583.0,621.0,622.0,640.0,686.0,771.0,779.0,822.0,859.0,903.0,904.0,905.0,935.0,
42.0,103.0,105.0,184.0,307.0,357.0,381.0,494.0,526.0,559.0,590.0,609.0,620.0,622.0,635.0,644.0,645.0,654.0,701.0,721.0,846.0,863.0,869.0,894.0,899.0,908.0,913.0,921.0,966.0,971.0,981.0,992.0,
14.0,26.0,43.0,64.0,80.0,86.0,107.0,130.0,130.0,135.0,196.0,248.0,279.0,286.0,301.0,308.0,336.0,350.0,376.0,379.0,467.0,488.0,609.0,644.0,675.0,677.0,700.0,703.0,707.0,778.0,779.0,784.0,833.0,896.0,940.0,993.0,
7.0,69.0,112.0,136.0,168.0,204.0,225.0,271.0,315.0,372.0,406.0,406.0,419.0,425.0,428.0,429.0,490.0,495.0,504.0,515.0,555.0,564.0,614.0,642.0,646.0,657.0,685.0,712.0,732.0,767.0,801.0,802.0,825.0,842.0,863.0,933.0,986.0,
29.0,94.0,194.0,273.0,275.0,277.0,293.0,338.0,369.0,405.0,431.0,444.0,452.0,466.0,475.0,483.0,514.0,554.0,556.0,588.0,591.0,600.0,606.0,641.0,643.0,711.0,728.0,797.0,926.0,944.0,967.0,979.0,
35.0,125.0,151.0,157.0,169.0,173.0,214.0,292.0,302.0,308.0,310.0,375.0,389.0,477.0,496.0,514.0,534.0,631.0,646.0,657.0,713.0,715.0,720.0,725.0,765.0,801.0,811.0,811.0,815.0,850.0,867.0,890.0,908.0,950.0,981.0,
70.0,114.0,254.0,265.0,266.0,269.0,299.0,303.0,315.0,327.0,394.0,401.0,413.0,465.0,500.0,514.0,628.0,639.0,697.0,764.0,843.0,909.0,946.0,947.0,959.0,964.0,968.0,988.0,989.0,
45.0,69.0,72.0,123.0,157.0,163.0,209.0,213.0,215.0,223.0,273.0,332.0,352.0,414.0,421.0,444.0,471.0,522.0,527.0,530.0,540.0,555.0,581.0,598.0,607.0,649.0,673.0,675.0,704.0,712.0,752.0,798.0,819.0,840.0,857.0,974.0,
23.0,63.0,89.0,110.0,120.0,132.0,135.0,176.0,200.0,222.0,249.0,250.0,290.0,313.0,320.0,327.0,419.0,434.0,438.0,457.0,483.0,490.0,494.0,500.0,540.0,628.0,630.0,649.0,653.0,661.0,668.0,683.0,693.0,730.0,750.0,765.0,786.0,818.0,859.0,937.0,983.0,
3.0,11.0,16.0,22.0,45.0,46.0,66.0,79.0,94.0,126.0,173.0,185.0,235.0,240.0,253.0,261.0,264.0,394.0,397.0,400.0,406.0,408.0,437.0,450.0,481.0,522.0,523.0,533.0,577.0,600.0,621.0,628.0,653.0,866.0,919.0,922.0,959.0,
13.0,15.0,75.0,78.0,108.0,141.0,143.0,146.0,185.0,193.0,200.0,223.0,241.0,244.0,319.0,352.0,416.0,423.0,459.0,511.0,567.0,569.0,593.0,617.0,635.0,681.0,682.0,718.0,772.0,784.0,801.0,802.0,837.0,840.0,860.0,930.0,948.0,975.0,990.0,993.0,997.0,
48.0,51.0,80.0,133.0,168.0,184.0,201.0,264.0,278.0,323.0,338.0,435.0,440.0,452.0,468.0,472.0,490.0,569.0,575.0,613.0,667.0,690.0,735.0,790.0,807.0,852.0,856.0,921.0,947.0,956.0,982.0,988.0,999.0,
51.0,126.0,142.0,156.0,160.0,165.0,197.0,242.0,249.0,249.0,355.0,372.0,388.0,400.0,425.0,441.0,477.0,486.0,516.0,527.0,534.0,544.0,559.0,561.0,567.0,593.0,607.0,627.0,652.0,654.0,674.0,711.0,744.0,776.0,779.0,788.0,847.0,853.0,856.0,867.0,872.0,885.0,886.0,940.0,942.0,959.0,984.0,
17.0,36.0,44.0,99.0,159.0,175.0,179.0,211.0,232.0,264.0,281.0,297.0,306.0,334.0,337.0,340.0,402.0,408.0,417.0,442.0,445.0,448.0,449.0,463.0,467.0,520.0,523.0,541.0,553.0,559.0,563.0,564.0,585.0,608.0,610.0,695.0,696.0,728.0,739.0,739.0,748.0,801.0,802.0,809.0,841.0,865.0,868.0,912.0,958.0,966.0,998.0,
5.0,60.0,77.0,81.0,148.0,150.0,186.0,233.0,274.0,315.0,321.0,396.0,416.0,441.0,449.0,483.0,490.0,511.0,538.0,554.0,564.0,691.0,776.0,783.0,821.0,826.0,830.0,838.0,870.0,917.0,
15.0,29.0,109.0,146.0,154.0,180.0,196.0,234.0,237.0,266.0,289.0,304.0,358.0,373.0,404.0,446.0,489.0,499.0,555.0,583.0,603.0,605.0,643.0,690.0,691.0,777.0,801.0,811.0,818.0,891.0,905.0,925.0,993.0,
17.0,79.0,91.0,92.0,111.0,136.0,179.0,198.0,210.0,271.0,319.0,329.0,330.0,346.0,408.0,433.0,459.0,471.0,592.0,629.0,649.0,669.0,707.0,759.0,761.0,778.0,786.0,825.0,840.0,871.0,898.0,926.0,929.0,937.0,974.0,
78.0,91.0,98.0,111.0,118.0,157.0,163.0,165.0,264.0,267.0,283.0,301.0,350.0,393.0,397.0,636.0,646.0,655.0,666.0,670.0,698.0,701.0,753.0,779.0,793.0,800.0,818.0,824.0,835.0,859.0,880.0,902.0,907.0,932.0,957.0,968.0,968.0,996.0,1000.0,
3.0,28.0,61.0,72.0,78.0,177.0,196.0,219.0,324.0,331.0,358.0,362.0,367.0,452.0,480.0,510.0,512.0,572.0,602.0,605.0,627.0,671.0,726.0,791.0,838.0,871.0,951.0,975.0,998.0,
64.0,78.0,102.0,144.0,184.0,191.0,256.0,275.0,282.0,308.0,328.0,395.0,423.0,465.0,469.0,508.0,529.0,574.0,598.0,633.0,638.0,671.0,681.0,696.0,727.0,733.0,791.0,805.0,807.0,843.0,899.0,908.0,932.0,945.0,953.0,969.0,
83.0,148.0,161.0,180.0,216.0,216.0,223.0,224.0,269.0,286.0,331.0,345.0,391.0,394.0,425.0,444.0,477.0,501.0,508.0,536.0,537.0,542.0,546.0,555.0,570.0,571.0,577.0,619.0,620.0,657.0,666.0,760.0,901.0,904.0,906.0,974.0,976.0,
8.0,18.0,33.0,39.0,57.0,74.0,132.0,162.0,181.0,187.0,190.0,218.0,256.0,359.0,412.0,472.0,474.0,553.0,591.0,637.0,637.0,697.0,732.0,742.0,773.0,776.0,783.0,840.0,880.0,
11.0,13.0,24.0,79.0,102.0,106.0,222.0,242.0,254.0,376.0,403.0,435.0,448.0,461.0,484.0,517.0,527.0,539.0,559.0,560.0,613.0,646.0,693.0,759.0,761.0,795.0,797.0,868.0,926.0,956.0,971.0,975.0,
51.0,56.0,64.0,84.0,92.0,118.0,163.0,217.0,272.0,274.0,322.0,335.0,347.0,406.0,444.0,452.0,484.0,534.0,556.0,569.0,623.0,634.0,640.0,655.0,674.0,698.0,725.0,733.0,751.0,757.0,809.0,856.0,869.0,990.0,1000.0,
23.0,68.0,71.0,72.0,124.0,153.0,168.0,194.0,206.0,214.0,220.0,252.0,283.0,292.0,323.0,359.0,363.0,574.0,583.0,592.0,621.0,633.0,641.0,672.0,702.0,723.0,861.0,881.0,882.0,944.0,
46.0,135.0,142.0,152.0,168.0,174.0,180.0,196.0,216.0,250.0,266.0,375.0,388.0,398.0,441.0,458.0,474.0,481.0,485.0,500.0,531.0,540.0,563.0,566.0,601.0,626.0,667.0,707.0,732.0,757.0,808.0,824.0,854.0,873.0,922.0,942.0,944.0,972.0,
16.0,21.0,32.0,36.0,37.0,73.0,164.0,178.0,184.0,222.0,280.0,300.0,304.0,377.0,386.0,499.0,536.0,553.0,568.0,592.0,609.0,612.0,634.0,702.0,710.0,738.0,742.0,747.0,767.0,780.0,792.0,794.0,799.0,827.0,829.0,835.0,865.0,889.0,891.0,923.0,972.0,
27.0,145.0,193.0,247.0,267.0,278.0,302.0,311.0,347.0,374.0,380.0,418.0,426.0,434.0,444.0,543.0,593.0,615.0,659.0,697.0,727.0,768.0,799.0,848.0,870.0,903.0,937.0,956.0,966.0,993.0,
8.0,10.0,22.0,33.0,66.0,81.0,87.0,164.0,166.0,207.0,278.0,306.0,392.0,413.0,431.0,441.0,546.0,588.0,616.0,639.0,647.0,663.0,784.0,796.0,814.0,819.0,850.0,878.0,901.0,922.0,994.0,1000.0,
38.0,39.0,51.0,78.0,96.0,104.0,125.0,151.0,162.0,250.0,305.0,382.0,414.0,415.0,424.0,436.0,443.0,461.0,480.0,509.0,540.0,545.0,778.0,839.0,848.0,849.0,953.0,
5.0,11.0,29.0,38.0,92.0,95.0,96.0,207.0,248.0,258.0,282.0,283.0,283.0,316.0,332.0,337.0,369.0,390.0,396.0,457.0,487.0,503.0,512.0,534.0,546.0,547.0,566.0,662.0,666.0,698.0,735.0,742.0,756.0,774.0,776.0,776.0,794.0,798.0,803.0,842.0,848.0,875.0,893.0,896.0,905.0,910.0,913.0,948.0,961.0,980.0,987.0,992.0,996.0,
4.0,19.0,59.0,73.0,75.0,91.0,117.0,179.0,193.0,209.0,233.0,295.0,301.0,310.0,398.0,402.0,481.0,502.0,508.0,515.0,568.0,573.0,653.0,667.0,701.0,711.0,752.0,752.0,767.0,793.0,808.0,819.0,819.0,842.0,861.0,916.0,
22.0,27.0,55.0,58.0,78.0,105.0,145.0,148.0,150.0,163.0,176.0,188.0,195.0,267.0,362.0,412.0,442.0,450.0,486.0,491.0,536.0,542.0,547.0,550.0,552.0,582.0,610.0,618.0,620.0,638.0,662.0,707.0,721.0,753.0,815.0,863.0,880.0,927.0,957.0,978.0,978.0,
15.0,52.0,80.0,220.0,277.0,285.0,305.0,360.0,411.0,425.0,428.0,429.0,443.0,443.0,526.0,529.0,540.0,605.0,610.0,646.0,661.0,716.0,722.0,793.0,816.0,835.0,872.0,894.0,926.0,960.0,981.0,
2.0,10.0,16.0,29.0,80.0,115.0,135.0,157.0,159.0,162.0,178.0,199.0,249.0,256.0,267.0,345.0,353.0,356.0,383.0,387.0,454.0,479.0,489.0,492.0,492.0,504.0,505.0,513.0,538.0,584.0,612.0,660.0,665.0,667.0,690.0,692.0,724.0,743.0,772.0,774.0,783.0,802.0,827.0,836.0,870.0,998.0,
40.0,70.0,137.0,184.0,204.0,269.0,312.0,320.0,403.0,408.0,466.0,519.0,539.0,540.0,545.0,552.0,589.0,598.0,627.0,660.0,677.0,750.0,778.0,811.0,840.0,888.0,899.0,947.0,
2.0,4.0,20.0,41.0,51.0,65.0,106.0,109.0,124.0,141.0,177.0,179.0,208.0,209.0,215.0,221.0,228.0,234.0,244.0,295.0,360.0,388.0,398.0,431.0,444.0,491.0,530.0,544.0,552.0,560.0,575.0,576.0,577.0,611.0,621.0,641.0,666.0,709.0,723.0,762.0,784.0,804.0,821.0,834.0,866.0,926.0,927.0,961.0,973.0,980.0,993.0,
72.0,75.0,81.0,93.0,114.0,123.0,129.0,144.0,186.0,196.0,222.0,263.0,288.0,377.0,427.0,446.0,475.0,511.0,512.0,561.0,579.0,632.0,642.0,800.0,839.0,849.0,852.0,890.0,926.0,
32.0,32.0,104.0,140.0,156.0,172.0,223.0,244.0,252.0,253.0,265.0,369.0,395.0,412.0,509.0,531.0,562.0,579.0,582.0,601.0,661.0,710.0,713.0,756.0,805.0,815.0,833.0,837.0,851.0,857.0,887.0,
26.0,38.0,56.0,74.0,89.0,114.0,152.0,175.0,226.0,240.0,281.0,287.0,301.0,332.0,364.0,371.0,377.0,382.0,392.0,423.0,423.0,494.0,507.0,555.0,630.0,647.0,654.0,662.0,726.0,736.0,756.0,849.0,857.0,866.0,929.0,961.0,970.0,
14.0,17.0,21.0,25.0,27.0,77.0,122.0,192.0,194.0,244.0,269.0,300.0,313.0,333.0,337.0,350.0,358.0,362.0,378.0,512.0,513.0,525.0,533.0,554.0,568.0,569.0,581.0,628.0,633.0,646.0,743.0,807.0,816.0,881.0,883.0,913.0,925.0,959.0,972.0,996.0,1000.0,
14.0,21.0,28.0,35.0,36.0,66.0,70.0,72.0,83.0,98.0,125.0,149.0,160.0,264.0,328.0,337.0,341.0,422.0,436.0,530.0,684.0,725.0,726.0,730.0,755.0,839.0,846.0,869.0,881.0,885.0,889.0,908.0,915.0,932.0,943.0,950.0,951.0,959.0,978.0,
32.0,94.0,135.0,139.0,142.0,172.0,180.0,222.0,229.0,236.0,245.0,260.0,279.0,461.0,535.0,582.0,590.0,592.0,601.0,613.0,682.0,695.0,699.0,725.0,755.0,790.0,790.0,810.0,812.0,840.0,846.0,848.0,876.0,918.0,923.0,923.0,932.0,990.0,
48.0,62.0,75.0,109.0,111.0,146.0,220.0,250.0,251.0,284.0,331.0,389.0,437.0,446.0,472.0,502.0,541.0,595.0,597.0,609.0,649.0,785.0,788.0,828.0,858.0,859.0,865.0,900.0,923.0,
13.0,51.0,68.0,130.0,136.0,145.0,179.0,227.0,231.0,283.0,299.0,304.0,333.0,334.0,343.0,354.0,366.0,376.0,397.0,501.0,530.0,536.0,554.0,567.0,571.0,589.0,590.0,594.0,598.0,606.0,611.0,630.0,635.0,638.0,651.0,654.0,695.0,698.0,702.0,728.0,731.0,755.0,787.0,802.0,802.0,834.0,837.0,851.0,871.0,897.0,899.0,922.0,976.0,990.0,
8.0,10.0,11.0,83.0,89.0,93.0,108.0,138.0,211.0,215.0,300.0,308.0,320.0,347.0,359.0,380.0,409.0,419.0,421.0,422.0,424.0,475.0,486.0,520.0,529.0,530.0,531.0,532.0,536.0,538.0,538.0,565.0,571.0,586.0,586.0,594.0,598.0,610.0,614.0,627.0,651.0,652.0,655.0,659.0,666.0,689.0,705.0,722.0,728.0,739.0,744.0,754.0,782.0,809.0,810.0,830.0,832.0,833.0,843.0,846.0,850.0,859.0,875.0,876.0,880.0,886.0,893.0,901.0,903.0,908.0,923.0,938.0,939.0,940.0,990.0,992.0,
6.0,13.0,34.0,44.0,61.0,75.0,81.0,88.0,102.0,106.0,131.0,205.0,216.0,232.0,248.0,253.0,262.0,323.0,328.0,337.0,340.0,352.0,359.0,362.0,370.0,416.0,456.0,507.0,517.0,518.0,526.0,553.0,567.0,575.0,585.0,598.0,627.0,644.0,708.0,737.0,806.0,867.0,872.0,876.0,914.0,936.0,954.0,
11.0,15.0,18.0,21.0,27.0,38.0,97.0,144.0,144.0,151.0,177.0,208.0,223.0,232.0,252.0,259.0,369.0,382.0,384.0,426.0,441.0,489.0,504.0,545.0,547.0,554.0,624.0,639.0,722.0,736.0,752.0,762.0,763.0,844.0,900.0,924.0,934.0,
2.0,31.0,35.0,123.0,128.0,153.0,165.0,168.0,170.0,178.0,178.0,238.0,243.0,271.0,312.0,325.0,390.0,406.0,527.0,547.0,562.0,629.0,667.0,717.0,746.0,789.0,862.0,922.0,956.0,964.0,975.0,
49.0,63.0,112.0,167.0,187.0,212.0,218.0,237.0,290.0,310.0,310.0,337.0,340.0,360.0,367.0,368.0,413.0,417.0,418.0,451.0,480.0,491.0,579.0,616.0,645.0,650.0,660.0,696.0,774.0,941.0,949.0,951.0,954.0,962.0,978.0,
14.0,77.0,108.0,150.0,151.0,157.0,196.0,234.0,247.0,253.0,254.0,258.0,377.0,488.0,507.0,509.0,526.0,543.0,556.0,588.0,664.0,664.0,666.0,682.0,683.0,730.0,824.0,946.0,958.0,
29.0,36.0,38.0,53.0,75.0,129.0,133.0,151.0,188.0,211.0,212.0,225.0,234.0,250.0,291.0,333.0,372.0,403.0,420.0,425.0,434.0,434.0,464.0,492.0,495.0,512.0,567.0,605.0,622.0,626.0,684.0,783.0,785.0,797.0,814.0,816.0,869.0,943.0,955.0,975.0,979.0,
149.0,159.0,179.0,186.0,213.0,246.0,278.0,344.0,377.0,397.0,433.0,445.0,461.0,467.0,471.0,494.0,504.0,514.0,519.0,533.0,557.0,576.0,632.0,657.0,682.0,728.0,729.0,752.0,768.0,785.0,808.0,820.0,847.0,959.0,972.0,1000.0,
8.0,12.0,30.0,44.0,47.0,54.0,73.0,74.0,76.0,179.0,183.0,271.0,283.0,298.0,301.0,338.0,345.0,429.0,452.0,580.0,593.0,599.0,614.0,677.0,697.0,697.0,730.0,767.0,777.0,800.0,832.0,837.0,841.0,891.0,894.0,897.0,912.0,922.0,944.0,950.0,954.0,957.0,
25.0,31.0,32.0,61.0,70.0,121.0,125.0,151.0,188.0,211.0,229.0,301.0,307.0,405.0,464.0,471.0,542.0,629.0,753.0,759.0,815.0,841.0,857.0,897.0,957.0,969.0,982.0,
8.0,25.0,35.0,54.0,72.0,137.0,137.0,158.0,198.0,229.0,233.0,265.0,300.0,302.0,323.0,347.0,381.0,383.0,393.0,422.0,451.0,463.0,471.0,476.0,482.0,488.0,510.0,514.0,530.0,532.0,534.0,552.0,598.0,606.0,614.0,627.0,634.0,667.0,683.0,715.0,777.0,782.0,864.0,903.0,912.0,915.0,969.0,991.0,
51.0,63.0,77.0,77.0,91.0,119.0,121.0,133.0,164.0,180.0,196.0,276.0,279.0,322.0,389.0,391.0,397.0,407.0,465.0,509.0,522.0,522.0,546.0,589.0,612.0,616.0,679.0,690.0,704.0,711.0,745.0,752.0,773.0,842.0,913.0,
28.0,80.0,82.0,83.0,85.0,86.0,86.0,91.0,99.0,129.0,140.0,143.0,178.0,187.0,300.0,320.0,388.0,437.0,485.0,523.0,524.0,526.0,638.0,736.0,750.0,753.0,774.0,788.0,808.0,824.0,837.0,911.0,920.0,923.0,925.0,965.0,995.0,
15.0,18.0,35.0,50.0,57.0,64.0,67.0,102.0,195.0,204.0,204.0,256.0,299.0,303.0,357.0,383.0,416.0,583.0,640.0,653.0,654.0,664.0,735.0,783.0,790.0,844.0,859.0,875.0,908.0,928.0,968.0,976.0,982.0,993.0,
18.0,27.0,37.0,48.0,52.0,113.0,144.0,162.0,173.0,198.0,224.0,279.0,285.0,286.0,304.0,353.0,363.0,373.0,374.0,377.0,382.0,410.0,495.0,548.0,578.0,593.0,612.0,654.0,664.0,672.0,729.0,739.0,766.0,787.0,798.0,800.0,837.0,
9.0,33.0,57.0,89.0,91.0,92.0,104.0,178.0,179.0,180.0,325.0,328.0,387.0,390.0,406.0,407.0,420.0,421.0,445.0,458.0,529.0,629.0,645.0,675.0,733.0,735.0,766.0,767.0,769.0,784.0,807.0,857.0,858.0,877.0,911.0,914.0,963.0,
103.0,125.0,128.0,247.0,259.0,260.0,314.0,316.0,347.0,349.0,354.0,424.0,430.0,460.0,561.0,600.0,614.0,626.0,631.0,645.0,648.0,745.0,764.0,769.0,813.0,816.0,871.0,927.0,945.0,949.0,984.0,994.0,
14.0,44.0,52.0,74.0,98.0,200.0,272.0,275.0,278.0,336.0,419.0,455.0,514.0,544.0,550.0,553.0,558.0,595.0,597.0,615.0,652.0,658.0,660.0,669.0,676.0,743.0,752.0,761.0,790.0,827.0,834.0,842.0,953.0,996.0,
86.0,99.0,101.0,142.0,186.0,256.0,260.0,346.0,433.0,460.0,480.0,543.0,571.0,676.0,702.0,747.0,767.0,809.0,827.0,831.0,849.0,855.0,880.0,902.0,959.0,964.0,980.0,
30.0,36.0,41.0,46.0,46.0,76.0,82.0,117.0,157.0,171.0,179.0,209.0,256.0,360.0,419.0,447.0,467.0,523.0,534.0,546.0,609.0,618.0,654.0,705.0,744.0,782.0,782.0,783.0,784.0,802.0,804.0,819.0,840.0,858.0,889.0,913.0,943.0,988.0,
15.0,57.0,84.0,95.0,135.0,150.0,184.0,185.0,185.0,305.0,320.0,356.0,404.0,409.0,427.0,547.0,600.0,603.0,689.0,698.0,719.0,747.0,781.0,785.0,792.0,801.0,894.0,959.0,973.0,993.0,
24.0,50.0,107.0,146.0,162.0,188.0,189.0,239.0,266.0,267.0,317.0,337.0,360.0,374.0,377.0,482.0,510.0,522.0,653.0,656.0,744.0,755.0,817.0,862.0,876.0,884.0,898.0,908.0,957.0,960.0,976.0,
99.0,101.0,105.0,107.0,124.0,149.0,194.0,230.0,239.0,320.0,361.0,450.0,452.0,564.0,643.0,702.0,736.0,755.0,766.0,842.0,866.0,883.0,901.0,908.0,926.0,937.0,962.0,973.0,992.0,998.0,
14.0,19.0,52.0,63.0,114.0,122.0,174.0,194.0,215.0,215.0,221.0,244.0,279.0,321.0,334.0,346.0,384.0,424.0,525.0,571.0,592.0,595.0,622.0,634.0,639.0,642.0,649.0,670.0,713.0,717.0,749.0,753.0,758.0,833.0,850.0,893.0,914.0,956.0,958.0,978.0,981.0,989.0,
2.0,121.0,168.0,195.0,237.0,382.0,434.0,450.0,467.0,492.0,522.0,574.0,585.0,618.0,669.0,691.0,700.0,707.0,772.0,781.0,798.0,808.0,815.0,864.0,877.0,892.0,923.0,932.0,991.0,
2.0,60.0,79.0,91.0,97.0,264.0,310.0,331.0,333.0,357.0,366.0,416.0,447.0,463.0,478.0,562.0,563.0,610.0,648.0,685.0,689.0,774.0,801.0,813.0,818.0,867.0,871.0,871.0,891.0,898.0,922.0,951.0,
34.0,43.0,69.0,79.0,84.0,105.0,124.0,140.0,153.0,202.0,212.0,264.0,280.0,313.0,448.0,474.0,613.0,615.0,629.0,678.0,704.0,730.0,731.0,785.0,789.0,791.0,793.0,816.0,816.0,816.0,855.0,858.0,899.0,
25.0,84.0,95.0,100.0,130.0,148.0,201.0,230.0,254.0,327.0,346.0,349.0,399.0,414.0,443.0,447.0,502.0,517.0,548.0,638.0,664.0,675.0,686.0,690.0,717.0,727.0,729.0,757.0,796.0,816.0,838.0,891.0,916.0,948.0,952.0,
44.0,64.0,106.0,114.0,143.0,166.0,208.0,220.0,224.0,343.0,347.0,365.0,388.0,402.0,505.0,522.0,543.0,557.0,580.0,732.0,736.0,765.0,785.0,818.0,834.0,858.0,877.0,903.0,921.0,966.0,
17.0,62.0,91.0,142.0,150.0,159.0,167.0,185.0,201.0,203.0,245.0,267.0,313.0,335.0,341.0,410.0,472.0,473.0,510.0,516.0,616.0,631.0,716.0,737.0,808.0,830.0,830.0,878.0,890.0,894.0,909.0,916.0,
41.0,80.0,90.0,102.0,136.0,175.0,191.0,201.0,202.0,240.0,281.0,330.0,346.0,379.0,387.0,462.0,488.0,534.0,574.0,612.0,614.0,630.0,690.0,708.0,723.0,809.0,818.0,823.0,823.0,858.0,873.0,887.0,893.0,895.0,899.0,902.0,915.0,963.0,967.0,975.0,995.0,996.0,
3.0,29.0,67.0,104.0,121.0,186.0,191.0,211.0,242.0,250.0,282.0,326.0,331.0,356.0,412.0,441.0,463.0,485.0,514.0,541.0,560.0,595.0,609.0,614.0,663.0,776.0,797.0,834.0,862.0,888.0,905.0,920.0,973.0,
27.0,65.0,80.0,91.0,159.0,224.0,262.0,263.0,270.0,279.0,291.0,321.0,347.0,352.0,366.0,371.0,378.0,418.0,452.0,466.0,546.0,549.0,620.0,740.0,778.0,784.0,790.0,917.0,920.0,929.0,967.0,987.0,
19.0,22.0,106.0,139.0,144.0,209.0,230.0,257.0,277.0,292.0,308.0,318.0,324.0,340.0,369.0,401.0,437.0,481.0,564.0,669.0,746.0,752.0,754.0,759.0,780.0,865.0,880.0,884.0,915.0,999.0,
11.0,12.0,29.0,33.0,51.0,61.0,131.0,197.0,232.0,256.0,264.0,319.0,443.0,452.0,507.0,513.0,520.0,531.0,553.0,568.0,576.0,586.0,587.0,633.0,645.0,655.0,663.0,685.0,716.0,794.0,816.0,816.0,879.0,888.0,949.0,952.0,959.0,964.0,966.0,967.0,975.0,990.0,991.0,
29.0,77.0,80.0,84.0,127.0,199.0,206.0,224.0,241.0,276.0,286.0,297.0,305.0,367.0,378.0,402.0,420.0,422.0,517.0,540.0,559.0,569.0,578.0,615.0,626.0,667.0,672.0,690.0,721.0,727.0,833.0,846.0,848.0,880.0,933.0,951.0,975.0,998.0,
83.0,127.0,170.0,197.0,214.0,236.0,280.0,290.0,319.0,385.0,417.0,419.0,454.0,491.0,502.0,522.0,534.0,543.0,593.0,598.0,644.0,695.0,714.0,719.0,771.0,771.0,842.0,852.0,886.0,916.0,923.0,932.0,977.0,993.0,
35.0,37.0,43.0,74.0,85.0,92.0,102.0,106.0,167.0,175.0,176.0,196.0,231.0,292.0,313.0,314.0,375.0,450.0,486.0,577.0,578.0,597.0,602.0,605.0,668.0,675.0,804.0,812.0,828.0,867.0,879.0,898.0,898.0,898.0,938.0,942.0,979.0,
14.0,24.0,28.0,40.0,45.0,64.0,113.0,259.0,278.0,291.0,327.0,351.0,365.0,371.0,372.0,383.0,403.0,487.0,488.0,511.0,522.0,564.0,650.0,664.0,678.0,688.0,775.0,782.0,820.0,943.0,982.0,995.0,995.0,
5.0,35.0,54.0,138.0,166.0,206.0,327.0,338.0,347.0,372.0,373.0,448.0,457.0,466.0,602.0,624.0,685.0,711.0,712.0,734.0,751.0,757.0,790.0,800.0,830.0,838.0,893.0,896.0,933.0,952.0,
28.0,87.0,99.0,111.0,125.0,164.0,179.0,191.0,210.0,213.0,234.0,237.0,242.0,247.0,263.0,265.0,362.0,389.0,410.0,457.0,477.0,488.0,556.0,570.0,628.0,647.0,662.0,699.0,711.0,741.0,773.0,775.0,831.0,837.0,842.0,842.0,869.0,876.0,
13.0,58.0,105.0,117.0,124.0,148.0,162.0,182.0,211.0,228.0,248.0,261.0,263.0,267.0,271.0,348.0,379.0,410.0,415.0,473.0,475.0,529.0,544.0,552.0,573.0,588.0,610.0,635.0,639.0,672.0,682.0,725.0,759.0,775.0,792.0,803.0,811.0,823.0,885.0,927.0,947.0,978.0,
27.0,38.0,47.0,107.0,124.0,127.0,144.0,156.0,200.0,208.0,216.0,222.0,319.0,384.0,411.0,448.0,454.0,482.0,494.0,509.0,512.0,521.0,522.0,552.0,560.0,589.0,641.0,677.0,677.0,688.0,722.0,736.0,793.0,808.0,845.0,932.0,944.0,970.0,
4.0,49.0,51.0,78.0,94.0,155.0,179.0,191.0,201.0,247.0,249.0,298.0,358.0,368.0,405.0,506.0,540.0,600.0,608.0,651.0,694.0,723.0,744.0,783.0,797.0,810.0,823.0,921.0,941.0,944.0,988.0,
35.0,58.0,59.0,77.0,197.0,199.0,208.0,260.0,275.0,314.0,338.0,397.0,407.0,416.0,461.0,568.0,627.0,656.0,673.0,707.0,770.0,809.0,833.0,855.0,889.0,897.0,945.0,976.0,
