82.0,110.0,124.0,141.0,146.0,182.0,193.0,211.0,328.0,355.0,368.0,368.0,436.0,475.0,512.0,515.0,628.0,634.0,676.0,703.0,727.0,786.0,807.0,838.0,885.0,905.0,911.0,932.0,998.0,
19.0,71.0,123.0,171.0,223.0,229.0,251.0,292.0,304.0,323.0,325.0,333.0,336.0,346.0,427.0,458.0,467.0,474.0,524.0,537.0,541.0,571.0,594.0,656.0,694.0,712.0,716.0,724.0,762.0,816.0,846.0,885.0,887.0,902.0,912.0,940.0,946.0,947.0,953.0,991.0,
20.0,21.0,23.0,24.0,33.0,37.0,52.0,66.0,93.0,118.0,119.0,136.0,136.0,150.0,179.0,181.0,199.0,200.0,205.0,243.0,259.0,293.0,364.0,419.0,419.0,424.0,462.0,473.0,475.0,494.0,507.0,509.0,544.0,583.0,634.0,644.0,655.0,702.0,737.0,794.0,831.0,938.0,983.0,985.0,997.0,
15.0,39.0,44.0,49.0,61.0,68.0,153.0,194.0,288.0,298.0,326.0,376.0,400.0,458.0,474.0,500.0,502.0,518.0,532.0,535.0,545.0,570.0,600.0,630.0,706.0,725.0,760.0,788.0,790.0,806.0,832.0,838.0,877.0,879.0,920.0,933.0,959.0,968.0,990.0,
55.0,108.0,124.0,129.0,131.0,143.0,153.0,176.0,229.0,247.0,259.0,268.0,291.0,356.0,372.0,372.0,403.0,435.0,485.0,505.0,519.0,555.0,560.0,564.0,602.0,612.0,658.0,659.0,664.0,680.0,689.0,708.0,722.0,726.0,729.0,744.0,752.0,766.0,795.0,828.0,848.0,894.0,897.0,938.0,
27.0,32.0,37.0,46.0,91.0,142.0,168.0,209.0,316.0,334.0,365.0,368.0,402.0,465.0,526.0,588.0,597.0,616.0,650.0,652.0,660.0,680.0,694.0,758.0,771.0,797.0,805.0,820.0,857.0,865.0,893.0,922.0,925.0,
48.0,108.0,121.0,136.0,161.0,164.0,187.0,195.0,248.0,256.0,300.0,340.0,365.0,368.0,371.0,382.0,392.0,461.0,477.0,512.0,605.0,663.0,679.0,702.0,731.0,779.0,830.0,868.0,995.0,
7.0,36.0,46.0,107.0,113.0,162.0,169.0,205.0,238.0,288.0,319.0,323.0,324.0,347.0,380.0,389.0,547.0,564.0,571.0,598.0,631.0,697.0,703.0,789.0,790.0,839.0,840.0,866.0,873.0,891.0,895.0,965.0,975.0,
4.0,27.0,44.0,58.0,107.0,148.0,165.0,204.0,223.0,267.0,278.0,342.0,352.0,381.0,396.0,444.0,449.0,454.0,454.0,470.0,565.0,608.0,684.0,720.0,720.0,742.0,870.0,913.0,918.0,
10.0,136.0,230.0,256.0,281.0,298.0,313.0,420.0,469.0,475.0,498.0,516.0,533.0,575.0,606.0,726.0,759.0,798.0,820.0,889.0,903.0,961.0,991.0,
15.0,34.0,71.0,74.0,134.0,173.0,181.0,249.0,271.0,303.0,315.0,373.0,394.0,500.0,520.0,544.0,619.0,622.0,647.0,651.0,675.0,685.0,693.0,705.0,710.0,716.0,737.0,739.0,809.0,847.0,868.0,909.0,917.0,933.0,940.0,948.0,962.0,974.0,977.0,997.0,
10.0,10.0,25.0,38.0,44.0,62.0,76.0,105.0,115.0,201.0,239.0,242.0,270.0,282.0,303.0,334.0,376.0,377.0,390.0,405.0,414.0,451.0,451.0,454.0,470.0,494.0,505.0,563.0,572.0,659.0,681.0,685.0,728.0,735.0,737.0,746.0,757.0,768.0,790.0,790.0,879.0,896.0,975.0,984.0,
26.0,45.0,88.0,103.0,181.0,253.0,274.0,304.0,331.0,376.0,381.0,395.0,591.0,618.0,633.0,639.0,682.0,790.0,811.0,814.0,831.0,832.0,896.0,928.0,960.0,963.0,964.0,972.0,975.0,994.0,
2.0,39.0,43.0,111.0,135.0,180.0,231.0,244.0,295.0,311.0,373.0,384.0,412.0,420.0,427.0,456.0,489.0,528.0,566.0,589.0,593.0,602.0,634.0,638.0,655.0,661.0,666.0,673.0,695.0,713.0,748.0,754.0,774.0,811.0,814.0,850.0,863.0,873.0,885.0,892.0,929.0,931.0,961.0,981.0,
12.0,42.0,70.0,72.0,91.0,144.0,145.0,184.0,193.0,216.0,219.0,226.0,295.0,314.0,329.0,393.0,467.0,489.0,490.0,491.0,493.0,496.0,507.0,533.0,546.0,550.0,584.0,626.0,633.0,637.0,649.0,655.0,680.0,682.0,698.0,711.0,713.0,732.0,745.0,780.0,785.0,822.0,846.0,857.0,871.0,872.0,884.0,887.0,906.0,916.0,946.0,987.0,996.0,
3.0,9.0,31.0,42.0,66.0,70.0,96.0,139.0,159.0,197.0,231.0,257.0,263.0,273.0,276.0,317.0,351.0,355.0,460.0,486.0,489.0,585.0,587.0,596.0,607.0,614.0,628.0,645.0,651.0,659.0,698.0,700.0,713.0,738.0,746.0,755.0,819.0,826.0,844.0,899.0,946.0,954.0,985.0,
12.0,24.0,34.0,62.0,65.0,68.0,82.0,84.0,84.0,126.0,151.0,186.0,188.0,285.0,311.0,347.0,481.0,483.0,498.0,510.0,527.0,550.0,553.0,575.0,583.0,601.0,617.0,654.0,666.0,671.0,688.0,717.0,743.0,743.0,747.0,749.0,766.0,812.0,823.0,830.0,875.0,889.0,902.0,919.0,944.0,956.0,956.0,981.0,991.0,998.0,
47.0,61.0,85.0,124.0,133.0,145.0,148.0,304.0,323.0,351.0,360.0,403.0,430.0,484.0,510.0,529.0,552.0,606.0,617.0,629.0,629.0,661.0,689.0,695.0,777.0,779.0,801.0,827.0,828.0,841.0,862.0,889.0,924.0,934.0,996.0,
100.0,216.0,219.0,239.0,244.0,291.0,301.0,311.0,313.0,321.0,338.0,387.0,407.0,426.0,502.0,506.0,511.0,517.0,538.0,592.0,609.0,627.0,629.0,633.0,684.0,697.0,700.0,745.0,762.0,771.0,774.0,783.0,818.0,852.0,861.0,894.0,923.0,929.0,954.0,973.0,997.0,
11.0,24.0,29.0,44.0,44.0,73.0,95.0,102.0,196.0,200.0,225.0,252.0,254.0,255.0,372.0,375.0,386.0,408.0,420.0,431.0,537.0,542.0,623.0,666.0,688.0,707.0,707.0,721.0,804.0,816.0,862.0,875.0,882.0,897.0,955.0,969.0,
71.0,85.0,128.0,141.0,145.0,161.0,171.0,174.0,203.0,288.0,301.0,309.0,313.0,321.0,397.0,403.0,458.0,474.0,485.0,495.0,506.0,526.0,544.0,575.0,584.0,596.0,642.0,668.0,689.0,696.0,720.0,746.0,750.0,778.0,812.0,818.0,832.0,839.0,840.0,851.0,891.0,921.0,983.0,992.0,
43.0,44.0,64.0,69.0,73.0,73.0,100.0,185.0,204.0,228.0,230.0,246.0,315.0,347.0,357.0,358.0,371.0,392.0,419.0,421.0,423.0,429.0,453.0,464.0,482.0,526.0,612.0,621.0,621.0,633.0,680.0,721.0,729.0,759.0,766.0,774.0,936.0,943.0,989.0,1000.0,
74.0,92.0,140.0,141.0,146.0,153.0,183.0,202.0,227.0,244.0,253.0,285.0,398.0,400.0,434.0,437.0,495.0,505.0,558.0,581.0,583.0,586.0,600.0,630.0,631.0,636.0,653.0,672.0,674.0,685.0,706.0,732.0,816.0,831.0,833.0,837.0,841.0,851.0,861.0,862.0,867.0,873.0,887.0,891.0,975.0,997.0,
34.0,44.0,74.0,145.0,235.0,248.0,256.0,262.0,272.0,276.0,346.0,359.0,369.0,482.0,519.0,644.0,650.0,659.0,664.0,710.0,720.0,746.0,758.0,758.0,758.0,767.0,805.0,817.0,875.0,894.0,931.0,945.0,950.0,976.0,989.0,
7.0,48.0,64.0,93.0,98.0,148.0,173.0,235.0,239.0,243.0,297.0,305.0,442.0,467.0,482.0,507.0,514.0,816.0,947.0,948.0,
13.0,33.0,49.0,55.0,123.0,160.0,162.0,171.0,177.0,345.0,382.0,394.0,418.0,432.0,435.0,510.0,810.0,
8.0,50.0,52.0,84.0,88.0,173.0,183.0,236.0,238.0,265.0,377.0,416.0,454.0,471.0,505.0,720.0,726.0,731.0,892.0,923.0,
35.0,37.0,46.0,80.0,88.0,101.0,177.0,184.0,196.0,197.0,274.0,312.0,371.0,389.0,405.0,405.0,416.0,453.0,489.0,575.0,634.0,658.0,663.0,686.0,701.0,706.0,710.0,720.0,752.0,758.0,760.0,770.0,781.0,787.0,805.0,817.0,830.0,862.0,908.0,925.0,
66.0,125.0,160.0,200.0,298.0,306.0,332.0,424.0,493.0,506.0,522.0,532.0,554.0,558.0,559.0,577.0,580.0,602.0,611.0,627.0,658.0,665.0,669.0,700.0,715.0,721.0,724.0,727.0,729.0,809.0,815.0,821.0,837.0,848.0,864.0,874.0,880.0,886.0,934.0,949.0,973.0,975.0,980.0,
2.0,11.0,25.0,32.0,45.0,60.0,87.0,99.0,116.0,137.0,139.0,167.0,179.0,253.0,253.0,254.0,255.0,256.0,283.0,291.0,339.0,339.0,423.0,427.0,433.0,441.0,459.0,464.0,472.0,484.0,522.0,528.0,561.0,610.0,622.0,706.0,715.0,748.0,770.0,817.0,822.0,824.0,874.0,901.0,968.0,
3.0,45.0,46.0,48.0,56.0,60.0,65.0,66.0,120.0,136.0,168.0,175.0,184.0,196.0,203.0,229.0,231.0,259.0,339.0,405.0,457.0,496.0,509.0,526.0,527.0,583.0,611.0,630.0,633.0,637.0,658.0,668.0,682.0,698.0,706.0,734.0,748.0,764.0,821.0,926.0,
8.0,61.0,113.0,114.0,129.0,147.0,169.0,205.0,221.0,228.0,240.0,256.0,275.0,305.0,311.0,314.0,325.0,327.0,327.0,333.0,364.0,373.0,373.0,404.0,453.0,468.0,511.0,513.0,533.0,558.0,596.0,622.0,627.0,698.0,699.0,705.0,726.0,755.0,764.0,794.0,826.0,845.0,846.0,929.0,
3.0,7.0,18.0,27.0,28.0,28.0,39.0,47.0,77.0,130.0,177.0,195.0,200.0,223.0,260.0,289.0,321.0,351.0,402.0,417.0,468.0,517.0,577.0,612.0,616.0,637.0,698.0,706.0,720.0,721.0,758.0,843.0,846.0,897.0,
6.0,8.0,9.0,43.0,97.0,124.0,125.0,125.0,176.0,184.0,196.0,228.0,231.0,246.0,276.0,319.0,333.0,353.0,357.0,392.0,400.0,456.0,457.0,478.0,490.0,501.0,
83.0,93.0,99.0,99.0,106.0,110.0,133.0,154.0,216.0,233.0,250.0,304.0,403.0,406.0,425.0,429.0,447.0,452.0,455.0,461.0,480.0,
54.0,93.0,153.0,183.0,197.0,207.0,236.0,264.0,293.0,296.0,336.0,344.0,351.0,374.0,397.0,977.0,
75.0,101.0,107.0,150.0,214.0,224.0,251.0,270.0,275.0,279.0,329.0,344.0,356.0,410.0,438.0,464.0,476.0,488.0,507.0,
25.0,35.0,41.0,45.0,50.0,86.0,179.0,198.0,216.0,221.0,256.0,265.0,349.0,349.0,353.0,406.0,449.0,456.0,498.0,
11.0,17.0,21.0,27.0,37.0,83.0,156.0,165.0,191.0,222.0,265.0,306.0,312.0,315.0,324.0,325.0,343.0,344.0,364.0,407.0,434.0,497.0,501.0,503.0,508.0,509.0,579.0,588.0,651.0,693.0,728.0,753.0,760.0,763.0,773.0,784.0,789.0,809.0,811.0,819.0,834.0,862.0,872.0,873.0,899.0,951.0,960.0,969.0,
5.0,60.0,99.0,103.0,111.0,116.0,145.0,223.0,243.0,287.0,347.0,357.0,364.0,396.0,411.0,412.0,434.0,440.0,448.0,455.0,456.0,461.0,470.0,475.0,517.0,524.0,529.0,530.0,544.0,561.0,578.0,622.0,643.0,666.0,696.0,759.0,772.0,783.0,804.0,852.0,853.0,869.0,871.0,911.0,940.0,977.0,990.0,
3.0,4.0,12.0,50.0,162.0,165.0,190.0,261.0,295.0,306.0,312.0,334.0,339.0,366.0,398.0,407.0,465.0,480.0,530.0,542.0,553.0,562.0,566.0,611.0,625.0,632.0,648.0,713.0,743.0,745.0,879.0,885.0,896.0,920.0,920.0,938.0,938.0,971.0,
60.0,80.0,112.0,120.0,184.0,189.0,211.0,245.0,247.0,249.0,262.0,270.0,294.0,303.0,304.0,337.0,337.0,343.0,370.0,453.0,529.0,539.0,693.0,699.0,705.0,729.0,731.0,741.0,779.0,784.0,837.0,837.0,891.0,906.0,921.0,940.0,944.0,
22.0,52.0,70.0,109.0,134.0,158.0,184.0,246.0,251.0,303.0,316.0,328.0,347.0,389.0,410.0,410.0,443.0,447.0,456.0,470.0,486.0,489.0,501.0,768.0,799.0,910.0,965.0,977.0,979.0,997.0,
9.0,21.0,106.0,113.0,128.0,141.0,147.0,204.0,206.0,244.0,255.0,262.0,278.0,290.0,305.0,337.0,399.0,405.0,445.0,452.0,494.0,
25.0,64.0,71.0,150.0,169.0,197.0,239.0,251.0,252.0,289.0,387.0,410.0,444.0,449.0,505.0,791.0,851.0,903.0,922.0,957.0,
40.0,44.0,53.0,145.0,183.0,200.0,207.0,240.0,268.0,315.0,332.0,390.0,407.0,435.0,449.0,466.0,482.0,504.0,505.0,505.0,862.0,903.0,914.0,927.0,956.0,
34.0,37.0,56.0,92.0,101.0,107.0,110.0,113.0,123.0,164.0,212.0,242.0,254.0,291.0,311.0,317.0,343.0,362.0,385.0,385.0,423.0,425.0,431.0,447.0,448.0,457.0,483.0,751.0,795.0,812.0,912.0,
20.0,45.0,78.0,93.0,108.0,169.0,250.0,277.0,278.0,304.0,313.0,333.0,375.0,404.0,453.0,
126.0,129.0,156.0,187.0,205.0,228.0,242.0,366.0,375.0,398.0,402.0,425.0,475.0,491.0,721.0,755.0,756.0,758.0,761.0,780.0,888.0,909.0,909.0,
3.0,28.0,47.0,48.0,48.0,60.0,68.0,70.0,77.0,101.0,104.0,124.0,193.0,217.0,222.0,246.0,261.0,294.0,298.0,337.0,341.0,361.0,431.0,473.0,533.0,608.0,661.0,668.0,671.0,679.0,684.0,691.0,695.0,756.0,822.0,824.0,885.0,908.0,914.0,940.0,943.0,974.0,979.0,
16.0,43.0,91.0,138.0,152.0,155.0,158.0,211.0,253.0,276.0,289.0,301.0,323.0,363.0,380.0,408.0,434.0,452.0,460.0,477.0,485.0,491.0,511.0,519.0,565.0,592.0,593.0,639.0,701.0,704.0,714.0,763.0,775.0,786.0,803.0,819.0,820.0,851.0,853.0,870.0,913.0,929.0,937.0,
45.0,46.0,51.0,51.0,73.0,82.0,89.0,111.0,134.0,196.0,221.0,288.0,303.0,325.0,327.0,384.0,416.0,432.0,436.0,464.0,536.0,577.0,638.0,675.0,697.0,697.0,701.0,713.0,733.0,743.0,744.0,756.0,760.0,763.0,803.0,809.0,811.0,860.0,865.0,879.0,881.0,893.0,930.0,958.0,959.0,973.0,
2.0,8.0,8.0,54.0,67.0,85.0,105.0,142.0,175.0,182.0,186.0,372.0,382.0,390.0,399.0,406.0,407.0,436.0,495.0,
40.0,108.0,126.0,127.0,175.0,314.0,326.0,370.0,392.0,433.0,439.0,444.0,447.0,478.0,987.0,
11.0,13.0,32.0,45.0,87.0,145.0,163.0,173.0,250.0,255.0,285.0,354.0,359.0,373.0,383.0,412.0,469.0,469.0,483.0,488.0,831.0,869.0,886.0,907.0,939.0,
9.0,9.0,29.0,57.0,62.0,74.0,95.0,105.0,111.0,155.0,174.0,257.0,275.0,277.0,324.0,397.0,417.0,437.0,508.0,728.0,740.0,808.0,864.0,
36.0,75.0,78.0,78.0,94.0,135.0,150.0,151.0,173.0,193.0,201.0,226.0,239.0,260.0,273.0,290.0,293.0,298.0,299.0,305.0,387.0,418.0,426.0,441.0,455.0,477.0,744.0,774.0,926.0,946.0,946.0,955.0,
17.0,32.0,36.0,41.0,41.0,42.0,71.0,115.0,131.0,177.0,270.0,281.0,290.0,298.0,300.0,323.0,352.0,368.0,437.0,504.0,
30.0,38.0,45.0,124.0,125.0,145.0,148.0,175.0,179.0,204.0,258.0,291.0,311.0,337.0,343.0,364.0,496.0,
2.0,26.0,33.0,53.0,108.0,177.0,183.0,191.0,197.0,251.0,269.0,335.0,339.0,369.0,381.0,403.0,439.0,457.0,503.0,558.0,570.0,575.0,589.0,608.0,624.0,654.0,655.0,683.0,692.0,707.0,799.0,803.0,806.0,852.0,873.0,875.0,882.0,898.0,922.0,958.0,969.0,970.0,982.0,
13.0,25.0,53.0,89.0,139.0,157.0,163.0,223.0,251.0,265.0,316.0,316.0,344.0,352.0,375.0,480.0,510.0,513.0,513.0,525.0,529.0,548.0,605.0,631.0,684.0,760.0,799.0,837.0,847.0,873.0,888.0,911.0,964.0,967.0,
110.0,113.0,144.0,148.0,157.0,178.0,184.0,194.0,206.0,236.0,260.0,316.0,365.0,394.0,400.0,409.0,520.0,530.0,537.0,541.0,549.0,585.0,648.0,700.0,720.0,722.0,732.0,767.0,830.0,833.0,847.0,856.0,858.0,863.0,885.0,917.0,920.0,931.0,933.0,965.0,
6.0,27.0,55.0,59.0,80.0,95.0,98.0,154.0,193.0,221.0,294.0,320.0,472.0,492.0,500.0,503.0,744.0,765.0,786.0,826.0,846.0,854.0,885.0,899.0,904.0,937.0,966.0,980.0,
25.0,49.0,57.0,123.0,143.0,193.0,205.0,208.0,210.0,222.0,246.0,250.0,263.0,307.0,318.0,429.0,470.0,
7.0,111.0,149.0,190.0,201.0,227.0,227.0,288.0,335.0,419.0,440.0,493.0,
18.0,21.0,66.0,93.0,103.0,119.0,153.0,184.0,219.0,284.0,298.0,301.0,326.0,344.0,378.0,479.0,497.0,503.0,732.0,778.0,798.0,828.0,854.0,872.0,882.0,
45.0,59.0,174.0,195.0,203.0,241.0,268.0,274.0,298.0,404.0,414.0,447.0,455.0,854.0,894.0,930.0,
22.0,24.0,46.0,49.0,64.0,86.0,110.0,115.0,175.0,221.0,240.0,260.0,265.0,275.0,291.0,363.0,376.0,382.0,414.0,449.0,462.0,465.0,
7.0,35.0,85.0,87.0,113.0,128.0,146.0,278.0,307.0,312.0,353.0,399.0,409.0,416.0,429.0,431.0,436.0,436.0,440.0,467.0,757.0,847.0,
24.0,81.0,92.0,113.0,129.0,153.0,179.0,180.0,186.0,191.0,216.0,449.0,458.0,469.0,474.0,507.0,517.0,536.0,593.0,619.0,621.0,628.0,630.0,638.0,660.0,665.0,683.0,740.0,751.0,789.0,810.0,862.0,880.0,885.0,944.0,994.0,996.0,
5.0,11.0,68.0,88.0,91.0,94.0,123.0,200.0,208.0,285.0,304.0,322.0,387.0,437.0,469.0,505.0,509.0,563.0,601.0,603.0,606.0,670.0,743.0,752.0,753.0,756.0,756.0,782.0,820.0,834.0,849.0,859.0,893.0,942.0,956.0,
17.0,20.0,30.0,35.0,60.0,82.0,84.0,105.0,117.0,128.0,158.0,174.0,186.0,221.0,242.0,244.0,246.0,333.0,365.0,398.0,426.0,511.0,516.0,588.0,652.0,691.0,710.0,741.0,748.0,757.0,764.0,782.0,806.0,840.0,866.0,894.0,923.0,948.0,966.0,991.0,998.0,999.0,
24.0,43.0,44.0,45.0,101.0,127.0,162.0,173.0,178.0,190.0,227.0,231.0,233.0,269.0,285.0,289.0,298.0,302.0,322.0,369.0,393.0,399.0,442.0,473.0,483.0,494.0,506.0,555.0,595.0,602.0,623.0,634.0,642.0,649.0,718.0,731.0,732.0,734.0,748.0,756.0,768.0,769.0,783.0,820.0,824.0,911.0,926.0,935.0,941.0,945.0,956.0,
32.0,44.0,50.0,102.0,150.0,172.0,187.0,187.0,193.0,226.0,304.0,314.0,330.0,393.0,419.0,440.0,457.0,473.0,480.0,494.0,499.0,
7.0,15.0,109.0,123.0,127.0,127.0,174.0,231.0,235.0,247.0,262.0,266.0,274.0,279.0,303.0,373.0,394.0,421.0,472.0,
27.0,36.0,40.0,61.0,214.0,261.0,302.0,314.0,330.0,362.0,363.0,391.0,439.0,471.0,498.0,891.0,
2.0,29.0,29.0,44.0,50.0,109.0,141.0,211.0,226.0,240.0,299.0,344.0,402.0,415.0,419.0,431.0,492.0,
14.0,38.0,45.0,51.0,60.0,94.0,99.0,195.0,205.0,226.0,246.0,280.0,283.0,336.0,336.0,338.0,355.0,375.0,387.0,445.0,469.0,498.0,505.0,
17.0,49.0,87.0,91.0,94.0,109.0,116.0,119.0,156.0,159.0,208.0,240.0,283.0,291.0,301.0,318.0,334.0,352.0,506.0,517.0,622.0,646.0,687.0,700.0,703.0,747.0,767.0,797.0,802.0,807.0,807.0,838.0,903.0,924.0,975.0,976.0,979.0,
71.0,73.0,97.0,119.0,142.0,150.0,168.0,203.0,274.0,275.0,279.0,287.0,332.0,369.0,383.0,411.0,440.0,481.0,513.0,556.0,578.0,616.0,627.0,645.0,668.0,673.0,686.0,711.0,714.0,747.0,755.0,775.0,785.0,800.0,801.0,918.0,922.0,931.0,933.0,945.0,971.0,976.0,979.0,982.0,
22.0,35.0,36.0,65.0,82.0,117.0,134.0,192.0,209.0,222.0,238.0,284.0,299.0,306.0,327.0,332.0,350.0,374.0,375.0,394.0,398.0,417.0,422.0,435.0,490.0,533.0,610.0,686.0,692.0,721.0,728.0,728.0,738.0,752.0,766.0,804.0,812.0,826.0,826.0,850.0,876.0,915.0,922.0,968.0,968.0,
7.0,54.0,82.0,85.0,102.0,138.0,195.0,238.0,252.0,282.0,302.0,422.0,435.0,447.0,451.0,459.0,485.0,569.0,589.0,620.0,643.0,664.0,693.0,713.0,719.0,745.0,783.0,817.0,832.0,836.0,860.0,873.0,880.0,928.0,978.0,997.0,
3.0,5.0,14.0,46.0,51.0,91.0,171.0,207.0,231.0,263.0,292.0,294.0,300.0,342.0,386.0,424.0,429.0,450.0,491.0,507.0,540.0,559.0,569.0,574.0,591.0,592.0,615.0,678.0,681.0,720.0,733.0,764.0,807.0,862.0,871.0,899.0,935.0,946.0,972.0,995.0,
39.0,56.0,59.0,96.0,105.0,139.0,158.0,217.0,223.0,238.0,267.0,278.0,282.0,300.0,325.0,335.0,359.0,404.0,429.0,459.0,507.0,551.0,562.0,593.0,606.0,606.0,709.0,719.0,720.0,738.0,790.0,807.0,823.0,893.0,930.0,930.0,956.0,
9.0,46.0,104.0,105.0,110.0,120.0,158.0,187.0,300.0,317.0,341.0,366.0,393.0,393.0,404.0,465.0,467.0,759.0,859.0,914.0,993.0,
58.0,74.0,75.0,106.0,111.0,122.0,125.0,157.0,171.0,174.0,204.0,221.0,228.0,259.0,267.0,275.0,293.0,367.0,381.0,391.0,407.0,412.0,413.0,508.0,758.0,867.0,891.0,
3.0,59.0,101.0,126.0,180.0,264.0,271.0,277.0,290.0,306.0,318.0,318.0,358.0,375.0,488.0,680.0,711.0,770.0,772.0,958.0,987.0,990.0,
17.0,42.0,64.0,72.0,83.0,120.0,163.0,177.0,203.0,222.0,226.0,234.0,272.0,275.0,298.0,386.0,419.0,421.0,426.0,464.0,497.0,551.0,592.0,601.0,613.0,631.0,653.0,661.0,662.0,662.0,707.0,732.0,749.0,751.0,770.0,776.0,788.0,794.0,802.0,843.0,883.0,902.0,909.0,911.0,942.0,954.0,968.0,988.0,
16.0,123.0,133.0,149.0,158.0,159.0,173.0,189.0,214.0,227.0,241.0,361.0,365.0,381.0,386.0,412.0,467.0,477.0,518.0,524.0,527.0,560.0,572.0,580.0,586.0,645.0,657.0,665.0,684.0,705.0,710.0,720.0,729.0,747.0,757.0,772.0,775.0,778.0,789.0,816.0,826.0,859.0,873.0,934.0,997.0,
96.0,117.0,150.0,174.0,232.0,245.0,298.0,311.0,322.0,323.0,333.0,386.0,420.0,435.0,436.0,465.0,486.0,585.0,664.0,726.0,825.0,831.0,857.0,894.0,973.0,
10.0,10.0,56.0,77.0,116.0,177.0,200.0,211.0,235.0,244.0,257.0,308.0,315.0,349.0,374.0,441.0,443.0,460.0,499.0,501.0,534.0,552.0,558.0,590.0,680.0,720.0,771.0,839.0,860.0,871.0,916.0,925.0,939.0,946.0,977.0,
11.0,62.0,87.0,89.0,92.0,109.0,113.0,114.0,121.0,135.0,141.0,163.0,193.0,229.0,348.0,359.0,400.0,414.0,500.0,538.0,606.0,607.0,616.0,635.0,635.0,635.0,747.0,814.0,823.0,837.0,839.0,840.0,853.0,888.0,897.0,899.0,901.0,936.0,944.0,947.0,955.0,
24.0,73.0,97.0,139.0,139.0,155.0,158.0,227.0,235.0,240.0,269.0,281.0,349.0,354.0,364.0,373.0,404.0,431.0,446.0,461.0,480.0,510.0,527.0,559.0,569.0,570.0,572.0,608.0,615.0,660.0,703.0,742.0,789.0,811.0,832.0,925.0,933.0,943.0,975.0,976.0,988.0,998.0,
4.0,11.0,44.0,58.0,64.0,141.0,167.0,167.0,221.0,243.0,246.0,254.0,295.0,391.0,393.0,418.0,456.0,464.0,468.0,469.0,512.0,557.0,575.0,592.0,616.0,652.0,662.0,704.0,717.0,737.0,744.0,758.0,768.0,784.0,826.0,835.0,880.0,909.0,918.0,931.0,937.0,943.0,952.0,953.0,991.0,
52.0,100.0,194.0,204.0,225.0,240.0,271.0,274.0,279.0,279.0,281.0,314.0,329.0,357.0,390.0,395.0,499.0,510.0,519.0,574.0,601.0,615.0,693.0,696.0,777.0,785.0,818.0,819.0,828.0,931.0,958.0,971.0,991.0,
17.0,28.0,36.0,40.0,50.0,55.0,116.0,151.0,192.0,236.0,241.0,265.0,267.0,302.0,385.0,428.0,497.0,511.0,560.0,613.0,617.0,620.0,623.0,646.0,672.0,677.0,685.0,718.0,815.0,841.0,858.0,868.0,875.0,910.0,950.0,973.0,
43.0,49.0,100.0,114.0,169.0,180.0,186.0,203.0,217.0,232.0,254.0,317.0,324.0,330.0,342.0,348.0,353.0,365.0,373.0,378.0,408.0,430.0,463.0,547.0,576.0,592.0,700.0,713.0,719.0,726.0,736.0,762.0,791.0,807.0,861.0,923.0,928.0,941.0,990.0,998.0,
23.0,97.0,115.0,169.0,184.0,233.0,267.0,304.0,319.0,419.0,419.0,425.0,433.0,453.0,461.0,481.0,504.0,526.0,610.0,637.0,642.0,653.0,660.0,680.0,696.0,716.0,728.0,730.0,770.0,772.0,777.0,786.0,798.0,804.0,830.0,841.0,855.0,859.0,871.0,882.0,891.0,924.0,949.0,
7.0,44.0,48.0,104.0,122.0,130.0,148.0,151.0,177.0,185.0,215.0,249.0,309.0,355.0,362.0,384.0,400.0,408.0,412.0,427.0,457.0,486.0,522.0,533.0,543.0,561.0,592.0,605.0,650.0,653.0,666.0,675.0,712.0,717.0,724.0,763.0,775.0,784.0,794.0,795.0,836.0,836.0,846.0,929.0,973.0,984.0,988.0,
46.0,65.0,88.0,117.0,166.0,220.0,259.0,282.0,285.0,287.0,338.0,356.0,391.0,404.0,412.0,432.0,492.0,520.0,530.0,535.0,557.0,571.0,588.0,591.0,594.0,643.0,645.0,741.0,744.0,772.0,814.0,850.0,854.0,935.0,991.0,994.0,
