23.0,81.0,89.0,127.0,141.0,152.0,298.0,363.0,559.0,589.0,651.0,658.0,679.0,708.0,735.0,747.0,783.0,876.0,904.0,907.0,939.0,953.0,961.0,999.0,
32.0,55.0,68.0,129.0,156.0,163.0,164.0,178.0,251.0,278.0,310.0,314.0,329.0,405.0,446.0,467.0,469.0,537.0,684.0,689.0,710.0,724.0,731.0,754.0,761.0,781.0,832.0,863.0,863.0,897.0,962.0,971.0,981.0,990.0,
30.0,50.0,124.0,180.0,232.0,239.0,241.0,249.0,252.0,277.0,288.0,339.0,348.0,354.0,389.0,410.0,431.0,452.0,461.0,473.0,511.0,542.0,548.0,554.0,600.0,659.0,713.0,787.0,797.0,841.0,934.0,
85.0,108.0,111.0,193.0,196.0,205.0,215.0,232.0,241.0,282.0,300.0,319.0,403.0,418.0,438.0,452.0,459.0,482.0,487.0,504.0,510.0,531.0,612.0,640.0,653.0,695.0,759.0,811.0,816.0,817.0,840.0,875.0,925.0,954.0,971.0,
12.0,12.0,37.0,49.0,65.0,70.0,78.0,83.0,126.0,162.0,201.0,258.0,272.0,295.0,309.0,310.0,343.0,348.0,352.0,407.0,428.0,541.0,545.0,651.0,653.0,722.0,741.0,747.0,782.0,808.0,822.0,917.0,929.0,973.0,
14.0,22.0,51.0,77.0,126.0,165.0,195.0,269.0,269.0,287.0,339.0,339.0,369.0,423.0,434.0,446.0,462.0,470.0,502.0,547.0,577.0,578.0,632.0,648.0,694.0,740.0,756.0,780.0,786.0,793.0,811.0,813.0,917.0,926.0,945.0,
54.0,119.0,135.0,145.0,159.0,180.0,181.0,227.0,271.0,278.0,292.0,301.0,331.0,333.0,341.0,354.0,384.0,479.0,547.0,559.0,638.0,648.0,649.0,668.0,706.0,736.0,739.0,748.0,850.0,946.0,960.0,971.0,984.0,987.0,
91.0,115.0,174.0,203.0,224.0,226.0,231.0,236.0,240.0,245.0,245.0,256.0,271.0,297.0,299.0,310.0,314.0,380.0,395.0,395.0,397.0,403.0,443.0,482.0,530.0,573.0,602.0,640.0,644.0,651.0,682.0,694.0,724.0,752.0,768.0,815.0,836.0,837.0,883.0,887.0,894.0,913.0,965.0,980.0,
2.0,102.0,115.0,167.0,234.0,259.0,303.0,317.0,330.0,333.0,340.0,392.0,395.0,419.0,479.0,493.0,514.0,559.0,562.0,574.0,615.0,648.0,697.0,718.0,729.0,740.0,759.0,765.0,827.0,884.0,914.0,938.0,947.0,961.0,985.0,
4.0,33.0,51.0,54.0,134.0,140.0,186.0,213.0,240.0,261.0,274.0,297.0,308.0,326.0,355.0,439.0,451.0,487.0,528.0,530.0,570.0,595.0,606.0,610.0,659.0,687.0,718.0,724.0,747.0,753.0,848.0,913.0,941.0,952.0,963.0,
6.0,20.0,32.0,62.0,77.0,126.0,129.0,133.0,176.0,218.0,244.0,245.0,247.0,247.0,261.0,263.0,298.0,299.0,323.0,389.0,397.0,427.0,471.0,509.0,519.0,558.0,563.0,564.0,579.0,590.0,646.0,699.0,704.0,708.0,860.0,875.0,878.0,885.0,902.0,916.0,947.0,975.0,992.0,
2.0,46.0,91.0,99.0,112.0,115.0,173.0,184.0,232.0,247.0,247.0,303.0,304.0,319.0,331.0,348.0,351.0,357.0,358.0,427.0,519.0,536.0,583.0,624.0,628.0,777.0,790.0,880.0,912.0,917.0,995.0,
59.0,73.0,74.0,94.0,113.0,128.0,131.0,135.0,181.0,191.0,241.0,280.0,292.0,345.0,358.0,372.0,472.0,475.0,510.0,529.0,580.0,599.0,667.0,699.0,737.0,754.0,776.0,794.0,805.0,836.0,867.0,895.0,909.0,917.0,947.0,948.0,949.0,966.0,967.0,
28.0,52.0,118.0,157.0,162.0,183.0,198.0,219.0,232.0,263.0,326.0,349.0,462.0,469.0,470.0,491.0,497.0,505.0,554.0,572.0,640.0,689.0,737.0,759.0,760.0,785.0,826.0,854.0,868.0,870.0,910.0,922.0,950.0,966.0,
13.0,17.0,34.0,44.0,51.0,71.0,102.0,113.0,131.0,160.0,190.0,192.0,194.0,240.0,261.0,279.0,293.0,297.0,511.0,590.0,608.0,614.0,624.0,632.0,718.0,730.0,744.0,767.0,767.0,775.0,810.0,822.0,829.0,830.0,831.0,837.0,853.0,888.0,892.0,904.0,949.0,968.0,981.0,
89.0,96.0,110.0,158.0,204.0,287.0,349.0,353.0,357.0,409.0,447.0,461.0,485.0,516.0,538.0,568.0,585.0,651.0,660.0,708.0,708.0,766.0,775.0,804.0,806.0,817.0,852.0,860.0,876.0,876.0,886.0,886.0,887.0,927.0,938.0,966.0,
15.0,45.0,105.0,106.0,129.0,139.0,151.0,160.0,166.0,219.0,220.0,280.0,304.0,325.0,329.0,345.0,360.0,368.0,389.0,397.0,415.0,492.0,493.0,535.0,558.0,580.0,580.0,604.0,692.0,698.0,703.0,739.0,753.0,769.0,779.0,789.0,829.0,851.0,870.0,932.0,939.0,945.0,960.0,979.0,984.0,
23.0,55.0,66.0,83.0,150.0,159.0,206.0,271.0,346.0,373.0,378.0,394.0,396.0,457.0,470.0,517.0,518.0,522.0,566.0,585.0,590.0,624.0,636.0,653.0,672.0,692.0,704.0,713.0,726.0,728.0,775.0,795.0,799.0,815.0,829.0,840.0,848.0,851.0,879.0,910.0,916.0,940.0,999.0,
9.0,16.0,88.0,122.0,165.0,168.0,186.0,207.0,209.0,310.0,389.0,434.0,439.0,441.0,442.0,457.0,509.0,516.0,534.0,545.0,580.0,580.0,595.0,607.0,628.0,706.0,719.0,737.0,740.0,748.0,788.0,805.0,816.0,862.0,902.0,939.0,954.0,972.0,
4.0,25.0,84.0,93.0,132.0,132.0,148.0,206.0,209.0,210.0,321.0,344.0,361.0,377.0,421.0,423.0,442.0,467.0,491.0,509.0,511.0,545.0,579.0,593.0,611.0,649.0,654.0,676.0,688.0,689.0,746.0,756.0,785.0,796.0,881.0,895.0,896.0,899.0,951.0,958.0,977.0,
46.0,60.0,110.0,152.0,154.0,163.0,171.0,197.0,199.0,218.0,276.0,294.0,302.0,324.0,352.0,394.0,404.0,430.0,471.0,483.0,495.0,512.0,611.0,629.0,629.0,694.0,756.0,786.0,815.0,816.0,851.0,853.0,892.0,911.0,919.0,931.0,937.0,945.0,958.0,962.0,972.0,992.0,
52.0,94.0,106.0,106.0,110.0,113.0,121.0,161.0,165.0,203.0,243.0,262.0,301.0,380.0,401.0,409.0,412.0,417.0,465.0,477.0,480.0,492.0,511.0,520.0,535.0,585.0,586.0,592.0,624.0,659.0,682.0,684.0,703.0,782.0,786.0,787.0,793.0,819.0,829.0,868.0,937.0,957.0,
2.0,18.0,22.0,37.0,66.0,81.0,83.0,86.0,106.0,139.0,140.0,193.0,231.0,260.0,312.0,320.0,331.0,333.0,343.0,351.0,386.0,426.0,427.0,445.0,453.0,457.0,470.0,475.0,518.0,590.0,619.0,705.0,706.0,730.0,744.0,754.0,767.0,860.0,881.0,907.0,930.0,931.0,932.0,959.0,972.0,
26.0,27.0,54.0,64.0,78.0,123.0,146.0,155.0,169.0,206.0,210.0,222.0,290.0,320.0,332.0,349.0,353.0,359.0,394.0,408.0,470.0,474.0,476.0,532.0,572.0,617.0,624.0,656.0,657.0,657.0,664.0,669.0,672.0,673.0,687.0,743.0,752.0,772.0,777.0,795.0,797.0,866.0,873.0,882.0,898.0,912.0,946.0,949.0,956.0,
56.0,132.0,158.0,188.0,196.0,204.0,239.0,388.0,478.0,505.0,660.0,817.0,828.0,837.0,907.0,969.0,970.0,999.0,
15.0,84.0,91.0,94.0,103.0,129.0,131.0,150.0,155.0,171.0,211.0,234.0,274.0,303.0,359.0,481.0,793.0,
41.0,61.0,63.0,100.0,106.0,126.0,185.0,225.0,301.0,423.0,451.0,694.0,760.0,916.0,961.0,973.0,
25.0,67.0,135.0,139.0,185.0,190.0,198.0,241.0,242.0,253.0,283.0,384.0,428.0,436.0,450.0,535.0,566.0,609.0,621.0,680.0,714.0,745.0,748.0,783.0,855.0,870.0,889.0,945.0,952.0,952.0,984.0,1000.0,
28.0,49.0,56.0,58.0,78.0,123.0,123.0,128.0,171.0,173.0,175.0,226.0,282.0,283.0,285.0,287.0,303.0,303.0,309.0,344.0,347.0,359.0,361.0,399.0,428.0,440.0,474.0,478.0,483.0,518.0,544.0,596.0,616.0,641.0,680.0,707.0,716.0,724.0,740.0,744.0,745.0,760.0,792.0,801.0,824.0,838.0,843.0,862.0,874.0,902.0,917.0,921.0,980.0,
39.0,41.0,86.0,178.0,185.0,218.0,296.0,343.0,398.0,405.0,420.0,433.0,468.0,491.0,503.0,515.0,571.0,667.0,704.0,751.0,790.0,791.0,812.0,834.0,835.0,837.0,848.0,864.0,898.0,898.0,912.0,916.0,928.0,929.0,945.0,976.0,
14.0,72.0,215.0,216.0,228.0,229.0,245.0,249.0,254.0,351.0,358.0,368.0,425.0,434.0,456.0,471.0,493.0,494.0,532.0,557.0,560.0,590.0,597.0,598.0,721.0,763.0,788.0,821.0,924.0,930.0,938.0,948.0,
34.0,58.0,90.0,91.0,104.0,164.0,206.0,207.0,247.0,269.0,298.0,335.0,348.0,393.0,393.0,428.0,440.0,545.0,555.0,555.0,570.0,577.0,632.0,645.0,665.0,724.0,771.0,797.0,846.0,878.0,905.0,939.0,981.0,
3.0,54.0,81.0,118.0,120.0,132.0,145.0,166.0,187.0,258.0,268.0,288.0,323.0,339.0,339.0,416.0,484.0,500.0,614.0,648.0,650.0,652.0,681.0,712.0,770.0,781.0,798.0,826.0,831.0,851.0,870.0,880.0,917.0,931.0,944.0,967.0,967.0,980.0,985.0,989.0,
39.0,143.0,249.0,288.0,299.0,354.0,374.0,378.0,426.0,460.0,485.0,495.0,501.0,502.0,
12.0,35.0,74.0,77.0,83.0,114.0,128.0,155.0,155.0,166.0,193.0,262.0,313.0,332.0,373.0,404.0,408.0,464.0,468.0,507.0,
5.0,11.0,42.0,48.0,55.0,56.0,86.0,87.0,120.0,121.0,167.0,225.0,237.0,262.0,312.0,337.0,354.0,412.0,474.0,488.0,
24.0,134.0,178.0,181.0,202.0,216.0,243.0,277.0,282.0,318.0,328.0,352.0,398.0,435.0,470.0,
6.0,9.0,25.0,182.0,187.0,188.0,238.0,244.0,309.0,344.0,349.0,349.0,361.0,363.0,391.0,408.0,
6.0,82.0,127.0,173.0,190.0,222.0,226.0,260.0,291.0,301.0,304.0,310.0,337.0,355.0,369.0,379.0,617.0,620.0,646.0,685.0,729.0,792.0,833.0,862.0,866.0,888.0,911.0,916.0,973.0,980.0,989.0,
15.0,82.0,103.0,141.0,180.0,181.0,185.0,186.0,235.0,238.0,299.0,301.0,342.0,374.0,396.0,409.0,445.0,486.0,531.0,544.0,553.0,569.0,638.0,649.0,711.0,718.0,810.0,826.0,834.0,839.0,870.0,878.0,927.0,958.0,959.0,
31.0,49.0,67.0,100.0,115.0,160.0,172.0,187.0,217.0,230.0,246.0,249.0,253.0,262.0,295.0,356.0,363.0,411.0,435.0,440.0,454.0,456.0,469.0,555.0,572.0,669.0,691.0,699.0,715.0,783.0,792.0,798.0,803.0,818.0,819.0,847.0,849.0,862.0,890.0,900.0,920.0,937.0,956.0,979.0,
3.0,29.0,33.0,47.0,81.0,98.0,108.0,132.0,161.0,175.0,182.0,271.0,282.0,287.0,293.0,413.0,431.0,485.0,513.0,548.0,599.0,632.0,659.0,666.0,673.0,727.0,728.0,782.0,804.0,811.0,830.0,833.0,877.0,880.0,938.0,954.0,963.0,
34.0,53.0,75.0,129.0,152.0,157.0,182.0,212.0,286.0,341.0,371.0,386.0,391.0,413.0,440.0,448.0,498.0,504.0,681.0,708.0,883.0,889.0,992.0,
57.0,142.0,153.0,221.0,226.0,237.0,295.0,296.0,317.0,325.0,383.0,386.0,425.0,431.0,440.0,453.0,463.0,491.0,
4.0,16.0,56.0,108.0,140.0,199.0,201.0,208.0,261.0,292.0,308.0,331.0,364.0,373.0,378.0,380.0,448.0,488.0,490.0,495.0,799.0,960.0,970.0,
16.0,61.0,67.0,68.0,69.0,94.0,159.0,162.0,169.0,182.0,204.0,207.0,365.0,382.0,469.0,470.0,499.0,835.0,938.0,963.0,986.0,
72.0,115.0,124.0,126.0,144.0,145.0,206.0,207.0,242.0,267.0,297.0,408.0,418.0,437.0,447.0,451.0,462.0,476.0,811.0,897.0,915.0,
30.0,104.0,106.0,142.0,181.0,211.0,274.0,334.0,339.0,347.0,404.0,463.0,484.0,
10.0,62.0,160.0,184.0,189.0,194.0,227.0,230.0,246.0,252.0,282.0,284.0,341.0,378.0,382.0,403.0,421.0,465.0,480.0,739.0,754.0,810.0,822.0,846.0,923.0,947.0,
49.0,59.0,74.0,103.0,172.0,173.0,183.0,245.0,257.0,258.0,278.0,334.0,350.0,356.0,375.0,422.0,436.0,440.0,446.0,454.0,471.0,515.0,563.0,582.0,612.0,671.0,681.0,682.0,689.0,704.0,706.0,706.0,714.0,722.0,728.0,740.0,754.0,771.0,780.0,830.0,870.0,879.0,883.0,917.0,928.0,939.0,975.0,986.0,
28.0,41.0,111.0,144.0,170.0,197.0,212.0,250.0,268.0,308.0,322.0,368.0,429.0,446.0,491.0,499.0,505.0,506.0,534.0,537.0,568.0,584.0,615.0,666.0,667.0,673.0,694.0,715.0,716.0,720.0,766.0,784.0,793.0,804.0,871.0,887.0,924.0,966.0,990.0,
7.0,39.0,95.0,98.0,130.0,169.0,172.0,227.0,280.0,283.0,356.0,487.0,522.0,541.0,574.0,580.0,610.0,612.0,618.0,676.0,687.0,710.0,739.0,751.0,797.0,819.0,829.0,834.0,879.0,908.0,910.0,925.0,954.0,958.0,961.0,965.0,983.0,
36.0,54.0,63.0,70.0,78.0,85.0,115.0,142.0,156.0,223.0,236.0,265.0,297.0,341.0,413.0,444.0,848.0,945.0,956.0,
20.0,32.0,83.0,95.0,105.0,118.0,168.0,234.0,326.0,334.0,337.0,373.0,388.0,471.0,492.0,
23.0,38.0,48.0,60.0,130.0,151.0,170.0,199.0,238.0,286.0,312.0,419.0,421.0,483.0,763.0,904.0,910.0,
20.0,26.0,47.0,78.0,139.0,148.0,191.0,213.0,230.0,260.0,273.0,275.0,317.0,326.0,329.0,333.0,374.0,375.0,402.0,411.0,420.0,487.0,863.0,927.0,
12.0,22.0,32.0,39.0,47.0,52.0,61.0,92.0,161.0,190.0,203.0,221.0,235.0,258.0,266.0,288.0,298.0,308.0,315.0,380.0,399.0,443.0,448.0,458.0,463.0,476.0,492.0,797.0,916.0,972.0,
38.0,66.0,77.0,104.0,122.0,131.0,158.0,205.0,216.0,228.0,240.0,281.0,301.0,309.0,337.0,371.0,377.0,393.0,400.0,417.0,489.0,498.0,928.0,
12.0,34.0,55.0,57.0,59.0,73.0,73.0,74.0,82.0,116.0,125.0,137.0,162.0,188.0,191.0,213.0,217.0,224.0,338.0,345.0,358.0,358.0,418.0,451.0,457.0,487.0,493.0,759.0,802.0,843.0,970.0,975.0,
3.0,115.0,266.0,288.0,320.0,322.0,347.0,369.0,371.0,388.0,410.0,418.0,447.0,471.0,497.0,550.0,555.0,573.0,576.0,602.0,623.0,651.0,662.0,680.0,711.0,762.0,831.0,840.0,847.0,877.0,888.0,902.0,946.0,954.0,957.0,963.0,989.0,989.0,
8.0,80.0,88.0,91.0,111.0,113.0,113.0,160.0,182.0,199.0,224.0,244.0,249.0,254.0,289.0,292.0,299.0,303.0,358.0,375.0,421.0,441.0,455.0,484.0,510.0,522.0,527.0,531.0,539.0,558.0,595.0,620.0,626.0,662.0,715.0,732.0,778.0,806.0,816.0,834.0,835.0,837.0,869.0,876.0,901.0,903.0,906.0,924.0,933.0,950.0,
48.0,66.0,102.0,117.0,156.0,156.0,192.0,214.0,287.0,311.0,363.0,392.0,441.0,441.0,546.0,559.0,571.0,583.0,616.0,661.0,665.0,668.0,704.0,747.0,787.0,804.0,867.0,886.0,891.0,922.0,949.0,997.0,
44.0,51.0,131.0,134.0,158.0,163.0,175.0,184.0,202.0,261.0,315.0,329.0,339.0,351.0,410.0,410.0,423.0,424.0,440.0,482.0,669.0,674.0,716.0,725.0,755.0,915.0,936.0,950.0,
4.0,35.0,41.0,71.0,97.0,113.0,183.0,191.0,235.0,240.0,306.0,313.0,329.0,351.0,389.0,401.0,407.0,416.0,431.0,434.0,445.0,452.0,483.0,
8.0,28.0,66.0,100.0,101.0,116.0,143.0,172.0,185.0,191.0,227.0,241.0,251.0,269.0,407.0,727.0,753.0,824.0,833.0,952.0,
20.0,35.0,87.0,102.0,113.0,136.0,144.0,145.0,156.0,164.0,180.0,215.0,263.0,267.0,313.0,324.0,409.0,415.0,421.0,851.0,867.0,892.0,892.0,906.0,985.0,
20.0,22.0,98.0,114.0,150.0,196.0,210.0,248.0,287.0,321.0,374.0,430.0,452.0,490.0,500.0,503.0,
28.0,60.0,98.0,142.0,146.0,152.0,184.0,199.0,202.0,225.0,249.0,318.0,352.0,425.0,432.0,443.0,447.0,473.0,490.0,
6.0,24.0,55.0,56.0,96.0,102.0,188.0,192.0,222.0,240.0,271.0,273.0,347.0,382.0,410.0,444.0,452.0,470.0,473.0,482.0,491.0,505.0,720.0,756.0,776.0,802.0,812.0,837.0,846.0,
2.0,7.0,13.0,17.0,108.0,209.0,231.0,241.0,256.0,257.0,289.0,360.0,408.0,430.0,481.0,511.0,524.0,567.0,607.0,642.0,664.0,668.0,689.0,717.0,730.0,738.0,757.0,787.0,805.0,832.0,836.0,837.0,847.0,851.0,852.0,890.0,901.0,935.0,951.0,955.0,984.0,
86.0,105.0,106.0,115.0,143.0,218.0,283.0,284.0,294.0,320.0,335.0,356.0,426.0,482.0,487.0,508.0,578.0,639.0,666.0,666.0,675.0,696.0,707.0,771.0,776.0,789.0,817.0,840.0,914.0,923.0,924.0,
15.0,41.0,72.0,157.0,219.0,234.0,242.0,281.0,318.0,358.0,365.0,408.0,425.0,460.0,462.0,466.0,487.0,512.0,531.0,724.0,733.0,735.0,737.0,740.0,792.0,793.0,809.0,864.0,868.0,874.0,879.0,895.0,905.0,978.0,
14.0,35.0,48.0,54.0,97.0,110.0,123.0,177.0,196.0,297.0,319.0,319.0,354.0,358.0,369.0,416.0,430.0,471.0,484.0,485.0,510.0,560.0,597.0,637.0,715.0,750.0,753.0,762.0,777.0,778.0,789.0,789.0,824.0,824.0,827.0,828.0,829.0,836.0,837.0,842.0,844.0,847.0,851.0,875.0,886.0,887.0,904.0,954.0,959.0,970.0,984.0,
46.0,123.0,131.0,205.0,215.0,226.0,286.0,288.0,307.0,441.0,
19.0,47.0,60.0,72.0,94.0,131.0,139.0,186.0,234.0,242.0,316.0,353.0,359.0,406.0,413.0,485.0,488.0,495.0,509.0,
71.0,92.0,120.0,122.0,133.0,147.0,162.0,162.0,176.0,193.0,209.0,211.0,226.0,241.0,249.0,260.0,262.0,297.0,301.0,324.0,358.0,380.0,472.0,473.0,
48.0,64.0,115.0,139.0,187.0,193.0,202.0,208.0,214.0,230.0,239.0,291.0,330.0,386.0,447.0,460.0,489.0,
9.0,59.0,90.0,91.0,95.0,99.0,109.0,115.0,148.0,167.0,195.0,230.0,303.0,321.0,351.0,360.0,364.0,370.0,402.0,427.0,428.0,474.0,484.0,494.0,500.0,
59.0,155.0,166.0,169.0,209.0,327.0,335.0,336.0,349.0,353.0,364.0,370.0,382.0,390.0,415.0,422.0,424.0,450.0,470.0,485.0,611.0,658.0,682.0,688.0,695.0,698.0,713.0,735.0,744.0,753.0,777.0,778.0,780.0,857.0,862.0,863.0,868.0,916.0,917.0,934.0,938.0,967.0,971.0,
16.0,22.0,67.0,76.0,93.0,117.0,162.0,169.0,236.0,315.0,325.0,346.0,387.0,432.0,473.0,486.0,516.0,522.0,533.0,540.0,554.0,571.0,578.0,614.0,621.0,623.0,646.0,659.0,677.0,686.0,723.0,732.0,773.0,789.0,855.0,895.0,911.0,958.0,980.0,988.0,
39.0,43.0,50.0,89.0,125.0,129.0,149.0,181.0,193.0,232.0,252.0,280.0,319.0,399.0,429.0,500.0,512.0,522.0,531.0,543.0,560.0,596.0,611.0,619.0,695.0,717.0,722.0,772.0,782.0,830.0,886.0,898.0,938.0,
25.0,44.0,72.0,86.0,96.0,168.0,170.0,263.0,316.0,337.0,351.0,371.0,379.0,382.0,424.0,448.0,507.0,549.0,567.0,573.0,600.0,651.0,654.0,694.0,702.0,707.0,766.0,768.0,780.0,789.0,797.0,807.0,817.0,834.0,847.0,886.0,898.0,948.0,965.0,975.0,
14.0,59.0,60.0,99.0,106.0,121.0,205.0,208.0,245.0,246.0,258.0,264.0,317.0,328.0,353.0,370.0,371.0,399.0,413.0,431.0,438.0,444.0,484.0,660.0,681.0,687.0,700.0,740.0,772.0,775.0,802.0,816.0,851.0,900.0,901.0,903.0,925.0,939.0,959.0,990.0,
131.0,148.0,156.0,208.0,212.0,219.0,291.0,300.0,307.0,319.0,340.0,343.0,367.0,437.0,474.0,483.0,536.0,592.0,612.0,645.0,650.0,665.0,669.0,712.0,721.0,738.0,740.0,744.0,749.0,761.0,770.0,865.0,930.0,964.0,982.0,990.0,
129.0,151.0,157.0,172.0,190.0,235.0,243.0,250.0,268.0,286.0,320.0,321.0,351.0,366.0,375.0,402.0,432.0,442.0,474.0,499.0,683.0,738.0,756.0,813.0,909.0,937.0,994.0,
4.0,6.0,122.0,157.0,175.0,271.0,289.0,297.0,321.0,361.0,365.0,457.0,
42.0,49.0,53.0,64.0,67.0,95.0,100.0,149.0,156.0,196.0,201.0,257.0,264.0,316.0,357.0,388.0,410.0,412.0,417.0,448.0,463.0,466.0,468.0,663.0,725.0,725.0,896.0,912.0,965.0,999.0,
85.0,90.0,125.0,130.0,160.0,192.0,275.0,303.0,316.0,349.0,393.0,442.0,448.0,501.0,517.0,518.0,518.0,555.0,571.0,583.0,598.0,608.0,647.0,651.0,651.0,667.0,670.0,697.0,698.0,710.0,756.0,774.0,830.0,835.0,843.0,844.0,850.0,879.0,880.0,920.0,957.0,
81.0,83.0,258.0,345.0,370.0,375.0,419.0,427.0,494.0,496.0,505.0,559.0,570.0,573.0,583.0,634.0,746.0,756.0,762.0,796.0,844.0,867.0,949.0,969.0,975.0,
46.0,66.0,73.0,181.0,190.0,213.0,216.0,245.0,271.0,299.0,301.0,302.0,304.0,353.0,357.0,359.0,362.0,368.0,402.0,409.0,416.0,421.0,475.0,500.0,504.0,517.0,556.0,557.0,560.0,650.0,675.0,690.0,709.0,726.0,779.0,822.0,837.0,881.0,888.0,890.0,903.0,962.0,
11.0,11.0,33.0,44.0,77.0,106.0,107.0,109.0,112.0,129.0,243.0,243.0,290.0,292.0,330.0,333.0,353.0,406.0,414.0,423.0,436.0,450.0,474.0,477.0,490.0,508.0,510.0,523.0,537.0,558.0,573.0,597.0,602.0,611.0,628.0,634.0,655.0,658.0,664.0,664.0,683.0,705.0,709.0,710.0,723.0,729.0,749.0,836.0,848.0,854.0,863.0,871.0,886.0,898.0,908.0,939.0,960.0,
72.0,128.0,177.0,267.0,293.0,349.0,351.0,402.0,433.0,436.0,476.0,499.0,501.0,527.0,534.0,583.0,583.0,629.0,643.0,685.0,705.0,730.0,745.0,765.0,772.0,781.0,804.0,829.0,890.0,897.0,898.0,922.0,979.0,
31.0,52.0,72.0,145.0,152.0,162.0,165.0,186.0,190.0,197.0,227.0,255.0,280.0,303.0,310.0,313.0,330.0,343.0,380.0,391.0,433.0,443.0,459.0,512.0,537.0,547.0,553.0,566.0,579.0,583.0,595.0,602.0,603.0,613.0,628.0,641.0,648.0,651.0,678.0,756.0,800.0,803.0,804.0,820.0,867.0,941.0,950.0,956.0,989.0,
22.0,86.0,98.0,103.0,144.0,159.0,175.0,206.0,277.0,278.0,324.0,343.0,416.0,425.0,431.0,446.0,452.0,456.0,476.0,513.0,528.0,549.0,561.0,587.0,716.0,725.0,737.0,742.0,743.0,749.0,764.0,776.0,780.0,802.0,835.0,839.0,862.0,899.0,909.0,910.0,921.0,937.0,959.0,1000.0,
84.0,95.0,105.0,127.0,131.0,136.0,144.0,176.0,224.0,243.0,246.0,256.0,278.0,280.0,307.0,314.0,316.0,332.0,342.0,377.0,396.0,423.0,501.0,537.0,538.0,563.0,583.0,601.0,645.0,648.0,670.0,680.0,684.0,704.0,717.0,719.0,742.0,757.0,827.0,863.0,934.0,956.0,961.0,976.0,978.0,983.0,985.0,
24.0,56.0,68.0,94.0,97.0,178.0,200.0,234.0,234.0,260.0,265.0,286.0,288.0,301.0,305.0,307.0,345.0,492.0,493.0,522.0,545.0,567.0,571.0,595.0,652.0,658.0,663.0,666.0,685.0,702.0,705.0,752.0,795.0,823.0,850.0,867.0,888.0,905.0,918.0,960.0,999.0,
9.0,17.0,93.0,105.0,115.0,130.0,151.0,228.0,263.0,277.0,328.0,367.0,392.0,423.0,424.0,427.0,429.0,454.0,482.0,489.0,531.0,538.0,543.0,564.0,614.0,621.0,636.0,642.0,690.0,690.0,722.0,746.0,776.0,812.0,832.0,835.0,856.0,858.0,863.0,954.0,971.0,
7.0,33.0,86.0,110.0,122.0,177.0,187.0,189.0,202.0,236.0,249.0,294.0,330.0,353.0,385.0,446.0,504.0,509.0,534.0,567.0,572.0,577.0,653.0,662.0,667.0,716.0,724.0,727.0,740.0,785.0,820.0,832.0,839.0,898.0,951.0,991.0,993.0,
18.0,29.0,63.0,68.0,89.0,100.0,148.0,161.0,179.0,194.0,267.0,268.0,285.0,316.0,358.0,411.0,425.0,436.0,441.0,451.0,477.0,490.0,549.0,565.0,567.0,585.0,590.0,591.0,591.0,610.0,631.0,647.0,648.0,657.0,716.0,737.0,789.0,791.0,808.0,828.0,880.0,934.0,962.0,980.0,987.0,
15.0,28.0,41.0,55.0,62.0,77.0,147.0,172.0,218.0,244.0,282.0,283.0,333.0,353.0,386.0,393.0,417.0,440.0,450.0,475.0,505.0,516.0,595.0,684.0,697.0,726.0,748.0,772.0,794.0,823.0,839.0,843.0,864.0,871.0,881.0,907.0,931.0,951.0,980.0,985.0,
