42.0,47.0,55.0,152.0,155.0,213.0,222.0,223.0,279.0,421.0,437.0,516.0,549.0,550.0,565.0,579.0,595.0,615.0,650.0,680.0,685.0,730.0,748.0,749.0,774.0,777.0,805.0,830.0,854.0,873.0,903.0,907.0,907.0,930.0,991.0,
37.0,64.0,70.0,130.0,147.0,165.0,198.0,282.0,304.0,355.0,375.0,408.0,413.0,416.0,442.0,448.0,483.0,495.0,523.0,551.0,571.0,607.0,613.0,653.0,675.0,684.0,721.0,726.0,744.0,756.0,796.0,812.0,821.0,902.0,
86.0,107.0,131.0,153.0,177.0,186.0,218.0,314.0,353.0,360.0,382.0,441.0,495.0,495.0,510.0,552.0,572.0,711.0,736.0,760.0,808.0,820.0,852.0,896.0,914.0,977.0,
8.0,9.0,100.0,105.0,211.0,250.0,357.0,372.0,424.0,456.0,492.0,527.0,559.0,578.0,634.0,673.0,723.0,764.0,764.0,788.0,840.0,887.0,899.0,932.0,934.0,934.0,1000.0,
13.0,25.0,73.0,97.0,101.0,171.0,179.0,186.0,228.0,269.0,275.0,290.0,327.0,336.0,352.0,377.0,380.0,394.0,519.0,544.0,594.0,613.0,630.0,633.0,659.0,714.0,754.0,755.0,759.0,842.0,892.0,937.0,
10.0,10.0,49.0,65.0,96.0,162.0,203.0,215.0,241.0,289.0,304.0,305.0,306.0,341.0,352.0,359.0,389.0,410.0,458.0,477.0,490.0,537.0,585.0,623.0,625.0,664.0,706.0,763.0,796.0,807.0,829.0,838.0,932.0,950.0,988.0,
39.0,115.0,125.0,141.0,162.0,182.0,198.0,199.0,207.0,271.0,352.0,362.0,410.0,417.0,472.0,526.0,540.0,556.0,557.0,586.0,702.0,728.0,736.0,772.0,773.0,822.0,864.0,888.0,941.0,973.0,995.0,
31.0,45.0,60.0,64.0,88.0,99.0,136.0,141.0,143.0,143.0,175.0,178.0,270.0,278.0,400.0,437.0,446.0,457.0,463.0,519.0,540.0,546.0,571.0,582.0,587.0,615.0,652.0,776.0,808.0,904.0,912.0,927.0,975.0,
69.0,83.0,96.0,174.0,179.0,183.0,221.0,225.0,231.0,298.0,312.0,343.0,369.0,373.0,415.0,422.0,432.0,491.0,491.0,492.0,509.0,518.0,544.0,625.0,675.0,690.0,743.0,790.0,798.0,800.0,841.0,915.0,918.0,941.0,947.0,951.0,965.0,980.0,984.0,985.0,
11.0,64.0,73.0,75.0,84.0,106.0,167.0,173.0,177.0,199.0,214.0,252.0,276.0,319.0,367.0,397.0,414.0,427.0,449.0,499.0,512.0,523.0,531.0,540.0,559.0,566.0,602.0,650.0,651.0,653.0,655.0,665.0,666.0,718.0,784.0,807.0,855.0,928.0,940.0,974.0,
2.0,46.0,57.0,65.0,70.0,72.0,97.0,130.0,130.0,140.0,208.0,229.0,275.0,286.0,302.0,314.0,331.0,360.0,374.0,394.0,410.0,452.0,478.0,491.0,494.0,522.0,545.0,563.0,592.0,600.0,605.0,625.0,666.0,695.0,720.0,757.0,785.0,808.0,847.0,848.0,850.0,859.0,899.0,903.0,997.0,
4.0,9.0,20.0,26.0,80.0,107.0,118.0,118.0,131.0,151.0,199.0,203.0,219.0,223.0,235.0,262.0,280.0,349.0,382.0,461.0,484.0,486.0,580.0,583.0,605.0,616.0,645.0,691.0,749.0,774.0,784.0,785.0,786.0,869.0,886.0,949.0,951.0,
17.0,24.0,67.0,69.0,79.0,86.0,115.0,124.0,127.0,157.0,253.0,272.0,303.0,304.0,425.0,481.0,507.0,507.0,511.0,519.0,574.0,636.0,642.0,668.0,682.0,691.0,710.0,800.0,807.0,819.0,853.0,
21.0,54.0,74.0,96.0,97.0,117.0,135.0,141.0,237.0,244.0,255.0,258.0,261.0,302.0,348.0,395.0,426.0,430.0,442.0,464.0,473.0,475.0,480.0,494.0,514.0,516.0,517.0,524.0,525.0,528.0,532.0,534.0,535.0,543.0,547.0,549.0,554.0,559.0,572.0,593.0,599.0,615.0,617.0,617.0,624.0,630.0,648.0,650.0,654.0,681.0,688.0,689.0,696.0,700.0,705.0,714.0,769.0,772.0,793.0,796.0,812.0,823.0,841.0,892.0,936.0,948.0,958.0,966.0,991.0,
9.0,47.0,49.0,71.0,87.0,95.0,123.0,136.0,139.0,204.0,232.0,239.0,248.0,308.0,371.0,413.0,447.0,473.0,497.0,499.0,506.0,519.0,519.0,522.0,522.0,525.0,525.0,536.0,539.0,541.0,544.0,547.0,564.0,571.0,572.0,573.0,576.0,577.0,578.0,584.0,599.0,605.0,606.0,608.0,608.0,620.0,622.0,623.0,634.0,639.0,641.0,642.0,648.0,657.0,667.0,671.0,700.0,718.0,722.0,726.0,766.0,779.0,782.0,785.0,790.0,793.0,821.0,821.0,828.0,831.0,850.0,872.0,876.0,884.0,892.0,895.0,902.0,913.0,917.0,920.0,931.0,933.0,942.0,985.0,
19.0,20.0,54.0,88.0,91.0,107.0,113.0,122.0,126.0,164.0,182.0,246.0,254.0,256.0,270.0,301.0,377.0,383.0,486.0,512.0,516.0,519.0,521.0,522.0,525.0,531.0,535.0,544.0,546.0,547.0,555.0,569.0,571.0,585.0,589.0,589.0,589.0,593.0,595.0,606.0,606.0,627.0,645.0,660.0,660.0,670.0,676.0,682.0,696.0,697.0,736.0,737.0,771.0,776.0,777.0,781.0,782.0,818.0,841.0,863.0,865.0,883.0,890.0,934.0,938.0,974.0,978.0,978.0,980.0,988.0,997.0,998.0,
48.0,109.0,112.0,144.0,151.0,205.0,207.0,232.0,247.0,294.0,305.0,326.0,326.0,327.0,405.0,413.0,464.0,480.0,484.0,497.0,531.0,534.0,542.0,545.0,546.0,550.0,552.0,559.0,560.0,561.0,563.0,570.0,572.0,578.0,582.0,586.0,589.0,594.0,615.0,623.0,650.0,662.0,670.0,675.0,686.0,691.0,699.0,701.0,706.0,708.0,711.0,721.0,734.0,769.0,783.0,789.0,804.0,837.0,853.0,867.0,893.0,896.0,903.0,908.0,919.0,948.0,949.0,954.0,983.0,
17.0,63.0,116.0,116.0,184.0,186.0,231.0,279.0,343.0,408.0,412.0,462.0,499.0,506.0,518.0,535.0,549.0,554.0,563.0,565.0,568.0,569.0,570.0,584.0,600.0,606.0,608.0,619.0,628.0,656.0,662.0,683.0,683.0,690.0,705.0,711.0,713.0,714.0,738.0,748.0,749.0,751.0,770.0,782.0,788.0,795.0,799.0,801.0,813.0,857.0,864.0,887.0,918.0,931.0,951.0,966.0,969.0,978.0,
14.0,139.0,225.0,236.0,270.0,284.0,322.0,335.0,343.0,364.0,368.0,375.0,389.0,394.0,395.0,396.0,430.0,437.0,442.0,462.0,494.0,497.0,506.0,525.0,536.0,537.0,540.0,595.0,611.0,619.0,620.0,680.0,743.0,766.0,773.0,775.0,784.0,793.0,814.0,821.0,821.0,836.0,927.0,944.0,978.0,
8.0,32.0,76.0,149.0,157.0,209.0,218.0,351.0,372.0,393.0,429.0,457.0,469.0,504.0,511.0,615.0,635.0,649.0,652.0,666.0,698.0,717.0,779.0,794.0,794.0,824.0,830.0,849.0,931.0,936.0,968.0,970.0,996.0,
13.0,24.0,30.0,46.0,78.0,91.0,110.0,122.0,145.0,161.0,172.0,203.0,208.0,240.0,244.0,458.0,493.0,498.0,508.0,511.0,524.0,529.0,656.0,664.0,700.0,701.0,743.0,766.0,811.0,821.0,870.0,884.0,892.0,892.0,933.0,961.0,980.0,993.0,
45.0,50.0,178.0,205.0,381.0,419.0,491.0,549.0,557.0,559.0,579.0,610.0,639.0,644.0,653.0,706.0,717.0,737.0,751.0,785.0,800.0,814.0,838.0,858.0,915.0,964.0,986.0,
28.0,40.0,80.0,108.0,129.0,151.0,158.0,165.0,201.0,229.0,238.0,301.0,319.0,342.0,349.0,351.0,375.0,439.0,461.0,475.0,500.0,515.0,520.0,523.0,526.0,536.0,541.0,547.0,548.0,553.0,557.0,559.0,563.0,565.0,568.0,569.0,571.0,574.0,577.0,580.0,582.0,585.0,591.0,591.0,595.0,612.0,612.0,612.0,614.0,639.0,652.0,652.0,656.0,662.0,670.0,683.0,688.0,689.0,697.0,697.0,722.0,735.0,751.0,778.0,779.0,781.0,782.0,794.0,795.0,814.0,867.0,871.0,878.0,887.0,891.0,891.0,897.0,915.0,923.0,930.0,932.0,953.0,963.0,964.0,966.0,967.0,986.0,987.0,993.0,999.0,
94.0,112.0,142.0,204.0,206.0,210.0,216.0,246.0,256.0,272.0,284.0,314.0,318.0,319.0,372.0,392.0,413.0,431.0,465.0,488.0,494.0,528.0,533.0,544.0,548.0,569.0,570.0,573.0,578.0,581.0,585.0,585.0,589.0,590.0,591.0,594.0,597.0,601.0,611.0,629.0,635.0,640.0,685.0,686.0,706.0,710.0,714.0,738.0,758.0,761.0,772.0,781.0,795.0,817.0,821.0,824.0,830.0,848.0,866.0,868.0,873.0,897.0,912.0,947.0,960.0,986.0,
24.0,31.0,31.0,64.0,77.0,111.0,117.0,117.0,169.0,171.0,172.0,198.0,221.0,254.0,262.0,264.0,291.0,295.0,328.0,357.0,373.0,384.0,418.0,438.0,439.0,453.0,461.0,516.0,518.0,520.0,526.0,526.0,535.0,536.0,540.0,544.0,559.0,560.0,560.0,563.0,565.0,572.0,579.0,587.0,589.0,601.0,606.0,628.0,632.0,655.0,667.0,686.0,719.0,720.0,742.0,770.0,802.0,805.0,819.0,844.0,844.0,845.0,850.0,852.0,859.0,870.0,879.0,894.0,897.0,906.0,928.0,972.0,977.0,994.0,1000.0,
12.0,98.0,102.0,107.0,113.0,127.0,142.0,151.0,167.0,219.0,249.0,293.0,363.0,386.0,390.0,434.0,442.0,446.0,496.0,519.0,523.0,528.0,536.0,541.0,541.0,548.0,552.0,559.0,563.0,565.0,575.0,583.0,584.0,591.0,599.0,622.0,638.0,641.0,651.0,652.0,668.0,690.0,693.0,700.0,710.0,726.0,733.0,768.0,807.0,809.0,813.0,817.0,941.0,973.0,978.0,987.0,989.0,
22.0,40.0,53.0,70.0,87.0,129.0,135.0,198.0,230.0,276.0,304.0,346.0,358.0,398.0,405.0,423.0,504.0,518.0,532.0,534.0,537.0,545.0,552.0,555.0,558.0,561.0,567.0,568.0,573.0,578.0,582.0,586.0,607.0,613.0,615.0,630.0,649.0,653.0,655.0,681.0,696.0,698.0,701.0,722.0,729.0,743.0,758.0,767.0,793.0,793.0,795.0,800.0,805.0,814.0,817.0,825.0,828.0,833.0,847.0,849.0,854.0,885.0,890.0,910.0,943.0,954.0,960.0,961.0,979.0,998.0,
20.0,41.0,75.0,81.0,93.0,112.0,173.0,183.0,194.0,210.0,232.0,254.0,254.0,317.0,337.0,342.0,386.0,411.0,415.0,450.0,468.0,485.0,490.0,511.0,515.0,516.0,518.0,529.0,533.0,533.0,534.0,546.0,551.0,552.0,555.0,557.0,566.0,577.0,584.0,586.0,605.0,609.0,612.0,627.0,633.0,634.0,635.0,637.0,640.0,680.0,684.0,685.0,696.0,710.0,716.0,720.0,720.0,757.0,769.0,778.0,780.0,782.0,788.0,790.0,804.0,807.0,832.0,838.0,839.0,869.0,878.0,889.0,890.0,891.0,892.0,897.0,897.0,899.0,908.0,921.0,959.0,965.0,968.0,980.0,982.0,
26.0,69.0,78.0,79.0,86.0,93.0,109.0,162.0,174.0,178.0,192.0,211.0,297.0,312.0,312.0,353.0,416.0,422.0,440.0,521.0,525.0,533.0,548.0,551.0,564.0,573.0,575.0,575.0,579.0,588.0,593.0,604.0,606.0,614.0,620.0,624.0,661.0,682.0,694.0,698.0,698.0,730.0,745.0,753.0,754.0,764.0,765.0,766.0,786.0,799.0,839.0,845.0,863.0,869.0,870.0,900.0,957.0,982.0,986.0,988.0,1000.0,
74.0,79.0,175.0,195.0,200.0,203.0,233.0,256.0,279.0,284.0,287.0,289.0,290.0,330.0,332.0,344.0,352.0,411.0,411.0,423.0,447.0,447.0,447.0,470.0,474.0,504.0,513.0,518.0,526.0,539.0,552.0,552.0,552.0,557.0,591.0,747.0,781.0,796.0,886.0,890.0,960.0,985.0,
140.0,215.0,365.0,374.0,388.0,388.0,457.0,464.0,507.0,616.0,645.0,668.0,710.0,740.0,778.0,813.0,932.0,999.0,
41.0,45.0,58.0,90.0,141.0,182.0,196.0,197.0,230.0,239.0,267.0,274.0,312.0,324.0,347.0,370.0,499.0,521.0,542.0,551.0,555.0,564.0,580.0,581.0,605.0,606.0,615.0,625.0,637.0,650.0,659.0,666.0,671.0,672.0,700.0,794.0,803.0,820.0,858.0,859.0,863.0,864.0,867.0,869.0,870.0,886.0,918.0,926.0,929.0,939.0,964.0,969.0,
18.0,48.0,48.0,126.0,135.0,138.0,139.0,163.0,221.0,261.0,268.0,294.0,302.0,304.0,335.0,337.0,349.0,406.0,415.0,443.0,461.0,486.0,493.0,497.0,518.0,524.0,546.0,548.0,549.0,549.0,553.0,563.0,567.0,569.0,572.0,572.0,580.0,585.0,587.0,587.0,597.0,599.0,608.0,629.0,637.0,638.0,666.0,666.0,674.0,678.0,683.0,692.0,699.0,707.0,713.0,717.0,727.0,733.0,738.0,754.0,771.0,779.0,780.0,805.0,808.0,820.0,828.0,858.0,860.0,875.0,878.0,879.0,881.0,887.0,903.0,911.0,912.0,919.0,923.0,928.0,934.0,939.0,956.0,976.0,987.0,
2.0,51.0,69.0,71.0,93.0,158.0,169.0,284.0,289.0,309.0,380.0,396.0,411.0,469.0,470.0,523.0,529.0,530.0,538.0,540.0,544.0,552.0,553.0,553.0,554.0,565.0,566.0,570.0,579.0,582.0,584.0,590.0,621.0,621.0,625.0,639.0,640.0,647.0,649.0,654.0,659.0,671.0,687.0,688.0,701.0,703.0,705.0,712.0,715.0,717.0,719.0,724.0,732.0,763.0,769.0,777.0,778.0,819.0,842.0,850.0,853.0,868.0,892.0,901.0,905.0,948.0,973.0,977.0,
88.0,99.0,182.0,192.0,318.0,327.0,330.0,359.0,372.0,406.0,438.0,460.0,465.0,485.0,523.0,528.0,532.0,532.0,541.0,542.0,546.0,549.0,550.0,555.0,558.0,567.0,569.0,572.0,589.0,595.0,595.0,599.0,623.0,624.0,630.0,632.0,641.0,643.0,660.0,662.0,672.0,688.0,691.0,729.0,730.0,743.0,758.0,761.0,773.0,778.0,782.0,806.0,806.0,815.0,824.0,835.0,839.0,841.0,860.0,870.0,898.0,899.0,937.0,948.0,965.0,968.0,
71.0,101.0,118.0,135.0,148.0,165.0,192.0,234.0,248.0,258.0,275.0,308.0,310.0,345.0,376.0,382.0,439.0,504.0,511.0,513.0,515.0,521.0,525.0,528.0,529.0,536.0,537.0,541.0,542.0,544.0,546.0,547.0,549.0,549.0,560.0,561.0,564.0,572.0,578.0,584.0,614.0,620.0,640.0,647.0,684.0,692.0,693.0,785.0,792.0,820.0,887.0,901.0,907.0,910.0,930.0,941.0,948.0,954.0,965.0,968.0,969.0,979.0,991.0,
25.0,53.0,93.0,100.0,112.0,129.0,136.0,151.0,152.0,167.0,169.0,173.0,193.0,195.0,225.0,248.0,250.0,254.0,310.0,353.0,426.0,430.0,433.0,443.0,520.0,521.0,530.0,531.0,531.0,534.0,536.0,536.0,546.0,551.0,553.0,565.0,574.0,582.0,584.0,591.0,613.0,613.0,614.0,616.0,616.0,622.0,651.0,653.0,669.0,686.0,704.0,726.0,762.0,785.0,803.0,839.0,879.0,883.0,935.0,942.0,971.0,972.0,978.0,
13.0,39.0,56.0,111.0,127.0,174.0,195.0,290.0,314.0,338.0,341.0,394.0,419.0,441.0,454.0,497.0,515.0,523.0,524.0,538.0,539.0,545.0,551.0,556.0,559.0,562.0,569.0,576.0,578.0,615.0,619.0,625.0,639.0,645.0,652.0,655.0,673.0,676.0,727.0,738.0,739.0,760.0,798.0,834.0,847.0,861.0,864.0,888.0,930.0,937.0,939.0,975.0,987.0,
5.0,28.0,31.0,49.0,61.0,112.0,122.0,134.0,150.0,169.0,179.0,186.0,187.0,195.0,208.0,231.0,239.0,305.0,342.0,394.0,395.0,401.0,408.0,431.0,512.0,524.0,526.0,527.0,527.0,528.0,528.0,529.0,529.0,532.0,539.0,539.0,547.0,562.0,566.0,570.0,575.0,576.0,584.0,585.0,588.0,590.0,591.0,593.0,602.0,606.0,619.0,623.0,634.0,640.0,647.0,654.0,664.0,672.0,676.0,685.0,697.0,697.0,701.0,702.0,723.0,745.0,755.0,756.0,776.0,797.0,800.0,815.0,837.0,837.0,851.0,858.0,860.0,874.0,886.0,897.0,910.0,954.0,965.0,970.0,982.0,
3.0,44.0,47.0,52.0,68.0,143.0,155.0,199.0,211.0,218.0,231.0,240.0,243.0,275.0,288.0,296.0,345.0,420.0,425.0,436.0,450.0,470.0,503.0,507.0,521.0,526.0,528.0,529.0,535.0,541.0,548.0,560.0,562.0,566.0,567.0,570.0,573.0,575.0,602.0,620.0,623.0,649.0,650.0,657.0,665.0,668.0,693.0,718.0,723.0,729.0,745.0,749.0,773.0,776.0,786.0,795.0,805.0,827.0,861.0,956.0,972.0,976.0,980.0,983.0,994.0,
13.0,40.0,106.0,109.0,118.0,197.0,211.0,218.0,220.0,226.0,323.0,332.0,349.0,360.0,392.0,417.0,438.0,439.0,460.0,470.0,474.0,486.0,494.0,503.0,540.0,558.0,636.0,647.0,714.0,840.0,957.0,968.0,977.0,1000.0,
14.0,22.0,32.0,67.0,69.0,108.0,110.0,146.0,167.0,215.0,232.0,251.0,283.0,313.0,358.0,359.0,445.0,476.0,476.0,521.0,530.0,530.0,537.0,541.0,544.0,563.0,564.0,567.0,585.0,588.0,597.0,603.0,606.0,609.0,631.0,641.0,691.0,701.0,718.0,722.0,742.0,750.0,756.0,762.0,782.0,813.0,820.0,835.0,843.0,855.0,877.0,891.0,892.0,893.0,921.0,928.0,937.0,938.0,948.0,952.0,974.0,977.0,994.0,
17.0,90.0,146.0,204.0,228.0,236.0,249.0,273.0,288.0,318.0,395.0,409.0,415.0,424.0,436.0,439.0,455.0,458.0,523.0,528.0,530.0,535.0,537.0,542.0,543.0,551.0,552.0,554.0,556.0,556.0,559.0,583.0,583.0,591.0,591.0,591.0,595.0,596.0,596.0,611.0,621.0,626.0,650.0,661.0,664.0,667.0,668.0,688.0,695.0,724.0,763.0,771.0,820.0,850.0,856.0,856.0,883.0,888.0,889.0,890.0,891.0,945.0,980.0,
33.0,40.0,53.0,111.0,121.0,133.0,215.0,243.0,262.0,265.0,275.0,281.0,300.0,322.0,326.0,365.0,368.0,373.0,378.0,398.0,422.0,469.0,502.0,511.0,530.0,542.0,548.0,550.0,566.0,567.0,592.0,598.0,607.0,619.0,633.0,684.0,690.0,702.0,703.0,713.0,714.0,734.0,737.0,752.0,753.0,785.0,810.0,811.0,824.0,856.0,883.0,887.0,907.0,908.0,923.0,928.0,937.0,942.0,950.0,959.0,964.0,981.0,
53.0,88.0,106.0,113.0,113.0,126.0,283.0,289.0,291.0,324.0,327.0,377.0,390.0,418.0,472.0,488.0,498.0,515.0,517.0,518.0,526.0,540.0,547.0,553.0,553.0,555.0,556.0,557.0,561.0,562.0,566.0,576.0,577.0,583.0,584.0,590.0,593.0,601.0,612.0,612.0,615.0,625.0,627.0,633.0,633.0,660.0,660.0,662.0,669.0,683.0,685.0,690.0,699.0,726.0,729.0,734.0,736.0,740.0,812.0,824.0,824.0,880.0,889.0,892.0,893.0,903.0,920.0,928.0,942.0,958.0,996.0,
4.0,25.0,38.0,52.0,64.0,86.0,127.0,149.0,161.0,167.0,219.0,228.0,289.0,361.0,365.0,460.0,517.0,520.0,520.0,524.0,528.0,538.0,560.0,562.0,564.0,570.0,578.0,593.0,607.0,615.0,624.0,624.0,627.0,630.0,631.0,637.0,673.0,692.0,708.0,711.0,781.0,799.0,808.0,846.0,871.0,882.0,918.0,951.0,956.0,
9.0,16.0,21.0,26.0,68.0,98.0,149.0,171.0,211.0,242.0,245.0,267.0,274.0,278.0,284.0,304.0,308.0,332.0,346.0,385.0,385.0,408.0,538.0,542.0,546.0,547.0,549.0,550.0,550.0,551.0,553.0,557.0,557.0,558.0,558.0,559.0,562.0,578.0,597.0,597.0,613.0,618.0,636.0,670.0,670.0,728.0,744.0,773.0,791.0,810.0,827.0,828.0,830.0,837.0,847.0,854.0,861.0,939.0,
54.0,56.0,102.0,184.0,254.0,284.0,286.0,290.0,361.0,387.0,499.0,519.0,521.0,525.0,528.0,547.0,547.0,560.0,565.0,567.0,568.0,570.0,571.0,594.0,597.0,601.0,608.0,619.0,625.0,626.0,640.0,646.0,649.0,653.0,655.0,667.0,669.0,683.0,729.0,736.0,758.0,765.0,767.0,847.0,861.0,870.0,895.0,954.0,972.0,983.0,984.0,
40.0,48.0,62.0,87.0,88.0,89.0,95.0,111.0,161.0,172.0,197.0,254.0,265.0,302.0,337.0,385.0,396.0,397.0,475.0,481.0,511.0,515.0,524.0,533.0,541.0,542.0,545.0,566.0,567.0,571.0,575.0,580.0,584.0,588.0,593.0,598.0,610.0,619.0,622.0,644.0,652.0,653.0,653.0,658.0,695.0,735.0,813.0,817.0,852.0,853.0,862.0,868.0,869.0,878.0,890.0,932.0,947.0,
17.0,26.0,94.0,110.0,196.0,199.0,233.0,272.0,304.0,319.0,342.0,433.0,477.0,486.0,507.0,530.0,531.0,533.0,539.0,552.0,562.0,565.0,571.0,572.0,575.0,578.0,582.0,584.0,588.0,589.0,591.0,592.0,595.0,599.0,617.0,618.0,632.0,634.0,643.0,648.0,658.0,677.0,681.0,724.0,732.0,739.0,746.0,750.0,767.0,768.0,795.0,824.0,860.0,875.0,917.0,920.0,926.0,937.0,969.0,988.0,1000.0,
81.0,96.0,106.0,106.0,176.0,195.0,217.0,246.0,250.0,291.0,291.0,293.0,299.0,340.0,374.0,397.0,434.0,436.0,441.0,510.0,533.0,541.0,544.0,551.0,553.0,574.0,687.0,752.0,766.0,806.0,835.0,837.0,858.0,907.0,920.0,
31.0,56.0,94.0,111.0,120.0,132.0,142.0,144.0,196.0,215.0,242.0,272.0,302.0,335.0,360.0,380.0,388.0,404.0,407.0,514.0,527.0,536.0,541.0,542.0,547.0,550.0,551.0,558.0,563.0,563.0,564.0,585.0,602.0,605.0,621.0,638.0,656.0,666.0,672.0,678.0,680.0,682.0,683.0,685.0,689.0,708.0,730.0,747.0,815.0,818.0,821.0,843.0,847.0,851.0,854.0,873.0,879.0,880.0,888.0,892.0,911.0,972.0,985.0,993.0,994.0,1000.0,
20.0,28.0,53.0,80.0,96.0,100.0,127.0,137.0,143.0,143.0,144.0,220.0,248.0,264.0,290.0,322.0,360.0,363.0,482.0,485.0,520.0,522.0,537.0,541.0,545.0,547.0,549.0,560.0,565.0,570.0,571.0,574.0,606.0,616.0,617.0,655.0,667.0,687.0,720.0,720.0,721.0,734.0,745.0,747.0,773.0,781.0,788.0,789.0,823.0,830.0,835.0,836.0,848.0,869.0,930.0,941.0,950.0,979.0,991.0,1000.0,
18.0,31.0,65.0,65.0,107.0,112.0,112.0,117.0,173.0,223.0,237.0,239.0,271.0,283.0,293.0,298.0,305.0,325.0,345.0,356.0,413.0,476.0,505.0,507.0,513.0,526.0,528.0,532.0,536.0,537.0,543.0,545.0,545.0,547.0,552.0,553.0,553.0,562.0,573.0,574.0,576.0,577.0,582.0,583.0,583.0,594.0,595.0,611.0,619.0,626.0,629.0,640.0,695.0,723.0,750.0,758.0,762.0,785.0,789.0,850.0,876.0,877.0,883.0,886.0,897.0,935.0,936.0,951.0,980.0,992.0,
8.0,37.0,67.0,84.0,111.0,128.0,152.0,158.0,182.0,199.0,209.0,221.0,233.0,271.0,273.0,301.0,309.0,317.0,345.0,398.0,403.0,414.0,419.0,454.0,468.0,487.0,506.0,512.0,515.0,518.0,521.0,527.0,533.0,539.0,540.0,556.0,557.0,562.0,568.0,571.0,572.0,579.0,580.0,583.0,591.0,596.0,604.0,611.0,628.0,639.0,646.0,669.0,691.0,718.0,727.0,736.0,745.0,757.0,806.0,813.0,823.0,831.0,849.0,858.0,863.0,870.0,900.0,933.0,976.0,983.0,999.0,
81.0,93.0,105.0,115.0,179.0,197.0,208.0,267.0,399.0,403.0,455.0,513.0,514.0,518.0,523.0,527.0,530.0,534.0,543.0,545.0,545.0,548.0,550.0,567.0,571.0,571.0,584.0,591.0,622.0,626.0,628.0,634.0,674.0,708.0,729.0,739.0,756.0,797.0,807.0,831.0,833.0,882.0,895.0,956.0,981.0,
54.0,85.0,128.0,130.0,133.0,147.0,160.0,171.0,243.0,246.0,251.0,271.0,279.0,291.0,314.0,321.0,340.0,353.0,373.0,386.0,447.0,450.0,513.0,521.0,522.0,533.0,533.0,536.0,544.0,549.0,551.0,554.0,557.0,557.0,559.0,559.0,565.0,565.0,567.0,570.0,577.0,579.0,595.0,601.0,604.0,619.0,634.0,640.0,644.0,651.0,671.0,682.0,685.0,697.0,704.0,721.0,724.0,731.0,745.0,853.0,860.0,861.0,862.0,871.0,871.0,898.0,912.0,928.0,931.0,932.0,960.0,967.0,982.0,
10.0,40.0,51.0,68.0,70.0,73.0,97.0,204.0,221.0,234.0,241.0,273.0,283.0,339.0,342.0,346.0,382.0,458.0,470.0,491.0,514.0,529.0,529.0,536.0,537.0,538.0,538.0,543.0,544.0,549.0,552.0,554.0,554.0,557.0,566.0,573.0,576.0,584.0,590.0,615.0,616.0,627.0,628.0,629.0,632.0,636.0,639.0,648.0,651.0,663.0,677.0,683.0,692.0,696.0,746.0,764.0,792.0,797.0,808.0,815.0,851.0,858.0,861.0,862.0,872.0,874.0,906.0,923.0,929.0,952.0,984.0,989.0,1000.0,1000.0,1000.0,
6.0,94.0,97.0,120.0,127.0,161.0,201.0,241.0,263.0,285.0,302.0,319.0,371.0,380.0,406.0,439.0,449.0,460.0,462.0,510.0,524.0,525.0,526.0,528.0,533.0,536.0,540.0,544.0,546.0,552.0,554.0,557.0,568.0,573.0,583.0,584.0,597.0,600.0,606.0,609.0,623.0,634.0,659.0,662.0,679.0,711.0,719.0,720.0,727.0,728.0,730.0,760.0,809.0,819.0,854.0,904.0,910.0,930.0,931.0,935.0,965.0,965.0,975.0,983.0,992.0,
4.0,20.0,54.0,82.0,195.0,200.0,213.0,226.0,245.0,259.0,263.0,283.0,308.0,309.0,340.0,432.0,446.0,451.0,528.0,532.0,536.0,539.0,542.0,543.0,545.0,546.0,546.0,556.0,559.0,560.0,562.0,577.0,595.0,625.0,631.0,633.0,644.0,651.0,654.0,659.0,701.0,702.0,718.0,733.0,753.0,758.0,772.0,787.0,800.0,808.0,819.0,825.0,836.0,837.0,859.0,870.0,878.0,898.0,900.0,937.0,941.0,952.0,974.0,975.0,997.0,
21.0,59.0,95.0,100.0,117.0,161.0,175.0,210.0,211.0,250.0,269.0,290.0,295.0,308.0,310.0,311.0,321.0,329.0,354.0,355.0,365.0,368.0,379.0,391.0,415.0,490.0,496.0,509.0,528.0,613.0,650.0,669.0,728.0,736.0,774.0,793.0,883.0,
10.0,55.0,97.0,133.0,145.0,150.0,160.0,168.0,223.0,247.0,266.0,267.0,350.0,360.0,373.0,381.0,403.0,417.0,431.0,458.0,475.0,499.0,544.0,546.0,561.0,569.0,575.0,584.0,593.0,605.0,608.0,612.0,616.0,629.0,631.0,648.0,667.0,669.0,673.0,678.0,679.0,686.0,690.0,706.0,724.0,736.0,747.0,747.0,769.0,773.0,796.0,807.0,835.0,851.0,852.0,876.0,891.0,892.0,904.0,915.0,923.0,924.0,932.0,949.0,956.0,967.0,991.0,996.0,
51.0,61.0,62.0,137.0,142.0,154.0,175.0,208.0,228.0,276.0,427.0,441.0,445.0,445.0,474.0,479.0,500.0,508.0,510.0,518.0,524.0,525.0,532.0,533.0,547.0,552.0,570.0,571.0,575.0,578.0,579.0,594.0,595.0,605.0,605.0,612.0,612.0,619.0,631.0,638.0,660.0,667.0,674.0,675.0,701.0,707.0,710.0,717.0,725.0,732.0,733.0,750.0,763.0,769.0,782.0,783.0,792.0,806.0,815.0,826.0,832.0,886.0,889.0,898.0,900.0,901.0,902.0,903.0,907.0,920.0,936.0,985.0,986.0,
20.0,38.0,81.0,154.0,207.0,238.0,245.0,292.0,307.0,311.0,340.0,397.0,404.0,529.0,531.0,542.0,542.0,545.0,545.0,546.0,549.0,556.0,561.0,567.0,578.0,589.0,590.0,597.0,611.0,629.0,658.0,662.0,668.0,678.0,692.0,696.0,742.0,747.0,747.0,833.0,859.0,916.0,926.0,947.0,
36.0,42.0,70.0,79.0,156.0,162.0,222.0,311.0,336.0,343.0,413.0,451.0,454.0,480.0,483.0,489.0,518.0,519.0,524.0,534.0,538.0,538.0,544.0,546.0,556.0,562.0,567.0,571.0,573.0,573.0,576.0,581.0,599.0,629.0,660.0,667.0,670.0,697.0,697.0,707.0,737.0,743.0,744.0,745.0,756.0,761.0,789.0,801.0,833.0,841.0,856.0,870.0,895.0,908.0,909.0,972.0,976.0,
8.0,16.0,56.0,65.0,74.0,111.0,130.0,149.0,171.0,243.0,278.0,283.0,322.0,346.0,367.0,418.0,465.0,466.0,509.0,526.0,542.0,544.0,546.0,549.0,552.0,552.0,559.0,563.0,564.0,572.0,587.0,599.0,606.0,607.0,615.0,636.0,639.0,646.0,666.0,685.0,693.0,696.0,707.0,739.0,763.0,786.0,799.0,801.0,813.0,818.0,820.0,823.0,845.0,846.0,885.0,903.0,906.0,929.0,933.0,944.0,946.0,961.0,986.0,991.0,996.0,
4.0,14.0,80.0,82.0,105.0,135.0,150.0,158.0,161.0,164.0,168.0,268.0,315.0,339.0,347.0,411.0,430.0,434.0,437.0,438.0,439.0,445.0,483.0,496.0,501.0,510.0,520.0,523.0,531.0,536.0,541.0,542.0,546.0,547.0,548.0,548.0,549.0,550.0,552.0,565.0,566.0,574.0,584.0,590.0,593.0,596.0,605.0,613.0,654.0,728.0,751.0,782.0,782.0,803.0,822.0,844.0,879.0,881.0,890.0,907.0,909.0,914.0,972.0,
41.0,49.0,55.0,68.0,78.0,132.0,170.0,175.0,190.0,238.0,267.0,274.0,291.0,299.0,307.0,334.0,337.0,419.0,425.0,468.0,476.0,518.0,526.0,552.0,553.0,554.0,558.0,564.0,577.0,579.0,582.0,587.0,597.0,607.0,608.0,619.0,623.0,629.0,637.0,646.0,704.0,714.0,731.0,740.0,740.0,760.0,768.0,795.0,806.0,843.0,843.0,857.0,867.0,875.0,879.0,886.0,891.0,939.0,975.0,995.0,
14.0,36.0,61.0,183.0,188.0,223.0,243.0,262.0,279.0,295.0,298.0,311.0,324.0,343.0,396.0,423.0,425.0,436.0,456.0,479.0,511.0,525.0,543.0,545.0,546.0,555.0,570.0,572.0,572.0,587.0,594.0,600.0,603.0,603.0,626.0,632.0,641.0,653.0,655.0,676.0,689.0,690.0,753.0,798.0,829.0,838.0,862.0,875.0,882.0,941.0,942.0,942.0,959.0,973.0,976.0,981.0,986.0,994.0,
5.0,29.0,29.0,51.0,105.0,115.0,127.0,165.0,189.0,216.0,234.0,255.0,271.0,300.0,317.0,318.0,341.0,351.0,364.0,364.0,384.0,397.0,400.0,516.0,535.0,538.0,543.0,554.0,554.0,556.0,556.0,559.0,566.0,570.0,574.0,581.0,583.0,585.0,590.0,590.0,597.0,611.0,615.0,620.0,653.0,655.0,668.0,681.0,690.0,705.0,716.0,720.0,727.0,781.0,812.0,827.0,857.0,891.0,891.0,893.0,898.0,921.0,977.0,981.0,995.0,
86.0,97.0,119.0,139.0,214.0,227.0,250.0,256.0,314.0,316.0,329.0,335.0,377.0,390.0,437.0,501.0,537.0,549.0,557.0,639.0,699.0,747.0,812.0,840.0,864.0,874.0,928.0,946.0,947.0,952.0,
31.0,40.0,67.0,72.0,170.0,177.0,193.0,218.0,229.0,254.0,288.0,342.0,345.0,368.0,377.0,398.0,419.0,448.0,493.0,522.0,529.0,539.0,550.0,551.0,558.0,567.0,596.0,610.0,617.0,636.0,679.0,693.0,730.0,745.0,753.0,813.0,824.0,834.0,862.0,881.0,884.0,905.0,919.0,926.0,930.0,970.0,975.0,975.0,985.0,998.0,
66.0,83.0,93.0,117.0,120.0,157.0,166.0,180.0,181.0,204.0,231.0,235.0,304.0,347.0,372.0,398.0,431.0,452.0,474.0,475.0,508.0,520.0,524.0,528.0,533.0,536.0,543.0,549.0,552.0,553.0,560.0,566.0,569.0,586.0,587.0,589.0,609.0,612.0,620.0,631.0,633.0,638.0,641.0,652.0,676.0,679.0,687.0,699.0,711.0,723.0,736.0,746.0,754.0,759.0,760.0,764.0,771.0,807.0,808.0,809.0,823.0,845.0,877.0,879.0,879.0,897.0,904.0,919.0,924.0,959.0,972.0,987.0,992.0,
17.0,32.0,34.0,39.0,113.0,132.0,143.0,206.0,221.0,237.0,278.0,295.0,295.0,316.0,328.0,329.0,382.0,415.0,426.0,459.0,515.0,517.0,524.0,528.0,530.0,535.0,547.0,547.0,551.0,551.0,553.0,556.0,559.0,560.0,569.0,573.0,580.0,582.0,597.0,614.0,627.0,635.0,638.0,650.0,661.0,667.0,670.0,674.0,688.0,709.0,750.0,755.0,768.0,795.0,822.0,827.0,835.0,838.0,842.0,857.0,892.0,940.0,
39.0,70.0,94.0,111.0,122.0,125.0,145.0,178.0,184.0,227.0,246.0,268.0,324.0,424.0,437.0,439.0,455.0,488.0,520.0,528.0,531.0,546.0,547.0,556.0,561.0,574.0,576.0,579.0,589.0,599.0,622.0,626.0,627.0,648.0,650.0,653.0,659.0,660.0,699.0,727.0,730.0,742.0,780.0,793.0,819.0,829.0,839.0,842.0,851.0,854.0,871.0,879.0,908.0,910.0,917.0,937.0,946.0,954.0,960.0,984.0,
17.0,103.0,113.0,135.0,148.0,195.0,235.0,262.0,276.0,295.0,317.0,336.0,350.0,431.0,459.0,484.0,511.0,515.0,524.0,536.0,543.0,547.0,551.0,552.0,575.0,576.0,583.0,586.0,588.0,589.0,595.0,601.0,611.0,653.0,686.0,758.0,759.0,764.0,766.0,791.0,816.0,819.0,860.0,889.0,899.0,910.0,914.0,934.0,943.0,982.0,998.0,
21.0,82.0,119.0,132.0,139.0,326.0,339.0,376.0,406.0,408.0,422.0,442.0,450.0,460.0,502.0,517.0,532.0,532.0,534.0,535.0,538.0,539.0,543.0,562.0,567.0,568.0,569.0,590.0,593.0,598.0,602.0,611.0,614.0,621.0,629.0,637.0,638.0,654.0,660.0,668.0,698.0,708.0,716.0,719.0,722.0,798.0,808.0,812.0,836.0,841.0,863.0,864.0,867.0,871.0,875.0,931.0,936.0,967.0,999.0,
20.0,56.0,80.0,84.0,89.0,96.0,99.0,142.0,143.0,150.0,167.0,175.0,236.0,257.0,304.0,315.0,344.0,350.0,380.0,431.0,487.0,499.0,537.0,540.0,547.0,554.0,555.0,555.0,565.0,575.0,578.0,583.0,585.0,586.0,602.0,611.0,626.0,629.0,639.0,657.0,657.0,666.0,673.0,715.0,760.0,776.0,788.0,792.0,801.0,837.0,837.0,875.0,884.0,890.0,912.0,921.0,929.0,936.0,944.0,976.0,
3.0,59.0,86.0,87.0,120.0,133.0,137.0,142.0,178.0,187.0,214.0,223.0,225.0,234.0,377.0,403.0,414.0,451.0,456.0,502.0,525.0,528.0,528.0,529.0,533.0,549.0,550.0,552.0,554.0,559.0,561.0,563.0,575.0,582.0,589.0,603.0,615.0,616.0,621.0,655.0,658.0,660.0,680.0,680.0,686.0,734.0,735.0,756.0,769.0,796.0,808.0,815.0,815.0,824.0,825.0,828.0,848.0,849.0,859.0,877.0,895.0,896.0,900.0,910.0,919.0,919.0,939.0,942.0,975.0,999.0,
5.0,36.0,68.0,81.0,88.0,135.0,138.0,188.0,190.0,196.0,199.0,265.0,285.0,291.0,304.0,354.0,393.0,412.0,426.0,434.0,460.0,486.0,487.0,498.0,505.0,520.0,529.0,530.0,536.0,540.0,555.0,562.0,585.0,594.0,605.0,620.0,637.0,656.0,660.0,664.0,674.0,675.0,676.0,686.0,723.0,741.0,745.0,759.0,775.0,784.0,810.0,819.0,825.0,847.0,886.0,899.0,924.0,924.0,938.0,942.0,951.0,960.0,961.0,969.0,978.0,989.0,
32.0,53.0,90.0,93.0,135.0,143.0,208.0,281.0,339.0,371.0,376.0,383.0,404.0,504.0,582.0,609.0,622.0,716.0,732.0,789.0,920.0,924.0,987.0,
41.0,48.0,48.0,60.0,65.0,74.0,243.0,262.0,282.0,294.0,300.0,329.0,335.0,355.0,402.0,414.0,523.0,532.0,548.0,574.0,579.0,674.0,674.0,730.0,785.0,808.0,822.0,846.0,849.0,925.0,966.0,983.0,
24.0,53.0,65.0,67.0,95.0,107.0,161.0,163.0,163.0,268.0,301.0,311.0,321.0,344.0,456.0,507.0,538.0,540.0,546.0,550.0,554.0,556.0,558.0,560.0,568.0,573.0,586.0,586.0,588.0,589.0,596.0,642.0,646.0,659.0,662.0,694.0,695.0,709.0,719.0,720.0,721.0,725.0,740.0,756.0,770.0,785.0,797.0,810.0,814.0,826.0,842.0,851.0,877.0,891.0,898.0,913.0,950.0,954.0,973.0,981.0,985.0,
44.0,110.0,114.0,118.0,148.0,170.0,190.0,190.0,219.0,235.0,239.0,296.0,317.0,334.0,355.0,432.0,475.0,492.0,493.0,511.0,513.0,514.0,518.0,522.0,528.0,533.0,534.0,537.0,539.0,552.0,563.0,563.0,568.0,569.0,573.0,574.0,574.0,578.0,583.0,588.0,600.0,600.0,604.0,616.0,616.0,630.0,632.0,637.0,639.0,655.0,662.0,667.0,671.0,727.0,730.0,745.0,755.0,769.0,772.0,777.0,781.0,797.0,802.0,816.0,836.0,867.0,868.0,883.0,892.0,919.0,932.0,932.0,939.0,960.0,963.0,974.0,978.0,985.0,
50.0,66.0,69.0,75.0,162.0,166.0,176.0,235.0,277.0,289.0,340.0,343.0,403.0,417.0,436.0,454.0,472.0,513.0,521.0,527.0,541.0,550.0,552.0,555.0,558.0,561.0,563.0,572.0,580.0,581.0,582.0,583.0,586.0,589.0,590.0,600.0,602.0,613.0,618.0,626.0,629.0,637.0,643.0,653.0,662.0,665.0,702.0,730.0,759.0,774.0,792.0,798.0,800.0,803.0,804.0,830.0,845.0,875.0,880.0,882.0,884.0,911.0,933.0,940.0,960.0,965.0,966.0,971.0,988.0,
170.0,186.0,190.0,204.0,223.0,230.0,285.0,295.0,354.0,369.0,418.0,429.0,506.0,536.0,538.0,545.0,547.0,551.0,552.0,557.0,567.0,570.0,582.0,583.0,585.0,601.0,614.0,616.0,628.0,630.0,639.0,641.0,672.0,673.0,678.0,683.0,706.0,718.0,726.0,731.0,745.0,789.0,792.0,798.0,842.0,854.0,864.0,925.0,927.0,978.0,997.0,
21.0,23.0,29.0,107.0,119.0,179.0,279.0,293.0,330.0,365.0,391.0,425.0,519.0,525.0,528.0,532.0,535.0,548.0,553.0,554.0,556.0,557.0,559.0,585.0,589.0,589.0,592.0,598.0,601.0,603.0,603.0,604.0,625.0,634.0,639.0,667.0,668.0,669.0,673.0,679.0,690.0,695.0,713.0,726.0,760.0,764.0,766.0,771.0,800.0,821.0,821.0,831.0,831.0,874.0,885.0,887.0,928.0,937.0,948.0,976.0,992.0,998.0,
90.0,90.0,106.0,118.0,144.0,145.0,148.0,196.0,213.0,244.0,246.0,280.0,285.0,290.0,313.0,324.0,438.0,496.0,520.0,534.0,539.0,551.0,558.0,568.0,569.0,576.0,580.0,585.0,586.0,589.0,589.0,592.0,592.0,594.0,598.0,604.0,607.0,613.0,616.0,616.0,631.0,632.0,641.0,643.0,646.0,647.0,648.0,654.0,664.0,693.0,709.0,709.0,711.0,722.0,723.0,769.0,774.0,776.0,789.0,803.0,807.0,815.0,822.0,855.0,860.0,867.0,879.0,899.0,903.0,904.0,994.0,
22.0,79.0,117.0,129.0,143.0,227.0,231.0,233.0,298.0,328.0,338.0,356.0,359.0,376.0,400.0,411.0,412.0,422.0,525.0,530.0,532.0,535.0,537.0,544.0,562.0,562.0,563.0,565.0,576.0,581.0,614.0,616.0,623.0,639.0,641.0,645.0,652.0,653.0,675.0,676.0,693.0,701.0,711.0,714.0,718.0,736.0,741.0,775.0,786.0,789.0,825.0,828.0,849.0,868.0,909.0,909.0,911.0,924.0,931.0,937.0,947.0,955.0,975.0,981.0,993.0,
34.0,35.0,73.0,81.0,105.0,106.0,115.0,120.0,123.0,128.0,186.0,217.0,220.0,225.0,243.0,306.0,312.0,328.0,376.0,397.0,402.0,493.0,493.0,501.0,514.0,520.0,524.0,555.0,572.0,608.0,767.0,793.0,816.0,846.0,849.0,968.0,
10.0,23.0,33.0,34.0,87.0,133.0,268.0,277.0,322.0,330.0,334.0,355.0,363.0,470.0,489.0,533.0,542.0,551.0,585.0,600.0,628.0,634.0,666.0,673.0,748.0,810.0,827.0,858.0,877.0,884.0,916.0,989.0,
41.0,59.0,79.0,97.0,125.0,135.0,150.0,174.0,243.0,292.0,338.0,347.0,394.0,403.0,442.0,451.0,451.0,494.0,583.0,654.0,764.0,845.0,875.0,978.0,980.0,
3.0,39.0,55.0,58.0,69.0,88.0,105.0,151.0,185.0,202.0,203.0,218.0,246.0,266.0,294.0,360.0,363.0,481.0,498.0,525.0,526.0,537.0,539.0,555.0,581.0,602.0,641.0,663.0,672.0,734.0,735.0,767.0,792.0,794.0,803.0,840.0,878.0,879.0,941.0,
22.0,49.0,52.0,61.0,89.0,123.0,134.0,150.0,157.0,176.0,213.0,252.0,257.0,304.0,327.0,358.0,374.0,385.0,405.0,417.0,425.0,445.0,469.0,473.0,478.0,487.0,492.0,524.0,532.0,532.0,534.0,536.0,536.0,546.0,557.0,564.0,564.0,565.0,565.0,586.0,598.0,599.0,647.0,653.0,653.0,678.0,680.0,682.0,688.0,711.0,717.0,727.0,735.0,736.0,767.0,775.0,776.0,783.0,800.0,822.0,836.0,849.0,855.0,878.0,886.0,886.0,920.0,966.0,988.0,991.0,
2.0,3.0,50.0,63.0,149.0,176.0,228.0,229.0,255.0,262.0,265.0,291.0,314.0,353.0,367.0,369.0,370.0,479.0,512.0,512.0,523.0,530.0,531.0,541.0,542.0,543.0,552.0,560.0,564.0,573.0,579.0,582.0,584.0,587.0,587.0,587.0,594.0,596.0,599.0,600.0,606.0,625.0,626.0,655.0,663.0,679.0,696.0,705.0,713.0,715.0,718.0,734.0,739.0,750.0,751.0,752.0,756.0,758.0,788.0,793.0,796.0,799.0,802.0,810.0,837.0,847.0,861.0,861.0,886.0,897.0,910.0,919.0,924.0,958.0,967.0,
49.0,73.0,101.0,134.0,208.0,219.0,226.0,232.0,247.0,264.0,331.0,363.0,382.0,413.0,422.0,434.0,476.0,515.0,531.0,531.0,532.0,539.0,547.0,548.0,551.0,552.0,552.0,553.0,554.0,554.0,564.0,564.0,571.0,573.0,581.0,581.0,586.0,588.0,589.0,595.0,609.0,622.0,624.0,632.0,648.0,650.0,661.0,667.0,683.0,694.0,718.0,720.0,724.0,731.0,736.0,738.0,740.0,758.0,775.0,781.0,783.0,802.0,831.0,874.0,875.0,878.0,933.0,967.0,968.0,979.0,
21.0,57.0,97.0,114.0,155.0,187.0,223.0,288.0,312.0,324.0,368.0,374.0,391.0,415.0,424.0,504.0,510.0,515.0,518.0,522.0,524.0,531.0,539.0,539.0,544.0,545.0,551.0,552.0,566.0,567.0,571.0,578.0,587.0,594.0,596.0,601.0,602.0,603.0,639.0,641.0,647.0,688.0,695.0,719.0,724.0,735.0,758.0,761.0,763.0,769.0,776.0,779.0,789.0,800.0,817.0,842.0,843.0,846.0,848.0,850.0,853.0,887.0,911.0,929.0,935.0,938.0,938.0,989.0,992.0,995.0,996.0,
11.0,23.0,45.0,57.0,87.0,154.0,159.0,166.0,182.0,208.0,215.0,216.0,274.0,277.0,296.0,306.0,320.0,371.0,396.0,397.0,399.0,403.0,440.0,486.0,492.0,511.0,528.0,530.0,532.0,532.0,539.0,564.0,569.0,599.0,604.0,613.0,618.0,624.0,640.0,662.0,663.0,664.0,687.0,689.0,695.0,708.0,713.0,738.0,740.0,743.0,762.0,771.0,781.0,788.0,913.0,935.0,936.0,953.0,991.0,997.0,
17.0,44.0,63.0,102.0,160.0,174.0,184.0,201.0,220.0,260.0,276.0,314.0,333.0,408.0,500.0,501.0,522.0,541.0,562.0,572.0,597.0,614.0,623.0,643.0,706.0,706.0,729.0,837.0,839.0,854.0,861.0,931.0,940.0,953.0,981.0,
42.0,83.0,113.0,129.0,133.0,137.0,187.0,189.0,215.0,218.0,241.0,247.0,328.0,403.0,444.0,509.0,522.0,541.0,610.0,635.0,658.0,693.0,712.0,713.0,747.0,749.0,763.0,780.0,995.0,
