14.0,26.0,55.0,60.0,92.0,100.0,115.0,138.0,210.0,233.0,296.0,299.0,310.0,334.0,366.0,368.0,386.0,400.0,410.0,441.0,462.0,512.0,513.0,578.0,584.0,595.0,644.0,647.0,676.0,709.0,802.0,832.0,851.0,873.0,882.0,894.0,943.0,
41.0,67.0,69.0,133.0,149.0,156.0,185.0,224.0,225.0,231.0,231.0,250.0,257.0,263.0,328.0,331.0,342.0,405.0,413.0,416.0,434.0,443.0,449.0,472.0,500.0,510.0,547.0,558.0,566.0,730.0,742.0,771.0,788.0,799.0,871.0,884.0,885.0,889.0,937.0,941.0,
15.0,32.0,41.0,55.0,80.0,84.0,109.0,115.0,131.0,131.0,142.0,167.0,167.0,196.0,204.0,226.0,244.0,248.0,332.0,333.0,335.0,409.0,437.0,474.0,517.0,521.0,564.0,584.0,604.0,668.0,674.0,693.0,704.0,725.0,790.0,834.0,840.0,945.0,955.0,997.0,
15.0,39.0,59.0,66.0,138.0,196.0,230.0,234.0,242.0,314.0,331.0,349.0,417.0,431.0,457.0,467.0,505.0,510.0,528.0,535.0,553.0,579.0,608.0,653.0,659.0,771.0,812.0,837.0,868.0,905.0,906.0,921.0,935.0,959.0,994.0,
3.0,36.0,84.0,96.0,118.0,195.0,212.0,243.0,243.0,255.0,262.0,319.0,346.0,365.0,378.0,414.0,452.0,469.0,506.0,589.0,622.0,651.0,652.0,697.0,710.0,736.0,739.0,758.0,764.0,868.0,923.0,984.0,999.0,
24.0,85.0,128.0,171.0,196.0,221.0,275.0,276.0,286.0,294.0,320.0,321.0,411.0,421.0,438.0,446.0,479.0,527.0,590.0,601.0,604.0,618.0,660.0,678.0,693.0,705.0,820.0,861.0,866.0,919.0,922.0,942.0,980.0,981.0,
2.0,12.0,28.0,50.0,109.0,116.0,117.0,201.0,312.0,326.0,353.0,382.0,400.0,415.0,439.0,448.0,497.0,498.0,570.0,585.0,590.0,623.0,627.0,655.0,689.0,695.0,702.0,712.0,727.0,769.0,780.0,807.0,855.0,856.0,867.0,918.0,948.0,999.0,
61.0,106.0,168.0,204.0,282.0,283.0,294.0,312.0,314.0,357.0,359.0,377.0,384.0,404.0,432.0,527.0,531.0,609.0,637.0,708.0,714.0,739.0,757.0,791.0,826.0,834.0,848.0,856.0,862.0,904.0,914.0,980.0,994.0,
40.0,70.0,81.0,113.0,114.0,144.0,166.0,176.0,183.0,189.0,204.0,239.0,240.0,241.0,263.0,272.0,292.0,294.0,327.0,390.0,402.0,418.0,449.0,456.0,471.0,498.0,538.0,539.0,591.0,616.0,671.0,699.0,703.0,704.0,729.0,799.0,802.0,819.0,822.0,834.0,871.0,996.0,
5.0,34.0,41.0,74.0,89.0,101.0,112.0,172.0,184.0,261.0,263.0,271.0,283.0,302.0,343.0,354.0,359.0,445.0,453.0,506.0,549.0,550.0,570.0,584.0,627.0,634.0,697.0,705.0,749.0,806.0,807.0,820.0,894.0,901.0,920.0,930.0,964.0,
54.0,56.0,138.0,146.0,186.0,204.0,221.0,234.0,258.0,313.0,316.0,328.0,344.0,372.0,409.0,433.0,451.0,454.0,493.0,511.0,566.0,586.0,593.0,601.0,677.0,705.0,712.0,751.0,762.0,781.0,807.0,850.0,851.0,944.0,966.0,971.0,981.0,
21.0,61.0,88.0,143.0,160.0,172.0,273.0,358.0,402.0,483.0,491.0,493.0,500.0,518.0,528.0,552.0,593.0,597.0,598.0,607.0,693.0,698.0,713.0,716.0,755.0,771.0,788.0,792.0,834.0,895.0,900.0,907.0,945.0,975.0,993.0,
3.0,21.0,32.0,41.0,43.0,54.0,116.0,133.0,211.0,223.0,255.0,272.0,327.0,331.0,359.0,367.0,398.0,399.0,412.0,416.0,422.0,496.0,603.0,604.0,614.0,636.0,655.0,657.0,676.0,682.0,695.0,708.0,711.0,724.0,761.0,781.0,918.0,924.0,939.0,940.0,976.0,
49.0,92.0,125.0,168.0,184.0,226.0,243.0,256.0,266.0,289.0,291.0,315.0,333.0,344.0,356.0,378.0,398.0,409.0,435.0,449.0,453.0,514.0,526.0,541.0,619.0,623.0,624.0,666.0,689.0,718.0,821.0,868.0,875.0,917.0,977.0,1000.0,
15.0,58.0,101.0,181.0,203.0,213.0,213.0,305.0,309.0,336.0,342.0,353.0,400.0,413.0,429.0,484.0,532.0,542.0,699.0,709.0,711.0,793.0,872.0,877.0,889.0,905.0,933.0,934.0,947.0,964.0,980.0,985.0,
28.0,36.0,39.0,42.0,44.0,114.0,150.0,237.0,250.0,257.0,269.0,288.0,295.0,308.0,333.0,353.0,386.0,398.0,438.0,468.0,493.0,501.0,537.0,540.0,574.0,622.0,627.0,663.0,664.0,677.0,680.0,728.0,736.0,741.0,775.0,775.0,834.0,838.0,843.0,871.0,906.0,916.0,930.0,935.0,979.0,
60.0,119.0,236.0,237.0,256.0,274.0,353.0,361.0,372.0,390.0,429.0,436.0,438.0,456.0,465.0,466.0,470.0,513.0,515.0,521.0,554.0,562.0,569.0,588.0,618.0,628.0,650.0,651.0,678.0,732.0,735.0,735.0,735.0,758.0,779.0,779.0,785.0,786.0,854.0,896.0,939.0,954.0,968.0,
27.0,60.0,69.0,95.0,113.0,129.0,139.0,155.0,181.0,192.0,235.0,258.0,280.0,308.0,314.0,322.0,426.0,465.0,519.0,522.0,535.0,537.0,559.0,663.0,669.0,675.0,676.0,688.0,800.0,836.0,840.0,847.0,874.0,929.0,974.0,
38.0,84.0,111.0,117.0,128.0,143.0,155.0,178.0,246.0,254.0,267.0,298.0,333.0,384.0,392.0,392.0,434.0,467.0,471.0,478.0,517.0,522.0,550.0,579.0,586.0,590.0,625.0,691.0,751.0,757.0,794.0,806.0,815.0,865.0,891.0,893.0,899.0,940.0,977.0,
14.0,39.0,60.0,83.0,93.0,111.0,117.0,128.0,149.0,158.0,281.0,323.0,333.0,335.0,376.0,378.0,428.0,467.0,474.0,508.0,518.0,585.0,604.0,652.0,671.0,712.0,725.0,731.0,789.0,877.0,896.0,914.0,938.0,
49.0,56.0,96.0,97.0,131.0,167.0,214.0,221.0,229.0,236.0,239.0,246.0,286.0,287.0,297.0,299.0,299.0,339.0,400.0,409.0,411.0,433.0,438.0,442.0,467.0,481.0,493.0,535.0,537.0,543.0,546.0,608.0,631.0,680.0,742.0,754.0,856.0,924.0,945.0,
60.0,89.0,129.0,169.0,173.0,214.0,220.0,287.0,294.0,297.0,509.0,537.0,610.0,623.0,624.0,629.0,692.0,694.0,703.0,738.0,753.0,780.0,786.0,799.0,820.0,860.0,885.0,894.0,904.0,917.0,951.0,951.0,961.0,985.0,992.0,
42.0,93.0,118.0,160.0,161.0,235.0,249.0,253.0,267.0,276.0,278.0,291.0,318.0,329.0,343.0,378.0,390.0,392.0,415.0,427.0,519.0,527.0,559.0,569.0,571.0,589.0,643.0,666.0,707.0,717.0,752.0,768.0,817.0,853.0,875.0,907.0,915.0,924.0,948.0,
46.0,64.0,111.0,154.0,175.0,209.0,213.0,224.0,231.0,294.0,304.0,306.0,342.0,389.0,425.0,440.0,462.0,506.0,537.0,555.0,559.0,566.0,572.0,578.0,579.0,593.0,633.0,658.0,672.0,687.0,720.0,728.0,774.0,779.0,818.0,822.0,844.0,855.0,918.0,919.0,934.0,939.0,983.0,986.0,
42.0,44.0,82.0,114.0,127.0,141.0,162.0,162.0,209.0,215.0,232.0,260.0,274.0,300.0,336.0,345.0,361.0,409.0,459.0,470.0,480.0,502.0,530.0,549.0,570.0,576.0,602.0,611.0,638.0,672.0,706.0,718.0,721.0,741.0,760.0,784.0,785.0,793.0,811.0,871.0,882.0,886.0,947.0,989.0,
4.0,59.0,62.0,64.0,87.0,166.0,283.0,344.0,391.0,401.0,407.0,423.0,447.0,476.0,531.0,591.0,627.0,645.0,655.0,657.0,689.0,736.0,737.0,751.0,767.0,789.0,838.0,850.0,886.0,893.0,923.0,945.0,951.0,959.0,1000.0,
42.0,79.0,121.0,151.0,182.0,232.0,272.0,284.0,337.0,344.0,389.0,390.0,422.0,426.0,430.0,450.0,490.0,551.0,591.0,595.0,604.0,615.0,625.0,637.0,654.0,690.0,693.0,719.0,730.0,755.0,766.0,803.0,827.0,832.0,832.0,834.0,876.0,880.0,893.0,894.0,900.0,933.0,967.0,
3.0,25.0,27.0,83.0,119.0,131.0,151.0,180.0,224.0,254.0,263.0,286.0,381.0,455.0,471.0,519.0,519.0,548.0,553.0,572.0,616.0,633.0,676.0,682.0,741.0,822.0,846.0,887.0,892.0,911.0,915.0,922.0,953.0,956.0,962.0,974.0,
46.0,144.0,152.0,169.0,211.0,212.0,224.0,253.0,280.0,286.0,289.0,298.0,340.0,351.0,358.0,385.0,414.0,423.0,435.0,480.0,513.0,583.0,611.0,616.0,674.0,693.0,720.0,744.0,755.0,755.0,771.0,778.0,785.0,797.0,815.0,833.0,841.0,882.0,890.0,989.0,
115.0,154.0,236.0,258.0,259.0,270.0,373.0,412.0,431.0,443.0,448.0,484.0,502.0,535.0,535.0,537.0,577.0,608.0,614.0,693.0,703.0,714.0,750.0,795.0,813.0,821.0,832.0,863.0,912.0,993.0,
21.0,65.0,87.0,116.0,118.0,176.0,190.0,199.0,227.0,239.0,240.0,294.0,331.0,345.0,377.0,418.0,439.0,440.0,441.0,457.0,558.0,593.0,594.0,602.0,602.0,781.0,785.0,789.0,807.0,838.0,841.0,857.0,865.0,868.0,890.0,911.0,911.0,923.0,946.0,962.0,
20.0,79.0,83.0,108.0,148.0,181.0,214.0,316.0,317.0,352.0,354.0,356.0,360.0,387.0,410.0,466.0,502.0,503.0,603.0,658.0,753.0,755.0,760.0,763.0,830.0,831.0,835.0,852.0,885.0,896.0,912.0,927.0,931.0,939.0,979.0,986.0,
50.0,51.0,54.0,164.0,184.0,290.0,293.0,349.0,356.0,359.0,364.0,377.0,380.0,419.0,423.0,439.0,445.0,445.0,447.0,452.0,460.0,535.0,551.0,559.0,674.0,720.0,749.0,767.0,829.0,838.0,864.0,869.0,876.0,911.0,
26.0,40.0,60.0,72.0,107.0,111.0,140.0,149.0,161.0,164.0,174.0,203.0,214.0,255.0,267.0,275.0,295.0,302.0,328.0,380.0,436.0,469.0,469.0,569.0,573.0,587.0,728.0,769.0,783.0,789.0,791.0,810.0,820.0,853.0,899.0,917.0,917.0,957.0,959.0,
25.0,38.0,41.0,122.0,137.0,140.0,189.0,190.0,214.0,260.0,265.0,291.0,295.0,315.0,318.0,366.0,443.0,447.0,536.0,673.0,725.0,854.0,879.0,882.0,
10.0,41.0,69.0,89.0,127.0,132.0,142.0,211.0,225.0,243.0,291.0,302.0,344.0,371.0,387.0,409.0,409.0,424.0,457.0,471.0,493.0,665.0,687.0,704.0,720.0,754.0,761.0,795.0,822.0,830.0,846.0,850.0,864.0,884.0,927.0,936.0,997.0,
124.0,163.0,176.0,189.0,222.0,242.0,277.0,315.0,318.0,360.0,417.0,431.0,449.0,450.0,464.0,521.0,577.0,605.0,610.0,693.0,742.0,748.0,778.0,797.0,799.0,844.0,912.0,921.0,928.0,958.0,964.0,
38.0,40.0,61.0,120.0,143.0,208.0,208.0,230.0,243.0,305.0,306.0,307.0,317.0,329.0,350.0,404.0,427.0,443.0,499.0,509.0,561.0,593.0,631.0,647.0,653.0,684.0,702.0,723.0,737.0,739.0,746.0,752.0,773.0,786.0,800.0,814.0,839.0,928.0,943.0,946.0,999.0,
7.0,59.0,100.0,123.0,160.0,175.0,203.0,357.0,389.0,405.0,422.0,423.0,469.0,475.0,504.0,579.0,579.0,590.0,597.0,601.0,733.0,734.0,773.0,806.0,807.0,827.0,830.0,839.0,853.0,886.0,927.0,953.0,993.0,
75.0,116.0,132.0,136.0,146.0,177.0,206.0,239.0,266.0,276.0,301.0,356.0,371.0,468.0,478.0,486.0,499.0,532.0,571.0,573.0,587.0,600.0,636.0,653.0,672.0,679.0,697.0,712.0,767.0,775.0,869.0,901.0,951.0,984.0,996.0,
4.0,52.0,108.0,110.0,137.0,158.0,164.0,179.0,211.0,213.0,252.0,270.0,317.0,350.0,354.0,372.0,404.0,461.0,514.0,518.0,519.0,563.0,572.0,615.0,627.0,648.0,690.0,693.0,713.0,760.0,881.0,888.0,902.0,906.0,916.0,928.0,
5.0,6.0,36.0,37.0,76.0,78.0,106.0,129.0,139.0,146.0,149.0,149.0,193.0,231.0,239.0,271.0,308.0,326.0,393.0,399.0,423.0,441.0,488.0,503.0,525.0,536.0,549.0,557.0,565.0,584.0,611.0,639.0,656.0,663.0,683.0,714.0,776.0,796.0,829.0,855.0,913.0,917.0,929.0,937.0,946.0,
30.0,32.0,43.0,126.0,133.0,191.0,214.0,220.0,253.0,257.0,262.0,278.0,286.0,288.0,290.0,329.0,354.0,357.0,370.0,395.0,412.0,452.0,455.0,529.0,575.0,590.0,598.0,620.0,660.0,673.0,689.0,710.0,717.0,719.0,741.0,775.0,782.0,786.0,788.0,802.0,804.0,812.0,880.0,893.0,911.0,928.0,938.0,948.0,951.0,956.0,
28.0,50.0,77.0,119.0,128.0,132.0,146.0,160.0,162.0,200.0,221.0,252.0,254.0,258.0,259.0,261.0,274.0,276.0,295.0,441.0,459.0,480.0,567.0,576.0,621.0,656.0,678.0,681.0,682.0,714.0,724.0,759.0,761.0,782.0,788.0,800.0,839.0,860.0,879.0,897.0,919.0,958.0,988.0,988.0,
6.0,16.0,25.0,37.0,65.0,151.0,185.0,187.0,207.0,251.0,255.0,311.0,347.0,369.0,389.0,435.0,439.0,477.0,486.0,490.0,503.0,
53.0,80.0,92.0,93.0,123.0,124.0,128.0,136.0,140.0,153.0,179.0,192.0,244.0,264.0,282.0,353.0,409.0,460.0,503.0,
17.0,51.0,69.0,71.0,83.0,106.0,185.0,195.0,199.0,237.0,275.0,299.0,363.0,378.0,380.0,391.0,418.0,481.0,490.0,
2.0,9.0,10.0,36.0,88.0,218.0,218.0,269.0,287.0,379.0,397.0,401.0,409.0,411.0,420.0,434.0,462.0,505.0,582.0,604.0,629.0,630.0,669.0,689.0,795.0,800.0,803.0,819.0,828.0,834.0,885.0,905.0,927.0,951.0,973.0,993.0,
80.0,89.0,125.0,155.0,158.0,205.0,212.0,218.0,228.0,230.0,241.0,267.0,364.0,366.0,397.0,476.0,485.0,549.0,582.0,655.0,673.0,673.0,701.0,707.0,780.0,810.0,811.0,816.0,819.0,857.0,863.0,890.0,899.0,917.0,936.0,981.0,998.0,
60.0,66.0,156.0,253.0,292.0,306.0,322.0,323.0,362.0,398.0,432.0,437.0,482.0,515.0,577.0,604.0,637.0,641.0,688.0,701.0,731.0,732.0,748.0,762.0,775.0,812.0,837.0,838.0,841.0,844.0,900.0,
29.0,51.0,102.0,160.0,164.0,170.0,187.0,251.0,276.0,280.0,328.0,348.0,349.0,359.0,387.0,419.0,524.0,532.0,579.0,607.0,661.0,690.0,709.0,738.0,748.0,754.0,763.0,785.0,825.0,846.0,905.0,954.0,962.0,983.0,
3.0,94.0,123.0,157.0,178.0,195.0,234.0,281.0,289.0,313.0,318.0,361.0,396.0,477.0,550.0,604.0,634.0,701.0,829.0,846.0,947.0,956.0,
32.0,73.0,114.0,126.0,228.0,269.0,277.0,297.0,314.0,325.0,340.0,360.0,370.0,410.0,420.0,444.0,451.0,454.0,507.0,581.0,625.0,653.0,661.0,664.0,668.0,703.0,709.0,739.0,750.0,754.0,767.0,791.0,798.0,798.0,806.0,813.0,824.0,826.0,892.0,906.0,969.0,979.0,
26.0,35.0,39.0,73.0,126.0,132.0,160.0,177.0,218.0,297.0,427.0,449.0,462.0,468.0,481.0,696.0,701.0,750.0,756.0,820.0,833.0,842.0,847.0,910.0,959.0,973.0,998.0,
3.0,73.0,83.0,144.0,170.0,230.0,261.0,273.0,286.0,365.0,384.0,390.0,402.0,416.0,457.0,
2.0,8.0,101.0,131.0,157.0,160.0,230.0,246.0,250.0,274.0,279.0,316.0,329.0,334.0,404.0,416.0,
2.0,13.0,79.0,107.0,150.0,157.0,184.0,196.0,200.0,213.0,223.0,346.0,366.0,420.0,496.0,508.0,
75.0,79.0,99.0,102.0,106.0,179.0,218.0,228.0,240.0,258.0,260.0,263.0,273.0,295.0,324.0,329.0,330.0,336.0,372.0,409.0,419.0,453.0,507.0,613.0,623.0,626.0,626.0,657.0,662.0,741.0,752.0,770.0,772.0,803.0,812.0,841.0,891.0,949.0,977.0,
62.0,72.0,75.0,183.0,194.0,225.0,235.0,263.0,302.0,359.0,362.0,425.0,442.0,522.0,591.0,599.0,600.0,634.0,648.0,654.0,658.0,666.0,670.0,728.0,742.0,754.0,780.0,790.0,880.0,891.0,934.0,958.0,
26.0,48.0,52.0,119.0,120.0,128.0,132.0,200.0,255.0,262.0,281.0,336.0,390.0,430.0,470.0,575.0,594.0,600.0,611.0,631.0,672.0,689.0,706.0,707.0,758.0,765.0,786.0,814.0,844.0,884.0,891.0,894.0,988.0,997.0,
9.0,13.0,19.0,20.0,23.0,86.0,115.0,129.0,153.0,156.0,167.0,182.0,202.0,237.0,240.0,248.0,259.0,298.0,301.0,317.0,336.0,358.0,368.0,394.0,462.0,492.0,498.0,520.0,578.0,588.0,600.0,618.0,630.0,678.0,692.0,694.0,698.0,710.0,721.0,771.0,788.0,809.0,836.0,837.0,845.0,864.0,898.0,981.0,
60.0,73.0,106.0,123.0,125.0,188.0,188.0,242.0,285.0,304.0,308.0,321.0,345.0,357.0,402.0,440.0,444.0,445.0,463.0,489.0,505.0,536.0,564.0,579.0,607.0,626.0,628.0,684.0,791.0,841.0,850.0,853.0,864.0,867.0,905.0,939.0,961.0,988.0,
19.0,58.0,108.0,111.0,147.0,183.0,228.0,235.0,235.0,251.0,263.0,266.0,300.0,308.0,337.0,388.0,396.0,397.0,437.0,458.0,461.0,462.0,500.0,521.0,534.0,569.0,673.0,702.0,753.0,773.0,786.0,796.0,833.0,854.0,859.0,884.0,891.0,913.0,922.0,945.0,987.0,
69.0,77.0,86.0,118.0,177.0,190.0,229.0,238.0,282.0,326.0,359.0,372.0,373.0,388.0,424.0,470.0,485.0,488.0,530.0,578.0,628.0,633.0,691.0,718.0,719.0,721.0,742.0,788.0,831.0,833.0,865.0,930.0,941.0,960.0,
72.0,75.0,75.0,130.0,137.0,152.0,232.0,328.0,335.0,336.0,352.0,354.0,357.0,398.0,426.0,451.0,459.0,466.0,506.0,
42.0,44.0,132.0,133.0,147.0,195.0,212.0,213.0,215.0,220.0,237.0,251.0,252.0,283.0,316.0,324.0,356.0,454.0,469.0,496.0,
35.0,57.0,80.0,129.0,139.0,192.0,222.0,224.0,232.0,296.0,299.0,352.0,407.0,464.0,473.0,494.0,
64.0,76.0,94.0,112.0,119.0,146.0,147.0,149.0,149.0,171.0,178.0,279.0,293.0,320.0,346.0,387.0,402.0,430.0,466.0,497.0,516.0,587.0,609.0,639.0,641.0,661.0,668.0,713.0,732.0,768.0,774.0,779.0,808.0,834.0,848.0,852.0,874.0,893.0,920.0,928.0,
8.0,36.0,52.0,57.0,78.0,91.0,145.0,148.0,191.0,226.0,272.0,303.0,308.0,315.0,316.0,364.0,383.0,385.0,389.0,427.0,449.0,469.0,498.0,589.0,592.0,618.0,659.0,696.0,750.0,793.0,793.0,794.0,796.0,818.0,837.0,865.0,901.0,915.0,938.0,942.0,
19.0,59.0,66.0,68.0,98.0,144.0,145.0,170.0,235.0,251.0,252.0,254.0,258.0,282.0,314.0,352.0,375.0,379.0,392.0,393.0,423.0,448.0,488.0,488.0,550.0,559.0,576.0,607.0,638.0,649.0,660.0,803.0,816.0,832.0,839.0,854.0,871.0,872.0,878.0,894.0,944.0,986.0,993.0,
57.0,71.0,73.0,138.0,145.0,161.0,165.0,165.0,189.0,194.0,202.0,222.0,233.0,252.0,335.0,476.0,527.0,580.0,586.0,605.0,609.0,655.0,656.0,662.0,676.0,723.0,754.0,780.0,784.0,788.0,798.0,820.0,843.0,856.0,863.0,894.0,899.0,935.0,968.0,
11.0,58.0,62.0,78.0,116.0,214.0,257.0,277.0,315.0,340.0,351.0,373.0,405.0,438.0,456.0,456.0,466.0,485.0,499.0,554.0,582.0,589.0,591.0,597.0,630.0,694.0,735.0,754.0,768.0,773.0,830.0,838.0,891.0,935.0,946.0,
8.0,9.0,37.0,74.0,82.0,99.0,130.0,140.0,140.0,163.0,186.0,192.0,193.0,203.0,231.0,245.0,303.0,326.0,357.0,365.0,383.0,391.0,397.0,412.0,414.0,419.0,432.0,443.0,447.0,486.0,522.0,547.0,553.0,555.0,603.0,642.0,643.0,649.0,689.0,723.0,788.0,805.0,809.0,843.0,848.0,856.0,898.0,910.0,920.0,956.0,
32.0,63.0,71.0,72.0,78.0,139.0,163.0,176.0,189.0,221.0,245.0,287.0,400.0,417.0,445.0,469.0,528.0,546.0,575.0,659.0,666.0,668.0,716.0,734.0,755.0,781.0,790.0,874.0,888.0,892.0,919.0,949.0,965.0,987.0,
118.0,133.0,156.0,171.0,215.0,235.0,240.0,254.0,285.0,310.0,368.0,376.0,395.0,411.0,418.0,474.0,476.0,479.0,597.0,615.0,625.0,748.0,777.0,782.0,785.0,793.0,806.0,815.0,850.0,858.0,896.0,969.0,989.0,
38.0,53.0,67.0,82.0,164.0,170.0,211.0,245.0,282.0,324.0,361.0,403.0,410.0,421.0,462.0,470.0,682.0,792.0,806.0,846.0,865.0,870.0,906.0,964.0,
10.0,17.0,82.0,91.0,111.0,127.0,140.0,143.0,161.0,185.0,193.0,232.0,263.0,277.0,301.0,337.0,385.0,449.0,451.0,451.0,463.0,537.0,571.0,629.0,646.0,672.0,718.0,738.0,747.0,778.0,796.0,798.0,816.0,872.0,892.0,913.0,929.0,931.0,938.0,957.0,995.0,
21.0,31.0,64.0,130.0,132.0,137.0,166.0,217.0,240.0,248.0,278.0,309.0,329.0,339.0,351.0,363.0,369.0,409.0,426.0,443.0,448.0,449.0,456.0,457.0,520.0,549.0,556.0,588.0,628.0,635.0,640.0,658.0,661.0,669.0,677.0,679.0,690.0,719.0,721.0,754.0,758.0,770.0,794.0,797.0,808.0,825.0,836.0,887.0,891.0,921.0,948.0,954.0,
6.0,7.0,8.0,99.0,131.0,181.0,302.0,321.0,352.0,357.0,407.0,503.0,516.0,530.0,537.0,560.0,644.0,660.0,687.0,720.0,780.0,839.0,863.0,864.0,886.0,905.0,983.0,997.0,
18.0,31.0,65.0,132.0,186.0,196.0,238.0,280.0,316.0,320.0,334.0,360.0,360.0,398.0,404.0,407.0,432.0,483.0,576.0,646.0,650.0,674.0,699.0,733.0,738.0,779.0,821.0,836.0,905.0,910.0,932.0,939.0,958.0,965.0,978.0,
71.0,76.0,176.0,269.0,270.0,278.0,332.0,363.0,427.0,434.0,444.0,481.0,499.0,636.0,654.0,656.0,657.0,662.0,678.0,686.0,729.0,737.0,786.0,806.0,811.0,883.0,888.0,970.0,996.0,999.0,
75.0,118.0,128.0,135.0,149.0,263.0,266.0,279.0,309.0,318.0,325.0,326.0,366.0,394.0,417.0,492.0,533.0,544.0,634.0,661.0,681.0,726.0,728.0,740.0,812.0,821.0,845.0,868.0,898.0,911.0,912.0,920.0,925.0,988.0,
2.0,24.0,35.0,48.0,56.0,66.0,138.0,164.0,219.0,239.0,256.0,340.0,412.0,418.0,448.0,463.0,474.0,484.0,485.0,499.0,532.0,575.0,602.0,640.0,644.0,682.0,693.0,732.0,738.0,816.0,832.0,841.0,844.0,860.0,891.0,898.0,968.0,973.0,
24.0,31.0,39.0,61.0,110.0,123.0,126.0,159.0,171.0,172.0,176.0,194.0,251.0,253.0,283.0,317.0,407.0,410.0,472.0,494.0,500.0,610.0,630.0,635.0,705.0,707.0,734.0,750.0,753.0,820.0,850.0,886.0,886.0,929.0,
47.0,79.0,123.0,162.0,171.0,183.0,244.0,264.0,275.0,285.0,299.0,375.0,378.0,385.0,487.0,499.0,511.0,514.0,548.0,572.0,577.0,590.0,615.0,626.0,637.0,643.0,668.0,689.0,699.0,723.0,726.0,751.0,778.0,788.0,795.0,821.0,827.0,844.0,857.0,893.0,928.0,939.0,
28.0,54.0,57.0,114.0,123.0,145.0,175.0,184.0,269.0,292.0,314.0,317.0,321.0,396.0,397.0,408.0,433.0,433.0,445.0,449.0,499.0,500.0,532.0,537.0,559.0,635.0,651.0,664.0,679.0,692.0,698.0,701.0,723.0,734.0,761.0,784.0,798.0,812.0,813.0,814.0,828.0,843.0,860.0,878.0,894.0,900.0,911.0,952.0,965.0,
2.0,30.0,62.0,76.0,91.0,99.0,112.0,149.0,224.0,249.0,290.0,317.0,321.0,431.0,441.0,466.0,569.0,611.0,658.0,668.0,702.0,719.0,733.0,748.0,761.0,781.0,793.0,803.0,853.0,865.0,914.0,956.0,
34.0,46.0,59.0,81.0,84.0,113.0,115.0,120.0,130.0,131.0,132.0,166.0,169.0,261.0,270.0,272.0,311.0,315.0,384.0,389.0,393.0,430.0,434.0,435.0,458.0,498.0,544.0,602.0,757.0,779.0,807.0,813.0,847.0,852.0,866.0,881.0,889.0,916.0,937.0,946.0,985.0,998.0,
101.0,146.0,147.0,181.0,181.0,241.0,262.0,284.0,286.0,310.0,390.0,403.0,423.0,481.0,507.0,523.0,579.0,583.0,594.0,685.0,695.0,720.0,724.0,736.0,753.0,759.0,763.0,791.0,848.0,865.0,909.0,923.0,952.0,972.0,
6.0,44.0,45.0,126.0,127.0,133.0,134.0,135.0,163.0,183.0,197.0,211.0,212.0,213.0,250.0,291.0,305.0,332.0,342.0,376.0,393.0,399.0,444.0,449.0,456.0,471.0,515.0,534.0,539.0,547.0,586.0,687.0,690.0,707.0,720.0,742.0,753.0,773.0,778.0,794.0,840.0,855.0,899.0,909.0,934.0,
47.0,116.0,186.0,295.0,298.0,298.0,306.0,394.0,475.0,479.0,500.0,518.0,549.0,565.0,578.0,579.0,588.0,610.0,617.0,650.0,653.0,656.0,687.0,704.0,752.0,755.0,769.0,770.0,810.0,813.0,823.0,873.0,892.0,913.0,950.0,963.0,989.0,
91.0,188.0,193.0,226.0,264.0,287.0,288.0,305.0,332.0,355.0,410.0,440.0,461.0,483.0,495.0,505.0,516.0,530.0,617.0,644.0,670.0,695.0,717.0,723.0,725.0,742.0,744.0,763.0,810.0,825.0,829.0,843.0,858.0,867.0,897.0,940.0,960.0,967.0,967.0,985.0,
8.0,23.0,58.0,74.0,116.0,116.0,121.0,155.0,162.0,172.0,260.0,261.0,263.0,285.0,367.0,421.0,529.0,578.0,607.0,689.0,703.0,759.0,787.0,893.0,907.0,915.0,925.0,951.0,958.0,
74.0,115.0,175.0,239.0,245.0,258.0,259.0,311.0,315.0,327.0,371.0,379.0,394.0,448.0,502.0,532.0,566.0,575.0,592.0,704.0,717.0,757.0,766.0,781.0,865.0,868.0,876.0,944.0,952.0,971.0,
16.0,36.0,37.0,41.0,52.0,57.0,92.0,94.0,106.0,136.0,205.0,209.0,213.0,227.0,237.0,292.0,296.0,323.0,324.0,325.0,358.0,362.0,366.0,373.0,385.0,391.0,393.0,397.0,448.0,494.0,534.0,540.0,583.0,614.0,646.0,704.0,738.0,769.0,785.0,798.0,801.0,826.0,837.0,840.0,840.0,874.0,902.0,913.0,959.0,960.0,
10.0,15.0,19.0,21.0,69.0,73.0,210.0,215.0,230.0,236.0,250.0,253.0,257.0,278.0,282.0,304.0,329.0,342.0,399.0,454.0,477.0,496.0,550.0,565.0,566.0,580.0,594.0,596.0,725.0,742.0,785.0,806.0,843.0,891.0,898.0,942.0,980.0,
45.0,84.0,227.0,251.0,308.0,319.0,325.0,354.0,362.0,369.0,423.0,450.0,454.0,470.0,585.0,590.0,593.0,623.0,627.0,641.0,697.0,752.0,753.0,772.0,783.0,786.0,796.0,840.0,866.0,872.0,894.0,906.0,974.0,986.0,987.0,990.0,
4.0,44.0,81.0,121.0,141.0,142.0,174.0,280.0,293.0,305.0,307.0,309.0,334.0,367.0,411.0,417.0,504.0,540.0,541.0,558.0,699.0,710.0,752.0,753.0,754.0,803.0,827.0,833.0,861.0,901.0,940.0,948.0,949.0,980.0,
36.0,47.0,89.0,99.0,161.0,200.0,210.0,212.0,231.0,290.0,341.0,371.0,413.0,413.0,419.0,423.0,478.0,486.0,509.0,544.0,591.0,621.0,656.0,658.0,724.0,762.0,791.0,807.0,821.0,842.0,856.0,873.0,889.0,890.0,910.0,919.0,957.0,990.0,
11.0,16.0,16.0,43.0,76.0,93.0,115.0,281.0,407.0,415.0,526.0,553.0,562.0,757.0,775.0,793.0,809.0,842.0,893.0,
