4.0,42.0,58.0,62.0,81.0,92.0,94.0,115.0,147.0,149.0,156.0,186.0,189.0,210.0,273.0,280.0,283.0,294.0,304.0,347.0,407.0,458.0,500.0,549.0,561.0,561.0,572.0,586.0,618.0,640.0,690.0,723.0,801.0,853.0,857.0,886.0,889.0,891.0,891.0,932.0,984.0,985.0,995.0,
53.0,91.0,119.0,120.0,130.0,149.0,166.0,167.0,170.0,174.0,193.0,194.0,229.0,235.0,240.0,245.0,275.0,293.0,313.0,326.0,376.0,383.0,389.0,470.0,519.0,547.0,581.0,684.0,697.0,698.0,729.0,733.0,734.0,770.0,828.0,859.0,903.0,914.0,915.0,953.0,973.0,
24.0,59.0,61.0,115.0,155.0,177.0,182.0,186.0,207.0,253.0,299.0,320.0,346.0,358.0,437.0,446.0,490.0,529.0,536.0,540.0,551.0,555.0,570.0,597.0,631.0,650.0,677.0,778.0,790.0,894.0,899.0,958.0,
14.0,170.0,177.0,187.0,221.0,240.0,387.0,407.0,437.0,441.0,469.0,505.0,555.0,565.0,583.0,599.0,642.0,665.0,675.0,677.0,686.0,695.0,703.0,719.0,721.0,726.0,747.0,761.0,774.0,778.0,796.0,819.0,888.0,896.0,914.0,949.0,965.0,
54.0,101.0,104.0,124.0,127.0,147.0,167.0,191.0,217.0,225.0,237.0,269.0,288.0,305.0,345.0,349.0,352.0,388.0,406.0,422.0,442.0,469.0,479.0,561.0,569.0,571.0,580.0,586.0,604.0,616.0,640.0,685.0,718.0,721.0,768.0,806.0,836.0,856.0,891.0,927.0,937.0,945.0,969.0,969.0,
3.0,35.0,36.0,63.0,93.0,96.0,112.0,127.0,136.0,245.0,290.0,354.0,410.0,421.0,436.0,437.0,470.0,477.0,496.0,496.0,506.0,548.0,621.0,628.0,657.0,718.0,731.0,732.0,761.0,773.0,774.0,796.0,865.0,895.0,897.0,928.0,950.0,
31.0,77.0,103.0,108.0,133.0,144.0,158.0,167.0,181.0,190.0,208.0,231.0,262.0,265.0,285.0,324.0,342.0,351.0,453.0,474.0,538.0,540.0,569.0,573.0,589.0,590.0,606.0,614.0,620.0,621.0,635.0,640.0,684.0,738.0,765.0,797.0,797.0,838.0,846.0,847.0,852.0,865.0,873.0,874.0,882.0,884.0,
5.0,89.0,106.0,118.0,161.0,191.0,205.0,270.0,280.0,287.0,364.0,365.0,400.0,444.0,446.0,465.0,495.0,514.0,514.0,555.0,566.0,583.0,622.0,646.0,664.0,728.0,745.0,766.0,783.0,794.0,835.0,835.0,861.0,878.0,894.0,897.0,916.0,920.0,983.0,
19.0,62.0,65.0,86.0,113.0,120.0,139.0,186.0,225.0,225.0,240.0,260.0,271.0,325.0,328.0,370.0,401.0,410.0,424.0,431.0,478.0,478.0,495.0,501.0,516.0,563.0,593.0,596.0,601.0,684.0,705.0,750.0,766.0,771.0,841.0,859.0,912.0,949.0,961.0,973.0,985.0,987.0,
4.0,27.0,116.0,117.0,137.0,167.0,173.0,217.0,295.0,307.0,314.0,350.0,377.0,394.0,396.0,446.0,461.0,467.0,666.0,670.0,677.0,677.0,696.0,735.0,736.0,756.0,767.0,767.0,801.0,821.0,833.0,866.0,881.0,892.0,973.0,
43.0,87.0,179.0,193.0,229.0,279.0,285.0,424.0,459.0,465.0,481.0,561.0,561.0,568.0,581.0,584.0,586.0,653.0,680.0,688.0,787.0,803.0,828.0,899.0,907.0,952.0,
2.0,7.0,13.0,14.0,29.0,30.0,60.0,109.0,139.0,169.0,178.0,232.0,277.0,280.0,418.0,512.0,513.0,521.0,556.0,604.0,718.0,730.0,736.0,749.0,750.0,836.0,865.0,869.0,912.0,927.0,994.0,
85.0,196.0,216.0,218.0,229.0,230.0,238.0,253.0,297.0,298.0,330.0,359.0,366.0,368.0,399.0,402.0,463.0,493.0,611.0,635.0,667.0,688.0,690.0,719.0,742.0,762.0,770.0,789.0,829.0,832.0,839.0,935.0,960.0,968.0,973.0,992.0,
21.0,108.0,126.0,158.0,298.0,335.0,347.0,365.0,377.0,386.0,411.0,426.0,437.0,457.0,473.0,484.0,502.0,603.0,617.0,632.0,641.0,653.0,686.0,714.0,831.0,837.0,849.0,864.0,885.0,909.0,969.0,1000.0,
12.0,65.0,83.0,94.0,135.0,159.0,203.0,245.0,277.0,281.0,294.0,296.0,300.0,323.0,383.0,395.0,408.0,471.0,502.0,512.0,530.0,540.0,572.0,596.0,638.0,643.0,663.0,682.0,689.0,702.0,743.0,823.0,879.0,927.0,940.0,967.0,982.0,985.0,
5.0,66.0,162.0,186.0,203.0,228.0,234.0,310.0,321.0,329.0,335.0,377.0,416.0,437.0,445.0,474.0,476.0,489.0,507.0,516.0,519.0,521.0,590.0,590.0,601.0,614.0,742.0,781.0,805.0,878.0,945.0,947.0,964.0,977.0,
37.0,39.0,53.0,57.0,101.0,118.0,215.0,218.0,244.0,257.0,383.0,390.0,452.0,484.0,488.0,493.0,502.0,519.0,580.0,596.0,617.0,631.0,657.0,685.0,728.0,785.0,790.0,808.0,811.0,815.0,817.0,839.0,844.0,861.0,895.0,912.0,976.0,
7.0,20.0,56.0,59.0,99.0,121.0,126.0,140.0,174.0,209.0,227.0,234.0,285.0,289.0,365.0,409.0,421.0,493.0,565.0,570.0,582.0,592.0,615.0,619.0,632.0,683.0,684.0,743.0,778.0,967.0,969.0,993.0,
28.0,37.0,70.0,82.0,84.0,103.0,182.0,205.0,206.0,213.0,255.0,271.0,291.0,291.0,328.0,358.0,374.0,414.0,437.0,516.0,554.0,577.0,593.0,640.0,665.0,720.0,743.0,764.0,796.0,800.0,834.0,887.0,937.0,949.0,957.0,
3.0,4.0,51.0,67.0,100.0,104.0,106.0,144.0,327.0,378.0,378.0,380.0,411.0,436.0,439.0,446.0,474.0,507.0,589.0,597.0,644.0,654.0,658.0,662.0,673.0,688.0,689.0,796.0,836.0,840.0,893.0,924.0,947.0,961.0,
10.0,46.0,80.0,157.0,171.0,174.0,224.0,243.0,291.0,301.0,318.0,353.0,378.0,447.0,449.0,470.0,526.0,563.0,579.0,581.0,614.0,650.0,675.0,707.0,730.0,744.0,745.0,769.0,824.0,835.0,918.0,935.0,972.0,
25.0,115.0,119.0,129.0,159.0,213.0,216.0,250.0,271.0,281.0,349.0,350.0,376.0,393.0,398.0,411.0,463.0,483.0,528.0,602.0,627.0,639.0,648.0,649.0,669.0,674.0,688.0,724.0,736.0,747.0,833.0,874.0,881.0,888.0,916.0,920.0,962.0,970.0,971.0,991.0,993.0,996.0,
9.0,12.0,18.0,39.0,72.0,93.0,109.0,111.0,115.0,119.0,129.0,181.0,198.0,222.0,240.0,274.0,308.0,319.0,354.0,407.0,445.0,517.0,530.0,531.0,590.0,637.0,692.0,729.0,729.0,756.0,901.0,920.0,924.0,925.0,973.0,990.0,
12.0,17.0,29.0,40.0,88.0,126.0,127.0,147.0,150.0,167.0,172.0,186.0,197.0,224.0,232.0,236.0,301.0,336.0,369.0,423.0,453.0,474.0,499.0,504.0,512.0,513.0,519.0,533.0,545.0,568.0,574.0,591.0,592.0,660.0,708.0,715.0,762.0,790.0,811.0,825.0,831.0,855.0,885.0,961.0,964.0,984.0,986.0,
6.0,10.0,41.0,63.0,72.0,82.0,85.0,207.0,223.0,331.0,333.0,379.0,397.0,415.0,508.0,570.0,572.0,596.0,685.0,686.0,706.0,713.0,767.0,767.0,827.0,845.0,
11.0,23.0,56.0,57.0,88.0,90.0,94.0,141.0,148.0,149.0,159.0,175.0,193.0,209.0,227.0,228.0,236.0,248.0,281.0,284.0,288.0,312.0,321.0,384.0,401.0,416.0,425.0,438.0,564.0,595.0,608.0,621.0,671.0,709.0,744.0,768.0,771.0,783.0,842.0,867.0,948.0,
34.0,38.0,57.0,57.0,127.0,159.0,222.0,224.0,237.0,295.0,314.0,314.0,317.0,339.0,345.0,359.0,367.0,467.0,493.0,496.0,507.0,513.0,655.0,666.0,670.0,683.0,683.0,686.0,714.0,716.0,716.0,718.0,724.0,777.0,787.0,799.0,800.0,812.0,816.0,830.0,833.0,859.0,879.0,943.0,982.0,
21.0,84.0,120.0,158.0,178.0,204.0,229.0,246.0,262.0,270.0,307.0,373.0,421.0,437.0,453.0,470.0,493.0,493.0,533.0,548.0,549.0,575.0,630.0,672.0,680.0,693.0,723.0,728.0,739.0,740.0,789.0,837.0,838.0,873.0,877.0,894.0,908.0,924.0,954.0,994.0,
58.0,125.0,198.0,232.0,295.0,296.0,300.0,315.0,378.0,406.0,441.0,474.0,534.0,577.0,581.0,604.0,639.0,644.0,649.0,706.0,732.0,752.0,795.0,865.0,881.0,899.0,991.0,
3.0,81.0,105.0,106.0,106.0,120.0,168.0,213.0,215.0,228.0,237.0,238.0,291.0,398.0,425.0,491.0,518.0,523.0,536.0,540.0,671.0,716.0,738.0,739.0,766.0,797.0,854.0,866.0,913.0,933.0,966.0,989.0,
110.0,131.0,133.0,144.0,167.0,206.0,253.0,262.0,321.0,380.0,404.0,436.0,445.0,469.0,473.0,486.0,493.0,544.0,556.0,561.0,599.0,640.0,652.0,659.0,662.0,684.0,697.0,727.0,769.0,803.0,838.0,931.0,979.0,986.0,
20.0,34.0,42.0,45.0,49.0,79.0,84.0,141.0,189.0,204.0,205.0,207.0,210.0,221.0,227.0,281.0,282.0,282.0,295.0,311.0,342.0,358.0,363.0,440.0,486.0,534.0,567.0,568.0,568.0,605.0,624.0,636.0,638.0,686.0,702.0,731.0,770.0,777.0,879.0,884.0,893.0,895.0,936.0,969.0,981.0,982.0,995.0,
6.0,39.0,69.0,70.0,74.0,113.0,146.0,190.0,200.0,281.0,293.0,303.0,334.0,372.0,391.0,397.0,439.0,494.0,561.0,665.0,699.0,760.0,794.0,807.0,842.0,905.0,912.0,982.0,984.0,986.0,1000.0,
20.0,27.0,30.0,36.0,53.0,74.0,129.0,232.0,308.0,347.0,371.0,377.0,379.0,380.0,509.0,516.0,526.0,547.0,585.0,607.0,613.0,631.0,635.0,669.0,685.0,715.0,725.0,728.0,734.0,784.0,794.0,796.0,828.0,865.0,883.0,904.0,922.0,982.0,
42.0,50.0,63.0,90.0,102.0,109.0,129.0,149.0,150.0,168.0,218.0,257.0,265.0,281.0,290.0,335.0,339.0,342.0,349.0,360.0,365.0,367.0,367.0,378.0,416.0,424.0,479.0,593.0,642.0,653.0,674.0,675.0,741.0,760.0,825.0,826.0,847.0,870.0,884.0,941.0,982.0,
16.0,17.0,50.0,67.0,135.0,154.0,154.0,157.0,169.0,187.0,216.0,226.0,246.0,255.0,293.0,348.0,348.0,396.0,403.0,406.0,407.0,416.0,483.0,630.0,644.0,645.0,659.0,667.0,739.0,763.0,790.0,807.0,810.0,819.0,820.0,846.0,867.0,878.0,886.0,908.0,917.0,935.0,
2.0,5.0,22.0,67.0,81.0,105.0,123.0,129.0,146.0,148.0,171.0,174.0,185.0,234.0,256.0,266.0,328.0,370.0,376.0,382.0,395.0,404.0,409.0,427.0,439.0,591.0,592.0,619.0,637.0,638.0,649.0,672.0,674.0,684.0,722.0,738.0,758.0,784.0,796.0,798.0,800.0,812.0,825.0,890.0,899.0,900.0,929.0,936.0,945.0,952.0,955.0,972.0,982.0,
35.0,170.0,181.0,204.0,242.0,310.0,315.0,329.0,339.0,360.0,402.0,407.0,458.0,518.0,614.0,685.0,747.0,758.0,806.0,831.0,894.0,906.0,918.0,942.0,991.0,
45.0,48.0,63.0,103.0,129.0,144.0,165.0,214.0,257.0,262.0,266.0,268.0,344.0,345.0,382.0,419.0,428.0,430.0,462.0,465.0,485.0,488.0,500.0,535.0,556.0,577.0,583.0,590.0,612.0,624.0,639.0,655.0,667.0,674.0,743.0,828.0,843.0,864.0,873.0,887.0,896.0,996.0,
51.0,54.0,61.0,92.0,107.0,136.0,164.0,174.0,191.0,256.0,262.0,267.0,338.0,360.0,379.0,422.0,423.0,492.0,498.0,531.0,549.0,554.0,573.0,590.0,646.0,673.0,714.0,752.0,761.0,762.0,788.0,807.0,858.0,859.0,888.0,892.0,927.0,962.0,972.0,978.0,
33.0,53.0,55.0,83.0,106.0,121.0,164.0,176.0,248.0,267.0,316.0,322.0,400.0,476.0,495.0,497.0,537.0,539.0,550.0,588.0,629.0,654.0,654.0,702.0,718.0,742.0,794.0,802.0,832.0,835.0,852.0,863.0,870.0,873.0,901.0,907.0,963.0,
3.0,59.0,60.0,64.0,78.0,136.0,145.0,173.0,190.0,201.0,211.0,261.0,262.0,290.0,322.0,371.0,429.0,432.0,477.0,489.0,493.0,511.0,518.0,529.0,543.0,557.0,647.0,673.0,707.0,773.0,785.0,787.0,821.0,857.0,886.0,905.0,908.0,922.0,927.0,961.0,973.0,985.0,
34.0,56.0,79.0,109.0,134.0,164.0,171.0,174.0,209.0,215.0,240.0,250.0,269.0,290.0,337.0,343.0,398.0,419.0,440.0,507.0,510.0,525.0,589.0,607.0,654.0,657.0,695.0,706.0,707.0,733.0,753.0,802.0,840.0,868.0,897.0,917.0,933.0,984.0,
97.0,153.0,167.0,179.0,220.0,224.0,232.0,240.0,253.0,270.0,327.0,416.0,447.0,459.0,497.0,500.0,586.0,591.0,685.0,698.0,709.0,719.0,725.0,762.0,764.0,788.0,798.0,831.0,892.0,908.0,921.0,943.0,974.0,
2.0,23.0,84.0,87.0,98.0,146.0,211.0,224.0,276.0,288.0,311.0,338.0,348.0,360.0,384.0,385.0,432.0,446.0,478.0,
3.0,10.0,15.0,56.0,61.0,85.0,87.0,95.0,124.0,185.0,224.0,234.0,267.0,269.0,291.0,314.0,336.0,355.0,358.0,382.0,400.0,456.0,466.0,495.0,
10.0,19.0,50.0,66.0,95.0,106.0,106.0,109.0,126.0,138.0,156.0,172.0,233.0,251.0,298.0,309.0,364.0,399.0,430.0,430.0,431.0,441.0,443.0,450.0,458.0,460.0,469.0,473.0,496.0,
47.0,65.0,70.0,76.0,77.0,99.0,111.0,113.0,115.0,115.0,125.0,166.0,172.0,186.0,228.0,250.0,251.0,266.0,283.0,351.0,381.0,389.0,421.0,443.0,453.0,480.0,496.0,497.0,502.0,583.0,782.0,787.0,789.0,818.0,834.0,898.0,909.0,924.0,935.0,999.0,
7.0,33.0,55.0,57.0,63.0,79.0,137.0,144.0,148.0,151.0,166.0,200.0,203.0,253.0,339.0,356.0,367.0,369.0,405.0,411.0,426.0,463.0,484.0,571.0,633.0,684.0,697.0,715.0,726.0,761.0,764.0,799.0,815.0,826.0,850.0,970.0,993.0,
56.0,75.0,82.0,104.0,107.0,123.0,174.0,216.0,217.0,298.0,298.0,354.0,432.0,434.0,449.0,471.0,524.0,544.0,547.0,559.0,580.0,592.0,602.0,635.0,666.0,671.0,691.0,712.0,756.0,761.0,795.0,803.0,831.0,840.0,843.0,992.0,
33.0,98.0,104.0,116.0,158.0,159.0,160.0,278.0,288.0,330.0,331.0,424.0,463.0,533.0,549.0,601.0,679.0,695.0,722.0,745.0,846.0,857.0,867.0,873.0,873.0,927.0,979.0,
32.0,40.0,45.0,45.0,49.0,51.0,68.0,74.0,110.0,125.0,156.0,167.0,286.0,304.0,318.0,332.0,339.0,347.0,371.0,421.0,426.0,498.0,514.0,520.0,546.0,563.0,567.0,593.0,614.0,635.0,649.0,746.0,815.0,830.0,888.0,919.0,
11.0,69.0,78.0,95.0,171.0,181.0,199.0,293.0,304.0,304.0,316.0,349.0,359.0,376.0,384.0,419.0,459.0,482.0,511.0,516.0,567.0,585.0,590.0,607.0,615.0,618.0,638.0,677.0,679.0,692.0,781.0,795.0,802.0,805.0,808.0,835.0,852.0,853.0,864.0,893.0,914.0,930.0,932.0,965.0,
19.0,19.0,47.0,70.0,87.0,104.0,161.0,170.0,227.0,242.0,250.0,251.0,284.0,286.0,287.0,333.0,344.0,386.0,410.0,411.0,460.0,505.0,581.0,651.0,795.0,881.0,882.0,896.0,904.0,931.0,934.0,952.0,961.0,
6.0,14.0,41.0,59.0,111.0,112.0,212.0,271.0,304.0,308.0,364.0,384.0,403.0,462.0,490.0,491.0,
41.0,42.0,43.0,62.0,63.0,108.0,148.0,168.0,175.0,188.0,197.0,242.0,250.0,317.0,321.0,324.0,328.0,375.0,465.0,
47.0,59.0,81.0,119.0,121.0,162.0,166.0,183.0,210.0,215.0,234.0,305.0,367.0,440.0,445.0,452.0,460.0,471.0,484.0,485.0,
17.0,53.0,72.0,104.0,110.0,113.0,143.0,150.0,161.0,174.0,179.0,187.0,193.0,207.0,267.0,300.0,373.0,375.0,431.0,503.0,640.0,679.0,742.0,743.0,851.0,918.0,936.0,946.0,991.0,
33.0,37.0,62.0,85.0,88.0,91.0,124.0,143.0,145.0,160.0,167.0,231.0,264.0,284.0,300.0,303.0,330.0,380.0,380.0,403.0,421.0,424.0,441.0,458.0,485.0,566.0,610.0,621.0,623.0,623.0,628.0,651.0,669.0,682.0,689.0,691.0,721.0,753.0,763.0,778.0,793.0,802.0,804.0,812.0,829.0,833.0,848.0,877.0,886.0,887.0,896.0,912.0,924.0,932.0,940.0,961.0,999.0,
6.0,13.0,37.0,50.0,89.0,125.0,145.0,219.0,230.0,329.0,352.0,375.0,382.0,395.0,461.0,493.0,571.0,572.0,577.0,585.0,638.0,669.0,674.0,674.0,760.0,832.0,836.0,879.0,994.0,
47.0,51.0,73.0,207.0,216.0,309.0,346.0,566.0,568.0,585.0,588.0,590.0,611.0,659.0,670.0,773.0,774.0,792.0,792.0,798.0,832.0,861.0,872.0,875.0,879.0,907.0,977.0,978.0,996.0,
13.0,52.0,69.0,147.0,183.0,197.0,223.0,227.0,259.0,273.0,340.0,349.0,355.0,359.0,418.0,426.0,467.0,485.0,485.0,488.0,512.0,519.0,549.0,560.0,658.0,670.0,684.0,757.0,798.0,815.0,839.0,858.0,935.0,951.0,982.0,
45.0,68.0,83.0,87.0,135.0,208.0,208.0,225.0,227.0,267.0,286.0,345.0,361.0,392.0,411.0,433.0,447.0,452.0,455.0,464.0,499.0,541.0,559.0,569.0,586.0,617.0,682.0,705.0,728.0,742.0,759.0,783.0,790.0,793.0,799.0,928.0,971.0,979.0,983.0,991.0,992.0,
27.0,55.0,68.0,115.0,172.0,212.0,232.0,273.0,298.0,306.0,321.0,326.0,327.0,377.0,403.0,435.0,440.0,443.0,502.0,539.0,626.0,669.0,741.0,762.0,824.0,866.0,871.0,932.0,934.0,948.0,960.0,961.0,984.0,
29.0,63.0,134.0,161.0,168.0,192.0,214.0,280.0,290.0,302.0,344.0,349.0,381.0,439.0,
16.0,28.0,76.0,139.0,202.0,227.0,236.0,248.0,347.0,391.0,430.0,470.0,
25.0,71.0,148.0,167.0,170.0,208.0,221.0,225.0,286.0,320.0,353.0,367.0,383.0,406.0,461.0,509.0,
13.0,26.0,87.0,137.0,142.0,164.0,167.0,168.0,177.0,267.0,268.0,275.0,288.0,337.0,347.0,354.0,362.0,369.0,371.0,431.0,458.0,465.0,466.0,490.0,493.0,515.0,554.0,568.0,572.0,573.0,576.0,579.0,607.0,608.0,627.0,632.0,670.0,701.0,731.0,746.0,757.0,782.0,810.0,876.0,883.0,890.0,896.0,918.0,992.0,
34.0,45.0,50.0,146.0,166.0,199.0,200.0,265.0,287.0,291.0,319.0,375.0,376.0,390.0,419.0,442.0,447.0,451.0,531.0,533.0,562.0,563.0,572.0,584.0,642.0,646.0,648.0,663.0,723.0,725.0,745.0,769.0,815.0,818.0,844.0,857.0,878.0,886.0,920.0,950.0,951.0,971.0,
51.0,59.0,95.0,108.0,122.0,156.0,164.0,164.0,166.0,196.0,239.0,242.0,259.0,262.0,273.0,279.0,288.0,307.0,312.0,317.0,331.0,339.0,350.0,363.0,395.0,407.0,412.0,547.0,602.0,631.0,651.0,676.0,683.0,729.0,763.0,765.0,787.0,800.0,937.0,975.0,996.0,1000.0,
4.0,29.0,54.0,60.0,75.0,110.0,136.0,138.0,139.0,152.0,172.0,177.0,196.0,207.0,252.0,316.0,337.0,370.0,375.0,382.0,393.0,401.0,409.0,423.0,425.0,480.0,508.0,526.0,532.0,539.0,575.0,751.0,804.0,815.0,817.0,868.0,892.0,893.0,926.0,945.0,952.0,964.0,996.0,
26.0,26.0,42.0,79.0,127.0,146.0,148.0,157.0,205.0,230.0,292.0,329.0,336.0,373.0,385.0,413.0,414.0,416.0,471.0,476.0,501.0,518.0,630.0,630.0,648.0,661.0,669.0,710.0,739.0,753.0,767.0,827.0,873.0,902.0,923.0,940.0,946.0,962.0,972.0,
55.0,82.0,88.0,114.0,144.0,173.0,268.0,299.0,312.0,352.0,397.0,406.0,444.0,473.0,487.0,496.0,541.0,668.0,674.0,728.0,788.0,792.0,797.0,833.0,837.0,837.0,904.0,907.0,913.0,922.0,943.0,961.0,
63.0,79.0,84.0,89.0,109.0,136.0,166.0,235.0,291.0,317.0,328.0,334.0,346.0,356.0,371.0,373.0,403.0,428.0,448.0,494.0,509.0,511.0,540.0,565.0,575.0,645.0,646.0,722.0,723.0,742.0,746.0,760.0,762.0,786.0,822.0,833.0,836.0,867.0,885.0,901.0,915.0,926.0,947.0,959.0,972.0,999.0,
40.0,45.0,103.0,154.0,171.0,204.0,261.0,310.0,329.0,336.0,346.0,350.0,352.0,359.0,372.0,386.0,401.0,404.0,420.0,467.0,512.0,590.0,593.0,623.0,650.0,688.0,720.0,726.0,761.0,781.0,807.0,817.0,825.0,838.0,908.0,920.0,924.0,945.0,949.0,990.0,
7.0,16.0,38.0,64.0,117.0,118.0,158.0,169.0,182.0,198.0,223.0,248.0,272.0,273.0,274.0,354.0,382.0,397.0,417.0,417.0,449.0,452.0,460.0,463.0,468.0,492.0,500.0,613.0,672.0,672.0,767.0,777.0,832.0,833.0,836.0,917.0,929.0,939.0,964.0,
30.0,40.0,60.0,83.0,113.0,118.0,124.0,134.0,141.0,167.0,184.0,190.0,204.0,221.0,232.0,260.0,287.0,366.0,465.0,618.0,663.0,674.0,681.0,697.0,734.0,750.0,752.0,793.0,805.0,812.0,818.0,842.0,849.0,884.0,931.0,931.0,937.0,947.0,959.0,962.0,984.0,
124.0,130.0,144.0,220.0,257.0,308.0,377.0,392.0,421.0,423.0,429.0,492.0,521.0,601.0,627.0,634.0,672.0,681.0,684.0,687.0,714.0,717.0,736.0,740.0,773.0,781.0,783.0,788.0,818.0,824.0,850.0,871.0,873.0,881.0,889.0,894.0,895.0,896.0,909.0,921.0,921.0,941.0,956.0,995.0,998.0,
2.0,25.0,27.0,38.0,60.0,68.0,95.0,116.0,117.0,204.0,205.0,228.0,334.0,335.0,376.0,424.0,431.0,440.0,557.0,567.0,574.0,576.0,581.0,584.0,594.0,623.0,643.0,704.0,707.0,874.0,878.0,896.0,896.0,904.0,
9.0,98.0,111.0,134.0,151.0,155.0,175.0,188.0,190.0,197.0,205.0,216.0,229.0,252.0,292.0,391.0,418.0,467.0,525.0,559.0,568.0,598.0,609.0,610.0,634.0,644.0,649.0,665.0,674.0,757.0,765.0,805.0,828.0,883.0,899.0,924.0,927.0,934.0,975.0,978.0,
27.0,69.0,70.0,112.0,138.0,142.0,213.0,231.0,245.0,278.0,302.0,331.0,377.0,405.0,471.0,493.0,494.0,526.0,540.0,556.0,558.0,565.0,571.0,583.0,625.0,710.0,724.0,785.0,825.0,832.0,845.0,851.0,872.0,910.0,941.0,974.0,
108.0,117.0,193.0,269.0,272.0,301.0,335.0,392.0,412.0,433.0,444.0,454.0,496.0,501.0,521.0,532.0,537.0,538.0,548.0,604.0,606.0,696.0,733.0,746.0,762.0,763.0,852.0,886.0,938.0,938.0,987.0,
43.0,51.0,71.0,92.0,113.0,125.0,127.0,146.0,146.0,148.0,185.0,226.0,234.0,240.0,249.0,288.0,331.0,333.0,335.0,357.0,361.0,371.0,405.0,414.0,443.0,461.0,495.0,500.0,523.0,547.0,597.0,621.0,638.0,676.0,680.0,725.0,764.0,796.0,801.0,821.0,833.0,875.0,879.0,938.0,950.0,964.0,994.0,
11.0,17.0,62.0,65.0,127.0,136.0,156.0,176.0,186.0,218.0,223.0,252.0,269.0,272.0,316.0,324.0,330.0,335.0,345.0,389.0,452.0,452.0,477.0,481.0,516.0,523.0,527.0,562.0,565.0,565.0,581.0,582.0,596.0,621.0,625.0,638.0,640.0,674.0,702.0,741.0,748.0,763.0,814.0,830.0,839.0,842.0,853.0,927.0,999.0,
110.0,171.0,192.0,205.0,251.0,285.0,330.0,345.0,345.0,353.0,408.0,440.0,451.0,471.0,479.0,523.0,542.0,588.0,649.0,688.0,707.0,740.0,787.0,819.0,831.0,873.0,881.0,898.0,955.0,
100.0,104.0,104.0,119.0,128.0,163.0,180.0,242.0,268.0,271.0,302.0,406.0,415.0,427.0,431.0,443.0,491.0,561.0,562.0,610.0,659.0,678.0,702.0,746.0,772.0,776.0,797.0,801.0,803.0,844.0,896.0,896.0,915.0,929.0,961.0,972.0,978.0,
3.0,8.0,37.0,42.0,95.0,127.0,154.0,154.0,201.0,216.0,265.0,270.0,311.0,334.0,334.0,348.0,364.0,375.0,378.0,411.0,421.0,448.0,464.0,468.0,485.0,506.0,527.0,579.0,610.0,622.0,656.0,657.0,671.0,683.0,780.0,795.0,802.0,820.0,854.0,887.0,888.0,998.0,
40.0,43.0,79.0,92.0,101.0,114.0,136.0,160.0,176.0,239.0,241.0,263.0,275.0,338.0,407.0,414.0,451.0,465.0,497.0,510.0,563.0,568.0,598.0,650.0,655.0,677.0,683.0,691.0,696.0,714.0,730.0,795.0,819.0,831.0,875.0,905.0,917.0,951.0,
29.0,83.0,285.0,379.0,458.0,487.0,496.0,521.0,543.0,592.0,615.0,621.0,635.0,647.0,690.0,702.0,704.0,759.0,759.0,766.0,818.0,853.0,901.0,922.0,964.0,965.0,975.0,
118.0,175.0,215.0,240.0,245.0,291.0,304.0,343.0,354.0,360.0,388.0,399.0,409.0,440.0,452.0,469.0,553.0,568.0,573.0,585.0,588.0,599.0,601.0,621.0,628.0,636.0,740.0,753.0,789.0,803.0,818.0,848.0,912.0,990.0,992.0,995.0,
25.0,32.0,36.0,36.0,51.0,71.0,82.0,84.0,118.0,128.0,133.0,143.0,145.0,158.0,162.0,231.0,247.0,306.0,339.0,349.0,357.0,369.0,378.0,389.0,411.0,449.0,546.0,592.0,632.0,640.0,642.0,645.0,683.0,738.0,744.0,766.0,810.0,816.0,828.0,880.0,896.0,901.0,924.0,947.0,973.0,983.0,
20.0,29.0,48.0,51.0,117.0,121.0,122.0,123.0,185.0,185.0,192.0,222.0,224.0,240.0,258.0,275.0,277.0,372.0,373.0,396.0,416.0,472.0,480.0,484.0,501.0,510.0,510.0,595.0,633.0,633.0,647.0,707.0,747.0,867.0,893.0,895.0,925.0,932.0,940.0,965.0,986.0,
56.0,82.0,89.0,92.0,104.0,140.0,199.0,200.0,259.0,262.0,285.0,293.0,307.0,343.0,372.0,427.0,432.0,436.0,493.0,501.0,506.0,524.0,567.0,569.0,581.0,605.0,606.0,606.0,616.0,617.0,690.0,690.0,702.0,720.0,728.0,799.0,835.0,841.0,932.0,951.0,972.0,976.0,990.0,991.0,
67.0,97.0,163.0,190.0,207.0,252.0,259.0,301.0,335.0,345.0,345.0,359.0,390.0,443.0,469.0,478.0,518.0,529.0,558.0,567.0,570.0,597.0,610.0,612.0,632.0,646.0,657.0,699.0,702.0,719.0,751.0,766.0,779.0,821.0,830.0,837.0,841.0,845.0,865.0,890.0,948.0,950.0,963.0,963.0,978.0,
20.0,27.0,47.0,56.0,62.0,74.0,97.0,115.0,139.0,140.0,144.0,172.0,180.0,181.0,247.0,280.0,336.0,348.0,377.0,392.0,415.0,481.0,499.0,597.0,685.0,689.0,703.0,762.0,767.0,779.0,858.0,890.0,960.0,979.0,
15.0,36.0,43.0,76.0,102.0,138.0,141.0,144.0,149.0,163.0,208.0,230.0,273.0,289.0,298.0,335.0,343.0,349.0,358.0,383.0,387.0,427.0,438.0,440.0,492.0,518.0,527.0,559.0,567.0,605.0,645.0,689.0,761.0,765.0,765.0,860.0,880.0,886.0,944.0,947.0,
13.0,54.0,59.0,60.0,62.0,69.0,79.0,86.0,102.0,132.0,139.0,151.0,166.0,192.0,283.0,316.0,375.0,424.0,424.0,454.0,473.0,557.0,565.0,572.0,585.0,629.0,642.0,659.0,660.0,685.0,692.0,711.0,747.0,753.0,778.0,778.0,779.0,889.0,924.0,945.0,950.0,992.0,
5.0,27.0,95.0,132.0,144.0,172.0,209.0,239.0,248.0,254.0,293.0,335.0,362.0,421.0,460.0,492.0,528.0,538.0,548.0,551.0,595.0,649.0,695.0,707.0,913.0,919.0,929.0,988.0,992.0,1000.0,
30.0,121.0,155.0,163.0,188.0,207.0,238.0,251.0,275.0,311.0,366.0,371.0,412.0,416.0,435.0,468.0,498.0,525.0,569.0,634.0,644.0,654.0,658.0,661.0,696.0,717.0,750.0,800.0,875.0,906.0,910.0,964.0,968.0,991.0,
58.0,76.0,84.0,123.0,156.0,167.0,204.0,209.0,224.0,232.0,305.0,314.0,383.0,384.0,448.0,478.0,488.0,522.0,539.0,605.0,616.0,654.0,663.0,706.0,747.0,796.0,860.0,863.0,889.0,915.0,934.0,971.0,995.0,
