5.0,47.0,51.0,51.0,74.0,124.0,130.0,133.0,256.0,257.0,285.0,312.0,333.0,345.0,386.0,426.0,441.0,452.0,456.0,475.0,478.0,559.0,576.0,619.0,653.0,660.0,720.0,724.0,745.0,761.0,765.0,771.0,776.0,810.0,823.0,854.0,878.0,893.0,960.0,965.0,966.0,977.0,979.0,986.0,997.0,
6.0,22.0,25.0,64.0,80.0,104.0,154.0,192.0,198.0,203.0,243.0,338.0,366.0,462.0,474.0,484.0,508.0,552.0,601.0,617.0,707.0,721.0,727.0,760.0,808.0,840.0,890.0,898.0,907.0,930.0,942.0,987.0,998.0,
30.0,30.0,61.0,92.0,95.0,125.0,140.0,148.0,162.0,163.0,204.0,214.0,235.0,263.0,315.0,354.0,363.0,365.0,367.0,373.0,383.0,396.0,411.0,426.0,431.0,433.0,464.0,481.0,522.0,600.0,663.0,690.0,692.0,801.0,868.0,927.0,938.0,939.0,984.0,989.0,
29.0,95.0,130.0,164.0,174.0,192.0,225.0,230.0,255.0,258.0,273.0,350.0,369.0,402.0,435.0,451.0,461.0,467.0,473.0,531.0,552.0,565.0,620.0,643.0,649.0,708.0,716.0,725.0,741.0,748.0,793.0,855.0,863.0,876.0,884.0,912.0,
7.0,27.0,36.0,116.0,145.0,178.0,182.0,215.0,239.0,239.0,242.0,252.0,289.0,308.0,324.0,381.0,402.0,411.0,419.0,424.0,464.0,506.0,509.0,517.0,527.0,530.0,583.0,693.0,736.0,752.0,753.0,764.0,793.0,823.0,826.0,916.0,932.0,
8.0,52.0,72.0,92.0,123.0,138.0,149.0,160.0,214.0,287.0,311.0,385.0,409.0,438.0,442.0,444.0,501.0,514.0,527.0,603.0,605.0,654.0,669.0,673.0,696.0,715.0,718.0,753.0,831.0,840.0,877.0,880.0,904.0,910.0,912.0,929.0,948.0,982.0,986.0,
81.0,138.0,224.0,236.0,236.0,299.0,432.0,432.0,435.0,450.0,471.0,472.0,475.0,490.0,635.0,649.0,671.0,702.0,704.0,756.0,757.0,792.0,822.0,843.0,857.0,902.0,909.0,917.0,933.0,958.0,958.0,959.0,996.0,1000.0,
27.0,77.0,115.0,120.0,158.0,174.0,212.0,249.0,285.0,288.0,294.0,306.0,348.0,374.0,432.0,449.0,454.0,462.0,481.0,522.0,555.0,562.0,617.0,625.0,635.0,701.0,726.0,746.0,747.0,790.0,792.0,796.0,823.0,848.0,862.0,889.0,889.0,916.0,941.0,943.0,947.0,948.0,956.0,968.0,969.0,970.0,993.0,994.0,
15.0,80.0,93.0,103.0,115.0,137.0,139.0,146.0,149.0,157.0,173.0,204.0,236.0,250.0,268.0,276.0,280.0,281.0,283.0,334.0,339.0,369.0,375.0,421.0,458.0,462.0,611.0,621.0,630.0,633.0,650.0,696.0,711.0,780.0,813.0,815.0,838.0,848.0,906.0,929.0,930.0,956.0,960.0,1000.0,
78.0,95.0,105.0,119.0,125.0,147.0,151.0,227.0,276.0,283.0,456.0,585.0,594.0,608.0,623.0,652.0,710.0,772.0,789.0,799.0,817.0,817.0,889.0,919.0,972.0,
46.0,49.0,53.0,57.0,89.0,108.0,109.0,135.0,138.0,139.0,166.0,241.0,260.0,272.0,351.0,393.0,398.0,454.0,460.0,482.0,512.0,525.0,532.0,532.0,647.0,664.0,693.0,722.0,792.0,819.0,864.0,888.0,896.0,960.0,
19.0,68.0,87.0,102.0,109.0,119.0,129.0,204.0,234.0,238.0,290.0,384.0,388.0,419.0,466.0,466.0,470.0,473.0,489.0,502.0,558.0,575.0,619.0,665.0,683.0,732.0,749.0,780.0,806.0,810.0,859.0,881.0,923.0,964.0,966.0,967.0,
27.0,60.0,89.0,115.0,121.0,142.0,153.0,155.0,192.0,220.0,258.0,296.0,309.0,314.0,350.0,369.0,400.0,406.0,408.0,413.0,418.0,439.0,442.0,446.0,451.0,487.0,533.0,632.0,646.0,658.0,683.0,712.0,720.0,720.0,722.0,723.0,787.0,804.0,812.0,827.0,876.0,891.0,908.0,912.0,948.0,949.0,963.0,968.0,
18.0,56.0,67.0,73.0,98.0,108.0,131.0,133.0,140.0,148.0,182.0,207.0,210.0,247.0,317.0,332.0,334.0,358.0,384.0,437.0,439.0,510.0,541.0,604.0,636.0,652.0,661.0,700.0,705.0,772.0,782.0,784.0,844.0,868.0,904.0,940.0,983.0,
56.0,72.0,79.0,82.0,116.0,149.0,274.0,341.0,374.0,384.0,394.0,415.0,422.0,438.0,462.0,472.0,505.0,524.0,560.0,564.0,565.0,578.0,595.0,636.0,686.0,704.0,721.0,881.0,897.0,913.0,920.0,921.0,951.0,
79.0,96.0,117.0,229.0,249.0,262.0,270.0,334.0,344.0,352.0,380.0,429.0,430.0,460.0,476.0,478.0,478.0,543.0,568.0,585.0,706.0,764.0,772.0,793.0,797.0,832.0,874.0,875.0,944.0,
5.0,46.0,61.0,67.0,74.0,113.0,278.0,278.0,325.0,333.0,345.0,417.0,424.0,460.0,461.0,491.0,517.0,546.0,558.0,565.0,566.0,597.0,610.0,630.0,660.0,679.0,687.0,693.0,723.0,736.0,742.0,804.0,898.0,924.0,991.0,1000.0,
41.0,50.0,59.0,66.0,96.0,107.0,123.0,123.0,136.0,146.0,163.0,232.0,236.0,280.0,299.0,302.0,303.0,321.0,391.0,405.0,409.0,419.0,484.0,521.0,582.0,622.0,623.0,642.0,733.0,736.0,820.0,821.0,852.0,861.0,871.0,907.0,958.0,970.0,
7.0,35.0,41.0,44.0,44.0,47.0,54.0,60.0,109.0,138.0,155.0,194.0,267.0,293.0,362.0,364.0,373.0,407.0,482.0,490.0,541.0,583.0,589.0,620.0,634.0,637.0,659.0,689.0,719.0,744.0,767.0,799.0,817.0,834.0,844.0,862.0,869.0,890.0,922.0,926.0,957.0,974.0,977.0,
54.0,115.0,124.0,190.0,199.0,262.0,286.0,309.0,323.0,335.0,336.0,343.0,361.0,381.0,394.0,451.0,478.0,485.0,563.0,598.0,618.0,620.0,646.0,654.0,661.0,663.0,664.0,667.0,674.0,725.0,742.0,780.0,790.0,796.0,815.0,818.0,821.0,821.0,821.0,833.0,898.0,898.0,900.0,906.0,917.0,963.0,
85.0,161.0,175.0,175.0,256.0,258.0,284.0,285.0,298.0,350.0,352.0,381.0,405.0,448.0,453.0,484.0,486.0,495.0,634.0,655.0,698.0,699.0,724.0,739.0,743.0,772.0,787.0,797.0,882.0,900.0,903.0,916.0,933.0,950.0,
95.0,114.0,157.0,170.0,223.0,289.0,306.0,314.0,332.0,339.0,345.0,352.0,402.0,402.0,436.0,452.0,467.0,520.0,581.0,648.0,652.0,683.0,687.0,770.0,793.0,830.0,858.0,882.0,951.0,993.0,
11.0,22.0,23.0,38.0,108.0,146.0,200.0,200.0,223.0,228.0,230.0,287.0,289.0,322.0,379.0,379.0,390.0,405.0,413.0,422.0,432.0,445.0,445.0,499.0,504.0,565.0,589.0,611.0,634.0,672.0,680.0,710.0,711.0,725.0,733.0,759.0,763.0,768.0,785.0,796.0,883.0,884.0,950.0,958.0,979.0,
51.0,96.0,114.0,115.0,140.0,171.0,211.0,321.0,329.0,414.0,418.0,445.0,450.0,461.0,481.0,483.0,499.0,526.0,535.0,536.0,550.0,550.0,556.0,568.0,573.0,614.0,617.0,691.0,693.0,759.0,762.0,844.0,878.0,914.0,938.0,953.0,985.0,
3.0,3.0,13.0,21.0,39.0,104.0,148.0,162.0,167.0,178.0,221.0,224.0,242.0,244.0,256.0,281.0,353.0,398.0,399.0,434.0,457.0,472.0,482.0,491.0,525.0,527.0,529.0,572.0,573.0,594.0,600.0,604.0,628.0,658.0,699.0,706.0,771.0,778.0,829.0,838.0,877.0,897.0,908.0,964.0,
27.0,38.0,46.0,48.0,93.0,167.0,172.0,236.0,251.0,257.0,277.0,279.0,382.0,413.0,441.0,474.0,537.0,552.0,570.0,579.0,587.0,609.0,615.0,680.0,688.0,732.0,733.0,765.0,806.0,936.0,
54.0,73.0,88.0,91.0,123.0,123.0,231.0,238.0,301.0,324.0,360.0,367.0,412.0,441.0,442.0,464.0,489.0,499.0,512.0,529.0,612.0,630.0,681.0,748.0,751.0,772.0,772.0,773.0,777.0,809.0,840.0,840.0,846.0,951.0,
47.0,52.0,66.0,78.0,124.0,133.0,142.0,184.0,192.0,199.0,229.0,234.0,352.0,427.0,432.0,464.0,547.0,559.0,587.0,590.0,606.0,722.0,736.0,745.0,782.0,790.0,835.0,868.0,871.0,888.0,896.0,899.0,922.0,942.0,981.0,997.0,
28.0,78.0,113.0,115.0,131.0,143.0,145.0,171.0,273.0,281.0,308.0,309.0,381.0,387.0,424.0,490.0,501.0,511.0,533.0,589.0,593.0,623.0,650.0,727.0,729.0,745.0,771.0,830.0,851.0,872.0,877.0,920.0,961.0,
4.0,6.0,13.0,53.0,82.0,102.0,118.0,119.0,160.0,220.0,234.0,258.0,331.0,397.0,403.0,433.0,486.0,521.0,635.0,638.0,654.0,668.0,747.0,778.0,808.0,840.0,850.0,899.0,993.0,
13.0,23.0,29.0,49.0,77.0,85.0,92.0,106.0,115.0,158.0,165.0,177.0,178.0,192.0,206.0,230.0,241.0,278.0,278.0,292.0,295.0,325.0,475.0,508.0,514.0,528.0,534.0,569.0,598.0,619.0,650.0,739.0,778.0,846.0,849.0,875.0,878.0,880.0,893.0,902.0,952.0,956.0,
12.0,87.0,185.0,197.0,245.0,335.0,340.0,343.0,347.0,351.0,407.0,413.0,445.0,461.0,491.0,525.0,532.0,546.0,602.0,630.0,648.0,693.0,709.0,710.0,722.0,725.0,732.0,743.0,749.0,756.0,802.0,828.0,830.0,839.0,905.0,
15.0,23.0,26.0,85.0,89.0,109.0,142.0,179.0,201.0,216.0,223.0,273.0,420.0,451.0,479.0,531.0,562.0,579.0,610.0,739.0,764.0,769.0,824.0,832.0,835.0,868.0,910.0,919.0,955.0,
5.0,11.0,24.0,68.0,102.0,113.0,220.0,235.0,250.0,302.0,329.0,360.0,363.0,386.0,412.0,431.0,463.0,469.0,488.0,496.0,503.0,528.0,574.0,577.0,588.0,591.0,595.0,600.0,673.0,693.0,702.0,729.0,773.0,801.0,860.0,893.0,917.0,942.0,954.0,956.0,
16.0,67.0,70.0,109.0,132.0,147.0,191.0,218.0,353.0,359.0,385.0,413.0,433.0,433.0,434.0,470.0,484.0,516.0,539.0,550.0,554.0,559.0,559.0,569.0,606.0,616.0,626.0,628.0,631.0,654.0,684.0,747.0,761.0,770.0,787.0,827.0,828.0,883.0,913.0,914.0,915.0,995.0,
117.0,125.0,146.0,262.0,295.0,369.0,374.0,439.0,459.0,481.0,509.0,522.0,532.0,545.0,549.0,553.0,562.0,572.0,617.0,629.0,659.0,667.0,676.0,678.0,694.0,695.0,696.0,697.0,703.0,711.0,734.0,795.0,799.0,812.0,849.0,883.0,892.0,896.0,914.0,923.0,926.0,978.0,995.0,
100.0,115.0,153.0,224.0,247.0,256.0,308.0,319.0,375.0,448.0,462.0,469.0,500.0,505.0,508.0,540.0,552.0,571.0,579.0,598.0,605.0,638.0,638.0,679.0,797.0,816.0,835.0,858.0,885.0,890.0,894.0,896.0,899.0,904.0,928.0,928.0,946.0,950.0,974.0,980.0,981.0,988.0,994.0,
15.0,47.0,114.0,129.0,209.0,254.0,270.0,310.0,326.0,344.0,360.0,367.0,414.0,425.0,437.0,452.0,460.0,474.0,497.0,538.0,556.0,574.0,593.0,622.0,627.0,693.0,721.0,737.0,746.0,761.0,784.0,804.0,811.0,834.0,858.0,946.0,
94.0,130.0,158.0,191.0,197.0,234.0,241.0,274.0,347.0,365.0,379.0,394.0,425.0,436.0,524.0,550.0,565.0,566.0,568.0,568.0,611.0,691.0,694.0,708.0,743.0,796.0,832.0,895.0,953.0,
18.0,27.0,68.0,98.0,148.0,229.0,261.0,293.0,324.0,398.0,399.0,402.0,403.0,446.0,455.0,493.0,575.0,663.0,669.0,670.0,696.0,707.0,745.0,788.0,811.0,866.0,878.0,885.0,905.0,927.0,932.0,946.0,948.0,969.0,998.0,
45.0,69.0,110.0,140.0,190.0,217.0,245.0,313.0,334.0,342.0,361.0,364.0,371.0,372.0,399.0,436.0,443.0,443.0,451.0,540.0,574.0,597.0,616.0,643.0,645.0,667.0,676.0,692.0,799.0,849.0,851.0,852.0,882.0,882.0,919.0,998.0,
44.0,69.0,73.0,89.0,95.0,126.0,155.0,205.0,219.0,262.0,272.0,295.0,326.0,332.0,346.0,360.0,366.0,383.0,439.0,457.0,458.0,478.0,495.0,513.0,514.0,544.0,567.0,583.0,606.0,630.0,680.0,692.0,718.0,828.0,832.0,858.0,861.0,898.0,923.0,944.0,947.0,950.0,
22.0,28.0,66.0,69.0,103.0,120.0,153.0,173.0,232.0,238.0,251.0,418.0,448.0,449.0,481.0,532.0,537.0,545.0,558.0,635.0,706.0,793.0,859.0,945.0,966.0,977.0,
13.0,64.0,143.0,168.0,204.0,228.0,253.0,276.0,347.0,368.0,376.0,409.0,414.0,438.0,439.0,474.0,489.0,491.0,533.0,547.0,549.0,557.0,559.0,594.0,604.0,626.0,653.0,662.0,682.0,705.0,713.0,718.0,767.0,776.0,838.0,844.0,867.0,888.0,
27.0,43.0,73.0,106.0,145.0,151.0,154.0,172.0,176.0,299.0,318.0,323.0,349.0,364.0,377.0,392.0,394.0,494.0,511.0,527.0,547.0,551.0,551.0,552.0,573.0,578.0,592.0,614.0,616.0,618.0,620.0,645.0,653.0,662.0,694.0,707.0,717.0,721.0,744.0,754.0,784.0,795.0,831.0,833.0,836.0,922.0,931.0,931.0,942.0,980.0,988.0,999.0,
11.0,18.0,58.0,69.0,163.0,163.0,174.0,253.0,261.0,289.0,309.0,333.0,403.0,411.0,472.0,488.0,535.0,538.0,539.0,541.0,546.0,549.0,555.0,556.0,558.0,559.0,564.0,567.0,573.0,574.0,574.0,581.0,581.0,591.0,607.0,614.0,617.0,627.0,628.0,633.0,642.0,643.0,657.0,664.0,679.0,692.0,692.0,706.0,710.0,715.0,726.0,731.0,741.0,745.0,764.0,775.0,775.0,781.0,788.0,805.0,849.0,850.0,860.0,874.0,876.0,898.0,910.0,931.0,936.0,938.0,946.0,991.0,994.0,
35.0,41.0,80.0,117.0,163.0,186.0,187.0,239.0,246.0,287.0,376.0,403.0,436.0,472.0,477.0,530.0,540.0,549.0,551.0,556.0,558.0,563.0,566.0,566.0,566.0,566.0,567.0,572.0,603.0,607.0,617.0,621.0,623.0,627.0,633.0,640.0,664.0,673.0,674.0,696.0,710.0,710.0,714.0,719.0,728.0,739.0,796.0,802.0,815.0,819.0,843.0,850.0,913.0,922.0,935.0,944.0,977.0,
13.0,33.0,46.0,58.0,93.0,107.0,113.0,191.0,212.0,229.0,249.0,298.0,358.0,382.0,386.0,393.0,397.0,409.0,481.0,489.0,491.0,514.0,529.0,530.0,531.0,536.0,540.0,559.0,564.0,573.0,576.0,577.0,592.0,602.0,608.0,665.0,695.0,714.0,727.0,797.0,815.0,830.0,844.0,851.0,881.0,884.0,889.0,908.0,919.0,946.0,953.0,956.0,984.0,987.0,
4.0,13.0,25.0,30.0,57.0,94.0,114.0,166.0,179.0,185.0,241.0,247.0,255.0,270.0,298.0,312.0,325.0,335.0,342.0,355.0,363.0,406.0,435.0,513.0,525.0,544.0,547.0,724.0,736.0,749.0,782.0,840.0,869.0,890.0,985.0,986.0,995.0,
58.0,101.0,106.0,130.0,199.0,203.0,216.0,230.0,232.0,242.0,274.0,280.0,291.0,299.0,315.0,343.0,344.0,372.0,386.0,392.0,400.0,419.0,524.0,543.0,557.0,561.0,584.0,636.0,650.0,655.0,733.0,792.0,862.0,871.0,889.0,964.0,
32.0,44.0,65.0,108.0,108.0,118.0,124.0,171.0,171.0,195.0,216.0,232.0,237.0,277.0,282.0,288.0,332.0,356.0,423.0,446.0,490.0,512.0,529.0,539.0,546.0,588.0,621.0,678.0,680.0,766.0,810.0,850.0,870.0,938.0,993.0,997.0,
14.0,19.0,70.0,74.0,125.0,144.0,188.0,236.0,342.0,416.0,434.0,435.0,453.0,465.0,470.0,482.0,498.0,537.0,580.0,583.0,603.0,614.0,640.0,660.0,679.0,748.0,863.0,874.0,877.0,919.0,944.0,946.0,971.0,
48.0,56.0,96.0,99.0,185.0,202.0,211.0,221.0,227.0,248.0,271.0,301.0,400.0,402.0,412.0,423.0,470.0,490.0,507.0,582.0,597.0,651.0,659.0,670.0,748.0,788.0,816.0,905.0,937.0,969.0,
19.0,35.0,38.0,92.0,105.0,129.0,179.0,224.0,226.0,293.0,310.0,319.0,322.0,323.0,323.0,374.0,413.0,442.0,472.0,526.0,536.0,538.0,542.0,545.0,578.0,600.0,608.0,621.0,631.0,648.0,653.0,659.0,661.0,700.0,743.0,746.0,776.0,789.0,791.0,808.0,815.0,839.0,854.0,869.0,881.0,886.0,889.0,916.0,917.0,921.0,925.0,932.0,952.0,971.0,978.0,986.0,999.0,
7.0,27.0,121.0,154.0,175.0,185.0,206.0,221.0,278.0,328.0,338.0,359.0,368.0,473.0,490.0,510.0,530.0,531.0,532.0,542.0,548.0,549.0,552.0,553.0,557.0,561.0,570.0,577.0,579.0,579.0,591.0,601.0,609.0,620.0,620.0,639.0,650.0,655.0,663.0,689.0,697.0,729.0,793.0,833.0,837.0,863.0,877.0,914.0,920.0,939.0,946.0,955.0,980.0,985.0,
4.0,80.0,127.0,147.0,184.0,224.0,266.0,269.0,279.0,295.0,300.0,320.0,320.0,334.0,351.0,382.0,384.0,456.0,497.0,513.0,524.0,532.0,534.0,540.0,543.0,551.0,568.0,573.0,573.0,577.0,593.0,595.0,597.0,639.0,646.0,650.0,656.0,677.0,678.0,684.0,685.0,711.0,715.0,736.0,743.0,745.0,765.0,809.0,832.0,843.0,901.0,901.0,931.0,971.0,983.0,
13.0,50.0,70.0,73.0,82.0,95.0,126.0,167.0,220.0,340.0,361.0,413.0,482.0,505.0,507.0,516.0,533.0,543.0,544.0,545.0,548.0,549.0,559.0,567.0,567.0,576.0,588.0,588.0,589.0,591.0,603.0,604.0,608.0,623.0,623.0,630.0,639.0,647.0,656.0,659.0,662.0,663.0,664.0,665.0,681.0,682.0,690.0,695.0,759.0,778.0,782.0,783.0,822.0,823.0,833.0,843.0,866.0,878.0,884.0,887.0,908.0,914.0,926.0,946.0,955.0,970.0,971.0,980.0,
11.0,14.0,21.0,29.0,51.0,94.0,122.0,137.0,146.0,210.0,213.0,237.0,333.0,356.0,402.0,409.0,416.0,447.0,450.0,462.0,471.0,498.0,509.0,512.0,513.0,515.0,523.0,546.0,549.0,549.0,557.0,569.0,572.0,580.0,582.0,591.0,603.0,610.0,613.0,648.0,649.0,652.0,652.0,680.0,686.0,706.0,741.0,755.0,756.0,779.0,849.0,856.0,894.0,906.0,929.0,935.0,951.0,
56.0,62.0,111.0,121.0,157.0,171.0,216.0,230.0,250.0,266.0,269.0,281.0,303.0,319.0,374.0,406.0,429.0,435.0,435.0,470.0,473.0,578.0,603.0,668.0,673.0,717.0,725.0,727.0,731.0,775.0,791.0,906.0,941.0,961.0,
18.0,23.0,29.0,30.0,44.0,48.0,49.0,64.0,117.0,255.0,259.0,286.0,290.0,300.0,391.0,413.0,419.0,423.0,493.0,522.0,581.0,591.0,684.0,693.0,706.0,799.0,800.0,802.0,817.0,845.0,865.0,870.0,872.0,924.0,970.0,973.0,974.0,979.0,987.0,994.0,996.0,
45.0,73.0,112.0,118.0,147.0,207.0,209.0,227.0,229.0,240.0,275.0,337.0,371.0,413.0,488.0,544.0,552.0,577.0,589.0,597.0,599.0,672.0,684.0,700.0,702.0,730.0,732.0,753.0,840.0,870.0,875.0,900.0,901.0,941.0,945.0,960.0,974.0,
2.0,13.0,48.0,55.0,86.0,167.0,228.0,263.0,286.0,319.0,322.0,338.0,398.0,417.0,419.0,428.0,488.0,493.0,517.0,548.0,561.0,572.0,598.0,686.0,700.0,788.0,796.0,855.0,867.0,874.0,908.0,952.0,983.0,997.0,1000.0,
142.0,179.0,185.0,220.0,252.0,257.0,279.0,286.0,334.0,371.0,385.0,520.0,557.0,581.0,707.0,843.0,879.0,885.0,910.0,932.0,975.0,991.0,996.0,
25.0,41.0,60.0,92.0,97.0,103.0,146.0,156.0,172.0,174.0,186.0,213.0,226.0,258.0,263.0,349.0,358.0,365.0,413.0,414.0,457.0,492.0,501.0,507.0,517.0,520.0,527.0,528.0,529.0,531.0,532.0,538.0,539.0,540.0,548.0,558.0,572.0,585.0,630.0,633.0,669.0,672.0,672.0,674.0,698.0,704.0,718.0,727.0,758.0,774.0,782.0,808.0,857.0,886.0,913.0,933.0,946.0,953.0,975.0,991.0,
19.0,94.0,113.0,122.0,125.0,126.0,191.0,244.0,264.0,272.0,291.0,375.0,397.0,408.0,417.0,440.0,457.0,466.0,506.0,511.0,512.0,519.0,520.0,524.0,525.0,527.0,530.0,533.0,551.0,552.0,556.0,560.0,560.0,561.0,564.0,573.0,575.0,576.0,581.0,585.0,614.0,616.0,621.0,638.0,641.0,651.0,666.0,679.0,679.0,681.0,698.0,715.0,719.0,735.0,749.0,758.0,776.0,781.0,786.0,793.0,834.0,835.0,841.0,848.0,864.0,867.0,869.0,879.0,888.0,904.0,910.0,932.0,959.0,963.0,972.0,994.0,999.0,
63.0,75.0,81.0,106.0,140.0,140.0,153.0,184.0,212.0,237.0,251.0,297.0,309.0,347.0,349.0,353.0,363.0,385.0,394.0,395.0,436.0,518.0,525.0,535.0,537.0,539.0,539.0,544.0,547.0,547.0,548.0,551.0,551.0,555.0,559.0,576.0,590.0,595.0,596.0,596.0,606.0,628.0,638.0,640.0,654.0,667.0,679.0,682.0,686.0,688.0,695.0,707.0,739.0,753.0,792.0,800.0,814.0,823.0,825.0,827.0,839.0,853.0,859.0,864.0,869.0,884.0,889.0,930.0,936.0,962.0,983.0,
36.0,110.0,159.0,193.0,266.0,272.0,297.0,313.0,328.0,368.0,383.0,396.0,410.0,419.0,453.0,459.0,466.0,496.0,514.0,517.0,524.0,530.0,531.0,540.0,545.0,546.0,549.0,556.0,557.0,563.0,585.0,589.0,594.0,599.0,604.0,619.0,626.0,639.0,647.0,650.0,669.0,673.0,687.0,723.0,748.0,754.0,780.0,802.0,818.0,830.0,834.0,836.0,845.0,866.0,921.0,933.0,970.0,992.0,993.0,997.0,
55.0,78.0,98.0,152.0,170.0,176.0,179.0,182.0,188.0,265.0,275.0,290.0,301.0,306.0,344.0,360.0,416.0,428.0,431.0,435.0,443.0,464.0,525.0,526.0,529.0,529.0,543.0,544.0,571.0,583.0,610.0,613.0,637.0,702.0,717.0,730.0,739.0,739.0,741.0,781.0,827.0,842.0,845.0,865.0,868.0,887.0,900.0,902.0,904.0,905.0,912.0,925.0,952.0,
4.0,13.0,36.0,73.0,82.0,98.0,175.0,186.0,204.0,205.0,212.0,219.0,238.0,259.0,282.0,295.0,338.0,437.0,484.0,510.0,525.0,534.0,588.0,600.0,611.0,626.0,659.0,717.0,753.0,790.0,791.0,928.0,973.0,987.0,999.0,
50.0,50.0,83.0,118.0,136.0,141.0,158.0,165.0,192.0,194.0,201.0,247.0,259.0,327.0,336.0,342.0,345.0,353.0,372.0,398.0,414.0,415.0,459.0,575.0,589.0,589.0,646.0,668.0,678.0,687.0,693.0,696.0,700.0,745.0,800.0,807.0,823.0,859.0,894.0,915.0,924.0,991.0,
26.0,59.0,84.0,110.0,150.0,167.0,187.0,203.0,216.0,246.0,260.0,293.0,332.0,370.0,446.0,461.0,466.0,481.0,518.0,579.0,615.0,657.0,678.0,696.0,707.0,721.0,732.0,802.0,921.0,
34.0,40.0,60.0,83.0,94.0,98.0,127.0,137.0,200.0,202.0,202.0,211.0,272.0,301.0,337.0,337.0,361.0,388.0,457.0,482.0,494.0,623.0,634.0,634.0,673.0,775.0,783.0,819.0,903.0,922.0,930.0,
27.0,30.0,37.0,132.0,145.0,148.0,161.0,169.0,285.0,339.0,385.0,439.0,471.0,501.0,503.0,535.0,548.0,565.0,601.0,622.0,632.0,645.0,666.0,677.0,684.0,730.0,745.0,761.0,790.0,803.0,803.0,829.0,884.0,890.0,917.0,980.0,
21.0,86.0,87.0,91.0,95.0,106.0,113.0,179.0,196.0,205.0,230.0,256.0,273.0,284.0,342.0,404.0,449.0,509.0,516.0,517.0,528.0,547.0,560.0,581.0,626.0,631.0,645.0,736.0,750.0,802.0,806.0,873.0,886.0,894.0,942.0,947.0,956.0,959.0,982.0,992.0,
42.0,72.0,72.0,74.0,79.0,89.0,111.0,119.0,158.0,210.0,238.0,242.0,280.0,281.0,291.0,307.0,322.0,327.0,347.0,362.0,377.0,401.0,429.0,448.0,458.0,467.0,495.0,519.0,527.0,527.0,552.0,556.0,593.0,599.0,654.0,679.0,689.0,706.0,727.0,757.0,802.0,823.0,860.0,868.0,872.0,878.0,904.0,935.0,941.0,974.0,993.0,
3.0,26.0,42.0,56.0,94.0,102.0,132.0,132.0,139.0,169.0,236.0,255.0,286.0,348.0,505.0,510.0,513.0,521.0,527.0,535.0,536.0,536.0,557.0,559.0,562.0,568.0,578.0,579.0,586.0,589.0,591.0,594.0,609.0,616.0,631.0,638.0,662.0,667.0,676.0,719.0,721.0,757.0,758.0,761.0,765.0,781.0,790.0,799.0,817.0,828.0,892.0,937.0,
9.0,26.0,30.0,119.0,172.0,180.0,192.0,239.0,245.0,273.0,279.0,302.0,426.0,466.0,467.0,500.0,518.0,552.0,554.0,556.0,559.0,562.0,570.0,593.0,596.0,628.0,674.0,693.0,695.0,766.0,769.0,780.0,818.0,824.0,883.0,891.0,907.0,908.0,934.0,
16.0,57.0,213.0,216.0,217.0,263.0,266.0,273.0,284.0,385.0,388.0,395.0,402.0,440.0,441.0,447.0,465.0,508.0,519.0,532.0,538.0,608.0,619.0,675.0,741.0,817.0,837.0,850.0,943.0,950.0,952.0,953.0,954.0,993.0,
15.0,51.0,70.0,211.0,254.0,329.0,402.0,420.0,437.0,444.0,451.0,477.0,486.0,489.0,499.0,605.0,609.0,641.0,687.0,714.0,724.0,792.0,867.0,913.0,930.0,937.0,955.0,985.0,
18.0,75.0,135.0,201.0,218.0,221.0,236.0,309.0,335.0,380.0,391.0,407.0,426.0,493.0,523.0,523.0,568.0,578.0,609.0,612.0,669.0,731.0,764.0,805.0,807.0,827.0,843.0,923.0,950.0,975.0,980.0,983.0,
67.0,111.0,124.0,141.0,163.0,182.0,186.0,204.0,204.0,270.0,284.0,292.0,304.0,305.0,307.0,314.0,326.0,343.0,372.0,374.0,509.0,511.0,525.0,527.0,585.0,595.0,624.0,654.0,696.0,703.0,725.0,762.0,773.0,815.0,823.0,838.0,848.0,866.0,982.0,
32.0,64.0,81.0,98.0,229.0,273.0,277.0,296.0,383.0,391.0,412.0,466.0,496.0,502.0,508.0,530.0,558.0,563.0,563.0,633.0,649.0,668.0,679.0,696.0,725.0,738.0,748.0,753.0,805.0,845.0,871.0,880.0,896.0,897.0,901.0,912.0,915.0,964.0,
7.0,49.0,168.0,180.0,184.0,194.0,205.0,243.0,251.0,254.0,256.0,326.0,340.0,368.0,475.0,475.0,505.0,513.0,515.0,521.0,551.0,598.0,619.0,664.0,689.0,695.0,704.0,850.0,851.0,864.0,872.0,873.0,878.0,903.0,904.0,910.0,922.0,934.0,
43.0,48.0,65.0,68.0,72.0,85.0,141.0,141.0,155.0,170.0,177.0,184.0,205.0,207.0,207.0,232.0,292.0,350.0,410.0,427.0,430.0,443.0,482.0,516.0,530.0,546.0,546.0,556.0,560.0,602.0,638.0,640.0,641.0,645.0,650.0,650.0,655.0,657.0,750.0,797.0,820.0,850.0,854.0,864.0,869.0,890.0,961.0,995.0,999.0,
9.0,15.0,66.0,84.0,148.0,160.0,171.0,180.0,213.0,232.0,243.0,273.0,307.0,322.0,326.0,346.0,349.0,361.0,416.0,440.0,456.0,527.0,561.0,596.0,615.0,741.0,750.0,777.0,783.0,798.0,820.0,847.0,851.0,888.0,898.0,915.0,
5.0,36.0,55.0,111.0,146.0,154.0,166.0,194.0,236.0,268.0,281.0,331.0,382.0,410.0,419.0,438.0,452.0,474.0,475.0,500.0,519.0,524.0,596.0,597.0,598.0,657.0,713.0,743.0,789.0,803.0,820.0,843.0,874.0,895.0,920.0,924.0,949.0,958.0,968.0,
30.0,42.0,50.0,55.0,78.0,126.0,133.0,147.0,171.0,218.0,240.0,291.0,338.0,372.0,378.0,388.0,437.0,454.0,467.0,471.0,489.0,538.0,584.0,617.0,627.0,644.0,669.0,683.0,700.0,742.0,754.0,836.0,841.0,844.0,950.0,983.0,
107.0,131.0,131.0,138.0,158.0,225.0,245.0,294.0,349.0,356.0,390.0,408.0,425.0,472.0,475.0,486.0,564.0,588.0,611.0,646.0,667.0,780.0,794.0,801.0,801.0,834.0,857.0,860.0,882.0,901.0,966.0,994.0,1000.0,
58.0,84.0,150.0,166.0,169.0,198.0,228.0,275.0,369.0,380.0,389.0,401.0,486.0,530.0,639.0,642.0,652.0,664.0,681.0,735.0,940.0,
78.0,83.0,122.0,153.0,157.0,185.0,192.0,201.0,215.0,238.0,242.0,298.0,333.0,389.0,399.0,415.0,422.0,423.0,430.0,435.0,444.0,541.0,565.0,598.0,615.0,631.0,640.0,702.0,755.0,848.0,866.0,908.0,923.0,923.0,925.0,949.0,960.0,
41.0,60.0,77.0,171.0,196.0,209.0,235.0,294.0,309.0,373.0,444.0,519.0,534.0,546.0,637.0,678.0,694.0,696.0,697.0,699.0,700.0,773.0,809.0,818.0,823.0,834.0,879.0,902.0,951.0,957.0,983.0,993.0,997.0,
31.0,86.0,88.0,101.0,167.0,232.0,239.0,252.0,260.0,264.0,287.0,321.0,396.0,456.0,461.0,582.0,618.0,662.0,663.0,692.0,798.0,821.0,936.0,967.0,973.0,996.0,
27.0,100.0,144.0,242.0,271.0,327.0,343.0,359.0,410.0,432.0,435.0,458.0,480.0,513.0,535.0,561.0,616.0,742.0,820.0,826.0,855.0,924.0,930.0,931.0,950.0,952.0,968.0,
5.0,9.0,11.0,107.0,117.0,205.0,213.0,222.0,269.0,313.0,317.0,414.0,441.0,449.0,455.0,456.0,475.0,477.0,510.0,513.0,539.0,540.0,549.0,559.0,564.0,577.0,610.0,620.0,638.0,671.0,674.0,684.0,708.0,715.0,718.0,798.0,826.0,838.0,886.0,894.0,912.0,915.0,943.0,947.0,965.0,990.0,
3.0,64.0,65.0,203.0,217.0,225.0,230.0,261.0,269.0,289.0,333.0,350.0,367.0,373.0,378.0,392.0,394.0,413.0,421.0,427.0,431.0,432.0,456.0,457.0,476.0,480.0,500.0,508.0,522.0,539.0,546.0,609.0,676.0,710.0,718.0,719.0,746.0,782.0,848.0,897.0,904.0,905.0,932.0,978.0,
10.0,60.0,67.0,131.0,191.0,255.0,286.0,295.0,305.0,336.0,341.0,342.0,345.0,388.0,388.0,389.0,409.0,413.0,417.0,432.0,437.0,496.0,525.0,534.0,615.0,629.0,655.0,675.0,704.0,727.0,735.0,744.0,765.0,883.0,939.0,954.0,983.0,
14.0,39.0,74.0,75.0,104.0,141.0,153.0,160.0,234.0,320.0,337.0,354.0,426.0,427.0,429.0,470.0,471.0,497.0,515.0,522.0,544.0,563.0,609.0,636.0,640.0,653.0,688.0,694.0,747.0,773.0,782.0,804.0,830.0,858.0,865.0,873.0,887.0,917.0,936.0,974.0,
13.0,26.0,46.0,53.0,69.0,91.0,93.0,100.0,141.0,174.0,217.0,225.0,281.0,299.0,321.0,334.0,399.0,448.0,455.0,535.0,692.0,707.0,725.0,746.0,752.0,806.0,824.0,842.0,913.0,916.0,925.0,
24.0,147.0,159.0,166.0,167.0,210.0,223.0,234.0,278.0,303.0,374.0,376.0,407.0,455.0,517.0,538.0,540.0,571.0,577.0,578.0,616.0,625.0,638.0,706.0,718.0,728.0,772.0,906.0,920.0,955.0,969.0,989.0,995.0,
6.0,45.0,52.0,71.0,125.0,195.0,283.0,332.0,347.0,400.0,407.0,420.0,433.0,483.0,561.0,596.0,626.0,649.0,649.0,653.0,656.0,671.0,697.0,773.0,784.0,787.0,807.0,834.0,848.0,870.0,880.0,917.0,986.0,988.0,989.0,995.0,
