55.0,72.0,80.0,95.0,167.0,176.0,241.0,281.0,287.0,324.0,347.0,446.0,456.0,514.0,517.0,578.0,617.0,637.0,670.0,675.0,689.0,712.0,718.0,724.0,729.0,773.0,811.0,825.0,836.0,841.0,886.0,923.0,959.0,
22.0,82.0,120.0,128.0,143.0,194.0,217.0,233.0,281.0,288.0,307.0,352.0,397.0,480.0,550.0,583.0,594.0,605.0,606.0,645.0,658.0,673.0,705.0,715.0,726.0,728.0,736.0,744.0,777.0,830.0,831.0,874.0,893.0,895.0,907.0,955.0,973.0,976.0,1000.0,
28.0,46.0,177.0,184.0,200.0,318.0,465.0,485.0,486.0,552.0,581.0,596.0,617.0,638.0,717.0,728.0,730.0,738.0,753.0,753.0,786.0,804.0,831.0,849.0,862.0,919.0,968.0,975.0,982.0,
26.0,30.0,32.0,79.0,84.0,116.0,127.0,132.0,180.0,206.0,226.0,246.0,307.0,370.0,371.0,394.0,394.0,421.0,444.0,449.0,508.0,513.0,549.0,573.0,584.0,596.0,624.0,631.0,639.0,648.0,725.0,768.0,813.0,887.0,909.0,947.0,960.0,976.0,
10.0,28.0,37.0,48.0,48.0,54.0,115.0,127.0,136.0,139.0,188.0,195.0,212.0,225.0,268.0,384.0,394.0,399.0,418.0,421.0,468.0,506.0,515.0,529.0,531.0,545.0,551.0,553.0,559.0,561.0,590.0,612.0,762.0,819.0,823.0,829.0,848.0,872.0,883.0,887.0,947.0,979.0,
67.0,80.0,83.0,93.0,94.0,166.0,260.0,316.0,325.0,329.0,349.0,362.0,486.0,511.0,518.0,518.0,528.0,528.0,561.0,565.0,605.0,636.0,682.0,744.0,815.0,857.0,861.0,879.0,891.0,960.0,
12.0,17.0,41.0,65.0,123.0,188.0,214.0,267.0,334.0,353.0,393.0,425.0,449.0,532.0,544.0,571.0,574.0,579.0,590.0,614.0,673.0,752.0,775.0,797.0,797.0,849.0,970.0,975.0,977.0,
16.0,44.0,48.0,50.0,59.0,165.0,212.0,270.0,279.0,306.0,391.0,400.0,420.0,477.0,551.0,552.0,569.0,579.0,588.0,605.0,643.0,680.0,683.0,688.0,717.0,759.0,867.0,897.0,939.0,991.0,999.0,
30.0,36.0,55.0,98.0,146.0,158.0,173.0,201.0,213.0,217.0,221.0,227.0,249.0,251.0,255.0,265.0,319.0,358.0,371.0,380.0,414.0,429.0,430.0,475.0,484.0,501.0,540.0,550.0,657.0,671.0,733.0,749.0,749.0,761.0,819.0,824.0,849.0,876.0,883.0,915.0,931.0,944.0,981.0,
5.0,5.0,7.0,39.0,41.0,70.0,120.0,122.0,189.0,258.0,281.0,282.0,347.0,366.0,368.0,441.0,483.0,541.0,579.0,587.0,603.0,670.0,713.0,718.0,747.0,773.0,829.0,855.0,894.0,912.0,917.0,921.0,961.0,993.0,
166.0,199.0,251.0,338.0,343.0,359.0,362.0,413.0,413.0,421.0,425.0,456.0,509.0,532.0,557.0,584.0,622.0,636.0,670.0,684.0,701.0,747.0,772.0,808.0,824.0,834.0,855.0,909.0,937.0,980.0,980.0,985.0,997.0,
13.0,29.0,35.0,42.0,93.0,152.0,154.0,173.0,183.0,228.0,239.0,261.0,290.0,297.0,320.0,324.0,337.0,398.0,420.0,457.0,511.0,532.0,559.0,564.0,569.0,600.0,660.0,726.0,736.0,745.0,791.0,828.0,868.0,870.0,875.0,876.0,
21.0,61.0,68.0,73.0,89.0,136.0,151.0,156.0,219.0,219.0,292.0,310.0,315.0,328.0,352.0,398.0,475.0,496.0,497.0,601.0,612.0,623.0,648.0,654.0,662.0,712.0,720.0,722.0,727.0,772.0,774.0,784.0,821.0,822.0,828.0,834.0,837.0,855.0,864.0,875.0,
2.0,28.0,33.0,40.0,122.0,162.0,188.0,203.0,233.0,338.0,340.0,349.0,358.0,361.0,401.0,403.0,433.0,454.0,583.0,605.0,687.0,688.0,715.0,717.0,727.0,728.0,777.0,831.0,837.0,847.0,849.0,873.0,974.0,
22.0,24.0,37.0,112.0,147.0,197.0,273.0,286.0,301.0,305.0,319.0,321.0,338.0,358.0,377.0,390.0,400.0,405.0,428.0,446.0,479.0,522.0,596.0,651.0,664.0,702.0,721.0,782.0,801.0,806.0,841.0,858.0,886.0,894.0,929.0,929.0,945.0,948.0,
12.0,62.0,68.0,89.0,93.0,96.0,151.0,190.0,241.0,270.0,286.0,333.0,353.0,391.0,394.0,397.0,427.0,434.0,438.0,482.0,501.0,548.0,593.0,614.0,680.0,705.0,706.0,716.0,729.0,770.0,793.0,799.0,840.0,863.0,878.0,882.0,932.0,961.0,995.0,
82.0,115.0,149.0,182.0,207.0,230.0,255.0,283.0,298.0,302.0,340.0,350.0,356.0,375.0,395.0,417.0,452.0,480.0,495.0,496.0,513.0,526.0,557.0,603.0,628.0,663.0,711.0,738.0,786.0,927.0,965.0,
8.0,28.0,80.0,92.0,108.0,122.0,167.0,170.0,182.0,183.0,191.0,198.0,235.0,252.0,332.0,346.0,350.0,359.0,471.0,473.0,481.0,489.0,492.0,498.0,521.0,535.0,620.0,647.0,652.0,723.0,768.0,796.0,838.0,870.0,878.0,959.0,974.0,981.0,
10.0,63.0,83.0,112.0,147.0,149.0,169.0,207.0,231.0,271.0,292.0,301.0,317.0,324.0,325.0,385.0,396.0,411.0,471.0,489.0,513.0,526.0,530.0,571.0,595.0,596.0,604.0,650.0,650.0,690.0,728.0,745.0,788.0,789.0,875.0,885.0,916.0,920.0,950.0,987.0,991.0,
36.0,99.0,331.0,333.0,398.0,401.0,415.0,426.0,441.0,490.0,542.0,545.0,614.0,646.0,736.0,818.0,866.0,883.0,897.0,949.0,951.0,955.0,971.0,976.0,983.0,
33.0,41.0,79.0,128.0,139.0,145.0,154.0,196.0,220.0,262.0,274.0,317.0,339.0,344.0,355.0,414.0,441.0,470.0,486.0,545.0,598.0,688.0,762.0,776.0,815.0,825.0,850.0,867.0,887.0,902.0,933.0,948.0,
10.0,34.0,65.0,77.0,83.0,130.0,201.0,229.0,232.0,305.0,322.0,326.0,340.0,353.0,355.0,359.0,381.0,402.0,412.0,423.0,439.0,492.0,509.0,541.0,558.0,605.0,616.0,651.0,671.0,681.0,703.0,732.0,734.0,786.0,798.0,812.0,953.0,957.0,977.0,
20.0,22.0,52.0,62.0,84.0,137.0,157.0,201.0,202.0,227.0,238.0,247.0,303.0,348.0,361.0,406.0,442.0,444.0,455.0,457.0,472.0,494.0,499.0,608.0,642.0,665.0,757.0,759.0,759.0,770.0,771.0,865.0,869.0,962.0,995.0,
12.0,64.0,84.0,105.0,148.0,152.0,235.0,266.0,321.0,404.0,418.0,437.0,441.0,456.0,471.0,481.0,497.0,529.0,567.0,586.0,625.0,629.0,635.0,642.0,698.0,730.0,751.0,758.0,784.0,820.0,859.0,905.0,914.0,936.0,945.0,957.0,991.0,
10.0,36.0,79.0,97.0,102.0,211.0,231.0,233.0,260.0,284.0,287.0,293.0,313.0,331.0,352.0,355.0,368.0,394.0,435.0,507.0,508.0,513.0,538.0,576.0,576.0,593.0,622.0,671.0,730.0,754.0,763.0,788.0,914.0,932.0,
11.0,19.0,44.0,48.0,50.0,116.0,221.0,222.0,233.0,237.0,246.0,266.0,268.0,272.0,298.0,343.0,345.0,423.0,442.0,448.0,472.0,480.0,511.0,595.0,645.0,661.0,688.0,777.0,799.0,905.0,939.0,948.0,972.0,979.0,
8.0,11.0,47.0,108.0,145.0,184.0,194.0,210.0,210.0,235.0,269.0,273.0,327.0,357.0,361.0,401.0,439.0,451.0,464.0,503.0,507.0,510.0,643.0,697.0,714.0,729.0,758.0,802.0,847.0,851.0,888.0,904.0,983.0,
53.0,78.0,129.0,261.0,295.0,298.0,300.0,304.0,333.0,348.0,367.0,382.0,392.0,418.0,445.0,552.0,580.0,663.0,677.0,679.0,687.0,709.0,743.0,788.0,802.0,862.0,873.0,906.0,914.0,
45.0,85.0,88.0,91.0,116.0,127.0,151.0,154.0,207.0,213.0,221.0,263.0,268.0,275.0,286.0,295.0,300.0,340.0,371.0,379.0,407.0,413.0,431.0,437.0,439.0,445.0,462.0,488.0,503.0,536.0,574.0,597.0,597.0,614.0,615.0,639.0,644.0,656.0,679.0,752.0,781.0,784.0,839.0,864.0,879.0,895.0,924.0,931.0,933.0,959.0,991.0,
75.0,89.0,127.0,134.0,141.0,145.0,147.0,164.0,213.0,220.0,240.0,251.0,294.0,432.0,435.0,458.0,507.0,554.0,558.0,571.0,581.0,622.0,622.0,634.0,674.0,691.0,694.0,720.0,746.0,754.0,754.0,772.0,788.0,825.0,846.0,864.0,874.0,966.0,
19.0,31.0,40.0,67.0,110.0,126.0,152.0,166.0,178.0,188.0,193.0,197.0,293.0,343.0,429.0,434.0,462.0,464.0,509.0,512.0,513.0,524.0,526.0,532.0,543.0,596.0,605.0,616.0,629.0,671.0,689.0,726.0,755.0,788.0,803.0,860.0,875.0,892.0,914.0,945.0,970.0,
101.0,112.0,146.0,147.0,154.0,197.0,201.0,229.0,317.0,331.0,360.0,408.0,433.0,449.0,524.0,632.0,658.0,687.0,708.0,719.0,727.0,727.0,728.0,732.0,766.0,792.0,862.0,871.0,877.0,882.0,893.0,922.0,960.0,970.0,975.0,982.0,994.0,998.0,
91.0,112.0,139.0,145.0,146.0,187.0,193.0,259.0,282.0,300.0,301.0,366.0,396.0,407.0,464.0,465.0,488.0,603.0,630.0,636.0,692.0,764.0,815.0,824.0,839.0,875.0,881.0,912.0,965.0,
7.0,40.0,49.0,126.0,178.0,292.0,319.0,323.0,374.0,415.0,490.0,503.0,565.0,607.0,631.0,652.0,673.0,701.0,708.0,790.0,791.0,866.0,921.0,976.0,979.0,
18.0,24.0,35.0,89.0,104.0,186.0,268.0,284.0,287.0,292.0,309.0,317.0,323.0,335.0,387.0,399.0,430.0,449.0,468.0,509.0,570.0,578.0,582.0,595.0,615.0,653.0,671.0,704.0,720.0,729.0,757.0,762.0,804.0,824.0,825.0,830.0,836.0,850.0,867.0,883.0,981.0,986.0,
10.0,25.0,30.0,38.0,76.0,107.0,128.0,133.0,139.0,148.0,184.0,242.0,289.0,297.0,302.0,349.0,362.0,392.0,407.0,418.0,446.0,463.0,470.0,515.0,520.0,524.0,534.0,539.0,546.0,552.0,558.0,563.0,568.0,572.0,575.0,577.0,581.0,592.0,597.0,599.0,612.0,616.0,625.0,664.0,667.0,679.0,684.0,710.0,710.0,718.0,748.0,756.0,762.0,794.0,794.0,801.0,821.0,834.0,838.0,860.0,872.0,918.0,943.0,958.0,967.0,972.0,985.0,988.0,
7.0,8.0,20.0,43.0,89.0,95.0,100.0,130.0,149.0,159.0,160.0,166.0,195.0,231.0,313.0,377.0,387.0,399.0,413.0,458.0,463.0,491.0,526.0,533.0,534.0,547.0,551.0,559.0,577.0,591.0,605.0,607.0,607.0,611.0,631.0,652.0,661.0,663.0,668.0,728.0,810.0,860.0,861.0,879.0,884.0,910.0,916.0,928.0,
6.0,17.0,67.0,219.0,239.0,255.0,302.0,310.0,387.0,404.0,409.0,427.0,435.0,482.0,495.0,536.0,581.0,597.0,663.0,665.0,712.0,737.0,764.0,772.0,816.0,837.0,858.0,861.0,864.0,871.0,938.0,
17.0,25.0,29.0,167.0,224.0,263.0,270.0,271.0,303.0,304.0,403.0,414.0,434.0,464.0,483.0,521.0,540.0,651.0,660.0,682.0,686.0,691.0,702.0,766.0,811.0,821.0,841.0,841.0,851.0,856.0,877.0,878.0,893.0,912.0,933.0,972.0,992.0,997.0,
29.0,55.0,67.0,143.0,257.0,331.0,359.0,360.0,367.0,494.0,551.0,572.0,575.0,585.0,599.0,625.0,636.0,705.0,714.0,721.0,728.0,738.0,745.0,750.0,813.0,857.0,871.0,883.0,923.0,974.0,987.0,
118.0,126.0,127.0,194.0,238.0,243.0,269.0,274.0,275.0,338.0,360.0,387.0,394.0,449.0,460.0,514.0,616.0,620.0,631.0,652.0,733.0,807.0,813.0,818.0,842.0,957.0,969.0,990.0,
18.0,152.0,187.0,213.0,235.0,256.0,275.0,338.0,345.0,394.0,444.0,519.0,538.0,677.0,685.0,710.0,714.0,721.0,796.0,896.0,933.0,
12.0,28.0,34.0,52.0,59.0,124.0,205.0,264.0,296.0,297.0,351.0,433.0,499.0,522.0,556.0,575.0,661.0,662.0,666.0,683.0,684.0,689.0,696.0,713.0,788.0,847.0,869.0,882.0,900.0,907.0,
33.0,103.0,115.0,150.0,215.0,258.0,261.0,264.0,321.0,385.0,389.0,401.0,460.0,471.0,476.0,482.0,499.0,512.0,533.0,541.0,550.0,557.0,569.0,590.0,603.0,631.0,759.0,773.0,801.0,828.0,851.0,869.0,920.0,
18.0,53.0,65.0,67.0,174.0,192.0,202.0,239.0,279.0,295.0,300.0,329.0,358.0,374.0,389.0,414.0,444.0,465.0,496.0,519.0,534.0,536.0,539.0,541.0,541.0,556.0,563.0,564.0,568.0,569.0,569.0,570.0,584.0,584.0,585.0,592.0,592.0,595.0,596.0,599.0,601.0,603.0,612.0,625.0,629.0,642.0,642.0,655.0,659.0,669.0,676.0,685.0,687.0,694.0,702.0,708.0,711.0,711.0,712.0,714.0,727.0,736.0,736.0,743.0,746.0,791.0,823.0,835.0,838.0,849.0,862.0,871.0,885.0,901.0,908.0,914.0,920.0,922.0,931.0,938.0,
6.0,19.0,36.0,43.0,59.0,110.0,126.0,149.0,153.0,155.0,204.0,205.0,214.0,217.0,300.0,355.0,356.0,360.0,412.0,446.0,464.0,534.0,552.0,553.0,560.0,565.0,577.0,591.0,592.0,593.0,642.0,646.0,648.0,650.0,665.0,679.0,695.0,703.0,705.0,710.0,778.0,783.0,787.0,793.0,821.0,824.0,845.0,848.0,859.0,866.0,882.0,922.0,932.0,942.0,973.0,975.0,976.0,992.0,
45.0,61.0,70.0,75.0,82.0,100.0,106.0,146.0,173.0,192.0,233.0,274.0,291.0,324.0,331.0,367.0,412.0,457.0,461.0,527.0,528.0,536.0,546.0,558.0,561.0,563.0,563.0,564.0,565.0,577.0,597.0,630.0,638.0,640.0,649.0,671.0,671.0,688.0,689.0,690.0,703.0,714.0,719.0,725.0,726.0,726.0,729.0,730.0,731.0,733.0,742.0,742.0,742.0,745.0,763.0,786.0,789.0,791.0,801.0,813.0,814.0,870.0,890.0,914.0,966.0,970.0,978.0,982.0,996.0,
9.0,25.0,30.0,45.0,55.0,106.0,108.0,152.0,158.0,164.0,171.0,193.0,235.0,260.0,273.0,377.0,385.0,407.0,412.0,416.0,421.0,451.0,485.0,525.0,530.0,535.0,543.0,554.0,560.0,571.0,631.0,648.0,708.0,714.0,748.0,812.0,814.0,854.0,858.0,860.0,904.0,905.0,912.0,914.0,922.0,925.0,936.0,944.0,946.0,962.0,968.0,
14.0,24.0,158.0,166.0,169.0,183.0,192.0,273.0,318.0,323.0,341.0,353.0,361.0,421.0,452.0,467.0,483.0,514.0,522.0,535.0,556.0,611.0,643.0,823.0,863.0,895.0,926.0,928.0,945.0,
15.0,51.0,62.0,74.0,79.0,135.0,141.0,169.0,170.0,248.0,252.0,253.0,272.0,299.0,314.0,347.0,376.0,383.0,445.0,461.0,462.0,481.0,490.0,583.0,592.0,626.0,639.0,685.0,733.0,754.0,815.0,816.0,861.0,882.0,895.0,973.0,983.0,985.0,987.0,994.0,
7.0,15.0,57.0,90.0,159.0,188.0,264.0,272.0,282.0,290.0,334.0,338.0,461.0,480.0,480.0,481.0,535.0,544.0,551.0,584.0,598.0,656.0,657.0,682.0,724.0,747.0,751.0,798.0,839.0,864.0,908.0,966.0,
95.0,114.0,127.0,128.0,182.0,187.0,194.0,199.0,262.0,271.0,285.0,329.0,455.0,481.0,495.0,579.0,649.0,688.0,713.0,781.0,803.0,865.0,876.0,884.0,899.0,928.0,954.0,998.0,
28.0,46.0,61.0,73.0,109.0,138.0,173.0,191.0,226.0,250.0,297.0,310.0,330.0,355.0,386.0,399.0,421.0,429.0,531.0,539.0,571.0,575.0,581.0,626.0,647.0,648.0,670.0,678.0,731.0,742.0,817.0,859.0,880.0,946.0,972.0,
8.0,69.0,98.0,106.0,117.0,137.0,180.0,192.0,239.0,242.0,324.0,326.0,334.0,339.0,343.0,349.0,351.0,356.0,397.0,436.0,436.0,457.0,493.0,495.0,529.0,561.0,576.0,589.0,600.0,666.0,671.0,672.0,685.0,723.0,724.0,730.0,789.0,828.0,834.0,857.0,871.0,890.0,909.0,915.0,926.0,939.0,947.0,965.0,992.0,
35.0,113.0,123.0,125.0,221.0,238.0,254.0,264.0,284.0,307.0,311.0,331.0,337.0,358.0,399.0,417.0,425.0,471.0,480.0,511.0,513.0,517.0,519.0,525.0,526.0,527.0,528.0,534.0,536.0,536.0,538.0,538.0,538.0,539.0,539.0,550.0,552.0,554.0,557.0,559.0,559.0,561.0,566.0,572.0,576.0,577.0,582.0,590.0,599.0,608.0,610.0,617.0,633.0,634.0,652.0,671.0,675.0,677.0,702.0,706.0,712.0,730.0,742.0,742.0,743.0,750.0,777.0,804.0,804.0,812.0,821.0,828.0,847.0,860.0,865.0,874.0,892.0,901.0,906.0,913.0,914.0,933.0,937.0,939.0,944.0,948.0,952.0,959.0,964.0,966.0,985.0,990.0,994.0,
4.0,66.0,118.0,153.0,197.0,228.0,233.0,258.0,285.0,351.0,396.0,479.0,536.0,539.0,541.0,557.0,562.0,563.0,569.0,570.0,571.0,577.0,577.0,588.0,596.0,602.0,604.0,609.0,610.0,617.0,618.0,625.0,632.0,648.0,651.0,660.0,674.0,687.0,692.0,694.0,711.0,717.0,724.0,726.0,727.0,731.0,763.0,764.0,770.0,825.0,831.0,833.0,834.0,847.0,852.0,864.0,870.0,882.0,890.0,892.0,911.0,931.0,935.0,941.0,948.0,952.0,966.0,971.0,
3.0,12.0,28.0,28.0,45.0,54.0,93.0,102.0,106.0,111.0,120.0,160.0,265.0,278.0,296.0,309.0,309.0,340.0,343.0,347.0,362.0,384.0,457.0,459.0,512.0,514.0,523.0,527.0,539.0,551.0,554.0,563.0,569.0,574.0,594.0,596.0,597.0,609.0,621.0,626.0,663.0,668.0,678.0,681.0,685.0,705.0,710.0,721.0,726.0,748.0,748.0,755.0,786.0,818.0,821.0,848.0,850.0,863.0,865.0,908.0,925.0,952.0,972.0,
19.0,26.0,88.0,97.0,98.0,109.0,158.0,179.0,194.0,225.0,248.0,263.0,271.0,278.0,312.0,314.0,396.0,447.0,450.0,471.0,472.0,529.0,530.0,539.0,540.0,543.0,545.0,549.0,552.0,568.0,587.0,589.0,590.0,599.0,617.0,640.0,663.0,663.0,674.0,682.0,723.0,749.0,756.0,775.0,777.0,792.0,805.0,807.0,807.0,854.0,878.0,890.0,893.0,916.0,936.0,
12.0,81.0,83.0,105.0,150.0,181.0,228.0,231.0,246.0,289.0,298.0,304.0,359.0,370.0,381.0,397.0,431.0,444.0,531.0,628.0,653.0,664.0,679.0,692.0,748.0,759.0,778.0,822.0,845.0,876.0,888.0,904.0,924.0,930.0,
4.0,56.0,125.0,152.0,162.0,174.0,178.0,222.0,223.0,257.0,309.0,332.0,431.0,434.0,436.0,447.0,450.0,485.0,555.0,567.0,574.0,579.0,633.0,668.0,674.0,699.0,738.0,749.0,749.0,864.0,919.0,951.0,953.0,1000.0,
21.0,97.0,124.0,129.0,201.0,257.0,339.0,341.0,362.0,406.0,447.0,487.0,500.0,509.0,534.0,549.0,562.0,564.0,579.0,590.0,603.0,614.0,630.0,727.0,740.0,741.0,752.0,803.0,815.0,825.0,858.0,890.0,900.0,907.0,924.0,934.0,946.0,958.0,973.0,
13.0,16.0,16.0,20.0,27.0,85.0,87.0,134.0,224.0,372.0,403.0,404.0,435.0,436.0,469.0,489.0,547.0,556.0,584.0,600.0,610.0,662.0,676.0,722.0,775.0,806.0,823.0,854.0,885.0,890.0,902.0,909.0,918.0,927.0,983.0,
32.0,34.0,38.0,88.0,113.0,119.0,122.0,143.0,147.0,154.0,213.0,215.0,230.0,239.0,312.0,418.0,453.0,481.0,481.0,493.0,524.0,600.0,612.0,630.0,702.0,735.0,766.0,789.0,790.0,809.0,875.0,887.0,889.0,928.0,971.0,973.0,984.0,
10.0,15.0,143.0,261.0,327.0,334.0,342.0,371.0,383.0,408.0,447.0,507.0,531.0,554.0,556.0,557.0,558.0,578.0,581.0,594.0,607.0,618.0,621.0,639.0,676.0,704.0,717.0,723.0,741.0,812.0,823.0,871.0,875.0,910.0,918.0,930.0,972.0,
48.0,58.0,61.0,229.0,312.0,388.0,389.0,408.0,413.0,519.0,525.0,533.0,534.0,535.0,538.0,555.0,555.0,557.0,560.0,574.0,585.0,587.0,592.0,611.0,626.0,637.0,637.0,649.0,649.0,649.0,670.0,671.0,692.0,699.0,708.0,709.0,739.0,742.0,743.0,743.0,753.0,786.0,798.0,803.0,818.0,821.0,825.0,837.0,839.0,853.0,868.0,898.0,903.0,905.0,957.0,959.0,979.0,
26.0,31.0,41.0,68.0,105.0,108.0,138.0,138.0,183.0,225.0,234.0,235.0,288.0,364.0,426.0,429.0,457.0,458.0,465.0,523.0,528.0,528.0,530.0,533.0,544.0,556.0,556.0,558.0,560.0,562.0,564.0,571.0,591.0,598.0,604.0,624.0,625.0,628.0,634.0,644.0,663.0,665.0,668.0,688.0,699.0,710.0,726.0,738.0,746.0,747.0,770.0,795.0,830.0,848.0,881.0,923.0,933.0,937.0,942.0,965.0,976.0,979.0,986.0,989.0,991.0,991.0,
16.0,28.0,73.0,79.0,107.0,135.0,154.0,159.0,168.0,182.0,188.0,205.0,209.0,232.0,244.0,264.0,276.0,292.0,297.0,330.0,373.0,386.0,390.0,404.0,443.0,468.0,492.0,497.0,499.0,514.0,522.0,529.0,531.0,534.0,541.0,543.0,548.0,550.0,551.0,555.0,557.0,559.0,561.0,565.0,569.0,586.0,594.0,603.0,605.0,607.0,608.0,643.0,644.0,654.0,655.0,655.0,670.0,688.0,700.0,713.0,716.0,726.0,742.0,756.0,779.0,785.0,833.0,836.0,841.0,843.0,858.0,863.0,907.0,912.0,936.0,938.0,939.0,942.0,978.0,990.0,
45.0,45.0,112.0,133.0,174.0,235.0,263.0,277.0,279.0,300.0,308.0,327.0,369.0,421.0,524.0,529.0,543.0,546.0,569.0,576.0,597.0,663.0,686.0,695.0,701.0,711.0,712.0,740.0,746.0,751.0,759.0,768.0,777.0,827.0,836.0,848.0,984.0,
3.0,14.0,14.0,42.0,43.0,54.0,64.0,93.0,109.0,117.0,132.0,167.0,174.0,249.0,250.0,254.0,259.0,304.0,324.0,363.0,504.0,528.0,587.0,602.0,641.0,663.0,771.0,785.0,876.0,908.0,913.0,915.0,929.0,
38.0,119.0,133.0,144.0,149.0,182.0,251.0,263.0,288.0,292.0,294.0,309.0,316.0,340.0,342.0,347.0,369.0,501.0,624.0,650.0,702.0,727.0,733.0,798.0,805.0,817.0,858.0,871.0,873.0,881.0,905.0,938.0,958.0,975.0,
19.0,19.0,62.0,155.0,241.0,256.0,270.0,280.0,310.0,334.0,335.0,412.0,439.0,456.0,468.0,468.0,471.0,493.0,515.0,593.0,613.0,620.0,623.0,651.0,668.0,709.0,740.0,744.0,753.0,758.0,779.0,780.0,922.0,947.0,959.0,
41.0,81.0,114.0,117.0,132.0,253.0,287.0,294.0,355.0,356.0,394.0,526.0,546.0,553.0,554.0,596.0,647.0,651.0,678.0,692.0,716.0,729.0,744.0,753.0,784.0,813.0,832.0,864.0,968.0,969.0,
27.0,63.0,115.0,186.0,208.0,233.0,262.0,276.0,299.0,315.0,364.0,380.0,423.0,467.0,484.0,491.0,520.0,534.0,545.0,555.0,592.0,609.0,658.0,701.0,731.0,734.0,746.0,748.0,749.0,779.0,786.0,826.0,846.0,855.0,868.0,882.0,941.0,960.0,990.0,
18.0,26.0,88.0,109.0,127.0,129.0,138.0,204.0,228.0,229.0,237.0,257.0,274.0,287.0,301.0,310.0,403.0,411.0,423.0,424.0,432.0,441.0,446.0,465.0,501.0,548.0,549.0,560.0,575.0,605.0,627.0,638.0,642.0,648.0,720.0,753.0,761.0,785.0,798.0,809.0,828.0,842.0,873.0,894.0,902.0,908.0,917.0,934.0,
3.0,87.0,95.0,102.0,133.0,134.0,135.0,139.0,239.0,248.0,256.0,322.0,345.0,346.0,367.0,375.0,397.0,412.0,436.0,447.0,454.0,465.0,467.0,517.0,544.0,550.0,550.0,556.0,587.0,606.0,624.0,761.0,771.0,772.0,795.0,844.0,938.0,950.0,
16.0,34.0,161.0,168.0,227.0,239.0,323.0,336.0,337.0,345.0,431.0,485.0,531.0,534.0,537.0,538.0,539.0,550.0,557.0,560.0,620.0,622.0,673.0,675.0,686.0,691.0,693.0,695.0,695.0,696.0,699.0,707.0,730.0,756.0,805.0,815.0,820.0,836.0,854.0,860.0,870.0,873.0,875.0,890.0,893.0,900.0,901.0,911.0,916.0,936.0,937.0,953.0,960.0,969.0,981.0,
9.0,17.0,40.0,42.0,75.0,83.0,157.0,169.0,174.0,187.0,197.0,221.0,223.0,228.0,274.0,290.0,315.0,378.0,402.0,422.0,506.0,510.0,544.0,559.0,606.0,652.0,671.0,674.0,678.0,683.0,721.0,774.0,806.0,821.0,842.0,887.0,892.0,897.0,940.0,950.0,955.0,
73.0,73.0,94.0,107.0,125.0,131.0,134.0,155.0,166.0,172.0,231.0,234.0,243.0,259.0,261.0,306.0,350.0,398.0,414.0,435.0,488.0,488.0,498.0,517.0,594.0,603.0,634.0,665.0,671.0,726.0,778.0,779.0,815.0,847.0,866.0,902.0,917.0,925.0,957.0,987.0,
41.0,54.0,82.0,167.0,258.0,277.0,297.0,301.0,413.0,444.0,456.0,460.0,468.0,469.0,484.0,527.0,598.0,621.0,625.0,629.0,677.0,689.0,693.0,707.0,762.0,881.0,900.0,927.0,
2.0,23.0,62.0,67.0,71.0,118.0,140.0,198.0,239.0,268.0,272.0,288.0,291.0,297.0,299.0,312.0,339.0,354.0,372.0,459.0,501.0,510.0,519.0,530.0,537.0,567.0,580.0,600.0,613.0,642.0,670.0,724.0,856.0,867.0,884.0,890.0,923.0,934.0,971.0,995.0,
47.0,54.0,99.0,150.0,224.0,244.0,268.0,281.0,284.0,324.0,373.0,430.0,471.0,518.0,544.0,555.0,556.0,556.0,597.0,632.0,676.0,697.0,775.0,786.0,807.0,831.0,871.0,872.0,899.0,902.0,937.0,962.0,966.0,992.0,
37.0,48.0,83.0,119.0,144.0,169.0,194.0,208.0,257.0,269.0,313.0,317.0,364.0,455.0,479.0,502.0,538.0,556.0,575.0,619.0,624.0,680.0,736.0,792.0,799.0,816.0,854.0,854.0,866.0,871.0,913.0,930.0,940.0,947.0,955.0,986.0,
2.0,11.0,39.0,45.0,45.0,48.0,52.0,130.0,147.0,159.0,168.0,181.0,267.0,277.0,307.0,337.0,344.0,445.0,447.0,492.0,613.0,618.0,640.0,665.0,716.0,746.0,782.0,821.0,867.0,874.0,899.0,914.0,946.0,950.0,968.0,998.0,
28.0,33.0,46.0,54.0,85.0,95.0,111.0,113.0,126.0,183.0,220.0,320.0,343.0,418.0,449.0,493.0,541.0,543.0,682.0,705.0,735.0,751.0,759.0,763.0,778.0,790.0,806.0,811.0,815.0,842.0,874.0,875.0,878.0,894.0,896.0,897.0,974.0,975.0,
12.0,13.0,47.0,56.0,87.0,102.0,196.0,223.0,239.0,248.0,270.0,291.0,294.0,322.0,345.0,359.0,370.0,374.0,428.0,430.0,432.0,466.0,480.0,551.0,620.0,690.0,752.0,766.0,766.0,925.0,935.0,944.0,
4.0,68.0,121.0,145.0,156.0,162.0,223.0,228.0,252.0,319.0,365.0,502.0,524.0,530.0,539.0,585.0,608.0,645.0,699.0,738.0,767.0,875.0,882.0,949.0,955.0,
7.0,23.0,44.0,49.0,53.0,65.0,69.0,111.0,120.0,124.0,129.0,201.0,349.0,378.0,403.0,404.0,412.0,432.0,440.0,446.0,520.0,521.0,527.0,598.0,632.0,652.0,745.0,787.0,970.0,
2.0,40.0,89.0,94.0,179.0,203.0,207.0,246.0,248.0,299.0,370.0,414.0,445.0,464.0,496.0,657.0,796.0,802.0,813.0,879.0,890.0,896.0,901.0,919.0,925.0,947.0,972.0,985.0,986.0,992.0,
11.0,36.0,139.0,178.0,196.0,206.0,238.0,286.0,298.0,305.0,325.0,329.0,385.0,395.0,397.0,417.0,495.0,521.0,540.0,544.0,627.0,713.0,754.0,772.0,772.0,777.0,785.0,811.0,824.0,833.0,846.0,855.0,868.0,879.0,906.0,943.0,992.0,
68.0,71.0,108.0,118.0,121.0,157.0,163.0,198.0,292.0,296.0,313.0,369.0,398.0,407.0,441.0,474.0,496.0,525.0,562.0,606.0,639.0,645.0,650.0,652.0,659.0,711.0,716.0,736.0,774.0,830.0,839.0,883.0,914.0,919.0,936.0,966.0,966.0,980.0,984.0,991.0,
6.0,17.0,33.0,133.0,184.0,245.0,248.0,272.0,281.0,300.0,342.0,356.0,378.0,392.0,408.0,447.0,463.0,483.0,496.0,549.0,563.0,569.0,615.0,634.0,673.0,691.0,759.0,812.0,812.0,839.0,841.0,870.0,884.0,934.0,945.0,
2.0,8.0,49.0,66.0,89.0,118.0,131.0,155.0,156.0,163.0,192.0,196.0,222.0,230.0,251.0,258.0,274.0,279.0,280.0,290.0,349.0,364.0,411.0,415.0,430.0,440.0,471.0,482.0,492.0,533.0,535.0,542.0,547.0,569.0,593.0,611.0,644.0,650.0,701.0,704.0,714.0,795.0,873.0,903.0,940.0,973.0,974.0,
30.0,54.0,63.0,76.0,103.0,133.0,148.0,203.0,213.0,214.0,285.0,303.0,447.0,447.0,448.0,457.0,466.0,482.0,525.0,531.0,576.0,600.0,660.0,699.0,715.0,744.0,776.0,783.0,789.0,851.0,882.0,937.0,967.0,977.0,977.0,986.0,
108.0,110.0,138.0,202.0,220.0,256.0,256.0,260.0,321.0,371.0,385.0,476.0,478.0,482.0,513.0,537.0,582.0,628.0,727.0,776.0,781.0,787.0,835.0,841.0,867.0,899.0,946.0,975.0,997.0,1000.0,
7.0,58.0,67.0,86.0,92.0,94.0,164.0,199.0,203.0,250.0,265.0,273.0,294.0,356.0,380.0,381.0,420.0,436.0,479.0,501.0,555.0,611.0,617.0,751.0,764.0,770.0,773.0,791.0,805.0,815.0,820.0,823.0,835.0,858.0,887.0,936.0,966.0,991.0,
4.0,55.0,55.0,57.0,60.0,70.0,81.0,86.0,96.0,123.0,171.0,197.0,246.0,249.0,310.0,329.0,350.0,389.0,467.0,490.0,797.0,896.0,944.0,945.0,996.0,
18.0,47.0,48.0,62.0,95.0,136.0,156.0,214.0,244.0,265.0,383.0,392.0,470.0,476.0,619.0,645.0,664.0,710.0,740.0,799.0,819.0,820.0,853.0,889.0,913.0,938.0,967.0,987.0,
22.0,45.0,51.0,103.0,106.0,115.0,130.0,195.0,210.0,223.0,241.0,320.0,393.0,418.0,419.0,447.0,512.0,517.0,578.0,581.0,599.0,617.0,634.0,724.0,738.0,741.0,748.0,762.0,780.0,788.0,809.0,812.0,850.0,855.0,866.0,882.0,882.0,916.0,918.0,
67.0,67.0,95.0,115.0,123.0,131.0,131.0,147.0,154.0,168.0,180.0,278.0,282.0,327.0,331.0,357.0,391.0,451.0,481.0,502.0,570.0,581.0,629.0,703.0,707.0,749.0,750.0,791.0,807.0,827.0,850.0,904.0,916.0,919.0,928.0,971.0,982.0,989.0,
2.0,17.0,18.0,25.0,51.0,126.0,131.0,163.0,205.0,206.0,268.0,297.0,307.0,323.0,344.0,348.0,352.0,381.0,400.0,416.0,469.0,484.0,497.0,506.0,565.0,608.0,608.0,626.0,650.0,660.0,661.0,680.0,723.0,744.0,799.0,814.0,869.0,886.0,926.0,984.0,985.0,997.0,999.0,1000.0,
