5.0,9.0,53.0,174.0,211.0,215.0,230.0,257.0,266.0,273.0,284.0,300.0,359.0,373.0,384.0,413.0,415.0,431.0,442.0,462.0,491.0,510.0,528.0,556.0,566.0,579.0,679.0,688.0,729.0,759.0,785.0,832.0,851.0,898.0,912.0,916.0,959.0,
7.0,36.0,44.0,75.0,99.0,103.0,144.0,179.0,213.0,225.0,263.0,274.0,287.0,292.0,315.0,374.0,385.0,387.0,390.0,453.0,465.0,493.0,499.0,561.0,570.0,574.0,581.0,599.0,652.0,678.0,691.0,698.0,717.0,766.0,767.0,811.0,863.0,865.0,883.0,887.0,984.0,
11.0,38.0,79.0,132.0,133.0,158.0,174.0,177.0,186.0,196.0,275.0,287.0,325.0,330.0,336.0,377.0,393.0,393.0,395.0,430.0,441.0,445.0,494.0,507.0,520.0,529.0,534.0,577.0,608.0,615.0,648.0,660.0,748.0,797.0,805.0,818.0,829.0,855.0,900.0,902.0,925.0,927.0,994.0,
42.0,49.0,64.0,80.0,127.0,149.0,196.0,216.0,331.0,364.0,365.0,419.0,426.0,436.0,437.0,447.0,497.0,505.0,505.0,532.0,576.0,582.0,599.0,638.0,654.0,671.0,679.0,691.0,703.0,721.0,730.0,753.0,766.0,802.0,858.0,879.0,962.0,964.0,968.0,975.0,992.0,
6.0,8.0,46.0,99.0,109.0,110.0,127.0,145.0,149.0,187.0,198.0,213.0,269.0,272.0,345.0,354.0,379.0,384.0,447.0,452.0,457.0,488.0,533.0,629.0,641.0,645.0,742.0,747.0,798.0,799.0,830.0,907.0,951.0,
5.0,12.0,48.0,67.0,86.0,99.0,127.0,139.0,215.0,221.0,221.0,241.0,247.0,277.0,290.0,296.0,320.0,330.0,375.0,437.0,460.0,483.0,499.0,499.0,511.0,559.0,563.0,604.0,610.0,616.0,647.0,653.0,663.0,674.0,739.0,750.0,763.0,764.0,797.0,832.0,853.0,881.0,913.0,919.0,923.0,948.0,997.0,
44.0,83.0,83.0,110.0,113.0,142.0,206.0,304.0,336.0,425.0,474.0,480.0,488.0,560.0,594.0,624.0,642.0,725.0,737.0,747.0,794.0,802.0,827.0,871.0,891.0,921.0,941.0,963.0,973.0,975.0,995.0,
21.0,23.0,132.0,137.0,145.0,153.0,177.0,188.0,216.0,269.0,280.0,346.0,483.0,525.0,613.0,640.0,650.0,653.0,725.0,764.0,789.0,814.0,859.0,876.0,929.0,932.0,970.0,971.0,993.0,
21.0,67.0,111.0,131.0,136.0,142.0,166.0,202.0,267.0,271.0,273.0,278.0,289.0,346.0,377.0,406.0,408.0,460.0,493.0,498.0,506.0,560.0,586.0,633.0,670.0,715.0,726.0,737.0,750.0,788.0,833.0,853.0,863.0,891.0,915.0,956.0,
2.0,41.0,59.0,65.0,67.0,104.0,150.0,153.0,192.0,208.0,276.0,391.0,399.0,418.0,445.0,451.0,485.0,487.0,529.0,536.0,546.0,575.0,600.0,606.0,652.0,707.0,719.0,754.0,796.0,805.0,844.0,845.0,876.0,877.0,907.0,976.0,981.0,999.0,
5.0,23.0,46.0,59.0,72.0,82.0,116.0,126.0,135.0,136.0,158.0,174.0,176.0,194.0,225.0,237.0,291.0,333.0,362.0,375.0,392.0,408.0,424.0,438.0,469.0,497.0,497.0,540.0,574.0,590.0,602.0,613.0,628.0,635.0,642.0,651.0,687.0,742.0,834.0,847.0,848.0,849.0,856.0,891.0,917.0,920.0,928.0,
9.0,46.0,165.0,176.0,216.0,219.0,233.0,235.0,254.0,285.0,292.0,294.0,305.0,366.0,427.0,479.0,508.0,508.0,655.0,663.0,712.0,782.0,805.0,825.0,837.0,904.0,993.0,
64.0,65.0,90.0,120.0,155.0,174.0,175.0,200.0,228.0,248.0,282.0,288.0,332.0,338.0,378.0,411.0,447.0,501.0,515.0,554.0,677.0,699.0,734.0,767.0,782.0,782.0,802.0,803.0,863.0,885.0,886.0,924.0,943.0,
37.0,46.0,113.0,132.0,175.0,200.0,237.0,250.0,262.0,266.0,285.0,317.0,323.0,332.0,335.0,337.0,410.0,447.0,471.0,599.0,642.0,687.0,748.0,875.0,876.0,953.0,
2.0,86.0,104.0,210.0,214.0,246.0,291.0,297.0,298.0,322.0,410.0,422.0,457.0,509.0,515.0,593.0,598.0,623.0,685.0,689.0,706.0,731.0,764.0,770.0,805.0,871.0,915.0,930.0,939.0,943.0,958.0,
6.0,48.0,61.0,89.0,94.0,105.0,123.0,130.0,177.0,188.0,204.0,211.0,221.0,238.0,315.0,325.0,381.0,389.0,416.0,418.0,425.0,584.0,585.0,616.0,620.0,654.0,684.0,772.0,796.0,802.0,821.0,920.0,955.0,957.0,973.0,973.0,974.0,
83.0,92.0,113.0,152.0,153.0,163.0,173.0,224.0,251.0,268.0,296.0,346.0,347.0,384.0,425.0,455.0,485.0,500.0,511.0,513.0,550.0,564.0,622.0,644.0,654.0,669.0,693.0,705.0,756.0,802.0,812.0,817.0,907.0,924.0,943.0,958.0,987.0,
57.0,156.0,259.0,275.0,339.0,366.0,380.0,426.0,446.0,458.0,476.0,538.0,606.0,644.0,682.0,687.0,690.0,695.0,700.0,707.0,711.0,784.0,786.0,787.0,788.0,794.0,801.0,817.0,824.0,852.0,860.0,864.0,873.0,910.0,932.0,953.0,985.0,992.0,
7.0,115.0,120.0,125.0,138.0,146.0,180.0,188.0,207.0,262.0,266.0,279.0,334.0,341.0,353.0,402.0,405.0,409.0,411.0,414.0,430.0,510.0,599.0,634.0,750.0,754.0,781.0,803.0,906.0,919.0,945.0,951.0,959.0,
24.0,32.0,33.0,63.0,116.0,145.0,150.0,176.0,215.0,225.0,264.0,298.0,310.0,316.0,343.0,345.0,375.0,416.0,420.0,430.0,619.0,632.0,708.0,711.0,717.0,720.0,723.0,762.0,848.0,860.0,871.0,906.0,915.0,937.0,980.0,992.0,1000.0,
21.0,59.0,73.0,85.0,102.0,105.0,121.0,136.0,174.0,214.0,225.0,225.0,251.0,284.0,391.0,403.0,407.0,436.0,441.0,445.0,446.0,477.0,492.0,508.0,525.0,550.0,565.0,571.0,594.0,603.0,652.0,686.0,774.0,819.0,829.0,859.0,883.0,906.0,931.0,933.0,968.0,993.0,996.0,
38.0,38.0,58.0,62.0,92.0,98.0,115.0,126.0,183.0,201.0,277.0,346.0,356.0,359.0,398.0,458.0,464.0,483.0,484.0,485.0,584.0,613.0,656.0,713.0,770.0,851.0,871.0,875.0,896.0,911.0,925.0,933.0,968.0,980.0,
13.0,18.0,32.0,55.0,63.0,92.0,144.0,172.0,203.0,298.0,305.0,315.0,323.0,325.0,327.0,344.0,353.0,394.0,407.0,417.0,417.0,429.0,434.0,448.0,492.0,526.0,531.0,546.0,563.0,566.0,576.0,611.0,671.0,676.0,735.0,754.0,757.0,761.0,775.0,804.0,813.0,818.0,822.0,873.0,925.0,927.0,933.0,997.0,998.0,
33.0,109.0,111.0,233.0,256.0,263.0,296.0,338.0,408.0,410.0,412.0,439.0,442.0,480.0,528.0,556.0,559.0,583.0,601.0,625.0,635.0,690.0,713.0,797.0,847.0,862.0,990.0,
10.0,44.0,109.0,122.0,126.0,157.0,175.0,205.0,232.0,244.0,249.0,249.0,258.0,259.0,264.0,274.0,317.0,413.0,448.0,495.0,500.0,516.0,529.0,560.0,565.0,642.0,695.0,815.0,821.0,880.0,908.0,918.0,
3.0,23.0,61.0,145.0,223.0,227.0,228.0,230.0,283.0,326.0,348.0,361.0,364.0,371.0,383.0,396.0,401.0,415.0,431.0,439.0,480.0,495.0,507.0,612.0,676.0,711.0,711.0,767.0,782.0,812.0,821.0,887.0,941.0,
33.0,102.0,107.0,140.0,173.0,235.0,257.0,281.0,290.0,346.0,410.0,417.0,426.0,488.0,498.0,503.0,510.0,513.0,562.0,602.0,622.0,651.0,692.0,708.0,788.0,807.0,809.0,813.0,815.0,862.0,863.0,890.0,980.0,980.0,
6.0,32.0,46.0,71.0,142.0,200.0,205.0,299.0,301.0,332.0,341.0,347.0,351.0,364.0,368.0,377.0,472.0,525.0,533.0,616.0,620.0,624.0,691.0,718.0,720.0,729.0,870.0,876.0,890.0,891.0,905.0,930.0,939.0,
6.0,58.0,71.0,72.0,84.0,107.0,128.0,191.0,227.0,231.0,235.0,303.0,393.0,439.0,442.0,613.0,637.0,652.0,726.0,737.0,748.0,781.0,784.0,812.0,822.0,827.0,910.0,927.0,959.0,
33.0,55.0,57.0,81.0,94.0,126.0,137.0,139.0,147.0,148.0,150.0,175.0,194.0,258.0,294.0,318.0,347.0,401.0,434.0,438.0,453.0,557.0,560.0,660.0,671.0,683.0,730.0,745.0,752.0,798.0,802.0,812.0,850.0,926.0,927.0,996.0,
166.0,193.0,210.0,217.0,234.0,242.0,265.0,347.0,441.0,454.0,465.0,516.0,519.0,610.0,612.0,643.0,726.0,765.0,827.0,847.0,859.0,879.0,884.0,894.0,904.0,950.0,957.0,979.0,996.0,
11.0,30.0,33.0,70.0,85.0,94.0,107.0,130.0,192.0,204.0,204.0,234.0,245.0,289.0,331.0,375.0,396.0,414.0,428.0,430.0,460.0,500.0,500.0,545.0,549.0,557.0,586.0,613.0,620.0,640.0,694.0,717.0,720.0,738.0,752.0,791.0,817.0,821.0,922.0,942.0,944.0,972.0,
51.0,53.0,53.0,59.0,102.0,118.0,133.0,153.0,164.0,207.0,233.0,240.0,255.0,302.0,303.0,324.0,337.0,342.0,394.0,410.0,414.0,454.0,470.0,501.0,518.0,548.0,559.0,580.0,586.0,616.0,637.0,691.0,734.0,747.0,787.0,798.0,801.0,843.0,936.0,948.0,960.0,965.0,991.0,
2.0,16.0,48.0,76.0,79.0,110.0,122.0,152.0,236.0,241.0,411.0,427.0,544.0,623.0,672.0,679.0,735.0,745.0,747.0,790.0,795.0,844.0,846.0,886.0,915.0,995.0,996.0,
2.0,45.0,118.0,134.0,176.0,216.0,246.0,272.0,319.0,324.0,334.0,386.0,400.0,425.0,452.0,470.0,499.0,512.0,523.0,528.0,535.0,547.0,556.0,567.0,597.0,624.0,639.0,655.0,657.0,682.0,703.0,708.0,710.0,725.0,761.0,769.0,774.0,803.0,901.0,942.0,969.0,986.0,988.0,
37.0,58.0,89.0,139.0,139.0,172.0,203.0,226.0,241.0,259.0,269.0,291.0,428.0,502.0,519.0,521.0,529.0,529.0,533.0,537.0,540.0,541.0,564.0,568.0,582.0,587.0,595.0,608.0,629.0,637.0,641.0,642.0,667.0,696.0,711.0,713.0,715.0,733.0,770.0,776.0,788.0,841.0,866.0,879.0,888.0,889.0,900.0,932.0,956.0,963.0,972.0,997.0,
4.0,72.0,72.0,84.0,149.0,168.0,193.0,197.0,199.0,217.0,278.0,287.0,290.0,450.0,458.0,479.0,520.0,527.0,536.0,540.0,544.0,566.0,575.0,581.0,586.0,587.0,602.0,605.0,649.0,666.0,669.0,690.0,695.0,825.0,838.0,838.0,902.0,957.0,983.0,
46.0,135.0,152.0,154.0,218.0,252.0,254.0,266.0,286.0,326.0,375.0,381.0,406.0,411.0,411.0,424.0,429.0,439.0,459.0,511.0,521.0,524.0,533.0,549.0,577.0,584.0,594.0,599.0,632.0,668.0,712.0,726.0,734.0,749.0,862.0,878.0,924.0,927.0,
61.0,93.0,114.0,259.0,276.0,294.0,312.0,315.0,365.0,403.0,440.0,459.0,531.0,568.0,572.0,624.0,713.0,750.0,785.0,792.0,826.0,880.0,880.0,906.0,926.0,941.0,975.0,
64.0,65.0,66.0,73.0,187.0,254.0,310.0,339.0,341.0,366.0,375.0,390.0,421.0,469.0,483.0,503.0,527.0,553.0,574.0,581.0,585.0,605.0,655.0,674.0,717.0,782.0,809.0,821.0,896.0,914.0,938.0,
16.0,26.0,28.0,85.0,110.0,126.0,177.0,179.0,190.0,230.0,237.0,246.0,275.0,280.0,297.0,301.0,312.0,325.0,329.0,368.0,378.0,383.0,397.0,417.0,424.0,455.0,469.0,517.0,541.0,561.0,585.0,638.0,643.0,644.0,662.0,754.0,776.0,792.0,809.0,851.0,853.0,859.0,902.0,916.0,959.0,964.0,989.0,
21.0,30.0,47.0,49.0,65.0,68.0,69.0,92.0,114.0,118.0,131.0,148.0,186.0,196.0,196.0,206.0,271.0,323.0,347.0,351.0,353.0,370.0,419.0,433.0,455.0,470.0,472.0,497.0,574.0,577.0,583.0,649.0,651.0,677.0,741.0,800.0,851.0,858.0,898.0,903.0,903.0,908.0,948.0,952.0,981.0,985.0,
7.0,8.0,23.0,23.0,70.0,82.0,117.0,119.0,124.0,156.0,182.0,205.0,226.0,240.0,304.0,311.0,365.0,366.0,380.0,403.0,431.0,435.0,458.0,507.0,548.0,612.0,652.0,688.0,833.0,865.0,
30.0,91.0,112.0,124.0,146.0,182.0,182.0,190.0,192.0,197.0,217.0,276.0,335.0,343.0,369.0,388.0,401.0,421.0,441.0,468.0,480.0,486.0,496.0,561.0,561.0,593.0,594.0,631.0,641.0,694.0,722.0,728.0,786.0,815.0,822.0,856.0,916.0,
26.0,61.0,82.0,101.0,122.0,127.0,150.0,173.0,204.0,239.0,260.0,291.0,379.0,396.0,414.0,436.0,462.0,488.0,502.0,505.0,513.0,517.0,526.0,538.0,540.0,544.0,546.0,553.0,560.0,562.0,563.0,580.0,581.0,589.0,592.0,593.0,599.0,615.0,618.0,618.0,618.0,622.0,626.0,628.0,636.0,654.0,669.0,678.0,678.0,684.0,689.0,699.0,735.0,736.0,737.0,741.0,745.0,747.0,748.0,768.0,789.0,813.0,879.0,928.0,933.0,951.0,980.0,982.0,984.0,993.0,997.0,
9.0,26.0,111.0,111.0,118.0,165.0,198.0,208.0,263.0,361.0,367.0,370.0,416.0,457.0,480.0,490.0,512.0,514.0,515.0,523.0,523.0,525.0,533.0,535.0,546.0,546.0,552.0,554.0,556.0,562.0,564.0,569.0,576.0,577.0,581.0,600.0,605.0,613.0,619.0,619.0,621.0,625.0,628.0,633.0,645.0,646.0,648.0,659.0,683.0,696.0,709.0,715.0,724.0,743.0,746.0,749.0,752.0,755.0,757.0,759.0,777.0,779.0,785.0,792.0,801.0,819.0,853.0,863.0,870.0,876.0,887.0,890.0,915.0,933.0,938.0,947.0,962.0,987.0,
2.0,2.0,3.0,4.0,26.0,73.0,126.0,165.0,184.0,200.0,201.0,239.0,283.0,311.0,314.0,345.0,403.0,428.0,456.0,515.0,518.0,522.0,523.0,532.0,532.0,536.0,536.0,540.0,541.0,542.0,543.0,563.0,563.0,567.0,576.0,578.0,579.0,587.0,592.0,597.0,599.0,604.0,608.0,609.0,611.0,611.0,614.0,619.0,627.0,640.0,653.0,657.0,660.0,661.0,664.0,670.0,671.0,686.0,698.0,704.0,711.0,714.0,718.0,744.0,797.0,809.0,810.0,813.0,823.0,826.0,832.0,837.0,840.0,846.0,849.0,859.0,876.0,897.0,900.0,915.0,925.0,930.0,936.0,954.0,
2.0,13.0,20.0,29.0,53.0,60.0,107.0,126.0,144.0,151.0,162.0,199.0,207.0,252.0,363.0,380.0,392.0,402.0,434.0,478.0,493.0,505.0,513.0,524.0,531.0,534.0,534.0,541.0,562.0,583.0,611.0,614.0,627.0,637.0,662.0,678.0,765.0,766.0,771.0,797.0,799.0,809.0,843.0,866.0,880.0,932.0,958.0,961.0,977.0,986.0,
11.0,67.0,67.0,111.0,176.0,179.0,181.0,201.0,317.0,359.0,361.0,380.0,419.0,428.0,440.0,551.0,554.0,558.0,615.0,638.0,695.0,697.0,700.0,728.0,758.0,810.0,832.0,855.0,924.0,951.0,972.0,
11.0,23.0,127.0,142.0,186.0,194.0,195.0,198.0,230.0,237.0,319.0,323.0,338.0,367.0,376.0,386.0,432.0,436.0,459.0,478.0,493.0,507.0,515.0,516.0,608.0,617.0,620.0,645.0,663.0,664.0,688.0,758.0,790.0,809.0,822.0,868.0,939.0,971.0,979.0,993.0,
8.0,38.0,44.0,53.0,112.0,126.0,198.0,213.0,256.0,266.0,267.0,316.0,345.0,360.0,387.0,390.0,390.0,470.0,484.0,504.0,566.0,585.0,665.0,674.0,676.0,687.0,714.0,752.0,755.0,770.0,792.0,835.0,881.0,909.0,940.0,941.0,950.0,988.0,990.0,
62.0,65.0,78.0,80.0,117.0,158.0,212.0,221.0,236.0,254.0,266.0,277.0,296.0,343.0,362.0,414.0,486.0,546.0,646.0,733.0,743.0,770.0,803.0,808.0,833.0,857.0,879.0,880.0,884.0,895.0,919.0,932.0,941.0,967.0,
27.0,64.0,78.0,110.0,192.0,203.0,307.0,317.0,357.0,360.0,383.0,414.0,421.0,449.0,479.0,483.0,490.0,492.0,495.0,506.0,549.0,567.0,744.0,836.0,836.0,895.0,
15.0,66.0,91.0,127.0,161.0,177.0,239.0,251.0,257.0,262.0,295.0,321.0,445.0,458.0,458.0,500.0,517.0,552.0,554.0,564.0,587.0,633.0,638.0,645.0,646.0,660.0,667.0,677.0,704.0,713.0,741.0,750.0,756.0,772.0,779.0,786.0,790.0,802.0,803.0,823.0,857.0,859.0,923.0,927.0,932.0,938.0,966.0,
129.0,155.0,173.0,235.0,236.0,259.0,264.0,273.0,288.0,334.0,410.0,510.0,517.0,524.0,536.0,537.0,539.0,544.0,545.0,559.0,563.0,567.0,573.0,583.0,588.0,591.0,592.0,597.0,597.0,599.0,609.0,616.0,626.0,634.0,642.0,650.0,652.0,671.0,688.0,691.0,717.0,754.0,756.0,768.0,772.0,775.0,779.0,794.0,796.0,796.0,819.0,822.0,822.0,822.0,848.0,857.0,867.0,874.0,910.0,914.0,924.0,943.0,943.0,951.0,955.0,966.0,973.0,
14.0,60.0,76.0,105.0,154.0,167.0,252.0,352.0,375.0,444.0,476.0,488.0,512.0,518.0,520.0,522.0,531.0,533.0,539.0,543.0,545.0,546.0,558.0,560.0,589.0,592.0,603.0,606.0,610.0,643.0,660.0,671.0,675.0,684.0,690.0,702.0,706.0,749.0,749.0,756.0,758.0,815.0,818.0,827.0,832.0,836.0,839.0,854.0,882.0,885.0,895.0,916.0,919.0,921.0,955.0,994.0,
19.0,22.0,35.0,47.0,48.0,68.0,71.0,85.0,153.0,178.0,231.0,293.0,315.0,350.0,401.0,411.0,434.0,469.0,486.0,500.0,518.0,520.0,523.0,523.0,525.0,527.0,535.0,551.0,553.0,557.0,558.0,593.0,596.0,597.0,603.0,609.0,614.0,624.0,625.0,646.0,655.0,655.0,663.0,668.0,677.0,690.0,716.0,755.0,772.0,790.0,800.0,813.0,822.0,841.0,846.0,858.0,865.0,878.0,878.0,904.0,942.0,955.0,960.0,964.0,987.0,995.0,998.0,
42.0,42.0,97.0,101.0,109.0,133.0,212.0,298.0,348.0,367.0,484.0,489.0,498.0,505.0,516.0,519.0,537.0,542.0,543.0,546.0,550.0,620.0,649.0,660.0,667.0,675.0,702.0,708.0,718.0,733.0,743.0,756.0,798.0,814.0,828.0,829.0,832.0,835.0,848.0,849.0,873.0,902.0,933.0,935.0,946.0,963.0,1000.0,
3.0,42.0,71.0,77.0,101.0,114.0,129.0,174.0,238.0,254.0,330.0,334.0,335.0,352.0,398.0,424.0,448.0,474.0,493.0,523.0,526.0,532.0,577.0,597.0,692.0,750.0,850.0,861.0,869.0,916.0,919.0,
21.0,56.0,63.0,91.0,142.0,155.0,174.0,232.0,309.0,321.0,405.0,419.0,422.0,430.0,434.0,451.0,475.0,575.0,620.0,724.0,759.0,767.0,817.0,854.0,889.0,909.0,917.0,
10.0,30.0,73.0,80.0,94.0,134.0,179.0,180.0,200.0,263.0,286.0,295.0,305.0,306.0,346.0,347.0,396.0,451.0,455.0,464.0,486.0,509.0,539.0,607.0,612.0,617.0,625.0,647.0,647.0,695.0,754.0,766.0,801.0,824.0,839.0,876.0,885.0,897.0,898.0,919.0,931.0,951.0,965.0,
7.0,58.0,107.0,107.0,129.0,160.0,162.0,215.0,243.0,266.0,291.0,292.0,355.0,361.0,372.0,399.0,399.0,413.0,430.0,431.0,457.0,475.0,497.0,544.0,551.0,611.0,634.0,647.0,649.0,666.0,692.0,709.0,735.0,737.0,775.0,782.0,807.0,847.0,869.0,872.0,931.0,
20.0,52.0,55.0,66.0,108.0,112.0,170.0,188.0,202.0,215.0,216.0,259.0,260.0,298.0,318.0,335.0,387.0,394.0,426.0,482.0,484.0,545.0,595.0,599.0,623.0,672.0,730.0,760.0,874.0,
41.0,76.0,156.0,166.0,181.0,226.0,376.0,416.0,437.0,443.0,451.0,457.0,461.0,469.0,496.0,524.0,530.0,557.0,563.0,571.0,592.0,636.0,654.0,663.0,663.0,665.0,713.0,715.0,737.0,759.0,774.0,790.0,798.0,816.0,850.0,889.0,927.0,929.0,941.0,956.0,960.0,
32.0,34.0,41.0,83.0,90.0,121.0,135.0,136.0,183.0,258.0,280.0,282.0,329.0,375.0,375.0,438.0,444.0,445.0,471.0,504.0,507.0,512.0,519.0,523.0,524.0,529.0,535.0,535.0,538.0,538.0,550.0,555.0,556.0,557.0,557.0,568.0,573.0,575.0,577.0,593.0,600.0,608.0,620.0,626.0,630.0,634.0,635.0,636.0,651.0,662.0,697.0,720.0,737.0,744.0,781.0,789.0,843.0,844.0,845.0,885.0,887.0,921.0,951.0,991.0,
2.0,26.0,55.0,61.0,67.0,78.0,131.0,155.0,161.0,207.0,214.0,230.0,278.0,293.0,316.0,338.0,410.0,410.0,435.0,494.0,500.0,515.0,519.0,519.0,524.0,527.0,535.0,536.0,549.0,550.0,551.0,551.0,551.0,553.0,554.0,557.0,557.0,582.0,604.0,606.0,613.0,615.0,620.0,621.0,625.0,631.0,636.0,643.0,648.0,650.0,652.0,659.0,684.0,688.0,696.0,697.0,712.0,712.0,724.0,739.0,774.0,776.0,781.0,805.0,824.0,872.0,873.0,881.0,913.0,920.0,964.0,984.0,985.0,986.0,
10.0,45.0,62.0,130.0,138.0,147.0,153.0,170.0,240.0,280.0,291.0,370.0,377.0,416.0,440.0,449.0,452.0,456.0,472.0,473.0,476.0,494.0,495.0,505.0,510.0,517.0,522.0,552.0,553.0,554.0,555.0,564.0,583.0,601.0,605.0,610.0,610.0,620.0,630.0,635.0,646.0,647.0,659.0,663.0,684.0,707.0,708.0,709.0,714.0,788.0,789.0,793.0,794.0,802.0,810.0,816.0,832.0,835.0,855.0,871.0,890.0,916.0,917.0,934.0,967.0,970.0,975.0,977.0,984.0,
27.0,27.0,36.0,177.0,177.0,211.0,238.0,243.0,269.0,274.0,327.0,351.0,370.0,386.0,435.0,471.0,478.0,517.0,554.0,587.0,619.0,630.0,643.0,651.0,704.0,730.0,749.0,784.0,795.0,811.0,843.0,882.0,896.0,915.0,930.0,
15.0,52.0,57.0,58.0,60.0,104.0,166.0,243.0,284.0,285.0,286.0,317.0,341.0,359.0,366.0,374.0,410.0,422.0,423.0,462.0,468.0,502.0,534.0,549.0,609.0,629.0,640.0,709.0,729.0,730.0,849.0,885.0,891.0,
46.0,88.0,139.0,162.0,192.0,211.0,220.0,232.0,285.0,296.0,321.0,383.0,415.0,416.0,446.0,453.0,573.0,699.0,718.0,725.0,766.0,773.0,778.0,785.0,811.0,832.0,853.0,941.0,957.0,965.0,991.0,993.0,997.0,
97.0,97.0,105.0,163.0,177.0,220.0,246.0,267.0,304.0,305.0,324.0,333.0,340.0,353.0,374.0,377.0,444.0,460.0,529.0,553.0,609.0,641.0,648.0,665.0,667.0,703.0,705.0,716.0,729.0,734.0,748.0,800.0,812.0,877.0,907.0,913.0,937.0,992.0,
17.0,57.0,71.0,88.0,117.0,119.0,136.0,137.0,142.0,158.0,227.0,294.0,302.0,302.0,329.0,394.0,424.0,434.0,494.0,523.0,524.0,529.0,553.0,586.0,597.0,604.0,669.0,748.0,795.0,812.0,823.0,834.0,874.0,901.0,920.0,926.0,949.0,959.0,
30.0,50.0,60.0,152.0,160.0,221.0,229.0,242.0,251.0,300.0,345.0,374.0,432.0,438.0,445.0,470.0,575.0,629.0,643.0,691.0,829.0,856.0,929.0,962.0,976.0,976.0,979.0,
12.0,13.0,43.0,66.0,246.0,268.0,291.0,329.0,334.0,360.0,374.0,391.0,416.0,426.0,433.0,460.0,474.0,504.0,530.0,541.0,545.0,626.0,714.0,735.0,757.0,780.0,787.0,806.0,862.0,913.0,949.0,950.0,999.0,
7.0,21.0,25.0,90.0,182.0,189.0,198.0,239.0,257.0,263.0,299.0,310.0,337.0,359.0,380.0,430.0,435.0,454.0,464.0,467.0,506.0,529.0,531.0,531.0,538.0,559.0,565.0,595.0,601.0,622.0,645.0,678.0,711.0,728.0,741.0,748.0,752.0,774.0,784.0,805.0,870.0,874.0,877.0,887.0,919.0,947.0,949.0,949.0,987.0,998.0,998.0,
64.0,75.0,77.0,82.0,92.0,100.0,102.0,127.0,149.0,152.0,219.0,227.0,324.0,338.0,338.0,339.0,398.0,420.0,453.0,499.0,520.0,525.0,530.0,531.0,534.0,544.0,546.0,551.0,584.0,584.0,586.0,592.0,595.0,607.0,645.0,649.0,684.0,702.0,704.0,729.0,732.0,736.0,745.0,776.0,790.0,824.0,827.0,842.0,869.0,875.0,880.0,957.0,975.0,
34.0,79.0,98.0,106.0,125.0,134.0,185.0,186.0,201.0,229.0,235.0,238.0,250.0,273.0,274.0,282.0,294.0,390.0,392.0,510.0,517.0,520.0,535.0,537.0,540.0,542.0,553.0,559.0,561.0,599.0,637.0,686.0,698.0,713.0,714.0,739.0,792.0,792.0,813.0,816.0,836.0,860.0,928.0,986.0,
8.0,33.0,105.0,115.0,183.0,211.0,227.0,231.0,243.0,259.0,267.0,274.0,294.0,326.0,341.0,344.0,353.0,362.0,422.0,426.0,440.0,447.0,450.0,472.0,485.0,518.0,526.0,589.0,618.0,698.0,984.0,
40.0,62.0,65.0,70.0,71.0,147.0,156.0,156.0,156.0,181.0,207.0,256.0,264.0,301.0,391.0,443.0,495.0,522.0,534.0,574.0,595.0,659.0,684.0,696.0,738.0,753.0,772.0,778.0,782.0,809.0,824.0,826.0,891.0,892.0,919.0,979.0,980.0,988.0,
30.0,60.0,101.0,129.0,133.0,228.0,229.0,254.0,269.0,286.0,297.0,371.0,406.0,441.0,516.0,547.0,563.0,586.0,589.0,613.0,665.0,754.0,773.0,817.0,829.0,830.0,831.0,840.0,881.0,913.0,966.0,970.0,971.0,
27.0,30.0,40.0,89.0,252.0,286.0,291.0,316.0,387.0,391.0,428.0,448.0,482.0,486.0,515.0,517.0,535.0,552.0,556.0,558.0,582.0,764.0,770.0,779.0,791.0,842.0,882.0,996.0,997.0,998.0,
38.0,45.0,51.0,99.0,108.0,141.0,156.0,195.0,196.0,245.0,254.0,274.0,287.0,288.0,329.0,524.0,541.0,590.0,596.0,599.0,619.0,685.0,724.0,728.0,744.0,770.0,782.0,839.0,842.0,855.0,867.0,884.0,932.0,934.0,942.0,971.0,977.0,
34.0,102.0,115.0,164.0,187.0,219.0,223.0,237.0,238.0,262.0,349.0,377.0,381.0,405.0,415.0,421.0,439.0,469.0,493.0,522.0,588.0,604.0,642.0,650.0,704.0,715.0,721.0,745.0,799.0,828.0,836.0,890.0,912.0,913.0,979.0,994.0,
72.0,75.0,89.0,127.0,147.0,158.0,159.0,163.0,233.0,235.0,236.0,267.0,272.0,284.0,285.0,311.0,341.0,342.0,359.0,401.0,410.0,414.0,441.0,458.0,486.0,532.0,699.0,741.0,748.0,769.0,788.0,795.0,803.0,879.0,888.0,889.0,962.0,
10.0,40.0,138.0,157.0,251.0,267.0,286.0,293.0,328.0,340.0,365.0,381.0,395.0,404.0,414.0,463.0,481.0,524.0,529.0,565.0,618.0,675.0,687.0,697.0,702.0,813.0,823.0,858.0,910.0,941.0,951.0,
40.0,45.0,67.0,75.0,75.0,118.0,128.0,134.0,168.0,186.0,209.0,217.0,233.0,253.0,270.0,287.0,308.0,346.0,405.0,412.0,418.0,441.0,444.0,449.0,460.0,488.0,513.0,519.0,521.0,554.0,593.0,598.0,646.0,669.0,785.0,796.0,801.0,842.0,886.0,888.0,890.0,957.0,971.0,971.0,
32.0,39.0,60.0,73.0,81.0,87.0,106.0,159.0,171.0,208.0,222.0,232.0,279.0,280.0,305.0,354.0,363.0,410.0,425.0,508.0,529.0,578.0,625.0,653.0,679.0,711.0,728.0,734.0,763.0,853.0,879.0,905.0,908.0,918.0,989.0,
32.0,64.0,72.0,73.0,97.0,99.0,127.0,181.0,186.0,198.0,249.0,262.0,281.0,326.0,338.0,364.0,373.0,390.0,473.0,479.0,493.0,511.0,513.0,520.0,576.0,597.0,605.0,611.0,626.0,698.0,727.0,864.0,948.0,976.0,
6.0,33.0,65.0,73.0,74.0,78.0,134.0,138.0,190.0,190.0,195.0,205.0,256.0,353.0,409.0,430.0,440.0,478.0,529.0,562.0,608.0,615.0,642.0,676.0,684.0,740.0,771.0,789.0,807.0,822.0,842.0,865.0,869.0,887.0,899.0,962.0,963.0,996.0,
8.0,92.0,132.0,152.0,175.0,181.0,181.0,194.0,198.0,205.0,227.0,229.0,259.0,290.0,336.0,369.0,371.0,396.0,418.0,420.0,427.0,436.0,440.0,455.0,482.0,489.0,514.0,536.0,557.0,574.0,598.0,616.0,655.0,714.0,720.0,737.0,795.0,812.0,816.0,824.0,834.0,
5.0,22.0,30.0,168.0,222.0,231.0,233.0,248.0,248.0,295.0,301.0,326.0,337.0,347.0,364.0,370.0,387.0,393.0,410.0,500.0,512.0,547.0,557.0,565.0,573.0,612.0,616.0,673.0,708.0,718.0,721.0,760.0,767.0,840.0,858.0,865.0,873.0,932.0,939.0,978.0,
49.0,57.0,86.0,90.0,120.0,160.0,232.0,301.0,318.0,358.0,405.0,473.0,499.0,522.0,579.0,599.0,662.0,681.0,702.0,707.0,721.0,771.0,781.0,790.0,817.0,824.0,845.0,846.0,893.0,919.0,925.0,991.0,993.0,
8.0,65.0,99.0,119.0,146.0,161.0,167.0,184.0,185.0,186.0,264.0,274.0,276.0,284.0,361.0,391.0,405.0,413.0,442.0,460.0,467.0,472.0,515.0,531.0,540.0,570.0,585.0,630.0,650.0,651.0,660.0,667.0,682.0,741.0,816.0,856.0,860.0,863.0,874.0,892.0,924.0,941.0,970.0,
37.0,45.0,57.0,80.0,85.0,91.0,92.0,98.0,107.0,142.0,150.0,207.0,208.0,249.0,250.0,267.0,278.0,284.0,305.0,386.0,394.0,438.0,447.0,458.0,461.0,470.0,509.0,588.0,603.0,626.0,708.0,720.0,723.0,752.0,759.0,771.0,897.0,920.0,
26.0,51.0,53.0,58.0,74.0,129.0,167.0,169.0,196.0,209.0,223.0,224.0,246.0,247.0,262.0,354.0,390.0,405.0,421.0,473.0,492.0,505.0,546.0,565.0,574.0,581.0,675.0,714.0,720.0,732.0,772.0,778.0,873.0,880.0,895.0,921.0,954.0,983.0,991.0,994.0,
40.0,69.0,123.0,124.0,186.0,212.0,215.0,249.0,266.0,279.0,293.0,342.0,356.0,389.0,395.0,413.0,421.0,485.0,494.0,499.0,571.0,574.0,633.0,635.0,644.0,645.0,725.0,765.0,773.0,795.0,843.0,847.0,847.0,865.0,902.0,937.0,
121.0,123.0,127.0,142.0,180.0,199.0,206.0,214.0,243.0,253.0,256.0,283.0,289.0,324.0,344.0,355.0,375.0,417.0,451.0,454.0,479.0,508.0,513.0,521.0,548.0,551.0,560.0,594.0,641.0,645.0,683.0,684.0,714.0,801.0,873.0,894.0,921.0,922.0,971.0,984.0,988.0,
26.0,81.0,141.0,143.0,150.0,161.0,214.0,302.0,315.0,349.0,358.0,389.0,435.0,441.0,523.0,532.0,541.0,596.0,639.0,733.0,793.0,809.0,818.0,895.0,966.0,985.0,
9.0,60.0,104.0,106.0,121.0,199.0,224.0,263.0,264.0,304.0,333.0,335.0,353.0,371.0,390.0,406.0,407.0,418.0,427.0,429.0,462.0,469.0,478.0,481.0,485.0,492.0,513.0,526.0,558.0,579.0,582.0,592.0,606.0,617.0,688.0,688.0,714.0,835.0,902.0,915.0,976.0,
15.0,28.0,97.0,106.0,133.0,151.0,166.0,183.0,222.0,231.0,259.0,307.0,340.0,386.0,438.0,474.0,564.0,665.0,699.0,704.0,740.0,830.0,859.0,863.0,883.0,927.0,929.0,943.0,953.0,970.0,971.0,
