5.0,52.0,66.0,103.0,108.0,145.0,152.0,253.0,254.0,273.0,280.0,317.0,325.0,329.0,340.0,340.0,345.0,353.0,355.0,362.0,414.0,418.0,474.0,476.0,505.0,531.0,539.0,565.0,577.0,605.0,626.0,653.0,657.0,672.0,680.0,697.0,722.0,789.0,799.0,803.0,822.0,847.0,883.0,899.0,921.0,926.0,955.0,
34.0,39.0,62.0,135.0,148.0,156.0,188.0,208.0,224.0,231.0,318.0,335.0,365.0,379.0,382.0,453.0,462.0,475.0,510.0,526.0,560.0,620.0,659.0,691.0,695.0,707.0,722.0,729.0,741.0,757.0,782.0,791.0,812.0,829.0,841.0,856.0,914.0,922.0,976.0,996.0,
16.0,18.0,38.0,63.0,67.0,74.0,90.0,109.0,121.0,149.0,159.0,169.0,190.0,206.0,281.0,318.0,357.0,364.0,414.0,418.0,455.0,472.0,561.0,581.0,596.0,664.0,698.0,739.0,763.0,777.0,837.0,839.0,857.0,905.0,933.0,948.0,952.0,979.0,983.0,989.0,997.0,
2.0,23.0,30.0,63.0,109.0,116.0,166.0,224.0,248.0,344.0,352.0,395.0,404.0,468.0,479.0,493.0,542.0,557.0,612.0,613.0,632.0,639.0,688.0,694.0,708.0,724.0,733.0,798.0,813.0,835.0,858.0,876.0,902.0,919.0,943.0,949.0,983.0,
5.0,34.0,45.0,47.0,89.0,98.0,117.0,128.0,144.0,170.0,328.0,346.0,373.0,410.0,422.0,450.0,482.0,486.0,546.0,601.0,602.0,650.0,662.0,745.0,752.0,778.0,794.0,915.0,920.0,987.0,990.0,997.0,
3.0,3.0,4.0,15.0,56.0,70.0,71.0,93.0,105.0,131.0,179.0,235.0,299.0,329.0,346.0,358.0,370.0,376.0,416.0,427.0,552.0,580.0,595.0,620.0,631.0,680.0,688.0,702.0,703.0,728.0,733.0,784.0,816.0,855.0,859.0,897.0,931.0,988.0,
79.0,118.0,135.0,170.0,173.0,189.0,199.0,234.0,247.0,265.0,271.0,332.0,361.0,377.0,424.0,438.0,489.0,505.0,508.0,508.0,517.0,533.0,535.0,600.0,607.0,610.0,612.0,728.0,734.0,737.0,740.0,807.0,821.0,822.0,840.0,851.0,897.0,930.0,966.0,981.0,987.0,997.0,
6.0,21.0,23.0,126.0,158.0,193.0,198.0,216.0,238.0,241.0,273.0,313.0,338.0,378.0,408.0,423.0,437.0,458.0,522.0,554.0,578.0,588.0,589.0,596.0,600.0,613.0,653.0,688.0,712.0,720.0,731.0,735.0,737.0,776.0,809.0,852.0,855.0,882.0,882.0,911.0,912.0,912.0,969.0,991.0,
13.0,19.0,147.0,199.0,220.0,228.0,264.0,280.0,281.0,297.0,303.0,319.0,324.0,370.0,384.0,466.0,473.0,480.0,484.0,509.0,516.0,519.0,577.0,803.0,807.0,810.0,816.0,823.0,842.0,854.0,857.0,879.0,880.0,931.0,992.0,999.0,
52.0,58.0,73.0,101.0,146.0,165.0,208.0,225.0,232.0,243.0,279.0,296.0,352.0,622.0,656.0,659.0,663.0,671.0,690.0,751.0,753.0,778.0,808.0,841.0,846.0,855.0,877.0,902.0,938.0,951.0,972.0,
33.0,46.0,74.0,75.0,97.0,125.0,163.0,260.0,285.0,342.0,353.0,356.0,409.0,414.0,423.0,462.0,469.0,540.0,586.0,609.0,618.0,675.0,746.0,785.0,786.0,801.0,893.0,906.0,974.0,1000.0,
32.0,71.0,154.0,165.0,188.0,380.0,432.0,434.0,466.0,512.0,527.0,535.0,541.0,552.0,554.0,571.0,573.0,611.0,623.0,628.0,629.0,650.0,654.0,674.0,677.0,691.0,700.0,711.0,798.0,800.0,821.0,829.0,845.0,848.0,866.0,902.0,914.0,941.0,996.0,
25.0,30.0,31.0,43.0,77.0,81.0,156.0,184.0,217.0,218.0,224.0,225.0,238.0,264.0,267.0,306.0,312.0,321.0,353.0,356.0,359.0,412.0,468.0,471.0,546.0,558.0,559.0,564.0,582.0,598.0,602.0,616.0,626.0,655.0,660.0,689.0,693.0,706.0,708.0,709.0,737.0,754.0,789.0,842.0,887.0,910.0,978.0,992.0,
79.0,121.0,219.0,224.0,226.0,261.0,293.0,293.0,295.0,365.0,465.0,518.0,540.0,551.0,556.0,580.0,696.0,729.0,749.0,755.0,775.0,802.0,809.0,819.0,821.0,850.0,873.0,920.0,955.0,974.0,976.0,980.0,
17.0,52.0,77.0,77.0,77.0,106.0,142.0,194.0,195.0,201.0,212.0,221.0,307.0,327.0,371.0,375.0,465.0,615.0,624.0,660.0,695.0,749.0,757.0,788.0,843.0,850.0,903.0,908.0,910.0,936.0,939.0,971.0,978.0,
10.0,16.0,16.0,18.0,33.0,95.0,121.0,282.0,285.0,338.0,400.0,414.0,656.0,738.0,754.0,768.0,784.0,790.0,859.0,862.0,981.0,
21.0,92.0,127.0,168.0,274.0,321.0,333.0,378.0,408.0,426.0,429.0,431.0,458.0,461.0,464.0,478.0,555.0,584.0,589.0,657.0,659.0,671.0,674.0,688.0,689.0,702.0,767.0,787.0,795.0,800.0,804.0,924.0,925.0,1000.0,
14.0,54.0,59.0,62.0,80.0,134.0,143.0,154.0,156.0,171.0,191.0,239.0,346.0,361.0,369.0,431.0,471.0,478.0,493.0,532.0,555.0,569.0,601.0,654.0,674.0,685.0,703.0,786.0,807.0,817.0,821.0,865.0,870.0,892.0,915.0,921.0,
2.0,43.0,52.0,65.0,67.0,104.0,147.0,179.0,221.0,257.0,264.0,266.0,274.0,322.0,340.0,360.0,421.0,440.0,451.0,452.0,457.0,484.0,511.0,587.0,627.0,709.0,713.0,717.0,738.0,779.0,780.0,809.0,905.0,928.0,961.0,984.0,
29.0,56.0,70.0,88.0,101.0,125.0,132.0,183.0,290.0,290.0,309.0,320.0,340.0,349.0,362.0,391.0,397.0,398.0,459.0,509.0,515.0,530.0,648.0,658.0,718.0,771.0,830.0,868.0,904.0,925.0,934.0,953.0,971.0,982.0,985.0,
29.0,58.0,76.0,96.0,108.0,161.0,184.0,201.0,235.0,240.0,276.0,284.0,307.0,317.0,366.0,448.0,459.0,464.0,464.0,486.0,500.0,525.0,587.0,607.0,611.0,613.0,619.0,620.0,668.0,668.0,685.0,692.0,702.0,707.0,807.0,880.0,899.0,914.0,951.0,957.0,976.0,
24.0,64.0,73.0,78.0,164.0,182.0,229.0,254.0,288.0,322.0,347.0,363.0,382.0,433.0,444.0,455.0,472.0,477.0,483.0,488.0,558.0,590.0,617.0,632.0,650.0,660.0,671.0,673.0,690.0,712.0,715.0,734.0,744.0,779.0,791.0,822.0,838.0,843.0,868.0,922.0,923.0,930.0,932.0,939.0,972.0,990.0,
30.0,42.0,62.0,76.0,113.0,137.0,141.0,145.0,146.0,222.0,228.0,245.0,291.0,373.0,407.0,415.0,454.0,511.0,537.0,563.0,568.0,585.0,589.0,592.0,626.0,632.0,731.0,732.0,743.0,815.0,827.0,840.0,843.0,863.0,925.0,964.0,990.0,990.0,
2.0,13.0,20.0,55.0,59.0,238.0,245.0,258.0,259.0,272.0,328.0,332.0,340.0,350.0,363.0,430.0,475.0,488.0,501.0,603.0,622.0,665.0,675.0,701.0,720.0,724.0,741.0,747.0,764.0,889.0,905.0,945.0,950.0,956.0,
56.0,60.0,60.0,67.0,87.0,99.0,101.0,102.0,110.0,197.0,230.0,231.0,234.0,244.0,249.0,282.0,282.0,283.0,292.0,329.0,340.0,348.0,415.0,438.0,495.0,497.0,616.0,625.0,642.0,653.0,673.0,809.0,848.0,878.0,883.0,959.0,971.0,995.0,
22.0,40.0,60.0,174.0,202.0,269.0,271.0,288.0,341.0,350.0,424.0,429.0,431.0,435.0,440.0,453.0,485.0,498.0,504.0,603.0,625.0,699.0,699.0,724.0,731.0,750.0,751.0,760.0,780.0,785.0,798.0,824.0,832.0,862.0,866.0,869.0,879.0,972.0,988.0,
3.0,19.0,53.0,62.0,83.0,99.0,128.0,133.0,155.0,173.0,194.0,259.0,268.0,293.0,303.0,376.0,404.0,404.0,413.0,414.0,436.0,450.0,509.0,534.0,592.0,633.0,646.0,689.0,691.0,698.0,736.0,737.0,755.0,799.0,814.0,826.0,862.0,874.0,875.0,876.0,879.0,880.0,910.0,916.0,925.0,927.0,928.0,933.0,935.0,939.0,952.0,973.0,
3.0,11.0,28.0,80.0,87.0,88.0,108.0,120.0,163.0,225.0,252.0,296.0,349.0,351.0,358.0,363.0,374.0,382.0,392.0,431.0,436.0,441.0,466.0,488.0,544.0,551.0,560.0,565.0,578.0,603.0,656.0,665.0,733.0,735.0,760.0,771.0,804.0,807.0,842.0,871.0,881.0,932.0,939.0,955.0,975.0,993.0,
35.0,44.0,144.0,184.0,216.0,225.0,240.0,242.0,295.0,295.0,305.0,307.0,325.0,376.0,376.0,427.0,484.0,538.0,565.0,569.0,571.0,607.0,738.0,770.0,803.0,808.0,819.0,849.0,892.0,903.0,
36.0,71.0,113.0,119.0,218.0,262.0,262.0,304.0,330.0,340.0,349.0,442.0,481.0,528.0,567.0,571.0,613.0,644.0,676.0,786.0,793.0,806.0,829.0,838.0,859.0,875.0,900.0,
58.0,102.0,120.0,126.0,146.0,158.0,195.0,205.0,207.0,225.0,364.0,376.0,405.0,417.0,424.0,444.0,471.0,488.0,510.0,523.0,524.0,526.0,534.0,554.0,562.0,581.0,588.0,650.0,713.0,720.0,727.0,736.0,758.0,772.0,861.0,873.0,895.0,911.0,968.0,984.0,
24.0,48.0,57.0,69.0,74.0,82.0,132.0,184.0,187.0,292.0,298.0,321.0,339.0,355.0,355.0,403.0,447.0,475.0,489.0,544.0,578.0,613.0,628.0,641.0,662.0,671.0,672.0,680.0,744.0,758.0,777.0,845.0,856.0,874.0,909.0,941.0,948.0,
2.0,4.0,36.0,47.0,54.0,90.0,92.0,133.0,156.0,165.0,165.0,200.0,218.0,312.0,352.0,476.0,510.0,533.0,583.0,631.0,658.0,681.0,685.0,737.0,744.0,776.0,780.0,858.0,884.0,894.0,926.0,934.0,939.0,950.0,959.0,968.0,972.0,
32.0,55.0,143.0,150.0,172.0,222.0,242.0,293.0,300.0,305.0,335.0,375.0,376.0,621.0,662.0,682.0,690.0,697.0,762.0,785.0,802.0,815.0,820.0,845.0,852.0,910.0,917.0,921.0,967.0,973.0,
43.0,53.0,72.0,88.0,153.0,172.0,189.0,212.0,219.0,258.0,310.0,311.0,335.0,343.0,360.0,369.0,380.0,389.0,404.0,411.0,426.0,428.0,433.0,445.0,465.0,493.0,
12.0,36.0,55.0,64.0,64.0,106.0,212.0,269.0,279.0,305.0,328.0,348.0,416.0,436.0,
51.0,99.0,132.0,134.0,140.0,152.0,156.0,169.0,212.0,310.0,372.0,419.0,432.0,466.0,477.0,
12.0,33.0,35.0,87.0,146.0,178.0,203.0,258.0,265.0,272.0,296.0,328.0,338.0,380.0,398.0,425.0,444.0,463.0,491.0,622.0,747.0,763.0,782.0,803.0,824.0,835.0,912.0,927.0,944.0,957.0,972.0,
20.0,23.0,32.0,34.0,82.0,131.0,138.0,171.0,181.0,203.0,316.0,399.0,493.0,506.0,508.0,570.0,571.0,611.0,642.0,655.0,656.0,657.0,665.0,682.0,695.0,698.0,716.0,736.0,740.0,740.0,746.0,773.0,792.0,810.0,819.0,823.0,836.0,846.0,975.0,986.0,987.0,987.0,
11.0,31.0,99.0,110.0,110.0,110.0,126.0,135.0,152.0,170.0,199.0,199.0,213.0,229.0,252.0,266.0,281.0,344.0,355.0,373.0,394.0,397.0,419.0,443.0,479.0,496.0,524.0,576.0,581.0,614.0,618.0,635.0,643.0,668.0,723.0,736.0,797.0,810.0,825.0,836.0,889.0,895.0,940.0,984.0,
27.0,28.0,31.0,59.0,62.0,106.0,144.0,196.0,200.0,250.0,268.0,278.0,305.0,312.0,334.0,411.0,416.0,420.0,426.0,429.0,438.0,460.0,462.0,495.0,528.0,580.0,594.0,629.0,735.0,748.0,778.0,783.0,799.0,823.0,894.0,896.0,905.0,953.0,988.0,
6.0,14.0,23.0,50.0,82.0,99.0,101.0,156.0,198.0,202.0,246.0,260.0,293.0,315.0,335.0,340.0,359.0,381.0,438.0,446.0,451.0,464.0,491.0,499.0,513.0,545.0,592.0,597.0,605.0,632.0,641.0,653.0,680.0,692.0,719.0,762.0,765.0,798.0,814.0,825.0,854.0,856.0,863.0,882.0,907.0,932.0,991.0,
33.0,105.0,125.0,140.0,183.0,239.0,277.0,302.0,302.0,315.0,324.0,369.0,383.0,406.0,427.0,429.0,433.0,444.0,504.0,508.0,571.0,612.0,667.0,676.0,682.0,749.0,753.0,762.0,762.0,819.0,820.0,833.0,852.0,870.0,916.0,936.0,956.0,960.0,978.0,
6.0,21.0,26.0,30.0,38.0,85.0,116.0,128.0,462.0,466.0,486.0,
24.0,58.0,75.0,115.0,135.0,176.0,228.0,229.0,286.0,290.0,292.0,299.0,354.0,407.0,469.0,475.0,475.0,489.0,495.0,
4.0,6.0,69.0,70.0,112.0,141.0,149.0,240.0,257.0,300.0,324.0,364.0,405.0,441.0,463.0,469.0,474.0,484.0,917.0,
9.0,44.0,82.0,97.0,134.0,167.0,291.0,299.0,311.0,316.0,376.0,413.0,443.0,451.0,477.0,
6.0,24.0,54.0,57.0,75.0,118.0,145.0,199.0,246.0,279.0,315.0,348.0,358.0,359.0,387.0,387.0,391.0,393.0,393.0,400.0,404.0,425.0,461.0,
16.0,33.0,138.0,139.0,161.0,181.0,200.0,233.0,236.0,257.0,297.0,303.0,308.0,326.0,349.0,375.0,402.0,475.0,522.0,541.0,560.0,566.0,572.0,591.0,603.0,610.0,631.0,657.0,661.0,675.0,675.0,694.0,732.0,734.0,756.0,763.0,764.0,829.0,843.0,874.0,911.0,921.0,944.0,956.0,967.0,983.0,
28.0,31.0,57.0,58.0,70.0,82.0,84.0,94.0,182.0,183.0,198.0,231.0,250.0,255.0,292.0,322.0,376.0,427.0,453.0,454.0,467.0,475.0,475.0,481.0,489.0,495.0,510.0,523.0,553.0,563.0,581.0,584.0,649.0,682.0,697.0,729.0,746.0,876.0,878.0,957.0,
31.0,49.0,63.0,94.0,152.0,154.0,223.0,245.0,248.0,271.0,282.0,303.0,366.0,377.0,454.0,469.0,513.0,525.0,526.0,540.0,542.0,547.0,561.0,624.0,646.0,651.0,658.0,671.0,702.0,706.0,707.0,731.0,787.0,788.0,796.0,819.0,820.0,871.0,878.0,885.0,892.0,916.0,929.0,930.0,933.0,948.0,957.0,971.0,
51.0,54.0,71.0,76.0,116.0,140.0,152.0,163.0,189.0,234.0,294.0,304.0,376.0,417.0,436.0,438.0,465.0,497.0,511.0,582.0,595.0,631.0,702.0,734.0,740.0,747.0,766.0,777.0,784.0,823.0,830.0,887.0,908.0,912.0,928.0,984.0,
28.0,37.0,92.0,95.0,95.0,159.0,200.0,206.0,218.0,237.0,239.0,242.0,274.0,301.0,306.0,351.0,365.0,374.0,399.0,409.0,415.0,466.0,490.0,493.0,505.0,508.0,638.0,688.0,754.0,806.0,831.0,831.0,842.0,854.0,866.0,876.0,907.0,935.0,955.0,963.0,997.0,
3.0,20.0,39.0,111.0,142.0,191.0,300.0,326.0,338.0,351.0,377.0,386.0,415.0,424.0,468.0,475.0,478.0,
33.0,56.0,91.0,150.0,172.0,194.0,226.0,235.0,264.0,277.0,295.0,323.0,370.0,391.0,394.0,399.0,408.0,410.0,416.0,461.0,463.0,469.0,486.0,500.0,815.0,900.0,940.0,
4.0,4.0,49.0,82.0,88.0,90.0,107.0,110.0,127.0,161.0,201.0,212.0,224.0,232.0,238.0,251.0,339.0,371.0,394.0,396.0,408.0,494.0,510.0,734.0,741.0,894.0,980.0,982.0,
25.0,35.0,96.0,121.0,231.0,272.0,356.0,366.0,399.0,409.0,418.0,418.0,469.0,476.0,499.0,818.0,826.0,893.0,921.0,934.0,
26.0,28.0,87.0,93.0,150.0,177.0,180.0,190.0,195.0,268.0,284.0,295.0,320.0,325.0,354.0,382.0,396.0,403.0,507.0,
2.0,28.0,50.0,64.0,78.0,94.0,95.0,109.0,142.0,145.0,176.0,198.0,255.0,290.0,350.0,364.0,381.0,394.0,447.0,449.0,452.0,466.0,468.0,498.0,558.0,641.0,701.0,717.0,752.0,768.0,794.0,839.0,854.0,933.0,962.0,975.0,
7.0,38.0,39.0,41.0,43.0,65.0,96.0,146.0,184.0,216.0,248.0,270.0,288.0,331.0,331.0,346.0,353.0,363.0,404.0,437.0,442.0,484.0,495.0,500.0,542.0,546.0,569.0,580.0,626.0,629.0,692.0,703.0,710.0,729.0,730.0,751.0,815.0,819.0,823.0,827.0,828.0,854.0,900.0,902.0,961.0,973.0,
2.0,21.0,26.0,81.0,99.0,155.0,173.0,187.0,276.0,292.0,311.0,313.0,318.0,387.0,432.0,464.0,500.0,510.0,524.0,535.0,549.0,563.0,576.0,638.0,719.0,726.0,732.0,734.0,838.0,863.0,878.0,891.0,891.0,935.0,960.0,
18.0,41.0,46.0,60.0,102.0,107.0,112.0,121.0,135.0,137.0,162.0,183.0,184.0,227.0,241.0,267.0,306.0,330.0,397.0,406.0,417.0,437.0,478.0,499.0,513.0,521.0,595.0,613.0,663.0,666.0,683.0,717.0,737.0,742.0,790.0,829.0,853.0,865.0,865.0,894.0,933.0,945.0,
43.0,44.0,84.0,107.0,126.0,147.0,203.0,203.0,219.0,331.0,349.0,399.0,418.0,489.0,537.0,571.0,687.0,689.0,697.0,700.0,702.0,713.0,718.0,769.0,816.0,833.0,838.0,865.0,866.0,912.0,927.0,942.0,969.0,988.0,1000.0,
8.0,26.0,84.0,98.0,168.0,171.0,251.0,273.0,359.0,360.0,365.0,410.0,448.0,476.0,490.0,491.0,494.0,
10.0,16.0,25.0,63.0,107.0,142.0,173.0,226.0,243.0,251.0,263.0,271.0,297.0,304.0,316.0,318.0,326.0,328.0,331.0,360.0,445.0,479.0,487.0,494.0,503.0,919.0,987.0,
10.0,21.0,30.0,66.0,96.0,133.0,145.0,161.0,207.0,239.0,260.0,308.0,358.0,382.0,385.0,487.0,792.0,865.0,931.0,944.0,
24.0,37.0,42.0,122.0,165.0,252.0,275.0,279.0,354.0,358.0,380.0,420.0,426.0,429.0,432.0,460.0,460.0,471.0,488.0,505.0,
16.0,17.0,55.0,75.0,88.0,93.0,93.0,128.0,144.0,229.0,249.0,315.0,327.0,334.0,360.0,363.0,386.0,471.0,473.0,
56.0,85.0,108.0,155.0,162.0,192.0,195.0,210.0,233.0,255.0,286.0,332.0,384.0,400.0,409.0,471.0,489.0,498.0,502.0,601.0,605.0,616.0,647.0,650.0,655.0,668.0,687.0,688.0,710.0,731.0,785.0,790.0,801.0,852.0,856.0,859.0,887.0,897.0,909.0,910.0,933.0,942.0,971.0,972.0,
82.0,110.0,113.0,134.0,152.0,178.0,204.0,257.0,259.0,289.0,306.0,346.0,442.0,443.0,510.0,514.0,529.0,532.0,545.0,609.0,654.0,669.0,688.0,688.0,700.0,721.0,738.0,740.0,756.0,780.0,782.0,814.0,852.0,854.0,858.0,880.0,895.0,896.0,899.0,920.0,928.0,929.0,938.0,940.0,
11.0,38.0,49.0,101.0,124.0,135.0,219.0,231.0,232.0,266.0,282.0,408.0,417.0,464.0,489.0,513.0,516.0,525.0,559.0,601.0,609.0,621.0,642.0,692.0,700.0,709.0,755.0,779.0,807.0,848.0,859.0,885.0,887.0,892.0,926.0,932.0,
32.0,61.0,89.0,107.0,139.0,193.0,207.0,216.0,238.0,239.0,249.0,257.0,402.0,404.0,455.0,459.0,474.0,479.0,548.0,553.0,560.0,575.0,619.0,666.0,683.0,781.0,785.0,813.0,853.0,881.0,917.0,939.0,953.0,994.0,996.0,
13.0,35.0,107.0,110.0,133.0,174.0,184.0,197.0,237.0,260.0,287.0,392.0,407.0,408.0,426.0,440.0,491.0,545.0,554.0,587.0,589.0,601.0,681.0,682.0,707.0,719.0,747.0,779.0,791.0,794.0,885.0,900.0,904.0,911.0,974.0,976.0,979.0,992.0,
62.0,106.0,138.0,145.0,210.0,245.0,255.0,264.0,265.0,305.0,327.0,376.0,487.0,679.0,738.0,749.0,789.0,815.0,872.0,907.0,945.0,953.0,972.0,979.0,984.0,
47.0,63.0,71.0,84.0,84.0,116.0,118.0,153.0,154.0,169.0,208.0,215.0,271.0,337.0,346.0,444.0,460.0,506.0,
17.0,36.0,68.0,80.0,120.0,126.0,187.0,265.0,283.0,299.0,323.0,327.0,345.0,371.0,376.0,389.0,430.0,431.0,461.0,
9.0,32.0,42.0,90.0,111.0,129.0,183.0,214.0,218.0,271.0,276.0,297.0,342.0,368.0,374.0,415.0,419.0,423.0,425.0,481.0,
11.0,38.0,45.0,53.0,75.0,92.0,188.0,237.0,261.0,314.0,325.0,344.0,354.0,358.0,384.0,396.0,443.0,494.0,636.0,701.0,728.0,738.0,747.0,757.0,855.0,864.0,922.0,946.0,978.0,993.0,
7.0,36.0,38.0,79.0,103.0,207.0,276.0,285.0,289.0,306.0,308.0,311.0,364.0,369.0,455.0,507.0,536.0,580.0,615.0,630.0,669.0,715.0,740.0,743.0,812.0,822.0,830.0,834.0,843.0,885.0,912.0,925.0,946.0,960.0,
36.0,37.0,101.0,164.0,233.0,264.0,280.0,282.0,292.0,296.0,311.0,312.0,316.0,317.0,326.0,326.0,374.0,405.0,422.0,467.0,484.0,493.0,543.0,561.0,569.0,590.0,596.0,633.0,635.0,662.0,789.0,807.0,893.0,954.0,997.0,
32.0,123.0,132.0,140.0,147.0,161.0,173.0,201.0,216.0,284.0,313.0,319.0,346.0,381.0,382.0,392.0,411.0,428.0,466.0,509.0,528.0,532.0,558.0,560.0,565.0,572.0,585.0,590.0,592.0,606.0,611.0,635.0,655.0,712.0,743.0,773.0,777.0,812.0,840.0,887.0,892.0,899.0,900.0,981.0,990.0,991.0,
36.0,53.0,64.0,77.0,108.0,108.0,113.0,121.0,132.0,152.0,160.0,216.0,273.0,273.0,287.0,308.0,328.0,350.0,381.0,382.0,397.0,460.0,484.0,490.0,515.0,529.0,543.0,592.0,656.0,705.0,714.0,720.0,726.0,737.0,810.0,815.0,829.0,870.0,871.0,877.0,880.0,885.0,900.0,933.0,1000.0,
18.0,50.0,50.0,105.0,153.0,180.0,184.0,275.0,359.0,375.0,413.0,422.0,433.0,503.0,503.0,531.0,533.0,546.0,554.0,584.0,595.0,600.0,633.0,657.0,705.0,713.0,743.0,747.0,754.0,755.0,768.0,791.0,798.0,813.0,828.0,865.0,928.0,941.0,972.0,
19.0,52.0,54.0,63.0,93.0,136.0,144.0,145.0,156.0,162.0,172.0,190.0,194.0,196.0,204.0,212.0,213.0,213.0,243.0,250.0,258.0,265.0,292.0,293.0,363.0,373.0,403.0,411.0,443.0,457.0,465.0,466.0,506.0,539.0,543.0,545.0,557.0,559.0,610.0,611.0,629.0,634.0,669.0,727.0,764.0,773.0,798.0,839.0,842.0,861.0,888.0,891.0,906.0,910.0,921.0,928.0,930.0,980.0,994.0,
74.0,96.0,98.0,135.0,145.0,150.0,184.0,264.0,291.0,303.0,334.0,337.0,358.0,361.0,366.0,377.0,397.0,447.0,454.0,494.0,585.0,593.0,596.0,625.0,638.0,639.0,707.0,772.0,811.0,813.0,846.0,867.0,890.0,892.0,892.0,901.0,904.0,909.0,977.0,
19.0,42.0,53.0,56.0,92.0,98.0,162.0,264.0,270.0,297.0,311.0,333.0,480.0,480.0,485.0,485.0,500.0,568.0,615.0,666.0,753.0,772.0,806.0,815.0,853.0,855.0,950.0,992.0,
7.0,81.0,124.0,149.0,155.0,159.0,159.0,187.0,198.0,217.0,253.0,285.0,287.0,365.0,447.0,447.0,458.0,464.0,482.0,491.0,504.0,531.0,637.0,641.0,650.0,719.0,732.0,735.0,742.0,744.0,749.0,771.0,782.0,789.0,825.0,838.0,854.0,869.0,878.0,906.0,912.0,935.0,952.0,959.0,966.0,990.0,
27.0,40.0,53.0,64.0,105.0,107.0,139.0,146.0,147.0,154.0,267.0,308.0,322.0,336.0,409.0,483.0,484.0,507.0,560.0,593.0,596.0,607.0,607.0,621.0,628.0,646.0,652.0,666.0,677.0,679.0,687.0,708.0,724.0,731.0,750.0,765.0,774.0,840.0,889.0,898.0,904.0,915.0,919.0,937.0,939.0,958.0,974.0,977.0,
8.0,9.0,32.0,84.0,107.0,113.0,129.0,164.0,185.0,291.0,382.0,390.0,415.0,428.0,455.0,543.0,589.0,651.0,667.0,719.0,722.0,740.0,758.0,767.0,820.0,823.0,835.0,951.0,985.0,
18.0,23.0,36.0,56.0,120.0,142.0,178.0,180.0,187.0,200.0,206.0,234.0,237.0,244.0,305.0,471.0,573.0,575.0,598.0,598.0,618.0,631.0,643.0,646.0,667.0,684.0,745.0,753.0,771.0,825.0,843.0,861.0,886.0,900.0,957.0,990.0,
36.0,60.0,142.0,157.0,175.0,246.0,252.0,255.0,263.0,276.0,298.0,308.0,355.0,414.0,418.0,447.0,496.0,496.0,498.0,561.0,573.0,586.0,601.0,608.0,611.0,624.0,630.0,644.0,721.0,734.0,744.0,782.0,817.0,836.0,865.0,879.0,892.0,930.0,977.0,
63.0,84.0,110.0,190.0,213.0,225.0,228.0,264.0,274.0,307.0,336.0,376.0,415.0,460.0,465.0,475.0,487.0,494.0,508.0,587.0,599.0,637.0,640.0,737.0,742.0,784.0,875.0,898.0,984.0,
28.0,64.0,65.0,158.0,161.0,164.0,194.0,298.0,332.0,339.0,354.0,431.0,498.0,501.0,512.0,533.0,540.0,560.0,593.0,618.0,670.0,681.0,732.0,749.0,781.0,825.0,857.0,918.0,933.0,987.0,
16.0,57.0,59.0,124.0,217.0,250.0,344.0,349.0,354.0,372.0,433.0,471.0,474.0,477.0,485.0,519.0,534.0,540.0,545.0,585.0,587.0,589.0,601.0,642.0,679.0,698.0,715.0,718.0,747.0,801.0,809.0,818.0,823.0,865.0,899.0,913.0,991.0,
37.0,61.0,62.0,77.0,90.0,99.0,101.0,124.0,170.0,170.0,223.0,233.0,239.0,291.0,310.0,329.0,336.0,339.0,370.0,407.0,417.0,422.0,424.0,439.0,472.0,500.0,551.0,611.0,647.0,673.0,737.0,783.0,836.0,858.0,896.0,912.0,
49.0,52.0,78.0,86.0,145.0,151.0,168.0,184.0,195.0,201.0,219.0,240.0,246.0,267.0,285.0,327.0,367.0,415.0,422.0,476.0,491.0,515.0,515.0,541.0,557.0,594.0,608.0,638.0,653.0,660.0,670.0,692.0,696.0,702.0,727.0,739.0,743.0,761.0,800.0,810.0,883.0,896.0,913.0,954.0,
31.0,100.0,100.0,128.0,151.0,155.0,172.0,172.0,203.0,207.0,231.0,289.0,318.0,361.0,369.0,371.0,378.0,391.0,401.0,403.0,462.0,462.0,467.0,470.0,485.0,540.0,555.0,577.0,604.0,613.0,654.0,675.0,700.0,710.0,740.0,775.0,797.0,815.0,836.0,841.0,859.0,914.0,944.0,978.0,998.0,
23.0,23.0,42.0,59.0,90.0,104.0,116.0,126.0,176.0,210.0,260.0,385.0,413.0,422.0,523.0,541.0,563.0,600.0,604.0,614.0,615.0,634.0,646.0,687.0,742.0,824.0,834.0,912.0,925.0,940.0,941.0,945.0,947.0,
22.0,68.0,74.0,97.0,103.0,118.0,148.0,187.0,196.0,202.0,252.0,313.0,337.0,339.0,410.0,506.0,515.0,569.0,577.0,611.0,629.0,646.0,656.0,667.0,678.0,698.0,727.0,728.0,738.0,761.0,792.0,877.0,902.0,960.0,993.0,1000.0,
7.0,8.0,12.0,42.0,52.0,61.0,69.0,107.0,127.0,186.0,187.0,223.0,229.0,229.0,240.0,244.0,282.0,300.0,318.0,496.0,534.0,545.0,555.0,565.0,589.0,603.0,795.0,818.0,826.0,827.0,836.0,869.0,943.0,954.0,959.0,
