52.0,75.0,103.0,130.0,161.0,167.0,180.0,189.0,191.0,239.0,277.0,376.0,378.0,421.0,421.0,445.0,461.0,498.0,499.0,525.0,565.0,619.0,635.0,649.0,661.0,706.0,709.0,731.0,755.0,775.0,807.0,813.0,840.0,868.0,877.0,892.0,895.0,895.0,969.0,986.0,
10.0,17.0,79.0,124.0,165.0,168.0,237.0,243.0,246.0,261.0,321.0,441.0,449.0,462.0,494.0,524.0,534.0,584.0,603.0,649.0,651.0,659.0,711.0,715.0,730.0,786.0,820.0,828.0,832.0,853.0,945.0,954.0,
32.0,34.0,55.0,112.0,119.0,211.0,217.0,249.0,258.0,315.0,351.0,421.0,513.0,514.0,525.0,532.0,533.0,551.0,585.0,647.0,662.0,676.0,712.0,784.0,802.0,850.0,904.0,994.0,
15.0,38.0,49.0,64.0,113.0,121.0,125.0,199.0,247.0,314.0,328.0,355.0,377.0,400.0,428.0,430.0,433.0,446.0,546.0,560.0,616.0,645.0,698.0,705.0,707.0,708.0,824.0,835.0,837.0,873.0,876.0,883.0,940.0,
30.0,71.0,82.0,85.0,98.0,219.0,227.0,251.0,264.0,277.0,294.0,340.0,354.0,360.0,363.0,387.0,438.0,549.0,569.0,586.0,605.0,643.0,654.0,672.0,705.0,746.0,817.0,828.0,830.0,852.0,877.0,885.0,914.0,914.0,921.0,931.0,963.0,985.0,992.0,
6.0,36.0,81.0,93.0,122.0,126.0,153.0,161.0,181.0,196.0,281.0,296.0,296.0,323.0,418.0,420.0,546.0,618.0,627.0,640.0,662.0,671.0,746.0,773.0,817.0,829.0,857.0,880.0,882.0,891.0,951.0,957.0,989.0,
15.0,26.0,33.0,42.0,117.0,125.0,145.0,154.0,164.0,236.0,270.0,271.0,309.0,356.0,373.0,390.0,429.0,457.0,477.0,486.0,545.0,553.0,566.0,579.0,581.0,648.0,656.0,707.0,745.0,749.0,749.0,753.0,755.0,792.0,836.0,863.0,894.0,898.0,909.0,952.0,
50.0,81.0,85.0,189.0,193.0,241.0,253.0,281.0,302.0,305.0,347.0,385.0,395.0,438.0,450.0,465.0,472.0,513.0,528.0,569.0,625.0,633.0,643.0,701.0,715.0,717.0,719.0,724.0,729.0,736.0,768.0,825.0,871.0,874.0,895.0,897.0,928.0,951.0,952.0,965.0,980.0,996.0,
3.0,4.0,21.0,101.0,120.0,147.0,178.0,262.0,273.0,279.0,317.0,331.0,356.0,378.0,388.0,394.0,395.0,403.0,490.0,501.0,522.0,525.0,570.0,571.0,617.0,621.0,638.0,655.0,657.0,659.0,716.0,767.0,818.0,822.0,829.0,866.0,876.0,936.0,957.0,974.0,
40.0,73.0,230.0,232.0,241.0,255.0,346.0,358.0,430.0,432.0,437.0,472.0,506.0,525.0,552.0,557.0,580.0,614.0,739.0,743.0,756.0,758.0,760.0,768.0,788.0,896.0,963.0,
3.0,20.0,38.0,46.0,104.0,154.0,155.0,159.0,160.0,172.0,172.0,193.0,270.0,278.0,443.0,452.0,498.0,557.0,567.0,593.0,669.0,776.0,811.0,833.0,964.0,983.0,988.0,994.0,996.0,
6.0,60.0,71.0,167.0,200.0,206.0,218.0,306.0,325.0,408.0,411.0,417.0,420.0,443.0,497.0,513.0,520.0,523.0,575.0,585.0,588.0,616.0,631.0,646.0,649.0,730.0,746.0,771.0,829.0,869.0,915.0,936.0,943.0,964.0,
7.0,9.0,64.0,71.0,86.0,121.0,139.0,142.0,145.0,157.0,169.0,177.0,306.0,339.0,349.0,392.0,442.0,482.0,602.0,614.0,618.0,621.0,635.0,638.0,771.0,797.0,830.0,837.0,837.0,848.0,882.0,918.0,964.0,966.0,
2.0,23.0,28.0,34.0,37.0,43.0,58.0,86.0,94.0,123.0,172.0,176.0,184.0,224.0,260.0,267.0,274.0,375.0,386.0,396.0,452.0,543.0,554.0,614.0,617.0,619.0,645.0,647.0,671.0,694.0,705.0,766.0,812.0,816.0,817.0,830.0,832.0,855.0,866.0,877.0,946.0,988.0,
8.0,46.0,68.0,74.0,112.0,186.0,188.0,237.0,254.0,314.0,316.0,356.0,392.0,408.0,481.0,483.0,504.0,540.0,581.0,597.0,597.0,675.0,700.0,735.0,755.0,760.0,767.0,767.0,812.0,834.0,846.0,853.0,853.0,982.0,
117.0,183.0,192.0,225.0,227.0,229.0,261.0,268.0,279.0,297.0,302.0,334.0,355.0,373.0,395.0,403.0,405.0,428.0,431.0,487.0,547.0,559.0,565.0,572.0,639.0,672.0,681.0,700.0,751.0,777.0,794.0,809.0,810.0,820.0,875.0,876.0,892.0,962.0,982.0,988.0,989.0,
41.0,54.0,63.0,118.0,127.0,236.0,246.0,262.0,286.0,296.0,339.0,399.0,402.0,408.0,420.0,443.0,465.0,495.0,514.0,533.0,561.0,570.0,570.0,648.0,665.0,677.0,693.0,700.0,736.0,785.0,789.0,807.0,820.0,822.0,834.0,840.0,872.0,971.0,984.0,
111.0,140.0,188.0,189.0,190.0,195.0,199.0,212.0,213.0,246.0,253.0,320.0,324.0,343.0,343.0,369.0,402.0,444.0,460.0,471.0,474.0,504.0,572.0,578.0,588.0,589.0,609.0,611.0,653.0,686.0,695.0,699.0,737.0,738.0,806.0,810.0,881.0,918.0,927.0,952.0,955.0,962.0,971.0,
7.0,46.0,47.0,59.0,81.0,162.0,205.0,216.0,218.0,227.0,229.0,246.0,260.0,270.0,280.0,340.0,356.0,420.0,426.0,482.0,568.0,638.0,664.0,711.0,715.0,718.0,735.0,755.0,779.0,799.0,808.0,835.0,848.0,853.0,889.0,890.0,917.0,924.0,983.0,996.0,1000.0,
8.0,25.0,28.0,29.0,47.0,52.0,60.0,68.0,100.0,133.0,143.0,148.0,177.0,198.0,218.0,225.0,228.0,256.0,280.0,293.0,304.0,331.0,384.0,397.0,420.0,462.0,480.0,556.0,613.0,622.0,694.0,704.0,766.0,774.0,779.0,805.0,807.0,832.0,880.0,881.0,892.0,936.0,957.0,965.0,
35.0,41.0,84.0,85.0,110.0,147.0,164.0,279.0,298.0,385.0,402.0,423.0,430.0,436.0,466.0,492.0,500.0,514.0,523.0,526.0,554.0,575.0,599.0,638.0,658.0,664.0,671.0,674.0,708.0,718.0,767.0,776.0,776.0,803.0,805.0,809.0,815.0,827.0,876.0,901.0,913.0,913.0,926.0,937.0,
2.0,5.0,30.0,36.0,76.0,127.0,152.0,164.0,213.0,292.0,306.0,384.0,388.0,423.0,429.0,462.0,497.0,501.0,548.0,552.0,585.0,614.0,620.0,635.0,637.0,649.0,650.0,695.0,699.0,702.0,722.0,736.0,743.0,744.0,798.0,800.0,834.0,863.0,868.0,893.0,924.0,985.0,1000.0,
76.0,86.0,94.0,95.0,99.0,128.0,169.0,220.0,254.0,255.0,285.0,330.0,340.0,351.0,424.0,477.0,513.0,551.0,551.0,567.0,573.0,650.0,660.0,728.0,778.0,806.0,807.0,823.0,838.0,850.0,908.0,910.0,939.0,968.0,968.0,1000.0,
30.0,38.0,47.0,55.0,72.0,176.0,192.0,201.0,244.0,255.0,275.0,285.0,318.0,344.0,368.0,421.0,451.0,465.0,484.0,568.0,594.0,598.0,600.0,601.0,650.0,669.0,678.0,694.0,696.0,696.0,726.0,726.0,728.0,738.0,771.0,788.0,805.0,809.0,825.0,832.0,886.0,894.0,895.0,897.0,901.0,941.0,963.0,990.0,
12.0,64.0,158.0,191.0,213.0,213.0,238.0,243.0,259.0,276.0,287.0,303.0,340.0,364.0,369.0,376.0,432.0,508.0,596.0,599.0,602.0,614.0,618.0,630.0,637.0,642.0,655.0,672.0,683.0,684.0,702.0,723.0,729.0,801.0,807.0,812.0,815.0,825.0,848.0,855.0,875.0,877.0,887.0,905.0,923.0,931.0,937.0,946.0,946.0,964.0,972.0,978.0,
8.0,56.0,73.0,112.0,123.0,131.0,133.0,169.0,219.0,285.0,423.0,446.0,450.0,474.0,478.0,582.0,588.0,628.0,648.0,683.0,751.0,812.0,818.0,861.0,872.0,875.0,888.0,893.0,921.0,943.0,983.0,
3.0,32.0,41.0,100.0,126.0,223.0,247.0,318.0,400.0,478.0,482.0,488.0,551.0,587.0,597.0,601.0,621.0,659.0,664.0,677.0,704.0,732.0,774.0,798.0,801.0,817.0,827.0,836.0,857.0,923.0,936.0,938.0,943.0,954.0,998.0,
6.0,20.0,45.0,55.0,145.0,148.0,158.0,208.0,225.0,323.0,358.0,409.0,410.0,455.0,463.0,467.0,496.0,498.0,503.0,544.0,547.0,561.0,575.0,612.0,634.0,644.0,644.0,658.0,661.0,686.0,695.0,701.0,727.0,768.0,770.0,774.0,784.0,812.0,824.0,838.0,889.0,908.0,915.0,977.0,982.0,988.0,
8.0,69.0,121.0,125.0,127.0,138.0,199.0,217.0,261.0,276.0,296.0,308.0,335.0,335.0,370.0,478.0,502.0,504.0,507.0,509.0,517.0,561.0,579.0,584.0,683.0,690.0,778.0,815.0,816.0,840.0,851.0,866.0,884.0,946.0,962.0,978.0,992.0,
23.0,52.0,58.0,60.0,66.0,97.0,121.0,141.0,153.0,156.0,190.0,191.0,204.0,230.0,241.0,257.0,258.0,281.0,286.0,313.0,335.0,414.0,467.0,469.0,469.0,470.0,494.0,497.0,541.0,544.0,568.0,625.0,687.0,692.0,698.0,711.0,738.0,746.0,751.0,758.0,766.0,770.0,781.0,842.0,870.0,872.0,877.0,879.0,884.0,907.0,912.0,972.0,997.0,
21.0,135.0,167.0,185.0,188.0,199.0,211.0,261.0,308.0,310.0,333.0,406.0,416.0,425.0,479.0,481.0,537.0,549.0,554.0,570.0,624.0,626.0,643.0,645.0,666.0,688.0,727.0,816.0,861.0,909.0,916.0,947.0,956.0,957.0,978.0,978.0,
19.0,48.0,100.0,153.0,204.0,215.0,249.0,280.0,356.0,362.0,381.0,491.0,525.0,532.0,544.0,563.0,603.0,615.0,637.0,665.0,699.0,716.0,742.0,766.0,798.0,818.0,836.0,844.0,847.0,854.0,886.0,908.0,
19.0,21.0,32.0,115.0,118.0,149.0,171.0,212.0,283.0,301.0,318.0,345.0,368.0,385.0,412.0,421.0,462.0,462.0,486.0,498.0,507.0,510.0,548.0,595.0,604.0,642.0,649.0,670.0,674.0,675.0,692.0,714.0,720.0,774.0,798.0,807.0,851.0,852.0,862.0,886.0,952.0,954.0,
12.0,14.0,87.0,147.0,195.0,246.0,259.0,276.0,303.0,357.0,358.0,375.0,386.0,601.0,605.0,669.0,722.0,763.0,780.0,874.0,907.0,921.0,926.0,936.0,990.0,
4.0,9.0,23.0,35.0,79.0,84.0,163.0,197.0,212.0,234.0,296.0,324.0,383.0,408.0,415.0,437.0,437.0,501.0,
41.0,133.0,140.0,154.0,164.0,191.0,206.0,239.0,243.0,304.0,319.0,326.0,326.0,366.0,382.0,409.0,420.0,441.0,457.0,471.0,493.0,
2.0,29.0,32.0,84.0,94.0,116.0,150.0,176.0,218.0,243.0,251.0,254.0,276.0,285.0,291.0,312.0,315.0,328.0,343.0,437.0,448.0,461.0,474.0,485.0,
11.0,52.0,69.0,75.0,99.0,156.0,170.0,183.0,192.0,205.0,220.0,294.0,451.0,455.0,456.0,669.0,705.0,771.0,774.0,784.0,804.0,809.0,832.0,911.0,970.0,970.0,
10.0,135.0,164.0,182.0,187.0,223.0,225.0,226.0,238.0,238.0,244.0,270.0,300.0,333.0,336.0,365.0,383.0,395.0,449.0,452.0,478.0,480.0,492.0,516.0,582.0,598.0,608.0,637.0,637.0,671.0,687.0,709.0,720.0,738.0,749.0,798.0,824.0,884.0,902.0,917.0,965.0,966.0,973.0,977.0,
6.0,8.0,8.0,60.0,82.0,127.0,141.0,174.0,188.0,223.0,225.0,233.0,238.0,269.0,294.0,325.0,333.0,365.0,399.0,404.0,414.0,512.0,571.0,621.0,640.0,703.0,712.0,718.0,763.0,786.0,806.0,833.0,835.0,881.0,883.0,904.0,918.0,961.0,999.0,
3.0,34.0,55.0,77.0,81.0,145.0,165.0,176.0,207.0,225.0,228.0,239.0,306.0,311.0,345.0,361.0,386.0,412.0,420.0,423.0,463.0,522.0,562.0,608.0,636.0,646.0,650.0,690.0,703.0,717.0,761.0,768.0,786.0,787.0,805.0,811.0,840.0,857.0,894.0,930.0,996.0,1000.0,
5.0,45.0,94.0,121.0,144.0,149.0,164.0,181.0,267.0,349.0,375.0,448.0,498.0,500.0,570.0,572.0,586.0,614.0,633.0,649.0,689.0,711.0,785.0,815.0,831.0,869.0,878.0,897.0,932.0,936.0,
5.0,20.0,27.0,51.0,192.0,225.0,288.0,312.0,337.0,346.0,380.0,429.0,430.0,437.0,491.0,544.0,581.0,633.0,682.0,706.0,709.0,728.0,781.0,808.0,820.0,848.0,869.0,875.0,880.0,949.0,966.0,
44.0,45.0,48.0,62.0,68.0,69.0,91.0,181.0,189.0,196.0,228.0,302.0,310.0,320.0,322.0,348.0,381.0,393.0,416.0,439.0,441.0,444.0,448.0,470.0,479.0,484.0,
32.0,36.0,39.0,72.0,118.0,135.0,169.0,222.0,225.0,261.0,304.0,334.0,490.0,499.0,
14.0,32.0,59.0,72.0,104.0,178.0,220.0,249.0,271.0,316.0,321.0,322.0,328.0,364.0,366.0,464.0,857.0,863.0,903.0,
27.0,48.0,51.0,109.0,133.0,151.0,173.0,176.0,193.0,236.0,240.0,243.0,266.0,277.0,300.0,306.0,402.0,411.0,426.0,428.0,460.0,885.0,
6.0,10.0,25.0,114.0,114.0,157.0,194.0,220.0,231.0,263.0,268.0,284.0,290.0,333.0,359.0,449.0,496.0,
6.0,12.0,31.0,108.0,157.0,231.0,248.0,249.0,270.0,278.0,298.0,351.0,357.0,419.0,451.0,451.0,510.0,522.0,567.0,578.0,636.0,649.0,658.0,683.0,690.0,699.0,755.0,760.0,765.0,802.0,807.0,808.0,839.0,844.0,846.0,853.0,872.0,928.0,928.0,938.0,962.0,964.0,967.0,983.0,983.0,992.0,
11.0,69.0,76.0,94.0,175.0,203.0,217.0,218.0,236.0,243.0,271.0,313.0,317.0,330.0,352.0,360.0,380.0,390.0,400.0,442.0,449.0,468.0,477.0,498.0,525.0,533.0,535.0,536.0,544.0,556.0,559.0,586.0,609.0,617.0,651.0,659.0,665.0,697.0,721.0,758.0,759.0,759.0,761.0,889.0,894.0,895.0,895.0,906.0,932.0,948.0,949.0,958.0,
9.0,12.0,121.0,121.0,126.0,165.0,199.0,249.0,249.0,257.0,284.0,347.0,350.0,350.0,386.0,413.0,454.0,470.0,485.0,492.0,504.0,519.0,541.0,597.0,604.0,668.0,677.0,687.0,701.0,755.0,803.0,805.0,836.0,839.0,863.0,874.0,908.0,969.0,
59.0,113.0,134.0,138.0,183.0,288.0,304.0,315.0,322.0,363.0,374.0,405.0,410.0,432.0,450.0,476.0,509.0,535.0,657.0,674.0,689.0,698.0,740.0,741.0,750.0,752.0,754.0,769.0,899.0,929.0,930.0,955.0,967.0,988.0,
16.0,32.0,114.0,114.0,125.0,152.0,156.0,165.0,238.0,254.0,261.0,269.0,293.0,315.0,331.0,337.0,344.0,386.0,391.0,396.0,409.0,429.0,634.0,717.0,721.0,744.0,768.0,781.0,787.0,789.0,861.0,880.0,
6.0,23.0,44.0,69.0,86.0,142.0,278.0,291.0,303.0,333.0,428.0,438.0,
6.0,15.0,40.0,72.0,79.0,114.0,155.0,168.0,172.0,197.0,206.0,215.0,296.0,337.0,411.0,448.0,448.0,483.0,510.0,893.0,965.0,981.0,
36.0,39.0,66.0,72.0,105.0,231.0,237.0,265.0,301.0,309.0,419.0,425.0,437.0,447.0,462.0,469.0,478.0,492.0,750.0,768.0,821.0,916.0,
2.0,8.0,60.0,105.0,118.0,147.0,164.0,210.0,218.0,255.0,303.0,364.0,389.0,420.0,478.0,489.0,948.0,
27.0,40.0,50.0,72.0,78.0,82.0,116.0,116.0,120.0,128.0,142.0,160.0,194.0,206.0,269.0,341.0,400.0,403.0,
40.0,86.0,90.0,134.0,139.0,145.0,166.0,218.0,253.0,293.0,313.0,345.0,394.0,411.0,456.0,609.0,630.0,680.0,694.0,736.0,742.0,752.0,793.0,879.0,919.0,982.0,986.0,
3.0,28.0,40.0,48.0,93.0,99.0,107.0,116.0,128.0,139.0,186.0,192.0,304.0,381.0,438.0,459.0,469.0,470.0,470.0,474.0,489.0,548.0,577.0,652.0,681.0,681.0,713.0,769.0,814.0,842.0,843.0,849.0,
21.0,119.0,125.0,129.0,134.0,149.0,201.0,204.0,209.0,224.0,249.0,263.0,291.0,347.0,366.0,427.0,458.0,467.0,545.0,584.0,593.0,593.0,604.0,607.0,665.0,672.0,701.0,710.0,722.0,727.0,742.0,744.0,758.0,770.0,782.0,818.0,830.0,873.0,888.0,906.0,940.0,957.0,968.0,975.0,981.0,
10.0,13.0,38.0,40.0,43.0,58.0,84.0,89.0,152.0,152.0,157.0,177.0,209.0,238.0,242.0,248.0,266.0,287.0,299.0,366.0,372.0,380.0,381.0,381.0,391.0,401.0,412.0,426.0,467.0,470.0,486.0,516.0,546.0,569.0,570.0,583.0,612.0,612.0,626.0,636.0,655.0,680.0,683.0,685.0,721.0,727.0,755.0,769.0,775.0,775.0,793.0,801.0,904.0,910.0,911.0,933.0,951.0,975.0,
74.0,102.0,116.0,176.0,187.0,227.0,228.0,235.0,275.0,279.0,298.0,310.0,312.0,352.0,395.0,405.0,407.0,433.0,449.0,458.0,467.0,475.0,555.0,570.0,572.0,584.0,615.0,635.0,708.0,779.0,788.0,798.0,826.0,851.0,855.0,883.0,886.0,898.0,951.0,1000.0,
74.0,88.0,97.0,105.0,127.0,188.0,189.0,259.0,348.0,366.0,426.0,456.0,479.0,493.0,506.0,
29.0,64.0,69.0,74.0,81.0,96.0,100.0,131.0,170.0,191.0,226.0,250.0,297.0,311.0,341.0,348.0,349.0,360.0,375.0,439.0,503.0,509.0,996.0,
13.0,37.0,80.0,106.0,121.0,194.0,205.0,250.0,316.0,324.0,340.0,352.0,368.0,422.0,438.0,442.0,447.0,466.0,800.0,
29.0,35.0,58.0,79.0,130.0,157.0,175.0,182.0,189.0,270.0,342.0,375.0,435.0,
51.0,115.0,126.0,131.0,139.0,170.0,189.0,200.0,212.0,229.0,244.0,310.0,363.0,374.0,384.0,415.0,446.0,483.0,
9.0,36.0,56.0,75.0,124.0,145.0,150.0,198.0,211.0,218.0,236.0,279.0,322.0,337.0,374.0,381.0,382.0,401.0,447.0,513.0,554.0,585.0,603.0,653.0,693.0,716.0,728.0,730.0,742.0,744.0,765.0,776.0,786.0,817.0,832.0,841.0,870.0,919.0,925.0,945.0,964.0,
16.0,42.0,55.0,75.0,99.0,99.0,109.0,111.0,130.0,144.0,201.0,214.0,252.0,282.0,312.0,315.0,344.0,397.0,449.0,477.0,553.0,565.0,569.0,575.0,578.0,584.0,618.0,623.0,646.0,663.0,686.0,723.0,769.0,817.0,820.0,827.0,897.0,897.0,950.0,
62.0,72.0,88.0,100.0,109.0,147.0,170.0,180.0,241.0,244.0,247.0,250.0,251.0,252.0,300.0,315.0,324.0,358.0,377.0,438.0,443.0,448.0,463.0,515.0,539.0,566.0,590.0,637.0,650.0,675.0,680.0,686.0,724.0,778.0,789.0,818.0,840.0,845.0,847.0,866.0,881.0,943.0,947.0,991.0,
5.0,15.0,22.0,31.0,99.0,111.0,117.0,202.0,206.0,207.0,217.0,234.0,367.0,394.0,397.0,421.0,422.0,431.0,464.0,470.0,510.0,541.0,609.0,636.0,641.0,708.0,727.0,760.0,828.0,891.0,900.0,922.0,992.0,
34.0,60.0,91.0,93.0,104.0,141.0,142.0,143.0,156.0,158.0,166.0,193.0,197.0,203.0,213.0,218.0,218.0,268.0,303.0,313.0,371.0,379.0,400.0,424.0,427.0,516.0,523.0,581.0,664.0,698.0,710.0,725.0,740.0,742.0,767.0,775.0,804.0,824.0,825.0,826.0,852.0,930.0,962.0,963.0,967.0,970.0,972.0,975.0,993.0,993.0,
42.0,49.0,57.0,62.0,95.0,127.0,130.0,186.0,216.0,216.0,216.0,224.0,314.0,315.0,318.0,324.0,324.0,341.0,384.0,394.0,421.0,425.0,432.0,445.0,465.0,507.0,714.0,764.0,821.0,862.0,911.0,956.0,956.0,
27.0,29.0,65.0,84.0,100.0,101.0,133.0,134.0,269.0,288.0,311.0,349.0,426.0,440.0,450.0,494.0,
17.0,31.0,88.0,133.0,150.0,177.0,191.0,195.0,210.0,221.0,226.0,286.0,292.0,297.0,342.0,348.0,356.0,358.0,390.0,440.0,454.0,464.0,503.0,
40.0,42.0,87.0,163.0,169.0,193.0,200.0,244.0,295.0,379.0,390.0,394.0,404.0,421.0,430.0,432.0,442.0,453.0,481.0,
37.0,45.0,77.0,130.0,134.0,134.0,151.0,207.0,244.0,251.0,283.0,298.0,321.0,352.0,382.0,395.0,420.0,468.0,628.0,641.0,679.0,681.0,689.0,734.0,796.0,909.0,941.0,974.0,986.0,989.0,
42.0,76.0,76.0,82.0,154.0,193.0,214.0,214.0,232.0,317.0,328.0,340.0,342.0,351.0,524.0,541.0,647.0,681.0,726.0,745.0,814.0,837.0,839.0,879.0,948.0,996.0,1000.0,
44.0,52.0,125.0,137.0,154.0,158.0,243.0,252.0,276.0,299.0,310.0,319.0,321.0,329.0,362.0,382.0,399.0,412.0,429.0,474.0,485.0,494.0,541.0,550.0,556.0,603.0,617.0,647.0,654.0,662.0,729.0,738.0,833.0,839.0,875.0,894.0,904.0,923.0,943.0,954.0,970.0,972.0,986.0,
25.0,75.0,107.0,156.0,164.0,171.0,178.0,216.0,217.0,242.0,251.0,264.0,332.0,360.0,450.0,506.0,559.0,568.0,573.0,588.0,607.0,652.0,704.0,710.0,747.0,785.0,815.0,868.0,889.0,922.0,956.0,
7.0,9.0,72.0,91.0,94.0,107.0,133.0,168.0,408.0,424.0,453.0,468.0,528.0,573.0,576.0,594.0,598.0,610.0,619.0,620.0,630.0,634.0,651.0,655.0,709.0,725.0,739.0,752.0,768.0,770.0,799.0,803.0,843.0,871.0,879.0,894.0,895.0,907.0,927.0,932.0,937.0,963.0,
60.0,85.0,90.0,96.0,142.0,149.0,174.0,179.0,190.0,219.0,223.0,249.0,285.0,310.0,342.0,388.0,413.0,436.0,437.0,479.0,495.0,528.0,558.0,605.0,616.0,688.0,695.0,700.0,793.0,797.0,822.0,841.0,888.0,902.0,905.0,934.0,978.0,
19.0,19.0,58.0,85.0,105.0,116.0,126.0,204.0,205.0,211.0,262.0,274.0,323.0,381.0,394.0,444.0,446.0,454.0,478.0,486.0,487.0,487.0,490.0,498.0,506.0,547.0,551.0,587.0,602.0,630.0,657.0,663.0,670.0,672.0,689.0,763.0,766.0,797.0,809.0,839.0,851.0,902.0,905.0,928.0,968.0,971.0,973.0,986.0,
6.0,34.0,120.0,127.0,192.0,203.0,212.0,232.0,245.0,256.0,264.0,268.0,298.0,309.0,390.0,428.0,452.0,484.0,508.0,528.0,529.0,560.0,592.0,612.0,633.0,667.0,668.0,706.0,710.0,713.0,714.0,718.0,781.0,808.0,816.0,844.0,850.0,857.0,898.0,903.0,912.0,916.0,938.0,945.0,962.0,981.0,985.0,993.0,
5.0,13.0,48.0,53.0,64.0,99.0,102.0,120.0,168.0,173.0,210.0,216.0,222.0,228.0,307.0,390.0,437.0,447.0,456.0,471.0,495.0,611.0,635.0,641.0,766.0,803.0,826.0,863.0,864.0,915.0,921.0,927.0,952.0,954.0,955.0,965.0,983.0,996.0,
17.0,92.0,126.0,201.0,267.0,271.0,283.0,309.0,360.0,372.0,388.0,420.0,445.0,460.0,484.0,508.0,510.0,510.0,552.0,584.0,647.0,667.0,675.0,731.0,736.0,749.0,772.0,777.0,793.0,823.0,841.0,861.0,864.0,868.0,956.0,956.0,960.0,969.0,983.0,984.0,
109.0,110.0,123.0,127.0,178.0,194.0,246.0,289.0,331.0,369.0,421.0,432.0,521.0,541.0,545.0,549.0,575.0,583.0,614.0,629.0,646.0,663.0,674.0,705.0,723.0,738.0,740.0,767.0,792.0,806.0,814.0,857.0,873.0,877.0,881.0,935.0,
20.0,55.0,78.0,176.0,179.0,192.0,219.0,232.0,269.0,314.0,323.0,325.0,334.0,335.0,383.0,452.0,500.0,508.0,655.0,668.0,670.0,771.0,776.0,795.0,813.0,841.0,857.0,873.0,876.0,877.0,898.0,913.0,953.0,954.0,958.0,973.0,979.0,979.0,
37.0,109.0,128.0,139.0,168.0,189.0,279.0,302.0,310.0,317.0,362.0,372.0,500.0,520.0,548.0,615.0,635.0,649.0,653.0,716.0,763.0,782.0,826.0,919.0,948.0,
21.0,51.0,58.0,58.0,224.0,237.0,262.0,282.0,322.0,355.0,416.0,424.0,446.0,449.0,457.0,500.0,524.0,570.0,575.0,585.0,591.0,594.0,637.0,647.0,668.0,763.0,787.0,813.0,823.0,826.0,879.0,921.0,967.0,968.0,977.0,992.0,994.0,
5.0,63.0,67.0,99.0,203.0,205.0,238.0,271.0,346.0,351.0,355.0,377.0,394.0,395.0,410.0,419.0,425.0,450.0,461.0,492.0,505.0,505.0,516.0,540.0,563.0,606.0,607.0,666.0,669.0,687.0,756.0,795.0,798.0,852.0,908.0,942.0,954.0,972.0,
14.0,29.0,72.0,125.0,156.0,163.0,200.0,201.0,233.0,248.0,287.0,366.0,414.0,463.0,473.0,535.0,581.0,608.0,633.0,641.0,649.0,656.0,659.0,756.0,770.0,773.0,829.0,866.0,873.0,895.0,953.0,
14.0,33.0,43.0,73.0,79.0,99.0,118.0,119.0,125.0,145.0,150.0,176.0,204.0,216.0,219.0,226.0,233.0,235.0,292.0,354.0,421.0,427.0,429.0,449.0,461.0,461.0,479.0,544.0,564.0,579.0,601.0,629.0,634.0,656.0,679.0,688.0,726.0,728.0,751.0,775.0,834.0,889.0,914.0,923.0,940.0,962.0,993.0,
11.0,16.0,17.0,30.0,45.0,50.0,70.0,177.0,183.0,185.0,204.0,235.0,267.0,302.0,321.0,326.0,329.0,339.0,358.0,381.0,398.0,404.0,496.0,496.0,564.0,568.0,575.0,620.0,662.0,692.0,702.0,714.0,714.0,720.0,727.0,740.0,885.0,915.0,934.0,940.0,948.0,952.0,991.0,
22.0,29.0,77.0,143.0,177.0,199.0,254.0,281.0,295.0,321.0,337.0,339.0,358.0,361.0,409.0,414.0,420.0,427.0,467.0,472.0,474.0,511.0,516.0,541.0,545.0,550.0,560.0,577.0,619.0,652.0,680.0,754.0,782.0,844.0,920.0,983.0,998.0,
8.0,16.0,45.0,90.0,121.0,140.0,162.0,218.0,231.0,291.0,294.0,372.0,448.0,471.0,596.0,658.0,662.0,679.0,730.0,756.0,820.0,864.0,866.0,877.0,879.0,881.0,929.0,960.0,972.0,988.0,
53.0,71.0,163.0,177.0,181.0,182.0,222.0,223.0,229.0,245.0,253.0,259.0,276.0,282.0,283.0,300.0,359.0,414.0,438.0,452.0,467.0,512.0,517.0,530.0,589.0,596.0,619.0,665.0,670.0,702.0,721.0,737.0,748.0,769.0,781.0,788.0,806.0,822.0,871.0,938.0,967.0,977.0,995.0,
23.0,25.0,76.0,112.0,134.0,154.0,161.0,162.0,163.0,230.0,270.0,299.0,343.0,369.0,406.0,407.0,443.0,446.0,482.0,496.0,502.0,592.0,601.0,608.0,632.0,666.0,675.0,683.0,710.0,722.0,732.0,733.0,750.0,750.0,771.0,806.0,814.0,848.0,892.0,915.0,956.0,958.0,984.0,
8.0,36.0,52.0,70.0,107.0,115.0,124.0,151.0,161.0,188.0,231.0,238.0,241.0,254.0,291.0,318.0,330.0,334.0,457.0,495.0,563.0,595.0,604.0,635.0,651.0,679.0,740.0,787.0,813.0,840.0,848.0,849.0,856.0,921.0,929.0,959.0,
