93.0,134.0,200.0,211.0,237.0,270.0,293.0,358.0,415.0,421.0,445.0,485.0,522.0,540.0,543.0,545.0,565.0,616.0,621.0,642.0,647.0,684.0,687.0,695.0,744.0,817.0,838.0,846.0,891.0,892.0,934.0,988.0,
9.0,68.0,129.0,130.0,144.0,177.0,314.0,316.0,348.0,522.0,550.0,556.0,557.0,578.0,581.0,659.0,666.0,743.0,819.0,829.0,853.0,854.0,865.0,886.0,920.0,933.0,975.0,984.0,
33.0,37.0,52.0,63.0,129.0,165.0,179.0,194.0,216.0,226.0,294.0,428.0,457.0,467.0,477.0,518.0,523.0,526.0,551.0,565.0,620.0,630.0,649.0,673.0,696.0,719.0,727.0,761.0,764.0,774.0,778.0,779.0,780.0,783.0,808.0,862.0,866.0,925.0,940.0,971.0,992.0,
9.0,46.0,58.0,74.0,94.0,95.0,98.0,182.0,264.0,307.0,307.0,335.0,341.0,416.0,420.0,438.0,449.0,467.0,576.0,587.0,630.0,653.0,654.0,689.0,691.0,695.0,700.0,749.0,808.0,848.0,866.0,
51.0,55.0,60.0,72.0,131.0,171.0,172.0,189.0,199.0,237.0,252.0,253.0,268.0,277.0,319.0,382.0,431.0,461.0,491.0,511.0,655.0,657.0,678.0,712.0,724.0,754.0,765.0,784.0,817.0,824.0,834.0,845.0,867.0,870.0,879.0,930.0,936.0,946.0,974.0,991.0,
5.0,104.0,151.0,188.0,194.0,232.0,265.0,278.0,294.0,330.0,331.0,346.0,379.0,397.0,400.0,410.0,436.0,465.0,469.0,487.0,495.0,499.0,506.0,509.0,538.0,555.0,559.0,562.0,568.0,591.0,595.0,646.0,659.0,736.0,759.0,786.0,800.0,847.0,898.0,912.0,918.0,949.0,973.0,978.0,982.0,
11.0,16.0,24.0,28.0,122.0,163.0,163.0,215.0,237.0,239.0,240.0,244.0,256.0,268.0,271.0,275.0,286.0,303.0,308.0,326.0,351.0,391.0,404.0,459.0,492.0,492.0,496.0,528.0,554.0,586.0,595.0,599.0,602.0,608.0,629.0,639.0,648.0,678.0,691.0,694.0,723.0,732.0,737.0,754.0,778.0,799.0,804.0,857.0,921.0,932.0,953.0,958.0,
9.0,97.0,102.0,165.0,207.0,233.0,264.0,282.0,299.0,312.0,315.0,323.0,358.0,372.0,404.0,431.0,434.0,476.0,564.0,575.0,596.0,598.0,621.0,666.0,672.0,689.0,699.0,711.0,720.0,745.0,762.0,765.0,827.0,830.0,856.0,900.0,924.0,932.0,940.0,
28.0,77.0,96.0,118.0,118.0,135.0,189.0,210.0,211.0,255.0,264.0,274.0,350.0,353.0,356.0,370.0,391.0,487.0,493.0,507.0,523.0,543.0,550.0,604.0,618.0,639.0,649.0,656.0,670.0,686.0,729.0,731.0,755.0,801.0,814.0,875.0,878.0,918.0,975.0,
39.0,42.0,44.0,51.0,56.0,81.0,93.0,97.0,115.0,119.0,135.0,218.0,334.0,344.0,369.0,429.0,443.0,533.0,543.0,555.0,663.0,810.0,826.0,844.0,849.0,857.0,876.0,893.0,954.0,971.0,977.0,
42.0,93.0,156.0,221.0,222.0,225.0,262.0,265.0,282.0,318.0,378.0,431.0,460.0,470.0,531.0,561.0,609.0,630.0,637.0,637.0,647.0,647.0,697.0,712.0,733.0,746.0,813.0,822.0,830.0,845.0,856.0,862.0,903.0,
6.0,32.0,57.0,84.0,128.0,145.0,172.0,184.0,247.0,259.0,264.0,283.0,299.0,311.0,336.0,406.0,498.0,512.0,580.0,593.0,631.0,649.0,666.0,690.0,696.0,714.0,769.0,773.0,786.0,810.0,878.0,892.0,892.0,896.0,903.0,
4.0,12.0,16.0,43.0,79.0,92.0,107.0,129.0,137.0,153.0,190.0,195.0,218.0,227.0,241.0,252.0,287.0,298.0,303.0,309.0,332.0,340.0,341.0,348.0,419.0,429.0,447.0,473.0,481.0,512.0,517.0,531.0,581.0,619.0,626.0,656.0,660.0,673.0,696.0,703.0,730.0,740.0,751.0,795.0,804.0,807.0,815.0,821.0,825.0,875.0,882.0,908.0,922.0,954.0,959.0,984.0,
24.0,43.0,44.0,99.0,109.0,138.0,219.0,262.0,295.0,298.0,309.0,335.0,336.0,343.0,378.0,419.0,431.0,454.0,487.0,564.0,595.0,604.0,625.0,658.0,662.0,674.0,698.0,727.0,729.0,737.0,739.0,769.0,800.0,894.0,917.0,924.0,932.0,956.0,981.0,984.0,986.0,
5.0,9.0,24.0,33.0,43.0,52.0,74.0,79.0,127.0,133.0,135.0,157.0,195.0,222.0,237.0,279.0,283.0,319.0,323.0,329.0,333.0,337.0,351.0,391.0,395.0,400.0,425.0,445.0,463.0,494.0,503.0,618.0,626.0,710.0,745.0,777.0,796.0,800.0,807.0,834.0,838.0,848.0,931.0,936.0,952.0,962.0,
57.0,69.0,99.0,184.0,188.0,215.0,222.0,226.0,263.0,284.0,297.0,321.0,343.0,345.0,386.0,408.0,433.0,470.0,508.0,640.0,702.0,839.0,948.0,
11.0,29.0,37.0,53.0,60.0,74.0,75.0,81.0,90.0,91.0,98.0,152.0,225.0,226.0,255.0,302.0,330.0,334.0,337.0,360.0,381.0,394.0,402.0,431.0,463.0,502.0,624.0,633.0,697.0,722.0,758.0,760.0,820.0,854.0,855.0,933.0,970.0,990.0,
5.0,13.0,34.0,51.0,52.0,61.0,99.0,106.0,134.0,136.0,139.0,142.0,184.0,198.0,219.0,272.0,284.0,297.0,331.0,376.0,409.0,417.0,451.0,458.0,472.0,476.0,514.0,600.0,612.0,613.0,690.0,694.0,765.0,780.0,830.0,894.0,902.0,931.0,953.0,962.0,965.0,984.0,
12.0,19.0,23.0,30.0,32.0,35.0,73.0,88.0,131.0,165.0,165.0,281.0,330.0,332.0,332.0,364.0,407.0,410.0,410.0,417.0,478.0,511.0,530.0,532.0,549.0,575.0,595.0,615.0,618.0,619.0,621.0,639.0,647.0,651.0,745.0,762.0,763.0,767.0,797.0,817.0,823.0,845.0,877.0,882.0,926.0,927.0,959.0,964.0,974.0,
85.0,102.0,276.0,277.0,304.0,310.0,310.0,364.0,373.0,404.0,450.0,494.0,515.0,516.0,521.0,535.0,547.0,594.0,619.0,651.0,662.0,672.0,706.0,710.0,784.0,837.0,840.0,844.0,853.0,859.0,885.0,915.0,919.0,987.0,988.0,
89.0,128.0,150.0,161.0,168.0,227.0,253.0,266.0,331.0,333.0,383.0,396.0,416.0,417.0,435.0,445.0,467.0,484.0,564.0,598.0,647.0,667.0,669.0,686.0,711.0,720.0,722.0,767.0,777.0,790.0,832.0,855.0,893.0,902.0,941.0,
67.0,157.0,275.0,337.0,340.0,385.0,407.0,441.0,461.0,517.0,548.0,553.0,560.0,572.0,586.0,622.0,624.0,658.0,668.0,677.0,687.0,714.0,726.0,762.0,769.0,824.0,838.0,864.0,981.0,989.0,996.0,999.0,1000.0,
49.0,60.0,84.0,92.0,97.0,105.0,227.0,236.0,248.0,252.0,265.0,345.0,348.0,361.0,363.0,490.0,582.0,605.0,631.0,679.0,682.0,700.0,706.0,720.0,764.0,800.0,801.0,806.0,820.0,852.0,868.0,895.0,948.0,
24.0,48.0,52.0,63.0,63.0,63.0,103.0,166.0,271.0,284.0,289.0,293.0,351.0,364.0,371.0,378.0,382.0,389.0,423.0,801.0,806.0,988.0,
69.0,153.0,192.0,208.0,255.0,310.0,320.0,383.0,403.0,409.0,446.0,461.0,480.0,503.0,
10.0,13.0,55.0,73.0,83.0,95.0,118.0,142.0,214.0,248.0,263.0,343.0,366.0,390.0,411.0,480.0,487.0,
27.0,53.0,71.0,148.0,165.0,203.0,265.0,269.0,279.0,304.0,319.0,358.0,402.0,409.0,466.0,476.0,502.0,
4.0,52.0,57.0,66.0,84.0,109.0,112.0,133.0,146.0,168.0,179.0,202.0,216.0,234.0,303.0,310.0,323.0,330.0,336.0,354.0,382.0,397.0,425.0,437.0,442.0,481.0,
2.0,36.0,38.0,59.0,79.0,92.0,136.0,239.0,292.0,302.0,323.0,336.0,361.0,368.0,458.0,463.0,481.0,486.0,504.0,661.0,665.0,672.0,677.0,726.0,738.0,787.0,824.0,825.0,848.0,859.0,867.0,869.0,879.0,900.0,951.0,964.0,974.0,983.0,
39.0,40.0,41.0,44.0,62.0,71.0,81.0,82.0,94.0,118.0,125.0,205.0,236.0,281.0,326.0,374.0,378.0,392.0,431.0,482.0,498.0,507.0,587.0,593.0,607.0,657.0,669.0,675.0,735.0,736.0,754.0,764.0,786.0,841.0,845.0,885.0,918.0,934.0,945.0,
17.0,24.0,65.0,166.0,168.0,168.0,194.0,217.0,260.0,285.0,302.0,314.0,349.0,363.0,400.0,414.0,425.0,457.0,476.0,488.0,497.0,506.0,587.0,603.0,647.0,686.0,741.0,748.0,755.0,779.0,782.0,809.0,812.0,815.0,820.0,827.0,830.0,885.0,894.0,908.0,936.0,953.0,960.0,983.0,
79.0,110.0,164.0,170.0,192.0,244.0,294.0,321.0,353.0,363.0,379.0,419.0,463.0,476.0,477.0,479.0,486.0,581.0,646.0,684.0,693.0,706.0,723.0,737.0,748.0,772.0,774.0,809.0,868.0,899.0,902.0,912.0,941.0,942.0,946.0,956.0,965.0,968.0,
4.0,15.0,52.0,104.0,107.0,146.0,147.0,211.0,212.0,213.0,219.0,244.0,260.0,261.0,290.0,325.0,334.0,368.0,385.0,434.0,441.0,447.0,457.0,458.0,
42.0,95.0,123.0,127.0,171.0,188.0,198.0,198.0,220.0,261.0,301.0,325.0,340.0,361.0,377.0,392.0,410.0,442.0,460.0,461.0,477.0,502.0,846.0,
22.0,27.0,30.0,50.0,68.0,77.0,94.0,111.0,128.0,131.0,133.0,181.0,200.0,228.0,312.0,312.0,332.0,388.0,459.0,505.0,741.0,929.0,964.0,
30.0,88.0,99.0,112.0,115.0,133.0,271.0,283.0,295.0,313.0,322.0,327.0,327.0,379.0,383.0,384.0,451.0,455.0,458.0,473.0,484.0,500.0,788.0,792.0,856.0,865.0,
65.0,74.0,89.0,102.0,169.0,272.0,283.0,313.0,316.0,350.0,351.0,384.0,393.0,419.0,421.0,476.0,491.0,495.0,810.0,869.0,917.0,
5.0,20.0,54.0,132.0,146.0,154.0,172.0,177.0,203.0,216.0,231.0,239.0,275.0,319.0,327.0,329.0,352.0,357.0,399.0,422.0,422.0,429.0,444.0,449.0,490.0,491.0,
65.0,79.0,81.0,88.0,92.0,131.0,156.0,214.0,234.0,239.0,273.0,284.0,390.0,454.0,464.0,478.0,484.0,501.0,920.0,
40.0,56.0,65.0,72.0,89.0,141.0,158.0,162.0,165.0,172.0,174.0,212.0,225.0,303.0,323.0,388.0,442.0,459.0,459.0,481.0,494.0,507.0,549.0,551.0,561.0,578.0,590.0,643.0,669.0,688.0,704.0,714.0,737.0,765.0,769.0,777.0,794.0,798.0,811.0,825.0,831.0,835.0,854.0,865.0,879.0,896.0,906.0,916.0,924.0,951.0,960.0,968.0,976.0,977.0,
2.0,21.0,25.0,81.0,86.0,101.0,120.0,124.0,127.0,128.0,143.0,178.0,205.0,247.0,297.0,313.0,323.0,329.0,359.0,381.0,416.0,419.0,424.0,659.0,659.0,665.0,671.0,722.0,737.0,738.0,763.0,769.0,778.0,799.0,816.0,860.0,865.0,868.0,891.0,898.0,920.0,961.0,968.0,998.0,
29.0,60.0,66.0,112.0,149.0,202.0,238.0,240.0,245.0,248.0,249.0,268.0,299.0,314.0,320.0,329.0,331.0,403.0,429.0,459.0,478.0,672.0,818.0,836.0,857.0,867.0,917.0,985.0,
47.0,62.0,78.0,143.0,205.0,215.0,216.0,260.0,263.0,276.0,318.0,335.0,355.0,391.0,397.0,425.0,433.0,509.0,
8.0,20.0,66.0,79.0,82.0,107.0,179.0,281.0,318.0,321.0,328.0,341.0,381.0,381.0,421.0,439.0,477.0,797.0,996.0,
26.0,87.0,91.0,100.0,157.0,169.0,200.0,215.0,249.0,271.0,277.0,282.0,302.0,307.0,321.0,346.0,396.0,399.0,400.0,408.0,470.0,471.0,479.0,799.0,857.0,884.0,908.0,926.0,956.0,980.0,
26.0,54.0,77.0,158.0,200.0,214.0,239.0,256.0,273.0,295.0,296.0,313.0,320.0,339.0,395.0,441.0,446.0,819.0,868.0,902.0,
28.0,56.0,61.0,68.0,80.0,100.0,175.0,195.0,205.0,207.0,241.0,261.0,284.0,318.0,335.0,338.0,410.0,425.0,442.0,463.0,489.0,495.0,763.0,836.0,875.0,883.0,966.0,
9.0,14.0,119.0,165.0,218.0,227.0,233.0,236.0,274.0,286.0,294.0,302.0,310.0,311.0,353.0,407.0,412.0,418.0,468.0,472.0,477.0,802.0,842.0,
5.0,6.0,72.0,82.0,83.0,204.0,289.0,294.0,352.0,396.0,425.0,429.0,467.0,
45.0,81.0,122.0,130.0,147.0,148.0,218.0,230.0,262.0,308.0,353.0,358.0,369.0,384.0,406.0,444.0,487.0,488.0,495.0,497.0,506.0,508.0,513.0,639.0,657.0,683.0,725.0,742.0,743.0,767.0,776.0,777.0,785.0,802.0,804.0,819.0,832.0,834.0,855.0,884.0,900.0,904.0,925.0,945.0,958.0,980.0,
76.0,79.0,93.0,182.0,201.0,207.0,219.0,265.0,274.0,278.0,296.0,329.0,369.0,427.0,445.0,464.0,473.0,487.0,526.0,546.0,549.0,566.0,574.0,589.0,594.0,601.0,602.0,606.0,616.0,630.0,631.0,672.0,695.0,764.0,772.0,834.0,846.0,890.0,925.0,926.0,926.0,939.0,961.0,
115.0,136.0,147.0,181.0,181.0,192.0,205.0,234.0,277.0,296.0,315.0,321.0,355.0,367.0,372.0,406.0,410.0,499.0,676.0,685.0,723.0,780.0,783.0,817.0,826.0,835.0,894.0,924.0,978.0,
27.0,117.0,126.0,157.0,313.0,399.0,420.0,473.0,489.0,
18.0,20.0,20.0,53.0,58.0,71.0,112.0,204.0,223.0,239.0,240.0,261.0,292.0,309.0,339.0,349.0,397.0,417.0,418.0,439.0,473.0,489.0,837.0,912.0,977.0,
14.0,48.0,65.0,99.0,134.0,219.0,219.0,234.0,300.0,323.0,336.0,350.0,350.0,391.0,431.0,896.0,901.0,904.0,995.0,
12.0,38.0,43.0,108.0,132.0,141.0,159.0,175.0,184.0,188.0,224.0,239.0,293.0,304.0,363.0,383.0,391.0,416.0,433.0,450.0,479.0,491.0,496.0,505.0,888.0,
31.0,45.0,47.0,66.0,97.0,185.0,261.0,261.0,288.0,305.0,318.0,351.0,473.0,718.0,844.0,913.0,
4.0,78.0,81.0,148.0,148.0,183.0,186.0,291.0,303.0,332.0,334.0,341.0,374.0,417.0,422.0,435.0,453.0,461.0,469.0,470.0,859.0,981.0,1000.0,
142.0,156.0,158.0,175.0,196.0,197.0,201.0,215.0,242.0,282.0,300.0,306.0,327.0,345.0,354.0,405.0,429.0,443.0,444.0,485.0,490.0,
19.0,155.0,209.0,229.0,233.0,276.0,337.0,354.0,355.0,490.0,735.0,763.0,770.0,796.0,830.0,830.0,842.0,846.0,869.0,946.0,979.0,981.0,
16.0,20.0,20.0,22.0,58.0,88.0,95.0,110.0,264.0,288.0,310.0,387.0,416.0,428.0,478.0,482.0,486.0,512.0,536.0,545.0,566.0,602.0,624.0,641.0,652.0,655.0,701.0,705.0,800.0,844.0,863.0,874.0,913.0,939.0,
7.0,17.0,85.0,100.0,105.0,113.0,172.0,175.0,180.0,185.0,191.0,282.0,309.0,334.0,366.0,454.0,476.0,502.0,507.0,513.0,678.0,694.0,705.0,722.0,797.0,818.0,859.0,914.0,940.0,941.0,962.0,993.0,1000.0,
91.0,133.0,158.0,198.0,210.0,220.0,235.0,244.0,316.0,340.0,378.0,378.0,398.0,405.0,406.0,410.0,
22.0,28.0,45.0,59.0,62.0,77.0,83.0,85.0,99.0,126.0,156.0,169.0,173.0,188.0,212.0,227.0,238.0,258.0,266.0,336.0,344.0,357.0,390.0,395.0,408.0,468.0,504.0,809.0,839.0,992.0,
9.0,19.0,31.0,68.0,98.0,115.0,151.0,169.0,173.0,233.0,281.0,284.0,370.0,370.0,390.0,404.0,456.0,458.0,501.0,879.0,900.0,988.0,
47.0,77.0,129.0,231.0,246.0,255.0,274.0,279.0,300.0,308.0,335.0,370.0,391.0,424.0,472.0,810.0,915.0,961.0,
30.0,33.0,46.0,48.0,88.0,115.0,192.0,202.0,267.0,273.0,314.0,341.0,410.0,451.0,465.0,473.0,756.0,787.0,794.0,
20.0,20.0,61.0,61.0,67.0,92.0,94.0,101.0,133.0,175.0,175.0,230.0,251.0,267.0,281.0,288.0,294.0,345.0,349.0,396.0,406.0,457.0,471.0,482.0,747.0,866.0,867.0,
46.0,105.0,106.0,113.0,124.0,126.0,146.0,180.0,218.0,298.0,374.0,420.0,425.0,426.0,469.0,470.0,473.0,484.0,
22.0,68.0,78.0,98.0,104.0,162.0,165.0,176.0,244.0,251.0,267.0,282.0,286.0,341.0,385.0,469.0,474.0,481.0,488.0,490.0,491.0,605.0,659.0,689.0,716.0,757.0,783.0,810.0,814.0,899.0,980.0,992.0,995.0,
7.0,24.0,51.0,53.0,108.0,222.0,255.0,258.0,284.0,320.0,321.0,381.0,387.0,409.0,422.0,515.0,538.0,557.0,610.0,640.0,641.0,652.0,655.0,671.0,684.0,688.0,698.0,700.0,750.0,775.0,839.0,844.0,871.0,875.0,944.0,976.0,981.0,
8.0,12.0,39.0,48.0,180.0,198.0,216.0,256.0,257.0,287.0,299.0,306.0,363.0,377.0,400.0,415.0,429.0,436.0,437.0,513.0,526.0,548.0,565.0,574.0,595.0,700.0,709.0,781.0,824.0,845.0,868.0,935.0,938.0,939.0,947.0,974.0,994.0,
9.0,30.0,118.0,125.0,129.0,146.0,165.0,209.0,235.0,239.0,289.0,336.0,357.0,374.0,400.0,440.0,444.0,453.0,473.0,475.0,488.0,
109.0,161.0,188.0,188.0,192.0,194.0,220.0,243.0,277.0,289.0,355.0,356.0,375.0,377.0,416.0,425.0,439.0,442.0,443.0,452.0,457.0,458.0,
15.0,36.0,44.0,84.0,101.0,146.0,180.0,186.0,281.0,301.0,320.0,326.0,329.0,346.0,346.0,387.0,392.0,457.0,488.0,761.0,865.0,954.0,985.0,
65.0,77.0,106.0,140.0,182.0,240.0,242.0,261.0,297.0,302.0,311.0,349.0,356.0,380.0,381.0,451.0,452.0,456.0,774.0,800.0,885.0,895.0,958.0,974.0,
31.0,64.0,64.0,79.0,110.0,140.0,175.0,194.0,202.0,222.0,273.0,328.0,333.0,345.0,389.0,422.0,434.0,472.0,482.0,
18.0,21.0,25.0,32.0,91.0,164.0,222.0,223.0,229.0,229.0,231.0,249.0,318.0,347.0,386.0,399.0,400.0,412.0,421.0,471.0,475.0,
4.0,24.0,49.0,52.0,123.0,183.0,201.0,238.0,249.0,269.0,277.0,284.0,300.0,303.0,333.0,334.0,365.0,371.0,377.0,405.0,425.0,437.0,446.0,449.0,463.0,482.0,500.0,
20.0,50.0,63.0,84.0,103.0,109.0,125.0,188.0,201.0,202.0,209.0,247.0,272.0,322.0,333.0,333.0,354.0,358.0,375.0,387.0,387.0,387.0,409.0,482.0,520.0,521.0,573.0,614.0,623.0,627.0,688.0,691.0,691.0,692.0,716.0,728.0,749.0,775.0,783.0,808.0,868.0,908.0,911.0,934.0,955.0,960.0,972.0,978.0,
46.0,75.0,78.0,87.0,95.0,123.0,177.0,181.0,230.0,275.0,312.0,355.0,356.0,356.0,401.0,405.0,409.0,478.0,487.0,517.0,542.0,549.0,558.0,569.0,571.0,610.0,611.0,618.0,633.0,657.0,667.0,681.0,715.0,722.0,741.0,752.0,770.0,770.0,775.0,809.0,826.0,846.0,847.0,851.0,880.0,920.0,922.0,996.0,
25.0,27.0,59.0,154.0,207.0,218.0,220.0,235.0,245.0,249.0,271.0,283.0,283.0,319.0,368.0,375.0,382.0,392.0,438.0,454.0,479.0,499.0,511.0,523.0,562.0,574.0,574.0,635.0,718.0,753.0,774.0,791.0,805.0,833.0,861.0,893.0,904.0,927.0,973.0,973.0,
35.0,47.0,118.0,171.0,178.0,193.0,261.0,301.0,326.0,361.0,402.0,469.0,487.0,490.0,586.0,615.0,669.0,672.0,712.0,750.0,764.0,772.0,781.0,809.0,860.0,888.0,907.0,912.0,924.0,924.0,928.0,987.0,
29.0,61.0,74.0,78.0,122.0,124.0,166.0,289.0,313.0,326.0,341.0,374.0,399.0,444.0,487.0,
4.0,17.0,35.0,50.0,94.0,102.0,118.0,119.0,119.0,127.0,157.0,165.0,174.0,187.0,194.0,200.0,230.0,240.0,261.0,289.0,413.0,467.0,487.0,
13.0,41.0,71.0,90.0,90.0,91.0,92.0,96.0,129.0,133.0,190.0,242.0,242.0,248.0,272.0,306.0,323.0,353.0,358.0,379.0,394.0,
28.0,118.0,129.0,147.0,227.0,236.0,242.0,251.0,252.0,288.0,379.0,
27.0,116.0,119.0,122.0,139.0,159.0,213.0,253.0,274.0,290.0,311.0,320.0,376.0,413.0,487.0,506.0,804.0,928.0,
14.0,24.0,30.0,48.0,49.0,62.0,85.0,109.0,118.0,122.0,138.0,185.0,198.0,219.0,229.0,249.0,250.0,298.0,379.0,395.0,411.0,423.0,428.0,434.0,453.0,457.0,577.0,577.0,642.0,649.0,716.0,737.0,746.0,767.0,774.0,782.0,808.0,814.0,814.0,815.0,851.0,900.0,909.0,
2.0,6.0,22.0,144.0,155.0,156.0,174.0,183.0,206.0,213.0,234.0,313.0,358.0,379.0,394.0,433.0,454.0,482.0,497.0,586.0,614.0,620.0,623.0,667.0,671.0,748.0,786.0,792.0,809.0,827.0,843.0,889.0,893.0,898.0,915.0,928.0,
20.0,47.0,92.0,120.0,135.0,141.0,178.0,189.0,195.0,212.0,215.0,219.0,236.0,244.0,300.0,300.0,311.0,373.0,413.0,419.0,458.0,461.0,475.0,498.0,505.0,563.0,613.0,629.0,652.0,656.0,682.0,711.0,719.0,720.0,728.0,774.0,780.0,872.0,899.0,922.0,927.0,930.0,931.0,934.0,944.0,957.0,966.0,973.0,
59.0,97.0,101.0,117.0,125.0,126.0,165.0,266.0,285.0,290.0,308.0,391.0,396.0,402.0,411.0,417.0,460.0,527.0,624.0,751.0,760.0,790.0,833.0,886.0,903.0,937.0,952.0,987.0,
22.0,42.0,58.0,68.0,98.0,99.0,134.0,134.0,146.0,182.0,183.0,250.0,251.0,286.0,296.0,342.0,367.0,370.0,401.0,427.0,432.0,446.0,504.0,532.0,557.0,558.0,573.0,586.0,647.0,671.0,682.0,689.0,696.0,700.0,744.0,784.0,795.0,801.0,831.0,853.0,866.0,873.0,894.0,897.0,973.0,996.0,
9.0,82.0,90.0,159.0,215.0,242.0,248.0,257.0,315.0,332.0,349.0,374.0,395.0,469.0,495.0,602.0,688.0,702.0,713.0,724.0,728.0,747.0,756.0,795.0,805.0,835.0,856.0,885.0,927.0,964.0,991.0,
23.0,107.0,136.0,159.0,169.0,192.0,193.0,272.0,309.0,319.0,323.0,343.0,365.0,391.0,409.0,451.0,472.0,508.0,515.0,620.0,654.0,670.0,715.0,750.0,771.0,825.0,839.0,842.0,861.0,863.0,873.0,891.0,896.0,933.0,933.0,949.0,952.0,958.0,971.0,980.0,988.0,989.0,997.0,997.0,
3.0,10.0,42.0,44.0,62.0,153.0,225.0,345.0,354.0,358.0,365.0,370.0,395.0,417.0,423.0,439.0,690.0,719.0,729.0,740.0,749.0,846.0,867.0,871.0,879.0,886.0,891.0,900.0,951.0,
6.0,45.0,48.0,53.0,72.0,139.0,140.0,143.0,159.0,280.0,288.0,320.0,385.0,391.0,428.0,436.0,463.0,481.0,492.0,640.0,650.0,650.0,706.0,721.0,762.0,772.0,780.0,824.0,830.0,869.0,892.0,
55.0,71.0,73.0,80.0,148.0,155.0,164.0,269.0,341.0,348.0,376.0,449.0,455.0,457.0,477.0,489.0,502.0,534.0,569.0,593.0,611.0,614.0,620.0,627.0,673.0,683.0,700.0,732.0,783.0,789.0,795.0,814.0,842.0,845.0,864.0,871.0,934.0,934.0,938.0,970.0,
3.0,11.0,54.0,61.0,68.0,129.0,132.0,180.0,206.0,219.0,230.0,254.0,257.0,267.0,270.0,293.0,325.0,331.0,376.0,398.0,412.0,418.0,617.0,618.0,620.0,649.0,663.0,696.0,698.0,701.0,713.0,725.0,742.0,756.0,763.0,770.0,774.0,785.0,800.0,854.0,854.0,891.0,894.0,895.0,952.0,955.0,
11.0,49.0,54.0,141.0,190.0,219.0,233.0,281.0,330.0,359.0,370.0,392.0,400.0,435.0,463.0,519.0,528.0,601.0,608.0,619.0,653.0,658.0,659.0,660.0,668.0,693.0,741.0,805.0,827.0,827.0,828.0,855.0,897.0,909.0,916.0,918.0,930.0,932.0,940.0,941.0,966.0,
