5.0,52.0,69.0,120.0,126.0,255.0,257.0,317.0,325.0,381.0,424.0,430.0,438.0,445.0,513.0,519.0,533.0,571.0,595.0,622.0,741.0,745.0,745.0,749.0,756.0,830.0,830.0,856.0,888.0,909.0,945.0,982.0,990.0,
12.0,25.0,39.0,40.0,86.0,119.0,125.0,128.0,138.0,164.0,170.0,205.0,205.0,231.0,288.0,318.0,322.0,327.0,329.0,354.0,359.0,373.0,502.0,512.0,518.0,523.0,524.0,541.0,612.0,638.0,643.0,710.0,761.0,763.0,783.0,839.0,844.0,879.0,901.0,939.0,943.0,946.0,948.0,953.0,
16.0,55.0,58.0,81.0,93.0,107.0,140.0,145.0,154.0,179.0,183.0,192.0,205.0,230.0,259.0,272.0,273.0,301.0,322.0,360.0,409.0,414.0,429.0,442.0,472.0,475.0,507.0,562.0,585.0,594.0,599.0,619.0,628.0,634.0,666.0,687.0,729.0,821.0,824.0,906.0,929.0,931.0,979.0,
3.0,23.0,27.0,61.0,133.0,162.0,180.0,190.0,207.0,243.0,356.0,386.0,397.0,398.0,469.0,484.0,507.0,517.0,533.0,600.0,600.0,601.0,630.0,661.0,693.0,696.0,714.0,758.0,769.0,769.0,785.0,801.0,920.0,929.0,
5.0,14.0,58.0,70.0,84.0,98.0,101.0,135.0,135.0,175.0,191.0,201.0,274.0,290.0,301.0,311.0,336.0,370.0,386.0,425.0,436.0,437.0,444.0,452.0,462.0,508.0,513.0,517.0,577.0,606.0,622.0,713.0,864.0,873.0,887.0,889.0,911.0,957.0,
9.0,12.0,50.0,68.0,81.0,154.0,155.0,167.0,171.0,177.0,196.0,199.0,237.0,259.0,267.0,272.0,287.0,324.0,342.0,360.0,361.0,371.0,415.0,447.0,460.0,479.0,512.0,565.0,608.0,629.0,640.0,658.0,668.0,683.0,704.0,710.0,726.0,743.0,786.0,808.0,890.0,903.0,907.0,910.0,913.0,923.0,924.0,925.0,931.0,
4.0,5.0,9.0,37.0,41.0,43.0,77.0,80.0,88.0,103.0,140.0,148.0,170.0,208.0,211.0,277.0,301.0,330.0,367.0,375.0,422.0,443.0,461.0,464.0,467.0,476.0,494.0,496.0,514.0,591.0,633.0,641.0,642.0,689.0,693.0,712.0,734.0,742.0,744.0,749.0,793.0,843.0,894.0,948.0,977.0,
9.0,34.0,50.0,53.0,57.0,78.0,144.0,271.0,279.0,374.0,401.0,414.0,414.0,440.0,462.0,632.0,669.0,688.0,705.0,737.0,743.0,762.0,788.0,797.0,827.0,835.0,845.0,906.0,954.0,985.0,
21.0,63.0,83.0,87.0,106.0,172.0,180.0,192.0,195.0,262.0,283.0,285.0,289.0,296.0,299.0,323.0,334.0,374.0,427.0,462.0,575.0,580.0,589.0,604.0,640.0,641.0,682.0,695.0,697.0,702.0,722.0,806.0,887.0,902.0,916.0,947.0,991.0,
44.0,57.0,58.0,82.0,103.0,123.0,159.0,163.0,196.0,293.0,316.0,323.0,328.0,343.0,343.0,360.0,428.0,455.0,478.0,496.0,499.0,517.0,542.0,560.0,566.0,574.0,612.0,618.0,633.0,644.0,715.0,770.0,779.0,805.0,858.0,886.0,900.0,921.0,996.0,
34.0,47.0,63.0,79.0,125.0,200.0,208.0,215.0,264.0,286.0,299.0,356.0,365.0,374.0,400.0,426.0,432.0,490.0,527.0,550.0,556.0,557.0,590.0,591.0,595.0,627.0,640.0,650.0,697.0,721.0,776.0,782.0,824.0,827.0,863.0,881.0,903.0,986.0,989.0,993.0,
71.0,111.0,120.0,190.0,201.0,223.0,228.0,247.0,250.0,270.0,296.0,313.0,328.0,359.0,369.0,408.0,432.0,531.0,595.0,608.0,634.0,636.0,640.0,662.0,667.0,669.0,710.0,723.0,726.0,753.0,760.0,808.0,831.0,835.0,857.0,878.0,880.0,902.0,924.0,969.0,972.0,
22.0,30.0,35.0,68.0,69.0,117.0,117.0,141.0,201.0,220.0,240.0,287.0,304.0,306.0,324.0,336.0,357.0,361.0,362.0,423.0,586.0,622.0,624.0,650.0,673.0,683.0,775.0,784.0,797.0,805.0,840.0,841.0,853.0,872.0,876.0,949.0,986.0,
17.0,45.0,53.0,55.0,88.0,124.0,136.0,164.0,190.0,240.0,263.0,271.0,276.0,291.0,308.0,315.0,335.0,336.0,351.0,367.0,424.0,445.0,528.0,615.0,629.0,779.0,801.0,806.0,810.0,820.0,864.0,927.0,950.0,953.0,987.0,
25.0,57.0,70.0,71.0,104.0,114.0,142.0,217.0,229.0,230.0,273.0,313.0,314.0,332.0,333.0,345.0,389.0,400.0,412.0,439.0,476.0,479.0,527.0,565.0,578.0,608.0,610.0,626.0,632.0,698.0,702.0,743.0,746.0,777.0,817.0,849.0,894.0,900.0,972.0,996.0,
28.0,59.0,103.0,142.0,174.0,181.0,280.0,311.0,331.0,340.0,350.0,400.0,410.0,430.0,434.0,438.0,474.0,510.0,531.0,534.0,538.0,591.0,592.0,603.0,609.0,696.0,704.0,714.0,742.0,768.0,774.0,779.0,793.0,793.0,817.0,849.0,878.0,915.0,941.0,958.0,974.0,
31.0,34.0,39.0,65.0,80.0,103.0,143.0,147.0,238.0,282.0,311.0,318.0,428.0,457.0,461.0,464.0,466.0,513.0,540.0,570.0,604.0,668.0,680.0,700.0,704.0,719.0,723.0,757.0,798.0,798.0,799.0,831.0,831.0,845.0,856.0,859.0,869.0,873.0,896.0,913.0,960.0,992.0,
37.0,49.0,57.0,121.0,197.0,201.0,230.0,327.0,355.0,388.0,390.0,397.0,456.0,479.0,492.0,525.0,594.0,629.0,642.0,667.0,687.0,706.0,794.0,807.0,822.0,825.0,829.0,899.0,908.0,916.0,950.0,965.0,968.0,
17.0,78.0,130.0,156.0,164.0,168.0,181.0,182.0,266.0,292.0,302.0,323.0,342.0,368.0,377.0,416.0,432.0,462.0,462.0,473.0,549.0,581.0,586.0,591.0,604.0,645.0,683.0,698.0,705.0,728.0,729.0,730.0,732.0,733.0,744.0,747.0,812.0,842.0,865.0,869.0,886.0,893.0,896.0,933.0,935.0,939.0,960.0,966.0,
17.0,34.0,60.0,76.0,93.0,108.0,140.0,192.0,209.0,216.0,222.0,315.0,317.0,320.0,379.0,390.0,421.0,477.0,508.0,521.0,525.0,632.0,640.0,686.0,720.0,765.0,766.0,840.0,852.0,885.0,899.0,919.0,979.0,
23.0,36.0,41.0,88.0,91.0,98.0,107.0,122.0,132.0,136.0,144.0,173.0,220.0,266.0,312.0,336.0,358.0,391.0,404.0,433.0,466.0,482.0,496.0,514.0,563.0,567.0,583.0,588.0,645.0,653.0,683.0,695.0,714.0,732.0,735.0,765.0,790.0,790.0,802.0,826.0,905.0,908.0,950.0,968.0,997.0,
43.0,79.0,106.0,138.0,174.0,174.0,181.0,185.0,195.0,206.0,222.0,233.0,259.0,266.0,350.0,372.0,405.0,424.0,444.0,456.0,458.0,500.0,512.0,514.0,553.0,572.0,573.0,581.0,583.0,594.0,606.0,619.0,645.0,667.0,682.0,687.0,695.0,720.0,762.0,774.0,790.0,913.0,941.0,956.0,985.0,994.0,1000.0,
10.0,11.0,69.0,95.0,108.0,135.0,164.0,169.0,217.0,236.0,293.0,348.0,367.0,369.0,378.0,418.0,431.0,443.0,446.0,488.0,494.0,506.0,509.0,520.0,560.0,572.0,598.0,621.0,626.0,630.0,631.0,650.0,656.0,684.0,732.0,773.0,801.0,807.0,813.0,816.0,870.0,898.0,912.0,917.0,935.0,994.0,
36.0,55.0,71.0,121.0,138.0,158.0,189.0,222.0,225.0,239.0,258.0,272.0,291.0,305.0,343.0,366.0,413.0,441.0,451.0,477.0,485.0,506.0,513.0,599.0,633.0,685.0,714.0,740.0,781.0,790.0,803.0,821.0,840.0,849.0,851.0,862.0,895.0,915.0,918.0,925.0,925.0,927.0,957.0,
36.0,40.0,57.0,132.0,142.0,149.0,161.0,161.0,192.0,204.0,226.0,231.0,332.0,345.0,358.0,384.0,416.0,462.0,472.0,483.0,510.0,678.0,721.0,769.0,773.0,830.0,847.0,848.0,898.0,909.0,910.0,962.0,970.0,980.0,993.0,
27.0,93.0,138.0,151.0,160.0,203.0,210.0,217.0,228.0,230.0,285.0,314.0,366.0,369.0,386.0,394.0,398.0,431.0,833.0,856.0,912.0,1000.0,
50.0,63.0,97.0,145.0,159.0,175.0,261.0,327.0,366.0,367.0,394.0,394.0,406.0,468.0,666.0,670.0,702.0,724.0,805.0,842.0,860.0,875.0,883.0,914.0,926.0,927.0,942.0,966.0,
3.0,68.0,72.0,129.0,134.0,173.0,185.0,207.0,225.0,269.0,276.0,293.0,314.0,326.0,426.0,482.0,556.0,575.0,583.0,590.0,596.0,681.0,732.0,741.0,798.0,812.0,817.0,820.0,831.0,854.0,870.0,894.0,932.0,948.0,954.0,968.0,
7.0,12.0,26.0,31.0,125.0,177.0,191.0,204.0,210.0,213.0,225.0,257.0,267.0,357.0,368.0,370.0,385.0,400.0,422.0,521.0,555.0,567.0,571.0,631.0,639.0,651.0,662.0,676.0,694.0,695.0,716.0,787.0,796.0,879.0,890.0,951.0,952.0,953.0,
34.0,79.0,117.0,150.0,152.0,255.0,264.0,303.0,357.0,381.0,386.0,399.0,408.0,417.0,429.0,465.0,466.0,475.0,498.0,513.0,549.0,626.0,681.0,721.0,737.0,753.0,774.0,805.0,832.0,834.0,844.0,853.0,867.0,901.0,932.0,935.0,
169.0,191.0,206.0,210.0,225.0,242.0,259.0,401.0,415.0,484.0,490.0,493.0,505.0,538.0,594.0,596.0,626.0,637.0,644.0,653.0,660.0,772.0,802.0,823.0,844.0,876.0,897.0,908.0,925.0,933.0,964.0,981.0,993.0,
3.0,12.0,34.0,58.0,66.0,140.0,151.0,182.0,232.0,245.0,254.0,287.0,323.0,351.0,360.0,377.0,379.0,401.0,454.0,494.0,496.0,520.0,613.0,617.0,649.0,668.0,671.0,715.0,743.0,783.0,799.0,807.0,809.0,842.0,859.0,882.0,902.0,920.0,936.0,957.0,958.0,999.0,
53.0,70.0,111.0,143.0,143.0,170.0,194.0,195.0,228.0,234.0,277.0,313.0,334.0,348.0,366.0,370.0,472.0,485.0,494.0,508.0,556.0,563.0,624.0,667.0,693.0,696.0,697.0,725.0,731.0,731.0,771.0,779.0,827.0,832.0,900.0,904.0,915.0,931.0,934.0,945.0,962.0,987.0,
21.0,30.0,34.0,133.0,173.0,249.0,258.0,290.0,293.0,314.0,357.0,384.0,391.0,402.0,468.0,468.0,850.0,953.0,960.0,
19.0,130.0,186.0,227.0,234.0,236.0,254.0,273.0,277.0,287.0,295.0,368.0,388.0,395.0,421.0,
79.0,100.0,105.0,125.0,132.0,176.0,187.0,199.0,200.0,233.0,239.0,257.0,298.0,303.0,355.0,390.0,477.0,
2.0,4.0,11.0,32.0,38.0,62.0,92.0,93.0,127.0,136.0,175.0,199.0,286.0,304.0,331.0,383.0,404.0,408.0,479.0,486.0,
23.0,49.0,91.0,156.0,157.0,234.0,246.0,247.0,258.0,260.0,293.0,294.0,347.0,350.0,355.0,387.0,445.0,449.0,489.0,964.0,
15.0,16.0,61.0,154.0,178.0,191.0,209.0,283.0,352.0,364.0,428.0,467.0,530.0,565.0,568.0,639.0,643.0,645.0,650.0,671.0,674.0,679.0,683.0,691.0,722.0,742.0,743.0,749.0,752.0,766.0,768.0,830.0,851.0,859.0,871.0,896.0,954.0,958.0,958.0,978.0,986.0,
98.0,119.0,123.0,175.0,210.0,258.0,262.0,266.0,289.0,316.0,372.0,435.0,454.0,479.0,481.0,526.0,563.0,569.0,586.0,625.0,662.0,692.0,717.0,766.0,809.0,881.0,904.0,
63.0,109.0,122.0,145.0,146.0,258.0,261.0,367.0,368.0,370.0,371.0,402.0,402.0,421.0,462.0,528.0,541.0,661.0,676.0,680.0,749.0,805.0,848.0,857.0,877.0,921.0,990.0,
4.0,5.0,24.0,35.0,36.0,46.0,47.0,58.0,97.0,108.0,171.0,188.0,199.0,224.0,239.0,292.0,321.0,340.0,346.0,357.0,473.0,484.0,547.0,585.0,585.0,609.0,631.0,656.0,669.0,678.0,679.0,685.0,698.0,706.0,710.0,725.0,735.0,769.0,790.0,792.0,796.0,809.0,816.0,817.0,832.0,851.0,872.0,892.0,915.0,926.0,951.0,952.0,976.0,982.0,985.0,
22.0,61.0,72.0,75.0,97.0,107.0,109.0,155.0,171.0,193.0,211.0,222.0,228.0,232.0,266.0,336.0,336.0,337.0,343.0,350.0,372.0,377.0,414.0,452.0,497.0,509.0,511.0,512.0,631.0,678.0,717.0,733.0,824.0,908.0,913.0,921.0,925.0,947.0,
6.0,87.0,105.0,125.0,139.0,150.0,189.0,306.0,314.0,317.0,335.0,361.0,420.0,426.0,503.0,
14.0,19.0,45.0,79.0,113.0,169.0,211.0,211.0,370.0,393.0,398.0,452.0,453.0,456.0,460.0,472.0,479.0,487.0,495.0,993.0,
18.0,27.0,29.0,52.0,134.0,151.0,179.0,180.0,184.0,191.0,200.0,201.0,226.0,241.0,246.0,248.0,259.0,270.0,312.0,403.0,419.0,771.0,875.0,880.0,
26.0,78.0,123.0,188.0,231.0,243.0,276.0,311.0,331.0,347.0,387.0,423.0,424.0,909.0,1000.0,
30.0,30.0,56.0,58.0,82.0,122.0,126.0,127.0,130.0,146.0,152.0,154.0,174.0,176.0,204.0,213.0,242.0,418.0,435.0,463.0,469.0,472.0,477.0,483.0,
8.0,18.0,21.0,137.0,175.0,277.0,308.0,316.0,327.0,334.0,343.0,346.0,384.0,396.0,397.0,397.0,402.0,429.0,443.0,478.0,489.0,623.0,669.0,700.0,716.0,746.0,751.0,758.0,768.0,782.0,803.0,807.0,810.0,827.0,914.0,964.0,965.0,
20.0,46.0,46.0,67.0,95.0,108.0,109.0,135.0,146.0,149.0,158.0,162.0,169.0,207.0,242.0,250.0,300.0,316.0,336.0,341.0,418.0,469.0,580.0,613.0,625.0,715.0,740.0,794.0,802.0,816.0,818.0,823.0,828.0,835.0,864.0,900.0,926.0,930.0,933.0,943.0,944.0,949.0,954.0,982.0,990.0,1000.0,
7.0,42.0,90.0,93.0,111.0,203.0,204.0,328.0,388.0,393.0,463.0,507.0,507.0,527.0,537.0,564.0,571.0,629.0,644.0,696.0,698.0,703.0,713.0,746.0,762.0,766.0,784.0,816.0,872.0,885.0,945.0,996.0,
10.0,19.0,27.0,53.0,66.0,74.0,76.0,88.0,89.0,145.0,151.0,181.0,193.0,211.0,263.0,293.0,324.0,334.0,377.0,378.0,383.0,395.0,397.0,398.0,422.0,451.0,475.0,487.0,492.0,521.0,524.0,545.0,547.0,550.0,550.0,552.0,575.0,582.0,592.0,598.0,644.0,648.0,699.0,830.0,846.0,857.0,859.0,889.0,909.0,919.0,919.0,925.0,934.0,938.0,999.0,
46.0,74.0,123.0,185.0,205.0,210.0,231.0,318.0,341.0,341.0,341.0,356.0,360.0,383.0,383.0,404.0,442.0,455.0,497.0,503.0,779.0,784.0,785.0,803.0,804.0,890.0,
55.0,72.0,79.0,101.0,108.0,152.0,193.0,221.0,231.0,265.0,270.0,285.0,299.0,309.0,340.0,
59.0,74.0,176.0,223.0,242.0,260.0,297.0,335.0,347.0,381.0,394.0,426.0,428.0,434.0,435.0,500.0,728.0,874.0,896.0,927.0,
8.0,25.0,31.0,46.0,64.0,64.0,78.0,105.0,184.0,205.0,239.0,244.0,265.0,287.0,322.0,323.0,365.0,406.0,422.0,456.0,466.0,480.0,490.0,792.0,821.0,
9.0,33.0,40.0,122.0,146.0,147.0,167.0,207.0,254.0,256.0,272.0,274.0,305.0,353.0,368.0,387.0,423.0,468.0,962.0,
16.0,39.0,54.0,87.0,88.0,116.0,119.0,134.0,137.0,140.0,147.0,150.0,167.0,168.0,194.0,210.0,236.0,245.0,254.0,273.0,279.0,287.0,322.0,348.0,388.0,402.0,419.0,466.0,470.0,491.0,492.0,
19.0,35.0,112.0,165.0,211.0,250.0,336.0,349.0,395.0,511.0,748.0,778.0,811.0,822.0,827.0,853.0,868.0,877.0,911.0,965.0,989.0,
15.0,75.0,78.0,169.0,177.0,201.0,234.0,244.0,248.0,252.0,319.0,324.0,382.0,384.0,390.0,419.0,428.0,461.0,504.0,561.0,570.0,576.0,578.0,657.0,669.0,703.0,712.0,715.0,715.0,728.0,762.0,815.0,847.0,
68.0,70.0,72.0,80.0,129.0,247.0,254.0,271.0,290.0,291.0,309.0,312.0,368.0,392.0,470.0,492.0,566.0,590.0,625.0,656.0,709.0,725.0,758.0,770.0,775.0,777.0,790.0,798.0,804.0,999.0,
18.0,95.0,98.0,122.0,199.0,203.0,221.0,263.0,266.0,293.0,299.0,346.0,370.0,389.0,497.0,503.0,527.0,531.0,534.0,595.0,649.0,655.0,683.0,714.0,724.0,736.0,752.0,769.0,832.0,859.0,882.0,883.0,903.0,905.0,909.0,972.0,979.0,
52.0,148.0,150.0,160.0,170.0,208.0,388.0,401.0,433.0,476.0,482.0,488.0,492.0,493.0,497.0,621.0,691.0,696.0,754.0,776.0,787.0,809.0,822.0,827.0,915.0,960.0,980.0,985.0,994.0,
33.0,61.0,67.0,118.0,142.0,216.0,220.0,268.0,301.0,323.0,347.0,355.0,364.0,383.0,390.0,404.0,459.0,463.0,
4.0,32.0,91.0,110.0,127.0,142.0,155.0,207.0,210.0,221.0,228.0,231.0,242.0,244.0,271.0,295.0,298.0,337.0,350.0,360.0,363.0,363.0,392.0,415.0,433.0,460.0,465.0,469.0,958.0,
24.0,26.0,37.0,147.0,148.0,151.0,185.0,224.0,234.0,242.0,305.0,359.0,389.0,418.0,425.0,445.0,494.0,494.0,870.0,908.0,
11.0,12.0,117.0,122.0,152.0,160.0,256.0,265.0,302.0,335.0,394.0,404.0,495.0,866.0,916.0,924.0,
12.0,44.0,57.0,70.0,75.0,78.0,139.0,182.0,193.0,211.0,214.0,218.0,226.0,236.0,261.0,279.0,325.0,336.0,341.0,379.0,441.0,445.0,474.0,490.0,
19.0,41.0,73.0,82.0,91.0,129.0,148.0,179.0,194.0,203.0,259.0,292.0,292.0,301.0,312.0,318.0,346.0,371.0,382.0,396.0,404.0,661.0,666.0,681.0,710.0,739.0,740.0,780.0,908.0,951.0,953.0,968.0,978.0,981.0,
40.0,68.0,137.0,143.0,146.0,227.0,230.0,244.0,282.0,309.0,380.0,440.0,453.0,463.0,465.0,568.0,586.0,593.0,604.0,606.0,618.0,640.0,655.0,697.0,706.0,755.0,761.0,763.0,775.0,779.0,783.0,801.0,845.0,864.0,865.0,881.0,905.0,922.0,947.0,973.0,999.0,
53.0,112.0,141.0,146.0,167.0,193.0,239.0,267.0,276.0,291.0,299.0,331.0,340.0,348.0,351.0,397.0,422.0,438.0,456.0,552.0,627.0,636.0,674.0,706.0,772.0,816.0,823.0,828.0,891.0,909.0,951.0,968.0,978.0,
33.0,35.0,87.0,89.0,101.0,113.0,122.0,137.0,138.0,216.0,269.0,272.0,276.0,302.0,325.0,353.0,381.0,423.0,424.0,433.0,485.0,488.0,568.0,590.0,593.0,629.0,683.0,699.0,704.0,723.0,748.0,783.0,789.0,791.0,800.0,827.0,853.0,860.0,913.0,942.0,947.0,966.0,
63.0,119.0,126.0,166.0,177.0,182.0,199.0,215.0,284.0,313.0,316.0,329.0,380.0,403.0,431.0,460.0,466.0,479.0,500.0,504.0,511.0,524.0,527.0,613.0,667.0,715.0,756.0,813.0,868.0,873.0,884.0,903.0,913.0,914.0,968.0,970.0,983.0,
5.0,42.0,44.0,91.0,134.0,161.0,187.0,246.0,255.0,325.0,339.0,345.0,364.0,380.0,382.0,384.0,425.0,444.0,468.0,472.0,487.0,789.0,838.0,863.0,885.0,
6.0,47.0,81.0,119.0,132.0,148.0,171.0,176.0,198.0,237.0,240.0,270.0,300.0,318.0,389.0,473.0,487.0,
11.0,27.0,36.0,39.0,83.0,97.0,127.0,128.0,166.0,178.0,192.0,202.0,255.0,259.0,259.0,279.0,285.0,301.0,364.0,416.0,464.0,493.0,495.0,
36.0,85.0,92.0,110.0,118.0,132.0,161.0,194.0,205.0,213.0,213.0,223.0,223.0,240.0,323.0,351.0,355.0,394.0,398.0,415.0,479.0,
58.0,92.0,92.0,129.0,160.0,165.0,180.0,197.0,206.0,216.0,222.0,236.0,263.0,265.0,295.0,318.0,348.0,397.0,402.0,409.0,422.0,500.0,802.0,855.0,889.0,
3.0,9.0,34.0,35.0,101.0,134.0,180.0,205.0,216.0,226.0,243.0,255.0,306.0,358.0,430.0,441.0,485.0,519.0,544.0,582.0,624.0,661.0,662.0,666.0,733.0,743.0,762.0,763.0,771.0,779.0,814.0,827.0,828.0,860.0,860.0,869.0,871.0,885.0,936.0,965.0,
101.0,137.0,144.0,146.0,149.0,154.0,208.0,211.0,269.0,305.0,498.0,543.0,566.0,618.0,646.0,659.0,662.0,675.0,691.0,760.0,760.0,809.0,825.0,836.0,839.0,840.0,858.0,865.0,921.0,930.0,963.0,
4.0,35.0,56.0,89.0,104.0,140.0,142.0,147.0,159.0,173.0,256.0,259.0,281.0,292.0,311.0,320.0,334.0,343.0,349.0,355.0,403.0,438.0,444.0,474.0,515.0,523.0,576.0,585.0,593.0,607.0,619.0,638.0,662.0,664.0,675.0,678.0,691.0,693.0,706.0,708.0,709.0,715.0,756.0,775.0,806.0,864.0,870.0,917.0,939.0,943.0,946.0,
7.0,9.0,31.0,47.0,124.0,179.0,185.0,231.0,246.0,264.0,303.0,341.0,354.0,370.0,398.0,430.0,447.0,649.0,651.0,655.0,723.0,785.0,826.0,861.0,886.0,893.0,
7.0,26.0,38.0,86.0,119.0,120.0,128.0,130.0,246.0,325.0,356.0,391.0,394.0,568.0,575.0,606.0,647.0,672.0,778.0,788.0,819.0,823.0,857.0,871.0,908.0,978.0,994.0,
22.0,36.0,52.0,58.0,86.0,95.0,234.0,281.0,302.0,342.0,354.0,368.0,459.0,465.0,518.0,534.0,537.0,571.0,629.0,639.0,644.0,653.0,776.0,824.0,840.0,843.0,862.0,880.0,892.0,904.0,926.0,945.0,984.0,
17.0,51.0,148.0,178.0,180.0,197.0,206.0,223.0,227.0,227.0,264.0,299.0,306.0,353.0,419.0,420.0,433.0,433.0,439.0,449.0,450.0,453.0,497.0,691.0,701.0,701.0,737.0,743.0,817.0,822.0,842.0,860.0,875.0,879.0,927.0,
19.0,64.0,168.0,169.0,204.0,228.0,230.0,239.0,242.0,249.0,287.0,330.0,336.0,340.0,358.0,377.0,380.0,395.0,400.0,424.0,446.0,692.0,752.0,787.0,809.0,
21.0,50.0,60.0,99.0,154.0,168.0,180.0,204.0,206.0,207.0,255.0,294.0,320.0,330.0,366.0,375.0,377.0,378.0,389.0,390.0,401.0,406.0,450.0,595.0,621.0,674.0,686.0,687.0,717.0,735.0,755.0,785.0,825.0,835.0,836.0,853.0,892.0,899.0,997.0,
8.0,28.0,61.0,84.0,92.0,109.0,125.0,152.0,226.0,240.0,254.0,259.0,275.0,333.0,337.0,341.0,372.0,392.0,431.0,451.0,453.0,501.0,533.0,563.0,568.0,574.0,640.0,666.0,673.0,687.0,700.0,721.0,725.0,730.0,734.0,751.0,764.0,765.0,806.0,819.0,850.0,859.0,869.0,872.0,917.0,930.0,942.0,943.0,964.0,969.0,977.0,
23.0,26.0,46.0,133.0,152.0,224.0,247.0,253.0,261.0,277.0,301.0,304.0,357.0,365.0,368.0,377.0,418.0,469.0,516.0,525.0,565.0,610.0,619.0,640.0,641.0,646.0,648.0,663.0,664.0,698.0,702.0,727.0,748.0,777.0,785.0,818.0,878.0,915.0,926.0,934.0,973.0,974.0,978.0,
9.0,62.0,151.0,178.0,214.0,273.0,292.0,302.0,369.0,407.0,421.0,425.0,435.0,512.0,512.0,549.0,573.0,596.0,613.0,622.0,630.0,644.0,648.0,666.0,669.0,696.0,711.0,794.0,820.0,821.0,860.0,898.0,904.0,905.0,917.0,965.0,
25.0,36.0,71.0,95.0,97.0,115.0,130.0,149.0,225.0,255.0,304.0,308.0,337.0,360.0,362.0,409.0,412.0,439.0,452.0,461.0,480.0,503.0,561.0,565.0,580.0,581.0,587.0,632.0,694.0,711.0,752.0,753.0,761.0,773.0,783.0,805.0,833.0,840.0,855.0,857.0,919.0,938.0,998.0,
36.0,38.0,50.0,71.0,79.0,95.0,105.0,135.0,192.0,222.0,258.0,258.0,298.0,305.0,333.0,334.0,338.0,358.0,370.0,389.0,392.0,397.0,411.0,425.0,449.0,473.0,481.0,482.0,492.0,571.0,713.0,764.0,784.0,796.0,837.0,843.0,889.0,974.0,994.0,
18.0,73.0,74.0,127.0,131.0,152.0,180.0,222.0,233.0,238.0,354.0,384.0,393.0,400.0,438.0,440.0,441.0,474.0,496.0,520.0,541.0,546.0,555.0,560.0,562.0,641.0,666.0,682.0,690.0,693.0,721.0,745.0,793.0,823.0,847.0,850.0,906.0,916.0,919.0,957.0,996.0,
55.0,61.0,213.0,254.0,270.0,456.0,515.0,558.0,579.0,588.0,664.0,728.0,764.0,792.0,808.0,818.0,828.0,843.0,917.0,951.0,972.0,
12.0,45.0,104.0,155.0,193.0,195.0,216.0,272.0,325.0,340.0,382.0,383.0,391.0,406.0,440.0,504.0,640.0,663.0,687.0,689.0,690.0,744.0,784.0,802.0,815.0,830.0,832.0,847.0,851.0,895.0,905.0,
8.0,16.0,33.0,69.0,84.0,93.0,132.0,148.0,194.0,212.0,232.0,263.0,290.0,375.0,394.0,397.0,429.0,455.0,491.0,512.0,537.0,544.0,603.0,614.0,623.0,638.0,640.0,641.0,652.0,696.0,782.0,811.0,850.0,911.0,931.0,953.0,962.0,965.0,980.0,
49.0,58.0,65.0,67.0,75.0,86.0,134.0,153.0,190.0,192.0,302.0,353.0,374.0,380.0,393.0,395.0,424.0,429.0,449.0,478.0,579.0,581.0,582.0,600.0,608.0,612.0,635.0,656.0,686.0,726.0,734.0,770.0,780.0,799.0,840.0,852.0,904.0,907.0,911.0,953.0,966.0,981.0,
6.0,9.0,55.0,100.0,104.0,157.0,174.0,195.0,198.0,212.0,244.0,253.0,311.0,322.0,369.0,377.0,411.0,445.0,497.0,513.0,517.0,547.0,559.0,583.0,600.0,627.0,654.0,674.0,705.0,782.0,835.0,836.0,864.0,874.0,1000.0,
26.0,30.0,38.0,82.0,91.0,95.0,99.0,268.0,343.0,379.0,434.0,446.0,504.0,528.0,547.0,568.0,576.0,604.0,609.0,631.0,784.0,843.0,863.0,945.0,961.0,975.0,
5.0,20.0,44.0,84.0,112.0,154.0,163.0,214.0,246.0,270.0,289.0,324.0,351.0,414.0,429.0,510.0,535.0,543.0,544.0,563.0,637.0,668.0,720.0,752.0,776.0,801.0,823.0,826.0,866.0,890.0,968.0,971.0,976.0,988.0,995.0,
