42.0,48.0,78.0,105.0,120.0,147.0,194.0,213.0,248.0,368.0,369.0,373.0,389.0,456.0,490.0,494.0,510.0,513.0,550.0,552.0,582.0,603.0,609.0,653.0,675.0,678.0,702.0,754.0,768.0,832.0,904.0,925.0,942.0,956.0,967.0,
9.0,36.0,52.0,115.0,172.0,179.0,302.0,343.0,362.0,407.0,423.0,431.0,462.0,463.0,548.0,569.0,592.0,593.0,628.0,636.0,639.0,703.0,732.0,809.0,869.0,882.0,908.0,934.0,955.0,970.0,979.0,
35.0,54.0,90.0,106.0,144.0,168.0,174.0,215.0,335.0,353.0,369.0,379.0,410.0,503.0,505.0,511.0,516.0,535.0,559.0,700.0,704.0,720.0,764.0,782.0,832.0,846.0,859.0,953.0,988.0,
4.0,10.0,93.0,128.0,138.0,149.0,219.0,255.0,278.0,288.0,325.0,341.0,387.0,405.0,415.0,425.0,426.0,438.0,524.0,534.0,535.0,549.0,571.0,574.0,604.0,640.0,738.0,751.0,769.0,853.0,996.0,
28.0,31.0,44.0,48.0,51.0,67.0,107.0,203.0,209.0,215.0,262.0,263.0,265.0,272.0,366.0,370.0,386.0,388.0,388.0,411.0,432.0,440.0,441.0,442.0,485.0,489.0,527.0,537.0,547.0,571.0,603.0,605.0,610.0,667.0,696.0,711.0,786.0,787.0,854.0,914.0,942.0,975.0,978.0,
117.0,184.0,186.0,188.0,195.0,217.0,231.0,246.0,276.0,376.0,384.0,454.0,459.0,461.0,463.0,465.0,470.0,482.0,483.0,526.0,533.0,558.0,590.0,599.0,642.0,654.0,753.0,762.0,794.0,819.0,822.0,908.0,970.0,977.0,
87.0,87.0,130.0,132.0,140.0,149.0,157.0,172.0,179.0,217.0,274.0,292.0,292.0,298.0,361.0,366.0,385.0,422.0,434.0,445.0,461.0,508.0,511.0,523.0,528.0,540.0,572.0,575.0,609.0,635.0,655.0,675.0,709.0,800.0,806.0,806.0,854.0,888.0,907.0,910.0,925.0,942.0,950.0,
4.0,18.0,26.0,27.0,43.0,59.0,67.0,89.0,92.0,95.0,133.0,145.0,148.0,155.0,170.0,190.0,258.0,271.0,374.0,375.0,401.0,405.0,431.0,434.0,501.0,537.0,553.0,560.0,579.0,586.0,609.0,644.0,648.0,652.0,699.0,739.0,824.0,829.0,857.0,874.0,882.0,
22.0,27.0,47.0,50.0,56.0,129.0,138.0,147.0,172.0,225.0,232.0,340.0,341.0,372.0,403.0,417.0,422.0,470.0,494.0,495.0,501.0,502.0,562.0,578.0,604.0,637.0,682.0,724.0,801.0,895.0,965.0,
76.0,78.0,81.0,85.0,145.0,160.0,185.0,205.0,205.0,213.0,313.0,326.0,343.0,345.0,409.0,428.0,439.0,496.0,546.0,564.0,599.0,700.0,707.0,723.0,735.0,738.0,739.0,874.0,888.0,954.0,966.0,
36.0,71.0,73.0,78.0,94.0,111.0,121.0,180.0,202.0,222.0,286.0,369.0,370.0,390.0,404.0,476.0,506.0,546.0,554.0,558.0,577.0,620.0,647.0,647.0,648.0,678.0,715.0,733.0,753.0,756.0,775.0,776.0,796.0,840.0,870.0,878.0,
33.0,44.0,51.0,62.0,63.0,70.0,91.0,94.0,100.0,108.0,156.0,176.0,212.0,223.0,259.0,283.0,285.0,308.0,340.0,354.0,356.0,363.0,403.0,410.0,427.0,430.0,445.0,456.0,558.0,614.0,638.0,710.0,731.0,764.0,800.0,826.0,943.0,976.0,999.0,
37.0,69.0,85.0,127.0,130.0,171.0,182.0,183.0,184.0,186.0,196.0,216.0,218.0,297.0,364.0,410.0,442.0,455.0,482.0,490.0,512.0,529.0,533.0,533.0,554.0,557.0,566.0,589.0,675.0,751.0,753.0,817.0,843.0,854.0,855.0,860.0,933.0,987.0,
7.0,45.0,85.0,99.0,163.0,183.0,197.0,209.0,209.0,234.0,254.0,264.0,269.0,277.0,301.0,348.0,381.0,403.0,426.0,438.0,460.0,494.0,517.0,526.0,569.0,570.0,571.0,574.0,576.0,583.0,586.0,588.0,601.0,644.0,649.0,656.0,657.0,660.0,698.0,712.0,715.0,729.0,734.0,736.0,747.0,780.0,794.0,809.0,820.0,854.0,855.0,868.0,870.0,873.0,884.0,909.0,910.0,916.0,936.0,937.0,940.0,954.0,962.0,965.0,
7.0,18.0,27.0,46.0,96.0,184.0,238.0,248.0,320.0,354.0,360.0,388.0,399.0,470.0,477.0,513.0,516.0,527.0,527.0,535.0,545.0,545.0,547.0,548.0,550.0,562.0,568.0,570.0,573.0,582.0,588.0,595.0,596.0,596.0,613.0,621.0,622.0,628.0,629.0,635.0,666.0,667.0,695.0,702.0,725.0,732.0,764.0,769.0,774.0,787.0,788.0,800.0,809.0,824.0,845.0,847.0,878.0,878.0,881.0,901.0,931.0,934.0,951.0,957.0,968.0,977.0,980.0,985.0,1000.0,
20.0,32.0,108.0,113.0,180.0,189.0,201.0,205.0,219.0,244.0,293.0,328.0,357.0,378.0,393.0,432.0,476.0,478.0,508.0,516.0,517.0,519.0,520.0,542.0,543.0,546.0,547.0,550.0,553.0,578.0,582.0,586.0,596.0,609.0,610.0,610.0,615.0,620.0,620.0,625.0,628.0,634.0,644.0,650.0,652.0,666.0,682.0,684.0,686.0,692.0,699.0,707.0,718.0,733.0,750.0,758.0,770.0,792.0,804.0,841.0,882.0,894.0,911.0,951.0,965.0,968.0,980.0,987.0,
2.0,38.0,44.0,61.0,111.0,115.0,174.0,185.0,195.0,222.0,239.0,247.0,288.0,290.0,314.0,316.0,458.0,508.0,539.0,546.0,552.0,554.0,557.0,559.0,563.0,569.0,574.0,582.0,599.0,612.0,615.0,621.0,625.0,631.0,636.0,642.0,656.0,660.0,662.0,669.0,674.0,681.0,682.0,684.0,691.0,763.0,766.0,767.0,794.0,811.0,813.0,837.0,847.0,852.0,864.0,904.0,907.0,907.0,915.0,918.0,924.0,931.0,950.0,965.0,972.0,982.0,987.0,987.0,
43.0,67.0,73.0,134.0,201.0,255.0,268.0,348.0,353.0,421.0,505.0,515.0,518.0,533.0,539.0,550.0,555.0,558.0,559.0,559.0,567.0,572.0,577.0,578.0,580.0,587.0,588.0,589.0,609.0,613.0,616.0,618.0,622.0,640.0,643.0,660.0,666.0,667.0,687.0,690.0,700.0,720.0,759.0,782.0,791.0,812.0,814.0,828.0,835.0,861.0,865.0,868.0,882.0,887.0,913.0,921.0,928.0,930.0,930.0,934.0,957.0,972.0,
24.0,185.0,223.0,243.0,249.0,251.0,257.0,271.0,314.0,388.0,396.0,405.0,421.0,452.0,473.0,479.0,496.0,522.0,543.0,555.0,555.0,556.0,570.0,594.0,601.0,622.0,702.0,725.0,762.0,794.0,811.0,851.0,926.0,957.0,961.0,974.0,
36.0,53.0,65.0,72.0,77.0,116.0,119.0,247.0,372.0,428.0,456.0,467.0,489.0,522.0,597.0,603.0,634.0,685.0,768.0,921.0,960.0,
18.0,31.0,50.0,92.0,123.0,139.0,164.0,224.0,230.0,264.0,314.0,333.0,336.0,337.0,351.0,383.0,404.0,452.0,506.0,507.0,541.0,556.0,638.0,648.0,659.0,671.0,830.0,855.0,901.0,903.0,939.0,946.0,
18.0,35.0,99.0,104.0,141.0,156.0,229.0,230.0,241.0,256.0,283.0,300.0,303.0,307.0,311.0,327.0,343.0,347.0,367.0,407.0,408.0,410.0,461.0,464.0,487.0,527.0,530.0,544.0,559.0,563.0,574.0,574.0,578.0,589.0,589.0,600.0,600.0,613.0,663.0,785.0,794.0,823.0,829.0,848.0,859.0,879.0,910.0,973.0,
6.0,26.0,30.0,44.0,46.0,172.0,181.0,211.0,221.0,246.0,265.0,266.0,297.0,309.0,378.0,382.0,391.0,406.0,454.0,475.0,476.0,493.0,523.0,529.0,531.0,540.0,554.0,565.0,582.0,584.0,604.0,607.0,608.0,633.0,643.0,673.0,678.0,703.0,705.0,720.0,733.0,734.0,766.0,793.0,794.0,795.0,803.0,808.0,819.0,838.0,844.0,871.0,872.0,878.0,879.0,888.0,942.0,944.0,966.0,979.0,987.0,988.0,1000.0,
16.0,23.0,47.0,71.0,72.0,92.0,132.0,156.0,226.0,277.0,291.0,299.0,348.0,360.0,379.0,483.0,518.0,522.0,529.0,533.0,534.0,534.0,536.0,537.0,542.0,542.0,547.0,548.0,551.0,555.0,567.0,573.0,574.0,576.0,587.0,587.0,590.0,591.0,593.0,594.0,595.0,602.0,608.0,615.0,618.0,626.0,630.0,633.0,648.0,653.0,668.0,716.0,717.0,718.0,723.0,725.0,735.0,739.0,760.0,780.0,783.0,835.0,839.0,848.0,868.0,870.0,871.0,873.0,874.0,881.0,883.0,884.0,885.0,898.0,907.0,911.0,914.0,922.0,954.0,963.0,969.0,
34.0,72.0,75.0,103.0,114.0,121.0,128.0,143.0,152.0,164.0,174.0,195.0,196.0,202.0,208.0,232.0,295.0,341.0,408.0,448.0,457.0,465.0,470.0,505.0,519.0,528.0,530.0,534.0,535.0,536.0,536.0,546.0,551.0,552.0,556.0,566.0,570.0,580.0,603.0,613.0,618.0,621.0,660.0,688.0,689.0,696.0,714.0,719.0,734.0,757.0,758.0,782.0,801.0,817.0,831.0,845.0,849.0,866.0,887.0,939.0,953.0,967.0,989.0,995.0,1000.0,
17.0,19.0,61.0,63.0,67.0,126.0,144.0,242.0,252.0,256.0,267.0,290.0,330.0,332.0,336.0,346.0,349.0,431.0,459.0,474.0,511.0,536.0,536.0,537.0,538.0,539.0,542.0,552.0,558.0,561.0,564.0,573.0,586.0,588.0,594.0,601.0,608.0,614.0,648.0,653.0,682.0,695.0,726.0,739.0,772.0,782.0,786.0,787.0,789.0,806.0,851.0,857.0,874.0,940.0,962.0,974.0,985.0,1000.0,
34.0,43.0,49.0,56.0,67.0,127.0,142.0,151.0,190.0,214.0,220.0,266.0,280.0,295.0,315.0,349.0,352.0,378.0,388.0,424.0,482.0,492.0,513.0,519.0,525.0,530.0,533.0,537.0,539.0,554.0,557.0,558.0,563.0,577.0,581.0,583.0,588.0,602.0,606.0,613.0,618.0,621.0,628.0,655.0,658.0,672.0,685.0,687.0,712.0,721.0,755.0,785.0,809.0,811.0,849.0,903.0,
12.0,19.0,105.0,117.0,132.0,164.0,165.0,187.0,248.0,297.0,326.0,340.0,346.0,350.0,379.0,522.0,528.0,530.0,538.0,540.0,543.0,546.0,549.0,553.0,561.0,566.0,588.0,593.0,597.0,604.0,606.0,606.0,610.0,614.0,642.0,655.0,664.0,698.0,704.0,704.0,756.0,776.0,790.0,797.0,799.0,802.0,836.0,839.0,853.0,878.0,884.0,885.0,886.0,916.0,925.0,936.0,939.0,943.0,943.0,967.0,971.0,987.0,
21.0,34.0,106.0,132.0,152.0,157.0,169.0,182.0,239.0,243.0,247.0,287.0,322.0,444.0,474.0,492.0,518.0,529.0,547.0,552.0,552.0,555.0,557.0,559.0,560.0,571.0,574.0,574.0,579.0,581.0,584.0,588.0,588.0,596.0,601.0,602.0,611.0,623.0,627.0,628.0,631.0,632.0,632.0,634.0,648.0,650.0,650.0,667.0,668.0,678.0,696.0,714.0,731.0,732.0,743.0,745.0,746.0,748.0,760.0,769.0,781.0,786.0,793.0,804.0,809.0,831.0,833.0,859.0,886.0,908.0,918.0,922.0,944.0,959.0,964.0,982.0,994.0,997.0,998.0,
57.0,88.0,103.0,139.0,141.0,194.0,195.0,199.0,200.0,240.0,253.0,256.0,264.0,329.0,331.0,392.0,394.0,427.0,466.0,480.0,492.0,524.0,536.0,556.0,569.0,576.0,582.0,584.0,595.0,606.0,632.0,708.0,710.0,729.0,740.0,754.0,785.0,889.0,946.0,960.0,985.0,
85.0,99.0,118.0,122.0,135.0,145.0,154.0,258.0,261.0,295.0,340.0,421.0,427.0,438.0,504.0,541.0,561.0,579.0,587.0,676.0,716.0,762.0,817.0,859.0,886.0,949.0,994.0,
28.0,43.0,94.0,98.0,112.0,147.0,160.0,203.0,205.0,205.0,250.0,272.0,326.0,351.0,354.0,359.0,367.0,388.0,392.0,403.0,424.0,468.0,515.0,522.0,528.0,534.0,536.0,541.0,550.0,555.0,573.0,581.0,583.0,600.0,601.0,602.0,615.0,629.0,636.0,651.0,664.0,670.0,677.0,685.0,700.0,702.0,703.0,722.0,724.0,729.0,759.0,784.0,833.0,839.0,877.0,882.0,894.0,929.0,937.0,939.0,976.0,986.0,988.0,
4.0,56.0,75.0,77.0,113.0,120.0,127.0,145.0,150.0,167.0,171.0,188.0,200.0,221.0,241.0,251.0,294.0,401.0,406.0,424.0,431.0,449.0,453.0,497.0,515.0,528.0,529.0,533.0,536.0,540.0,543.0,547.0,552.0,556.0,560.0,561.0,570.0,579.0,583.0,588.0,592.0,595.0,596.0,597.0,598.0,601.0,605.0,622.0,622.0,643.0,665.0,666.0,677.0,682.0,683.0,691.0,697.0,706.0,714.0,719.0,725.0,737.0,743.0,760.0,761.0,817.0,827.0,832.0,833.0,836.0,845.0,850.0,863.0,879.0,889.0,895.0,897.0,912.0,927.0,927.0,928.0,928.0,932.0,974.0,978.0,984.0,985.0,988.0,1000.0,
20.0,79.0,109.0,126.0,161.0,161.0,168.0,237.0,250.0,287.0,287.0,292.0,310.0,359.0,360.0,399.0,410.0,469.0,488.0,493.0,536.0,538.0,539.0,540.0,540.0,541.0,542.0,543.0,544.0,551.0,557.0,565.0,569.0,575.0,577.0,593.0,602.0,610.0,618.0,628.0,631.0,660.0,694.0,724.0,776.0,829.0,832.0,840.0,865.0,891.0,908.0,914.0,935.0,940.0,964.0,970.0,984.0,
77.0,94.0,101.0,156.0,238.0,259.0,264.0,273.0,323.0,355.0,366.0,371.0,424.0,463.0,471.0,476.0,480.0,497.0,516.0,522.0,530.0,539.0,539.0,541.0,544.0,547.0,547.0,560.0,564.0,570.0,578.0,593.0,596.0,599.0,602.0,626.0,630.0,630.0,632.0,646.0,658.0,661.0,678.0,697.0,712.0,722.0,726.0,745.0,756.0,760.0,761.0,762.0,765.0,781.0,784.0,816.0,840.0,842.0,847.0,866.0,867.0,870.0,880.0,882.0,887.0,926.0,928.0,932.0,956.0,962.0,966.0,983.0,985.0,
16.0,22.0,58.0,88.0,125.0,130.0,170.0,175.0,196.0,210.0,252.0,282.0,290.0,339.0,386.0,393.0,424.0,462.0,496.0,523.0,529.0,530.0,533.0,540.0,541.0,547.0,548.0,555.0,555.0,556.0,560.0,566.0,574.0,595.0,599.0,632.0,644.0,646.0,653.0,669.0,696.0,706.0,735.0,744.0,761.0,774.0,848.0,875.0,892.0,892.0,971.0,985.0,992.0,
33.0,94.0,147.0,179.0,284.0,324.0,496.0,526.0,531.0,532.0,536.0,537.0,537.0,538.0,544.0,558.0,561.0,570.0,570.0,577.0,577.0,583.0,585.0,590.0,593.0,596.0,602.0,604.0,616.0,679.0,684.0,737.0,737.0,749.0,753.0,782.0,783.0,786.0,815.0,821.0,825.0,862.0,891.0,913.0,980.0,981.0,988.0,995.0,1000.0,
98.0,148.0,181.0,202.0,220.0,299.0,301.0,375.0,383.0,412.0,417.0,433.0,456.0,466.0,486.0,493.0,515.0,521.0,522.0,532.0,535.0,536.0,538.0,538.0,543.0,559.0,574.0,577.0,580.0,606.0,636.0,643.0,650.0,678.0,682.0,682.0,684.0,703.0,715.0,744.0,752.0,768.0,782.0,785.0,790.0,802.0,808.0,821.0,822.0,854.0,866.0,899.0,904.0,909.0,914.0,
41.0,57.0,62.0,66.0,100.0,104.0,121.0,166.0,214.0,251.0,262.0,284.0,320.0,332.0,336.0,377.0,384.0,389.0,407.0,437.0,443.0,482.0,486.0,494.0,500.0,535.0,536.0,538.0,541.0,542.0,549.0,550.0,550.0,551.0,555.0,560.0,571.0,578.0,582.0,587.0,588.0,592.0,592.0,594.0,596.0,598.0,601.0,617.0,628.0,629.0,635.0,647.0,670.0,671.0,672.0,678.0,680.0,687.0,689.0,715.0,723.0,729.0,741.0,768.0,776.0,807.0,816.0,831.0,833.0,852.0,908.0,978.0,987.0,
10.0,70.0,76.0,110.0,201.0,211.0,222.0,240.0,251.0,264.0,272.0,309.0,462.0,497.0,504.0,519.0,519.0,533.0,548.0,554.0,556.0,565.0,566.0,569.0,573.0,574.0,581.0,592.0,607.0,622.0,633.0,693.0,694.0,718.0,795.0,796.0,799.0,823.0,834.0,887.0,901.0,902.0,922.0,925.0,951.0,979.0,
17.0,49.0,59.0,226.0,247.0,309.0,361.0,425.0,429.0,462.0,473.0,483.0,502.0,507.0,528.0,564.0,577.0,579.0,592.0,613.0,616.0,641.0,654.0,710.0,822.0,830.0,851.0,901.0,927.0,988.0,
3.0,38.0,67.0,80.0,86.0,96.0,113.0,140.0,189.0,253.0,265.0,270.0,280.0,301.0,312.0,315.0,322.0,376.0,421.0,452.0,460.0,501.0,503.0,521.0,521.0,524.0,527.0,533.0,538.0,543.0,546.0,548.0,552.0,558.0,558.0,561.0,571.0,576.0,582.0,585.0,586.0,587.0,588.0,592.0,605.0,619.0,625.0,626.0,628.0,631.0,645.0,648.0,651.0,654.0,655.0,661.0,663.0,667.0,679.0,681.0,689.0,693.0,708.0,728.0,775.0,777.0,781.0,787.0,792.0,809.0,809.0,822.0,843.0,884.0,892.0,903.0,910.0,911.0,975.0,982.0,983.0,988.0,
27.0,38.0,124.0,126.0,260.0,279.0,308.0,312.0,322.0,326.0,331.0,372.0,521.0,527.0,531.0,532.0,538.0,549.0,557.0,561.0,571.0,572.0,575.0,576.0,580.0,581.0,599.0,624.0,626.0,636.0,643.0,668.0,684.0,714.0,734.0,752.0,767.0,778.0,779.0,805.0,809.0,818.0,832.0,841.0,847.0,855.0,877.0,890.0,904.0,930.0,942.0,947.0,954.0,954.0,960.0,974.0,983.0,985.0,
47.0,66.0,102.0,116.0,156.0,163.0,165.0,230.0,235.0,291.0,294.0,297.0,364.0,382.0,384.0,391.0,392.0,404.0,430.0,435.0,458.0,459.0,481.0,493.0,536.0,537.0,537.0,544.0,544.0,548.0,550.0,557.0,558.0,566.0,570.0,580.0,584.0,590.0,596.0,601.0,608.0,610.0,626.0,634.0,647.0,664.0,667.0,674.0,677.0,684.0,757.0,764.0,773.0,773.0,817.0,829.0,857.0,877.0,883.0,909.0,912.0,918.0,919.0,929.0,930.0,943.0,973.0,978.0,
11.0,126.0,149.0,176.0,181.0,224.0,230.0,243.0,248.0,309.0,323.0,347.0,378.0,400.0,411.0,415.0,462.0,465.0,469.0,489.0,518.0,526.0,527.0,536.0,541.0,549.0,550.0,552.0,553.0,559.0,568.0,572.0,576.0,579.0,585.0,588.0,594.0,596.0,608.0,612.0,638.0,652.0,658.0,668.0,680.0,705.0,718.0,720.0,723.0,768.0,774.0,799.0,807.0,822.0,829.0,837.0,858.0,890.0,893.0,902.0,923.0,961.0,966.0,969.0,981.0,982.0,
4.0,62.0,72.0,99.0,168.0,172.0,195.0,220.0,277.0,298.0,319.0,322.0,323.0,414.0,437.0,459.0,492.0,495.0,520.0,526.0,533.0,533.0,534.0,535.0,537.0,539.0,539.0,543.0,551.0,553.0,554.0,559.0,570.0,575.0,580.0,582.0,609.0,612.0,614.0,619.0,619.0,622.0,637.0,696.0,699.0,762.0,762.0,794.0,801.0,829.0,834.0,834.0,860.0,883.0,899.0,903.0,906.0,909.0,971.0,979.0,
13.0,17.0,26.0,56.0,67.0,100.0,112.0,171.0,172.0,204.0,267.0,272.0,312.0,313.0,375.0,387.0,420.0,453.0,524.0,529.0,540.0,541.0,546.0,550.0,552.0,553.0,554.0,557.0,559.0,566.0,570.0,572.0,576.0,580.0,592.0,593.0,613.0,623.0,627.0,634.0,643.0,655.0,659.0,665.0,666.0,674.0,682.0,712.0,722.0,738.0,774.0,792.0,795.0,796.0,831.0,850.0,856.0,861.0,888.0,895.0,896.0,899.0,907.0,945.0,946.0,948.0,970.0,974.0,999.0,
34.0,47.0,67.0,86.0,90.0,109.0,117.0,144.0,207.0,221.0,254.0,312.0,319.0,339.0,341.0,366.0,420.0,474.0,487.0,499.0,504.0,526.0,532.0,535.0,535.0,538.0,540.0,541.0,548.0,551.0,555.0,563.0,565.0,577.0,579.0,582.0,591.0,598.0,607.0,619.0,623.0,626.0,629.0,652.0,653.0,659.0,661.0,682.0,695.0,725.0,750.0,758.0,768.0,784.0,797.0,799.0,807.0,810.0,813.0,849.0,866.0,874.0,878.0,878.0,891.0,891.0,898.0,916.0,950.0,957.0,973.0,995.0,
5.0,53.0,71.0,87.0,87.0,115.0,152.0,206.0,295.0,296.0,364.0,379.0,390.0,422.0,481.0,503.0,520.0,526.0,530.0,533.0,533.0,535.0,537.0,541.0,548.0,550.0,551.0,551.0,565.0,577.0,584.0,586.0,602.0,604.0,610.0,631.0,638.0,658.0,660.0,664.0,665.0,666.0,669.0,677.0,737.0,746.0,750.0,783.0,787.0,825.0,826.0,830.0,831.0,840.0,846.0,849.0,876.0,916.0,917.0,929.0,942.0,954.0,969.0,
55.0,65.0,79.0,93.0,111.0,120.0,159.0,226.0,236.0,246.0,250.0,269.0,277.0,296.0,309.0,314.0,361.0,452.0,488.0,514.0,519.0,526.0,531.0,539.0,545.0,550.0,550.0,551.0,551.0,552.0,552.0,552.0,557.0,561.0,582.0,598.0,608.0,610.0,615.0,622.0,627.0,631.0,632.0,653.0,663.0,674.0,683.0,689.0,696.0,704.0,705.0,728.0,740.0,744.0,767.0,780.0,814.0,821.0,850.0,853.0,862.0,868.0,868.0,870.0,870.0,875.0,883.0,884.0,905.0,907.0,926.0,935.0,949.0,964.0,965.0,975.0,988.0,994.0,
15.0,63.0,86.0,102.0,191.0,206.0,227.0,240.0,261.0,264.0,285.0,298.0,325.0,336.0,390.0,443.0,454.0,464.0,499.0,510.0,523.0,528.0,543.0,547.0,560.0,568.0,576.0,576.0,584.0,620.0,635.0,642.0,646.0,691.0,699.0,699.0,728.0,742.0,796.0,812.0,827.0,876.0,877.0,910.0,913.0,968.0,992.0,
53.0,62.0,62.0,63.0,101.0,136.0,147.0,156.0,158.0,208.0,242.0,257.0,286.0,292.0,306.0,363.0,369.0,380.0,390.0,429.0,460.0,467.0,496.0,519.0,522.0,524.0,530.0,531.0,533.0,538.0,543.0,554.0,554.0,554.0,557.0,564.0,567.0,575.0,586.0,594.0,594.0,608.0,612.0,623.0,627.0,630.0,635.0,638.0,654.0,670.0,671.0,672.0,678.0,687.0,692.0,694.0,730.0,735.0,752.0,753.0,753.0,755.0,767.0,773.0,793.0,800.0,829.0,888.0,890.0,897.0,909.0,915.0,927.0,955.0,955.0,973.0,976.0,993.0,
83.0,87.0,164.0,172.0,259.0,263.0,272.0,313.0,313.0,341.0,341.0,401.0,449.0,476.0,507.0,536.0,538.0,539.0,540.0,541.0,546.0,547.0,548.0,553.0,558.0,569.0,587.0,597.0,600.0,617.0,619.0,622.0,628.0,639.0,643.0,648.0,651.0,654.0,658.0,659.0,682.0,726.0,746.0,790.0,805.0,838.0,891.0,916.0,917.0,922.0,929.0,967.0,982.0,
51.0,54.0,94.0,122.0,146.0,181.0,186.0,245.0,270.0,296.0,359.0,379.0,413.0,414.0,429.0,482.0,514.0,519.0,523.0,527.0,531.0,535.0,536.0,540.0,540.0,544.0,545.0,551.0,556.0,573.0,578.0,580.0,584.0,585.0,590.0,599.0,641.0,648.0,664.0,665.0,671.0,674.0,676.0,724.0,736.0,767.0,769.0,774.0,791.0,823.0,838.0,894.0,939.0,940.0,957.0,966.0,967.0,997.0,
9.0,71.0,108.0,250.0,256.0,268.0,289.0,318.0,324.0,324.0,387.0,394.0,396.0,414.0,418.0,456.0,522.0,523.0,530.0,542.0,542.0,547.0,548.0,552.0,557.0,561.0,564.0,569.0,579.0,579.0,581.0,582.0,589.0,591.0,603.0,603.0,603.0,625.0,662.0,699.0,709.0,736.0,738.0,741.0,748.0,788.0,789.0,806.0,806.0,843.0,848.0,853.0,869.0,872.0,875.0,949.0,960.0,964.0,977.0,992.0,992.0,
8.0,8.0,14.0,26.0,110.0,149.0,156.0,164.0,203.0,208.0,220.0,224.0,290.0,310.0,340.0,448.0,459.0,501.0,514.0,514.0,515.0,521.0,533.0,537.0,545.0,545.0,553.0,557.0,558.0,562.0,565.0,569.0,571.0,581.0,617.0,649.0,652.0,658.0,673.0,692.0,701.0,739.0,743.0,758.0,767.0,786.0,804.0,805.0,815.0,824.0,839.0,854.0,868.0,876.0,886.0,928.0,946.0,975.0,993.0,998.0,
27.0,113.0,114.0,171.0,182.0,217.0,232.0,234.0,249.0,270.0,312.0,340.0,442.0,510.0,520.0,525.0,527.0,532.0,541.0,542.0,565.0,572.0,581.0,588.0,588.0,593.0,595.0,595.0,601.0,608.0,620.0,636.0,637.0,643.0,653.0,657.0,662.0,670.0,675.0,676.0,679.0,681.0,707.0,710.0,710.0,750.0,761.0,769.0,803.0,847.0,848.0,860.0,892.0,897.0,921.0,924.0,929.0,942.0,957.0,965.0,967.0,972.0,989.0,
4.0,4.0,21.0,35.0,70.0,83.0,182.0,249.0,257.0,264.0,367.0,382.0,398.0,400.0,421.0,425.0,521.0,529.0,540.0,543.0,547.0,551.0,566.0,573.0,580.0,587.0,593.0,596.0,598.0,602.0,602.0,604.0,613.0,627.0,635.0,641.0,657.0,662.0,666.0,691.0,693.0,710.0,724.0,725.0,772.0,802.0,813.0,845.0,871.0,881.0,929.0,950.0,950.0,959.0,967.0,987.0,
20.0,38.0,66.0,81.0,102.0,219.0,228.0,262.0,352.0,354.0,385.0,394.0,421.0,428.0,447.0,448.0,489.0,523.0,530.0,531.0,542.0,560.0,562.0,563.0,565.0,566.0,571.0,574.0,591.0,603.0,605.0,625.0,630.0,647.0,658.0,676.0,682.0,697.0,701.0,703.0,703.0,732.0,768.0,770.0,776.0,814.0,820.0,828.0,852.0,876.0,891.0,898.0,928.0,939.0,945.0,949.0,996.0,
6.0,11.0,13.0,40.0,112.0,132.0,202.0,222.0,223.0,257.0,257.0,277.0,279.0,279.0,339.0,369.0,375.0,383.0,399.0,460.0,474.0,494.0,514.0,519.0,535.0,535.0,543.0,544.0,546.0,551.0,552.0,558.0,576.0,585.0,586.0,609.0,609.0,617.0,625.0,627.0,630.0,658.0,665.0,673.0,681.0,690.0,692.0,697.0,701.0,708.0,733.0,734.0,734.0,766.0,796.0,798.0,804.0,841.0,846.0,847.0,852.0,854.0,870.0,878.0,880.0,893.0,906.0,917.0,939.0,942.0,947.0,
9.0,18.0,52.0,65.0,104.0,111.0,116.0,189.0,242.0,248.0,260.0,331.0,337.0,359.0,374.0,375.0,386.0,434.0,504.0,531.0,537.0,552.0,563.0,586.0,597.0,638.0,672.0,682.0,706.0,746.0,778.0,832.0,841.0,841.0,844.0,893.0,940.0,954.0,989.0,
10.0,29.0,41.0,126.0,137.0,233.0,299.0,311.0,311.0,329.0,346.0,378.0,386.0,517.0,527.0,528.0,548.0,551.0,552.0,555.0,558.0,575.0,586.0,588.0,588.0,593.0,596.0,596.0,613.0,622.0,629.0,639.0,641.0,647.0,652.0,661.0,663.0,664.0,665.0,671.0,673.0,692.0,699.0,700.0,715.0,719.0,736.0,753.0,756.0,765.0,787.0,815.0,823.0,873.0,882.0,902.0,903.0,912.0,923.0,934.0,949.0,954.0,954.0,958.0,960.0,997.0,
2.0,25.0,32.0,41.0,45.0,80.0,114.0,147.0,154.0,189.0,206.0,208.0,218.0,225.0,246.0,256.0,282.0,301.0,305.0,349.0,355.0,381.0,406.0,440.0,468.0,499.0,523.0,526.0,532.0,534.0,534.0,538.0,539.0,545.0,547.0,555.0,566.0,570.0,570.0,574.0,599.0,604.0,609.0,623.0,625.0,631.0,653.0,655.0,659.0,668.0,672.0,674.0,705.0,721.0,725.0,729.0,745.0,772.0,779.0,852.0,860.0,869.0,875.0,886.0,888.0,900.0,904.0,906.0,915.0,956.0,958.0,969.0,976.0,981.0,
10.0,36.0,60.0,64.0,85.0,101.0,168.0,179.0,195.0,270.0,358.0,374.0,425.0,441.0,451.0,481.0,526.0,532.0,537.0,540.0,541.0,545.0,547.0,547.0,548.0,549.0,551.0,552.0,563.0,568.0,570.0,575.0,579.0,587.0,600.0,604.0,610.0,615.0,641.0,648.0,655.0,675.0,705.0,729.0,734.0,736.0,745.0,751.0,793.0,819.0,838.0,842.0,843.0,843.0,881.0,884.0,888.0,914.0,949.0,
44.0,50.0,78.0,80.0,126.0,127.0,153.0,175.0,196.0,211.0,227.0,228.0,270.0,290.0,338.0,466.0,497.0,513.0,514.0,522.0,522.0,522.0,529.0,530.0,533.0,534.0,540.0,542.0,543.0,543.0,549.0,550.0,553.0,557.0,560.0,560.0,561.0,584.0,590.0,591.0,597.0,601.0,601.0,606.0,607.0,613.0,614.0,628.0,651.0,656.0,658.0,660.0,669.0,672.0,673.0,683.0,690.0,707.0,729.0,742.0,755.0,760.0,761.0,764.0,765.0,768.0,776.0,793.0,797.0,835.0,843.0,863.0,865.0,875.0,901.0,953.0,953.0,988.0,
62.0,64.0,72.0,86.0,145.0,169.0,171.0,176.0,178.0,187.0,226.0,241.0,261.0,325.0,361.0,372.0,384.0,430.0,520.0,522.0,523.0,525.0,528.0,568.0,570.0,574.0,589.0,606.0,620.0,637.0,644.0,648.0,657.0,708.0,732.0,737.0,767.0,803.0,803.0,844.0,862.0,909.0,934.0,948.0,960.0,971.0,
20.0,25.0,27.0,39.0,93.0,105.0,142.0,146.0,151.0,166.0,195.0,203.0,237.0,250.0,267.0,319.0,327.0,341.0,417.0,431.0,432.0,451.0,456.0,465.0,501.0,520.0,526.0,530.0,536.0,538.0,542.0,546.0,550.0,552.0,558.0,559.0,568.0,574.0,577.0,623.0,627.0,638.0,639.0,640.0,644.0,646.0,671.0,673.0,675.0,699.0,704.0,710.0,745.0,749.0,763.0,777.0,811.0,816.0,848.0,854.0,970.0,
32.0,48.0,65.0,75.0,141.0,161.0,202.0,212.0,264.0,278.0,286.0,290.0,293.0,304.0,334.0,364.0,395.0,400.0,426.0,430.0,445.0,464.0,478.0,484.0,488.0,501.0,533.0,534.0,534.0,537.0,538.0,540.0,550.0,554.0,555.0,559.0,563.0,564.0,566.0,567.0,575.0,591.0,603.0,604.0,611.0,615.0,619.0,622.0,627.0,633.0,634.0,636.0,642.0,659.0,674.0,680.0,715.0,719.0,725.0,727.0,735.0,744.0,760.0,771.0,791.0,836.0,864.0,867.0,867.0,892.0,903.0,917.0,931.0,941.0,944.0,945.0,954.0,985.0,
76.0,127.0,188.0,222.0,233.0,258.0,262.0,280.0,296.0,298.0,332.0,333.0,381.0,386.0,405.0,470.0,484.0,488.0,514.0,516.0,517.0,522.0,525.0,534.0,534.0,547.0,549.0,549.0,550.0,572.0,588.0,590.0,592.0,643.0,662.0,680.0,691.0,704.0,708.0,715.0,718.0,742.0,745.0,752.0,758.0,761.0,768.0,778.0,782.0,796.0,841.0,846.0,878.0,898.0,917.0,943.0,943.0,966.0,
22.0,34.0,89.0,117.0,194.0,202.0,249.0,340.0,348.0,421.0,506.0,513.0,523.0,530.0,531.0,533.0,542.0,546.0,546.0,548.0,557.0,560.0,561.0,562.0,580.0,581.0,581.0,588.0,594.0,600.0,602.0,614.0,620.0,636.0,650.0,656.0,658.0,661.0,666.0,687.0,690.0,711.0,726.0,728.0,746.0,746.0,747.0,750.0,758.0,769.0,818.0,828.0,846.0,849.0,851.0,852.0,883.0,893.0,904.0,915.0,930.0,938.0,946.0,960.0,961.0,965.0,970.0,980.0,981.0,1000.0,
6.0,21.0,26.0,53.0,108.0,127.0,144.0,164.0,165.0,277.0,297.0,302.0,320.0,355.0,361.0,409.0,411.0,415.0,419.0,442.0,459.0,474.0,499.0,513.0,530.0,532.0,550.0,558.0,586.0,599.0,653.0,840.0,845.0,880.0,964.0,
7.0,8.0,12.0,31.0,37.0,40.0,50.0,61.0,75.0,76.0,134.0,151.0,229.0,229.0,230.0,254.0,281.0,446.0,466.0,467.0,514.0,519.0,525.0,530.0,531.0,534.0,536.0,541.0,552.0,554.0,555.0,567.0,577.0,581.0,593.0,626.0,628.0,639.0,641.0,654.0,660.0,667.0,671.0,671.0,684.0,704.0,717.0,730.0,737.0,759.0,783.0,787.0,787.0,827.0,839.0,870.0,881.0,900.0,914.0,928.0,946.0,
35.0,47.0,103.0,151.0,185.0,191.0,221.0,250.0,253.0,275.0,337.0,350.0,353.0,360.0,376.0,384.0,404.0,408.0,414.0,484.0,522.0,528.0,537.0,542.0,548.0,549.0,551.0,559.0,581.0,581.0,583.0,591.0,613.0,623.0,654.0,655.0,656.0,657.0,663.0,690.0,698.0,700.0,712.0,741.0,761.0,789.0,790.0,793.0,793.0,793.0,800.0,800.0,809.0,812.0,814.0,824.0,827.0,833.0,840.0,840.0,841.0,848.0,865.0,881.0,891.0,925.0,932.0,954.0,963.0,969.0,980.0,999.0,
36.0,54.0,70.0,113.0,117.0,143.0,202.0,257.0,263.0,265.0,312.0,317.0,432.0,463.0,474.0,476.0,520.0,528.0,529.0,531.0,533.0,540.0,541.0,542.0,543.0,546.0,546.0,547.0,555.0,562.0,565.0,566.0,568.0,577.0,579.0,580.0,592.0,595.0,601.0,609.0,611.0,613.0,617.0,622.0,622.0,624.0,624.0,638.0,642.0,644.0,646.0,654.0,655.0,664.0,707.0,712.0,724.0,725.0,744.0,766.0,786.0,796.0,824.0,824.0,834.0,835.0,853.0,853.0,860.0,879.0,887.0,925.0,933.0,936.0,949.0,956.0,966.0,970.0,975.0,977.0,995.0,
27.0,56.0,71.0,251.0,262.0,301.0,325.0,379.0,457.0,520.0,528.0,532.0,535.0,536.0,539.0,544.0,548.0,549.0,552.0,554.0,555.0,557.0,572.0,577.0,578.0,583.0,590.0,591.0,592.0,607.0,618.0,636.0,638.0,664.0,669.0,671.0,680.0,684.0,706.0,714.0,718.0,739.0,791.0,807.0,807.0,809.0,849.0,855.0,861.0,886.0,893.0,958.0,975.0,988.0,997.0,
20.0,86.0,112.0,139.0,148.0,226.0,284.0,310.0,319.0,324.0,398.0,399.0,405.0,469.0,505.0,511.0,517.0,525.0,527.0,527.0,530.0,531.0,534.0,536.0,556.0,556.0,558.0,571.0,580.0,607.0,612.0,612.0,615.0,615.0,619.0,629.0,631.0,655.0,683.0,711.0,754.0,757.0,766.0,769.0,785.0,811.0,830.0,841.0,856.0,877.0,901.0,952.0,966.0,976.0,997.0,999.0,
25.0,104.0,124.0,136.0,201.0,210.0,223.0,257.0,272.0,292.0,303.0,312.0,352.0,448.0,496.0,526.0,536.0,537.0,539.0,544.0,546.0,549.0,560.0,563.0,565.0,565.0,574.0,576.0,579.0,580.0,584.0,584.0,594.0,598.0,635.0,639.0,641.0,651.0,657.0,661.0,664.0,673.0,697.0,699.0,699.0,717.0,728.0,761.0,761.0,784.0,794.0,812.0,849.0,858.0,872.0,878.0,894.0,899.0,900.0,914.0,956.0,964.0,966.0,968.0,970.0,992.0,
79.0,102.0,177.0,180.0,194.0,197.0,245.0,255.0,284.0,288.0,298.0,303.0,330.0,339.0,359.0,403.0,405.0,413.0,418.0,438.0,518.0,525.0,531.0,535.0,545.0,547.0,554.0,560.0,562.0,575.0,578.0,578.0,579.0,601.0,603.0,604.0,614.0,620.0,642.0,674.0,681.0,685.0,696.0,700.0,718.0,723.0,723.0,749.0,751.0,767.0,771.0,783.0,790.0,790.0,793.0,801.0,805.0,813.0,818.0,868.0,918.0,945.0,977.0,
13.0,42.0,120.0,165.0,169.0,178.0,220.0,269.0,305.0,312.0,316.0,317.0,343.0,365.0,392.0,400.0,439.0,481.0,511.0,520.0,520.0,527.0,529.0,530.0,530.0,539.0,540.0,542.0,549.0,555.0,560.0,561.0,562.0,575.0,575.0,582.0,583.0,599.0,615.0,628.0,634.0,648.0,651.0,682.0,684.0,696.0,720.0,723.0,734.0,744.0,752.0,792.0,813.0,824.0,832.0,832.0,835.0,841.0,850.0,851.0,864.0,869.0,895.0,897.0,897.0,906.0,922.0,923.0,932.0,939.0,941.0,942.0,945.0,971.0,972.0,982.0,983.0,985.0,993.0,
2.0,6.0,15.0,119.0,130.0,132.0,192.0,210.0,216.0,231.0,277.0,303.0,345.0,397.0,437.0,465.0,467.0,469.0,484.0,522.0,525.0,556.0,556.0,558.0,566.0,578.0,587.0,603.0,614.0,629.0,631.0,636.0,641.0,645.0,659.0,683.0,698.0,700.0,722.0,743.0,804.0,862.0,863.0,870.0,875.0,888.0,921.0,930.0,934.0,934.0,950.0,963.0,977.0,993.0,
9.0,25.0,116.0,129.0,215.0,243.0,257.0,340.0,354.0,384.0,404.0,435.0,452.0,537.0,631.0,682.0,726.0,739.0,747.0,757.0,770.0,822.0,848.0,879.0,884.0,889.0,927.0,972.0,
12.0,71.0,90.0,131.0,200.0,254.0,276.0,277.0,363.0,392.0,419.0,531.0,532.0,546.0,552.0,555.0,556.0,567.0,594.0,601.0,610.0,650.0,677.0,699.0,727.0,749.0,755.0,780.0,799.0,802.0,831.0,833.0,854.0,858.0,869.0,871.0,891.0,906.0,911.0,964.0,975.0,984.0,992.0,
2.0,57.0,80.0,113.0,133.0,217.0,229.0,324.0,332.0,360.0,370.0,409.0,420.0,429.0,433.0,451.0,458.0,466.0,520.0,533.0,540.0,550.0,551.0,551.0,568.0,570.0,589.0,591.0,593.0,601.0,609.0,610.0,624.0,630.0,631.0,633.0,637.0,649.0,657.0,671.0,685.0,695.0,706.0,707.0,715.0,752.0,772.0,780.0,792.0,804.0,809.0,812.0,821.0,838.0,896.0,902.0,940.0,944.0,959.0,
94.0,182.0,224.0,236.0,239.0,283.0,286.0,311.0,364.0,370.0,373.0,376.0,423.0,444.0,446.0,453.0,488.0,496.0,513.0,524.0,542.0,547.0,554.0,554.0,554.0,559.0,561.0,563.0,566.0,587.0,591.0,597.0,599.0,605.0,606.0,608.0,610.0,613.0,633.0,662.0,665.0,696.0,711.0,739.0,741.0,744.0,783.0,787.0,789.0,824.0,824.0,851.0,862.0,870.0,900.0,924.0,927.0,951.0,954.0,960.0,960.0,962.0,963.0,985.0,998.0,
22.0,46.0,52.0,54.0,114.0,225.0,289.0,289.0,333.0,405.0,426.0,448.0,458.0,495.0,517.0,525.0,531.0,537.0,544.0,548.0,548.0,549.0,550.0,553.0,553.0,555.0,555.0,577.0,585.0,589.0,594.0,606.0,616.0,623.0,627.0,649.0,688.0,691.0,694.0,732.0,751.0,788.0,790.0,802.0,811.0,817.0,843.0,887.0,930.0,993.0,998.0,
52.0,55.0,87.0,95.0,121.0,137.0,151.0,159.0,164.0,182.0,209.0,210.0,250.0,281.0,306.0,338.0,353.0,354.0,395.0,417.0,476.0,493.0,498.0,523.0,523.0,528.0,530.0,531.0,553.0,563.0,578.0,582.0,583.0,586.0,592.0,595.0,598.0,601.0,602.0,613.0,617.0,626.0,630.0,636.0,645.0,647.0,651.0,655.0,661.0,675.0,679.0,712.0,717.0,755.0,769.0,809.0,840.0,841.0,842.0,980.0,
101.0,146.0,167.0,224.0,229.0,272.0,275.0,275.0,283.0,292.0,324.0,360.0,361.0,387.0,402.0,405.0,443.0,461.0,462.0,478.0,491.0,521.0,522.0,528.0,530.0,531.0,536.0,540.0,541.0,544.0,545.0,549.0,554.0,556.0,559.0,559.0,560.0,565.0,566.0,568.0,569.0,570.0,579.0,580.0,580.0,591.0,600.0,606.0,610.0,627.0,656.0,690.0,705.0,718.0,733.0,734.0,762.0,765.0,769.0,779.0,806.0,808.0,829.0,872.0,934.0,944.0,976.0,994.0,996.0,
46.0,60.0,101.0,107.0,117.0,209.0,230.0,279.0,279.0,304.0,327.0,329.0,336.0,336.0,342.0,358.0,408.0,425.0,429.0,442.0,494.0,512.0,524.0,530.0,538.0,538.0,546.0,550.0,552.0,554.0,555.0,560.0,563.0,565.0,568.0,568.0,573.0,578.0,582.0,597.0,600.0,612.0,632.0,632.0,644.0,665.0,678.0,689.0,692.0,706.0,711.0,719.0,720.0,722.0,727.0,747.0,750.0,750.0,762.0,766.0,799.0,807.0,814.0,835.0,844.0,863.0,882.0,884.0,907.0,912.0,933.0,958.0,968.0,990.0,997.0,
4.0,18.0,20.0,24.0,45.0,47.0,52.0,57.0,66.0,81.0,85.0,101.0,116.0,135.0,163.0,168.0,175.0,185.0,202.0,227.0,281.0,340.0,377.0,436.0,437.0,455.0,460.0,516.0,533.0,536.0,538.0,541.0,541.0,542.0,543.0,543.0,545.0,545.0,546.0,547.0,548.0,548.0,552.0,553.0,555.0,556.0,559.0,560.0,561.0,562.0,565.0,586.0,601.0,613.0,613.0,615.0,617.0,622.0,625.0,629.0,636.0,700.0,724.0,756.0,779.0,788.0,789.0,803.0,807.0,829.0,837.0,839.0,840.0,841.0,849.0,871.0,875.0,946.0,983.0,990.0,997.0,
28.0,69.0,83.0,113.0,114.0,147.0,155.0,210.0,220.0,258.0,287.0,386.0,391.0,452.0,456.0,464.0,494.0,514.0,515.0,516.0,518.0,544.0,545.0,558.0,609.0,611.0,710.0,747.0,801.0,875.0,895.0,896.0,960.0,961.0,983.0,991.0,
62.0,62.0,64.0,81.0,88.0,105.0,111.0,124.0,169.0,196.0,200.0,246.0,257.0,288.0,300.0,304.0,341.0,358.0,387.0,424.0,425.0,436.0,468.0,477.0,501.0,535.0,546.0,553.0,564.0,623.0,635.0,699.0,705.0,748.0,791.0,794.0,819.0,823.0,863.0,905.0,927.0,930.0,937.0,952.0,966.0,966.0,
18.0,33.0,41.0,60.0,62.0,70.0,113.0,162.0,173.0,202.0,213.0,224.0,283.0,321.0,324.0,343.0,356.0,387.0,416.0,489.0,497.0,526.0,618.0,648.0,687.0,695.0,743.0,855.0,878.0,950.0,961.0,971.0,
2.0,27.0,30.0,111.0,147.0,178.0,179.0,194.0,256.0,286.0,297.0,404.0,412.0,446.0,470.0,509.0,537.0,540.0,553.0,571.0,605.0,620.0,621.0,625.0,652.0,684.0,692.0,699.0,711.0,713.0,716.0,723.0,764.0,821.0,866.0,943.0,956.0,967.0,974.0,984.0,990.0,
14.0,50.0,99.0,107.0,172.0,201.0,203.0,212.0,258.0,268.0,297.0,322.0,329.0,388.0,403.0,467.0,477.0,480.0,519.0,520.0,524.0,527.0,533.0,538.0,539.0,540.0,542.0,548.0,559.0,563.0,568.0,582.0,583.0,588.0,588.0,595.0,599.0,602.0,603.0,618.0,621.0,630.0,644.0,672.0,697.0,701.0,704.0,713.0,719.0,733.0,739.0,740.0,745.0,752.0,787.0,824.0,832.0,835.0,842.0,862.0,907.0,915.0,943.0,949.0,957.0,985.0,985.0,
2.0,9.0,21.0,73.0,82.0,113.0,114.0,142.0,166.0,193.0,236.0,238.0,257.0,257.0,289.0,290.0,291.0,304.0,376.0,391.0,436.0,481.0,506.0,510.0,511.0,527.0,530.0,535.0,536.0,541.0,555.0,556.0,562.0,563.0,563.0,564.0,567.0,574.0,576.0,576.0,585.0,589.0,601.0,604.0,607.0,609.0,610.0,612.0,625.0,625.0,627.0,634.0,645.0,653.0,675.0,699.0,699.0,710.0,724.0,725.0,739.0,740.0,777.0,791.0,794.0,795.0,805.0,813.0,813.0,819.0,823.0,828.0,828.0,841.0,842.0,844.0,850.0,866.0,873.0,881.0,885.0,891.0,926.0,937.0,939.0,954.0,978.0,979.0,980.0,983.0,985.0,993.0,993.0,999.0,
28.0,56.0,75.0,80.0,85.0,116.0,140.0,141.0,150.0,234.0,252.0,263.0,267.0,291.0,300.0,350.0,369.0,408.0,440.0,443.0,451.0,454.0,519.0,521.0,537.0,539.0,539.0,544.0,555.0,555.0,557.0,558.0,559.0,565.0,565.0,568.0,577.0,582.0,588.0,590.0,601.0,605.0,610.0,610.0,632.0,647.0,648.0,660.0,662.0,679.0,684.0,699.0,733.0,744.0,744.0,758.0,768.0,772.0,783.0,793.0,816.0,817.0,826.0,832.0,839.0,866.0,882.0,905.0,908.0,911.0,919.0,925.0,933.0,973.0,988.0,991.0,995.0,
10.0,22.0,63.0,71.0,113.0,133.0,141.0,184.0,189.0,213.0,225.0,228.0,254.0,275.0,287.0,328.0,342.0,372.0,410.0,478.0,488.0,516.0,523.0,524.0,524.0,533.0,548.0,549.0,556.0,566.0,574.0,575.0,576.0,586.0,599.0,605.0,616.0,650.0,652.0,659.0,670.0,680.0,682.0,705.0,714.0,763.0,791.0,792.0,794.0,794.0,797.0,814.0,820.0,825.0,841.0,857.0,865.0,867.0,868.0,921.0,926.0,928.0,955.0,978.0,
88.0,93.0,99.0,134.0,156.0,227.0,257.0,267.0,267.0,299.0,303.0,303.0,314.0,371.0,426.0,432.0,489.0,504.0,510.0,512.0,526.0,531.0,536.0,542.0,543.0,550.0,550.0,559.0,564.0,571.0,584.0,588.0,596.0,602.0,607.0,615.0,616.0,629.0,638.0,644.0,662.0,666.0,668.0,677.0,680.0,698.0,713.0,714.0,715.0,748.0,762.0,769.0,780.0,782.0,794.0,814.0,819.0,824.0,830.0,835.0,849.0,866.0,955.0,966.0,
10.0,21.0,26.0,29.0,46.0,81.0,93.0,122.0,127.0,142.0,169.0,282.0,316.0,323.0,417.0,437.0,439.0,477.0,487.0,516.0,521.0,531.0,550.0,572.0,580.0,611.0,644.0,652.0,657.0,693.0,705.0,707.0,713.0,766.0,774.0,807.0,808.0,812.0,813.0,826.0,882.0,891.0,907.0,926.0,940.0,978.0,
2.0,43.0,76.0,89.0,112.0,154.0,190.0,243.0,244.0,270.0,277.0,285.0,314.0,315.0,366.0,368.0,374.0,420.0,427.0,454.0,456.0,465.0,480.0,482.0,501.0,504.0,526.0,560.0,614.0,629.0,666.0,716.0,727.0,788.0,814.0,829.0,949.0,953.0,977.0,
