10.0,13.0,23.0,50.0,80.0,114.0,128.0,145.0,158.0,198.0,227.0,312.0,316.0,345.0,351.0,372.0,599.0,600.0,617.0,643.0,673.0,755.0,857.0,926.0,981.0,
27.0,55.0,131.0,197.0,217.0,246.0,293.0,337.0,339.0,346.0,364.0,379.0,421.0,497.0,499.0,612.0,631.0,664.0,677.0,693.0,718.0,739.0,779.0,780.0,782.0,791.0,809.0,820.0,831.0,837.0,865.0,866.0,877.0,893.0,928.0,959.0,990.0,
29.0,30.0,76.0,88.0,123.0,125.0,151.0,153.0,207.0,216.0,247.0,261.0,322.0,322.0,420.0,421.0,467.0,492.0,540.0,575.0,656.0,666.0,689.0,690.0,709.0,722.0,768.0,789.0,836.0,934.0,944.0,975.0,987.0,
7.0,25.0,42.0,144.0,154.0,189.0,207.0,258.0,265.0,281.0,287.0,290.0,300.0,308.0,321.0,379.0,380.0,387.0,389.0,407.0,429.0,441.0,443.0,463.0,466.0,557.0,573.0,654.0,689.0,707.0,711.0,715.0,776.0,809.0,922.0,939.0,959.0,961.0,979.0,1000.0,
23.0,51.0,84.0,85.0,147.0,189.0,194.0,222.0,260.0,301.0,306.0,470.0,487.0,540.0,569.0,588.0,599.0,603.0,663.0,670.0,674.0,721.0,736.0,788.0,794.0,872.0,889.0,896.0,916.0,929.0,987.0,991.0,
20.0,34.0,48.0,74.0,86.0,94.0,106.0,162.0,168.0,215.0,217.0,221.0,266.0,296.0,300.0,304.0,305.0,306.0,310.0,391.0,393.0,435.0,458.0,474.0,476.0,493.0,524.0,550.0,552.0,575.0,579.0,589.0,593.0,599.0,663.0,696.0,707.0,736.0,771.0,837.0,854.0,866.0,877.0,885.0,888.0,896.0,927.0,931.0,931.0,998.0,
5.0,62.0,86.0,125.0,166.0,171.0,172.0,183.0,217.0,308.0,311.0,313.0,349.0,388.0,390.0,396.0,428.0,496.0,560.0,590.0,594.0,669.0,708.0,750.0,755.0,759.0,770.0,788.0,791.0,794.0,803.0,829.0,844.0,909.0,924.0,929.0,930.0,952.0,962.0,963.0,965.0,993.0,
18.0,60.0,88.0,99.0,127.0,146.0,154.0,157.0,158.0,192.0,242.0,257.0,294.0,302.0,313.0,323.0,324.0,335.0,346.0,354.0,358.0,383.0,402.0,435.0,449.0,457.0,468.0,471.0,479.0,509.0,514.0,515.0,601.0,693.0,778.0,835.0,873.0,961.0,984.0,
28.0,39.0,49.0,54.0,82.0,102.0,144.0,172.0,185.0,205.0,264.0,318.0,322.0,330.0,381.0,411.0,412.0,533.0,535.0,550.0,590.0,622.0,665.0,691.0,700.0,755.0,781.0,799.0,839.0,869.0,872.0,896.0,907.0,925.0,959.0,966.0,
60.0,86.0,147.0,154.0,161.0,170.0,193.0,207.0,232.0,264.0,284.0,288.0,326.0,328.0,353.0,362.0,367.0,380.0,389.0,402.0,403.0,424.0,442.0,536.0,540.0,540.0,554.0,568.0,575.0,630.0,682.0,716.0,742.0,749.0,761.0,778.0,780.0,782.0,800.0,833.0,841.0,887.0,913.0,937.0,978.0,988.0,
14.0,17.0,22.0,43.0,47.0,85.0,102.0,102.0,118.0,156.0,199.0,201.0,251.0,254.0,291.0,293.0,307.0,309.0,311.0,412.0,424.0,429.0,473.0,574.0,592.0,596.0,610.0,616.0,622.0,723.0,743.0,753.0,754.0,786.0,800.0,811.0,906.0,933.0,940.0,942.0,955.0,956.0,966.0,966.0,986.0,
4.0,89.0,109.0,125.0,131.0,158.0,166.0,170.0,171.0,182.0,214.0,222.0,227.0,299.0,303.0,310.0,311.0,322.0,347.0,349.0,362.0,380.0,390.0,459.0,466.0,471.0,519.0,552.0,558.0,578.0,671.0,784.0,802.0,838.0,876.0,912.0,929.0,
10.0,49.0,85.0,86.0,123.0,137.0,138.0,141.0,178.0,234.0,262.0,289.0,307.0,344.0,364.0,399.0,406.0,416.0,417.0,471.0,495.0,515.0,522.0,573.0,579.0,635.0,649.0,680.0,696.0,731.0,762.0,770.0,774.0,796.0,812.0,833.0,872.0,892.0,967.0,967.0,
16.0,31.0,41.0,50.0,96.0,133.0,156.0,287.0,308.0,326.0,342.0,360.0,387.0,389.0,389.0,424.0,436.0,437.0,455.0,456.0,458.0,464.0,499.0,504.0,551.0,552.0,554.0,558.0,561.0,568.0,602.0,622.0,632.0,712.0,714.0,745.0,784.0,830.0,861.0,882.0,927.0,930.0,995.0,
8.0,10.0,11.0,36.0,77.0,86.0,120.0,132.0,134.0,149.0,150.0,161.0,224.0,232.0,244.0,269.0,288.0,352.0,404.0,418.0,448.0,493.0,497.0,506.0,586.0,632.0,644.0,646.0,683.0,688.0,733.0,777.0,784.0,809.0,832.0,834.0,853.0,855.0,858.0,865.0,904.0,919.0,922.0,925.0,929.0,937.0,969.0,987.0,
4.0,50.0,63.0,137.0,149.0,150.0,160.0,180.0,232.0,295.0,295.0,356.0,395.0,456.0,560.0,563.0,572.0,588.0,609.0,709.0,724.0,726.0,736.0,783.0,830.0,877.0,965.0,995.0,
40.0,49.0,62.0,143.0,178.0,180.0,244.0,249.0,251.0,412.0,419.0,437.0,442.0,475.0,524.0,536.0,550.0,558.0,572.0,668.0,677.0,750.0,758.0,805.0,807.0,818.0,838.0,922.0,929.0,946.0,952.0,955.0,967.0,
25.0,45.0,65.0,93.0,112.0,157.0,217.0,255.0,268.0,270.0,279.0,280.0,310.0,352.0,426.0,443.0,443.0,465.0,517.0,538.0,556.0,580.0,602.0,641.0,660.0,665.0,675.0,691.0,693.0,693.0,741.0,753.0,802.0,873.0,886.0,917.0,922.0,938.0,983.0,983.0,989.0,
14.0,23.0,32.0,59.0,196.0,202.0,250.0,345.0,470.0,476.0,501.0,508.0,511.0,515.0,522.0,531.0,535.0,560.0,583.0,588.0,596.0,718.0,729.0,739.0,743.0,817.0,820.0,837.0,840.0,912.0,934.0,951.0,961.0,985.0,990.0,
23.0,42.0,50.0,57.0,60.0,101.0,105.0,134.0,135.0,155.0,158.0,191.0,193.0,209.0,209.0,218.0,276.0,288.0,314.0,319.0,367.0,390.0,405.0,416.0,420.0,425.0,427.0,431.0,436.0,459.0,531.0,596.0,638.0,666.0,675.0,715.0,721.0,740.0,794.0,817.0,836.0,852.0,865.0,888.0,933.0,933.0,
9.0,46.0,52.0,75.0,77.0,142.0,160.0,163.0,215.0,250.0,349.0,354.0,375.0,383.0,476.0,497.0,550.0,552.0,553.0,556.0,596.0,602.0,680.0,696.0,711.0,716.0,725.0,727.0,741.0,761.0,771.0,776.0,782.0,786.0,881.0,894.0,904.0,913.0,966.0,1000.0,
73.0,83.0,86.0,101.0,114.0,125.0,132.0,158.0,206.0,222.0,274.0,283.0,295.0,321.0,331.0,354.0,359.0,388.0,399.0,400.0,407.0,410.0,414.0,429.0,457.0,480.0,569.0,592.0,609.0,695.0,707.0,745.0,758.0,783.0,792.0,827.0,836.0,883.0,911.0,920.0,924.0,967.0,971.0,978.0,
45.0,66.0,291.0,315.0,320.0,330.0,340.0,356.0,369.0,373.0,385.0,404.0,417.0,428.0,486.0,569.0,571.0,582.0,631.0,659.0,699.0,770.0,814.0,830.0,846.0,876.0,902.0,903.0,921.0,954.0,
40.0,130.0,154.0,187.0,216.0,230.0,267.0,277.0,281.0,368.0,375.0,381.0,388.0,393.0,411.0,425.0,446.0,475.0,492.0,499.0,525.0,555.0,569.0,574.0,615.0,625.0,646.0,661.0,707.0,910.0,935.0,961.0,999.0,
14.0,55.0,137.0,186.0,210.0,212.0,239.0,253.0,283.0,284.0,293.0,394.0,398.0,434.0,452.0,500.0,525.0,542.0,548.0,584.0,679.0,691.0,699.0,712.0,769.0,775.0,798.0,798.0,825.0,853.0,892.0,957.0,958.0,971.0,
14.0,39.0,48.0,75.0,76.0,77.0,153.0,184.0,218.0,225.0,241.0,273.0,283.0,294.0,294.0,297.0,330.0,333.0,353.0,363.0,391.0,444.0,461.0,486.0,496.0,499.0,511.0,552.0,577.0,595.0,614.0,656.0,676.0,713.0,781.0,832.0,915.0,
6.0,13.0,109.0,130.0,144.0,150.0,170.0,183.0,233.0,274.0,276.0,360.0,368.0,371.0,483.0,491.0,520.0,527.0,529.0,532.0,534.0,538.0,552.0,588.0,625.0,727.0,739.0,855.0,869.0,943.0,981.0,
36.0,83.0,104.0,138.0,182.0,184.0,185.0,193.0,237.0,243.0,250.0,333.0,336.0,351.0,367.0,395.0,442.0,556.0,560.0,600.0,630.0,645.0,740.0,747.0,748.0,752.0,777.0,782.0,808.0,822.0,867.0,871.0,879.0,887.0,895.0,904.0,912.0,912.0,959.0,961.0,973.0,993.0,
16.0,27.0,30.0,134.0,147.0,159.0,204.0,217.0,219.0,254.0,306.0,358.0,372.0,387.0,404.0,528.0,559.0,565.0,565.0,566.0,582.0,591.0,603.0,630.0,687.0,687.0,732.0,744.0,863.0,907.0,925.0,965.0,982.0,
12.0,67.0,85.0,85.0,112.0,115.0,146.0,162.0,176.0,214.0,226.0,230.0,252.0,284.0,313.0,314.0,341.0,375.0,463.0,481.0,512.0,537.0,568.0,619.0,645.0,664.0,669.0,696.0,711.0,715.0,716.0,743.0,743.0,770.0,818.0,877.0,889.0,896.0,900.0,943.0,958.0,998.0,
21.0,39.0,49.0,196.0,202.0,213.0,222.0,238.0,241.0,246.0,295.0,321.0,331.0,364.0,368.0,383.0,413.0,435.0,441.0,482.0,511.0,526.0,540.0,545.0,548.0,574.0,576.0,579.0,589.0,614.0,627.0,677.0,703.0,757.0,801.0,873.0,935.0,962.0,984.0,998.0,
64.0,102.0,103.0,173.0,183.0,259.0,276.0,318.0,362.0,437.0,500.0,508.0,526.0,583.0,586.0,593.0,636.0,641.0,651.0,734.0,780.0,783.0,790.0,895.0,937.0,938.0,984.0,
44.0,139.0,204.0,230.0,242.0,248.0,255.0,282.0,306.0,313.0,319.0,320.0,338.0,354.0,364.0,369.0,411.0,442.0,446.0,479.0,517.0,593.0,599.0,610.0,658.0,685.0,707.0,748.0,761.0,815.0,825.0,834.0,855.0,862.0,904.0,958.0,973.0,986.0,990.0,992.0,
58.0,97.0,129.0,166.0,174.0,187.0,187.0,254.0,255.0,296.0,310.0,391.0,410.0,488.0,524.0,548.0,664.0,705.0,724.0,881.0,909.0,942.0,957.0,965.0,976.0,982.0,
74.0,93.0,106.0,131.0,153.0,160.0,176.0,189.0,210.0,220.0,220.0,244.0,295.0,302.0,327.0,367.0,387.0,390.0,414.0,450.0,453.0,461.0,488.0,504.0,530.0,543.0,554.0,563.0,565.0,572.0,603.0,624.0,671.0,746.0,780.0,788.0,864.0,867.0,868.0,873.0,911.0,921.0,984.0,988.0,
79.0,121.0,133.0,141.0,158.0,163.0,167.0,176.0,256.0,257.0,270.0,326.0,357.0,390.0,402.0,446.0,451.0,494.0,524.0,535.0,549.0,550.0,563.0,570.0,574.0,578.0,591.0,607.0,619.0,668.0,668.0,759.0,781.0,783.0,788.0,830.0,854.0,873.0,878.0,907.0,913.0,971.0,982.0,996.0,
61.0,114.0,141.0,159.0,192.0,210.0,211.0,233.0,247.0,343.0,370.0,384.0,422.0,429.0,472.0,517.0,538.0,586.0,602.0,681.0,686.0,703.0,716.0,727.0,769.0,850.0,868.0,886.0,904.0,
46.0,150.0,181.0,187.0,191.0,209.0,213.0,217.0,238.0,239.0,272.0,291.0,309.0,320.0,353.0,370.0,422.0,459.0,465.0,492.0,494.0,532.0,566.0,574.0,619.0,696.0,707.0,740.0,953.0,
12.0,67.0,73.0,141.0,202.0,234.0,237.0,239.0,244.0,252.0,297.0,298.0,306.0,315.0,335.0,347.0,426.0,462.0,469.0,526.0,571.0,588.0,610.0,626.0,668.0,736.0,744.0,769.0,789.0,809.0,810.0,881.0,894.0,930.0,
3.0,5.0,61.0,70.0,74.0,105.0,194.0,196.0,209.0,216.0,255.0,367.0,367.0,386.0,449.0,489.0,503.0,521.0,568.0,630.0,638.0,681.0,693.0,710.0,714.0,730.0,747.0,836.0,837.0,889.0,904.0,962.0,968.0,968.0,982.0,
53.0,107.0,131.0,183.0,188.0,192.0,209.0,216.0,245.0,257.0,290.0,313.0,327.0,349.0,371.0,435.0,444.0,530.0,536.0,539.0,561.0,562.0,582.0,583.0,640.0,682.0,684.0,705.0,728.0,733.0,785.0,792.0,809.0,851.0,862.0,881.0,938.0,981.0,
6.0,59.0,90.0,97.0,142.0,217.0,261.0,280.0,301.0,305.0,307.0,311.0,323.0,361.0,374.0,388.0,389.0,423.0,429.0,440.0,455.0,465.0,493.0,527.0,540.0,660.0,662.0,724.0,769.0,835.0,861.0,962.0,993.0,
35.0,37.0,50.0,70.0,103.0,107.0,119.0,226.0,227.0,248.0,301.0,311.0,380.0,392.0,403.0,464.0,485.0,536.0,592.0,617.0,622.0,652.0,722.0,726.0,754.0,824.0,837.0,882.0,947.0,957.0,993.0,
20.0,34.0,64.0,71.0,77.0,78.0,143.0,163.0,163.0,256.0,343.0,367.0,385.0,390.0,449.0,473.0,474.0,490.0,524.0,531.0,538.0,647.0,799.0,813.0,826.0,856.0,884.0,891.0,929.0,983.0,
17.0,33.0,50.0,53.0,92.0,126.0,175.0,247.0,255.0,276.0,297.0,307.0,383.0,399.0,416.0,417.0,418.0,442.0,450.0,468.0,493.0,498.0,504.0,515.0,524.0,534.0,535.0,536.0,538.0,539.0,545.0,545.0,556.0,559.0,578.0,580.0,582.0,582.0,584.0,615.0,620.0,650.0,666.0,688.0,697.0,699.0,707.0,726.0,803.0,814.0,814.0,841.0,880.0,887.0,887.0,891.0,907.0,928.0,945.0,953.0,973.0,981.0,989.0,
16.0,41.0,59.0,66.0,76.0,192.0,197.0,205.0,276.0,297.0,317.0,322.0,375.0,431.0,462.0,488.0,488.0,505.0,519.0,530.0,532.0,546.0,551.0,553.0,559.0,560.0,561.0,562.0,565.0,572.0,572.0,579.0,587.0,600.0,619.0,624.0,632.0,633.0,657.0,671.0,692.0,694.0,712.0,713.0,733.0,736.0,740.0,756.0,770.0,775.0,778.0,785.0,786.0,791.0,798.0,802.0,803.0,811.0,817.0,837.0,838.0,851.0,891.0,898.0,920.0,924.0,926.0,933.0,936.0,938.0,944.0,944.0,951.0,967.0,973.0,981.0,983.0,989.0,
28.0,57.0,88.0,131.0,164.0,185.0,261.0,282.0,287.0,312.0,445.0,453.0,479.0,523.0,524.0,526.0,527.0,541.0,543.0,548.0,555.0,563.0,565.0,567.0,569.0,572.0,573.0,574.0,575.0,575.0,576.0,577.0,579.0,582.0,593.0,594.0,595.0,599.0,599.0,644.0,646.0,653.0,658.0,674.0,678.0,684.0,685.0,703.0,739.0,752.0,752.0,757.0,761.0,769.0,771.0,783.0,785.0,786.0,806.0,812.0,813.0,817.0,821.0,826.0,832.0,832.0,871.0,877.0,878.0,891.0,909.0,934.0,948.0,957.0,957.0,968.0,969.0,985.0,
5.0,8.0,45.0,76.0,101.0,125.0,160.0,169.0,171.0,175.0,197.0,202.0,236.0,308.0,372.0,383.0,396.0,421.0,422.0,424.0,448.0,453.0,472.0,501.0,511.0,522.0,549.0,563.0,571.0,572.0,633.0,648.0,656.0,687.0,725.0,752.0,761.0,829.0,834.0,885.0,960.0,969.0,
37.0,43.0,104.0,214.0,271.0,310.0,341.0,387.0,411.0,437.0,468.0,490.0,558.0,587.0,689.0,725.0,763.0,844.0,852.0,869.0,882.0,926.0,941.0,
94.0,214.0,235.0,307.0,388.0,498.0,517.0,592.0,595.0,598.0,623.0,633.0,664.0,744.0,767.0,913.0,937.0,940.0,
25.0,30.0,54.0,120.0,125.0,126.0,139.0,148.0,230.0,367.0,413.0,436.0,477.0,496.0,543.0,576.0,644.0,665.0,667.0,672.0,703.0,716.0,763.0,768.0,779.0,795.0,857.0,901.0,909.0,969.0,969.0,
6.0,39.0,45.0,120.0,160.0,174.0,180.0,184.0,225.0,234.0,236.0,253.0,265.0,275.0,283.0,387.0,407.0,520.0,564.0,577.0,596.0,616.0,616.0,652.0,663.0,714.0,716.0,785.0,785.0,828.0,906.0,960.0,967.0,993.0,
18.0,52.0,77.0,119.0,120.0,155.0,161.0,170.0,185.0,211.0,217.0,233.0,300.0,312.0,387.0,408.0,463.0,478.0,489.0,511.0,568.0,585.0,592.0,658.0,685.0,695.0,785.0,810.0,855.0,864.0,869.0,878.0,913.0,978.0,
31.0,64.0,114.0,144.0,155.0,179.0,193.0,198.0,283.0,308.0,311.0,354.0,377.0,386.0,399.0,437.0,486.0,513.0,526.0,536.0,537.0,541.0,543.0,546.0,575.0,618.0,623.0,630.0,631.0,642.0,732.0,773.0,810.0,866.0,869.0,912.0,945.0,949.0,979.0,991.0,995.0,
5.0,10.0,52.0,69.0,148.0,169.0,174.0,193.0,194.0,215.0,216.0,299.0,362.0,387.0,398.0,424.0,437.0,459.0,507.0,521.0,522.0,522.0,534.0,535.0,538.0,538.0,539.0,541.0,543.0,549.0,558.0,559.0,561.0,562.0,564.0,570.0,582.0,591.0,605.0,607.0,612.0,617.0,620.0,627.0,632.0,667.0,670.0,673.0,686.0,700.0,701.0,720.0,733.0,741.0,760.0,761.0,768.0,778.0,779.0,791.0,816.0,843.0,844.0,844.0,863.0,865.0,866.0,875.0,914.0,917.0,931.0,945.0,955.0,959.0,970.0,972.0,
8.0,48.0,65.0,72.0,111.0,115.0,117.0,160.0,226.0,275.0,311.0,313.0,338.0,377.0,411.0,468.0,468.0,518.0,518.0,524.0,527.0,531.0,534.0,534.0,534.0,538.0,539.0,542.0,543.0,544.0,546.0,547.0,557.0,560.0,562.0,567.0,575.0,581.0,588.0,596.0,611.0,619.0,622.0,627.0,630.0,635.0,647.0,657.0,668.0,680.0,694.0,714.0,726.0,747.0,752.0,761.0,769.0,771.0,788.0,789.0,817.0,842.0,863.0,869.0,874.0,902.0,917.0,937.0,965.0,979.0,999.0,
3.0,10.0,40.0,67.0,71.0,102.0,128.0,192.0,209.0,214.0,220.0,246.0,281.0,283.0,323.0,361.0,397.0,411.0,447.0,481.0,517.0,525.0,531.0,532.0,547.0,554.0,555.0,555.0,565.0,576.0,582.0,587.0,593.0,613.0,618.0,624.0,626.0,633.0,636.0,651.0,656.0,673.0,675.0,681.0,689.0,693.0,700.0,705.0,717.0,740.0,754.0,757.0,761.0,774.0,778.0,816.0,823.0,832.0,837.0,855.0,869.0,887.0,893.0,895.0,896.0,912.0,926.0,933.0,938.0,948.0,959.0,966.0,985.0,987.0,995.0,996.0,
4.0,9.0,16.0,32.0,145.0,182.0,185.0,209.0,264.0,269.0,289.0,350.0,382.0,497.0,537.0,565.0,565.0,577.0,624.0,636.0,649.0,691.0,713.0,726.0,872.0,876.0,997.0,
92.0,129.0,136.0,171.0,175.0,178.0,190.0,199.0,213.0,219.0,240.0,329.0,385.0,390.0,407.0,417.0,462.0,464.0,467.0,520.0,543.0,586.0,588.0,604.0,614.0,737.0,744.0,807.0,845.0,908.0,923.0,945.0,976.0,1000.0,
18.0,41.0,54.0,91.0,123.0,141.0,160.0,173.0,265.0,292.0,339.0,374.0,420.0,455.0,499.0,502.0,554.0,557.0,585.0,598.0,605.0,615.0,618.0,634.0,675.0,726.0,737.0,738.0,744.0,776.0,828.0,859.0,866.0,889.0,946.0,952.0,
45.0,71.0,92.0,115.0,153.0,158.0,243.0,258.0,268.0,286.0,316.0,321.0,321.0,382.0,395.0,416.0,449.0,469.0,525.0,532.0,559.0,599.0,622.0,645.0,715.0,739.0,748.0,789.0,801.0,889.0,906.0,911.0,918.0,923.0,946.0,946.0,987.0,997.0,
14.0,37.0,50.0,75.0,80.0,80.0,104.0,128.0,194.0,204.0,206.0,214.0,239.0,256.0,275.0,323.0,342.0,364.0,369.0,372.0,390.0,431.0,435.0,441.0,517.0,526.0,555.0,566.0,626.0,649.0,667.0,681.0,695.0,792.0,803.0,892.0,901.0,904.0,
90.0,132.0,147.0,150.0,186.0,207.0,209.0,228.0,230.0,235.0,255.0,303.0,313.0,323.0,357.0,368.0,384.0,387.0,400.0,453.0,455.0,457.0,466.0,475.0,508.0,509.0,527.0,620.0,627.0,795.0,866.0,876.0,885.0,952.0,
37.0,96.0,98.0,103.0,112.0,152.0,155.0,186.0,223.0,256.0,323.0,375.0,378.0,408.0,431.0,460.0,490.0,510.0,526.0,530.0,534.0,543.0,550.0,584.0,591.0,634.0,656.0,660.0,675.0,676.0,757.0,800.0,989.0,
25.0,93.0,108.0,153.0,160.0,165.0,246.0,288.0,396.0,408.0,413.0,413.0,452.0,473.0,527.0,527.0,534.0,536.0,537.0,538.0,539.0,545.0,558.0,562.0,572.0,573.0,579.0,583.0,597.0,599.0,600.0,629.0,639.0,644.0,654.0,658.0,660.0,660.0,665.0,677.0,737.0,745.0,777.0,782.0,787.0,817.0,820.0,831.0,839.0,846.0,851.0,868.0,877.0,879.0,884.0,887.0,909.0,929.0,930.0,932.0,938.0,939.0,946.0,948.0,984.0,
9.0,23.0,36.0,90.0,147.0,175.0,193.0,208.0,217.0,259.0,270.0,294.0,306.0,401.0,410.0,431.0,458.0,517.0,518.0,530.0,533.0,539.0,550.0,555.0,559.0,564.0,566.0,583.0,587.0,597.0,605.0,609.0,612.0,621.0,621.0,625.0,636.0,643.0,646.0,661.0,678.0,687.0,714.0,739.0,760.0,767.0,843.0,855.0,856.0,902.0,913.0,913.0,914.0,923.0,929.0,955.0,974.0,977.0,991.0,998.0,
96.0,117.0,176.0,215.0,284.0,369.0,394.0,395.0,417.0,476.0,476.0,492.0,494.0,495.0,521.0,530.0,532.0,536.0,541.0,542.0,548.0,554.0,555.0,561.0,561.0,567.0,567.0,567.0,570.0,585.0,588.0,592.0,594.0,594.0,594.0,618.0,626.0,627.0,634.0,637.0,648.0,652.0,655.0,663.0,680.0,689.0,692.0,708.0,711.0,713.0,721.0,724.0,731.0,733.0,734.0,737.0,753.0,755.0,760.0,771.0,772.0,779.0,780.0,806.0,879.0,899.0,915.0,924.0,944.0,952.0,963.0,963.0,964.0,978.0,982.0,
7.0,73.0,78.0,83.0,105.0,141.0,154.0,155.0,161.0,182.0,197.0,203.0,242.0,255.0,258.0,323.0,391.0,463.0,535.0,541.0,563.0,570.0,582.0,598.0,616.0,698.0,699.0,703.0,734.0,738.0,751.0,769.0,812.0,857.0,889.0,933.0,985.0,
37.0,41.0,86.0,87.0,93.0,125.0,126.0,167.0,168.0,183.0,192.0,192.0,199.0,255.0,285.0,301.0,327.0,339.0,349.0,351.0,389.0,392.0,397.0,450.0,559.0,623.0,710.0,768.0,798.0,869.0,870.0,876.0,878.0,906.0,913.0,935.0,991.0,999.0,
8.0,42.0,113.0,113.0,125.0,131.0,151.0,158.0,177.0,212.0,234.0,248.0,272.0,296.0,322.0,340.0,345.0,350.0,358.0,410.0,447.0,490.0,509.0,553.0,567.0,601.0,627.0,633.0,649.0,653.0,662.0,669.0,730.0,753.0,780.0,821.0,863.0,892.0,896.0,903.0,903.0,913.0,1000.0,
42.0,44.0,111.0,148.0,180.0,204.0,218.0,273.0,277.0,319.0,394.0,467.0,475.0,504.0,524.0,559.0,592.0,627.0,657.0,663.0,703.0,771.0,798.0,803.0,818.0,862.0,894.0,902.0,954.0,964.0,
6.0,86.0,98.0,156.0,250.0,288.0,352.0,370.0,377.0,382.0,478.0,491.0,543.0,564.0,569.0,580.0,615.0,629.0,639.0,678.0,725.0,757.0,759.0,828.0,851.0,851.0,886.0,945.0,
22.0,31.0,50.0,53.0,92.0,104.0,116.0,129.0,135.0,139.0,161.0,169.0,207.0,258.0,293.0,349.0,404.0,439.0,446.0,459.0,477.0,482.0,498.0,513.0,518.0,538.0,568.0,569.0,595.0,617.0,721.0,726.0,790.0,803.0,807.0,813.0,821.0,828.0,849.0,873.0,886.0,897.0,922.0,
24.0,54.0,58.0,77.0,117.0,166.0,183.0,212.0,238.0,278.0,282.0,365.0,395.0,407.0,448.0,456.0,479.0,490.0,495.0,523.0,558.0,575.0,629.0,695.0,856.0,858.0,936.0,979.0,
6.0,8.0,27.0,53.0,63.0,89.0,106.0,167.0,179.0,180.0,198.0,200.0,203.0,259.0,316.0,319.0,337.0,366.0,389.0,429.0,448.0,456.0,485.0,521.0,524.0,536.0,537.0,600.0,685.0,760.0,820.0,826.0,903.0,907.0,934.0,945.0,957.0,964.0,987.0,
76.0,92.0,101.0,139.0,220.0,243.0,275.0,326.0,333.0,466.0,487.0,506.0,532.0,532.0,536.0,547.0,560.0,568.0,588.0,596.0,637.0,658.0,669.0,676.0,684.0,685.0,689.0,738.0,753.0,806.0,807.0,820.0,857.0,885.0,926.0,
49.0,119.0,139.0,169.0,181.0,206.0,294.0,329.0,341.0,368.0,403.0,479.0,485.0,522.0,530.0,590.0,622.0,629.0,651.0,655.0,713.0,825.0,845.0,917.0,917.0,971.0,983.0,
16.0,46.0,96.0,113.0,120.0,136.0,149.0,154.0,173.0,189.0,193.0,199.0,216.0,225.0,255.0,289.0,313.0,422.0,478.0,509.0,571.0,584.0,627.0,706.0,721.0,755.0,756.0,765.0,778.0,817.0,892.0,895.0,922.0,937.0,961.0,981.0,
170.0,237.0,244.0,266.0,279.0,328.0,378.0,384.0,421.0,435.0,459.0,487.0,512.0,512.0,542.0,610.0,624.0,664.0,678.0,685.0,744.0,782.0,826.0,847.0,908.0,912.0,923.0,938.0,967.0,994.0,
60.0,78.0,144.0,181.0,197.0,261.0,289.0,291.0,344.0,367.0,411.0,414.0,417.0,467.0,491.0,495.0,513.0,541.0,650.0,663.0,669.0,680.0,698.0,733.0,863.0,866.0,872.0,883.0,891.0,896.0,926.0,942.0,999.0,
4.0,34.0,48.0,76.0,119.0,124.0,134.0,150.0,156.0,163.0,172.0,174.0,174.0,251.0,254.0,292.0,345.0,364.0,384.0,385.0,443.0,447.0,457.0,460.0,472.0,492.0,581.0,582.0,621.0,635.0,697.0,704.0,718.0,720.0,741.0,761.0,779.0,793.0,824.0,866.0,879.0,895.0,917.0,921.0,924.0,993.0,
3.0,14.0,100.0,115.0,145.0,148.0,186.0,196.0,223.0,234.0,241.0,302.0,402.0,473.0,479.0,485.0,505.0,526.0,546.0,548.0,548.0,601.0,630.0,641.0,656.0,674.0,697.0,721.0,835.0,843.0,864.0,866.0,881.0,913.0,915.0,956.0,965.0,967.0,971.0,973.0,990.0,
55.0,61.0,79.0,153.0,153.0,170.0,234.0,312.0,343.0,353.0,385.0,397.0,433.0,440.0,454.0,484.0,538.0,553.0,609.0,613.0,619.0,639.0,671.0,698.0,713.0,716.0,747.0,749.0,783.0,788.0,804.0,814.0,845.0,867.0,877.0,902.0,903.0,934.0,940.0,964.0,982.0,
31.0,84.0,188.0,217.0,224.0,256.0,262.0,270.0,274.0,310.0,320.0,321.0,334.0,371.0,426.0,455.0,558.0,566.0,626.0,630.0,639.0,643.0,650.0,699.0,730.0,731.0,771.0,773.0,803.0,814.0,816.0,849.0,849.0,849.0,870.0,901.0,986.0,996.0,
4.0,48.0,64.0,100.0,113.0,143.0,167.0,198.0,207.0,223.0,239.0,257.0,269.0,285.0,302.0,328.0,379.0,394.0,443.0,450.0,452.0,454.0,488.0,524.0,525.0,530.0,543.0,547.0,558.0,572.0,607.0,655.0,684.0,690.0,720.0,755.0,791.0,806.0,807.0,866.0,903.0,
91.0,93.0,162.0,205.0,212.0,213.0,216.0,259.0,270.0,277.0,364.0,436.0,467.0,490.0,533.0,559.0,564.0,591.0,672.0,672.0,759.0,760.0,799.0,833.0,847.0,949.0,989.0,
29.0,46.0,49.0,55.0,159.0,161.0,178.0,194.0,212.0,214.0,225.0,301.0,390.0,423.0,511.0,513.0,533.0,535.0,590.0,693.0,707.0,773.0,800.0,804.0,824.0,837.0,869.0,936.0,960.0,983.0,
30.0,59.0,61.0,130.0,176.0,180.0,210.0,215.0,228.0,279.0,310.0,401.0,543.0,548.0,554.0,693.0,697.0,745.0,826.0,830.0,846.0,912.0,946.0,954.0,983.0,
8.0,50.0,57.0,87.0,127.0,138.0,227.0,244.0,246.0,255.0,296.0,361.0,370.0,411.0,431.0,457.0,461.0,477.0,483.0,554.0,620.0,640.0,696.0,791.0,829.0,949.0,968.0,
23.0,35.0,39.0,51.0,56.0,65.0,87.0,89.0,117.0,175.0,195.0,219.0,287.0,297.0,337.0,348.0,360.0,374.0,397.0,407.0,431.0,442.0,448.0,456.0,483.0,486.0,518.0,525.0,537.0,547.0,571.0,613.0,631.0,639.0,643.0,734.0,739.0,754.0,761.0,791.0,848.0,876.0,888.0,896.0,933.0,958.0,
7.0,33.0,41.0,42.0,65.0,104.0,177.0,218.0,267.0,280.0,285.0,288.0,376.0,391.0,409.0,433.0,449.0,486.0,529.0,553.0,569.0,632.0,726.0,784.0,790.0,794.0,799.0,831.0,832.0,881.0,895.0,929.0,934.0,944.0,987.0,
11.0,24.0,44.0,84.0,119.0,159.0,211.0,217.0,222.0,226.0,227.0,238.0,242.0,243.0,245.0,248.0,255.0,263.0,264.0,285.0,321.0,359.0,451.0,513.0,536.0,571.0,652.0,653.0,661.0,666.0,688.0,734.0,758.0,761.0,773.0,816.0,841.0,880.0,917.0,936.0,939.0,969.0,969.0,
31.0,36.0,80.0,162.0,194.0,229.0,232.0,239.0,360.0,430.0,462.0,482.0,487.0,497.0,506.0,529.0,537.0,545.0,606.0,659.0,661.0,734.0,736.0,773.0,792.0,792.0,798.0,806.0,814.0,829.0,869.0,892.0,
42.0,52.0,119.0,137.0,163.0,169.0,195.0,198.0,232.0,243.0,273.0,297.0,315.0,332.0,340.0,379.0,413.0,423.0,452.0,506.0,531.0,553.0,702.0,732.0,745.0,793.0,801.0,814.0,824.0,839.0,841.0,889.0,901.0,906.0,909.0,909.0,929.0,995.0,
70.0,79.0,123.0,183.0,273.0,326.0,336.0,405.0,410.0,433.0,487.0,495.0,507.0,559.0,622.0,688.0,728.0,802.0,861.0,888.0,915.0,929.0,966.0,976.0,
166.0,167.0,182.0,210.0,212.0,224.0,227.0,266.0,303.0,317.0,371.0,385.0,446.0,502.0,545.0,579.0,680.0,688.0,693.0,706.0,718.0,746.0,748.0,759.0,869.0,886.0,910.0,932.0,951.0,954.0,985.0,986.0,
23.0,41.0,48.0,94.0,101.0,146.0,177.0,180.0,210.0,224.0,248.0,265.0,301.0,316.0,327.0,379.0,382.0,387.0,483.0,532.0,536.0,537.0,567.0,619.0,624.0,630.0,655.0,690.0,764.0,766.0,780.0,802.0,814.0,912.0,926.0,955.0,974.0,
10.0,18.0,34.0,47.0,49.0,82.0,86.0,130.0,195.0,208.0,272.0,275.0,294.0,317.0,388.0,409.0,420.0,455.0,471.0,488.0,500.0,548.0,585.0,608.0,661.0,676.0,687.0,709.0,746.0,808.0,872.0,891.0,913.0,927.0,950.0,957.0,983.0,
16.0,21.0,22.0,68.0,111.0,117.0,146.0,168.0,214.0,330.0,413.0,421.0,469.0,525.0,564.0,609.0,643.0,675.0,683.0,693.0,737.0,744.0,763.0,812.0,834.0,841.0,867.0,869.0,914.0,914.0,961.0,975.0,
8.0,20.0,48.0,58.0,75.0,78.0,98.0,102.0,157.0,164.0,167.0,190.0,205.0,221.0,227.0,248.0,276.0,325.0,357.0,402.0,407.0,410.0,442.0,599.0,612.0,685.0,726.0,744.0,772.0,802.0,815.0,851.0,862.0,940.0,956.0,960.0,963.0,966.0,971.0,990.0,997.0,998.0,
