114.0,127.0,144.0,175.0,199.0,213.0,220.0,241.0,244.0,267.0,289.0,289.0,298.0,305.0,321.0,324.0,397.0,399.0,404.0,404.0,415.0,500.0,548.0,557.0,557.0,571.0,583.0,583.0,607.0,616.0,637.0,637.0,644.0,697.0,707.0,711.0,725.0,726.0,811.0,859.0,864.0,873.0,931.0,951.0,
44.0,71.0,113.0,147.0,159.0,227.0,240.0,255.0,272.0,322.0,351.0,373.0,401.0,462.0,490.0,490.0,499.0,514.0,561.0,565.0,588.0,595.0,622.0,636.0,646.0,692.0,703.0,776.0,808.0,853.0,856.0,892.0,911.0,926.0,942.0,942.0,954.0,
4.0,44.0,72.0,84.0,95.0,105.0,117.0,179.0,183.0,183.0,190.0,190.0,240.0,279.0,293.0,301.0,327.0,330.0,337.0,357.0,449.0,486.0,511.0,555.0,556.0,587.0,616.0,631.0,655.0,659.0,667.0,675.0,693.0,701.0,725.0,726.0,728.0,760.0,800.0,828.0,833.0,932.0,
12.0,14.0,59.0,65.0,95.0,108.0,117.0,128.0,185.0,206.0,219.0,220.0,228.0,269.0,275.0,287.0,301.0,361.0,364.0,379.0,422.0,457.0,460.0,466.0,494.0,505.0,617.0,652.0,666.0,691.0,728.0,733.0,735.0,737.0,747.0,855.0,867.0,869.0,
53.0,58.0,59.0,90.0,109.0,123.0,156.0,158.0,162.0,172.0,189.0,219.0,233.0,240.0,273.0,338.0,343.0,360.0,366.0,372.0,419.0,421.0,430.0,457.0,458.0,514.0,547.0,558.0,559.0,576.0,578.0,580.0,590.0,592.0,626.0,643.0,659.0,705.0,758.0,763.0,782.0,791.0,794.0,863.0,974.0,
34.0,44.0,83.0,97.0,105.0,129.0,137.0,237.0,343.0,416.0,423.0,466.0,468.0,469.0,524.0,566.0,613.0,637.0,650.0,668.0,761.0,790.0,845.0,892.0,895.0,917.0,918.0,921.0,938.0,941.0,945.0,953.0,957.0,988.0,
32.0,49.0,52.0,96.0,113.0,125.0,224.0,277.0,281.0,288.0,306.0,309.0,352.0,355.0,366.0,461.0,470.0,541.0,541.0,555.0,558.0,565.0,591.0,621.0,630.0,637.0,654.0,668.0,688.0,728.0,807.0,887.0,893.0,973.0,
24.0,48.0,99.0,102.0,120.0,173.0,223.0,226.0,243.0,263.0,264.0,266.0,296.0,297.0,324.0,327.0,374.0,391.0,407.0,417.0,436.0,456.0,504.0,554.0,555.0,561.0,564.0,570.0,583.0,601.0,628.0,636.0,641.0,650.0,675.0,689.0,705.0,710.0,712.0,738.0,777.0,778.0,796.0,817.0,938.0,954.0,981.0,
90.0,90.0,93.0,103.0,117.0,142.0,149.0,156.0,208.0,210.0,221.0,255.0,261.0,340.0,349.0,388.0,393.0,470.0,524.0,603.0,648.0,653.0,657.0,693.0,693.0,729.0,739.0,780.0,823.0,826.0,835.0,859.0,887.0,896.0,954.0,962.0,990.0,
4.0,10.0,57.0,82.0,87.0,105.0,105.0,148.0,178.0,180.0,253.0,272.0,287.0,316.0,316.0,326.0,384.0,385.0,394.0,450.0,586.0,616.0,694.0,710.0,726.0,745.0,751.0,835.0,839.0,845.0,872.0,887.0,941.0,998.0,
12.0,29.0,76.0,91.0,185.0,188.0,193.0,228.0,237.0,257.0,292.0,332.0,399.0,423.0,424.0,430.0,436.0,455.0,464.0,483.0,488.0,519.0,536.0,538.0,552.0,559.0,561.0,585.0,606.0,662.0,687.0,707.0,713.0,718.0,737.0,785.0,786.0,835.0,840.0,862.0,865.0,867.0,977.0,
99.0,149.0,151.0,159.0,186.0,275.0,345.0,348.0,367.0,369.0,369.0,393.0,438.0,445.0,451.0,452.0,497.0,524.0,538.0,540.0,635.0,639.0,652.0,671.0,739.0,760.0,772.0,796.0,822.0,825.0,836.0,842.0,849.0,860.0,875.0,886.0,901.0,940.0,945.0,957.0,964.0,973.0,
30.0,33.0,181.0,185.0,201.0,216.0,308.0,334.0,346.0,363.0,385.0,450.0,479.0,485.0,485.0,497.0,520.0,541.0,550.0,570.0,673.0,675.0,693.0,708.0,766.0,771.0,800.0,802.0,820.0,856.0,879.0,914.0,931.0,
5.0,22.0,63.0,67.0,138.0,203.0,218.0,220.0,245.0,256.0,256.0,371.0,409.0,429.0,446.0,466.0,473.0,477.0,486.0,493.0,504.0,529.0,537.0,549.0,562.0,621.0,634.0,659.0,692.0,742.0,767.0,843.0,856.0,883.0,896.0,936.0,940.0,995.0,
8.0,16.0,17.0,48.0,49.0,92.0,116.0,144.0,167.0,216.0,223.0,230.0,232.0,236.0,247.0,274.0,304.0,317.0,348.0,352.0,366.0,381.0,420.0,423.0,447.0,479.0,554.0,661.0,692.0,750.0,764.0,854.0,891.0,894.0,900.0,916.0,929.0,961.0,979.0,
50.0,61.0,62.0,76.0,96.0,121.0,135.0,187.0,190.0,193.0,197.0,269.0,280.0,292.0,305.0,311.0,316.0,325.0,352.0,361.0,371.0,379.0,394.0,397.0,413.0,430.0,441.0,449.0,474.0,590.0,601.0,607.0,610.0,613.0,622.0,633.0,684.0,690.0,691.0,717.0,719.0,728.0,729.0,781.0,794.0,848.0,849.0,859.0,863.0,869.0,934.0,946.0,990.0,
50.0,65.0,103.0,171.0,236.0,239.0,256.0,265.0,270.0,279.0,285.0,353.0,360.0,365.0,373.0,378.0,388.0,474.0,501.0,503.0,504.0,516.0,539.0,539.0,544.0,558.0,560.0,562.0,598.0,660.0,678.0,685.0,690.0,696.0,741.0,755.0,796.0,810.0,847.0,856.0,874.0,884.0,987.0,
25.0,32.0,33.0,42.0,52.0,54.0,71.0,79.0,102.0,107.0,108.0,137.0,147.0,156.0,186.0,193.0,204.0,229.0,268.0,289.0,294.0,298.0,302.0,312.0,377.0,423.0,431.0,513.0,515.0,521.0,524.0,592.0,614.0,635.0,670.0,677.0,705.0,720.0,731.0,772.0,772.0,795.0,795.0,819.0,873.0,906.0,
13.0,35.0,53.0,59.0,61.0,72.0,85.0,86.0,97.0,112.0,157.0,174.0,200.0,203.0,212.0,217.0,218.0,219.0,235.0,257.0,305.0,323.0,337.0,350.0,369.0,542.0,545.0,562.0,583.0,635.0,638.0,651.0,652.0,655.0,678.0,731.0,770.0,784.0,804.0,831.0,889.0,
4.0,33.0,91.0,103.0,120.0,131.0,134.0,140.0,152.0,359.0,389.0,428.0,461.0,465.0,559.0,579.0,582.0,597.0,615.0,621.0,691.0,710.0,734.0,761.0,780.0,786.0,860.0,876.0,896.0,908.0,938.0,973.0,
10.0,13.0,59.0,75.0,107.0,148.0,153.0,173.0,186.0,211.0,216.0,262.0,274.0,298.0,312.0,349.0,352.0,374.0,378.0,392.0,401.0,415.0,502.0,527.0,531.0,561.0,611.0,701.0,762.0,768.0,785.0,822.0,832.0,864.0,884.0,887.0,932.0,935.0,
13.0,103.0,108.0,163.0,175.0,201.0,239.0,244.0,276.0,328.0,416.0,509.0,512.0,575.0,627.0,630.0,638.0,697.0,705.0,715.0,723.0,765.0,767.0,787.0,805.0,853.0,878.0,901.0,930.0,
40.0,52.0,84.0,144.0,163.0,165.0,172.0,193.0,201.0,209.0,247.0,248.0,306.0,309.0,319.0,366.0,373.0,399.0,399.0,401.0,442.0,456.0,471.0,478.0,517.0,523.0,542.0,624.0,624.0,638.0,649.0,655.0,657.0,668.0,676.0,697.0,707.0,720.0,724.0,745.0,750.0,792.0,801.0,815.0,838.0,849.0,873.0,878.0,885.0,904.0,924.0,939.0,962.0,980.0,996.0,
14.0,46.0,144.0,157.0,180.0,192.0,218.0,225.0,285.0,312.0,340.0,355.0,369.0,378.0,408.0,416.0,436.0,466.0,468.0,503.0,517.0,533.0,558.0,576.0,577.0,580.0,584.0,672.0,735.0,771.0,777.0,863.0,869.0,887.0,951.0,972.0,996.0,
4.0,12.0,54.0,82.0,116.0,204.0,221.0,231.0,248.0,266.0,276.0,315.0,341.0,402.0,411.0,418.0,517.0,524.0,535.0,557.0,572.0,577.0,645.0,658.0,750.0,784.0,784.0,790.0,806.0,854.0,891.0,947.0,961.0,988.0,994.0,
19.0,30.0,65.0,104.0,132.0,137.0,226.0,280.0,293.0,328.0,334.0,363.0,369.0,385.0,392.0,442.0,454.0,474.0,480.0,489.0,606.0,606.0,657.0,709.0,734.0,776.0,836.0,911.0,953.0,958.0,969.0,982.0,1000.0,
26.0,31.0,51.0,53.0,119.0,149.0,155.0,155.0,166.0,173.0,174.0,189.0,253.0,263.0,278.0,280.0,333.0,393.0,407.0,408.0,455.0,507.0,523.0,613.0,631.0,708.0,757.0,801.0,832.0,859.0,860.0,861.0,924.0,927.0,984.0,985.0,
29.0,58.0,115.0,130.0,140.0,182.0,223.0,236.0,254.0,292.0,308.0,316.0,437.0,439.0,444.0,445.0,523.0,571.0,618.0,635.0,669.0,674.0,690.0,751.0,775.0,823.0,852.0,869.0,875.0,886.0,938.0,972.0,973.0,989.0,
55.0,103.0,172.0,173.0,192.0,259.0,287.0,287.0,306.0,316.0,444.0,467.0,499.0,540.0,550.0,565.0,570.0,585.0,604.0,638.0,698.0,748.0,749.0,763.0,782.0,887.0,920.0,957.0,982.0,
5.0,34.0,92.0,94.0,108.0,110.0,133.0,139.0,194.0,208.0,209.0,213.0,214.0,217.0,258.0,275.0,277.0,373.0,379.0,399.0,451.0,464.0,464.0,467.0,493.0,520.0,526.0,528.0,550.0,566.0,574.0,583.0,653.0,659.0,662.0,694.0,720.0,737.0,760.0,771.0,782.0,808.0,833.0,850.0,891.0,892.0,901.0,925.0,927.0,930.0,952.0,970.0,981.0,982.0,997.0,
4.0,13.0,57.0,64.0,106.0,108.0,157.0,167.0,182.0,189.0,199.0,201.0,210.0,228.0,268.0,334.0,377.0,393.0,440.0,451.0,499.0,523.0,550.0,604.0,617.0,636.0,694.0,731.0,790.0,805.0,836.0,881.0,921.0,998.0,
15.0,30.0,50.0,71.0,83.0,87.0,103.0,117.0,164.0,182.0,184.0,190.0,199.0,211.0,255.0,273.0,290.0,325.0,373.0,421.0,436.0,453.0,459.0,464.0,595.0,676.0,679.0,694.0,720.0,724.0,725.0,740.0,851.0,855.0,868.0,888.0,952.0,973.0,983.0,
91.0,143.0,231.0,259.0,261.0,274.0,277.0,284.0,290.0,328.0,339.0,340.0,358.0,380.0,383.0,387.0,394.0,469.0,566.0,595.0,602.0,658.0,707.0,716.0,793.0,902.0,912.0,920.0,933.0,946.0,948.0,972.0,976.0,991.0,
3.0,29.0,41.0,69.0,108.0,115.0,128.0,142.0,189.0,189.0,248.0,259.0,279.0,324.0,325.0,397.0,478.0,534.0,578.0,647.0,681.0,684.0,691.0,734.0,774.0,778.0,784.0,785.0,790.0,805.0,837.0,888.0,946.0,990.0,
5.0,46.0,73.0,112.0,130.0,136.0,152.0,156.0,171.0,200.0,229.0,294.0,316.0,346.0,385.0,405.0,456.0,474.0,485.0,502.0,531.0,544.0,545.0,564.0,591.0,602.0,673.0,714.0,757.0,849.0,858.0,864.0,880.0,943.0,992.0,
7.0,107.0,110.0,121.0,151.0,167.0,191.0,198.0,285.0,293.0,343.0,344.0,350.0,371.0,374.0,385.0,401.0,403.0,419.0,422.0,441.0,441.0,456.0,477.0,516.0,532.0,581.0,583.0,585.0,592.0,608.0,620.0,631.0,633.0,653.0,660.0,671.0,691.0,715.0,766.0,776.0,809.0,813.0,826.0,826.0,827.0,874.0,877.0,887.0,902.0,910.0,973.0,
5.0,7.0,21.0,32.0,62.0,90.0,158.0,199.0,217.0,222.0,237.0,307.0,332.0,335.0,383.0,383.0,401.0,414.0,442.0,444.0,477.0,499.0,505.0,529.0,533.0,586.0,590.0,630.0,655.0,686.0,694.0,707.0,753.0,758.0,758.0,854.0,858.0,878.0,945.0,968.0,984.0,
2.0,4.0,27.0,72.0,100.0,139.0,141.0,182.0,189.0,251.0,285.0,298.0,323.0,342.0,475.0,479.0,501.0,534.0,541.0,544.0,575.0,596.0,685.0,689.0,813.0,893.0,918.0,
7.0,12.0,17.0,20.0,22.0,49.0,61.0,72.0,73.0,150.0,174.0,202.0,208.0,227.0,248.0,260.0,262.0,312.0,317.0,327.0,330.0,340.0,351.0,359.0,380.0,408.0,435.0,436.0,442.0,520.0,545.0,566.0,573.0,575.0,577.0,605.0,680.0,680.0,690.0,697.0,802.0,802.0,821.0,824.0,862.0,862.0,873.0,889.0,927.0,955.0,974.0,
57.0,65.0,68.0,151.0,232.0,252.0,361.0,417.0,464.0,484.0,515.0,628.0,647.0,664.0,704.0,721.0,729.0,766.0,768.0,771.0,777.0,790.0,805.0,845.0,850.0,864.0,881.0,
27.0,36.0,53.0,80.0,94.0,134.0,155.0,167.0,176.0,192.0,197.0,219.0,229.0,257.0,302.0,381.0,399.0,412.0,426.0,432.0,440.0,440.0,480.0,541.0,549.0,551.0,559.0,567.0,624.0,626.0,639.0,704.0,707.0,763.0,791.0,809.0,816.0,863.0,910.0,952.0,976.0,1000.0,
7.0,8.0,33.0,94.0,107.0,110.0,121.0,146.0,150.0,175.0,214.0,214.0,231.0,232.0,250.0,316.0,328.0,342.0,342.0,361.0,367.0,393.0,397.0,415.0,419.0,420.0,422.0,459.0,467.0,482.0,502.0,510.0,567.0,571.0,664.0,729.0,789.0,798.0,807.0,820.0,836.0,880.0,924.0,953.0,
5.0,8.0,8.0,28.0,93.0,106.0,137.0,166.0,170.0,223.0,242.0,246.0,266.0,293.0,323.0,335.0,337.0,343.0,347.0,349.0,359.0,478.0,499.0,500.0,550.0,550.0,582.0,628.0,636.0,699.0,714.0,734.0,834.0,848.0,903.0,975.0,1000.0,
28.0,45.0,134.0,183.0,226.0,252.0,270.0,270.0,284.0,347.0,384.0,411.0,491.0,521.0,526.0,527.0,527.0,540.0,549.0,573.0,613.0,655.0,670.0,746.0,766.0,858.0,861.0,932.0,956.0,967.0,
2.0,33.0,50.0,95.0,163.0,208.0,309.0,362.0,389.0,407.0,420.0,422.0,431.0,439.0,456.0,472.0,519.0,521.0,539.0,552.0,557.0,558.0,565.0,567.0,569.0,573.0,587.0,611.0,626.0,627.0,628.0,637.0,652.0,657.0,663.0,682.0,683.0,689.0,696.0,703.0,706.0,716.0,744.0,748.0,765.0,774.0,779.0,802.0,802.0,841.0,855.0,862.0,890.0,895.0,905.0,924.0,952.0,996.0,
29.0,61.0,114.0,127.0,151.0,166.0,226.0,235.0,313.0,359.0,366.0,412.0,417.0,422.0,422.0,460.0,514.0,517.0,522.0,529.0,532.0,539.0,542.0,543.0,549.0,551.0,565.0,568.0,570.0,571.0,579.0,587.0,593.0,605.0,609.0,612.0,614.0,615.0,622.0,637.0,665.0,671.0,671.0,672.0,673.0,679.0,684.0,691.0,699.0,705.0,736.0,753.0,757.0,781.0,791.0,800.0,810.0,815.0,825.0,827.0,865.0,871.0,906.0,912.0,919.0,932.0,961.0,979.0,987.0,988.0,
60.0,81.0,110.0,118.0,129.0,137.0,172.0,189.0,224.0,231.0,273.0,281.0,305.0,358.0,359.0,386.0,394.0,418.0,449.0,489.0,516.0,524.0,526.0,527.0,539.0,543.0,548.0,553.0,553.0,558.0,567.0,568.0,569.0,575.0,578.0,583.0,595.0,606.0,610.0,623.0,628.0,668.0,674.0,703.0,710.0,715.0,719.0,722.0,729.0,737.0,742.0,756.0,772.0,777.0,783.0,790.0,794.0,802.0,805.0,807.0,822.0,823.0,837.0,839.0,860.0,881.0,896.0,898.0,900.0,921.0,933.0,978.0,981.0,
11.0,83.0,86.0,106.0,181.0,215.0,254.0,266.0,274.0,277.0,408.0,421.0,466.0,470.0,483.0,504.0,515.0,519.0,529.0,563.0,612.0,617.0,659.0,659.0,679.0,683.0,691.0,702.0,708.0,751.0,762.0,767.0,784.0,788.0,801.0,832.0,848.0,871.0,991.0,
98.0,156.0,162.0,170.0,178.0,228.0,269.0,270.0,300.0,313.0,318.0,370.0,384.0,452.0,456.0,492.0,493.0,495.0,505.0,512.0,655.0,676.0,759.0,789.0,796.0,910.0,935.0,971.0,975.0,
35.0,74.0,102.0,138.0,148.0,165.0,196.0,200.0,221.0,268.0,323.0,325.0,347.0,384.0,389.0,454.0,519.0,578.0,584.0,593.0,600.0,625.0,658.0,660.0,665.0,665.0,717.0,769.0,773.0,793.0,821.0,834.0,843.0,878.0,882.0,882.0,885.0,888.0,935.0,942.0,964.0,970.0,
28.0,67.0,252.0,271.0,301.0,318.0,351.0,385.0,389.0,443.0,447.0,500.0,613.0,659.0,678.0,681.0,704.0,710.0,721.0,748.0,753.0,792.0,800.0,803.0,836.0,856.0,892.0,894.0,909.0,914.0,922.0,929.0,933.0,971.0,
38.0,104.0,133.0,134.0,247.0,265.0,279.0,297.0,302.0,319.0,345.0,416.0,416.0,420.0,442.0,485.0,492.0,500.0,522.0,526.0,544.0,556.0,595.0,654.0,684.0,701.0,742.0,774.0,781.0,825.0,904.0,935.0,964.0,994.0,999.0,
13.0,38.0,113.0,155.0,230.0,260.0,357.0,358.0,387.0,426.0,516.0,520.0,567.0,578.0,585.0,654.0,672.0,687.0,694.0,699.0,700.0,701.0,709.0,721.0,748.0,777.0,831.0,859.0,876.0,885.0,922.0,941.0,961.0,989.0,992.0,996.0,
78.0,102.0,126.0,135.0,147.0,165.0,176.0,213.0,237.0,241.0,255.0,261.0,302.0,313.0,320.0,335.0,339.0,353.0,380.0,395.0,420.0,434.0,442.0,448.0,499.0,518.0,532.0,567.0,573.0,574.0,593.0,601.0,612.0,627.0,642.0,663.0,687.0,714.0,742.0,744.0,754.0,771.0,811.0,826.0,873.0,898.0,918.0,931.0,939.0,940.0,940.0,950.0,954.0,985.0,
30.0,67.0,116.0,153.0,160.0,172.0,173.0,178.0,178.0,192.0,193.0,231.0,310.0,311.0,388.0,412.0,421.0,491.0,495.0,509.0,523.0,534.0,536.0,542.0,543.0,544.0,554.0,554.0,557.0,561.0,572.0,576.0,580.0,587.0,593.0,598.0,598.0,598.0,599.0,602.0,619.0,628.0,629.0,639.0,657.0,670.0,675.0,706.0,709.0,721.0,722.0,723.0,725.0,726.0,731.0,744.0,747.0,754.0,760.0,763.0,766.0,781.0,782.0,791.0,796.0,809.0,820.0,838.0,841.0,857.0,860.0,872.0,879.0,904.0,919.0,921.0,939.0,941.0,948.0,956.0,970.0,981.0,
13.0,50.0,54.0,71.0,83.0,104.0,110.0,180.0,196.0,204.0,235.0,257.0,297.0,336.0,355.0,355.0,360.0,360.0,366.0,384.0,410.0,426.0,458.0,464.0,480.0,493.0,514.0,521.0,533.0,545.0,553.0,553.0,554.0,558.0,570.0,575.0,589.0,592.0,595.0,604.0,605.0,609.0,624.0,625.0,629.0,635.0,637.0,637.0,641.0,643.0,653.0,662.0,672.0,683.0,706.0,718.0,719.0,741.0,742.0,742.0,770.0,782.0,808.0,823.0,832.0,833.0,838.0,844.0,844.0,848.0,898.0,905.0,910.0,922.0,947.0,974.0,978.0,
15.0,60.0,86.0,108.0,117.0,160.0,190.0,203.0,252.0,283.0,336.0,371.0,389.0,392.0,404.0,414.0,430.0,433.0,465.0,470.0,476.0,481.0,492.0,503.0,509.0,518.0,519.0,527.0,529.0,543.0,547.0,547.0,548.0,549.0,551.0,553.0,559.0,561.0,564.0,570.0,574.0,576.0,576.0,582.0,586.0,587.0,590.0,599.0,601.0,602.0,607.0,658.0,671.0,694.0,697.0,701.0,719.0,725.0,734.0,736.0,748.0,762.0,764.0,791.0,804.0,812.0,814.0,815.0,826.0,828.0,834.0,883.0,885.0,885.0,891.0,902.0,924.0,958.0,975.0,977.0,981.0,992.0,995.0,
33.0,45.0,100.0,127.0,135.0,151.0,177.0,199.0,204.0,214.0,254.0,414.0,525.0,543.0,557.0,559.0,585.0,641.0,655.0,656.0,677.0,697.0,717.0,721.0,747.0,819.0,840.0,863.0,904.0,910.0,973.0,988.0,
11.0,14.0,84.0,109.0,143.0,152.0,252.0,272.0,279.0,299.0,303.0,336.0,342.0,389.0,394.0,395.0,397.0,420.0,454.0,462.0,479.0,569.0,590.0,594.0,665.0,667.0,684.0,797.0,815.0,820.0,835.0,916.0,998.0,999.0,
8.0,70.0,93.0,120.0,162.0,207.0,215.0,247.0,290.0,305.0,325.0,334.0,344.0,348.0,363.0,375.0,417.0,474.0,503.0,570.0,583.0,587.0,613.0,617.0,626.0,662.0,732.0,746.0,834.0,875.0,887.0,908.0,908.0,918.0,931.0,990.0,
16.0,24.0,68.0,84.0,100.0,126.0,191.0,207.0,218.0,358.0,360.0,382.0,388.0,399.0,411.0,443.0,469.0,482.0,506.0,508.0,513.0,517.0,524.0,549.0,571.0,610.0,623.0,634.0,636.0,642.0,660.0,704.0,713.0,756.0,773.0,858.0,865.0,877.0,940.0,949.0,982.0,
28.0,32.0,44.0,232.0,259.0,269.0,278.0,290.0,304.0,310.0,316.0,322.0,343.0,364.0,388.0,407.0,482.0,511.0,568.0,575.0,587.0,597.0,606.0,612.0,633.0,640.0,667.0,679.0,689.0,701.0,708.0,709.0,731.0,734.0,761.0,885.0,916.0,919.0,923.0,945.0,966.0,966.0,
16.0,17.0,18.0,37.0,70.0,84.0,86.0,132.0,145.0,156.0,163.0,175.0,177.0,295.0,304.0,330.0,341.0,353.0,359.0,385.0,404.0,407.0,440.0,490.0,536.0,561.0,579.0,597.0,634.0,637.0,697.0,708.0,724.0,735.0,749.0,753.0,804.0,808.0,809.0,818.0,828.0,900.0,910.0,968.0,972.0,
19.0,38.0,87.0,135.0,196.0,288.0,319.0,349.0,363.0,399.0,412.0,533.0,547.0,549.0,558.0,567.0,591.0,632.0,666.0,666.0,694.0,781.0,821.0,823.0,874.0,904.0,965.0,993.0,1000.0,
60.0,65.0,135.0,137.0,180.0,188.0,219.0,220.0,258.0,259.0,316.0,345.0,410.0,433.0,485.0,517.0,523.0,523.0,524.0,529.0,531.0,532.0,547.0,547.0,550.0,555.0,555.0,558.0,565.0,565.0,581.0,595.0,596.0,602.0,611.0,624.0,633.0,637.0,639.0,645.0,674.0,696.0,728.0,742.0,760.0,769.0,782.0,785.0,812.0,820.0,841.0,841.0,857.0,863.0,871.0,873.0,885.0,889.0,906.0,910.0,910.0,917.0,931.0,948.0,961.0,964.0,966.0,997.0,
27.0,51.0,68.0,93.0,156.0,202.0,203.0,216.0,241.0,245.0,261.0,293.0,328.0,374.0,383.0,415.0,453.0,487.0,510.0,512.0,521.0,533.0,537.0,538.0,538.0,548.0,554.0,557.0,563.0,569.0,570.0,572.0,576.0,588.0,589.0,592.0,594.0,604.0,605.0,610.0,623.0,627.0,628.0,670.0,712.0,724.0,733.0,733.0,736.0,738.0,743.0,747.0,751.0,752.0,759.0,761.0,769.0,776.0,792.0,802.0,810.0,817.0,818.0,839.0,851.0,855.0,863.0,880.0,892.0,927.0,938.0,961.0,974.0,979.0,987.0,
11.0,12.0,52.0,140.0,166.0,182.0,195.0,273.0,309.0,384.0,393.0,477.0,527.0,532.0,559.0,566.0,580.0,580.0,589.0,599.0,600.0,614.0,636.0,672.0,690.0,704.0,708.0,763.0,787.0,790.0,802.0,811.0,814.0,821.0,842.0,850.0,851.0,851.0,881.0,902.0,908.0,909.0,914.0,919.0,941.0,943.0,966.0,992.0,
11.0,38.0,38.0,57.0,81.0,111.0,144.0,192.0,193.0,218.0,307.0,363.0,386.0,411.0,426.0,439.0,446.0,449.0,476.0,496.0,510.0,538.0,608.0,652.0,662.0,666.0,671.0,701.0,714.0,723.0,749.0,751.0,759.0,771.0,776.0,788.0,814.0,818.0,821.0,825.0,857.0,859.0,910.0,975.0,
5.0,31.0,80.0,103.0,110.0,155.0,156.0,167.0,219.0,235.0,258.0,265.0,286.0,322.0,332.0,369.0,370.0,386.0,457.0,467.0,528.0,535.0,569.0,655.0,658.0,663.0,705.0,710.0,729.0,772.0,789.0,840.0,841.0,863.0,865.0,875.0,929.0,945.0,990.0,
14.0,31.0,52.0,56.0,63.0,154.0,187.0,191.0,270.0,279.0,337.0,348.0,357.0,385.0,425.0,432.0,443.0,463.0,467.0,467.0,496.0,521.0,556.0,563.0,573.0,576.0,664.0,684.0,690.0,711.0,713.0,729.0,817.0,827.0,828.0,837.0,908.0,923.0,998.0,
6.0,20.0,125.0,127.0,166.0,242.0,260.0,296.0,356.0,396.0,429.0,462.0,484.0,488.0,512.0,524.0,551.0,563.0,577.0,589.0,589.0,744.0,762.0,783.0,886.0,901.0,926.0,955.0,965.0,
62.0,119.0,127.0,138.0,179.0,245.0,256.0,274.0,276.0,287.0,299.0,299.0,316.0,364.0,364.0,373.0,410.0,413.0,415.0,424.0,447.0,459.0,476.0,496.0,505.0,514.0,517.0,533.0,543.0,562.0,605.0,617.0,639.0,646.0,665.0,717.0,753.0,898.0,912.0,989.0,990.0,994.0,
25.0,61.0,100.0,127.0,128.0,213.0,222.0,229.0,237.0,283.0,283.0,309.0,315.0,324.0,422.0,479.0,497.0,501.0,506.0,518.0,524.0,554.0,584.0,588.0,592.0,622.0,638.0,641.0,668.0,678.0,698.0,701.0,714.0,744.0,791.0,887.0,931.0,974.0,979.0,981.0,983.0,
13.0,25.0,66.0,95.0,112.0,112.0,164.0,168.0,191.0,272.0,284.0,291.0,303.0,318.0,391.0,414.0,474.0,494.0,494.0,521.0,533.0,558.0,614.0,625.0,696.0,760.0,787.0,813.0,817.0,872.0,882.0,925.0,953.0,
118.0,134.0,147.0,166.0,191.0,225.0,248.0,326.0,378.0,402.0,430.0,436.0,463.0,472.0,514.0,524.0,533.0,544.0,546.0,558.0,618.0,658.0,660.0,683.0,685.0,706.0,756.0,791.0,811.0,831.0,873.0,888.0,910.0,931.0,958.0,973.0,
36.0,39.0,96.0,101.0,206.0,243.0,252.0,290.0,294.0,373.0,424.0,435.0,456.0,467.0,483.0,531.0,534.0,541.0,572.0,586.0,618.0,634.0,638.0,689.0,708.0,718.0,745.0,771.0,810.0,817.0,873.0,896.0,916.0,940.0,964.0,991.0,
21.0,48.0,100.0,180.0,228.0,283.0,327.0,366.0,497.0,512.0,583.0,587.0,659.0,669.0,675.0,737.0,769.0,
45.0,51.0,89.0,135.0,205.0,239.0,279.0,287.0,302.0,341.0,360.0,385.0,392.0,409.0,429.0,462.0,483.0,508.0,535.0,545.0,553.0,560.0,609.0,701.0,705.0,708.0,726.0,753.0,821.0,833.0,842.0,928.0,958.0,985.0,987.0,991.0,
57.0,76.0,112.0,157.0,185.0,185.0,241.0,250.0,302.0,310.0,343.0,347.0,348.0,403.0,507.0,514.0,545.0,562.0,580.0,599.0,631.0,650.0,652.0,684.0,721.0,728.0,735.0,759.0,786.0,872.0,874.0,925.0,949.0,979.0,
6.0,7.0,38.0,40.0,95.0,127.0,152.0,166.0,172.0,174.0,246.0,303.0,312.0,312.0,364.0,374.0,408.0,435.0,474.0,520.0,580.0,602.0,625.0,648.0,676.0,689.0,753.0,827.0,859.0,865.0,920.0,
63.0,87.0,95.0,102.0,147.0,188.0,243.0,259.0,261.0,308.0,326.0,364.0,376.0,401.0,407.0,410.0,439.0,444.0,460.0,584.0,587.0,647.0,683.0,693.0,694.0,746.0,747.0,751.0,755.0,786.0,807.0,831.0,875.0,993.0,
29.0,35.0,82.0,200.0,215.0,221.0,273.0,280.0,283.0,306.0,308.0,325.0,331.0,334.0,336.0,361.0,367.0,393.0,401.0,406.0,431.0,462.0,482.0,512.0,549.0,555.0,556.0,662.0,730.0,746.0,751.0,776.0,783.0,805.0,892.0,900.0,919.0,940.0,
37.0,56.0,57.0,67.0,71.0,103.0,107.0,117.0,131.0,148.0,188.0,199.0,250.0,287.0,291.0,365.0,366.0,463.0,531.0,590.0,617.0,682.0,692.0,726.0,754.0,781.0,783.0,799.0,838.0,890.0,898.0,912.0,915.0,921.0,959.0,995.0,
8.0,11.0,27.0,59.0,133.0,213.0,236.0,239.0,259.0,260.0,287.0,292.0,294.0,305.0,310.0,323.0,323.0,404.0,475.0,517.0,542.0,552.0,558.0,632.0,643.0,647.0,669.0,719.0,768.0,785.0,797.0,817.0,896.0,914.0,923.0,932.0,942.0,949.0,
43.0,78.0,82.0,95.0,111.0,165.0,176.0,201.0,218.0,275.0,285.0,301.0,303.0,379.0,431.0,515.0,518.0,535.0,535.0,538.0,584.0,637.0,651.0,696.0,708.0,726.0,734.0,774.0,805.0,824.0,851.0,872.0,986.0,
3.0,75.0,83.0,98.0,99.0,132.0,178.0,213.0,311.0,365.0,377.0,489.0,508.0,511.0,521.0,539.0,555.0,591.0,667.0,723.0,763.0,777.0,791.0,828.0,846.0,847.0,900.0,931.0,936.0,
22.0,55.0,59.0,60.0,127.0,151.0,175.0,185.0,234.0,265.0,312.0,326.0,368.0,370.0,380.0,490.0,499.0,656.0,679.0,692.0,698.0,703.0,776.0,796.0,815.0,868.0,880.0,911.0,919.0,961.0,983.0,
51.0,71.0,82.0,209.0,262.0,288.0,293.0,310.0,411.0,411.0,417.0,417.0,471.0,488.0,503.0,510.0,537.0,538.0,619.0,622.0,623.0,626.0,694.0,728.0,736.0,747.0,762.0,895.0,918.0,924.0,938.0,986.0,
20.0,29.0,42.0,82.0,83.0,87.0,151.0,165.0,171.0,182.0,194.0,206.0,228.0,230.0,306.0,309.0,355.0,356.0,407.0,412.0,416.0,445.0,450.0,493.0,518.0,522.0,540.0,556.0,662.0,665.0,689.0,726.0,728.0,748.0,796.0,802.0,824.0,847.0,892.0,944.0,947.0,955.0,968.0,
2.0,56.0,84.0,126.0,145.0,167.0,232.0,302.0,392.0,402.0,409.0,431.0,463.0,489.0,566.0,579.0,589.0,601.0,608.0,645.0,701.0,711.0,722.0,785.0,795.0,822.0,874.0,880.0,890.0,919.0,922.0,925.0,934.0,935.0,947.0,993.0,
12.0,14.0,19.0,41.0,54.0,56.0,86.0,113.0,132.0,145.0,181.0,195.0,217.0,241.0,242.0,285.0,291.0,320.0,333.0,356.0,393.0,483.0,505.0,518.0,563.0,617.0,658.0,688.0,705.0,735.0,775.0,791.0,813.0,828.0,844.0,851.0,896.0,933.0,936.0,
26.0,58.0,99.0,139.0,160.0,205.0,237.0,255.0,263.0,277.0,308.0,323.0,325.0,363.0,395.0,399.0,437.0,463.0,480.0,505.0,526.0,586.0,633.0,654.0,684.0,692.0,737.0,743.0,761.0,775.0,785.0,786.0,786.0,796.0,860.0,865.0,895.0,898.0,971.0,
23.0,55.0,65.0,81.0,254.0,258.0,267.0,293.0,309.0,322.0,328.0,351.0,366.0,385.0,477.0,526.0,608.0,616.0,641.0,653.0,686.0,692.0,712.0,722.0,733.0,781.0,810.0,819.0,823.0,825.0,965.0,974.0,983.0,
11.0,64.0,137.0,140.0,148.0,167.0,184.0,219.0,233.0,244.0,271.0,276.0,357.0,395.0,420.0,433.0,441.0,450.0,602.0,620.0,632.0,663.0,705.0,714.0,727.0,743.0,766.0,774.0,805.0,821.0,836.0,883.0,887.0,897.0,954.0,
23.0,89.0,127.0,135.0,272.0,334.0,341.0,344.0,415.0,420.0,433.0,452.0,525.0,540.0,628.0,628.0,672.0,695.0,720.0,729.0,744.0,746.0,770.0,777.0,796.0,805.0,859.0,861.0,917.0,941.0,965.0,969.0,
4.0,47.0,155.0,158.0,167.0,192.0,215.0,268.0,322.0,366.0,416.0,434.0,434.0,441.0,470.0,509.0,511.0,532.0,536.0,570.0,616.0,673.0,680.0,732.0,773.0,838.0,910.0,924.0,957.0,1000.0,
6.0,163.0,179.0,186.0,279.0,280.0,327.0,351.0,368.0,388.0,417.0,455.0,479.0,493.0,506.0,525.0,587.0,627.0,658.0,703.0,739.0,747.0,886.0,911.0,928.0,947.0,994.0,
23.0,47.0,84.0,102.0,127.0,200.0,201.0,207.0,284.0,303.0,352.0,362.0,384.0,385.0,473.0,515.0,543.0,562.0,570.0,577.0,578.0,578.0,631.0,665.0,666.0,714.0,728.0,729.0,733.0,758.0,774.0,781.0,829.0,858.0,862.0,865.0,916.0,972.0,976.0,
31.0,55.0,90.0,100.0,133.0,178.0,182.0,215.0,247.0,274.0,364.0,411.0,454.0,463.0,469.0,480.0,525.0,556.0,618.0,620.0,697.0,714.0,742.0,768.0,770.0,798.0,831.0,837.0,897.0,971.0,997.0,998.0,
13.0,26.0,50.0,50.0,116.0,123.0,126.0,167.0,185.0,203.0,207.0,246.0,307.0,348.0,402.0,410.0,418.0,523.0,536.0,544.0,568.0,614.0,639.0,678.0,742.0,793.0,796.0,803.0,811.0,842.0,865.0,875.0,959.0,965.0,977.0,984.0,992.0,
